modulation,nominal_rate,mcs_id,phy_key,source_bits,crc_bits,tail_bits,information_bits,ldpc_k,filler_bits,mother_bits,transmitted_bits,symbols,modulation_padding_bits,effective_information_rate,source_rate,layout,budgets
QPSK,2/3,QPSK:r2/3,b18d645d155ab566ac00670641509135f845419bb55797f9952ec7f7923d5177,1860,16,0,1876,1920,44,9984,2982,1491,0,0.6291079812206573,0.6237424547283702,"{""actual_effective_rate"":0.6291079812206573,""bg"":""bg2"",""bit_mapping"":""component_Gray_00_-3_01_-1_10_3_11_1_over_sqrt5;QPSK_0_plus1_1_minus1"",""code_blocks"":1,""decoder_config"":{""cn_schedule"":""flooding"",""cn_update"":""boxplus-phi"",""early_stop"":false,""hard_out"":true,""harq_mode"":false,""llr_max"":20.0,""num_iter"":20,""precision"":""single"",""prune_pcm"":true,""return_infobits"":true,""vn_update"":""sum""},""implementation"":{""bit_mapping"":""component_Gray_00_-3_01_-1_10_3_11_1_over_sqrt5;QPSK_0_plus1_1_minus1"",""cuda"":""12.8"",""decoder"":{""cn_schedule"":""flooding"",""cn_update"":""boxplus-phi"",""early_stop"":false,""hard_out"":true,""harq_mode"":false,""llr_max"":20.0,""num_iter"":20,""precision"":""single"",""prune_pcm"":true,""return_infobits"":true,""vn_update"":""sum""},""decoder_source_sha256"":""44d84b92b749e2970f94d92cd348a11648e2286b4d851faa0af8b21d08f0da23"",""encoder_source_sha256"":""34d8db6660b2e84708a8fb534f63c194f6f2b964e3693fcffc9dcaf21532ccfd"",""implementation"":""Sionna_5G_LDPC"",""power_protocol"":""fixed_constellation_average_Es2"",""precision"":""float32"",""rate_matching"":""Sionna RV0; filler removal, first2Z and tail puncturing; supported n only"",""scrambling"":""public_PCG64_SHA256_protocol_session_frame_group_counter_after_rate_matching_v1"",""torch"":""2.11.0+cu128"",""version"":""2.2.0""},""interleaver_sha256"":""5ad492a81fd24372b0a119d9fcc9288e0cfb4a899f77ec9eb45d290ad28e59eb"",""k"":1876,""k_filler"":44,""k_ldpc"":1920,""layout_id"":""67a48c402726f4445b9495bf4616c1cb88b13d599aba3741e0006166d00cc0bb"",""modulation_padding_bits"":0,""mother_bits"":9984,""n"":2982,""n_cb"":9600,""n_cb_comp"":9556,""power_protocol"":""fixed_constellation_average_Es2"",""puncturing_bits"":6958,""puncturing_first_2Z"":384,""puncturing_remaining"":6574,""repetition_bits"":0,""scrambling"":""public_PCG64_SHA256_protocol_session_frame_group_counter_after_rate_matching_v1"",""shortening_bits"":44,""z"":192}",[2048]
QPSK,3/4,QPSK:r3/4,b1960cbe064bcf84bd3caf73d73a3059e116461b6418c79d04b00c865e3a3994,360,16,0,376,396,20,1224,540,270,0,0.6962962962962963,0.6666666666666666,"{""actual_effective_rate"":0.6962962962962963,""bg"":""bg1"",""bit_mapping"":""component_Gray_00_-3_01_-1_10_3_11_1_over_sqrt5;QPSK_0_plus1_1_minus1"",""code_blocks"":1,""decoder_config"":{""cn_schedule"":""flooding"",""cn_update"":""boxplus-phi"",""early_stop"":false,""hard_out"":true,""harq_mode"":false,""llr_max"":20.0,""num_iter"":20,""precision"":""single"",""prune_pcm"":true,""return_infobits"":true,""vn_update"":""sum""},""implementation"":{""bit_mapping"":""component_Gray_00_-3_01_-1_10_3_11_1_over_sqrt5;QPSK_0_plus1_1_minus1"",""cuda"":""12.8"",""decoder"":{""cn_schedule"":""flooding"",""cn_update"":""boxplus-phi"",""early_stop"":false,""hard_out"":true,""harq_mode"":false,""llr_max"":20.0,""num_iter"":20,""precision"":""single"",""prune_pcm"":true,""return_infobits"":true,""vn_update"":""sum""},""decoder_source_sha256"":""44d84b92b749e2970f94d92cd348a11648e2286b4d851faa0af8b21d08f0da23"",""encoder_source_sha256"":""34d8db6660b2e84708a8fb534f63c194f6f2b964e3693fcffc9dcaf21532ccfd"",""implementation"":""Sionna_5G_LDPC"",""power_protocol"":""fixed_constellation_average_Es2"",""precision"":""float32"",""rate_matching"":""Sionna RV0; filler removal, first2Z and tail puncturing; supported n only"",""scrambling"":""public_PCG64_SHA256_protocol_session_frame_group_counter_after_rate_matching_v1"",""torch"":""2.11.0+cu128"",""version"":""2.2.0""},""interleaver_sha256"":""51ed3ab345962da084f52d7dbd5c8d45194cd32bb60afb25e90344012b9f53ec"",""k"":376,""k_filler"":20,""k_ldpc"":396,""layout_id"":""005bb1ea3fa98b0f982f8cf9fcb378d888adbd1c1a30111f87852d7e7e0f53c1"",""modulation_padding_bits"":0,""mother_bits"":1224,""n"":540,""n_cb"":1188,""n_cb_comp"":1168,""power_protocol"":""fixed_constellation_average_Es2"",""puncturing_bits"":664,""puncturing_first_2Z"":36,""puncturing_remaining"":628,""repetition_bits"":0,""scrambling"":""public_PCG64_SHA256_protocol_session_frame_group_counter_after_rate_matching_v1"",""shortening_bits"":20,""z"":18}",[1024]
16QAM,3/4,16QAM:r3/4,b19a6d88ef0bd39c019aa4cd35e1f1049dd84688f5f51c9ef06cdcce6ff93777,1092,16,0,1108,1120,12,5824,1896,474,0,0.5843881856540084,0.5759493670886076,"{""actual_effective_rate"":0.5843881856540084,""bg"":""bg2"",""bit_mapping"":""component_Gray_00_-3_01_-1_10_3_11_1_over_sqrt5;QPSK_0_plus1_1_minus1"",""code_blocks"":1,""decoder_config"":{""cn_schedule"":""flooding"",""cn_update"":""boxplus-phi"",""early_stop"":false,""hard_out"":true,""harq_mode"":false,""llr_max"":20.0,""num_iter"":20,""precision"":""single"",""prune_pcm"":true,""return_infobits"":true,""vn_update"":""sum""},""implementation"":{""bit_mapping"":""component_Gray_00_-3_01_-1_10_3_11_1_over_sqrt5;QPSK_0_plus1_1_minus1"",""cuda"":""12.8"",""decoder"":{""cn_schedule"":""flooding"",""cn_update"":""boxplus-phi"",""early_stop"":false,""hard_out"":true,""harq_mode"":false,""llr_max"":20.0,""num_iter"":20,""precision"":""single"",""prune_pcm"":true,""return_infobits"":true,""vn_update"":""sum""},""decoder_source_sha256"":""44d84b92b749e2970f94d92cd348a11648e2286b4d851faa0af8b21d08f0da23"",""encoder_source_sha256"":""34d8db6660b2e84708a8fb534f63c194f6f2b964e3693fcffc9dcaf21532ccfd"",""implementation"":""Sionna_5G_LDPC"",""power_protocol"":""fixed_constellation_average_Es2"",""precision"":""float32"",""rate_matching"":""Sionna RV0; filler removal, first2Z and tail puncturing; supported n only"",""scrambling"":""public_PCG64_SHA256_protocol_session_frame_group_counter_after_rate_matching_v1"",""torch"":""2.11.0+cu128"",""version"":""2.2.0""},""interleaver_sha256"":""434bf04c47238899d2413ac92c624c8399aeab2e8d68b38d5fe6160f2f921c11"",""k"":1108,""k_filler"":12,""k_ldpc"":1120,""layout_id"":""51eb45d7f19717ba9e175531b3c115d408f9b153bdc3207d29fc021784c79605"",""modulation_padding_bits"":0,""mother_bits"":5824,""n"":1896,""n_cb"":5600,""n_cb_comp"":5588,""power_protocol"":""fixed_constellation_average_Es2"",""puncturing_bits"":3916,""puncturing_first_2Z"":224,""puncturing_remaining"":3692,""repetition_bits"":0,""scrambling"":""public_PCG64_SHA256_protocol_session_frame_group_counter_after_rate_matching_v1"",""shortening_bits"":12,""z"":112}",[2048]
16QAM,2/3,16QAM:r2/3,b19c40b74dbced5032eb9bdc1e14d5c28ba771b36bd95c2f873e84a82b175f41,1968,16,0,1984,2080,96,10816,5076,1269,0,0.3908589440504334,0.3877068557919622,"{""actual_effective_rate"":0.3908589440504334,""bg"":""bg2"",""bit_mapping"":""component_Gray_00_-3_01_-1_10_3_11_1_over_sqrt5;QPSK_0_plus1_1_minus1"",""code_blocks"":1,""decoder_config"":{""cn_schedule"":""flooding"",""cn_update"":""boxplus-phi"",""early_stop"":false,""hard_out"":true,""harq_mode"":false,""llr_max"":20.0,""num_iter"":20,""precision"":""single"",""prune_pcm"":true,""return_infobits"":true,""vn_update"":""sum""},""implementation"":{""bit_mapping"":""component_Gray_00_-3_01_-1_10_3_11_1_over_sqrt5;QPSK_0_plus1_1_minus1"",""cuda"":""12.8"",""decoder"":{""cn_schedule"":""flooding"",""cn_update"":""boxplus-phi"",""early_stop"":false,""hard_out"":true,""harq_mode"":false,""llr_max"":20.0,""num_iter"":20,""precision"":""single"",""prune_pcm"":true,""return_infobits"":true,""vn_update"":""sum""},""decoder_source_sha256"":""44d84b92b749e2970f94d92cd348a11648e2286b4d851faa0af8b21d08f0da23"",""encoder_source_sha256"":""34d8db6660b2e84708a8fb534f63c194f6f2b964e3693fcffc9dcaf21532ccfd"",""implementation"":""Sionna_5G_LDPC"",""power_protocol"":""fixed_constellation_average_Es2"",""precision"":""float32"",""rate_matching"":""Sionna RV0; filler removal, first2Z and tail puncturing; supported n only"",""scrambling"":""public_PCG64_SHA256_protocol_session_frame_group_counter_after_rate_matching_v1"",""torch"":""2.11.0+cu128"",""version"":""2.2.0""},""interleaver_sha256"":""354da713b782012326507e2528e3c1c3f33154b8d0c42336c759615a08836b8f"",""k"":1984,""k_filler"":96,""k_ldpc"":2080,""layout_id"":""463aefc5a87642d0ad8ab58e0f0d16e9216a1667018bac7062eecbe277f07d37"",""modulation_padding_bits"":0,""mother_bits"":10816,""n"":5076,""n_cb"":10400,""n_cb_comp"":10304,""power_protocol"":""fixed_constellation_average_Es2"",""puncturing_bits"":5644,""puncturing_first_2Z"":416,""puncturing_remaining"":5228,""repetition_bits"":0,""scrambling"":""public_PCG64_SHA256_protocol_session_frame_group_counter_after_rate_matching_v1"",""shortening_bits"":96,""z"":208}",[2048]
16QAM,5/6,16QAM:r5/6,b1a230ff59c4d19c9809c9b436e585776935cf693ccf421ad0e7b6d16f95eef9,624,16,0,640,720,80,3744,1292,323,0,0.4953560371517028,0.48297213622291024,"{""actual_effective_rate"":0.4953560371517028,""bg"":""bg2"",""bit_mapping"":""component_Gray_00_-3_01_-1_10_3_11_1_over_sqrt5;QPSK_0_plus1_1_minus1"",""code_blocks"":1,""decoder_config"":{""cn_schedule"":""flooding"",""cn_update"":""boxplus-phi"",""early_stop"":false,""hard_out"":true,""harq_mode"":false,""llr_max"":20.0,""num_iter"":20,""precision"":""single"",""prune_pcm"":true,""return_infobits"":true,""vn_update"":""sum""},""implementation"":{""bit_mapping"":""component_Gray_00_-3_01_-1_10_3_11_1_over_sqrt5;QPSK_0_plus1_1_minus1"",""cuda"":""12.8"",""decoder"":{""cn_schedule"":""flooding"",""cn_update"":""boxplus-phi"",""early_stop"":false,""hard_out"":true,""harq_mode"":false,""llr_max"":20.0,""num_iter"":20,""precision"":""single"",""prune_pcm"":true,""return_infobits"":true,""vn_update"":""sum""},""decoder_source_sha256"":""44d84b92b749e2970f94d92cd348a11648e2286b4d851faa0af8b21d08f0da23"",""encoder_source_sha256"":""34d8db6660b2e84708a8fb534f63c194f6f2b964e3693fcffc9dcaf21532ccfd"",""implementation"":""Sionna_5G_LDPC"",""power_protocol"":""fixed_constellation_average_Es2"",""precision"":""float32"",""rate_matching"":""Sionna RV0; filler removal, first2Z and tail puncturing; supported n only"",""scrambling"":""public_PCG64_SHA256_protocol_session_frame_group_counter_after_rate_matching_v1"",""torch"":""2.11.0+cu128"",""version"":""2.2.0""},""interleaver_sha256"":""6804dbbc958bfdef52cfcc84d2804adeefd978395769bf4d15c2ab59c0ccc830"",""k"":640,""k_filler"":80,""k_ldpc"":720,""layout_id"":""c9c8844eef053ceca48526730c18aa94c20bb9532c9058731ec3dce643e61024"",""modulation_padding_bits"":0,""mother_bits"":3744,""n"":1292,""n_cb"":3600,""n_cb_comp"":3520,""power_protocol"":""fixed_constellation_average_Es2"",""puncturing_bits"":2372,""puncturing_first_2Z"":144,""puncturing_remaining"":2228,""repetition_bits"":0,""scrambling"":""public_PCG64_SHA256_protocol_session_frame_group_counter_after_rate_matching_v1"",""shortening_bits"":80,""z"":72}",[1024]
QPSK,1/2,QPSK:r1/2,b1ac5de97815bcbc59988d25aaafb78ab55f90f11b9b0b2450f05cbf5ed295d4,1296,16,0,1312,1440,128,7488,2626,1313,0,0.49961919268849964,0.49352627570449353,"{""actual_effective_rate"":0.49961919268849964,""bg"":""bg2"",""bit_mapping"":""component_Gray_00_-3_01_-1_10_3_11_1_over_sqrt5;QPSK_0_plus1_1_minus1"",""code_blocks"":1,""decoder_config"":{""cn_schedule"":""flooding"",""cn_update"":""boxplus-phi"",""early_stop"":false,""hard_out"":true,""harq_mode"":false,""llr_max"":20.0,""num_iter"":20,""precision"":""single"",""prune_pcm"":true,""return_infobits"":true,""vn_update"":""sum""},""implementation"":{""bit_mapping"":""component_Gray_00_-3_01_-1_10_3_11_1_over_sqrt5;QPSK_0_plus1_1_minus1"",""cuda"":""12.8"",""decoder"":{""cn_schedule"":""flooding"",""cn_update"":""boxplus-phi"",""early_stop"":false,""hard_out"":true,""harq_mode"":false,""llr_max"":20.0,""num_iter"":20,""precision"":""single"",""prune_pcm"":true,""return_infobits"":true,""vn_update"":""sum""},""decoder_source_sha256"":""44d84b92b749e2970f94d92cd348a11648e2286b4d851faa0af8b21d08f0da23"",""encoder_source_sha256"":""34d8db6660b2e84708a8fb534f63c194f6f2b964e3693fcffc9dcaf21532ccfd"",""implementation"":""Sionna_5G_LDPC"",""power_protocol"":""fixed_constellation_average_Es2"",""precision"":""float32"",""rate_matching"":""Sionna RV0; filler removal, first2Z and tail puncturing; supported n only"",""scrambling"":""public_PCG64_SHA256_protocol_session_frame_group_counter_after_rate_matching_v1"",""torch"":""2.11.0+cu128"",""version"":""2.2.0""},""interleaver_sha256"":""27bd5ae26f2daf42309888d29b74387ff0b80277d0e5cae05159a522fa30c99d"",""k"":1312,""k_filler"":128,""k_ldpc"":1440,""layout_id"":""646406b9b1c4a9de49202dfabb703c5c6fb955ecb55c5351d43a7ef698613dd1"",""modulation_padding_bits"":0,""mother_bits"":7488,""n"":2626,""n_cb"":7200,""n_cb_comp"":7072,""power_protocol"":""fixed_constellation_average_Es2"",""puncturing_bits"":4734,""puncturing_first_2Z"":288,""puncturing_remaining"":4446,""repetition_bits"":0,""scrambling"":""public_PCG64_SHA256_protocol_session_frame_group_counter_after_rate_matching_v1"",""shortening_bits"":128,""z"":144}",[2048]
QPSK,1/2,QPSK:r1/2,b1d3010f6fe2809bd009c203a40fe302b4a52959f5eee0ca557d040b7e949cd3,1776,16,0,1792,1920,128,9984,3584,1792,0,0.5,0.4955357142857143,"{""actual_effective_rate"":0.5,""bg"":""bg2"",""bit_mapping"":""component_Gray_00_-3_01_-1_10_3_11_1_over_sqrt5;QPSK_0_plus1_1_minus1"",""code_blocks"":1,""decoder_config"":{""cn_schedule"":""flooding"",""cn_update"":""boxplus-phi"",""early_stop"":false,""hard_out"":true,""harq_mode"":false,""llr_max"":20.0,""num_iter"":20,""precision"":""single"",""prune_pcm"":true,""return_infobits"":true,""vn_update"":""sum""},""implementation"":{""bit_mapping"":""component_Gray_00_-3_01_-1_10_3_11_1_over_sqrt5;QPSK_0_plus1_1_minus1"",""cuda"":""12.8"",""decoder"":{""cn_schedule"":""flooding"",""cn_update"":""boxplus-phi"",""early_stop"":false,""hard_out"":true,""harq_mode"":false,""llr_max"":20.0,""num_iter"":20,""precision"":""single"",""prune_pcm"":true,""return_infobits"":true,""vn_update"":""sum""},""decoder_source_sha256"":""44d84b92b749e2970f94d92cd348a11648e2286b4d851faa0af8b21d08f0da23"",""encoder_source_sha256"":""34d8db6660b2e84708a8fb534f63c194f6f2b964e3693fcffc9dcaf21532ccfd"",""implementation"":""Sionna_5G_LDPC"",""power_protocol"":""fixed_constellation_average_Es2"",""precision"":""float32"",""rate_matching"":""Sionna RV0; filler removal, first2Z and tail puncturing; supported n only"",""scrambling"":""public_PCG64_SHA256_protocol_session_frame_group_counter_after_rate_matching_v1"",""torch"":""2.11.0+cu128"",""version"":""2.2.0""},""interleaver_sha256"":""b544726d0ad31bc3d0d6ef828b8b4fa629a6cc77673aaaf4cbcff39fe9a10d6d"",""k"":1792,""k_filler"":128,""k_ldpc"":1920,""layout_id"":""e7d5761f4575b1941818576ce9a1c6b7b7dc20ee4fed0c0c6502eee12a10f0d6"",""modulation_padding_bits"":0,""mother_bits"":9984,""n"":3584,""n_cb"":9600,""n_cb_comp"":9472,""power_protocol"":""fixed_constellation_average_Es2"",""puncturing_bits"":6272,""puncturing_first_2Z"":384,""puncturing_remaining"":5888,""repetition_bits"":0,""scrambling"":""public_PCG64_SHA256_protocol_session_frame_group_counter_after_rate_matching_v1"",""shortening_bits"":128,""z"":192}",[2048]
QPSK,5/6,QPSK:r5/6,b2167357e301acf9307985a4a579583128d5358446f4a1d5eb5896fd38f63597,1200,16,0,1216,1280,64,6656,2014,1007,0,0.6037735849056604,0.5958291956305859,"{""actual_effective_rate"":0.6037735849056604,""bg"":""bg2"",""bit_mapping"":""component_Gray_00_-3_01_-1_10_3_11_1_over_sqrt5;QPSK_0_plus1_1_minus1"",""code_blocks"":1,""decoder_config"":{""cn_schedule"":""flooding"",""cn_update"":""boxplus-phi"",""early_stop"":false,""hard_out"":true,""harq_mode"":false,""llr_max"":20.0,""num_iter"":20,""precision"":""single"",""prune_pcm"":true,""return_infobits"":true,""vn_update"":""sum""},""implementation"":{""bit_mapping"":""component_Gray_00_-3_01_-1_10_3_11_1_over_sqrt5;QPSK_0_plus1_1_minus1"",""cuda"":""12.8"",""decoder"":{""cn_schedule"":""flooding"",""cn_update"":""boxplus-phi"",""early_stop"":false,""hard_out"":true,""harq_mode"":false,""llr_max"":20.0,""num_iter"":20,""precision"":""single"",""prune_pcm"":true,""return_infobits"":true,""vn_update"":""sum""},""decoder_source_sha256"":""44d84b92b749e2970f94d92cd348a11648e2286b4d851faa0af8b21d08f0da23"",""encoder_source_sha256"":""34d8db6660b2e84708a8fb534f63c194f6f2b964e3693fcffc9dcaf21532ccfd"",""implementation"":""Sionna_5G_LDPC"",""power_protocol"":""fixed_constellation_average_Es2"",""precision"":""float32"",""rate_matching"":""Sionna RV0; filler removal, first2Z and tail puncturing; supported n only"",""scrambling"":""public_PCG64_SHA256_protocol_session_frame_group_counter_after_rate_matching_v1"",""torch"":""2.11.0+cu128"",""version"":""2.2.0""},""interleaver_sha256"":""273ffef27926565829d267252bc7f3dcd67eb0eecc639ec62b1f30297f3a7a3d"",""k"":1216,""k_filler"":64,""k_ldpc"":1280,""layout_id"":""3b9862196fd6d14d397c24aa6dbbd9365c685ea3846469cf94f65c71fa38faf3"",""modulation_padding_bits"":0,""mother_bits"":6656,""n"":2014,""n_cb"":6400,""n_cb_comp"":6336,""power_protocol"":""fixed_constellation_average_Es2"",""puncturing_bits"":4578,""puncturing_first_2Z"":256,""puncturing_remaining"":4322,""repetition_bits"":0,""scrambling"":""public_PCG64_SHA256_protocol_session_frame_group_counter_after_rate_matching_v1"",""shortening_bits"":64,""z"":128}",[2048]
16QAM,1/2,16QAM:r1/2,b224f4a30a385e8fc8d7bde54c87ea9bfe5653ccf987ea5df32ba064e5407d2c,384,16,0,400,520,120,2704,1828,457,0,0.2188183807439825,0.2100656455142232,"{""actual_effective_rate"":0.2188183807439825,""bg"":""bg2"",""bit_mapping"":""component_Gray_00_-3_01_-1_10_3_11_1_over_sqrt5;QPSK_0_plus1_1_minus1"",""code_blocks"":1,""decoder_config"":{""cn_schedule"":""flooding"",""cn_update"":""boxplus-phi"",""early_stop"":false,""hard_out"":true,""harq_mode"":false,""llr_max"":20.0,""num_iter"":20,""precision"":""single"",""prune_pcm"":true,""return_infobits"":true,""vn_update"":""sum""},""implementation"":{""bit_mapping"":""component_Gray_00_-3_01_-1_10_3_11_1_over_sqrt5;QPSK_0_plus1_1_minus1"",""cuda"":""12.8"",""decoder"":{""cn_schedule"":""flooding"",""cn_update"":""boxplus-phi"",""early_stop"":false,""hard_out"":true,""harq_mode"":false,""llr_max"":20.0,""num_iter"":20,""precision"":""single"",""prune_pcm"":true,""return_infobits"":true,""vn_update"":""sum""},""decoder_source_sha256"":""44d84b92b749e2970f94d92cd348a11648e2286b4d851faa0af8b21d08f0da23"",""encoder_source_sha256"":""34d8db6660b2e84708a8fb534f63c194f6f2b964e3693fcffc9dcaf21532ccfd"",""implementation"":""Sionna_5G_LDPC"",""power_protocol"":""fixed_constellation_average_Es2"",""precision"":""float32"",""rate_matching"":""Sionna RV0; filler removal, first2Z and tail puncturing; supported n only"",""scrambling"":""public_PCG64_SHA256_protocol_session_frame_group_counter_after_rate_matching_v1"",""torch"":""2.11.0+cu128"",""version"":""2.2.0""},""interleaver_sha256"":""2d83a9ab24e86ea54c7af53b5b212fa1132c4f7ffe5a5a34a85e03ed3ff84776"",""k"":400,""k_filler"":120,""k_ldpc"":520,""layout_id"":""a86933426a3a61acabb861cce2a24f6e2a3071dba40efb085ee4de526d9f3f54"",""modulation_padding_bits"":0,""mother_bits"":2704,""n"":1828,""n_cb"":2600,""n_cb_comp"":2480,""power_protocol"":""fixed_constellation_average_Es2"",""puncturing_bits"":756,""puncturing_first_2Z"":104,""puncturing_remaining"":652,""repetition_bits"":0,""scrambling"":""public_PCG64_SHA256_protocol_session_frame_group_counter_after_rate_matching_v1"",""shortening_bits"":120,""z"":52}",[2048]
16QAM,1/2,16QAM:r1/2,b22a775842676de19c47d778a2262224d3e18544773eefef599dd9118287b12a,216,16,0,232,300,68,1560,464,116,0,0.5,0.46551724137931033,"{""actual_effective_rate"":0.5,""bg"":""bg2"",""bit_mapping"":""component_Gray_00_-3_01_-1_10_3_11_1_over_sqrt5;QPSK_0_plus1_1_minus1"",""code_blocks"":1,""decoder_config"":{""cn_schedule"":""flooding"",""cn_update"":""boxplus-phi"",""early_stop"":false,""hard_out"":true,""harq_mode"":false,""llr_max"":20.0,""num_iter"":20,""precision"":""single"",""prune_pcm"":true,""return_infobits"":true,""vn_update"":""sum""},""implementation"":{""bit_mapping"":""component_Gray_00_-3_01_-1_10_3_11_1_over_sqrt5;QPSK_0_plus1_1_minus1"",""cuda"":""12.8"",""decoder"":{""cn_schedule"":""flooding"",""cn_update"":""boxplus-phi"",""early_stop"":false,""hard_out"":true,""harq_mode"":false,""llr_max"":20.0,""num_iter"":20,""precision"":""single"",""prune_pcm"":true,""return_infobits"":true,""vn_update"":""sum""},""decoder_source_sha256"":""44d84b92b749e2970f94d92cd348a11648e2286b4d851faa0af8b21d08f0da23"",""encoder_source_sha256"":""34d8db6660b2e84708a8fb534f63c194f6f2b964e3693fcffc9dcaf21532ccfd"",""implementation"":""Sionna_5G_LDPC"",""power_protocol"":""fixed_constellation_average_Es2"",""precision"":""float32"",""rate_matching"":""Sionna RV0; filler removal, first2Z and tail puncturing; supported n only"",""scrambling"":""public_PCG64_SHA256_protocol_session_frame_group_counter_after_rate_matching_v1"",""torch"":""2.11.0+cu128"",""version"":""2.2.0""},""interleaver_sha256"":""1b4f55c22b3b8253a9ea36722c1ab3769967ecf94fb6ea5d1bfefc8764f2d39d"",""k"":232,""k_filler"":68,""k_ldpc"":300,""layout_id"":""6701df361793b18f1fefde19d8f5113ae6d0ff0a874a423f4a1b9e9c40fed4e7"",""modulation_padding_bits"":0,""mother_bits"":1560,""n"":464,""n_cb"":1500,""n_cb_comp"":1432,""power_protocol"":""fixed_constellation_average_Es2"",""puncturing_bits"":1028,""puncturing_first_2Z"":60,""puncturing_remaining"":968,""repetition_bits"":0,""scrambling"":""public_PCG64_SHA256_protocol_session_frame_group_counter_after_rate_matching_v1"",""shortening_bits"":68,""z"":30}","[1024,2048]"
16QAM,2/3,16QAM:r2/3,b23896a18f09a527a3271187243044db7dd28a813ea9f62fd3b87078515938f9,2100,16,0,2116,2240,124,11648,5372,1343,0,0.39389426656738646,0.39091586001489204,"{""actual_effective_rate"":0.39389426656738646,""bg"":""bg2"",""bit_mapping"":""component_Gray_00_-3_01_-1_10_3_11_1_over_sqrt5;QPSK_0_plus1_1_minus1"",""code_blocks"":1,""decoder_config"":{""cn_schedule"":""flooding"",""cn_update"":""boxplus-phi"",""early_stop"":false,""hard_out"":true,""harq_mode"":false,""llr_max"":20.0,""num_iter"":20,""precision"":""single"",""prune_pcm"":true,""return_infobits"":true,""vn_update"":""sum""},""implementation"":{""bit_mapping"":""component_Gray_00_-3_01_-1_10_3_11_1_over_sqrt5;QPSK_0_plus1_1_minus1"",""cuda"":""12.8"",""decoder"":{""cn_schedule"":""flooding"",""cn_update"":""boxplus-phi"",""early_stop"":false,""hard_out"":true,""harq_mode"":false,""llr_max"":20.0,""num_iter"":20,""precision"":""single"",""prune_pcm"":true,""return_infobits"":true,""vn_update"":""sum""},""decoder_source_sha256"":""44d84b92b749e2970f94d92cd348a11648e2286b4d851faa0af8b21d08f0da23"",""encoder_source_sha256"":""34d8db6660b2e84708a8fb534f63c194f6f2b964e3693fcffc9dcaf21532ccfd"",""implementation"":""Sionna_5G_LDPC"",""power_protocol"":""fixed_constellation_average_Es2"",""precision"":""float32"",""rate_matching"":""Sionna RV0; filler removal, first2Z and tail puncturing; supported n only"",""scrambling"":""public_PCG64_SHA256_protocol_session_frame_group_counter_after_rate_matching_v1"",""torch"":""2.11.0+cu128"",""version"":""2.2.0""},""interleaver_sha256"":""c987bdf15b7c4755c57211a55c9931b1360636da896e2221a44160a26ae0d419"",""k"":2116,""k_filler"":124,""k_ldpc"":2240,""layout_id"":""defba992093139d7b453f0d14feaae06bfa9bf8cda7f8ad80fac989ceaf3a558"",""modulation_padding_bits"":0,""mother_bits"":11648,""n"":5372,""n_cb"":11200,""n_cb_comp"":11076,""power_protocol"":""fixed_constellation_average_Es2"",""puncturing_bits"":6152,""puncturing_first_2Z"":448,""puncturing_remaining"":5704,""repetition_bits"":0,""scrambling"":""public_PCG64_SHA256_protocol_session_frame_group_counter_after_rate_matching_v1"",""shortening_bits"":124,""z"":224}",[2048]
16QAM,3/4,16QAM:r3/4,b25005c49ac2226a3b586628118bd74ec515e35e6402529ff6325bc3ccbb7bd8,2700,16,0,2716,2880,164,14976,4880,1220,0,0.5565573770491803,0.5532786885245902,"{""actual_effective_rate"":0.5565573770491803,""bg"":""bg2"",""bit_mapping"":""component_Gray_00_-3_01_-1_10_3_11_1_over_sqrt5;QPSK_0_plus1_1_minus1"",""code_blocks"":1,""decoder_config"":{""cn_schedule"":""flooding"",""cn_update"":""boxplus-phi"",""early_stop"":false,""hard_out"":true,""harq_mode"":false,""llr_max"":20.0,""num_iter"":20,""precision"":""single"",""prune_pcm"":true,""return_infobits"":true,""vn_update"":""sum""},""implementation"":{""bit_mapping"":""component_Gray_00_-3_01_-1_10_3_11_1_over_sqrt5;QPSK_0_plus1_1_minus1"",""cuda"":""12.8"",""decoder"":{""cn_schedule"":""flooding"",""cn_update"":""boxplus-phi"",""early_stop"":false,""hard_out"":true,""harq_mode"":false,""llr_max"":20.0,""num_iter"":20,""precision"":""single"",""prune_pcm"":true,""return_infobits"":true,""vn_update"":""sum""},""decoder_source_sha256"":""44d84b92b749e2970f94d92cd348a11648e2286b4d851faa0af8b21d08f0da23"",""encoder_source_sha256"":""34d8db6660b2e84708a8fb534f63c194f6f2b964e3693fcffc9dcaf21532ccfd"",""implementation"":""Sionna_5G_LDPC"",""power_protocol"":""fixed_constellation_average_Es2"",""precision"":""float32"",""rate_matching"":""Sionna RV0; filler removal, first2Z and tail puncturing; supported n only"",""scrambling"":""public_PCG64_SHA256_protocol_session_frame_group_counter_after_rate_matching_v1"",""torch"":""2.11.0+cu128"",""version"":""2.2.0""},""interleaver_sha256"":""fec6c33aa77bd66282195376eae9c215d9e34e43306bac6cb87301724a99a798"",""k"":2716,""k_filler"":164,""k_ldpc"":2880,""layout_id"":""6a7cb89cd8d5b3372be26e28c9773c2ee66e0e156d8d79d66c6c738c9d7e36d4"",""modulation_padding_bits"":0,""mother_bits"":14976,""n"":4880,""n_cb"":14400,""n_cb_comp"":14236,""power_protocol"":""fixed_constellation_average_Es2"",""puncturing_bits"":9932,""puncturing_first_2Z"":576,""puncturing_remaining"":9356,""repetition_bits"":0,""scrambling"":""public_PCG64_SHA256_protocol_session_frame_group_counter_after_rate_matching_v1"",""shortening_bits"":164,""z"":288}",[2048]
QPSK,2/3,QPSK:r2/3,b256892716504aea4ab4638a9d6776954bd08d91d3ce482e1c6f17b5da4063f3,192,16,0,208,260,52,1352,312,156,0,0.6666666666666666,0.6153846153846154,"{""actual_effective_rate"":0.6666666666666666,""bg"":""bg2"",""bit_mapping"":""component_Gray_00_-3_01_-1_10_3_11_1_over_sqrt5;QPSK_0_plus1_1_minus1"",""code_blocks"":1,""decoder_config"":{""cn_schedule"":""flooding"",""cn_update"":""boxplus-phi"",""early_stop"":false,""hard_out"":true,""harq_mode"":false,""llr_max"":20.0,""num_iter"":20,""precision"":""single"",""prune_pcm"":true,""return_infobits"":true,""vn_update"":""sum""},""implementation"":{""bit_mapping"":""component_Gray_00_-3_01_-1_10_3_11_1_over_sqrt5;QPSK_0_plus1_1_minus1"",""cuda"":""12.8"",""decoder"":{""cn_schedule"":""flooding"",""cn_update"":""boxplus-phi"",""early_stop"":false,""hard_out"":true,""harq_mode"":false,""llr_max"":20.0,""num_iter"":20,""precision"":""single"",""prune_pcm"":true,""return_infobits"":true,""vn_update"":""sum""},""decoder_source_sha256"":""44d84b92b749e2970f94d92cd348a11648e2286b4d851faa0af8b21d08f0da23"",""encoder_source_sha256"":""34d8db6660b2e84708a8fb534f63c194f6f2b964e3693fcffc9dcaf21532ccfd"",""implementation"":""Sionna_5G_LDPC"",""power_protocol"":""fixed_constellation_average_Es2"",""precision"":""float32"",""rate_matching"":""Sionna RV0; filler removal, first2Z and tail puncturing; supported n only"",""scrambling"":""public_PCG64_SHA256_protocol_session_frame_group_counter_after_rate_matching_v1"",""torch"":""2.11.0+cu128"",""version"":""2.2.0""},""interleaver_sha256"":""bf2a16e54c8b06c344b69e40f5f0a3140d64ac8f9cca2257e7a73124d9df775f"",""k"":208,""k_filler"":52,""k_ldpc"":260,""layout_id"":""98eb61c04c698ed4fb285dc1c5577030c67cd95e8cb054dbecdea4bc048e9e49"",""modulation_padding_bits"":0,""mother_bits"":1352,""n"":312,""n_cb"":1300,""n_cb_comp"":1248,""power_protocol"":""fixed_constellation_average_Es2"",""puncturing_bits"":988,""puncturing_first_2Z"":52,""puncturing_remaining"":936,""repetition_bits"":0,""scrambling"":""public_PCG64_SHA256_protocol_session_frame_group_counter_after_rate_matching_v1"",""shortening_bits"":52,""z"":26}","[1024,2048]"
16QAM,1/2,16QAM:r1/2,b25b370af42a7d913d0134d7aa71fb326312925020e9f615424bbc22a8a86005,1392,16,0,1408,1440,32,7488,2816,704,0,0.5,0.4943181818181818,"{""actual_effective_rate"":0.5,""bg"":""bg2"",""bit_mapping"":""component_Gray_00_-3_01_-1_10_3_11_1_over_sqrt5;QPSK_0_plus1_1_minus1"",""code_blocks"":1,""decoder_config"":{""cn_schedule"":""flooding"",""cn_update"":""boxplus-phi"",""early_stop"":false,""hard_out"":true,""harq_mode"":false,""llr_max"":20.0,""num_iter"":20,""precision"":""single"",""prune_pcm"":true,""return_infobits"":true,""vn_update"":""sum""},""implementation"":{""bit_mapping"":""component_Gray_00_-3_01_-1_10_3_11_1_over_sqrt5;QPSK_0_plus1_1_minus1"",""cuda"":""12.8"",""decoder"":{""cn_schedule"":""flooding"",""cn_update"":""boxplus-phi"",""early_stop"":false,""hard_out"":true,""harq_mode"":false,""llr_max"":20.0,""num_iter"":20,""precision"":""single"",""prune_pcm"":true,""return_infobits"":true,""vn_update"":""sum""},""decoder_source_sha256"":""44d84b92b749e2970f94d92cd348a11648e2286b4d851faa0af8b21d08f0da23"",""encoder_source_sha256"":""34d8db6660b2e84708a8fb534f63c194f6f2b964e3693fcffc9dcaf21532ccfd"",""implementation"":""Sionna_5G_LDPC"",""power_protocol"":""fixed_constellation_average_Es2"",""precision"":""float32"",""rate_matching"":""Sionna RV0; filler removal, first2Z and tail puncturing; supported n only"",""scrambling"":""public_PCG64_SHA256_protocol_session_frame_group_counter_after_rate_matching_v1"",""torch"":""2.11.0+cu128"",""version"":""2.2.0""},""interleaver_sha256"":""99939f0902f8f191ed971cdef771cd6b9f8aac251c4c6aaaef122e94d4f7d40a"",""k"":1408,""k_filler"":32,""k_ldpc"":1440,""layout_id"":""9f5de4157d69649d35c69bec2dcc10828c1f0d3efd0e439927cd0921552b4447"",""modulation_padding_bits"":0,""mother_bits"":7488,""n"":2816,""n_cb"":7200,""n_cb_comp"":7168,""power_protocol"":""fixed_constellation_average_Es2"",""puncturing_bits"":4640,""puncturing_first_2Z"":288,""puncturing_remaining"":4352,""repetition_bits"":0,""scrambling"":""public_PCG64_SHA256_protocol_session_frame_group_counter_after_rate_matching_v1"",""shortening_bits"":32,""z"":144}",[1024]
16QAM,1/3,16QAM:r1/3,b25f27ad9fe329b8ea64a9aa200b5c32fe856e98e7567b23774d6d1262553a11,2460,16,0,2476,2560,84,13312,7428,1857,0,0.3333333333333333,0.33117932148626816,"{""actual_effective_rate"":0.3333333333333333,""bg"":""bg2"",""bit_mapping"":""component_Gray_00_-3_01_-1_10_3_11_1_over_sqrt5;QPSK_0_plus1_1_minus1"",""code_blocks"":1,""decoder_config"":{""cn_schedule"":""flooding"",""cn_update"":""boxplus-phi"",""early_stop"":false,""hard_out"":true,""harq_mode"":false,""llr_max"":20.0,""num_iter"":20,""precision"":""single"",""prune_pcm"":true,""return_infobits"":true,""vn_update"":""sum""},""implementation"":{""bit_mapping"":""component_Gray_00_-3_01_-1_10_3_11_1_over_sqrt5;QPSK_0_plus1_1_minus1"",""cuda"":""12.8"",""decoder"":{""cn_schedule"":""flooding"",""cn_update"":""boxplus-phi"",""early_stop"":false,""hard_out"":true,""harq_mode"":false,""llr_max"":20.0,""num_iter"":20,""precision"":""single"",""prune_pcm"":true,""return_infobits"":true,""vn_update"":""sum""},""decoder_source_sha256"":""44d84b92b749e2970f94d92cd348a11648e2286b4d851faa0af8b21d08f0da23"",""encoder_source_sha256"":""34d8db6660b2e84708a8fb534f63c194f6f2b964e3693fcffc9dcaf21532ccfd"",""implementation"":""Sionna_5G_LDPC"",""power_protocol"":""fixed_constellation_average_Es2"",""precision"":""float32"",""rate_matching"":""Sionna RV0; filler removal, first2Z and tail puncturing; supported n only"",""scrambling"":""public_PCG64_SHA256_protocol_session_frame_group_counter_after_rate_matching_v1"",""torch"":""2.11.0+cu128"",""version"":""2.2.0""},""interleaver_sha256"":""1c8982e670c4e64e20db5f40e1a655a7afc00078f5c91a409fb868df5d1b0500"",""k"":2476,""k_filler"":84,""k_ldpc"":2560,""layout_id"":""0d312ae1f789f892f4060a6adac932478be419d891fc1c8ff225ebf881aa616f"",""modulation_padding_bits"":0,""mother_bits"":13312,""n"":7428,""n_cb"":12800,""n_cb_comp"":12716,""power_protocol"":""fixed_constellation_average_Es2"",""puncturing_bits"":5800,""puncturing_first_2Z"":512,""puncturing_remaining"":5288,""repetition_bits"":0,""scrambling"":""public_PCG64_SHA256_protocol_session_frame_group_counter_after_rate_matching_v1"",""shortening_bits"":84,""z"":256}",[2048]
16QAM,3/4,16QAM:r3/4,b26ce21ba6e0a49cccc40d3567619e2ef9eacfeca6b8f497128385aaa1b4ecc8,660,16,0,676,720,44,3744,1268,317,0,0.5331230283911672,0.5205047318611987,"{""actual_effective_rate"":0.5331230283911672,""bg"":""bg2"",""bit_mapping"":""component_Gray_00_-3_01_-1_10_3_11_1_over_sqrt5;QPSK_0_plus1_1_minus1"",""code_blocks"":1,""decoder_config"":{""cn_schedule"":""flooding"",""cn_update"":""boxplus-phi"",""early_stop"":false,""hard_out"":true,""harq_mode"":false,""llr_max"":20.0,""num_iter"":20,""precision"":""single"",""prune_pcm"":true,""return_infobits"":true,""vn_update"":""sum""},""implementation"":{""bit_mapping"":""component_Gray_00_-3_01_-1_10_3_11_1_over_sqrt5;QPSK_0_plus1_1_minus1"",""cuda"":""12.8"",""decoder"":{""cn_schedule"":""flooding"",""cn_update"":""boxplus-phi"",""early_stop"":false,""hard_out"":true,""harq_mode"":false,""llr_max"":20.0,""num_iter"":20,""precision"":""single"",""prune_pcm"":true,""return_infobits"":true,""vn_update"":""sum""},""decoder_source_sha256"":""44d84b92b749e2970f94d92cd348a11648e2286b4d851faa0af8b21d08f0da23"",""encoder_source_sha256"":""34d8db6660b2e84708a8fb534f63c194f6f2b964e3693fcffc9dcaf21532ccfd"",""implementation"":""Sionna_5G_LDPC"",""power_protocol"":""fixed_constellation_average_Es2"",""precision"":""float32"",""rate_matching"":""Sionna RV0; filler removal, first2Z and tail puncturing; supported n only"",""scrambling"":""public_PCG64_SHA256_protocol_session_frame_group_counter_after_rate_matching_v1"",""torch"":""2.11.0+cu128"",""version"":""2.2.0""},""interleaver_sha256"":""fabddfc14231d3e6e934ad0afda2663e06354fa08951b78110c2a1c545192219"",""k"":676,""k_filler"":44,""k_ldpc"":720,""layout_id"":""cbe61427714ec1f52189ddc91717fce96e72888af9a32548534107a47dbe5102"",""modulation_padding_bits"":0,""mother_bits"":3744,""n"":1268,""n_cb"":3600,""n_cb_comp"":3556,""power_protocol"":""fixed_constellation_average_Es2"",""puncturing_bits"":2432,""puncturing_first_2Z"":144,""puncturing_remaining"":2288,""repetition_bits"":0,""scrambling"":""public_PCG64_SHA256_protocol_session_frame_group_counter_after_rate_matching_v1"",""shortening_bits"":44,""z"":72}","[1024,2048]"
QPSK,1/2,QPSK:r1/2,b26f7c4b46c513e93d3272c9603956a648e452344bbabbf9e1ba665f76622152,1956,16,0,1972,2080,108,10816,3944,1972,0,0.5,0.49594320486815413,"{""actual_effective_rate"":0.5,""bg"":""bg2"",""bit_mapping"":""component_Gray_00_-3_01_-1_10_3_11_1_over_sqrt5;QPSK_0_plus1_1_minus1"",""code_blocks"":1,""decoder_config"":{""cn_schedule"":""flooding"",""cn_update"":""boxplus-phi"",""early_stop"":false,""hard_out"":true,""harq_mode"":false,""llr_max"":20.0,""num_iter"":20,""precision"":""single"",""prune_pcm"":true,""return_infobits"":true,""vn_update"":""sum""},""implementation"":{""bit_mapping"":""component_Gray_00_-3_01_-1_10_3_11_1_over_sqrt5;QPSK_0_plus1_1_minus1"",""cuda"":""12.8"",""decoder"":{""cn_schedule"":""flooding"",""cn_update"":""boxplus-phi"",""early_stop"":false,""hard_out"":true,""harq_mode"":false,""llr_max"":20.0,""num_iter"":20,""precision"":""single"",""prune_pcm"":true,""return_infobits"":true,""vn_update"":""sum""},""decoder_source_sha256"":""44d84b92b749e2970f94d92cd348a11648e2286b4d851faa0af8b21d08f0da23"",""encoder_source_sha256"":""34d8db6660b2e84708a8fb534f63c194f6f2b964e3693fcffc9dcaf21532ccfd"",""implementation"":""Sionna_5G_LDPC"",""power_protocol"":""fixed_constellation_average_Es2"",""precision"":""float32"",""rate_matching"":""Sionna RV0; filler removal, first2Z and tail puncturing; supported n only"",""scrambling"":""public_PCG64_SHA256_protocol_session_frame_group_counter_after_rate_matching_v1"",""torch"":""2.11.0+cu128"",""version"":""2.2.0""},""interleaver_sha256"":""5c0fc3a71240fd5cfdd501e1949be2fcf4930ac6ae3a64ac1ce28cd3e2f8cf1a"",""k"":1972,""k_filler"":108,""k_ldpc"":2080,""layout_id"":""b998f750c32f5df5cc9b33ecb1f86972af93ee384b0fcf6e0b7419dba12e1264"",""modulation_padding_bits"":0,""mother_bits"":10816,""n"":3944,""n_cb"":10400,""n_cb_comp"":10292,""power_protocol"":""fixed_constellation_average_Es2"",""puncturing_bits"":6764,""puncturing_first_2Z"":416,""puncturing_remaining"":6348,""repetition_bits"":0,""scrambling"":""public_PCG64_SHA256_protocol_session_frame_group_counter_after_rate_matching_v1"",""shortening_bits"":108,""z"":208}",[2048]
QPSK,3/4,QPSK:r3/4,b27ee7fa5a074569f951e96ad5211eae576cea761d48074fe8f395d3d8e3befa,360,16,0,376,480,104,2496,1550,775,0,0.24258064516129033,0.23225806451612904,"{""actual_effective_rate"":0.24258064516129033,""bg"":""bg2"",""bit_mapping"":""component_Gray_00_-3_01_-1_10_3_11_1_over_sqrt5;QPSK_0_plus1_1_minus1"",""code_blocks"":1,""decoder_config"":{""cn_schedule"":""flooding"",""cn_update"":""boxplus-phi"",""early_stop"":false,""hard_out"":true,""harq_mode"":false,""llr_max"":20.0,""num_iter"":20,""precision"":""single"",""prune_pcm"":true,""return_infobits"":true,""vn_update"":""sum""},""implementation"":{""bit_mapping"":""component_Gray_00_-3_01_-1_10_3_11_1_over_sqrt5;QPSK_0_plus1_1_minus1"",""cuda"":""12.8"",""decoder"":{""cn_schedule"":""flooding"",""cn_update"":""boxplus-phi"",""early_stop"":false,""hard_out"":true,""harq_mode"":false,""llr_max"":20.0,""num_iter"":20,""precision"":""single"",""prune_pcm"":true,""return_infobits"":true,""vn_update"":""sum""},""decoder_source_sha256"":""44d84b92b749e2970f94d92cd348a11648e2286b4d851faa0af8b21d08f0da23"",""encoder_source_sha256"":""34d8db6660b2e84708a8fb534f63c194f6f2b964e3693fcffc9dcaf21532ccfd"",""implementation"":""Sionna_5G_LDPC"",""power_protocol"":""fixed_constellation_average_Es2"",""precision"":""float32"",""rate_matching"":""Sionna RV0; filler removal, first2Z and tail puncturing; supported n only"",""scrambling"":""public_PCG64_SHA256_protocol_session_frame_group_counter_after_rate_matching_v1"",""torch"":""2.11.0+cu128"",""version"":""2.2.0""},""interleaver_sha256"":""286d3c60e8b2b29cd991d386b104e6101ea2627a10c98cadab78ceb3749fe50b"",""k"":376,""k_filler"":104,""k_ldpc"":480,""layout_id"":""eaef88023a295cce7b8ae407c289b263665cd6d35b77611c7d69a8211b582103"",""modulation_padding_bits"":0,""mother_bits"":2496,""n"":1550,""n_cb"":2400,""n_cb_comp"":2296,""power_protocol"":""fixed_constellation_average_Es2"",""puncturing_bits"":842,""puncturing_first_2Z"":96,""puncturing_remaining"":746,""repetition_bits"":0,""scrambling"":""public_PCG64_SHA256_protocol_session_frame_group_counter_after_rate_matching_v1"",""shortening_bits"":104,""z"":48}",[1024]
QPSK,5/6,QPSK:r5/6,b290e19e67c66b428dc8c69bdb507f5ff5296a8b0422f3ef1a79914727b168d0,1104,16,0,1120,1144,24,3536,1344,672,0,0.8333333333333334,0.8214285714285714,"{""actual_effective_rate"":0.8333333333333334,""bg"":""bg1"",""bit_mapping"":""component_Gray_00_-3_01_-1_10_3_11_1_over_sqrt5;QPSK_0_plus1_1_minus1"",""code_blocks"":1,""decoder_config"":{""cn_schedule"":""flooding"",""cn_update"":""boxplus-phi"",""early_stop"":false,""hard_out"":true,""harq_mode"":false,""llr_max"":20.0,""num_iter"":20,""precision"":""single"",""prune_pcm"":true,""return_infobits"":true,""vn_update"":""sum""},""implementation"":{""bit_mapping"":""component_Gray_00_-3_01_-1_10_3_11_1_over_sqrt5;QPSK_0_plus1_1_minus1"",""cuda"":""12.8"",""decoder"":{""cn_schedule"":""flooding"",""cn_update"":""boxplus-phi"",""early_stop"":false,""hard_out"":true,""harq_mode"":false,""llr_max"":20.0,""num_iter"":20,""precision"":""single"",""prune_pcm"":true,""return_infobits"":true,""vn_update"":""sum""},""decoder_source_sha256"":""44d84b92b749e2970f94d92cd348a11648e2286b4d851faa0af8b21d08f0da23"",""encoder_source_sha256"":""34d8db6660b2e84708a8fb534f63c194f6f2b964e3693fcffc9dcaf21532ccfd"",""implementation"":""Sionna_5G_LDPC"",""power_protocol"":""fixed_constellation_average_Es2"",""precision"":""float32"",""rate_matching"":""Sionna RV0; filler removal, first2Z and tail puncturing; supported n only"",""scrambling"":""public_PCG64_SHA256_protocol_session_frame_group_counter_after_rate_matching_v1"",""torch"":""2.11.0+cu128"",""version"":""2.2.0""},""interleaver_sha256"":""81ef2b9db1181b1f22ea84d4e254159d6c05cff61e2305af355540726a2a83d8"",""k"":1120,""k_filler"":24,""k_ldpc"":1144,""layout_id"":""ca5a5d5b8683a8ae56ee59ca83fa5f6f0872c51b4fea2a001dad74bb41135e98"",""modulation_padding_bits"":0,""mother_bits"":3536,""n"":1344,""n_cb"":3432,""n_cb_comp"":3408,""power_protocol"":""fixed_constellation_average_Es2"",""puncturing_bits"":2168,""puncturing_first_2Z"":104,""puncturing_remaining"":2064,""repetition_bits"":0,""scrambling"":""public_PCG64_SHA256_protocol_session_frame_group_counter_after_rate_matching_v1"",""shortening_bits"":24,""z"":52}",[1024]
16QAM,5/6,16QAM:r5/6,b29bcdceae7ce8c5959adb37d5540cbe1cdb832842dc101083a2e07c4a8f3da1,360,16,0,376,480,104,2496,900,225,0,0.4177777777777778,0.4,"{""actual_effective_rate"":0.4177777777777778,""bg"":""bg2"",""bit_mapping"":""component_Gray_00_-3_01_-1_10_3_11_1_over_sqrt5;QPSK_0_plus1_1_minus1"",""code_blocks"":1,""decoder_config"":{""cn_schedule"":""flooding"",""cn_update"":""boxplus-phi"",""early_stop"":false,""hard_out"":true,""harq_mode"":false,""llr_max"":20.0,""num_iter"":20,""precision"":""single"",""prune_pcm"":true,""return_infobits"":true,""vn_update"":""sum""},""implementation"":{""bit_mapping"":""component_Gray_00_-3_01_-1_10_3_11_1_over_sqrt5;QPSK_0_plus1_1_minus1"",""cuda"":""12.8"",""decoder"":{""cn_schedule"":""flooding"",""cn_update"":""boxplus-phi"",""early_stop"":false,""hard_out"":true,""harq_mode"":false,""llr_max"":20.0,""num_iter"":20,""precision"":""single"",""prune_pcm"":true,""return_infobits"":true,""vn_update"":""sum""},""decoder_source_sha256"":""44d84b92b749e2970f94d92cd348a11648e2286b4d851faa0af8b21d08f0da23"",""encoder_source_sha256"":""34d8db6660b2e84708a8fb534f63c194f6f2b964e3693fcffc9dcaf21532ccfd"",""implementation"":""Sionna_5G_LDPC"",""power_protocol"":""fixed_constellation_average_Es2"",""precision"":""float32"",""rate_matching"":""Sionna RV0; filler removal, first2Z and tail puncturing; supported n only"",""scrambling"":""public_PCG64_SHA256_protocol_session_frame_group_counter_after_rate_matching_v1"",""torch"":""2.11.0+cu128"",""version"":""2.2.0""},""interleaver_sha256"":""ddf45d8f7cda46467240e67b87cf0d66e967f5d9fc177ca534f066aa31127dfa"",""k"":376,""k_filler"":104,""k_ldpc"":480,""layout_id"":""3bec15d06abd5546d00ff5fb13e72b502a88e2d16ed73f77d0ad47dbf8dee614"",""modulation_padding_bits"":0,""mother_bits"":2496,""n"":900,""n_cb"":2400,""n_cb_comp"":2296,""power_protocol"":""fixed_constellation_average_Es2"",""puncturing_bits"":1492,""puncturing_first_2Z"":96,""puncturing_remaining"":1396,""repetition_bits"":0,""scrambling"":""public_PCG64_SHA256_protocol_session_frame_group_counter_after_rate_matching_v1"",""shortening_bits"":104,""z"":48}",[2048]
16QAM,1/3,16QAM:r1/3,b2b5876ed1f9b98465a458e2e3875af2912531cb06352df03524c586f11753c2,2436,16,0,2452,2560,108,13312,7356,1839,0,0.3333333333333333,0.33115823817292006,"{""actual_effective_rate"":0.3333333333333333,""bg"":""bg2"",""bit_mapping"":""component_Gray_00_-3_01_-1_10_3_11_1_over_sqrt5;QPSK_0_plus1_1_minus1"",""code_blocks"":1,""decoder_config"":{""cn_schedule"":""flooding"",""cn_update"":""boxplus-phi"",""early_stop"":false,""hard_out"":true,""harq_mode"":false,""llr_max"":20.0,""num_iter"":20,""precision"":""single"",""prune_pcm"":true,""return_infobits"":true,""vn_update"":""sum""},""implementation"":{""bit_mapping"":""component_Gray_00_-3_01_-1_10_3_11_1_over_sqrt5;QPSK_0_plus1_1_minus1"",""cuda"":""12.8"",""decoder"":{""cn_schedule"":""flooding"",""cn_update"":""boxplus-phi"",""early_stop"":false,""hard_out"":true,""harq_mode"":false,""llr_max"":20.0,""num_iter"":20,""precision"":""single"",""prune_pcm"":true,""return_infobits"":true,""vn_update"":""sum""},""decoder_source_sha256"":""44d84b92b749e2970f94d92cd348a11648e2286b4d851faa0af8b21d08f0da23"",""encoder_source_sha256"":""34d8db6660b2e84708a8fb534f63c194f6f2b964e3693fcffc9dcaf21532ccfd"",""implementation"":""Sionna_5G_LDPC"",""power_protocol"":""fixed_constellation_average_Es2"",""precision"":""float32"",""rate_matching"":""Sionna RV0; filler removal, first2Z and tail puncturing; supported n only"",""scrambling"":""public_PCG64_SHA256_protocol_session_frame_group_counter_after_rate_matching_v1"",""torch"":""2.11.0+cu128"",""version"":""2.2.0""},""interleaver_sha256"":""6b7d9d8eb87ff112df0263588da23202eb2b7abcf5bcbd7502a5109145d09277"",""k"":2452,""k_filler"":108,""k_ldpc"":2560,""layout_id"":""3571038dcafb1e84eb3e95f51945f52127884025ca5139150febe1b9b733111f"",""modulation_padding_bits"":0,""mother_bits"":13312,""n"":7356,""n_cb"":12800,""n_cb_comp"":12692,""power_protocol"":""fixed_constellation_average_Es2"",""puncturing_bits"":5848,""puncturing_first_2Z"":512,""puncturing_remaining"":5336,""repetition_bits"":0,""scrambling"":""public_PCG64_SHA256_protocol_session_frame_group_counter_after_rate_matching_v1"",""shortening_bits"":108,""z"":256}",[2048]
16QAM,1/3,16QAM:r1/3,b2c2fc111ce55ec33cdfaaf087ea0ad5a4ba0c73f1706a697764604c851bcdfe,1308,16,0,1324,1440,116,7488,6448,1612,0,0.2053349875930521,0.20285359801488834,"{""actual_effective_rate"":0.2053349875930521,""bg"":""bg2"",""bit_mapping"":""component_Gray_00_-3_01_-1_10_3_11_1_over_sqrt5;QPSK_0_plus1_1_minus1"",""code_blocks"":1,""decoder_config"":{""cn_schedule"":""flooding"",""cn_update"":""boxplus-phi"",""early_stop"":false,""hard_out"":true,""harq_mode"":false,""llr_max"":20.0,""num_iter"":20,""precision"":""single"",""prune_pcm"":true,""return_infobits"":true,""vn_update"":""sum""},""implementation"":{""bit_mapping"":""component_Gray_00_-3_01_-1_10_3_11_1_over_sqrt5;QPSK_0_plus1_1_minus1"",""cuda"":""12.8"",""decoder"":{""cn_schedule"":""flooding"",""cn_update"":""boxplus-phi"",""early_stop"":false,""hard_out"":true,""harq_mode"":false,""llr_max"":20.0,""num_iter"":20,""precision"":""single"",""prune_pcm"":true,""return_infobits"":true,""vn_update"":""sum""},""decoder_source_sha256"":""44d84b92b749e2970f94d92cd348a11648e2286b4d851faa0af8b21d08f0da23"",""encoder_source_sha256"":""34d8db6660b2e84708a8fb534f63c194f6f2b964e3693fcffc9dcaf21532ccfd"",""implementation"":""Sionna_5G_LDPC"",""power_protocol"":""fixed_constellation_average_Es2"",""precision"":""float32"",""rate_matching"":""Sionna RV0; filler removal, first2Z and tail puncturing; supported n only"",""scrambling"":""public_PCG64_SHA256_protocol_session_frame_group_counter_after_rate_matching_v1"",""torch"":""2.11.0+cu128"",""version"":""2.2.0""},""interleaver_sha256"":""cef227eb397a1fa8ae9d051bcf3eb9e8637dc980a3a6b71965348366dbaf8290"",""k"":1324,""k_filler"":116,""k_ldpc"":1440,""layout_id"":""86334fb842c3f81c6561afa87385cb6ea511aa4d95e8f714b373f8c8f716cd1f"",""modulation_padding_bits"":0,""mother_bits"":7488,""n"":6448,""n_cb"":7200,""n_cb_comp"":7084,""power_protocol"":""fixed_constellation_average_Es2"",""puncturing_bits"":924,""puncturing_first_2Z"":288,""puncturing_remaining"":636,""repetition_bits"":0,""scrambling"":""public_PCG64_SHA256_protocol_session_frame_group_counter_after_rate_matching_v1"",""shortening_bits"":116,""z"":144}",[2048]
QPSK,1/3,QPSK:r1/3,b2d5ce5e670bc034bd44c4807314ae2e409df9b5f627ec225306c3c2a35c8489,168,16,0,184,320,136,1664,560,280,0,0.32857142857142857,0.3,"{""actual_effective_rate"":0.32857142857142857,""bg"":""bg2"",""bit_mapping"":""component_Gray_00_-3_01_-1_10_3_11_1_over_sqrt5;QPSK_0_plus1_1_minus1"",""code_blocks"":1,""decoder_config"":{""cn_schedule"":""flooding"",""cn_update"":""boxplus-phi"",""early_stop"":false,""hard_out"":true,""harq_mode"":false,""llr_max"":20.0,""num_iter"":20,""precision"":""single"",""prune_pcm"":true,""return_infobits"":true,""vn_update"":""sum""},""implementation"":{""bit_mapping"":""component_Gray_00_-3_01_-1_10_3_11_1_over_sqrt5;QPSK_0_plus1_1_minus1"",""cuda"":""12.8"",""decoder"":{""cn_schedule"":""flooding"",""cn_update"":""boxplus-phi"",""early_stop"":false,""hard_out"":true,""harq_mode"":false,""llr_max"":20.0,""num_iter"":20,""precision"":""single"",""prune_pcm"":true,""return_infobits"":true,""vn_update"":""sum""},""decoder_source_sha256"":""44d84b92b749e2970f94d92cd348a11648e2286b4d851faa0af8b21d08f0da23"",""encoder_source_sha256"":""34d8db6660b2e84708a8fb534f63c194f6f2b964e3693fcffc9dcaf21532ccfd"",""implementation"":""Sionna_5G_LDPC"",""power_protocol"":""fixed_constellation_average_Es2"",""precision"":""float32"",""rate_matching"":""Sionna RV0; filler removal, first2Z and tail puncturing; supported n only"",""scrambling"":""public_PCG64_SHA256_protocol_session_frame_group_counter_after_rate_matching_v1"",""torch"":""2.11.0+cu128"",""version"":""2.2.0""},""interleaver_sha256"":""da7d206a45f83a825a77ec4d4cc87a0f58b7aecf6ae04ff69e5f96f091fc6617"",""k"":184,""k_filler"":136,""k_ldpc"":320,""layout_id"":""700b8152d916ffee37a60dd248403753e77fcca4200c8bf5389bbe64a74226f6"",""modulation_padding_bits"":0,""mother_bits"":1664,""n"":560,""n_cb"":1600,""n_cb_comp"":1464,""power_protocol"":""fixed_constellation_average_Es2"",""puncturing_bits"":968,""puncturing_first_2Z"":64,""puncturing_remaining"":904,""repetition_bits"":0,""scrambling"":""public_PCG64_SHA256_protocol_session_frame_group_counter_after_rate_matching_v1"",""shortening_bits"":136,""z"":32}",[1024]
QPSK,1/2,QPSK:r1/2,b2d6eaaeca0e2d96868a2b10b5f2ef9cfcd5224d73dd07cd836798181088fe36,1092,16,0,1108,1120,12,5824,2252,1126,0,0.4920071047957371,0.4849023090586146,"{""actual_effective_rate"":0.4920071047957371,""bg"":""bg2"",""bit_mapping"":""component_Gray_00_-3_01_-1_10_3_11_1_over_sqrt5;QPSK_0_plus1_1_minus1"",""code_blocks"":1,""decoder_config"":{""cn_schedule"":""flooding"",""cn_update"":""boxplus-phi"",""early_stop"":false,""hard_out"":true,""harq_mode"":false,""llr_max"":20.0,""num_iter"":20,""precision"":""single"",""prune_pcm"":true,""return_infobits"":true,""vn_update"":""sum""},""implementation"":{""bit_mapping"":""component_Gray_00_-3_01_-1_10_3_11_1_over_sqrt5;QPSK_0_plus1_1_minus1"",""cuda"":""12.8"",""decoder"":{""cn_schedule"":""flooding"",""cn_update"":""boxplus-phi"",""early_stop"":false,""hard_out"":true,""harq_mode"":false,""llr_max"":20.0,""num_iter"":20,""precision"":""single"",""prune_pcm"":true,""return_infobits"":true,""vn_update"":""sum""},""decoder_source_sha256"":""44d84b92b749e2970f94d92cd348a11648e2286b4d851faa0af8b21d08f0da23"",""encoder_source_sha256"":""34d8db6660b2e84708a8fb534f63c194f6f2b964e3693fcffc9dcaf21532ccfd"",""implementation"":""Sionna_5G_LDPC"",""power_protocol"":""fixed_constellation_average_Es2"",""precision"":""float32"",""rate_matching"":""Sionna RV0; filler removal, first2Z and tail puncturing; supported n only"",""scrambling"":""public_PCG64_SHA256_protocol_session_frame_group_counter_after_rate_matching_v1"",""torch"":""2.11.0+cu128"",""version"":""2.2.0""},""interleaver_sha256"":""607b910b96fee386159cc49bf7fc96d0d5128304ed9b362c4dda33555b9476c6"",""k"":1108,""k_filler"":12,""k_ldpc"":1120,""layout_id"":""ca87e65691eea5308a5e0c341895a3fc156f5c3c22e21b96f107248b6d59028a"",""modulation_padding_bits"":0,""mother_bits"":5824,""n"":2252,""n_cb"":5600,""n_cb_comp"":5588,""power_protocol"":""fixed_constellation_average_Es2"",""puncturing_bits"":3560,""puncturing_first_2Z"":224,""puncturing_remaining"":3336,""repetition_bits"":0,""scrambling"":""public_PCG64_SHA256_protocol_session_frame_group_counter_after_rate_matching_v1"",""shortening_bits"":12,""z"":112}",[2048]
16QAM,3/4,16QAM:r3/4,b2fba3527eda620c95318c9763656be54fff749ca5a22fa49bb737a3c21825bc,144,16,0,160,280,120,1456,676,169,0,0.23668639053254437,0.21301775147928995,"{""actual_effective_rate"":0.23668639053254437,""bg"":""bg2"",""bit_mapping"":""component_Gray_00_-3_01_-1_10_3_11_1_over_sqrt5;QPSK_0_plus1_1_minus1"",""code_blocks"":1,""decoder_config"":{""cn_schedule"":""flooding"",""cn_update"":""boxplus-phi"",""early_stop"":false,""hard_out"":true,""harq_mode"":false,""llr_max"":20.0,""num_iter"":20,""precision"":""single"",""prune_pcm"":true,""return_infobits"":true,""vn_update"":""sum""},""implementation"":{""bit_mapping"":""component_Gray_00_-3_01_-1_10_3_11_1_over_sqrt5;QPSK_0_plus1_1_minus1"",""cuda"":""12.8"",""decoder"":{""cn_schedule"":""flooding"",""cn_update"":""boxplus-phi"",""early_stop"":false,""hard_out"":true,""harq_mode"":false,""llr_max"":20.0,""num_iter"":20,""precision"":""single"",""prune_pcm"":true,""return_infobits"":true,""vn_update"":""sum""},""decoder_source_sha256"":""44d84b92b749e2970f94d92cd348a11648e2286b4d851faa0af8b21d08f0da23"",""encoder_source_sha256"":""34d8db6660b2e84708a8fb534f63c194f6f2b964e3693fcffc9dcaf21532ccfd"",""implementation"":""Sionna_5G_LDPC"",""power_protocol"":""fixed_constellation_average_Es2"",""precision"":""float32"",""rate_matching"":""Sionna RV0; filler removal, first2Z and tail puncturing; supported n only"",""scrambling"":""public_PCG64_SHA256_protocol_session_frame_group_counter_after_rate_matching_v1"",""torch"":""2.11.0+cu128"",""version"":""2.2.0""},""interleaver_sha256"":""f1869e5fd8ac29894491f3477a4d297aa8a165b7dcd0ed18d70df9f096c976cf"",""k"":160,""k_filler"":120,""k_ldpc"":280,""layout_id"":""8ef644f36ded845d665da4a21b9ae9916b8d26cdbc8e49f63b97604e8ddc24cf"",""modulation_padding_bits"":0,""mother_bits"":1456,""n"":676,""n_cb"":1400,""n_cb_comp"":1280,""power_protocol"":""fixed_constellation_average_Es2"",""puncturing_bits"":660,""puncturing_first_2Z"":56,""puncturing_remaining"":604,""repetition_bits"":0,""scrambling"":""public_PCG64_SHA256_protocol_session_frame_group_counter_after_rate_matching_v1"",""shortening_bits"":120,""z"":28}",[1024]
16QAM,1/2,16QAM:r1/2,b30128cd2e9f26c352e4faa302ca824a5b88170c7707eac0debbfe837d2d7de8,1200,16,0,1216,1280,64,6656,2864,716,0,0.4245810055865922,0.41899441340782123,"{""actual_effective_rate"":0.4245810055865922,""bg"":""bg2"",""bit_mapping"":""component_Gray_00_-3_01_-1_10_3_11_1_over_sqrt5;QPSK_0_plus1_1_minus1"",""code_blocks"":1,""decoder_config"":{""cn_schedule"":""flooding"",""cn_update"":""boxplus-phi"",""early_stop"":false,""hard_out"":true,""harq_mode"":false,""llr_max"":20.0,""num_iter"":20,""precision"":""single"",""prune_pcm"":true,""return_infobits"":true,""vn_update"":""sum""},""implementation"":{""bit_mapping"":""component_Gray_00_-3_01_-1_10_3_11_1_over_sqrt5;QPSK_0_plus1_1_minus1"",""cuda"":""12.8"",""decoder"":{""cn_schedule"":""flooding"",""cn_update"":""boxplus-phi"",""early_stop"":false,""hard_out"":true,""harq_mode"":false,""llr_max"":20.0,""num_iter"":20,""precision"":""single"",""prune_pcm"":true,""return_infobits"":true,""vn_update"":""sum""},""decoder_source_sha256"":""44d84b92b749e2970f94d92cd348a11648e2286b4d851faa0af8b21d08f0da23"",""encoder_source_sha256"":""34d8db6660b2e84708a8fb534f63c194f6f2b964e3693fcffc9dcaf21532ccfd"",""implementation"":""Sionna_5G_LDPC"",""power_protocol"":""fixed_constellation_average_Es2"",""precision"":""float32"",""rate_matching"":""Sionna RV0; filler removal, first2Z and tail puncturing; supported n only"",""scrambling"":""public_PCG64_SHA256_protocol_session_frame_group_counter_after_rate_matching_v1"",""torch"":""2.11.0+cu128"",""version"":""2.2.0""},""interleaver_sha256"":""76a31bad5b7846506e378a3a4481b0070dd65e946de6568567d96d7eae456db9"",""k"":1216,""k_filler"":64,""k_ldpc"":1280,""layout_id"":""f7bdc467aae476235afcf662691ada2bc46f7748100bf6f2b779075c64f8c557"",""modulation_padding_bits"":0,""mother_bits"":6656,""n"":2864,""n_cb"":6400,""n_cb_comp"":6336,""power_protocol"":""fixed_constellation_average_Es2"",""puncturing_bits"":3728,""puncturing_first_2Z"":256,""puncturing_remaining"":3472,""repetition_bits"":0,""scrambling"":""public_PCG64_SHA256_protocol_session_frame_group_counter_after_rate_matching_v1"",""shortening_bits"":64,""z"":128}",[1024]
16QAM,1/2,16QAM:r1/2,b30531072f90456e34a94ac05af88e0bb427e120414b0518bdd0099632a418ea,1092,16,0,1108,1120,12,5824,2820,705,0,0.39290780141843973,0.3872340425531915,"{""actual_effective_rate"":0.39290780141843973,""bg"":""bg2"",""bit_mapping"":""component_Gray_00_-3_01_-1_10_3_11_1_over_sqrt5;QPSK_0_plus1_1_minus1"",""code_blocks"":1,""decoder_config"":{""cn_schedule"":""flooding"",""cn_update"":""boxplus-phi"",""early_stop"":false,""hard_out"":true,""harq_mode"":false,""llr_max"":20.0,""num_iter"":20,""precision"":""single"",""prune_pcm"":true,""return_infobits"":true,""vn_update"":""sum""},""implementation"":{""bit_mapping"":""component_Gray_00_-3_01_-1_10_3_11_1_over_sqrt5;QPSK_0_plus1_1_minus1"",""cuda"":""12.8"",""decoder"":{""cn_schedule"":""flooding"",""cn_update"":""boxplus-phi"",""early_stop"":false,""hard_out"":true,""harq_mode"":false,""llr_max"":20.0,""num_iter"":20,""precision"":""single"",""prune_pcm"":true,""return_infobits"":true,""vn_update"":""sum""},""decoder_source_sha256"":""44d84b92b749e2970f94d92cd348a11648e2286b4d851faa0af8b21d08f0da23"",""encoder_source_sha256"":""34d8db6660b2e84708a8fb534f63c194f6f2b964e3693fcffc9dcaf21532ccfd"",""implementation"":""Sionna_5G_LDPC"",""power_protocol"":""fixed_constellation_average_Es2"",""precision"":""float32"",""rate_matching"":""Sionna RV0; filler removal, first2Z and tail puncturing; supported n only"",""scrambling"":""public_PCG64_SHA256_protocol_session_frame_group_counter_after_rate_matching_v1"",""torch"":""2.11.0+cu128"",""version"":""2.2.0""},""interleaver_sha256"":""859c0cf20d1a727870e52c19a67776958afd52817865350c0636523b5454972e"",""k"":1108,""k_filler"":12,""k_ldpc"":1120,""layout_id"":""7a28694772314336872bd560dc4c9a7a2aa0ee7597f5f9354c5cff8ed0d0c451"",""modulation_padding_bits"":0,""mother_bits"":5824,""n"":2820,""n_cb"":5600,""n_cb_comp"":5588,""power_protocol"":""fixed_constellation_average_Es2"",""puncturing_bits"":2992,""puncturing_first_2Z"":224,""puncturing_remaining"":2768,""repetition_bits"":0,""scrambling"":""public_PCG64_SHA256_protocol_session_frame_group_counter_after_rate_matching_v1"",""shortening_bits"":12,""z"":112}",[1024]
QPSK,1/2,QPSK:r1/2,b30d28756b371160eea0313792f0eac79f95694e5ea420393a3f5e3ffa670fd7,1284,16,0,1300,1440,140,7488,2600,1300,0,0.5,0.4938461538461538,"{""actual_effective_rate"":0.5,""bg"":""bg2"",""bit_mapping"":""component_Gray_00_-3_01_-1_10_3_11_1_over_sqrt5;QPSK_0_plus1_1_minus1"",""code_blocks"":1,""decoder_config"":{""cn_schedule"":""flooding"",""cn_update"":""boxplus-phi"",""early_stop"":false,""hard_out"":true,""harq_mode"":false,""llr_max"":20.0,""num_iter"":20,""precision"":""single"",""prune_pcm"":true,""return_infobits"":true,""vn_update"":""sum""},""implementation"":{""bit_mapping"":""component_Gray_00_-3_01_-1_10_3_11_1_over_sqrt5;QPSK_0_plus1_1_minus1"",""cuda"":""12.8"",""decoder"":{""cn_schedule"":""flooding"",""cn_update"":""boxplus-phi"",""early_stop"":false,""hard_out"":true,""harq_mode"":false,""llr_max"":20.0,""num_iter"":20,""precision"":""single"",""prune_pcm"":true,""return_infobits"":true,""vn_update"":""sum""},""decoder_source_sha256"":""44d84b92b749e2970f94d92cd348a11648e2286b4d851faa0af8b21d08f0da23"",""encoder_source_sha256"":""34d8db6660b2e84708a8fb534f63c194f6f2b964e3693fcffc9dcaf21532ccfd"",""implementation"":""Sionna_5G_LDPC"",""power_protocol"":""fixed_constellation_average_Es2"",""precision"":""float32"",""rate_matching"":""Sionna RV0; filler removal, first2Z and tail puncturing; supported n only"",""scrambling"":""public_PCG64_SHA256_protocol_session_frame_group_counter_after_rate_matching_v1"",""torch"":""2.11.0+cu128"",""version"":""2.2.0""},""interleaver_sha256"":""de2403292d0cec7e11ad23d25a14cc46492b67f4eb39958145efecc789a2b357"",""k"":1300,""k_filler"":140,""k_ldpc"":1440,""layout_id"":""6cda4878b0a3a17f809df221e71e88332033e2ba1ac3e616961a861f6577a63c"",""modulation_padding_bits"":0,""mother_bits"":7488,""n"":2600,""n_cb"":7200,""n_cb_comp"":7060,""power_protocol"":""fixed_constellation_average_Es2"",""puncturing_bits"":4748,""puncturing_first_2Z"":288,""puncturing_remaining"":4460,""repetition_bits"":0,""scrambling"":""public_PCG64_SHA256_protocol_session_frame_group_counter_after_rate_matching_v1"",""shortening_bits"":140,""z"":144}",[2048]
16QAM,5/6,16QAM:r5/6,b310dbfc36c3f7d7f13033a05fc5dcd044a6b97ac02532e031e4a1dce6ae779e,1092,16,0,1108,1120,12,5824,2400,600,0,0.46166666666666667,0.455,"{""actual_effective_rate"":0.46166666666666667,""bg"":""bg2"",""bit_mapping"":""component_Gray_00_-3_01_-1_10_3_11_1_over_sqrt5;QPSK_0_plus1_1_minus1"",""code_blocks"":1,""decoder_config"":{""cn_schedule"":""flooding"",""cn_update"":""boxplus-phi"",""early_stop"":false,""hard_out"":true,""harq_mode"":false,""llr_max"":20.0,""num_iter"":20,""precision"":""single"",""prune_pcm"":true,""return_infobits"":true,""vn_update"":""sum""},""implementation"":{""bit_mapping"":""component_Gray_00_-3_01_-1_10_3_11_1_over_sqrt5;QPSK_0_plus1_1_minus1"",""cuda"":""12.8"",""decoder"":{""cn_schedule"":""flooding"",""cn_update"":""boxplus-phi"",""early_stop"":false,""hard_out"":true,""harq_mode"":false,""llr_max"":20.0,""num_iter"":20,""precision"":""single"",""prune_pcm"":true,""return_infobits"":true,""vn_update"":""sum""},""decoder_source_sha256"":""44d84b92b749e2970f94d92cd348a11648e2286b4d851faa0af8b21d08f0da23"",""encoder_source_sha256"":""34d8db6660b2e84708a8fb534f63c194f6f2b964e3693fcffc9dcaf21532ccfd"",""implementation"":""Sionna_5G_LDPC"",""power_protocol"":""fixed_constellation_average_Es2"",""precision"":""float32"",""rate_matching"":""Sionna RV0; filler removal, first2Z and tail puncturing; supported n only"",""scrambling"":""public_PCG64_SHA256_protocol_session_frame_group_counter_after_rate_matching_v1"",""torch"":""2.11.0+cu128"",""version"":""2.2.0""},""interleaver_sha256"":""b78494d46ccb469648fabad00373ef0af75b02a93700fcc00c64628383fce58f"",""k"":1108,""k_filler"":12,""k_ldpc"":1120,""layout_id"":""fa1d30ace284c6794c33ad132ab0f180c172a4f0f2c14d29c5deb816c1fa5995"",""modulation_padding_bits"":0,""mother_bits"":5824,""n"":2400,""n_cb"":5600,""n_cb_comp"":5588,""power_protocol"":""fixed_constellation_average_Es2"",""puncturing_bits"":3412,""puncturing_first_2Z"":224,""puncturing_remaining"":3188,""repetition_bits"":0,""scrambling"":""public_PCG64_SHA256_protocol_session_frame_group_counter_after_rate_matching_v1"",""shortening_bits"":12,""z"":112}",[1024]
16QAM,2/3,16QAM:r2/3,b31a88167176be125fcca00e254639a1f08b7daf654e9aa53a17ab484cfbe025,360,16,0,376,480,104,2496,1576,394,0,0.23857868020304568,0.22842639593908629,"{""actual_effective_rate"":0.23857868020304568,""bg"":""bg2"",""bit_mapping"":""component_Gray_00_-3_01_-1_10_3_11_1_over_sqrt5;QPSK_0_plus1_1_minus1"",""code_blocks"":1,""decoder_config"":{""cn_schedule"":""flooding"",""cn_update"":""boxplus-phi"",""early_stop"":false,""hard_out"":true,""harq_mode"":false,""llr_max"":20.0,""num_iter"":20,""precision"":""single"",""prune_pcm"":true,""return_infobits"":true,""vn_update"":""sum""},""implementation"":{""bit_mapping"":""component_Gray_00_-3_01_-1_10_3_11_1_over_sqrt5;QPSK_0_plus1_1_minus1"",""cuda"":""12.8"",""decoder"":{""cn_schedule"":""flooding"",""cn_update"":""boxplus-phi"",""early_stop"":false,""hard_out"":true,""harq_mode"":false,""llr_max"":20.0,""num_iter"":20,""precision"":""single"",""prune_pcm"":true,""return_infobits"":true,""vn_update"":""sum""},""decoder_source_sha256"":""44d84b92b749e2970f94d92cd348a11648e2286b4d851faa0af8b21d08f0da23"",""encoder_source_sha256"":""34d8db6660b2e84708a8fb534f63c194f6f2b964e3693fcffc9dcaf21532ccfd"",""implementation"":""Sionna_5G_LDPC"",""power_protocol"":""fixed_constellation_average_Es2"",""precision"":""float32"",""rate_matching"":""Sionna RV0; filler removal, first2Z and tail puncturing; supported n only"",""scrambling"":""public_PCG64_SHA256_protocol_session_frame_group_counter_after_rate_matching_v1"",""torch"":""2.11.0+cu128"",""version"":""2.2.0""},""interleaver_sha256"":""528fa6ff70dcef17ae7c42818d093edd30737ff90d5a6200ca5ae5b29f7b7cb2"",""k"":376,""k_filler"":104,""k_ldpc"":480,""layout_id"":""9f76628b1f7644bb60b855b8c6bb97b8ba2c5a42132108c60a6fa2597ea48e58"",""modulation_padding_bits"":0,""mother_bits"":2496,""n"":1576,""n_cb"":2400,""n_cb_comp"":2296,""power_protocol"":""fixed_constellation_average_Es2"",""puncturing_bits"":816,""puncturing_first_2Z"":96,""puncturing_remaining"":720,""repetition_bits"":0,""scrambling"":""public_PCG64_SHA256_protocol_session_frame_group_counter_after_rate_matching_v1"",""shortening_bits"":104,""z"":48}",[2048]
QPSK,3/4,QPSK:r3/4,b31ca5174e3deea86536d787435430fd50efed94aad6a5845aa5eda9a4d56414,732,16,0,748,800,52,4160,1272,636,0,0.5880503144654088,0.5754716981132075,"{""actual_effective_rate"":0.5880503144654088,""bg"":""bg2"",""bit_mapping"":""component_Gray_00_-3_01_-1_10_3_11_1_over_sqrt5;QPSK_0_plus1_1_minus1"",""code_blocks"":1,""decoder_config"":{""cn_schedule"":""flooding"",""cn_update"":""boxplus-phi"",""early_stop"":false,""hard_out"":true,""harq_mode"":false,""llr_max"":20.0,""num_iter"":20,""precision"":""single"",""prune_pcm"":true,""return_infobits"":true,""vn_update"":""sum""},""implementation"":{""bit_mapping"":""component_Gray_00_-3_01_-1_10_3_11_1_over_sqrt5;QPSK_0_plus1_1_minus1"",""cuda"":""12.8"",""decoder"":{""cn_schedule"":""flooding"",""cn_update"":""boxplus-phi"",""early_stop"":false,""hard_out"":true,""harq_mode"":false,""llr_max"":20.0,""num_iter"":20,""precision"":""single"",""prune_pcm"":true,""return_infobits"":true,""vn_update"":""sum""},""decoder_source_sha256"":""44d84b92b749e2970f94d92cd348a11648e2286b4d851faa0af8b21d08f0da23"",""encoder_source_sha256"":""34d8db6660b2e84708a8fb534f63c194f6f2b964e3693fcffc9dcaf21532ccfd"",""implementation"":""Sionna_5G_LDPC"",""power_protocol"":""fixed_constellation_average_Es2"",""precision"":""float32"",""rate_matching"":""Sionna RV0; filler removal, first2Z and tail puncturing; supported n only"",""scrambling"":""public_PCG64_SHA256_protocol_session_frame_group_counter_after_rate_matching_v1"",""torch"":""2.11.0+cu128"",""version"":""2.2.0""},""interleaver_sha256"":""0cfa1f03a35dea5dc2236d190cf6b4ad27ae0a43a71ec27699599a2106d5c86c"",""k"":748,""k_filler"":52,""k_ldpc"":800,""layout_id"":""7a56149497d7b1026ae883985de82744d2ad04ae789cabd9d6edf4b469e10f58"",""modulation_padding_bits"":0,""mother_bits"":4160,""n"":1272,""n_cb"":4000,""n_cb_comp"":3948,""power_protocol"":""fixed_constellation_average_Es2"",""puncturing_bits"":2836,""puncturing_first_2Z"":160,""puncturing_remaining"":2676,""repetition_bits"":0,""scrambling"":""public_PCG64_SHA256_protocol_session_frame_group_counter_after_rate_matching_v1"",""shortening_bits"":52,""z"":80}",[1024]
16QAM,5/6,16QAM:r5/6,b327a84eae353382d9315407ffccc18c12791b49bfe5f63d5476a583e070020d,5340,16,0,5356,5632,276,17408,6436,1609,0,0.8321939092604101,0.8297078931013051,"{""actual_effective_rate"":0.8321939092604101,""bg"":""bg1"",""bit_mapping"":""component_Gray_00_-3_01_-1_10_3_11_1_over_sqrt5;QPSK_0_plus1_1_minus1"",""code_blocks"":1,""decoder_config"":{""cn_schedule"":""flooding"",""cn_update"":""boxplus-phi"",""early_stop"":false,""hard_out"":true,""harq_mode"":false,""llr_max"":20.0,""num_iter"":20,""precision"":""single"",""prune_pcm"":true,""return_infobits"":true,""vn_update"":""sum""},""implementation"":{""bit_mapping"":""component_Gray_00_-3_01_-1_10_3_11_1_over_sqrt5;QPSK_0_plus1_1_minus1"",""cuda"":""12.8"",""decoder"":{""cn_schedule"":""flooding"",""cn_update"":""boxplus-phi"",""early_stop"":false,""hard_out"":true,""harq_mode"":false,""llr_max"":20.0,""num_iter"":20,""precision"":""single"",""prune_pcm"":true,""return_infobits"":true,""vn_update"":""sum""},""decoder_source_sha256"":""44d84b92b749e2970f94d92cd348a11648e2286b4d851faa0af8b21d08f0da23"",""encoder_source_sha256"":""34d8db6660b2e84708a8fb534f63c194f6f2b964e3693fcffc9dcaf21532ccfd"",""implementation"":""Sionna_5G_LDPC"",""power_protocol"":""fixed_constellation_average_Es2"",""precision"":""float32"",""rate_matching"":""Sionna RV0; filler removal, first2Z and tail puncturing; supported n only"",""scrambling"":""public_PCG64_SHA256_protocol_session_frame_group_counter_after_rate_matching_v1"",""torch"":""2.11.0+cu128"",""version"":""2.2.0""},""interleaver_sha256"":""4205bb5b44ee0e4d340bab02a71e6a9501d71861d53fdfd67e521a461dbe5289"",""k"":5356,""k_filler"":276,""k_ldpc"":5632,""layout_id"":""ba846fdff5c9f59adc3085fa48eb859b94f2daad06d5d6186dbb8de587ac5573"",""modulation_padding_bits"":0,""mother_bits"":17408,""n"":6436,""n_cb"":16896,""n_cb_comp"":16620,""power_protocol"":""fixed_constellation_average_Es2"",""puncturing_bits"":10696,""puncturing_first_2Z"":512,""puncturing_remaining"":10184,""repetition_bits"":0,""scrambling"":""public_PCG64_SHA256_protocol_session_frame_group_counter_after_rate_matching_v1"",""shortening_bits"":276,""z"":256}",[2048]
QPSK,3/4,QPSK:r3/4,b33483ea1473b09ec7b3601dec7de1ad454da563724c890d7d13807f39e6247f,924,16,0,940,968,28,2992,1254,627,0,0.7496012759170654,0.7368421052631579,"{""actual_effective_rate"":0.7496012759170654,""bg"":""bg1"",""bit_mapping"":""component_Gray_00_-3_01_-1_10_3_11_1_over_sqrt5;QPSK_0_plus1_1_minus1"",""code_blocks"":1,""decoder_config"":{""cn_schedule"":""flooding"",""cn_update"":""boxplus-phi"",""early_stop"":false,""hard_out"":true,""harq_mode"":false,""llr_max"":20.0,""num_iter"":20,""precision"":""single"",""prune_pcm"":true,""return_infobits"":true,""vn_update"":""sum""},""implementation"":{""bit_mapping"":""component_Gray_00_-3_01_-1_10_3_11_1_over_sqrt5;QPSK_0_plus1_1_minus1"",""cuda"":""12.8"",""decoder"":{""cn_schedule"":""flooding"",""cn_update"":""boxplus-phi"",""early_stop"":false,""hard_out"":true,""harq_mode"":false,""llr_max"":20.0,""num_iter"":20,""precision"":""single"",""prune_pcm"":true,""return_infobits"":true,""vn_update"":""sum""},""decoder_source_sha256"":""44d84b92b749e2970f94d92cd348a11648e2286b4d851faa0af8b21d08f0da23"",""encoder_source_sha256"":""34d8db6660b2e84708a8fb534f63c194f6f2b964e3693fcffc9dcaf21532ccfd"",""implementation"":""Sionna_5G_LDPC"",""power_protocol"":""fixed_constellation_average_Es2"",""precision"":""float32"",""rate_matching"":""Sionna RV0; filler removal, first2Z and tail puncturing; supported n only"",""scrambling"":""public_PCG64_SHA256_protocol_session_frame_group_counter_after_rate_matching_v1"",""torch"":""2.11.0+cu128"",""version"":""2.2.0""},""interleaver_sha256"":""b6fdf6b30345dda6f8475606a3473b0d2c73710afab365dd8f2e2b306e973808"",""k"":940,""k_filler"":28,""k_ldpc"":968,""layout_id"":""e99a4b6f3388bc040777d50a8ba55f6cb07f72cdcc546f1d6c8a1792e2b845a3"",""modulation_padding_bits"":0,""mother_bits"":2992,""n"":1254,""n_cb"":2904,""n_cb_comp"":2876,""power_protocol"":""fixed_constellation_average_Es2"",""puncturing_bits"":1710,""puncturing_first_2Z"":88,""puncturing_remaining"":1622,""repetition_bits"":0,""scrambling"":""public_PCG64_SHA256_protocol_session_frame_group_counter_after_rate_matching_v1"",""shortening_bits"":28,""z"":44}","[1024,2048]"
QPSK,1/2,QPSK:r1/2,b335ce469cec37798cad80d515b85444fcf8b5d4971f74270484b9cad8875475,732,16,0,748,800,52,4160,2256,1128,0,0.33156028368794327,0.324468085106383,"{""actual_effective_rate"":0.33156028368794327,""bg"":""bg2"",""bit_mapping"":""component_Gray_00_-3_01_-1_10_3_11_1_over_sqrt5;QPSK_0_plus1_1_minus1"",""code_blocks"":1,""decoder_config"":{""cn_schedule"":""flooding"",""cn_update"":""boxplus-phi"",""early_stop"":false,""hard_out"":true,""harq_mode"":false,""llr_max"":20.0,""num_iter"":20,""precision"":""single"",""prune_pcm"":true,""return_infobits"":true,""vn_update"":""sum""},""implementation"":{""bit_mapping"":""component_Gray_00_-3_01_-1_10_3_11_1_over_sqrt5;QPSK_0_plus1_1_minus1"",""cuda"":""12.8"",""decoder"":{""cn_schedule"":""flooding"",""cn_update"":""boxplus-phi"",""early_stop"":false,""hard_out"":true,""harq_mode"":false,""llr_max"":20.0,""num_iter"":20,""precision"":""single"",""prune_pcm"":true,""return_infobits"":true,""vn_update"":""sum""},""decoder_source_sha256"":""44d84b92b749e2970f94d92cd348a11648e2286b4d851faa0af8b21d08f0da23"",""encoder_source_sha256"":""34d8db6660b2e84708a8fb534f63c194f6f2b964e3693fcffc9dcaf21532ccfd"",""implementation"":""Sionna_5G_LDPC"",""power_protocol"":""fixed_constellation_average_Es2"",""precision"":""float32"",""rate_matching"":""Sionna RV0; filler removal, first2Z and tail puncturing; supported n only"",""scrambling"":""public_PCG64_SHA256_protocol_session_frame_group_counter_after_rate_matching_v1"",""torch"":""2.11.0+cu128"",""version"":""2.2.0""},""interleaver_sha256"":""9db5efae7ad17e167cf771904b5236c46e0c393b4c164f4268d01471222572ed"",""k"":748,""k_filler"":52,""k_ldpc"":800,""layout_id"":""033608030518946dd3982608e66c638511af88b5d0ef7d09c17d775e3ae57268"",""modulation_padding_bits"":0,""mother_bits"":4160,""n"":2256,""n_cb"":4000,""n_cb_comp"":3948,""power_protocol"":""fixed_constellation_average_Es2"",""puncturing_bits"":1852,""puncturing_first_2Z"":160,""puncturing_remaining"":1692,""repetition_bits"":0,""scrambling"":""public_PCG64_SHA256_protocol_session_frame_group_counter_after_rate_matching_v1"",""shortening_bits"":52,""z"":80}",[2048]
16QAM,3/4,16QAM:r3/4,b341a3537697667a0a6b89bef98981d2ea5e5bfb8643c767feed8636988be7c1,1308,16,0,1324,1440,116,7488,2064,516,0,0.6414728682170543,0.6337209302325582,"{""actual_effective_rate"":0.6414728682170543,""bg"":""bg2"",""bit_mapping"":""component_Gray_00_-3_01_-1_10_3_11_1_over_sqrt5;QPSK_0_plus1_1_minus1"",""code_blocks"":1,""decoder_config"":{""cn_schedule"":""flooding"",""cn_update"":""boxplus-phi"",""early_stop"":false,""hard_out"":true,""harq_mode"":false,""llr_max"":20.0,""num_iter"":20,""precision"":""single"",""prune_pcm"":true,""return_infobits"":true,""vn_update"":""sum""},""implementation"":{""bit_mapping"":""component_Gray_00_-3_01_-1_10_3_11_1_over_sqrt5;QPSK_0_plus1_1_minus1"",""cuda"":""12.8"",""decoder"":{""cn_schedule"":""flooding"",""cn_update"":""boxplus-phi"",""early_stop"":false,""hard_out"":true,""harq_mode"":false,""llr_max"":20.0,""num_iter"":20,""precision"":""single"",""prune_pcm"":true,""return_infobits"":true,""vn_update"":""sum""},""decoder_source_sha256"":""44d84b92b749e2970f94d92cd348a11648e2286b4d851faa0af8b21d08f0da23"",""encoder_source_sha256"":""34d8db6660b2e84708a8fb534f63c194f6f2b964e3693fcffc9dcaf21532ccfd"",""implementation"":""Sionna_5G_LDPC"",""power_protocol"":""fixed_constellation_average_Es2"",""precision"":""float32"",""rate_matching"":""Sionna RV0; filler removal, first2Z and tail puncturing; supported n only"",""scrambling"":""public_PCG64_SHA256_protocol_session_frame_group_counter_after_rate_matching_v1"",""torch"":""2.11.0+cu128"",""version"":""2.2.0""},""interleaver_sha256"":""ca594fcdc8c4da2bb421c4a56299bb42878bbf55cefef7cddfe083b3ad405eb2"",""k"":1324,""k_filler"":116,""k_ldpc"":1440,""layout_id"":""444fe98fba6d019609df408e3bcb48e62ea0925b7323dfcbe9aec89d25763f3e"",""modulation_padding_bits"":0,""mother_bits"":7488,""n"":2064,""n_cb"":7200,""n_cb_comp"":7084,""power_protocol"":""fixed_constellation_average_Es2"",""puncturing_bits"":5308,""puncturing_first_2Z"":288,""puncturing_remaining"":5020,""repetition_bits"":0,""scrambling"":""public_PCG64_SHA256_protocol_session_frame_group_counter_after_rate_matching_v1"",""shortening_bits"":116,""z"":144}",[1024]
16QAM,5/6,16QAM:r5/6,b34c4285726d755cbe0b3959c5b09205700228c5594164347e6e506e4396ad0b,1116,16,0,1132,1144,12,3536,1360,340,0,0.8323529411764706,0.8205882352941176,"{""actual_effective_rate"":0.8323529411764706,""bg"":""bg1"",""bit_mapping"":""component_Gray_00_-3_01_-1_10_3_11_1_over_sqrt5;QPSK_0_plus1_1_minus1"",""code_blocks"":1,""decoder_config"":{""cn_schedule"":""flooding"",""cn_update"":""boxplus-phi"",""early_stop"":false,""hard_out"":true,""harq_mode"":false,""llr_max"":20.0,""num_iter"":20,""precision"":""single"",""prune_pcm"":true,""return_infobits"":true,""vn_update"":""sum""},""implementation"":{""bit_mapping"":""component_Gray_00_-3_01_-1_10_3_11_1_over_sqrt5;QPSK_0_plus1_1_minus1"",""cuda"":""12.8"",""decoder"":{""cn_schedule"":""flooding"",""cn_update"":""boxplus-phi"",""early_stop"":false,""hard_out"":true,""harq_mode"":false,""llr_max"":20.0,""num_iter"":20,""precision"":""single"",""prune_pcm"":true,""return_infobits"":true,""vn_update"":""sum""},""decoder_source_sha256"":""44d84b92b749e2970f94d92cd348a11648e2286b4d851faa0af8b21d08f0da23"",""encoder_source_sha256"":""34d8db6660b2e84708a8fb534f63c194f6f2b964e3693fcffc9dcaf21532ccfd"",""implementation"":""Sionna_5G_LDPC"",""power_protocol"":""fixed_constellation_average_Es2"",""precision"":""float32"",""rate_matching"":""Sionna RV0; filler removal, first2Z and tail puncturing; supported n only"",""scrambling"":""public_PCG64_SHA256_protocol_session_frame_group_counter_after_rate_matching_v1"",""torch"":""2.11.0+cu128"",""version"":""2.2.0""},""interleaver_sha256"":""ffe4a91b2dbf3157aff76ff48d3d032b4a29063afcd92c2ae4f602b377946d9c"",""k"":1132,""k_filler"":12,""k_ldpc"":1144,""layout_id"":""65a5e8782a12dccf90e3b60685f38fa9b35a0991718ca654fbf92ae5d22f9ccd"",""modulation_padding_bits"":0,""mother_bits"":3536,""n"":1360,""n_cb"":3432,""n_cb_comp"":3420,""power_protocol"":""fixed_constellation_average_Es2"",""puncturing_bits"":2164,""puncturing_first_2Z"":104,""puncturing_remaining"":2060,""repetition_bits"":0,""scrambling"":""public_PCG64_SHA256_protocol_session_frame_group_counter_after_rate_matching_v1"",""shortening_bits"":12,""z"":52}","[1024,2048]"
16QAM,5/6,16QAM:r5/6,b34fb62164cfd0f45ee4c2cf947b68d16732aa1d420f7d09991315abdec573b7,3996,16,0,4012,4224,212,13056,4904,1226,0,0.8181076672104405,0.8148450244698205,"{""actual_effective_rate"":0.8181076672104405,""bg"":""bg1"",""bit_mapping"":""component_Gray_00_-3_01_-1_10_3_11_1_over_sqrt5;QPSK_0_plus1_1_minus1"",""code_blocks"":1,""decoder_config"":{""cn_schedule"":""flooding"",""cn_update"":""boxplus-phi"",""early_stop"":false,""hard_out"":true,""harq_mode"":false,""llr_max"":20.0,""num_iter"":20,""precision"":""single"",""prune_pcm"":true,""return_infobits"":true,""vn_update"":""sum""},""implementation"":{""bit_mapping"":""component_Gray_00_-3_01_-1_10_3_11_1_over_sqrt5;QPSK_0_plus1_1_minus1"",""cuda"":""12.8"",""decoder"":{""cn_schedule"":""flooding"",""cn_update"":""boxplus-phi"",""early_stop"":false,""hard_out"":true,""harq_mode"":false,""llr_max"":20.0,""num_iter"":20,""precision"":""single"",""prune_pcm"":true,""return_infobits"":true,""vn_update"":""sum""},""decoder_source_sha256"":""44d84b92b749e2970f94d92cd348a11648e2286b4d851faa0af8b21d08f0da23"",""encoder_source_sha256"":""34d8db6660b2e84708a8fb534f63c194f6f2b964e3693fcffc9dcaf21532ccfd"",""implementation"":""Sionna_5G_LDPC"",""power_protocol"":""fixed_constellation_average_Es2"",""precision"":""float32"",""rate_matching"":""Sionna RV0; filler removal, first2Z and tail puncturing; supported n only"",""scrambling"":""public_PCG64_SHA256_protocol_session_frame_group_counter_after_rate_matching_v1"",""torch"":""2.11.0+cu128"",""version"":""2.2.0""},""interleaver_sha256"":""2e79b593fb4e6a00583c594e1f255ad9bb903638dfb75859e964e467027a0d03"",""k"":4012,""k_filler"":212,""k_ldpc"":4224,""layout_id"":""374e567df2781fabb6ff107f4c7e716a0a4b12368e580babc6487b01b0fd52a9"",""modulation_padding_bits"":0,""mother_bits"":13056,""n"":4904,""n_cb"":12672,""n_cb_comp"":12460,""power_protocol"":""fixed_constellation_average_Es2"",""puncturing_bits"":7940,""puncturing_first_2Z"":384,""puncturing_remaining"":7556,""repetition_bits"":0,""scrambling"":""public_PCG64_SHA256_protocol_session_frame_group_counter_after_rate_matching_v1"",""shortening_bits"":212,""z"":192}",[2048]
QPSK,1/2,QPSK:r1/2,b35b859ef712351bb58f3a22a7ca7e083a34a82905680f8797e3e440b9fdd320,144,16,0,160,280,120,1456,792,396,0,0.20202020202020202,0.18181818181818182,"{""actual_effective_rate"":0.20202020202020202,""bg"":""bg2"",""bit_mapping"":""component_Gray_00_-3_01_-1_10_3_11_1_over_sqrt5;QPSK_0_plus1_1_minus1"",""code_blocks"":1,""decoder_config"":{""cn_schedule"":""flooding"",""cn_update"":""boxplus-phi"",""early_stop"":false,""hard_out"":true,""harq_mode"":false,""llr_max"":20.0,""num_iter"":20,""precision"":""single"",""prune_pcm"":true,""return_infobits"":true,""vn_update"":""sum""},""implementation"":{""bit_mapping"":""component_Gray_00_-3_01_-1_10_3_11_1_over_sqrt5;QPSK_0_plus1_1_minus1"",""cuda"":""12.8"",""decoder"":{""cn_schedule"":""flooding"",""cn_update"":""boxplus-phi"",""early_stop"":false,""hard_out"":true,""harq_mode"":false,""llr_max"":20.0,""num_iter"":20,""precision"":""single"",""prune_pcm"":true,""return_infobits"":true,""vn_update"":""sum""},""decoder_source_sha256"":""44d84b92b749e2970f94d92cd348a11648e2286b4d851faa0af8b21d08f0da23"",""encoder_source_sha256"":""34d8db6660b2e84708a8fb534f63c194f6f2b964e3693fcffc9dcaf21532ccfd"",""implementation"":""Sionna_5G_LDPC"",""power_protocol"":""fixed_constellation_average_Es2"",""precision"":""float32"",""rate_matching"":""Sionna RV0; filler removal, first2Z and tail puncturing; supported n only"",""scrambling"":""public_PCG64_SHA256_protocol_session_frame_group_counter_after_rate_matching_v1"",""torch"":""2.11.0+cu128"",""version"":""2.2.0""},""interleaver_sha256"":""68d137572f9e7e9fd1df3a14cc21d4e5b07ae9416d60ebb1e537858aa69a0413"",""k"":160,""k_filler"":120,""k_ldpc"":280,""layout_id"":""621b1972f9e53f88c17e299d4ef8df586733bfe10b7e153a96878decba8789d3"",""modulation_padding_bits"":0,""mother_bits"":1456,""n"":792,""n_cb"":1400,""n_cb_comp"":1280,""power_protocol"":""fixed_constellation_average_Es2"",""puncturing_bits"":544,""puncturing_first_2Z"":56,""puncturing_remaining"":488,""repetition_bits"":0,""scrambling"":""public_PCG64_SHA256_protocol_session_frame_group_counter_after_rate_matching_v1"",""shortening_bits"":120,""z"":28}",[1024]
QPSK,2/3,QPSK:r2/3,b36f4e7e7817e4c3cfa3d3e8fa25dfeff3032370f95b1a058feb9f79624a6641,360,16,0,376,480,104,2496,1094,547,0,0.3436928702010969,0.3290676416819013,"{""actual_effective_rate"":0.3436928702010969,""bg"":""bg2"",""bit_mapping"":""component_Gray_00_-3_01_-1_10_3_11_1_over_sqrt5;QPSK_0_plus1_1_minus1"",""code_blocks"":1,""decoder_config"":{""cn_schedule"":""flooding"",""cn_update"":""boxplus-phi"",""early_stop"":false,""hard_out"":true,""harq_mode"":false,""llr_max"":20.0,""num_iter"":20,""precision"":""single"",""prune_pcm"":true,""return_infobits"":true,""vn_update"":""sum""},""implementation"":{""bit_mapping"":""component_Gray_00_-3_01_-1_10_3_11_1_over_sqrt5;QPSK_0_plus1_1_minus1"",""cuda"":""12.8"",""decoder"":{""cn_schedule"":""flooding"",""cn_update"":""boxplus-phi"",""early_stop"":false,""hard_out"":true,""harq_mode"":false,""llr_max"":20.0,""num_iter"":20,""precision"":""single"",""prune_pcm"":true,""return_infobits"":true,""vn_update"":""sum""},""decoder_source_sha256"":""44d84b92b749e2970f94d92cd348a11648e2286b4d851faa0af8b21d08f0da23"",""encoder_source_sha256"":""34d8db6660b2e84708a8fb534f63c194f6f2b964e3693fcffc9dcaf21532ccfd"",""implementation"":""Sionna_5G_LDPC"",""power_protocol"":""fixed_constellation_average_Es2"",""precision"":""float32"",""rate_matching"":""Sionna RV0; filler removal, first2Z and tail puncturing; supported n only"",""scrambling"":""public_PCG64_SHA256_protocol_session_frame_group_counter_after_rate_matching_v1"",""torch"":""2.11.0+cu128"",""version"":""2.2.0""},""interleaver_sha256"":""ee5d54458b7e18362d1e05633676e737ca91b60dd6638efcc49a2e2cfeb403a5"",""k"":376,""k_filler"":104,""k_ldpc"":480,""layout_id"":""d47e746a402b09bfa31c2c897cd503474e647160e418ac2ce6ef84a21c0977c1"",""modulation_padding_bits"":0,""mother_bits"":2496,""n"":1094,""n_cb"":2400,""n_cb_comp"":2296,""power_protocol"":""fixed_constellation_average_Es2"",""puncturing_bits"":1298,""puncturing_first_2Z"":96,""puncturing_remaining"":1202,""repetition_bits"":0,""scrambling"":""public_PCG64_SHA256_protocol_session_frame_group_counter_after_rate_matching_v1"",""shortening_bits"":104,""z"":48}",[1024]
QPSK,3/4,QPSK:r3/4,b3700d2b25a6da275cefe24ab60c84bcc52d713cca3df6126caa756ce5cbe93f,360,16,0,376,480,104,2496,694,347,0,0.5417867435158501,0.5187319884726225,"{""actual_effective_rate"":0.5417867435158501,""bg"":""bg2"",""bit_mapping"":""component_Gray_00_-3_01_-1_10_3_11_1_over_sqrt5;QPSK_0_plus1_1_minus1"",""code_blocks"":1,""decoder_config"":{""cn_schedule"":""flooding"",""cn_update"":""boxplus-phi"",""early_stop"":false,""hard_out"":true,""harq_mode"":false,""llr_max"":20.0,""num_iter"":20,""precision"":""single"",""prune_pcm"":true,""return_infobits"":true,""vn_update"":""sum""},""implementation"":{""bit_mapping"":""component_Gray_00_-3_01_-1_10_3_11_1_over_sqrt5;QPSK_0_plus1_1_minus1"",""cuda"":""12.8"",""decoder"":{""cn_schedule"":""flooding"",""cn_update"":""boxplus-phi"",""early_stop"":false,""hard_out"":true,""harq_mode"":false,""llr_max"":20.0,""num_iter"":20,""precision"":""single"",""prune_pcm"":true,""return_infobits"":true,""vn_update"":""sum""},""decoder_source_sha256"":""44d84b92b749e2970f94d92cd348a11648e2286b4d851faa0af8b21d08f0da23"",""encoder_source_sha256"":""34d8db6660b2e84708a8fb534f63c194f6f2b964e3693fcffc9dcaf21532ccfd"",""implementation"":""Sionna_5G_LDPC"",""power_protocol"":""fixed_constellation_average_Es2"",""precision"":""float32"",""rate_matching"":""Sionna RV0; filler removal, first2Z and tail puncturing; supported n only"",""scrambling"":""public_PCG64_SHA256_protocol_session_frame_group_counter_after_rate_matching_v1"",""torch"":""2.11.0+cu128"",""version"":""2.2.0""},""interleaver_sha256"":""cc01bd3cf90a9ab768d613c466fdfef1d0fcc131c6dcf3595452b5793590cc63"",""k"":376,""k_filler"":104,""k_ldpc"":480,""layout_id"":""b0f144afc595922b524f7746ddcbf279d32b6addc5dd597a35e2d0e28708851b"",""modulation_padding_bits"":0,""mother_bits"":2496,""n"":694,""n_cb"":2400,""n_cb_comp"":2296,""power_protocol"":""fixed_constellation_average_Es2"",""puncturing_bits"":1698,""puncturing_first_2Z"":96,""puncturing_remaining"":1602,""repetition_bits"":0,""scrambling"":""public_PCG64_SHA256_protocol_session_frame_group_counter_after_rate_matching_v1"",""shortening_bits"":104,""z"":48}",[1024]
16QAM,1/2,16QAM:r1/2,b373601eb0f637ae23c8a990ceb20ab219caf9ca543f833d29ad40724eab5859,1008,16,0,1024,1040,16,5408,2652,663,0,0.3861236802413273,0.38009049773755654,"{""actual_effective_rate"":0.3861236802413273,""bg"":""bg2"",""bit_mapping"":""component_Gray_00_-3_01_-1_10_3_11_1_over_sqrt5;QPSK_0_plus1_1_minus1"",""code_blocks"":1,""decoder_config"":{""cn_schedule"":""flooding"",""cn_update"":""boxplus-phi"",""early_stop"":false,""hard_out"":true,""harq_mode"":false,""llr_max"":20.0,""num_iter"":20,""precision"":""single"",""prune_pcm"":true,""return_infobits"":true,""vn_update"":""sum""},""implementation"":{""bit_mapping"":""component_Gray_00_-3_01_-1_10_3_11_1_over_sqrt5;QPSK_0_plus1_1_minus1"",""cuda"":""12.8"",""decoder"":{""cn_schedule"":""flooding"",""cn_update"":""boxplus-phi"",""early_stop"":false,""hard_out"":true,""harq_mode"":false,""llr_max"":20.0,""num_iter"":20,""precision"":""single"",""prune_pcm"":true,""return_infobits"":true,""vn_update"":""sum""},""decoder_source_sha256"":""44d84b92b749e2970f94d92cd348a11648e2286b4d851faa0af8b21d08f0da23"",""encoder_source_sha256"":""34d8db6660b2e84708a8fb534f63c194f6f2b964e3693fcffc9dcaf21532ccfd"",""implementation"":""Sionna_5G_LDPC"",""power_protocol"":""fixed_constellation_average_Es2"",""precision"":""float32"",""rate_matching"":""Sionna RV0; filler removal, first2Z and tail puncturing; supported n only"",""scrambling"":""public_PCG64_SHA256_protocol_session_frame_group_counter_after_rate_matching_v1"",""torch"":""2.11.0+cu128"",""version"":""2.2.0""},""interleaver_sha256"":""2c1c18957211cee518785c9c4bb046c27e70406019673995e6840d8c23aa199a"",""k"":1024,""k_filler"":16,""k_ldpc"":1040,""layout_id"":""7ec0bdd4b36f2bd8407460f9096b0aa630f70679729c929b3e82d392749f933b"",""modulation_padding_bits"":0,""mother_bits"":5408,""n"":2652,""n_cb"":5200,""n_cb_comp"":5184,""power_protocol"":""fixed_constellation_average_Es2"",""puncturing_bits"":2740,""puncturing_first_2Z"":208,""puncturing_remaining"":2532,""repetition_bits"":0,""scrambling"":""public_PCG64_SHA256_protocol_session_frame_group_counter_after_rate_matching_v1"",""shortening_bits"":16,""z"":104}",[1024]
16QAM,2/3,16QAM:r2/3,b381dd0e2d5fd3dc45fdcbf5d6f81cf56eb3fcb8722087d97f314d800a593709,1068,16,0,1084,1120,36,5824,2000,500,0,0.542,0.534,"{""actual_effective_rate"":0.542,""bg"":""bg2"",""bit_mapping"":""component_Gray_00_-3_01_-1_10_3_11_1_over_sqrt5;QPSK_0_plus1_1_minus1"",""code_blocks"":1,""decoder_config"":{""cn_schedule"":""flooding"",""cn_update"":""boxplus-phi"",""early_stop"":false,""hard_out"":true,""harq_mode"":false,""llr_max"":20.0,""num_iter"":20,""precision"":""single"",""prune_pcm"":true,""return_infobits"":true,""vn_update"":""sum""},""implementation"":{""bit_mapping"":""component_Gray_00_-3_01_-1_10_3_11_1_over_sqrt5;QPSK_0_plus1_1_minus1"",""cuda"":""12.8"",""decoder"":{""cn_schedule"":""flooding"",""cn_update"":""boxplus-phi"",""early_stop"":false,""hard_out"":true,""harq_mode"":false,""llr_max"":20.0,""num_iter"":20,""precision"":""single"",""prune_pcm"":true,""return_infobits"":true,""vn_update"":""sum""},""decoder_source_sha256"":""44d84b92b749e2970f94d92cd348a11648e2286b4d851faa0af8b21d08f0da23"",""encoder_source_sha256"":""34d8db6660b2e84708a8fb534f63c194f6f2b964e3693fcffc9dcaf21532ccfd"",""implementation"":""Sionna_5G_LDPC"",""power_protocol"":""fixed_constellation_average_Es2"",""precision"":""float32"",""rate_matching"":""Sionna RV0; filler removal, first2Z and tail puncturing; supported n only"",""scrambling"":""public_PCG64_SHA256_protocol_session_frame_group_counter_after_rate_matching_v1"",""torch"":""2.11.0+cu128"",""version"":""2.2.0""},""interleaver_sha256"":""fdde7ada98f4a498adb17e55b5d5f7ffcf084b01edd4ea56cae41695477eb71b"",""k"":1084,""k_filler"":36,""k_ldpc"":1120,""layout_id"":""6593324e6db10500f95c05c3e6fdd35c5544f173ecf2a5a3eb507e16a34cb443"",""modulation_padding_bits"":0,""mother_bits"":5824,""n"":2000,""n_cb"":5600,""n_cb_comp"":5564,""power_protocol"":""fixed_constellation_average_Es2"",""puncturing_bits"":3788,""puncturing_first_2Z"":224,""puncturing_remaining"":3564,""repetition_bits"":0,""scrambling"":""public_PCG64_SHA256_protocol_session_frame_group_counter_after_rate_matching_v1"",""shortening_bits"":36,""z"":112}",[1024]
16QAM,5/6,16QAM:r5/6,b392bc00446e715b334e58056286702f74fbb5b2cca0b9174300ea6ffe3123cf,3912,16,0,3928,4224,296,13056,5728,1432,0,0.6857541899441341,0.6829608938547486,"{""actual_effective_rate"":0.6857541899441341,""bg"":""bg1"",""bit_mapping"":""component_Gray_00_-3_01_-1_10_3_11_1_over_sqrt5;QPSK_0_plus1_1_minus1"",""code_blocks"":1,""decoder_config"":{""cn_schedule"":""flooding"",""cn_update"":""boxplus-phi"",""early_stop"":false,""hard_out"":true,""harq_mode"":false,""llr_max"":20.0,""num_iter"":20,""precision"":""single"",""prune_pcm"":true,""return_infobits"":true,""vn_update"":""sum""},""implementation"":{""bit_mapping"":""component_Gray_00_-3_01_-1_10_3_11_1_over_sqrt5;QPSK_0_plus1_1_minus1"",""cuda"":""12.8"",""decoder"":{""cn_schedule"":""flooding"",""cn_update"":""boxplus-phi"",""early_stop"":false,""hard_out"":true,""harq_mode"":false,""llr_max"":20.0,""num_iter"":20,""precision"":""single"",""prune_pcm"":true,""return_infobits"":true,""vn_update"":""sum""},""decoder_source_sha256"":""44d84b92b749e2970f94d92cd348a11648e2286b4d851faa0af8b21d08f0da23"",""encoder_source_sha256"":""34d8db6660b2e84708a8fb534f63c194f6f2b964e3693fcffc9dcaf21532ccfd"",""implementation"":""Sionna_5G_LDPC"",""power_protocol"":""fixed_constellation_average_Es2"",""precision"":""float32"",""rate_matching"":""Sionna RV0; filler removal, first2Z and tail puncturing; supported n only"",""scrambling"":""public_PCG64_SHA256_protocol_session_frame_group_counter_after_rate_matching_v1"",""torch"":""2.11.0+cu128"",""version"":""2.2.0""},""interleaver_sha256"":""c184f9927a3fb768ff594388cb44366402348fa689d5d7ac31dab6ac9351fd5a"",""k"":3928,""k_filler"":296,""k_ldpc"":4224,""layout_id"":""b440c9124fd106a54c67aebd289490adbfca6d43379228a286e19048c85de586"",""modulation_padding_bits"":0,""mother_bits"":13056,""n"":5728,""n_cb"":12672,""n_cb_comp"":12376,""power_protocol"":""fixed_constellation_average_Es2"",""puncturing_bits"":7032,""puncturing_first_2Z"":384,""puncturing_remaining"":6648,""repetition_bits"":0,""scrambling"":""public_PCG64_SHA256_protocol_session_frame_group_counter_after_rate_matching_v1"",""shortening_bits"":296,""z"":192}",[2048]
QPSK,5/6,QPSK:r5/6,b3942dc38ac1abbd8d08d58e12380f4514d29fc9e7879ee0e2a561a03625fc03,360,16,0,376,480,104,2496,1376,688,0,0.27325581395348836,0.2616279069767442,"{""actual_effective_rate"":0.27325581395348836,""bg"":""bg2"",""bit_mapping"":""component_Gray_00_-3_01_-1_10_3_11_1_over_sqrt5;QPSK_0_plus1_1_minus1"",""code_blocks"":1,""decoder_config"":{""cn_schedule"":""flooding"",""cn_update"":""boxplus-phi"",""early_stop"":false,""hard_out"":true,""harq_mode"":false,""llr_max"":20.0,""num_iter"":20,""precision"":""single"",""prune_pcm"":true,""return_infobits"":true,""vn_update"":""sum""},""implementation"":{""bit_mapping"":""component_Gray_00_-3_01_-1_10_3_11_1_over_sqrt5;QPSK_0_plus1_1_minus1"",""cuda"":""12.8"",""decoder"":{""cn_schedule"":""flooding"",""cn_update"":""boxplus-phi"",""early_stop"":false,""hard_out"":true,""harq_mode"":false,""llr_max"":20.0,""num_iter"":20,""precision"":""single"",""prune_pcm"":true,""return_infobits"":true,""vn_update"":""sum""},""decoder_source_sha256"":""44d84b92b749e2970f94d92cd348a11648e2286b4d851faa0af8b21d08f0da23"",""encoder_source_sha256"":""34d8db6660b2e84708a8fb534f63c194f6f2b964e3693fcffc9dcaf21532ccfd"",""implementation"":""Sionna_5G_LDPC"",""power_protocol"":""fixed_constellation_average_Es2"",""precision"":""float32"",""rate_matching"":""Sionna RV0; filler removal, first2Z and tail puncturing; supported n only"",""scrambling"":""public_PCG64_SHA256_protocol_session_frame_group_counter_after_rate_matching_v1"",""torch"":""2.11.0+cu128"",""version"":""2.2.0""},""interleaver_sha256"":""cb7db06a1ab4e7bff09ea18772e142807c0b612b90ce3b49a22a1ff4daef57b2"",""k"":376,""k_filler"":104,""k_ldpc"":480,""layout_id"":""4fb091fd6e605ed83c199737c1670ca620d22e6529410d14997fa4abd92fcc68"",""modulation_padding_bits"":0,""mother_bits"":2496,""n"":1376,""n_cb"":2400,""n_cb_comp"":2296,""power_protocol"":""fixed_constellation_average_Es2"",""puncturing_bits"":1016,""puncturing_first_2Z"":96,""puncturing_remaining"":920,""repetition_bits"":0,""scrambling"":""public_PCG64_SHA256_protocol_session_frame_group_counter_after_rate_matching_v1"",""shortening_bits"":104,""z"":48}",[2048]
16QAM,5/6,16QAM:r5/6,b3a0ca520f95aede59e5a4ab39463b26a00f0f2372bd6a9cd82a646e6e3e73d6,2700,16,0,2716,2880,164,14976,6748,1687,0,0.4024896265560166,0.4001185536455246,"{""actual_effective_rate"":0.4024896265560166,""bg"":""bg2"",""bit_mapping"":""component_Gray_00_-3_01_-1_10_3_11_1_over_sqrt5;QPSK_0_plus1_1_minus1"",""code_blocks"":1,""decoder_config"":{""cn_schedule"":""flooding"",""cn_update"":""boxplus-phi"",""early_stop"":false,""hard_out"":true,""harq_mode"":false,""llr_max"":20.0,""num_iter"":20,""precision"":""single"",""prune_pcm"":true,""return_infobits"":true,""vn_update"":""sum""},""implementation"":{""bit_mapping"":""component_Gray_00_-3_01_-1_10_3_11_1_over_sqrt5;QPSK_0_plus1_1_minus1"",""cuda"":""12.8"",""decoder"":{""cn_schedule"":""flooding"",""cn_update"":""boxplus-phi"",""early_stop"":false,""hard_out"":true,""harq_mode"":false,""llr_max"":20.0,""num_iter"":20,""precision"":""single"",""prune_pcm"":true,""return_infobits"":true,""vn_update"":""sum""},""decoder_source_sha256"":""44d84b92b749e2970f94d92cd348a11648e2286b4d851faa0af8b21d08f0da23"",""encoder_source_sha256"":""34d8db6660b2e84708a8fb534f63c194f6f2b964e3693fcffc9dcaf21532ccfd"",""implementation"":""Sionna_5G_LDPC"",""power_protocol"":""fixed_constellation_average_Es2"",""precision"":""float32"",""rate_matching"":""Sionna RV0; filler removal, first2Z and tail puncturing; supported n only"",""scrambling"":""public_PCG64_SHA256_protocol_session_frame_group_counter_after_rate_matching_v1"",""torch"":""2.11.0+cu128"",""version"":""2.2.0""},""interleaver_sha256"":""205f2ee2cbf4371f14d86557c6b3fb0a47a1773fbcf801d54198b26a5d32d794"",""k"":2716,""k_filler"":164,""k_ldpc"":2880,""layout_id"":""81f67fe2059800ed605d41c1300b6cc15b695b5ac162c1bb58ffa6f9d3f5e3f3"",""modulation_padding_bits"":0,""mother_bits"":14976,""n"":6748,""n_cb"":14400,""n_cb_comp"":14236,""power_protocol"":""fixed_constellation_average_Es2"",""puncturing_bits"":8064,""puncturing_first_2Z"":576,""puncturing_remaining"":7488,""repetition_bits"":0,""scrambling"":""public_PCG64_SHA256_protocol_session_frame_group_counter_after_rate_matching_v1"",""shortening_bits"":164,""z"":288}",[2048]
QPSK,2/3,QPSK:r2/3,b3a33308016e7d3fdfeac13730d6fa2d63e2ff54364a9b91db0cf0e250a1f8a3,312,16,0,328,440,112,2288,492,246,0,0.6666666666666666,0.6341463414634146,"{""actual_effective_rate"":0.6666666666666666,""bg"":""bg2"",""bit_mapping"":""component_Gray_00_-3_01_-1_10_3_11_1_over_sqrt5;QPSK_0_plus1_1_minus1"",""code_blocks"":1,""decoder_config"":{""cn_schedule"":""flooding"",""cn_update"":""boxplus-phi"",""early_stop"":false,""hard_out"":true,""harq_mode"":false,""llr_max"":20.0,""num_iter"":20,""precision"":""single"",""prune_pcm"":true,""return_infobits"":true,""vn_update"":""sum""},""implementation"":{""bit_mapping"":""component_Gray_00_-3_01_-1_10_3_11_1_over_sqrt5;QPSK_0_plus1_1_minus1"",""cuda"":""12.8"",""decoder"":{""cn_schedule"":""flooding"",""cn_update"":""boxplus-phi"",""early_stop"":false,""hard_out"":true,""harq_mode"":false,""llr_max"":20.0,""num_iter"":20,""precision"":""single"",""prune_pcm"":true,""return_infobits"":true,""vn_update"":""sum""},""decoder_source_sha256"":""44d84b92b749e2970f94d92cd348a11648e2286b4d851faa0af8b21d08f0da23"",""encoder_source_sha256"":""34d8db6660b2e84708a8fb534f63c194f6f2b964e3693fcffc9dcaf21532ccfd"",""implementation"":""Sionna_5G_LDPC"",""power_protocol"":""fixed_constellation_average_Es2"",""precision"":""float32"",""rate_matching"":""Sionna RV0; filler removal, first2Z and tail puncturing; supported n only"",""scrambling"":""public_PCG64_SHA256_protocol_session_frame_group_counter_after_rate_matching_v1"",""torch"":""2.11.0+cu128"",""version"":""2.2.0""},""interleaver_sha256"":""7e129cc5dce229ab5b2c518e3e0ccb3fb577e6f41e02000393f44e0744756f27"",""k"":328,""k_filler"":112,""k_ldpc"":440,""layout_id"":""c27395d58bf3d65ebc9475b2ceda3cc3f333ee95b6e79ac620c13052aa6e0a73"",""modulation_padding_bits"":0,""mother_bits"":2288,""n"":492,""n_cb"":2200,""n_cb_comp"":2088,""power_protocol"":""fixed_constellation_average_Es2"",""puncturing_bits"":1684,""puncturing_first_2Z"":88,""puncturing_remaining"":1596,""repetition_bits"":0,""scrambling"":""public_PCG64_SHA256_protocol_session_frame_group_counter_after_rate_matching_v1"",""shortening_bits"":112,""z"":44}",[1024]
QPSK,2/3,QPSK:r2/3,b3a7dd4e2f6003dda04820d0f55cd88b40a67488a36ad261eecdc53d940f7f44,360,16,0,376,480,104,2496,1078,539,0,0.34879406307977734,0.3339517625231911,"{""actual_effective_rate"":0.34879406307977734,""bg"":""bg2"",""bit_mapping"":""component_Gray_00_-3_01_-1_10_3_11_1_over_sqrt5;QPSK_0_plus1_1_minus1"",""code_blocks"":1,""decoder_config"":{""cn_schedule"":""flooding"",""cn_update"":""boxplus-phi"",""early_stop"":false,""hard_out"":true,""harq_mode"":false,""llr_max"":20.0,""num_iter"":20,""precision"":""single"",""prune_pcm"":true,""return_infobits"":true,""vn_update"":""sum""},""implementation"":{""bit_mapping"":""component_Gray_00_-3_01_-1_10_3_11_1_over_sqrt5;QPSK_0_plus1_1_minus1"",""cuda"":""12.8"",""decoder"":{""cn_schedule"":""flooding"",""cn_update"":""boxplus-phi"",""early_stop"":false,""hard_out"":true,""harq_mode"":false,""llr_max"":20.0,""num_iter"":20,""precision"":""single"",""prune_pcm"":true,""return_infobits"":true,""vn_update"":""sum""},""decoder_source_sha256"":""44d84b92b749e2970f94d92cd348a11648e2286b4d851faa0af8b21d08f0da23"",""encoder_source_sha256"":""34d8db6660b2e84708a8fb534f63c194f6f2b964e3693fcffc9dcaf21532ccfd"",""implementation"":""Sionna_5G_LDPC"",""power_protocol"":""fixed_constellation_average_Es2"",""precision"":""float32"",""rate_matching"":""Sionna RV0; filler removal, first2Z and tail puncturing; supported n only"",""scrambling"":""public_PCG64_SHA256_protocol_session_frame_group_counter_after_rate_matching_v1"",""torch"":""2.11.0+cu128"",""version"":""2.2.0""},""interleaver_sha256"":""b697ba7883cee602904aa9ea32a0d77db285c07f2cb5606dcd6261e49e5e5175"",""k"":376,""k_filler"":104,""k_ldpc"":480,""layout_id"":""12294d3a3ce0c35086dad3b5d31403b6c96579c4e39594909d63775bee554174"",""modulation_padding_bits"":0,""mother_bits"":2496,""n"":1078,""n_cb"":2400,""n_cb_comp"":2296,""power_protocol"":""fixed_constellation_average_Es2"",""puncturing_bits"":1314,""puncturing_first_2Z"":96,""puncturing_remaining"":1218,""repetition_bits"":0,""scrambling"":""public_PCG64_SHA256_protocol_session_frame_group_counter_after_rate_matching_v1"",""shortening_bits"":104,""z"":48}",[2048]
QPSK,1/2,QPSK:r1/2,b3b363bdafb000ebcf91ac91290ed6861740c666cdb75f692a9f69aeb28161f5,1224,16,0,1240,1280,40,6656,2480,1240,0,0.5,0.4935483870967742,"{""actual_effective_rate"":0.5,""bg"":""bg2"",""bit_mapping"":""component_Gray_00_-3_01_-1_10_3_11_1_over_sqrt5;QPSK_0_plus1_1_minus1"",""code_blocks"":1,""decoder_config"":{""cn_schedule"":""flooding"",""cn_update"":""boxplus-phi"",""early_stop"":false,""hard_out"":true,""harq_mode"":false,""llr_max"":20.0,""num_iter"":20,""precision"":""single"",""prune_pcm"":true,""return_infobits"":true,""vn_update"":""sum""},""implementation"":{""bit_mapping"":""component_Gray_00_-3_01_-1_10_3_11_1_over_sqrt5;QPSK_0_plus1_1_minus1"",""cuda"":""12.8"",""decoder"":{""cn_schedule"":""flooding"",""cn_update"":""boxplus-phi"",""early_stop"":false,""hard_out"":true,""harq_mode"":false,""llr_max"":20.0,""num_iter"":20,""precision"":""single"",""prune_pcm"":true,""return_infobits"":true,""vn_update"":""sum""},""decoder_source_sha256"":""44d84b92b749e2970f94d92cd348a11648e2286b4d851faa0af8b21d08f0da23"",""encoder_source_sha256"":""34d8db6660b2e84708a8fb534f63c194f6f2b964e3693fcffc9dcaf21532ccfd"",""implementation"":""Sionna_5G_LDPC"",""power_protocol"":""fixed_constellation_average_Es2"",""precision"":""float32"",""rate_matching"":""Sionna RV0; filler removal, first2Z and tail puncturing; supported n only"",""scrambling"":""public_PCG64_SHA256_protocol_session_frame_group_counter_after_rate_matching_v1"",""torch"":""2.11.0+cu128"",""version"":""2.2.0""},""interleaver_sha256"":""83f9339fa7b4eea9a3e285fdebd03417b8050e16a0964480c1f29346520ffb88"",""k"":1240,""k_filler"":40,""k_ldpc"":1280,""layout_id"":""b6d26bd83e15624f71b48336b10106f4c0e038b570598babaf14cd81b7f9f961"",""modulation_padding_bits"":0,""mother_bits"":6656,""n"":2480,""n_cb"":6400,""n_cb_comp"":6360,""power_protocol"":""fixed_constellation_average_Es2"",""puncturing_bits"":4136,""puncturing_first_2Z"":256,""puncturing_remaining"":3880,""repetition_bits"":0,""scrambling"":""public_PCG64_SHA256_protocol_session_frame_group_counter_after_rate_matching_v1"",""shortening_bits"":40,""z"":128}",[2048]
QPSK,1/2,QPSK:r1/2,b3b940839c3db979c801af7d1e5aca67cd9900fa14d1196b322b1bf507fe8d4e,1116,16,0,1132,1200,68,6240,2972,1486,0,0.38088829071332436,0.3755047106325707,"{""actual_effective_rate"":0.38088829071332436,""bg"":""bg2"",""bit_mapping"":""component_Gray_00_-3_01_-1_10_3_11_1_over_sqrt5;QPSK_0_plus1_1_minus1"",""code_blocks"":1,""decoder_config"":{""cn_schedule"":""flooding"",""cn_update"":""boxplus-phi"",""early_stop"":false,""hard_out"":true,""harq_mode"":false,""llr_max"":20.0,""num_iter"":20,""precision"":""single"",""prune_pcm"":true,""return_infobits"":true,""vn_update"":""sum""},""implementation"":{""bit_mapping"":""component_Gray_00_-3_01_-1_10_3_11_1_over_sqrt5;QPSK_0_plus1_1_minus1"",""cuda"":""12.8"",""decoder"":{""cn_schedule"":""flooding"",""cn_update"":""boxplus-phi"",""early_stop"":false,""hard_out"":true,""harq_mode"":false,""llr_max"":20.0,""num_iter"":20,""precision"":""single"",""prune_pcm"":true,""return_infobits"":true,""vn_update"":""sum""},""decoder_source_sha256"":""44d84b92b749e2970f94d92cd348a11648e2286b4d851faa0af8b21d08f0da23"",""encoder_source_sha256"":""34d8db6660b2e84708a8fb534f63c194f6f2b964e3693fcffc9dcaf21532ccfd"",""implementation"":""Sionna_5G_LDPC"",""power_protocol"":""fixed_constellation_average_Es2"",""precision"":""float32"",""rate_matching"":""Sionna RV0; filler removal, first2Z and tail puncturing; supported n only"",""scrambling"":""public_PCG64_SHA256_protocol_session_frame_group_counter_after_rate_matching_v1"",""torch"":""2.11.0+cu128"",""version"":""2.2.0""},""interleaver_sha256"":""67c9f0fe0aaf3a1f18762f1728d7a73f4df0992e8f94e04b520863a8e9336c80"",""k"":1132,""k_filler"":68,""k_ldpc"":1200,""layout_id"":""d8db4e25861ecae180fe826aa3b188cf8fcedc0421462849566ed1528eb7d0d0"",""modulation_padding_bits"":0,""mother_bits"":6240,""n"":2972,""n_cb"":6000,""n_cb_comp"":5932,""power_protocol"":""fixed_constellation_average_Es2"",""puncturing_bits"":3200,""puncturing_first_2Z"":240,""puncturing_remaining"":2960,""repetition_bits"":0,""scrambling"":""public_PCG64_SHA256_protocol_session_frame_group_counter_after_rate_matching_v1"",""shortening_bits"":68,""z"":120}",[2048]
16QAM,5/6,16QAM:r5/6,b3beedfd92fb70cb59f35a967cc354be48275fdcda2b4a06a54acc299f0707ab,2904,16,0,2920,3200,280,16640,5228,1307,0,0.558530986993114,0.5554705432287682,"{""actual_effective_rate"":0.558530986993114,""bg"":""bg2"",""bit_mapping"":""component_Gray_00_-3_01_-1_10_3_11_1_over_sqrt5;QPSK_0_plus1_1_minus1"",""code_blocks"":1,""decoder_config"":{""cn_schedule"":""flooding"",""cn_update"":""boxplus-phi"",""early_stop"":false,""hard_out"":true,""harq_mode"":false,""llr_max"":20.0,""num_iter"":20,""precision"":""single"",""prune_pcm"":true,""return_infobits"":true,""vn_update"":""sum""},""implementation"":{""bit_mapping"":""component_Gray_00_-3_01_-1_10_3_11_1_over_sqrt5;QPSK_0_plus1_1_minus1"",""cuda"":""12.8"",""decoder"":{""cn_schedule"":""flooding"",""cn_update"":""boxplus-phi"",""early_stop"":false,""hard_out"":true,""harq_mode"":false,""llr_max"":20.0,""num_iter"":20,""precision"":""single"",""prune_pcm"":true,""return_infobits"":true,""vn_update"":""sum""},""decoder_source_sha256"":""44d84b92b749e2970f94d92cd348a11648e2286b4d851faa0af8b21d08f0da23"",""encoder_source_sha256"":""34d8db6660b2e84708a8fb534f63c194f6f2b964e3693fcffc9dcaf21532ccfd"",""implementation"":""Sionna_5G_LDPC"",""power_protocol"":""fixed_constellation_average_Es2"",""precision"":""float32"",""rate_matching"":""Sionna RV0; filler removal, first2Z and tail puncturing; supported n only"",""scrambling"":""public_PCG64_SHA256_protocol_session_frame_group_counter_after_rate_matching_v1"",""torch"":""2.11.0+cu128"",""version"":""2.2.0""},""interleaver_sha256"":""7cf2ad7f56d64e151c9d624fa0cb2e7edd15e2f7bbb870ec6aaf5e93117fa3d6"",""k"":2920,""k_filler"":280,""k_ldpc"":3200,""layout_id"":""ff9bd6ee75da6a1feca3de89bed784a84ab43807da0b2f5ecd2946c14fa9fcf9"",""modulation_padding_bits"":0,""mother_bits"":16640,""n"":5228,""n_cb"":16000,""n_cb_comp"":15720,""power_protocol"":""fixed_constellation_average_Es2"",""puncturing_bits"":11132,""puncturing_first_2Z"":640,""puncturing_remaining"":10492,""repetition_bits"":0,""scrambling"":""public_PCG64_SHA256_protocol_session_frame_group_counter_after_rate_matching_v1"",""shortening_bits"":280,""z"":320}",[2048]
16QAM,1/2,16QAM:r1/2,b3c2da5d3faeb59b7602730a61c046cd04e1f31ef86ee50dfc5b5c15b26c4cde,1860,16,0,1876,1920,44,9984,6616,1654,0,0.28355501813784767,0.281136638452237,"{""actual_effective_rate"":0.28355501813784767,""bg"":""bg2"",""bit_mapping"":""component_Gray_00_-3_01_-1_10_3_11_1_over_sqrt5;QPSK_0_plus1_1_minus1"",""code_blocks"":1,""decoder_config"":{""cn_schedule"":""flooding"",""cn_update"":""boxplus-phi"",""early_stop"":false,""hard_out"":true,""harq_mode"":false,""llr_max"":20.0,""num_iter"":20,""precision"":""single"",""prune_pcm"":true,""return_infobits"":true,""vn_update"":""sum""},""implementation"":{""bit_mapping"":""component_Gray_00_-3_01_-1_10_3_11_1_over_sqrt5;QPSK_0_plus1_1_minus1"",""cuda"":""12.8"",""decoder"":{""cn_schedule"":""flooding"",""cn_update"":""boxplus-phi"",""early_stop"":false,""hard_out"":true,""harq_mode"":false,""llr_max"":20.0,""num_iter"":20,""precision"":""single"",""prune_pcm"":true,""return_infobits"":true,""vn_update"":""sum""},""decoder_source_sha256"":""44d84b92b749e2970f94d92cd348a11648e2286b4d851faa0af8b21d08f0da23"",""encoder_source_sha256"":""34d8db6660b2e84708a8fb534f63c194f6f2b964e3693fcffc9dcaf21532ccfd"",""implementation"":""Sionna_5G_LDPC"",""power_protocol"":""fixed_constellation_average_Es2"",""precision"":""float32"",""rate_matching"":""Sionna RV0; filler removal, first2Z and tail puncturing; supported n only"",""scrambling"":""public_PCG64_SHA256_protocol_session_frame_group_counter_after_rate_matching_v1"",""torch"":""2.11.0+cu128"",""version"":""2.2.0""},""interleaver_sha256"":""f5225bfb48c41a909f01c6c63b34abe5bcc826f743babac0a1e8d21a8114b9cd"",""k"":1876,""k_filler"":44,""k_ldpc"":1920,""layout_id"":""e4a42974b9f17dcfc51b0bf1e6d2741c2b8939fd67c267f125b1d74c4de3b16b"",""modulation_padding_bits"":0,""mother_bits"":9984,""n"":6616,""n_cb"":9600,""n_cb_comp"":9556,""power_protocol"":""fixed_constellation_average_Es2"",""puncturing_bits"":3324,""puncturing_first_2Z"":384,""puncturing_remaining"":2940,""repetition_bits"":0,""scrambling"":""public_PCG64_SHA256_protocol_session_frame_group_counter_after_rate_matching_v1"",""shortening_bits"":44,""z"":192}",[2048]
16QAM,5/6,16QAM:r5/6,b3c6f12c7ab917dff00b4c7acf61cea12fcd8f88391cd60c702a0028ed47ce84,660,16,0,676,720,44,3744,1864,466,0,0.3626609442060086,0.3540772532188841,"{""actual_effective_rate"":0.3626609442060086,""bg"":""bg2"",""bit_mapping"":""component_Gray_00_-3_01_-1_10_3_11_1_over_sqrt5;QPSK_0_plus1_1_minus1"",""code_blocks"":1,""decoder_config"":{""cn_schedule"":""flooding"",""cn_update"":""boxplus-phi"",""early_stop"":false,""hard_out"":true,""harq_mode"":false,""llr_max"":20.0,""num_iter"":20,""precision"":""single"",""prune_pcm"":true,""return_infobits"":true,""vn_update"":""sum""},""implementation"":{""bit_mapping"":""component_Gray_00_-3_01_-1_10_3_11_1_over_sqrt5;QPSK_0_plus1_1_minus1"",""cuda"":""12.8"",""decoder"":{""cn_schedule"":""flooding"",""cn_update"":""boxplus-phi"",""early_stop"":false,""hard_out"":true,""harq_mode"":false,""llr_max"":20.0,""num_iter"":20,""precision"":""single"",""prune_pcm"":true,""return_infobits"":true,""vn_update"":""sum""},""decoder_source_sha256"":""44d84b92b749e2970f94d92cd348a11648e2286b4d851faa0af8b21d08f0da23"",""encoder_source_sha256"":""34d8db6660b2e84708a8fb534f63c194f6f2b964e3693fcffc9dcaf21532ccfd"",""implementation"":""Sionna_5G_LDPC"",""power_protocol"":""fixed_constellation_average_Es2"",""precision"":""float32"",""rate_matching"":""Sionna RV0; filler removal, first2Z and tail puncturing; supported n only"",""scrambling"":""public_PCG64_SHA256_protocol_session_frame_group_counter_after_rate_matching_v1"",""torch"":""2.11.0+cu128"",""version"":""2.2.0""},""interleaver_sha256"":""a3ba6d3c497e47cf962b95d7e9159eb97af55bcf3d604ca0d29770e3ca795ac2"",""k"":676,""k_filler"":44,""k_ldpc"":720,""layout_id"":""2effd8183fad1f47b2af1a7ec952a0b0d36996ab2c15a36251c72ebb5e35d397"",""modulation_padding_bits"":0,""mother_bits"":3744,""n"":1864,""n_cb"":3600,""n_cb_comp"":3556,""power_protocol"":""fixed_constellation_average_Es2"",""puncturing_bits"":1836,""puncturing_first_2Z"":144,""puncturing_remaining"":1692,""repetition_bits"":0,""scrambling"":""public_PCG64_SHA256_protocol_session_frame_group_counter_after_rate_matching_v1"",""shortening_bits"":44,""z"":72}",[1024]
QPSK,3/4,QPSK:r3/4,b3c76e12d575b9707bd4ad16cb0e51329558d14b02cdd8fb8c9d025730890e8c,72,16,0,88,150,62,780,362,181,0,0.2430939226519337,0.19889502762430938,"{""actual_effective_rate"":0.2430939226519337,""bg"":""bg2"",""bit_mapping"":""component_Gray_00_-3_01_-1_10_3_11_1_over_sqrt5;QPSK_0_plus1_1_minus1"",""code_blocks"":1,""decoder_config"":{""cn_schedule"":""flooding"",""cn_update"":""boxplus-phi"",""early_stop"":false,""hard_out"":true,""harq_mode"":false,""llr_max"":20.0,""num_iter"":20,""precision"":""single"",""prune_pcm"":true,""return_infobits"":true,""vn_update"":""sum""},""implementation"":{""bit_mapping"":""component_Gray_00_-3_01_-1_10_3_11_1_over_sqrt5;QPSK_0_plus1_1_minus1"",""cuda"":""12.8"",""decoder"":{""cn_schedule"":""flooding"",""cn_update"":""boxplus-phi"",""early_stop"":false,""hard_out"":true,""harq_mode"":false,""llr_max"":20.0,""num_iter"":20,""precision"":""single"",""prune_pcm"":true,""return_infobits"":true,""vn_update"":""sum""},""decoder_source_sha256"":""44d84b92b749e2970f94d92cd348a11648e2286b4d851faa0af8b21d08f0da23"",""encoder_source_sha256"":""34d8db6660b2e84708a8fb534f63c194f6f2b964e3693fcffc9dcaf21532ccfd"",""implementation"":""Sionna_5G_LDPC"",""power_protocol"":""fixed_constellation_average_Es2"",""precision"":""float32"",""rate_matching"":""Sionna RV0; filler removal, first2Z and tail puncturing; supported n only"",""scrambling"":""public_PCG64_SHA256_protocol_session_frame_group_counter_after_rate_matching_v1"",""torch"":""2.11.0+cu128"",""version"":""2.2.0""},""interleaver_sha256"":""6d119c018919ba57f4af2e7b9f5eabdd1ef68b2a892c55a965a2085fe5f141fb"",""k"":88,""k_filler"":62,""k_ldpc"":150,""layout_id"":""a1b8ae88a196e04b392eb092f7a5b88e7dd0bcb66a65c46ffb4ee7d7eb4bf056"",""modulation_padding_bits"":0,""mother_bits"":780,""n"":362,""n_cb"":750,""n_cb_comp"":688,""power_protocol"":""fixed_constellation_average_Es2"",""puncturing_bits"":356,""puncturing_first_2Z"":30,""puncturing_remaining"":326,""repetition_bits"":0,""scrambling"":""public_PCG64_SHA256_protocol_session_frame_group_counter_after_rate_matching_v1"",""shortening_bits"":62,""z"":15}",[1024]
QPSK,1/2,QPSK:r1/2,b3c77ef8868eb46a2de95f70e42183a8eaab48713b22c6901abc5e37733fe14b,660,16,0,676,720,44,3744,1812,906,0,0.3730684326710817,0.36423841059602646,"{""actual_effective_rate"":0.3730684326710817,""bg"":""bg2"",""bit_mapping"":""component_Gray_00_-3_01_-1_10_3_11_1_over_sqrt5;QPSK_0_plus1_1_minus1"",""code_blocks"":1,""decoder_config"":{""cn_schedule"":""flooding"",""cn_update"":""boxplus-phi"",""early_stop"":false,""hard_out"":true,""harq_mode"":false,""llr_max"":20.0,""num_iter"":20,""precision"":""single"",""prune_pcm"":true,""return_infobits"":true,""vn_update"":""sum""},""implementation"":{""bit_mapping"":""component_Gray_00_-3_01_-1_10_3_11_1_over_sqrt5;QPSK_0_plus1_1_minus1"",""cuda"":""12.8"",""decoder"":{""cn_schedule"":""flooding"",""cn_update"":""boxplus-phi"",""early_stop"":false,""hard_out"":true,""harq_mode"":false,""llr_max"":20.0,""num_iter"":20,""precision"":""single"",""prune_pcm"":true,""return_infobits"":true,""vn_update"":""sum""},""decoder_source_sha256"":""44d84b92b749e2970f94d92cd348a11648e2286b4d851faa0af8b21d08f0da23"",""encoder_source_sha256"":""34d8db6660b2e84708a8fb534f63c194f6f2b964e3693fcffc9dcaf21532ccfd"",""implementation"":""Sionna_5G_LDPC"",""power_protocol"":""fixed_constellation_average_Es2"",""precision"":""float32"",""rate_matching"":""Sionna RV0; filler removal, first2Z and tail puncturing; supported n only"",""scrambling"":""public_PCG64_SHA256_protocol_session_frame_group_counter_after_rate_matching_v1"",""torch"":""2.11.0+cu128"",""version"":""2.2.0""},""interleaver_sha256"":""6e104b2617ae943088103c7bd719a6b6970d2d121d05aa0e097a6916f8f628d6"",""k"":676,""k_filler"":44,""k_ldpc"":720,""layout_id"":""649e61c7ff9ee8af8d3bb362ee985559db3ebc5ce2d7716dc2f1ea66af2ca207"",""modulation_padding_bits"":0,""mother_bits"":3744,""n"":1812,""n_cb"":3600,""n_cb_comp"":3556,""power_protocol"":""fixed_constellation_average_Es2"",""puncturing_bits"":1888,""puncturing_first_2Z"":144,""puncturing_remaining"":1744,""repetition_bits"":0,""scrambling"":""public_PCG64_SHA256_protocol_session_frame_group_counter_after_rate_matching_v1"",""shortening_bits"":44,""z"":72}",[1024]
16QAM,2/3,16QAM:r2/3,b3d6600c88b51ce3edca49e9874410097a95f19eadec903ca535e8dde0768305,4572,16,0,4588,4928,340,15232,6884,1721,0,0.6664729808251016,0.664148750726322,"{""actual_effective_rate"":0.6664729808251016,""bg"":""bg1"",""bit_mapping"":""component_Gray_00_-3_01_-1_10_3_11_1_over_sqrt5;QPSK_0_plus1_1_minus1"",""code_blocks"":1,""decoder_config"":{""cn_schedule"":""flooding"",""cn_update"":""boxplus-phi"",""early_stop"":false,""hard_out"":true,""harq_mode"":false,""llr_max"":20.0,""num_iter"":20,""precision"":""single"",""prune_pcm"":true,""return_infobits"":true,""vn_update"":""sum""},""implementation"":{""bit_mapping"":""component_Gray_00_-3_01_-1_10_3_11_1_over_sqrt5;QPSK_0_plus1_1_minus1"",""cuda"":""12.8"",""decoder"":{""cn_schedule"":""flooding"",""cn_update"":""boxplus-phi"",""early_stop"":false,""hard_out"":true,""harq_mode"":false,""llr_max"":20.0,""num_iter"":20,""precision"":""single"",""prune_pcm"":true,""return_infobits"":true,""vn_update"":""sum""},""decoder_source_sha256"":""44d84b92b749e2970f94d92cd348a11648e2286b4d851faa0af8b21d08f0da23"",""encoder_source_sha256"":""34d8db6660b2e84708a8fb534f63c194f6f2b964e3693fcffc9dcaf21532ccfd"",""implementation"":""Sionna_5G_LDPC"",""power_protocol"":""fixed_constellation_average_Es2"",""precision"":""float32"",""rate_matching"":""Sionna RV0; filler removal, first2Z and tail puncturing; supported n only"",""scrambling"":""public_PCG64_SHA256_protocol_session_frame_group_counter_after_rate_matching_v1"",""torch"":""2.11.0+cu128"",""version"":""2.2.0""},""interleaver_sha256"":""7073c25402ceec7a02f40f14bd31562ca7cdb95d582f937913da5bc821352a39"",""k"":4588,""k_filler"":340,""k_ldpc"":4928,""layout_id"":""4cbddecd7ae8567eceea3d552fdc9b8465737fb79d31920ee9ed606e5ffef71f"",""modulation_padding_bits"":0,""mother_bits"":15232,""n"":6884,""n_cb"":14784,""n_cb_comp"":14444,""power_protocol"":""fixed_constellation_average_Es2"",""puncturing_bits"":8008,""puncturing_first_2Z"":448,""puncturing_remaining"":7560,""repetition_bits"":0,""scrambling"":""public_PCG64_SHA256_protocol_session_frame_group_counter_after_rate_matching_v1"",""shortening_bits"":340,""z"":224}",[2048]
QPSK,3/4,QPSK:r3/4,b3dc2fa8679bbb0d4dace6916b70537e992550db9549be7cd9569d99049e3075,300,16,0,316,400,84,2080,818,409,0,0.3863080684596577,0.36674816625916873,"{""actual_effective_rate"":0.3863080684596577,""bg"":""bg2"",""bit_mapping"":""component_Gray_00_-3_01_-1_10_3_11_1_over_sqrt5;QPSK_0_plus1_1_minus1"",""code_blocks"":1,""decoder_config"":{""cn_schedule"":""flooding"",""cn_update"":""boxplus-phi"",""early_stop"":false,""hard_out"":true,""harq_mode"":false,""llr_max"":20.0,""num_iter"":20,""precision"":""single"",""prune_pcm"":true,""return_infobits"":true,""vn_update"":""sum""},""implementation"":{""bit_mapping"":""component_Gray_00_-3_01_-1_10_3_11_1_over_sqrt5;QPSK_0_plus1_1_minus1"",""cuda"":""12.8"",""decoder"":{""cn_schedule"":""flooding"",""cn_update"":""boxplus-phi"",""early_stop"":false,""hard_out"":true,""harq_mode"":false,""llr_max"":20.0,""num_iter"":20,""precision"":""single"",""prune_pcm"":true,""return_infobits"":true,""vn_update"":""sum""},""decoder_source_sha256"":""44d84b92b749e2970f94d92cd348a11648e2286b4d851faa0af8b21d08f0da23"",""encoder_source_sha256"":""34d8db6660b2e84708a8fb534f63c194f6f2b964e3693fcffc9dcaf21532ccfd"",""implementation"":""Sionna_5G_LDPC"",""power_protocol"":""fixed_constellation_average_Es2"",""precision"":""float32"",""rate_matching"":""Sionna RV0; filler removal, first2Z and tail puncturing; supported n only"",""scrambling"":""public_PCG64_SHA256_protocol_session_frame_group_counter_after_rate_matching_v1"",""torch"":""2.11.0+cu128"",""version"":""2.2.0""},""interleaver_sha256"":""975ad98bcb56f56d4508fc198b85dce642fd2842c78063b1fe113cf469e7bafe"",""k"":316,""k_filler"":84,""k_ldpc"":400,""layout_id"":""86b13ac4abe8ffca8c7715a62c83c44fb9141d3b4272b0f1f99103f98914535d"",""modulation_padding_bits"":0,""mother_bits"":2080,""n"":818,""n_cb"":2000,""n_cb_comp"":1916,""power_protocol"":""fixed_constellation_average_Es2"",""puncturing_bits"":1178,""puncturing_first_2Z"":80,""puncturing_remaining"":1098,""repetition_bits"":0,""scrambling"":""public_PCG64_SHA256_protocol_session_frame_group_counter_after_rate_matching_v1"",""shortening_bits"":84,""z"":40}",[1024]
16QAM,2/3,16QAM:r2/3,b3e21aaed1758d1a00239ceb24e7b7442078023fce534e5824f30c8caaf131a9,4068,16,0,4084,4224,140,13056,7920,1980,0,0.5156565656565657,0.5136363636363637,"{""actual_effective_rate"":0.5156565656565657,""bg"":""bg1"",""bit_mapping"":""component_Gray_00_-3_01_-1_10_3_11_1_over_sqrt5;QPSK_0_plus1_1_minus1"",""code_blocks"":1,""decoder_config"":{""cn_schedule"":""flooding"",""cn_update"":""boxplus-phi"",""early_stop"":false,""hard_out"":true,""harq_mode"":false,""llr_max"":20.0,""num_iter"":20,""precision"":""single"",""prune_pcm"":true,""return_infobits"":true,""vn_update"":""sum""},""implementation"":{""bit_mapping"":""component_Gray_00_-3_01_-1_10_3_11_1_over_sqrt5;QPSK_0_plus1_1_minus1"",""cuda"":""12.8"",""decoder"":{""cn_schedule"":""flooding"",""cn_update"":""boxplus-phi"",""early_stop"":false,""hard_out"":true,""harq_mode"":false,""llr_max"":20.0,""num_iter"":20,""precision"":""single"",""prune_pcm"":true,""return_infobits"":true,""vn_update"":""sum""},""decoder_source_sha256"":""44d84b92b749e2970f94d92cd348a11648e2286b4d851faa0af8b21d08f0da23"",""encoder_source_sha256"":""34d8db6660b2e84708a8fb534f63c194f6f2b964e3693fcffc9dcaf21532ccfd"",""implementation"":""Sionna_5G_LDPC"",""power_protocol"":""fixed_constellation_average_Es2"",""precision"":""float32"",""rate_matching"":""Sionna RV0; filler removal, first2Z and tail puncturing; supported n only"",""scrambling"":""public_PCG64_SHA256_protocol_session_frame_group_counter_after_rate_matching_v1"",""torch"":""2.11.0+cu128"",""version"":""2.2.0""},""interleaver_sha256"":""bf29d57f104b46cfad97442eb8b05f15d543d1ba6069085098da1ce605aaeccb"",""k"":4084,""k_filler"":140,""k_ldpc"":4224,""layout_id"":""2825e40e1ef48872a0e97ae70fa4b67f3e96e7aefd5f597c580473fe7d48520f"",""modulation_padding_bits"":0,""mother_bits"":13056,""n"":7920,""n_cb"":12672,""n_cb_comp"":12532,""power_protocol"":""fixed_constellation_average_Es2"",""puncturing_bits"":4996,""puncturing_first_2Z"":384,""puncturing_remaining"":4612,""repetition_bits"":0,""scrambling"":""public_PCG64_SHA256_protocol_session_frame_group_counter_after_rate_matching_v1"",""shortening_bits"":140,""z"":192}",[2048]
QPSK,2/3,QPSK:r2/3,b3ea18b481fdd3ec6ceacf46cdb59f721595bdf1fb9dffe74254131d4c64486d,660,16,0,676,720,44,3744,1258,629,0,0.5373608903020668,0.5246422893481717,"{""actual_effective_rate"":0.5373608903020668,""bg"":""bg2"",""bit_mapping"":""component_Gray_00_-3_01_-1_10_3_11_1_over_sqrt5;QPSK_0_plus1_1_minus1"",""code_blocks"":1,""decoder_config"":{""cn_schedule"":""flooding"",""cn_update"":""boxplus-phi"",""early_stop"":false,""hard_out"":true,""harq_mode"":false,""llr_max"":20.0,""num_iter"":20,""precision"":""single"",""prune_pcm"":true,""return_infobits"":true,""vn_update"":""sum""},""implementation"":{""bit_mapping"":""component_Gray_00_-3_01_-1_10_3_11_1_over_sqrt5;QPSK_0_plus1_1_minus1"",""cuda"":""12.8"",""decoder"":{""cn_schedule"":""flooding"",""cn_update"":""boxplus-phi"",""early_stop"":false,""hard_out"":true,""harq_mode"":false,""llr_max"":20.0,""num_iter"":20,""precision"":""single"",""prune_pcm"":true,""return_infobits"":true,""vn_update"":""sum""},""decoder_source_sha256"":""44d84b92b749e2970f94d92cd348a11648e2286b4d851faa0af8b21d08f0da23"",""encoder_source_sha256"":""34d8db6660b2e84708a8fb534f63c194f6f2b964e3693fcffc9dcaf21532ccfd"",""implementation"":""Sionna_5G_LDPC"",""power_protocol"":""fixed_constellation_average_Es2"",""precision"":""float32"",""rate_matching"":""Sionna RV0; filler removal, first2Z and tail puncturing; supported n only"",""scrambling"":""public_PCG64_SHA256_protocol_session_frame_group_counter_after_rate_matching_v1"",""torch"":""2.11.0+cu128"",""version"":""2.2.0""},""interleaver_sha256"":""0fc3b09d723a8c448b15183a45fbdeaec62a04e9560fb0bbfa01a3ef7a46b4c1"",""k"":676,""k_filler"":44,""k_ldpc"":720,""layout_id"":""82d1272967befb4bf4297ee69a500c0b9d3e605bb2c4b0fc39f547f7eafbed8e"",""modulation_padding_bits"":0,""mother_bits"":3744,""n"":1258,""n_cb"":3600,""n_cb_comp"":3556,""power_protocol"":""fixed_constellation_average_Es2"",""puncturing_bits"":2442,""puncturing_first_2Z"":144,""puncturing_remaining"":2298,""repetition_bits"":0,""scrambling"":""public_PCG64_SHA256_protocol_session_frame_group_counter_after_rate_matching_v1"",""shortening_bits"":44,""z"":72}",[2048]
16QAM,1/3,16QAM:r1/3,b3f20836c7a55b391bbbdef972d7f99c0a1175b21f1185619ef493f4ef50d41f,1092,16,0,1108,1120,12,5824,3496,874,0,0.3169336384439359,0.3123569794050343,"{""actual_effective_rate"":0.3169336384439359,""bg"":""bg2"",""bit_mapping"":""component_Gray_00_-3_01_-1_10_3_11_1_over_sqrt5;QPSK_0_plus1_1_minus1"",""code_blocks"":1,""decoder_config"":{""cn_schedule"":""flooding"",""cn_update"":""boxplus-phi"",""early_stop"":false,""hard_out"":true,""harq_mode"":false,""llr_max"":20.0,""num_iter"":20,""precision"":""single"",""prune_pcm"":true,""return_infobits"":true,""vn_update"":""sum""},""implementation"":{""bit_mapping"":""component_Gray_00_-3_01_-1_10_3_11_1_over_sqrt5;QPSK_0_plus1_1_minus1"",""cuda"":""12.8"",""decoder"":{""cn_schedule"":""flooding"",""cn_update"":""boxplus-phi"",""early_stop"":false,""hard_out"":true,""harq_mode"":false,""llr_max"":20.0,""num_iter"":20,""precision"":""single"",""prune_pcm"":true,""return_infobits"":true,""vn_update"":""sum""},""decoder_source_sha256"":""44d84b92b749e2970f94d92cd348a11648e2286b4d851faa0af8b21d08f0da23"",""encoder_source_sha256"":""34d8db6660b2e84708a8fb534f63c194f6f2b964e3693fcffc9dcaf21532ccfd"",""implementation"":""Sionna_5G_LDPC"",""power_protocol"":""fixed_constellation_average_Es2"",""precision"":""float32"",""rate_matching"":""Sionna RV0; filler removal, first2Z and tail puncturing; supported n only"",""scrambling"":""public_PCG64_SHA256_protocol_session_frame_group_counter_after_rate_matching_v1"",""torch"":""2.11.0+cu128"",""version"":""2.2.0""},""interleaver_sha256"":""489212961c2a661da833941ebbd9ae420568833e5237168e5fe421e3e7794a26"",""k"":1108,""k_filler"":12,""k_ldpc"":1120,""layout_id"":""0283c12db40f70d866b4cbb4fadf1d36c229a7e55fb0247cb855c76614a02f55"",""modulation_padding_bits"":0,""mother_bits"":5824,""n"":3496,""n_cb"":5600,""n_cb_comp"":5588,""power_protocol"":""fixed_constellation_average_Es2"",""puncturing_bits"":2316,""puncturing_first_2Z"":224,""puncturing_remaining"":2092,""repetition_bits"":0,""scrambling"":""public_PCG64_SHA256_protocol_session_frame_group_counter_after_rate_matching_v1"",""shortening_bits"":12,""z"":112}",[1024]
16QAM,2/3,16QAM:r2/3,b4002730fc2f98b4a577f73c8180d15d6020d12469c5a13c84d099aa1d2d6a01,72,16,0,88,150,62,780,308,77,0,0.2857142857142857,0.23376623376623376,"{""actual_effective_rate"":0.2857142857142857,""bg"":""bg2"",""bit_mapping"":""component_Gray_00_-3_01_-1_10_3_11_1_over_sqrt5;QPSK_0_plus1_1_minus1"",""code_blocks"":1,""decoder_config"":{""cn_schedule"":""flooding"",""cn_update"":""boxplus-phi"",""early_stop"":false,""hard_out"":true,""harq_mode"":false,""llr_max"":20.0,""num_iter"":20,""precision"":""single"",""prune_pcm"":true,""return_infobits"":true,""vn_update"":""sum""},""implementation"":{""bit_mapping"":""component_Gray_00_-3_01_-1_10_3_11_1_over_sqrt5;QPSK_0_plus1_1_minus1"",""cuda"":""12.8"",""decoder"":{""cn_schedule"":""flooding"",""cn_update"":""boxplus-phi"",""early_stop"":false,""hard_out"":true,""harq_mode"":false,""llr_max"":20.0,""num_iter"":20,""precision"":""single"",""prune_pcm"":true,""return_infobits"":true,""vn_update"":""sum""},""decoder_source_sha256"":""44d84b92b749e2970f94d92cd348a11648e2286b4d851faa0af8b21d08f0da23"",""encoder_source_sha256"":""34d8db6660b2e84708a8fb534f63c194f6f2b964e3693fcffc9dcaf21532ccfd"",""implementation"":""Sionna_5G_LDPC"",""power_protocol"":""fixed_constellation_average_Es2"",""precision"":""float32"",""rate_matching"":""Sionna RV0; filler removal, first2Z and tail puncturing; supported n only"",""scrambling"":""public_PCG64_SHA256_protocol_session_frame_group_counter_after_rate_matching_v1"",""torch"":""2.11.0+cu128"",""version"":""2.2.0""},""interleaver_sha256"":""c816ed0d9ccb30b24a71863821c7e27fc1cc4978a669ac8179ac22399ae086a0"",""k"":88,""k_filler"":62,""k_ldpc"":150,""layout_id"":""3406cfbc26790dc20f46fe6a974b2d3ee72cfc4cbc96032a7386441b76c61872"",""modulation_padding_bits"":0,""mother_bits"":780,""n"":308,""n_cb"":750,""n_cb_comp"":688,""power_protocol"":""fixed_constellation_average_Es2"",""puncturing_bits"":410,""puncturing_first_2Z"":30,""puncturing_remaining"":380,""repetition_bits"":0,""scrambling"":""public_PCG64_SHA256_protocol_session_frame_group_counter_after_rate_matching_v1"",""shortening_bits"":62,""z"":15}",[1024]
QPSK,5/6,QPSK:r5/6,b4084f392ff921628f9d308ed4d1bf5e68c746b757291e3bf9e1202f0031f359,360,16,0,376,480,104,2496,1382,691,0,0.27206946454413894,0.26049204052098407,"{""actual_effective_rate"":0.27206946454413894,""bg"":""bg2"",""bit_mapping"":""component_Gray_00_-3_01_-1_10_3_11_1_over_sqrt5;QPSK_0_plus1_1_minus1"",""code_blocks"":1,""decoder_config"":{""cn_schedule"":""flooding"",""cn_update"":""boxplus-phi"",""early_stop"":false,""hard_out"":true,""harq_mode"":false,""llr_max"":20.0,""num_iter"":20,""precision"":""single"",""prune_pcm"":true,""return_infobits"":true,""vn_update"":""sum""},""implementation"":{""bit_mapping"":""component_Gray_00_-3_01_-1_10_3_11_1_over_sqrt5;QPSK_0_plus1_1_minus1"",""cuda"":""12.8"",""decoder"":{""cn_schedule"":""flooding"",""cn_update"":""boxplus-phi"",""early_stop"":false,""hard_out"":true,""harq_mode"":false,""llr_max"":20.0,""num_iter"":20,""precision"":""single"",""prune_pcm"":true,""return_infobits"":true,""vn_update"":""sum""},""decoder_source_sha256"":""44d84b92b749e2970f94d92cd348a11648e2286b4d851faa0af8b21d08f0da23"",""encoder_source_sha256"":""34d8db6660b2e84708a8fb534f63c194f6f2b964e3693fcffc9dcaf21532ccfd"",""implementation"":""Sionna_5G_LDPC"",""power_protocol"":""fixed_constellation_average_Es2"",""precision"":""float32"",""rate_matching"":""Sionna RV0; filler removal, first2Z and tail puncturing; supported n only"",""scrambling"":""public_PCG64_SHA256_protocol_session_frame_group_counter_after_rate_matching_v1"",""torch"":""2.11.0+cu128"",""version"":""2.2.0""},""interleaver_sha256"":""1892e59cfdce402b0100f2cefe08bfc75dd0aa78746653e0761f73287a0b062a"",""k"":376,""k_filler"":104,""k_ldpc"":480,""layout_id"":""20800c107964febb020699e8593b405b5fe81272f8941361820db75fd65986b9"",""modulation_padding_bits"":0,""mother_bits"":2496,""n"":1382,""n_cb"":2400,""n_cb_comp"":2296,""power_protocol"":""fixed_constellation_average_Es2"",""puncturing_bits"":1010,""puncturing_first_2Z"":96,""puncturing_remaining"":914,""repetition_bits"":0,""scrambling"":""public_PCG64_SHA256_protocol_session_frame_group_counter_after_rate_matching_v1"",""shortening_bits"":104,""z"":48}",[1024]
QPSK,3/4,QPSK:r3/4,b408b9203947162fbcb9173191efc1b5343d11a929dcc3a9b5848122005155a0,732,16,0,748,800,52,4160,2258,1129,0,0.3312666076173605,0.32418069087688217,"{""actual_effective_rate"":0.3312666076173605,""bg"":""bg2"",""bit_mapping"":""component_Gray_00_-3_01_-1_10_3_11_1_over_sqrt5;QPSK_0_plus1_1_minus1"",""code_blocks"":1,""decoder_config"":{""cn_schedule"":""flooding"",""cn_update"":""boxplus-phi"",""early_stop"":false,""hard_out"":true,""harq_mode"":false,""llr_max"":20.0,""num_iter"":20,""precision"":""single"",""prune_pcm"":true,""return_infobits"":true,""vn_update"":""sum""},""implementation"":{""bit_mapping"":""component_Gray_00_-3_01_-1_10_3_11_1_over_sqrt5;QPSK_0_plus1_1_minus1"",""cuda"":""12.8"",""decoder"":{""cn_schedule"":""flooding"",""cn_update"":""boxplus-phi"",""early_stop"":false,""hard_out"":true,""harq_mode"":false,""llr_max"":20.0,""num_iter"":20,""precision"":""single"",""prune_pcm"":true,""return_infobits"":true,""vn_update"":""sum""},""decoder_source_sha256"":""44d84b92b749e2970f94d92cd348a11648e2286b4d851faa0af8b21d08f0da23"",""encoder_source_sha256"":""34d8db6660b2e84708a8fb534f63c194f6f2b964e3693fcffc9dcaf21532ccfd"",""implementation"":""Sionna_5G_LDPC"",""power_protocol"":""fixed_constellation_average_Es2"",""precision"":""float32"",""rate_matching"":""Sionna RV0; filler removal, first2Z and tail puncturing; supported n only"",""scrambling"":""public_PCG64_SHA256_protocol_session_frame_group_counter_after_rate_matching_v1"",""torch"":""2.11.0+cu128"",""version"":""2.2.0""},""interleaver_sha256"":""226abfce2f32abae413da3f5b99aa8475203f26e1a6122367ff7f18f30677657"",""k"":748,""k_filler"":52,""k_ldpc"":800,""layout_id"":""2fd5eec6585bbc76042055501235bdf81e44d2d3ac009eb30aea3a2f223c3adc"",""modulation_padding_bits"":0,""mother_bits"":4160,""n"":2258,""n_cb"":4000,""n_cb_comp"":3948,""power_protocol"":""fixed_constellation_average_Es2"",""puncturing_bits"":1850,""puncturing_first_2Z"":160,""puncturing_remaining"":1690,""repetition_bits"":0,""scrambling"":""public_PCG64_SHA256_protocol_session_frame_group_counter_after_rate_matching_v1"",""shortening_bits"":52,""z"":80}",[2048]
QPSK,1/3,QPSK:r1/3,b4152e32bca3888517d470370ebc1372b295d61feb5bef61cd6c0fc83418159d,600,16,0,616,720,104,3744,2460,1230,0,0.25040650406504067,0.24390243902439024,"{""actual_effective_rate"":0.25040650406504067,""bg"":""bg2"",""bit_mapping"":""component_Gray_00_-3_01_-1_10_3_11_1_over_sqrt5;QPSK_0_plus1_1_minus1"",""code_blocks"":1,""decoder_config"":{""cn_schedule"":""flooding"",""cn_update"":""boxplus-phi"",""early_stop"":false,""hard_out"":true,""harq_mode"":false,""llr_max"":20.0,""num_iter"":20,""precision"":""single"",""prune_pcm"":true,""return_infobits"":true,""vn_update"":""sum""},""implementation"":{""bit_mapping"":""component_Gray_00_-3_01_-1_10_3_11_1_over_sqrt5;QPSK_0_plus1_1_minus1"",""cuda"":""12.8"",""decoder"":{""cn_schedule"":""flooding"",""cn_update"":""boxplus-phi"",""early_stop"":false,""hard_out"":true,""harq_mode"":false,""llr_max"":20.0,""num_iter"":20,""precision"":""single"",""prune_pcm"":true,""return_infobits"":true,""vn_update"":""sum""},""decoder_source_sha256"":""44d84b92b749e2970f94d92cd348a11648e2286b4d851faa0af8b21d08f0da23"",""encoder_source_sha256"":""34d8db6660b2e84708a8fb534f63c194f6f2b964e3693fcffc9dcaf21532ccfd"",""implementation"":""Sionna_5G_LDPC"",""power_protocol"":""fixed_constellation_average_Es2"",""precision"":""float32"",""rate_matching"":""Sionna RV0; filler removal, first2Z and tail puncturing; supported n only"",""scrambling"":""public_PCG64_SHA256_protocol_session_frame_group_counter_after_rate_matching_v1"",""torch"":""2.11.0+cu128"",""version"":""2.2.0""},""interleaver_sha256"":""708e5c03baef5c62909aa6ec95c572f380e8afb2ebcde497076a28b602218add"",""k"":616,""k_filler"":104,""k_ldpc"":720,""layout_id"":""e525bc738632f0dac0253f2703cb316f8a5a9e1fec26e83c157a9dec479ee769"",""modulation_padding_bits"":0,""mother_bits"":3744,""n"":2460,""n_cb"":3600,""n_cb_comp"":3496,""power_protocol"":""fixed_constellation_average_Es2"",""puncturing_bits"":1180,""puncturing_first_2Z"":144,""puncturing_remaining"":1036,""repetition_bits"":0,""scrambling"":""public_PCG64_SHA256_protocol_session_frame_group_counter_after_rate_matching_v1"",""shortening_bits"":104,""z"":72}",[2048]
QPSK,1/2,QPSK:r1/2,b41606c47e9c0b0b0e9106a3ad2c549530e3c6528af7eb2742d90b2f172610d9,660,16,0,676,720,44,3744,3086,1543,0,0.21905379131561892,0.21386908619572262,"{""actual_effective_rate"":0.21905379131561892,""bg"":""bg2"",""bit_mapping"":""component_Gray_00_-3_01_-1_10_3_11_1_over_sqrt5;QPSK_0_plus1_1_minus1"",""code_blocks"":1,""decoder_config"":{""cn_schedule"":""flooding"",""cn_update"":""boxplus-phi"",""early_stop"":false,""hard_out"":true,""harq_mode"":false,""llr_max"":20.0,""num_iter"":20,""precision"":""single"",""prune_pcm"":true,""return_infobits"":true,""vn_update"":""sum""},""implementation"":{""bit_mapping"":""component_Gray_00_-3_01_-1_10_3_11_1_over_sqrt5;QPSK_0_plus1_1_minus1"",""cuda"":""12.8"",""decoder"":{""cn_schedule"":""flooding"",""cn_update"":""boxplus-phi"",""early_stop"":false,""hard_out"":true,""harq_mode"":false,""llr_max"":20.0,""num_iter"":20,""precision"":""single"",""prune_pcm"":true,""return_infobits"":true,""vn_update"":""sum""},""decoder_source_sha256"":""44d84b92b749e2970f94d92cd348a11648e2286b4d851faa0af8b21d08f0da23"",""encoder_source_sha256"":""34d8db6660b2e84708a8fb534f63c194f6f2b964e3693fcffc9dcaf21532ccfd"",""implementation"":""Sionna_5G_LDPC"",""power_protocol"":""fixed_constellation_average_Es2"",""precision"":""float32"",""rate_matching"":""Sionna RV0; filler removal, first2Z and tail puncturing; supported n only"",""scrambling"":""public_PCG64_SHA256_protocol_session_frame_group_counter_after_rate_matching_v1"",""torch"":""2.11.0+cu128"",""version"":""2.2.0""},""interleaver_sha256"":""fb662e1bd5aca89768b72bb7cc43e2cbde0834ea45db17d4910c7b50a8368357"",""k"":676,""k_filler"":44,""k_ldpc"":720,""layout_id"":""0d31364418a3bf054373ca68a2525440d827c335e58c3c9cadc68ce38dc5d0cd"",""modulation_padding_bits"":0,""mother_bits"":3744,""n"":3086,""n_cb"":3600,""n_cb_comp"":3556,""power_protocol"":""fixed_constellation_average_Es2"",""puncturing_bits"":614,""puncturing_first_2Z"":144,""puncturing_remaining"":470,""repetition_bits"":0,""scrambling"":""public_PCG64_SHA256_protocol_session_frame_group_counter_after_rate_matching_v1"",""shortening_bits"":44,""z"":72}",[2048]
QPSK,3/4,QPSK:r3/4,b4197479f9cbd369ebcb9c1689b1e30662bee82e50e0ce35d2c277be13d7a790,624,16,0,640,720,80,3744,2684,1342,0,0.23845007451564829,0.23248882265275708,"{""actual_effective_rate"":0.23845007451564829,""bg"":""bg2"",""bit_mapping"":""component_Gray_00_-3_01_-1_10_3_11_1_over_sqrt5;QPSK_0_plus1_1_minus1"",""code_blocks"":1,""decoder_config"":{""cn_schedule"":""flooding"",""cn_update"":""boxplus-phi"",""early_stop"":false,""hard_out"":true,""harq_mode"":false,""llr_max"":20.0,""num_iter"":20,""precision"":""single"",""prune_pcm"":true,""return_infobits"":true,""vn_update"":""sum""},""implementation"":{""bit_mapping"":""component_Gray_00_-3_01_-1_10_3_11_1_over_sqrt5;QPSK_0_plus1_1_minus1"",""cuda"":""12.8"",""decoder"":{""cn_schedule"":""flooding"",""cn_update"":""boxplus-phi"",""early_stop"":false,""hard_out"":true,""harq_mode"":false,""llr_max"":20.0,""num_iter"":20,""precision"":""single"",""prune_pcm"":true,""return_infobits"":true,""vn_update"":""sum""},""decoder_source_sha256"":""44d84b92b749e2970f94d92cd348a11648e2286b4d851faa0af8b21d08f0da23"",""encoder_source_sha256"":""34d8db6660b2e84708a8fb534f63c194f6f2b964e3693fcffc9dcaf21532ccfd"",""implementation"":""Sionna_5G_LDPC"",""power_protocol"":""fixed_constellation_average_Es2"",""precision"":""float32"",""rate_matching"":""Sionna RV0; filler removal, first2Z and tail puncturing; supported n only"",""scrambling"":""public_PCG64_SHA256_protocol_session_frame_group_counter_after_rate_matching_v1"",""torch"":""2.11.0+cu128"",""version"":""2.2.0""},""interleaver_sha256"":""f6bbc7a3448f801d34dcff8579d83d257c5c146d2f626fe1207e8d64b64fd4d7"",""k"":640,""k_filler"":80,""k_ldpc"":720,""layout_id"":""b9fbecd97c1fb36f4dac1b820048d2cc228f57a47fec64544f4633ea4fa42aab"",""modulation_padding_bits"":0,""mother_bits"":3744,""n"":2684,""n_cb"":3600,""n_cb_comp"":3520,""power_protocol"":""fixed_constellation_average_Es2"",""puncturing_bits"":980,""puncturing_first_2Z"":144,""puncturing_remaining"":836,""repetition_bits"":0,""scrambling"":""public_PCG64_SHA256_protocol_session_frame_group_counter_after_rate_matching_v1"",""shortening_bits"":80,""z"":72}",[2048]
16QAM,5/6,16QAM:r5/6,b426db064b8728cb68c8c312f6c5c680c8e0132051e701d338319db66e3167c5,576,16,0,592,616,24,1904,804,201,0,0.736318407960199,0.7164179104477612,"{""actual_effective_rate"":0.736318407960199,""bg"":""bg1"",""bit_mapping"":""component_Gray_00_-3_01_-1_10_3_11_1_over_sqrt5;QPSK_0_plus1_1_minus1"",""code_blocks"":1,""decoder_config"":{""cn_schedule"":""flooding"",""cn_update"":""boxplus-phi"",""early_stop"":false,""hard_out"":true,""harq_mode"":false,""llr_max"":20.0,""num_iter"":20,""precision"":""single"",""prune_pcm"":true,""return_infobits"":true,""vn_update"":""sum""},""implementation"":{""bit_mapping"":""component_Gray_00_-3_01_-1_10_3_11_1_over_sqrt5;QPSK_0_plus1_1_minus1"",""cuda"":""12.8"",""decoder"":{""cn_schedule"":""flooding"",""cn_update"":""boxplus-phi"",""early_stop"":false,""hard_out"":true,""harq_mode"":false,""llr_max"":20.0,""num_iter"":20,""precision"":""single"",""prune_pcm"":true,""return_infobits"":true,""vn_update"":""sum""},""decoder_source_sha256"":""44d84b92b749e2970f94d92cd348a11648e2286b4d851faa0af8b21d08f0da23"",""encoder_source_sha256"":""34d8db6660b2e84708a8fb534f63c194f6f2b964e3693fcffc9dcaf21532ccfd"",""implementation"":""Sionna_5G_LDPC"",""power_protocol"":""fixed_constellation_average_Es2"",""precision"":""float32"",""rate_matching"":""Sionna RV0; filler removal, first2Z and tail puncturing; supported n only"",""scrambling"":""public_PCG64_SHA256_protocol_session_frame_group_counter_after_rate_matching_v1"",""torch"":""2.11.0+cu128"",""version"":""2.2.0""},""interleaver_sha256"":""1704b17f3a553ae59ee12488007bdfa078e43cbcd691bfe1190cc8c9054b1f8e"",""k"":592,""k_filler"":24,""k_ldpc"":616,""layout_id"":""87a4591ac7a8acd07380afa15ac7b4ddb72b2daa86bf55039a7a1a29d86e13d3"",""modulation_padding_bits"":0,""mother_bits"":1904,""n"":804,""n_cb"":1848,""n_cb_comp"":1824,""power_protocol"":""fixed_constellation_average_Es2"",""puncturing_bits"":1076,""puncturing_first_2Z"":56,""puncturing_remaining"":1020,""repetition_bits"":0,""scrambling"":""public_PCG64_SHA256_protocol_session_frame_group_counter_after_rate_matching_v1"",""shortening_bits"":24,""z"":28}",[1024]
QPSK,1/3,QPSK:r1/3,b42b07df71744d964d1345e312b9da95b95e232dd5d1c7bf4ed1e9061d3df711,360,16,0,376,480,104,2496,1748,874,0,0.2151029748283753,0.20594965675057209,"{""actual_effective_rate"":0.2151029748283753,""bg"":""bg2"",""bit_mapping"":""component_Gray_00_-3_01_-1_10_3_11_1_over_sqrt5;QPSK_0_plus1_1_minus1"",""code_blocks"":1,""decoder_config"":{""cn_schedule"":""flooding"",""cn_update"":""boxplus-phi"",""early_stop"":false,""hard_out"":true,""harq_mode"":false,""llr_max"":20.0,""num_iter"":20,""precision"":""single"",""prune_pcm"":true,""return_infobits"":true,""vn_update"":""sum""},""implementation"":{""bit_mapping"":""component_Gray_00_-3_01_-1_10_3_11_1_over_sqrt5;QPSK_0_plus1_1_minus1"",""cuda"":""12.8"",""decoder"":{""cn_schedule"":""flooding"",""cn_update"":""boxplus-phi"",""early_stop"":false,""hard_out"":true,""harq_mode"":false,""llr_max"":20.0,""num_iter"":20,""precision"":""single"",""prune_pcm"":true,""return_infobits"":true,""vn_update"":""sum""},""decoder_source_sha256"":""44d84b92b749e2970f94d92cd348a11648e2286b4d851faa0af8b21d08f0da23"",""encoder_source_sha256"":""34d8db6660b2e84708a8fb534f63c194f6f2b964e3693fcffc9dcaf21532ccfd"",""implementation"":""Sionna_5G_LDPC"",""power_protocol"":""fixed_constellation_average_Es2"",""precision"":""float32"",""rate_matching"":""Sionna RV0; filler removal, first2Z and tail puncturing; supported n only"",""scrambling"":""public_PCG64_SHA256_protocol_session_frame_group_counter_after_rate_matching_v1"",""torch"":""2.11.0+cu128"",""version"":""2.2.0""},""interleaver_sha256"":""0de9ee4779d074dad7066c0a1d3938cef90f7f24fa41702bef4501c910436e0c"",""k"":376,""k_filler"":104,""k_ldpc"":480,""layout_id"":""ed199bdb50575bea6dcd700dcb4b2f1df0e5b3ffc5c3f4520c6bc612f8574780"",""modulation_padding_bits"":0,""mother_bits"":2496,""n"":1748,""n_cb"":2400,""n_cb_comp"":2296,""power_protocol"":""fixed_constellation_average_Es2"",""puncturing_bits"":644,""puncturing_first_2Z"":96,""puncturing_remaining"":548,""repetition_bits"":0,""scrambling"":""public_PCG64_SHA256_protocol_session_frame_group_counter_after_rate_matching_v1"",""shortening_bits"":104,""z"":48}",[1024]
QPSK,2/3,QPSK:r2/3,b42b4e996aa2d09fbcaf33078ffeefeea9ffea195c4b178838d167baed593ec0,360,16,0,376,480,104,2496,1856,928,0,0.2025862068965517,0.1939655172413793,"{""actual_effective_rate"":0.2025862068965517,""bg"":""bg2"",""bit_mapping"":""component_Gray_00_-3_01_-1_10_3_11_1_over_sqrt5;QPSK_0_plus1_1_minus1"",""code_blocks"":1,""decoder_config"":{""cn_schedule"":""flooding"",""cn_update"":""boxplus-phi"",""early_stop"":false,""hard_out"":true,""harq_mode"":false,""llr_max"":20.0,""num_iter"":20,""precision"":""single"",""prune_pcm"":true,""return_infobits"":true,""vn_update"":""sum""},""implementation"":{""bit_mapping"":""component_Gray_00_-3_01_-1_10_3_11_1_over_sqrt5;QPSK_0_plus1_1_minus1"",""cuda"":""12.8"",""decoder"":{""cn_schedule"":""flooding"",""cn_update"":""boxplus-phi"",""early_stop"":false,""hard_out"":true,""harq_mode"":false,""llr_max"":20.0,""num_iter"":20,""precision"":""single"",""prune_pcm"":true,""return_infobits"":true,""vn_update"":""sum""},""decoder_source_sha256"":""44d84b92b749e2970f94d92cd348a11648e2286b4d851faa0af8b21d08f0da23"",""encoder_source_sha256"":""34d8db6660b2e84708a8fb534f63c194f6f2b964e3693fcffc9dcaf21532ccfd"",""implementation"":""Sionna_5G_LDPC"",""power_protocol"":""fixed_constellation_average_Es2"",""precision"":""float32"",""rate_matching"":""Sionna RV0; filler removal, first2Z and tail puncturing; supported n only"",""scrambling"":""public_PCG64_SHA256_protocol_session_frame_group_counter_after_rate_matching_v1"",""torch"":""2.11.0+cu128"",""version"":""2.2.0""},""interleaver_sha256"":""6f4c963a066dc7df9d1bff569e505614151c3686a0e113e5ba46a52313d285a6"",""k"":376,""k_filler"":104,""k_ldpc"":480,""layout_id"":""8b59727e5ebb8f83a7b0ee990f1074b7ce27f30fba9ea43704445c4ecfd5789f"",""modulation_padding_bits"":0,""mother_bits"":2496,""n"":1856,""n_cb"":2400,""n_cb_comp"":2296,""power_protocol"":""fixed_constellation_average_Es2"",""puncturing_bits"":536,""puncturing_first_2Z"":96,""puncturing_remaining"":440,""repetition_bits"":0,""scrambling"":""public_PCG64_SHA256_protocol_session_frame_group_counter_after_rate_matching_v1"",""shortening_bits"":104,""z"":48}",[2048]
16QAM,3/4,16QAM:r3/4,b42ea022e3e8c0f8b601cce0efaa05bec1dcd81ede97e04d9d13f9de2d0246dd,1092,16,0,1108,1120,12,5824,2112,528,0,0.5246212121212122,0.5170454545454546,"{""actual_effective_rate"":0.5246212121212122,""bg"":""bg2"",""bit_mapping"":""component_Gray_00_-3_01_-1_10_3_11_1_over_sqrt5;QPSK_0_plus1_1_minus1"",""code_blocks"":1,""decoder_config"":{""cn_schedule"":""flooding"",""cn_update"":""boxplus-phi"",""early_stop"":false,""hard_out"":true,""harq_mode"":false,""llr_max"":20.0,""num_iter"":20,""precision"":""single"",""prune_pcm"":true,""return_infobits"":true,""vn_update"":""sum""},""implementation"":{""bit_mapping"":""component_Gray_00_-3_01_-1_10_3_11_1_over_sqrt5;QPSK_0_plus1_1_minus1"",""cuda"":""12.8"",""decoder"":{""cn_schedule"":""flooding"",""cn_update"":""boxplus-phi"",""early_stop"":false,""hard_out"":true,""harq_mode"":false,""llr_max"":20.0,""num_iter"":20,""precision"":""single"",""prune_pcm"":true,""return_infobits"":true,""vn_update"":""sum""},""decoder_source_sha256"":""44d84b92b749e2970f94d92cd348a11648e2286b4d851faa0af8b21d08f0da23"",""encoder_source_sha256"":""34d8db6660b2e84708a8fb534f63c194f6f2b964e3693fcffc9dcaf21532ccfd"",""implementation"":""Sionna_5G_LDPC"",""power_protocol"":""fixed_constellation_average_Es2"",""precision"":""float32"",""rate_matching"":""Sionna RV0; filler removal, first2Z and tail puncturing; supported n only"",""scrambling"":""public_PCG64_SHA256_protocol_session_frame_group_counter_after_rate_matching_v1"",""torch"":""2.11.0+cu128"",""version"":""2.2.0""},""interleaver_sha256"":""b6160fe2ed56c16430ca97919f92a836d2717a0a331fdd23efaff9f521170ce5"",""k"":1108,""k_filler"":12,""k_ldpc"":1120,""layout_id"":""abaf16867c432b9c402c54e137b170eea3ce2c82066e99ea6c57b2d3a06b3db3"",""modulation_padding_bits"":0,""mother_bits"":5824,""n"":2112,""n_cb"":5600,""n_cb_comp"":5588,""power_protocol"":""fixed_constellation_average_Es2"",""puncturing_bits"":3700,""puncturing_first_2Z"":224,""puncturing_remaining"":3476,""repetition_bits"":0,""scrambling"":""public_PCG64_SHA256_protocol_session_frame_group_counter_after_rate_matching_v1"",""shortening_bits"":12,""z"":112}",[1024]
QPSK,5/6,QPSK:r5/6,b442d84edd433c73158c13d345d04168b5d410005627f8a388bb265421b67994,1500,16,0,1516,1600,84,8320,2444,1222,0,0.6202945990180033,0.613747954173486,"{""actual_effective_rate"":0.6202945990180033,""bg"":""bg2"",""bit_mapping"":""component_Gray_00_-3_01_-1_10_3_11_1_over_sqrt5;QPSK_0_plus1_1_minus1"",""code_blocks"":1,""decoder_config"":{""cn_schedule"":""flooding"",""cn_update"":""boxplus-phi"",""early_stop"":false,""hard_out"":true,""harq_mode"":false,""llr_max"":20.0,""num_iter"":20,""precision"":""single"",""prune_pcm"":true,""return_infobits"":true,""vn_update"":""sum""},""implementation"":{""bit_mapping"":""component_Gray_00_-3_01_-1_10_3_11_1_over_sqrt5;QPSK_0_plus1_1_minus1"",""cuda"":""12.8"",""decoder"":{""cn_schedule"":""flooding"",""cn_update"":""boxplus-phi"",""early_stop"":false,""hard_out"":true,""harq_mode"":false,""llr_max"":20.0,""num_iter"":20,""precision"":""single"",""prune_pcm"":true,""return_infobits"":true,""vn_update"":""sum""},""decoder_source_sha256"":""44d84b92b749e2970f94d92cd348a11648e2286b4d851faa0af8b21d08f0da23"",""encoder_source_sha256"":""34d8db6660b2e84708a8fb534f63c194f6f2b964e3693fcffc9dcaf21532ccfd"",""implementation"":""Sionna_5G_LDPC"",""power_protocol"":""fixed_constellation_average_Es2"",""precision"":""float32"",""rate_matching"":""Sionna RV0; filler removal, first2Z and tail puncturing; supported n only"",""scrambling"":""public_PCG64_SHA256_protocol_session_frame_group_counter_after_rate_matching_v1"",""torch"":""2.11.0+cu128"",""version"":""2.2.0""},""interleaver_sha256"":""6580d5bd95835475a4974f7a39d8823a0eec6186811e08647f87bf9db220834f"",""k"":1516,""k_filler"":84,""k_ldpc"":1600,""layout_id"":""697775d0f4c888a3b1cdaa4d75f7120e5388fcc46c6f957eb927df429f54c3e4"",""modulation_padding_bits"":0,""mother_bits"":8320,""n"":2444,""n_cb"":8000,""n_cb_comp"":7916,""power_protocol"":""fixed_constellation_average_Es2"",""puncturing_bits"":5792,""puncturing_first_2Z"":320,""puncturing_remaining"":5472,""repetition_bits"":0,""scrambling"":""public_PCG64_SHA256_protocol_session_frame_group_counter_after_rate_matching_v1"",""shortening_bits"":84,""z"":160}",[2048]
16QAM,5/6,16QAM:r5/6,b446aaae0e88c19adba23438a18c1961adfc17261b98f5041aefb8643437aad6,2748,16,0,2764,2816,52,8704,3320,830,0,0.8325301204819278,0.827710843373494,"{""actual_effective_rate"":0.8325301204819278,""bg"":""bg1"",""bit_mapping"":""component_Gray_00_-3_01_-1_10_3_11_1_over_sqrt5;QPSK_0_plus1_1_minus1"",""code_blocks"":1,""decoder_config"":{""cn_schedule"":""flooding"",""cn_update"":""boxplus-phi"",""early_stop"":false,""hard_out"":true,""harq_mode"":false,""llr_max"":20.0,""num_iter"":20,""precision"":""single"",""prune_pcm"":true,""return_infobits"":true,""vn_update"":""sum""},""implementation"":{""bit_mapping"":""component_Gray_00_-3_01_-1_10_3_11_1_over_sqrt5;QPSK_0_plus1_1_minus1"",""cuda"":""12.8"",""decoder"":{""cn_schedule"":""flooding"",""cn_update"":""boxplus-phi"",""early_stop"":false,""hard_out"":true,""harq_mode"":false,""llr_max"":20.0,""num_iter"":20,""precision"":""single"",""prune_pcm"":true,""return_infobits"":true,""vn_update"":""sum""},""decoder_source_sha256"":""44d84b92b749e2970f94d92cd348a11648e2286b4d851faa0af8b21d08f0da23"",""encoder_source_sha256"":""34d8db6660b2e84708a8fb534f63c194f6f2b964e3693fcffc9dcaf21532ccfd"",""implementation"":""Sionna_5G_LDPC"",""power_protocol"":""fixed_constellation_average_Es2"",""precision"":""float32"",""rate_matching"":""Sionna RV0; filler removal, first2Z and tail puncturing; supported n only"",""scrambling"":""public_PCG64_SHA256_protocol_session_frame_group_counter_after_rate_matching_v1"",""torch"":""2.11.0+cu128"",""version"":""2.2.0""},""interleaver_sha256"":""76065b0f33afe4c10266d5c50cdf7720cc34d98b308ebaff689f00419cc6f2f2"",""k"":2764,""k_filler"":52,""k_ldpc"":2816,""layout_id"":""51f11ac181672ea0c1e76829606e539af0617f9f90ca101a5847ca8f2d87df0e"",""modulation_padding_bits"":0,""mother_bits"":8704,""n"":3320,""n_cb"":8448,""n_cb_comp"":8396,""power_protocol"":""fixed_constellation_average_Es2"",""puncturing_bits"":5332,""puncturing_first_2Z"":256,""puncturing_remaining"":5076,""repetition_bits"":0,""scrambling"":""public_PCG64_SHA256_protocol_session_frame_group_counter_after_rate_matching_v1"",""shortening_bits"":52,""z"":128}",[1024]
QPSK,1/2,QPSK:r1/2,b4650e1d362bdd678a386c7ace2b77edb5ccc3ec47b455a213225389f6c51270,360,16,0,376,480,104,2496,1612,806,0,0.23325062034739455,0.22332506203473945,"{""actual_effective_rate"":0.23325062034739455,""bg"":""bg2"",""bit_mapping"":""component_Gray_00_-3_01_-1_10_3_11_1_over_sqrt5;QPSK_0_plus1_1_minus1"",""code_blocks"":1,""decoder_config"":{""cn_schedule"":""flooding"",""cn_update"":""boxplus-phi"",""early_stop"":false,""hard_out"":true,""harq_mode"":false,""llr_max"":20.0,""num_iter"":20,""precision"":""single"",""prune_pcm"":true,""return_infobits"":true,""vn_update"":""sum""},""implementation"":{""bit_mapping"":""component_Gray_00_-3_01_-1_10_3_11_1_over_sqrt5;QPSK_0_plus1_1_minus1"",""cuda"":""12.8"",""decoder"":{""cn_schedule"":""flooding"",""cn_update"":""boxplus-phi"",""early_stop"":false,""hard_out"":true,""harq_mode"":false,""llr_max"":20.0,""num_iter"":20,""precision"":""single"",""prune_pcm"":true,""return_infobits"":true,""vn_update"":""sum""},""decoder_source_sha256"":""44d84b92b749e2970f94d92cd348a11648e2286b4d851faa0af8b21d08f0da23"",""encoder_source_sha256"":""34d8db6660b2e84708a8fb534f63c194f6f2b964e3693fcffc9dcaf21532ccfd"",""implementation"":""Sionna_5G_LDPC"",""power_protocol"":""fixed_constellation_average_Es2"",""precision"":""float32"",""rate_matching"":""Sionna RV0; filler removal, first2Z and tail puncturing; supported n only"",""scrambling"":""public_PCG64_SHA256_protocol_session_frame_group_counter_after_rate_matching_v1"",""torch"":""2.11.0+cu128"",""version"":""2.2.0""},""interleaver_sha256"":""87a39fe938cc55433366149ddf772aaa027209a60c07e664993f879d13d99c66"",""k"":376,""k_filler"":104,""k_ldpc"":480,""layout_id"":""77069ddf6b69539fc6a026f1095ce5fd5631e5e874cff1fff9b4d62b2ff30452"",""modulation_padding_bits"":0,""mother_bits"":2496,""n"":1612,""n_cb"":2400,""n_cb_comp"":2296,""power_protocol"":""fixed_constellation_average_Es2"",""puncturing_bits"":780,""puncturing_first_2Z"":96,""puncturing_remaining"":684,""repetition_bits"":0,""scrambling"":""public_PCG64_SHA256_protocol_session_frame_group_counter_after_rate_matching_v1"",""shortening_bits"":104,""z"":48}",[1024]
16QAM,1/2,16QAM:r1/2,b46aaeb4f88cbb572fb03bfd8c697ea1c3fd2e5738fbb878e9e99f193bd3e341,360,16,0,376,480,104,2496,884,221,0,0.4253393665158371,0.4072398190045249,"{""actual_effective_rate"":0.4253393665158371,""bg"":""bg2"",""bit_mapping"":""component_Gray_00_-3_01_-1_10_3_11_1_over_sqrt5;QPSK_0_plus1_1_minus1"",""code_blocks"":1,""decoder_config"":{""cn_schedule"":""flooding"",""cn_update"":""boxplus-phi"",""early_stop"":false,""hard_out"":true,""harq_mode"":false,""llr_max"":20.0,""num_iter"":20,""precision"":""single"",""prune_pcm"":true,""return_infobits"":true,""vn_update"":""sum""},""implementation"":{""bit_mapping"":""component_Gray_00_-3_01_-1_10_3_11_1_over_sqrt5;QPSK_0_plus1_1_minus1"",""cuda"":""12.8"",""decoder"":{""cn_schedule"":""flooding"",""cn_update"":""boxplus-phi"",""early_stop"":false,""hard_out"":true,""harq_mode"":false,""llr_max"":20.0,""num_iter"":20,""precision"":""single"",""prune_pcm"":true,""return_infobits"":true,""vn_update"":""sum""},""decoder_source_sha256"":""44d84b92b749e2970f94d92cd348a11648e2286b4d851faa0af8b21d08f0da23"",""encoder_source_sha256"":""34d8db6660b2e84708a8fb534f63c194f6f2b964e3693fcffc9dcaf21532ccfd"",""implementation"":""Sionna_5G_LDPC"",""power_protocol"":""fixed_constellation_average_Es2"",""precision"":""float32"",""rate_matching"":""Sionna RV0; filler removal, first2Z and tail puncturing; supported n only"",""scrambling"":""public_PCG64_SHA256_protocol_session_frame_group_counter_after_rate_matching_v1"",""torch"":""2.11.0+cu128"",""version"":""2.2.0""},""interleaver_sha256"":""684789970f59fadc7cb7f72883d0bca4bc6b76db5dd8c72d4eb4c2dd58db125e"",""k"":376,""k_filler"":104,""k_ldpc"":480,""layout_id"":""dd050a89652f9004c73e54012507d9074fb849e541f0cd7e9227d4bd1705c0d7"",""modulation_padding_bits"":0,""mother_bits"":2496,""n"":884,""n_cb"":2400,""n_cb_comp"":2296,""power_protocol"":""fixed_constellation_average_Es2"",""puncturing_bits"":1508,""puncturing_first_2Z"":96,""puncturing_remaining"":1412,""repetition_bits"":0,""scrambling"":""public_PCG64_SHA256_protocol_session_frame_group_counter_after_rate_matching_v1"",""shortening_bits"":104,""z"":48}",[1024]
16QAM,2/3,16QAM:r2/3,b46fcb619188f396f7900cf7200b86ef405ba415b90154082253d49da47fd1dd,324,16,0,340,440,100,2288,1380,345,0,0.2463768115942029,0.23478260869565218,"{""actual_effective_rate"":0.2463768115942029,""bg"":""bg2"",""bit_mapping"":""component_Gray_00_-3_01_-1_10_3_11_1_over_sqrt5;QPSK_0_plus1_1_minus1"",""code_blocks"":1,""decoder_config"":{""cn_schedule"":""flooding"",""cn_update"":""boxplus-phi"",""early_stop"":false,""hard_out"":true,""harq_mode"":false,""llr_max"":20.0,""num_iter"":20,""precision"":""single"",""prune_pcm"":true,""return_infobits"":true,""vn_update"":""sum""},""implementation"":{""bit_mapping"":""component_Gray_00_-3_01_-1_10_3_11_1_over_sqrt5;QPSK_0_plus1_1_minus1"",""cuda"":""12.8"",""decoder"":{""cn_schedule"":""flooding"",""cn_update"":""boxplus-phi"",""early_stop"":false,""hard_out"":true,""harq_mode"":false,""llr_max"":20.0,""num_iter"":20,""precision"":""single"",""prune_pcm"":true,""return_infobits"":true,""vn_update"":""sum""},""decoder_source_sha256"":""44d84b92b749e2970f94d92cd348a11648e2286b4d851faa0af8b21d08f0da23"",""encoder_source_sha256"":""34d8db6660b2e84708a8fb534f63c194f6f2b964e3693fcffc9dcaf21532ccfd"",""implementation"":""Sionna_5G_LDPC"",""power_protocol"":""fixed_constellation_average_Es2"",""precision"":""float32"",""rate_matching"":""Sionna RV0; filler removal, first2Z and tail puncturing; supported n only"",""scrambling"":""public_PCG64_SHA256_protocol_session_frame_group_counter_after_rate_matching_v1"",""torch"":""2.11.0+cu128"",""version"":""2.2.0""},""interleaver_sha256"":""ea287256f2b35280a101b689ddbb90de137ace92a437299c5bfe698392504644"",""k"":340,""k_filler"":100,""k_ldpc"":440,""layout_id"":""b6bd8c3563ceff0cb9b91b2ce7f73db99c83289688aba39cd84bbca2debe5f6c"",""modulation_padding_bits"":0,""mother_bits"":2288,""n"":1380,""n_cb"":2200,""n_cb_comp"":2100,""power_protocol"":""fixed_constellation_average_Es2"",""puncturing_bits"":808,""puncturing_first_2Z"":88,""puncturing_remaining"":720,""repetition_bits"":0,""scrambling"":""public_PCG64_SHA256_protocol_session_frame_group_counter_after_rate_matching_v1"",""shortening_bits"":100,""z"":44}",[1024]
16QAM,2/3,16QAM:r2/3,b48922af4ae01e8742ff261d7afa4ff0ffdcd98a6d28f169f43bc78feb8423a7,1860,16,0,1876,1920,44,9984,6472,1618,0,0.28986402966625463,0.2873918417799753,"{""actual_effective_rate"":0.28986402966625463,""bg"":""bg2"",""bit_mapping"":""component_Gray_00_-3_01_-1_10_3_11_1_over_sqrt5;QPSK_0_plus1_1_minus1"",""code_blocks"":1,""decoder_config"":{""cn_schedule"":""flooding"",""cn_update"":""boxplus-phi"",""early_stop"":false,""hard_out"":true,""harq_mode"":false,""llr_max"":20.0,""num_iter"":20,""precision"":""single"",""prune_pcm"":true,""return_infobits"":true,""vn_update"":""sum""},""implementation"":{""bit_mapping"":""component_Gray_00_-3_01_-1_10_3_11_1_over_sqrt5;QPSK_0_plus1_1_minus1"",""cuda"":""12.8"",""decoder"":{""cn_schedule"":""flooding"",""cn_update"":""boxplus-phi"",""early_stop"":false,""hard_out"":true,""harq_mode"":false,""llr_max"":20.0,""num_iter"":20,""precision"":""single"",""prune_pcm"":true,""return_infobits"":true,""vn_update"":""sum""},""decoder_source_sha256"":""44d84b92b749e2970f94d92cd348a11648e2286b4d851faa0af8b21d08f0da23"",""encoder_source_sha256"":""34d8db6660b2e84708a8fb534f63c194f6f2b964e3693fcffc9dcaf21532ccfd"",""implementation"":""Sionna_5G_LDPC"",""power_protocol"":""fixed_constellation_average_Es2"",""precision"":""float32"",""rate_matching"":""Sionna RV0; filler removal, first2Z and tail puncturing; supported n only"",""scrambling"":""public_PCG64_SHA256_protocol_session_frame_group_counter_after_rate_matching_v1"",""torch"":""2.11.0+cu128"",""version"":""2.2.0""},""interleaver_sha256"":""0c514b4eb42438f04d94ec3bb49703e40bf9d1d535e9248dc1c2651230685c2d"",""k"":1876,""k_filler"":44,""k_ldpc"":1920,""layout_id"":""e3b259b27c13f98ee36e784a7aaf183a4d85a73cb11ee16da9e642ff51092dc3"",""modulation_padding_bits"":0,""mother_bits"":9984,""n"":6472,""n_cb"":9600,""n_cb_comp"":9556,""power_protocol"":""fixed_constellation_average_Es2"",""puncturing_bits"":3468,""puncturing_first_2Z"":384,""puncturing_remaining"":3084,""repetition_bits"":0,""scrambling"":""public_PCG64_SHA256_protocol_session_frame_group_counter_after_rate_matching_v1"",""shortening_bits"":44,""z"":192}",[2048]
16QAM,2/3,16QAM:r2/3,b490a63c49730b5648ee29c35887ab6a5a761704b13b99dab2c79e355d467715,360,16,0,376,480,104,2496,568,142,0,0.6619718309859155,0.6338028169014085,"{""actual_effective_rate"":0.6619718309859155,""bg"":""bg2"",""bit_mapping"":""component_Gray_00_-3_01_-1_10_3_11_1_over_sqrt5;QPSK_0_plus1_1_minus1"",""code_blocks"":1,""decoder_config"":{""cn_schedule"":""flooding"",""cn_update"":""boxplus-phi"",""early_stop"":false,""hard_out"":true,""harq_mode"":false,""llr_max"":20.0,""num_iter"":20,""precision"":""single"",""prune_pcm"":true,""return_infobits"":true,""vn_update"":""sum""},""implementation"":{""bit_mapping"":""component_Gray_00_-3_01_-1_10_3_11_1_over_sqrt5;QPSK_0_plus1_1_minus1"",""cuda"":""12.8"",""decoder"":{""cn_schedule"":""flooding"",""cn_update"":""boxplus-phi"",""early_stop"":false,""hard_out"":true,""harq_mode"":false,""llr_max"":20.0,""num_iter"":20,""precision"":""single"",""prune_pcm"":true,""return_infobits"":true,""vn_update"":""sum""},""decoder_source_sha256"":""44d84b92b749e2970f94d92cd348a11648e2286b4d851faa0af8b21d08f0da23"",""encoder_source_sha256"":""34d8db6660b2e84708a8fb534f63c194f6f2b964e3693fcffc9dcaf21532ccfd"",""implementation"":""Sionna_5G_LDPC"",""power_protocol"":""fixed_constellation_average_Es2"",""precision"":""float32"",""rate_matching"":""Sionna RV0; filler removal, first2Z and tail puncturing; supported n only"",""scrambling"":""public_PCG64_SHA256_protocol_session_frame_group_counter_after_rate_matching_v1"",""torch"":""2.11.0+cu128"",""version"":""2.2.0""},""interleaver_sha256"":""efcc9f6883ff9aad9c79074b3797ff5bacdf06a283b018fadf97ebe96ddee16f"",""k"":376,""k_filler"":104,""k_ldpc"":480,""layout_id"":""a9916d5096d7833c0ccd56664c14d8735555d236daf579b0fb1fc21820c93b75"",""modulation_padding_bits"":0,""mother_bits"":2496,""n"":568,""n_cb"":2400,""n_cb_comp"":2296,""power_protocol"":""fixed_constellation_average_Es2"",""puncturing_bits"":1824,""puncturing_first_2Z"":96,""puncturing_remaining"":1728,""repetition_bits"":0,""scrambling"":""public_PCG64_SHA256_protocol_session_frame_group_counter_after_rate_matching_v1"",""shortening_bits"":104,""z"":48}","[1024,2048]"
16QAM,2/3,16QAM:r2/3,b492bf7103b2cd96bf453d7d584c391c4ff5a4ebce1086b3a7e186fc67fc1202,2712,16,0,2728,2880,152,14976,4688,1172,0,0.5819112627986348,0.5784982935153583,"{""actual_effective_rate"":0.5819112627986348,""bg"":""bg2"",""bit_mapping"":""component_Gray_00_-3_01_-1_10_3_11_1_over_sqrt5;QPSK_0_plus1_1_minus1"",""code_blocks"":1,""decoder_config"":{""cn_schedule"":""flooding"",""cn_update"":""boxplus-phi"",""early_stop"":false,""hard_out"":true,""harq_mode"":false,""llr_max"":20.0,""num_iter"":20,""precision"":""single"",""prune_pcm"":true,""return_infobits"":true,""vn_update"":""sum""},""implementation"":{""bit_mapping"":""component_Gray_00_-3_01_-1_10_3_11_1_over_sqrt5;QPSK_0_plus1_1_minus1"",""cuda"":""12.8"",""decoder"":{""cn_schedule"":""flooding"",""cn_update"":""boxplus-phi"",""early_stop"":false,""hard_out"":true,""harq_mode"":false,""llr_max"":20.0,""num_iter"":20,""precision"":""single"",""prune_pcm"":true,""return_infobits"":true,""vn_update"":""sum""},""decoder_source_sha256"":""44d84b92b749e2970f94d92cd348a11648e2286b4d851faa0af8b21d08f0da23"",""encoder_source_sha256"":""34d8db6660b2e84708a8fb534f63c194f6f2b964e3693fcffc9dcaf21532ccfd"",""implementation"":""Sionna_5G_LDPC"",""power_protocol"":""fixed_constellation_average_Es2"",""precision"":""float32"",""rate_matching"":""Sionna RV0; filler removal, first2Z and tail puncturing; supported n only"",""scrambling"":""public_PCG64_SHA256_protocol_session_frame_group_counter_after_rate_matching_v1"",""torch"":""2.11.0+cu128"",""version"":""2.2.0""},""interleaver_sha256"":""80164218742c3a8910a17afbd4031fa1a3ded135b2fb085d0c11b8938af88588"",""k"":2728,""k_filler"":152,""k_ldpc"":2880,""layout_id"":""cec1f366ab74efd47a4ae35097717738fd3f1d15ef1b78b590d423188c279977"",""modulation_padding_bits"":0,""mother_bits"":14976,""n"":4688,""n_cb"":14400,""n_cb_comp"":14248,""power_protocol"":""fixed_constellation_average_Es2"",""puncturing_bits"":10136,""puncturing_first_2Z"":576,""puncturing_remaining"":9560,""repetition_bits"":0,""scrambling"":""public_PCG64_SHA256_protocol_session_frame_group_counter_after_rate_matching_v1"",""shortening_bits"":152,""z"":288}",[2048]
16QAM,1/3,16QAM:r1/3,b495c75d846149393db893dcfc2843cb099bd2793e6b726c99290be9812fd137,1884,16,0,1900,1920,20,9984,5700,1425,0,0.3333333333333333,0.33052631578947367,"{""actual_effective_rate"":0.3333333333333333,""bg"":""bg2"",""bit_mapping"":""component_Gray_00_-3_01_-1_10_3_11_1_over_sqrt5;QPSK_0_plus1_1_minus1"",""code_blocks"":1,""decoder_config"":{""cn_schedule"":""flooding"",""cn_update"":""boxplus-phi"",""early_stop"":false,""hard_out"":true,""harq_mode"":false,""llr_max"":20.0,""num_iter"":20,""precision"":""single"",""prune_pcm"":true,""return_infobits"":true,""vn_update"":""sum""},""implementation"":{""bit_mapping"":""component_Gray_00_-3_01_-1_10_3_11_1_over_sqrt5;QPSK_0_plus1_1_minus1"",""cuda"":""12.8"",""decoder"":{""cn_schedule"":""flooding"",""cn_update"":""boxplus-phi"",""early_stop"":false,""hard_out"":true,""harq_mode"":false,""llr_max"":20.0,""num_iter"":20,""precision"":""single"",""prune_pcm"":true,""return_infobits"":true,""vn_update"":""sum""},""decoder_source_sha256"":""44d84b92b749e2970f94d92cd348a11648e2286b4d851faa0af8b21d08f0da23"",""encoder_source_sha256"":""34d8db6660b2e84708a8fb534f63c194f6f2b964e3693fcffc9dcaf21532ccfd"",""implementation"":""Sionna_5G_LDPC"",""power_protocol"":""fixed_constellation_average_Es2"",""precision"":""float32"",""rate_matching"":""Sionna RV0; filler removal, first2Z and tail puncturing; supported n only"",""scrambling"":""public_PCG64_SHA256_protocol_session_frame_group_counter_after_rate_matching_v1"",""torch"":""2.11.0+cu128"",""version"":""2.2.0""},""interleaver_sha256"":""266f42dc7574cdba14d2804104b730e89179a857608573c817593bef892ddd72"",""k"":1900,""k_filler"":20,""k_ldpc"":1920,""layout_id"":""ca93ba815f49cba8173928f066e4352b075a09ffc74967f679472a9f21866a6e"",""modulation_padding_bits"":0,""mother_bits"":9984,""n"":5700,""n_cb"":9600,""n_cb_comp"":9580,""power_protocol"":""fixed_constellation_average_Es2"",""puncturing_bits"":4264,""puncturing_first_2Z"":384,""puncturing_remaining"":3880,""repetition_bits"":0,""scrambling"":""public_PCG64_SHA256_protocol_session_frame_group_counter_after_rate_matching_v1"",""shortening_bits"":20,""z"":192}",[2048]
QPSK,5/6,QPSK:r5/6,b49a10cd8a2d303ebc5f899315ac5ed343b02beb51a65b08803ea404e4dd205e,768,16,0,784,800,16,4160,2102,1051,0,0.37297811607992387,0.3653663177925785,"{""actual_effective_rate"":0.37297811607992387,""bg"":""bg2"",""bit_mapping"":""component_Gray_00_-3_01_-1_10_3_11_1_over_sqrt5;QPSK_0_plus1_1_minus1"",""code_blocks"":1,""decoder_config"":{""cn_schedule"":""flooding"",""cn_update"":""boxplus-phi"",""early_stop"":false,""hard_out"":true,""harq_mode"":false,""llr_max"":20.0,""num_iter"":20,""precision"":""single"",""prune_pcm"":true,""return_infobits"":true,""vn_update"":""sum""},""implementation"":{""bit_mapping"":""component_Gray_00_-3_01_-1_10_3_11_1_over_sqrt5;QPSK_0_plus1_1_minus1"",""cuda"":""12.8"",""decoder"":{""cn_schedule"":""flooding"",""cn_update"":""boxplus-phi"",""early_stop"":false,""hard_out"":true,""harq_mode"":false,""llr_max"":20.0,""num_iter"":20,""precision"":""single"",""prune_pcm"":true,""return_infobits"":true,""vn_update"":""sum""},""decoder_source_sha256"":""44d84b92b749e2970f94d92cd348a11648e2286b4d851faa0af8b21d08f0da23"",""encoder_source_sha256"":""34d8db6660b2e84708a8fb534f63c194f6f2b964e3693fcffc9dcaf21532ccfd"",""implementation"":""Sionna_5G_LDPC"",""power_protocol"":""fixed_constellation_average_Es2"",""precision"":""float32"",""rate_matching"":""Sionna RV0; filler removal, first2Z and tail puncturing; supported n only"",""scrambling"":""public_PCG64_SHA256_protocol_session_frame_group_counter_after_rate_matching_v1"",""torch"":""2.11.0+cu128"",""version"":""2.2.0""},""interleaver_sha256"":""205df36c855b2c761e21aee44e792f37d30ef4c7154623746e165d1b62b8ee47"",""k"":784,""k_filler"":16,""k_ldpc"":800,""layout_id"":""9cd902412265b4e1ad7f5301e924056e0ed28940bfce6caea90aafe0ece9315f"",""modulation_padding_bits"":0,""mother_bits"":4160,""n"":2102,""n_cb"":4000,""n_cb_comp"":3984,""power_protocol"":""fixed_constellation_average_Es2"",""puncturing_bits"":2042,""puncturing_first_2Z"":160,""puncturing_remaining"":1882,""repetition_bits"":0,""scrambling"":""public_PCG64_SHA256_protocol_session_frame_group_counter_after_rate_matching_v1"",""shortening_bits"":16,""z"":80}",[2048]
16QAM,3/4,16QAM:r3/4,b49b3436eec04fe88643e0731696435f9a2cc4b03e9e30f4c502693a8066d958,360,16,0,376,480,104,2496,748,187,0,0.5026737967914439,0.48128342245989303,"{""actual_effective_rate"":0.5026737967914439,""bg"":""bg2"",""bit_mapping"":""component_Gray_00_-3_01_-1_10_3_11_1_over_sqrt5;QPSK_0_plus1_1_minus1"",""code_blocks"":1,""decoder_config"":{""cn_schedule"":""flooding"",""cn_update"":""boxplus-phi"",""early_stop"":false,""hard_out"":true,""harq_mode"":false,""llr_max"":20.0,""num_iter"":20,""precision"":""single"",""prune_pcm"":true,""return_infobits"":true,""vn_update"":""sum""},""implementation"":{""bit_mapping"":""component_Gray_00_-3_01_-1_10_3_11_1_over_sqrt5;QPSK_0_plus1_1_minus1"",""cuda"":""12.8"",""decoder"":{""cn_schedule"":""flooding"",""cn_update"":""boxplus-phi"",""early_stop"":false,""hard_out"":true,""harq_mode"":false,""llr_max"":20.0,""num_iter"":20,""precision"":""single"",""prune_pcm"":true,""return_infobits"":true,""vn_update"":""sum""},""decoder_source_sha256"":""44d84b92b749e2970f94d92cd348a11648e2286b4d851faa0af8b21d08f0da23"",""encoder_source_sha256"":""34d8db6660b2e84708a8fb534f63c194f6f2b964e3693fcffc9dcaf21532ccfd"",""implementation"":""Sionna_5G_LDPC"",""power_protocol"":""fixed_constellation_average_Es2"",""precision"":""float32"",""rate_matching"":""Sionna RV0; filler removal, first2Z and tail puncturing; supported n only"",""scrambling"":""public_PCG64_SHA256_protocol_session_frame_group_counter_after_rate_matching_v1"",""torch"":""2.11.0+cu128"",""version"":""2.2.0""},""interleaver_sha256"":""e04edfa16f4a4777779a0ae342612b520c9197a5810d62689714e102c7ab44f1"",""k"":376,""k_filler"":104,""k_ldpc"":480,""layout_id"":""a36ffeee9532d8fbb64199998c5945493858baf336dae4d55947134b848b8ed2"",""modulation_padding_bits"":0,""mother_bits"":2496,""n"":748,""n_cb"":2400,""n_cb_comp"":2296,""power_protocol"":""fixed_constellation_average_Es2"",""puncturing_bits"":1644,""puncturing_first_2Z"":96,""puncturing_remaining"":1548,""repetition_bits"":0,""scrambling"":""public_PCG64_SHA256_protocol_session_frame_group_counter_after_rate_matching_v1"",""shortening_bits"":104,""z"":48}",[2048]
QPSK,2/3,QPSK:r2/3,b49d08f7cb7c37ea6ee4cdb6dcd5b96b855cc40b43a6fcfb15aaeb896a6802ad,324,16,0,340,440,100,2288,510,255,0,0.6666666666666666,0.6352941176470588,"{""actual_effective_rate"":0.6666666666666666,""bg"":""bg2"",""bit_mapping"":""component_Gray_00_-3_01_-1_10_3_11_1_over_sqrt5;QPSK_0_plus1_1_minus1"",""code_blocks"":1,""decoder_config"":{""cn_schedule"":""flooding"",""cn_update"":""boxplus-phi"",""early_stop"":false,""hard_out"":true,""harq_mode"":false,""llr_max"":20.0,""num_iter"":20,""precision"":""single"",""prune_pcm"":true,""return_infobits"":true,""vn_update"":""sum""},""implementation"":{""bit_mapping"":""component_Gray_00_-3_01_-1_10_3_11_1_over_sqrt5;QPSK_0_plus1_1_minus1"",""cuda"":""12.8"",""decoder"":{""cn_schedule"":""flooding"",""cn_update"":""boxplus-phi"",""early_stop"":false,""hard_out"":true,""harq_mode"":false,""llr_max"":20.0,""num_iter"":20,""precision"":""single"",""prune_pcm"":true,""return_infobits"":true,""vn_update"":""sum""},""decoder_source_sha256"":""44d84b92b749e2970f94d92cd348a11648e2286b4d851faa0af8b21d08f0da23"",""encoder_source_sha256"":""34d8db6660b2e84708a8fb534f63c194f6f2b964e3693fcffc9dcaf21532ccfd"",""implementation"":""Sionna_5G_LDPC"",""power_protocol"":""fixed_constellation_average_Es2"",""precision"":""float32"",""rate_matching"":""Sionna RV0; filler removal, first2Z and tail puncturing; supported n only"",""scrambling"":""public_PCG64_SHA256_protocol_session_frame_group_counter_after_rate_matching_v1"",""torch"":""2.11.0+cu128"",""version"":""2.2.0""},""interleaver_sha256"":""ce5fa5a9dc38cfd59300fdac166c67996a9fcabfb5d8f68595b407fd4202744f"",""k"":340,""k_filler"":100,""k_ldpc"":440,""layout_id"":""8ed8270e16984b77b711c6792a2042cb4e80c52982df13d7ae739edb9d324b37"",""modulation_padding_bits"":0,""mother_bits"":2288,""n"":510,""n_cb"":2200,""n_cb_comp"":2100,""power_protocol"":""fixed_constellation_average_Es2"",""puncturing_bits"":1678,""puncturing_first_2Z"":88,""puncturing_remaining"":1590,""repetition_bits"":0,""scrambling"":""public_PCG64_SHA256_protocol_session_frame_group_counter_after_rate_matching_v1"",""shortening_bits"":100,""z"":44}","[1024,2048]"
16QAM,5/6,16QAM:r5/6,b4bcd018fe4167d3cdec45b022893a5e03de7607ad01545df210f1d94caee19b,2052,16,0,2068,2112,44,6528,2484,621,0,0.8325281803542673,0.8260869565217391,"{""actual_effective_rate"":0.8325281803542673,""bg"":""bg1"",""bit_mapping"":""component_Gray_00_-3_01_-1_10_3_11_1_over_sqrt5;QPSK_0_plus1_1_minus1"",""code_blocks"":1,""decoder_config"":{""cn_schedule"":""flooding"",""cn_update"":""boxplus-phi"",""early_stop"":false,""hard_out"":true,""harq_mode"":false,""llr_max"":20.0,""num_iter"":20,""precision"":""single"",""prune_pcm"":true,""return_infobits"":true,""vn_update"":""sum""},""implementation"":{""bit_mapping"":""component_Gray_00_-3_01_-1_10_3_11_1_over_sqrt5;QPSK_0_plus1_1_minus1"",""cuda"":""12.8"",""decoder"":{""cn_schedule"":""flooding"",""cn_update"":""boxplus-phi"",""early_stop"":false,""hard_out"":true,""harq_mode"":false,""llr_max"":20.0,""num_iter"":20,""precision"":""single"",""prune_pcm"":true,""return_infobits"":true,""vn_update"":""sum""},""decoder_source_sha256"":""44d84b92b749e2970f94d92cd348a11648e2286b4d851faa0af8b21d08f0da23"",""encoder_source_sha256"":""34d8db6660b2e84708a8fb534f63c194f6f2b964e3693fcffc9dcaf21532ccfd"",""implementation"":""Sionna_5G_LDPC"",""power_protocol"":""fixed_constellation_average_Es2"",""precision"":""float32"",""rate_matching"":""Sionna RV0; filler removal, first2Z and tail puncturing; supported n only"",""scrambling"":""public_PCG64_SHA256_protocol_session_frame_group_counter_after_rate_matching_v1"",""torch"":""2.11.0+cu128"",""version"":""2.2.0""},""interleaver_sha256"":""6ba3d9d496c9fab6fe6b7129e05929d234cf7627a4dec4cf9489ba1d7fc0c52b"",""k"":2068,""k_filler"":44,""k_ldpc"":2112,""layout_id"":""a2ae6b664d2f84511b59af5c32796bc9e986546fd8230bc4ced0ba18bda07561"",""modulation_padding_bits"":0,""mother_bits"":6528,""n"":2484,""n_cb"":6336,""n_cb_comp"":6292,""power_protocol"":""fixed_constellation_average_Es2"",""puncturing_bits"":4000,""puncturing_first_2Z"":192,""puncturing_remaining"":3808,""repetition_bits"":0,""scrambling"":""public_PCG64_SHA256_protocol_session_frame_group_counter_after_rate_matching_v1"",""shortening_bits"":44,""z"":96}",[1024]
QPSK,1/3,QPSK:r1/3,b4c072ef66be99afc2d0031d544f7b800ae1812602cde7e5ab659cb9a71e2850,660,16,0,676,720,44,3744,2336,1168,0,0.2893835616438356,0.2825342465753425,"{""actual_effective_rate"":0.2893835616438356,""bg"":""bg2"",""bit_mapping"":""component_Gray_00_-3_01_-1_10_3_11_1_over_sqrt5;QPSK_0_plus1_1_minus1"",""code_blocks"":1,""decoder_config"":{""cn_schedule"":""flooding"",""cn_update"":""boxplus-phi"",""early_stop"":false,""hard_out"":true,""harq_mode"":false,""llr_max"":20.0,""num_iter"":20,""precision"":""single"",""prune_pcm"":true,""return_infobits"":true,""vn_update"":""sum""},""implementation"":{""bit_mapping"":""component_Gray_00_-3_01_-1_10_3_11_1_over_sqrt5;QPSK_0_plus1_1_minus1"",""cuda"":""12.8"",""decoder"":{""cn_schedule"":""flooding"",""cn_update"":""boxplus-phi"",""early_stop"":false,""hard_out"":true,""harq_mode"":false,""llr_max"":20.0,""num_iter"":20,""precision"":""single"",""prune_pcm"":true,""return_infobits"":true,""vn_update"":""sum""},""decoder_source_sha256"":""44d84b92b749e2970f94d92cd348a11648e2286b4d851faa0af8b21d08f0da23"",""encoder_source_sha256"":""34d8db6660b2e84708a8fb534f63c194f6f2b964e3693fcffc9dcaf21532ccfd"",""implementation"":""Sionna_5G_LDPC"",""power_protocol"":""fixed_constellation_average_Es2"",""precision"":""float32"",""rate_matching"":""Sionna RV0; filler removal, first2Z and tail puncturing; supported n only"",""scrambling"":""public_PCG64_SHA256_protocol_session_frame_group_counter_after_rate_matching_v1"",""torch"":""2.11.0+cu128"",""version"":""2.2.0""},""interleaver_sha256"":""91eb74ee7d201171dfa2da3d8c867527041a12964de1c536a675e0af1ee0f1fd"",""k"":676,""k_filler"":44,""k_ldpc"":720,""layout_id"":""cec81859000272201cefaca1ccdc33ceddd0ce8bf18f7255606e29d9b8d45f62"",""modulation_padding_bits"":0,""mother_bits"":3744,""n"":2336,""n_cb"":3600,""n_cb_comp"":3556,""power_protocol"":""fixed_constellation_average_Es2"",""puncturing_bits"":1364,""puncturing_first_2Z"":144,""puncturing_remaining"":1220,""repetition_bits"":0,""scrambling"":""public_PCG64_SHA256_protocol_session_frame_group_counter_after_rate_matching_v1"",""shortening_bits"":44,""z"":72}",[2048]
16QAM,1/3,16QAM:r1/3,b4c28af477f3b39290fa8036d7ba7d0f529023621e698ef7ce719a4761afa27a,1860,16,0,1876,1920,44,9984,6508,1627,0,0.288260602335587,0.2858020897357099,"{""actual_effective_rate"":0.288260602335587,""bg"":""bg2"",""bit_mapping"":""component_Gray_00_-3_01_-1_10_3_11_1_over_sqrt5;QPSK_0_plus1_1_minus1"",""code_blocks"":1,""decoder_config"":{""cn_schedule"":""flooding"",""cn_update"":""boxplus-phi"",""early_stop"":false,""hard_out"":true,""harq_mode"":false,""llr_max"":20.0,""num_iter"":20,""precision"":""single"",""prune_pcm"":true,""return_infobits"":true,""vn_update"":""sum""},""implementation"":{""bit_mapping"":""component_Gray_00_-3_01_-1_10_3_11_1_over_sqrt5;QPSK_0_plus1_1_minus1"",""cuda"":""12.8"",""decoder"":{""cn_schedule"":""flooding"",""cn_update"":""boxplus-phi"",""early_stop"":false,""hard_out"":true,""harq_mode"":false,""llr_max"":20.0,""num_iter"":20,""precision"":""single"",""prune_pcm"":true,""return_infobits"":true,""vn_update"":""sum""},""decoder_source_sha256"":""44d84b92b749e2970f94d92cd348a11648e2286b4d851faa0af8b21d08f0da23"",""encoder_source_sha256"":""34d8db6660b2e84708a8fb534f63c194f6f2b964e3693fcffc9dcaf21532ccfd"",""implementation"":""Sionna_5G_LDPC"",""power_protocol"":""fixed_constellation_average_Es2"",""precision"":""float32"",""rate_matching"":""Sionna RV0; filler removal, first2Z and tail puncturing; supported n only"",""scrambling"":""public_PCG64_SHA256_protocol_session_frame_group_counter_after_rate_matching_v1"",""torch"":""2.11.0+cu128"",""version"":""2.2.0""},""interleaver_sha256"":""6de72a5e0f9a9ef8d2188d8c37ec78485a6dbf7c43bc63a92432b80f5c649c23"",""k"":1876,""k_filler"":44,""k_ldpc"":1920,""layout_id"":""50227278bb19d50580bbf1f4b07192bcba9768c928d658c80b1e1cfb243600a0"",""modulation_padding_bits"":0,""mother_bits"":9984,""n"":6508,""n_cb"":9600,""n_cb_comp"":9556,""power_protocol"":""fixed_constellation_average_Es2"",""puncturing_bits"":3432,""puncturing_first_2Z"":384,""puncturing_remaining"":3048,""repetition_bits"":0,""scrambling"":""public_PCG64_SHA256_protocol_session_frame_group_counter_after_rate_matching_v1"",""shortening_bits"":44,""z"":192}",[2048]
QPSK,1/2,QPSK:r1/2,b4d0af2b64221e0d6ba9307f2c0038313b6ceb1cb7d9fcb62593520955725d1b,1092,16,0,1108,1120,12,5824,2576,1288,0,0.4301242236024845,0.42391304347826086,"{""actual_effective_rate"":0.4301242236024845,""bg"":""bg2"",""bit_mapping"":""component_Gray_00_-3_01_-1_10_3_11_1_over_sqrt5;QPSK_0_plus1_1_minus1"",""code_blocks"":1,""decoder_config"":{""cn_schedule"":""flooding"",""cn_update"":""boxplus-phi"",""early_stop"":false,""hard_out"":true,""harq_mode"":false,""llr_max"":20.0,""num_iter"":20,""precision"":""single"",""prune_pcm"":true,""return_infobits"":true,""vn_update"":""sum""},""implementation"":{""bit_mapping"":""component_Gray_00_-3_01_-1_10_3_11_1_over_sqrt5;QPSK_0_plus1_1_minus1"",""cuda"":""12.8"",""decoder"":{""cn_schedule"":""flooding"",""cn_update"":""boxplus-phi"",""early_stop"":false,""hard_out"":true,""harq_mode"":false,""llr_max"":20.0,""num_iter"":20,""precision"":""single"",""prune_pcm"":true,""return_infobits"":true,""vn_update"":""sum""},""decoder_source_sha256"":""44d84b92b749e2970f94d92cd348a11648e2286b4d851faa0af8b21d08f0da23"",""encoder_source_sha256"":""34d8db6660b2e84708a8fb534f63c194f6f2b964e3693fcffc9dcaf21532ccfd"",""implementation"":""Sionna_5G_LDPC"",""power_protocol"":""fixed_constellation_average_Es2"",""precision"":""float32"",""rate_matching"":""Sionna RV0; filler removal, first2Z and tail puncturing; supported n only"",""scrambling"":""public_PCG64_SHA256_protocol_session_frame_group_counter_after_rate_matching_v1"",""torch"":""2.11.0+cu128"",""version"":""2.2.0""},""interleaver_sha256"":""c5e60242612add96d55194e3e5435fa4f71b165b56232c8cc5640b783314d961"",""k"":1108,""k_filler"":12,""k_ldpc"":1120,""layout_id"":""fe75a64ab7d0b27d2ea0df14255af27cf0f9a9a5dfc2c43f5d06dc7f3150df5b"",""modulation_padding_bits"":0,""mother_bits"":5824,""n"":2576,""n_cb"":5600,""n_cb_comp"":5588,""power_protocol"":""fixed_constellation_average_Es2"",""puncturing_bits"":3236,""puncturing_first_2Z"":224,""puncturing_remaining"":3012,""repetition_bits"":0,""scrambling"":""public_PCG64_SHA256_protocol_session_frame_group_counter_after_rate_matching_v1"",""shortening_bits"":12,""z"":112}",[2048]
QPSK,3/4,QPSK:r3/4,b4d55f78fc04c6cdd0aee800841085ffeb0cfb43a931588e243ee315a86cedd2,660,16,0,676,720,44,3744,1578,789,0,0.42839036755386567,0.41825095057034223,"{""actual_effective_rate"":0.42839036755386567,""bg"":""bg2"",""bit_mapping"":""component_Gray_00_-3_01_-1_10_3_11_1_over_sqrt5;QPSK_0_plus1_1_minus1"",""code_blocks"":1,""decoder_config"":{""cn_schedule"":""flooding"",""cn_update"":""boxplus-phi"",""early_stop"":false,""hard_out"":true,""harq_mode"":false,""llr_max"":20.0,""num_iter"":20,""precision"":""single"",""prune_pcm"":true,""return_infobits"":true,""vn_update"":""sum""},""implementation"":{""bit_mapping"":""component_Gray_00_-3_01_-1_10_3_11_1_over_sqrt5;QPSK_0_plus1_1_minus1"",""cuda"":""12.8"",""decoder"":{""cn_schedule"":""flooding"",""cn_update"":""boxplus-phi"",""early_stop"":false,""hard_out"":true,""harq_mode"":false,""llr_max"":20.0,""num_iter"":20,""precision"":""single"",""prune_pcm"":true,""return_infobits"":true,""vn_update"":""sum""},""decoder_source_sha256"":""44d84b92b749e2970f94d92cd348a11648e2286b4d851faa0af8b21d08f0da23"",""encoder_source_sha256"":""34d8db6660b2e84708a8fb534f63c194f6f2b964e3693fcffc9dcaf21532ccfd"",""implementation"":""Sionna_5G_LDPC"",""power_protocol"":""fixed_constellation_average_Es2"",""precision"":""float32"",""rate_matching"":""Sionna RV0; filler removal, first2Z and tail puncturing; supported n only"",""scrambling"":""public_PCG64_SHA256_protocol_session_frame_group_counter_after_rate_matching_v1"",""torch"":""2.11.0+cu128"",""version"":""2.2.0""},""interleaver_sha256"":""dfe8a4fa207d029dda521ddd7a78f8f06accffd05a8adf7fb7d4cbebb8671892"",""k"":676,""k_filler"":44,""k_ldpc"":720,""layout_id"":""0ca2e77ad01b0fb0827a310af770156c76f640dc7f33d08a3520a94afe3af601"",""modulation_padding_bits"":0,""mother_bits"":3744,""n"":1578,""n_cb"":3600,""n_cb_comp"":3556,""power_protocol"":""fixed_constellation_average_Es2"",""puncturing_bits"":2122,""puncturing_first_2Z"":144,""puncturing_remaining"":1978,""repetition_bits"":0,""scrambling"":""public_PCG64_SHA256_protocol_session_frame_group_counter_after_rate_matching_v1"",""shortening_bits"":44,""z"":72}",[2048]
QPSK,1/3,QPSK:r1/3,b4d91c3f40153d3a30f6111b792abc51b55838343506d6dabbe0b1996db1115d,660,16,0,676,720,44,3744,3224,1612,0,0.20967741935483872,0.20471464019851116,"{""actual_effective_rate"":0.20967741935483872,""bg"":""bg2"",""bit_mapping"":""component_Gray_00_-3_01_-1_10_3_11_1_over_sqrt5;QPSK_0_plus1_1_minus1"",""code_blocks"":1,""decoder_config"":{""cn_schedule"":""flooding"",""cn_update"":""boxplus-phi"",""early_stop"":false,""hard_out"":true,""harq_mode"":false,""llr_max"":20.0,""num_iter"":20,""precision"":""single"",""prune_pcm"":true,""return_infobits"":true,""vn_update"":""sum""},""implementation"":{""bit_mapping"":""component_Gray_00_-3_01_-1_10_3_11_1_over_sqrt5;QPSK_0_plus1_1_minus1"",""cuda"":""12.8"",""decoder"":{""cn_schedule"":""flooding"",""cn_update"":""boxplus-phi"",""early_stop"":false,""hard_out"":true,""harq_mode"":false,""llr_max"":20.0,""num_iter"":20,""precision"":""single"",""prune_pcm"":true,""return_infobits"":true,""vn_update"":""sum""},""decoder_source_sha256"":""44d84b92b749e2970f94d92cd348a11648e2286b4d851faa0af8b21d08f0da23"",""encoder_source_sha256"":""34d8db6660b2e84708a8fb534f63c194f6f2b964e3693fcffc9dcaf21532ccfd"",""implementation"":""Sionna_5G_LDPC"",""power_protocol"":""fixed_constellation_average_Es2"",""precision"":""float32"",""rate_matching"":""Sionna RV0; filler removal, first2Z and tail puncturing; supported n only"",""scrambling"":""public_PCG64_SHA256_protocol_session_frame_group_counter_after_rate_matching_v1"",""torch"":""2.11.0+cu128"",""version"":""2.2.0""},""interleaver_sha256"":""69d68a9adb664dff539ca0020cfd4fb6cf24b090d0bfa4979e46a3a54a962ba4"",""k"":676,""k_filler"":44,""k_ldpc"":720,""layout_id"":""27c71dcd80609c026f1bbb286d2df83504faf7c4b6eb59d9c0ab2b78f92b0f23"",""modulation_padding_bits"":0,""mother_bits"":3744,""n"":3224,""n_cb"":3600,""n_cb_comp"":3556,""power_protocol"":""fixed_constellation_average_Es2"",""puncturing_bits"":476,""puncturing_first_2Z"":144,""puncturing_remaining"":332,""repetition_bits"":0,""scrambling"":""public_PCG64_SHA256_protocol_session_frame_group_counter_after_rate_matching_v1"",""shortening_bits"":44,""z"":72}",[2048]
QPSK,2/3,QPSK:r2/3,b4da475d0f61b2795cabaed4aa167d586177d4b1a998f86a069fe1bf45b9ba02,360,16,0,376,480,104,2496,1220,610,0,0.3081967213114754,0.29508196721311475,"{""actual_effective_rate"":0.3081967213114754,""bg"":""bg2"",""bit_mapping"":""component_Gray_00_-3_01_-1_10_3_11_1_over_sqrt5;QPSK_0_plus1_1_minus1"",""code_blocks"":1,""decoder_config"":{""cn_schedule"":""flooding"",""cn_update"":""boxplus-phi"",""early_stop"":false,""hard_out"":true,""harq_mode"":false,""llr_max"":20.0,""num_iter"":20,""precision"":""single"",""prune_pcm"":true,""return_infobits"":true,""vn_update"":""sum""},""implementation"":{""bit_mapping"":""component_Gray_00_-3_01_-1_10_3_11_1_over_sqrt5;QPSK_0_plus1_1_minus1"",""cuda"":""12.8"",""decoder"":{""cn_schedule"":""flooding"",""cn_update"":""boxplus-phi"",""early_stop"":false,""hard_out"":true,""harq_mode"":false,""llr_max"":20.0,""num_iter"":20,""precision"":""single"",""prune_pcm"":true,""return_infobits"":true,""vn_update"":""sum""},""decoder_source_sha256"":""44d84b92b749e2970f94d92cd348a11648e2286b4d851faa0af8b21d08f0da23"",""encoder_source_sha256"":""34d8db6660b2e84708a8fb534f63c194f6f2b964e3693fcffc9dcaf21532ccfd"",""implementation"":""Sionna_5G_LDPC"",""power_protocol"":""fixed_constellation_average_Es2"",""precision"":""float32"",""rate_matching"":""Sionna RV0; filler removal, first2Z and tail puncturing; supported n only"",""scrambling"":""public_PCG64_SHA256_protocol_session_frame_group_counter_after_rate_matching_v1"",""torch"":""2.11.0+cu128"",""version"":""2.2.0""},""interleaver_sha256"":""bb710efc1f3e30333586dffbf3c13026511bb59d60b2a7c84cbc4dfe10488967"",""k"":376,""k_filler"":104,""k_ldpc"":480,""layout_id"":""4336fe4a968c379c30327fa4b402d3bc59cf11eb3fa5cff159a59176dc772e0f"",""modulation_padding_bits"":0,""mother_bits"":2496,""n"":1220,""n_cb"":2400,""n_cb_comp"":2296,""power_protocol"":""fixed_constellation_average_Es2"",""puncturing_bits"":1172,""puncturing_first_2Z"":96,""puncturing_remaining"":1076,""repetition_bits"":0,""scrambling"":""public_PCG64_SHA256_protocol_session_frame_group_counter_after_rate_matching_v1"",""shortening_bits"":104,""z"":48}","[1024,2048]"
16QAM,1/2,16QAM:r1/2,b4da60f6e3a84ad4dee6c45a701bf5cf00f6c540f5913795a53a1fbf011057d2,3204,16,0,3220,3520,300,18304,7088,1772,0,0.45428893905191875,0.4520316027088036,"{""actual_effective_rate"":0.45428893905191875,""bg"":""bg2"",""bit_mapping"":""component_Gray_00_-3_01_-1_10_3_11_1_over_sqrt5;QPSK_0_plus1_1_minus1"",""code_blocks"":1,""decoder_config"":{""cn_schedule"":""flooding"",""cn_update"":""boxplus-phi"",""early_stop"":false,""hard_out"":true,""harq_mode"":false,""llr_max"":20.0,""num_iter"":20,""precision"":""single"",""prune_pcm"":true,""return_infobits"":true,""vn_update"":""sum""},""implementation"":{""bit_mapping"":""component_Gray_00_-3_01_-1_10_3_11_1_over_sqrt5;QPSK_0_plus1_1_minus1"",""cuda"":""12.8"",""decoder"":{""cn_schedule"":""flooding"",""cn_update"":""boxplus-phi"",""early_stop"":false,""hard_out"":true,""harq_mode"":false,""llr_max"":20.0,""num_iter"":20,""precision"":""single"",""prune_pcm"":true,""return_infobits"":true,""vn_update"":""sum""},""decoder_source_sha256"":""44d84b92b749e2970f94d92cd348a11648e2286b4d851faa0af8b21d08f0da23"",""encoder_source_sha256"":""34d8db6660b2e84708a8fb534f63c194f6f2b964e3693fcffc9dcaf21532ccfd"",""implementation"":""Sionna_5G_LDPC"",""power_protocol"":""fixed_constellation_average_Es2"",""precision"":""float32"",""rate_matching"":""Sionna RV0; filler removal, first2Z and tail puncturing; supported n only"",""scrambling"":""public_PCG64_SHA256_protocol_session_frame_group_counter_after_rate_matching_v1"",""torch"":""2.11.0+cu128"",""version"":""2.2.0""},""interleaver_sha256"":""f4fd8e8583992c9d112efc1bdfb50426ebd9666dc5af042c508d493d9bc31148"",""k"":3220,""k_filler"":300,""k_ldpc"":3520,""layout_id"":""7bd82a1622b5a44fe53896582078249a406785a75a34cd5478c4f2767002b671"",""modulation_padding_bits"":0,""mother_bits"":18304,""n"":7088,""n_cb"":17600,""n_cb_comp"":17300,""power_protocol"":""fixed_constellation_average_Es2"",""puncturing_bits"":10916,""puncturing_first_2Z"":704,""puncturing_remaining"":10212,""repetition_bits"":0,""scrambling"":""public_PCG64_SHA256_protocol_session_frame_group_counter_after_rate_matching_v1"",""shortening_bits"":300,""z"":352}",[2048]
QPSK,2/3,QPSK:r2/3,b4e75efbc55dd072c66816baee95083410fff06e38e3282ec88c08b7cfcebad6,360,16,0,376,480,104,2496,1278,639,0,0.2942097026604069,0.28169014084507044,"{""actual_effective_rate"":0.2942097026604069,""bg"":""bg2"",""bit_mapping"":""component_Gray_00_-3_01_-1_10_3_11_1_over_sqrt5;QPSK_0_plus1_1_minus1"",""code_blocks"":1,""decoder_config"":{""cn_schedule"":""flooding"",""cn_update"":""boxplus-phi"",""early_stop"":false,""hard_out"":true,""harq_mode"":false,""llr_max"":20.0,""num_iter"":20,""precision"":""single"",""prune_pcm"":true,""return_infobits"":true,""vn_update"":""sum""},""implementation"":{""bit_mapping"":""component_Gray_00_-3_01_-1_10_3_11_1_over_sqrt5;QPSK_0_plus1_1_minus1"",""cuda"":""12.8"",""decoder"":{""cn_schedule"":""flooding"",""cn_update"":""boxplus-phi"",""early_stop"":false,""hard_out"":true,""harq_mode"":false,""llr_max"":20.0,""num_iter"":20,""precision"":""single"",""prune_pcm"":true,""return_infobits"":true,""vn_update"":""sum""},""decoder_source_sha256"":""44d84b92b749e2970f94d92cd348a11648e2286b4d851faa0af8b21d08f0da23"",""encoder_source_sha256"":""34d8db6660b2e84708a8fb534f63c194f6f2b964e3693fcffc9dcaf21532ccfd"",""implementation"":""Sionna_5G_LDPC"",""power_protocol"":""fixed_constellation_average_Es2"",""precision"":""float32"",""rate_matching"":""Sionna RV0; filler removal, first2Z and tail puncturing; supported n only"",""scrambling"":""public_PCG64_SHA256_protocol_session_frame_group_counter_after_rate_matching_v1"",""torch"":""2.11.0+cu128"",""version"":""2.2.0""},""interleaver_sha256"":""348628ba9431ac7f77d7bd25c9570f0db462945d6c715ea1da9713c9d8d62d41"",""k"":376,""k_filler"":104,""k_ldpc"":480,""layout_id"":""f22f5e617811132bfdd052f28066db1dc1bff08e4fc6afc11125240b23a1d0af"",""modulation_padding_bits"":0,""mother_bits"":2496,""n"":1278,""n_cb"":2400,""n_cb_comp"":2296,""power_protocol"":""fixed_constellation_average_Es2"",""puncturing_bits"":1114,""puncturing_first_2Z"":96,""puncturing_remaining"":1018,""repetition_bits"":0,""scrambling"":""public_PCG64_SHA256_protocol_session_frame_group_counter_after_rate_matching_v1"",""shortening_bits"":104,""z"":48}",[1024]
QPSK,1/2,QPSK:r1/2,b5049df7228b44f84d2999133d191c558a7ee8e7f8a5d6b1ac850aedd3f8a6a3,324,16,0,340,440,100,2288,1094,547,0,0.31078610603290674,0.2961608775137112,"{""actual_effective_rate"":0.31078610603290674,""bg"":""bg2"",""bit_mapping"":""component_Gray_00_-3_01_-1_10_3_11_1_over_sqrt5;QPSK_0_plus1_1_minus1"",""code_blocks"":1,""decoder_config"":{""cn_schedule"":""flooding"",""cn_update"":""boxplus-phi"",""early_stop"":false,""hard_out"":true,""harq_mode"":false,""llr_max"":20.0,""num_iter"":20,""precision"":""single"",""prune_pcm"":true,""return_infobits"":true,""vn_update"":""sum""},""implementation"":{""bit_mapping"":""component_Gray_00_-3_01_-1_10_3_11_1_over_sqrt5;QPSK_0_plus1_1_minus1"",""cuda"":""12.8"",""decoder"":{""cn_schedule"":""flooding"",""cn_update"":""boxplus-phi"",""early_stop"":false,""hard_out"":true,""harq_mode"":false,""llr_max"":20.0,""num_iter"":20,""precision"":""single"",""prune_pcm"":true,""return_infobits"":true,""vn_update"":""sum""},""decoder_source_sha256"":""44d84b92b749e2970f94d92cd348a11648e2286b4d851faa0af8b21d08f0da23"",""encoder_source_sha256"":""34d8db6660b2e84708a8fb534f63c194f6f2b964e3693fcffc9dcaf21532ccfd"",""implementation"":""Sionna_5G_LDPC"",""power_protocol"":""fixed_constellation_average_Es2"",""precision"":""float32"",""rate_matching"":""Sionna RV0; filler removal, first2Z and tail puncturing; supported n only"",""scrambling"":""public_PCG64_SHA256_protocol_session_frame_group_counter_after_rate_matching_v1"",""torch"":""2.11.0+cu128"",""version"":""2.2.0""},""interleaver_sha256"":""ee5d54458b7e18362d1e05633676e737ca91b60dd6638efcc49a2e2cfeb403a5"",""k"":340,""k_filler"":100,""k_ldpc"":440,""layout_id"":""ddd7ae86bfb67db86706d92130a78ea3b3b224ccc24dd125a79c369c0d12fd85"",""modulation_padding_bits"":0,""mother_bits"":2288,""n"":1094,""n_cb"":2200,""n_cb_comp"":2100,""power_protocol"":""fixed_constellation_average_Es2"",""puncturing_bits"":1094,""puncturing_first_2Z"":88,""puncturing_remaining"":1006,""repetition_bits"":0,""scrambling"":""public_PCG64_SHA256_protocol_session_frame_group_counter_after_rate_matching_v1"",""shortening_bits"":100,""z"":44}",[1024]
QPSK,1/2,QPSK:r1/2,b51983209acb097f3c459be953392df542a5dc971838bc123e0b8379c59cd4ca,1008,16,0,1024,1040,16,5408,2834,1417,0,0.3613267466478476,0.35568101623147497,"{""actual_effective_rate"":0.3613267466478476,""bg"":""bg2"",""bit_mapping"":""component_Gray_00_-3_01_-1_10_3_11_1_over_sqrt5;QPSK_0_plus1_1_minus1"",""code_blocks"":1,""decoder_config"":{""cn_schedule"":""flooding"",""cn_update"":""boxplus-phi"",""early_stop"":false,""hard_out"":true,""harq_mode"":false,""llr_max"":20.0,""num_iter"":20,""precision"":""single"",""prune_pcm"":true,""return_infobits"":true,""vn_update"":""sum""},""implementation"":{""bit_mapping"":""component_Gray_00_-3_01_-1_10_3_11_1_over_sqrt5;QPSK_0_plus1_1_minus1"",""cuda"":""12.8"",""decoder"":{""cn_schedule"":""flooding"",""cn_update"":""boxplus-phi"",""early_stop"":false,""hard_out"":true,""harq_mode"":false,""llr_max"":20.0,""num_iter"":20,""precision"":""single"",""prune_pcm"":true,""return_infobits"":true,""vn_update"":""sum""},""decoder_source_sha256"":""44d84b92b749e2970f94d92cd348a11648e2286b4d851faa0af8b21d08f0da23"",""encoder_source_sha256"":""34d8db6660b2e84708a8fb534f63c194f6f2b964e3693fcffc9dcaf21532ccfd"",""implementation"":""Sionna_5G_LDPC"",""power_protocol"":""fixed_constellation_average_Es2"",""precision"":""float32"",""rate_matching"":""Sionna RV0; filler removal, first2Z and tail puncturing; supported n only"",""scrambling"":""public_PCG64_SHA256_protocol_session_frame_group_counter_after_rate_matching_v1"",""torch"":""2.11.0+cu128"",""version"":""2.2.0""},""interleaver_sha256"":""644fbe4fdb98e6f0eabf80ef04598a5594e3964ccd5ece2d435522dc410b4fa8"",""k"":1024,""k_filler"":16,""k_ldpc"":1040,""layout_id"":""18dfe55278fc54ea191913eb2823b39fc59f4ac732853f04611c11b4c2fea769"",""modulation_padding_bits"":0,""mother_bits"":5408,""n"":2834,""n_cb"":5200,""n_cb_comp"":5184,""power_protocol"":""fixed_constellation_average_Es2"",""puncturing_bits"":2558,""puncturing_first_2Z"":208,""puncturing_remaining"":2350,""repetition_bits"":0,""scrambling"":""public_PCG64_SHA256_protocol_session_frame_group_counter_after_rate_matching_v1"",""shortening_bits"":16,""z"":104}",[2048]
QPSK,1/2,QPSK:r1/2,b52ab8a7462edd1c9155295728db724929daf10ca77eab04389d9d9210a9cb7f,660,16,0,676,720,44,3744,2976,1488,0,0.2271505376344086,0.2217741935483871,"{""actual_effective_rate"":0.2271505376344086,""bg"":""bg2"",""bit_mapping"":""component_Gray_00_-3_01_-1_10_3_11_1_over_sqrt5;QPSK_0_plus1_1_minus1"",""code_blocks"":1,""decoder_config"":{""cn_schedule"":""flooding"",""cn_update"":""boxplus-phi"",""early_stop"":false,""hard_out"":true,""harq_mode"":false,""llr_max"":20.0,""num_iter"":20,""precision"":""single"",""prune_pcm"":true,""return_infobits"":true,""vn_update"":""sum""},""implementation"":{""bit_mapping"":""component_Gray_00_-3_01_-1_10_3_11_1_over_sqrt5;QPSK_0_plus1_1_minus1"",""cuda"":""12.8"",""decoder"":{""cn_schedule"":""flooding"",""cn_update"":""boxplus-phi"",""early_stop"":false,""hard_out"":true,""harq_mode"":false,""llr_max"":20.0,""num_iter"":20,""precision"":""single"",""prune_pcm"":true,""return_infobits"":true,""vn_update"":""sum""},""decoder_source_sha256"":""44d84b92b749e2970f94d92cd348a11648e2286b4d851faa0af8b21d08f0da23"",""encoder_source_sha256"":""34d8db6660b2e84708a8fb534f63c194f6f2b964e3693fcffc9dcaf21532ccfd"",""implementation"":""Sionna_5G_LDPC"",""power_protocol"":""fixed_constellation_average_Es2"",""precision"":""float32"",""rate_matching"":""Sionna RV0; filler removal, first2Z and tail puncturing; supported n only"",""scrambling"":""public_PCG64_SHA256_protocol_session_frame_group_counter_after_rate_matching_v1"",""torch"":""2.11.0+cu128"",""version"":""2.2.0""},""interleaver_sha256"":""69401afe953b19eee15f6c61853051a5f7bad5d442f87666a0ec63fa0e488145"",""k"":676,""k_filler"":44,""k_ldpc"":720,""layout_id"":""15aa4b2ebd71ad3122d240c7a8eeed886a7616aaf968bc516229123eac57e0fc"",""modulation_padding_bits"":0,""mother_bits"":3744,""n"":2976,""n_cb"":3600,""n_cb_comp"":3556,""power_protocol"":""fixed_constellation_average_Es2"",""puncturing_bits"":724,""puncturing_first_2Z"":144,""puncturing_remaining"":580,""repetition_bits"":0,""scrambling"":""public_PCG64_SHA256_protocol_session_frame_group_counter_after_rate_matching_v1"",""shortening_bits"":44,""z"":72}",[2048]
16QAM,2/3,16QAM:r2/3,b52c06ef1f663d9481af97e706bb0d13c51823b2517f271901090bb6bbf7bf41,4212,16,0,4228,4576,348,14144,7392,1848,0,0.571969696969697,0.5698051948051948,"{""actual_effective_rate"":0.571969696969697,""bg"":""bg1"",""bit_mapping"":""component_Gray_00_-3_01_-1_10_3_11_1_over_sqrt5;QPSK_0_plus1_1_minus1"",""code_blocks"":1,""decoder_config"":{""cn_schedule"":""flooding"",""cn_update"":""boxplus-phi"",""early_stop"":false,""hard_out"":true,""harq_mode"":false,""llr_max"":20.0,""num_iter"":20,""precision"":""single"",""prune_pcm"":true,""return_infobits"":true,""vn_update"":""sum""},""implementation"":{""bit_mapping"":""component_Gray_00_-3_01_-1_10_3_11_1_over_sqrt5;QPSK_0_plus1_1_minus1"",""cuda"":""12.8"",""decoder"":{""cn_schedule"":""flooding"",""cn_update"":""boxplus-phi"",""early_stop"":false,""hard_out"":true,""harq_mode"":false,""llr_max"":20.0,""num_iter"":20,""precision"":""single"",""prune_pcm"":true,""return_infobits"":true,""vn_update"":""sum""},""decoder_source_sha256"":""44d84b92b749e2970f94d92cd348a11648e2286b4d851faa0af8b21d08f0da23"",""encoder_source_sha256"":""34d8db6660b2e84708a8fb534f63c194f6f2b964e3693fcffc9dcaf21532ccfd"",""implementation"":""Sionna_5G_LDPC"",""power_protocol"":""fixed_constellation_average_Es2"",""precision"":""float32"",""rate_matching"":""Sionna RV0; filler removal, first2Z and tail puncturing; supported n only"",""scrambling"":""public_PCG64_SHA256_protocol_session_frame_group_counter_after_rate_matching_v1"",""torch"":""2.11.0+cu128"",""version"":""2.2.0""},""interleaver_sha256"":""c53c10d746373e501186fd8a1974b4917191d73f28151c1acb620fb396c25bd7"",""k"":4228,""k_filler"":348,""k_ldpc"":4576,""layout_id"":""f2487d8b2ab5e4ec22cb953613241992f5f10d63218298aecdec749d3f8f7166"",""modulation_padding_bits"":0,""mother_bits"":14144,""n"":7392,""n_cb"":13728,""n_cb_comp"":13380,""power_protocol"":""fixed_constellation_average_Es2"",""puncturing_bits"":6404,""puncturing_first_2Z"":416,""puncturing_remaining"":5988,""repetition_bits"":0,""scrambling"":""public_PCG64_SHA256_protocol_session_frame_group_counter_after_rate_matching_v1"",""shortening_bits"":348,""z"":208}",[2048]
QPSK,1/2,QPSK:r1/2,b52de2683b1d42db06d7783c8a7fc2db8d794c6e413882ab5472961a8448296f,1068,16,0,1084,1120,36,5824,2952,1476,0,0.36720867208672087,0.3617886178861789,"{""actual_effective_rate"":0.36720867208672087,""bg"":""bg2"",""bit_mapping"":""component_Gray_00_-3_01_-1_10_3_11_1_over_sqrt5;QPSK_0_plus1_1_minus1"",""code_blocks"":1,""decoder_config"":{""cn_schedule"":""flooding"",""cn_update"":""boxplus-phi"",""early_stop"":false,""hard_out"":true,""harq_mode"":false,""llr_max"":20.0,""num_iter"":20,""precision"":""single"",""prune_pcm"":true,""return_infobits"":true,""vn_update"":""sum""},""implementation"":{""bit_mapping"":""component_Gray_00_-3_01_-1_10_3_11_1_over_sqrt5;QPSK_0_plus1_1_minus1"",""cuda"":""12.8"",""decoder"":{""cn_schedule"":""flooding"",""cn_update"":""boxplus-phi"",""early_stop"":false,""hard_out"":true,""harq_mode"":false,""llr_max"":20.0,""num_iter"":20,""precision"":""single"",""prune_pcm"":true,""return_infobits"":true,""vn_update"":""sum""},""decoder_source_sha256"":""44d84b92b749e2970f94d92cd348a11648e2286b4d851faa0af8b21d08f0da23"",""encoder_source_sha256"":""34d8db6660b2e84708a8fb534f63c194f6f2b964e3693fcffc9dcaf21532ccfd"",""implementation"":""Sionna_5G_LDPC"",""power_protocol"":""fixed_constellation_average_Es2"",""precision"":""float32"",""rate_matching"":""Sionna RV0; filler removal, first2Z and tail puncturing; supported n only"",""scrambling"":""public_PCG64_SHA256_protocol_session_frame_group_counter_after_rate_matching_v1"",""torch"":""2.11.0+cu128"",""version"":""2.2.0""},""interleaver_sha256"":""2f3464e49f11c2c2b9b9780036a5147b1be9557b4bf054d32491d8c9ad675fc8"",""k"":1084,""k_filler"":36,""k_ldpc"":1120,""layout_id"":""1bd72ce8fed7185780a0db8cf315b10f6c6d04f2c7b2cb58b549f020af3b236b"",""modulation_padding_bits"":0,""mother_bits"":5824,""n"":2952,""n_cb"":5600,""n_cb_comp"":5564,""power_protocol"":""fixed_constellation_average_Es2"",""puncturing_bits"":2836,""puncturing_first_2Z"":224,""puncturing_remaining"":2612,""repetition_bits"":0,""scrambling"":""public_PCG64_SHA256_protocol_session_frame_group_counter_after_rate_matching_v1"",""shortening_bits"":36,""z"":112}",[2048]
QPSK,3/4,QPSK:r3/4,b52eb4f3ca351d307a8edd30cb6d6b75e145a82bc56c358036bfae5292a21cfe,168,16,0,184,320,136,1664,246,123,0,0.7479674796747967,0.6829268292682927,"{""actual_effective_rate"":0.7479674796747967,""bg"":""bg2"",""bit_mapping"":""component_Gray_00_-3_01_-1_10_3_11_1_over_sqrt5;QPSK_0_plus1_1_minus1"",""code_blocks"":1,""decoder_config"":{""cn_schedule"":""flooding"",""cn_update"":""boxplus-phi"",""early_stop"":false,""hard_out"":true,""harq_mode"":false,""llr_max"":20.0,""num_iter"":20,""precision"":""single"",""prune_pcm"":true,""return_infobits"":true,""vn_update"":""sum""},""implementation"":{""bit_mapping"":""component_Gray_00_-3_01_-1_10_3_11_1_over_sqrt5;QPSK_0_plus1_1_minus1"",""cuda"":""12.8"",""decoder"":{""cn_schedule"":""flooding"",""cn_update"":""boxplus-phi"",""early_stop"":false,""hard_out"":true,""harq_mode"":false,""llr_max"":20.0,""num_iter"":20,""precision"":""single"",""prune_pcm"":true,""return_infobits"":true,""vn_update"":""sum""},""decoder_source_sha256"":""44d84b92b749e2970f94d92cd348a11648e2286b4d851faa0af8b21d08f0da23"",""encoder_source_sha256"":""34d8db6660b2e84708a8fb534f63c194f6f2b964e3693fcffc9dcaf21532ccfd"",""implementation"":""Sionna_5G_LDPC"",""power_protocol"":""fixed_constellation_average_Es2"",""precision"":""float32"",""rate_matching"":""Sionna RV0; filler removal, first2Z and tail puncturing; supported n only"",""scrambling"":""public_PCG64_SHA256_protocol_session_frame_group_counter_after_rate_matching_v1"",""torch"":""2.11.0+cu128"",""version"":""2.2.0""},""interleaver_sha256"":""4e87b1b7438051731dded75a2b8c50697d00fca3c5ae3d15cb14dd90c63785ea"",""k"":184,""k_filler"":136,""k_ldpc"":320,""layout_id"":""2ea2f9e8f2f511d94246e896f8973a3332e55b62cac56730e97e9c142fe30a1f"",""modulation_padding_bits"":0,""mother_bits"":1664,""n"":246,""n_cb"":1600,""n_cb_comp"":1464,""power_protocol"":""fixed_constellation_average_Es2"",""puncturing_bits"":1282,""puncturing_first_2Z"":64,""puncturing_remaining"":1218,""repetition_bits"":0,""scrambling"":""public_PCG64_SHA256_protocol_session_frame_group_counter_after_rate_matching_v1"",""shortening_bits"":136,""z"":32}",[1024]
QPSK,1/3,QPSK:r1/3,b549b73390d6465bcd0d0b81a1dbb4eff811cfc8fc77e520fa3e928a82e0d144,660,16,0,676,720,44,3744,3130,1565,0,0.2159744408945687,0.2108626198083067,"{""actual_effective_rate"":0.2159744408945687,""bg"":""bg2"",""bit_mapping"":""component_Gray_00_-3_01_-1_10_3_11_1_over_sqrt5;QPSK_0_plus1_1_minus1"",""code_blocks"":1,""decoder_config"":{""cn_schedule"":""flooding"",""cn_update"":""boxplus-phi"",""early_stop"":false,""hard_out"":true,""harq_mode"":false,""llr_max"":20.0,""num_iter"":20,""precision"":""single"",""prune_pcm"":true,""return_infobits"":true,""vn_update"":""sum""},""implementation"":{""bit_mapping"":""component_Gray_00_-3_01_-1_10_3_11_1_over_sqrt5;QPSK_0_plus1_1_minus1"",""cuda"":""12.8"",""decoder"":{""cn_schedule"":""flooding"",""cn_update"":""boxplus-phi"",""early_stop"":false,""hard_out"":true,""harq_mode"":false,""llr_max"":20.0,""num_iter"":20,""precision"":""single"",""prune_pcm"":true,""return_infobits"":true,""vn_update"":""sum""},""decoder_source_sha256"":""44d84b92b749e2970f94d92cd348a11648e2286b4d851faa0af8b21d08f0da23"",""encoder_source_sha256"":""34d8db6660b2e84708a8fb534f63c194f6f2b964e3693fcffc9dcaf21532ccfd"",""implementation"":""Sionna_5G_LDPC"",""power_protocol"":""fixed_constellation_average_Es2"",""precision"":""float32"",""rate_matching"":""Sionna RV0; filler removal, first2Z and tail puncturing; supported n only"",""scrambling"":""public_PCG64_SHA256_protocol_session_frame_group_counter_after_rate_matching_v1"",""torch"":""2.11.0+cu128"",""version"":""2.2.0""},""interleaver_sha256"":""d7ed7b4ee0162509b329a21c5519e3c8edd414b12fc450074b6ef52da1c60a76"",""k"":676,""k_filler"":44,""k_ldpc"":720,""layout_id"":""87f19b295ece16e92d077e0b8e8ab03d97a9aca4c288487788849395aee9e316"",""modulation_padding_bits"":0,""mother_bits"":3744,""n"":3130,""n_cb"":3600,""n_cb_comp"":3556,""power_protocol"":""fixed_constellation_average_Es2"",""puncturing_bits"":570,""puncturing_first_2Z"":144,""puncturing_remaining"":426,""repetition_bits"":0,""scrambling"":""public_PCG64_SHA256_protocol_session_frame_group_counter_after_rate_matching_v1"",""shortening_bits"":44,""z"":72}",[2048]
QPSK,5/6,QPSK:r5/6,b5622b1ac6cf621dee06d27408f17a5b788048df5109e2b9acb7ab516a1f07b7,360,16,0,376,396,20,1224,454,227,0,0.8281938325991189,0.7929515418502202,"{""actual_effective_rate"":0.8281938325991189,""bg"":""bg1"",""bit_mapping"":""component_Gray_00_-3_01_-1_10_3_11_1_over_sqrt5;QPSK_0_plus1_1_minus1"",""code_blocks"":1,""decoder_config"":{""cn_schedule"":""flooding"",""cn_update"":""boxplus-phi"",""early_stop"":false,""hard_out"":true,""harq_mode"":false,""llr_max"":20.0,""num_iter"":20,""precision"":""single"",""prune_pcm"":true,""return_infobits"":true,""vn_update"":""sum""},""implementation"":{""bit_mapping"":""component_Gray_00_-3_01_-1_10_3_11_1_over_sqrt5;QPSK_0_plus1_1_minus1"",""cuda"":""12.8"",""decoder"":{""cn_schedule"":""flooding"",""cn_update"":""boxplus-phi"",""early_stop"":false,""hard_out"":true,""harq_mode"":false,""llr_max"":20.0,""num_iter"":20,""precision"":""single"",""prune_pcm"":true,""return_infobits"":true,""vn_update"":""sum""},""decoder_source_sha256"":""44d84b92b749e2970f94d92cd348a11648e2286b4d851faa0af8b21d08f0da23"",""encoder_source_sha256"":""34d8db6660b2e84708a8fb534f63c194f6f2b964e3693fcffc9dcaf21532ccfd"",""implementation"":""Sionna_5G_LDPC"",""power_protocol"":""fixed_constellation_average_Es2"",""precision"":""float32"",""rate_matching"":""Sionna RV0; filler removal, first2Z and tail puncturing; supported n only"",""scrambling"":""public_PCG64_SHA256_protocol_session_frame_group_counter_after_rate_matching_v1"",""torch"":""2.11.0+cu128"",""version"":""2.2.0""},""interleaver_sha256"":""bbe0a17d2ec79001e45e4ed8ef87b71ce08f630e7c14593bcacab4f0b0e1b683"",""k"":376,""k_filler"":20,""k_ldpc"":396,""layout_id"":""76e76df226a2971ec8109d62d0a6ba86448f33c2da7beea172414fde5e803113"",""modulation_padding_bits"":0,""mother_bits"":1224,""n"":454,""n_cb"":1188,""n_cb_comp"":1168,""power_protocol"":""fixed_constellation_average_Es2"",""puncturing_bits"":750,""puncturing_first_2Z"":36,""puncturing_remaining"":714,""repetition_bits"":0,""scrambling"":""public_PCG64_SHA256_protocol_session_frame_group_counter_after_rate_matching_v1"",""shortening_bits"":20,""z"":18}","[1024,2048]"
16QAM,3/4,16QAM:r3/4,b566e4ea076afd6e96db67d09f9cc7118691960650c03f22d9671c954ca593a5,384,16,0,400,520,120,2704,640,160,0,0.625,0.6,"{""actual_effective_rate"":0.625,""bg"":""bg2"",""bit_mapping"":""component_Gray_00_-3_01_-1_10_3_11_1_over_sqrt5;QPSK_0_plus1_1_minus1"",""code_blocks"":1,""decoder_config"":{""cn_schedule"":""flooding"",""cn_update"":""boxplus-phi"",""early_stop"":false,""hard_out"":true,""harq_mode"":false,""llr_max"":20.0,""num_iter"":20,""precision"":""single"",""prune_pcm"":true,""return_infobits"":true,""vn_update"":""sum""},""implementation"":{""bit_mapping"":""component_Gray_00_-3_01_-1_10_3_11_1_over_sqrt5;QPSK_0_plus1_1_minus1"",""cuda"":""12.8"",""decoder"":{""cn_schedule"":""flooding"",""cn_update"":""boxplus-phi"",""early_stop"":false,""hard_out"":true,""harq_mode"":false,""llr_max"":20.0,""num_iter"":20,""precision"":""single"",""prune_pcm"":true,""return_infobits"":true,""vn_update"":""sum""},""decoder_source_sha256"":""44d84b92b749e2970f94d92cd348a11648e2286b4d851faa0af8b21d08f0da23"",""encoder_source_sha256"":""34d8db6660b2e84708a8fb534f63c194f6f2b964e3693fcffc9dcaf21532ccfd"",""implementation"":""Sionna_5G_LDPC"",""power_protocol"":""fixed_constellation_average_Es2"",""precision"":""float32"",""rate_matching"":""Sionna RV0; filler removal, first2Z and tail puncturing; supported n only"",""scrambling"":""public_PCG64_SHA256_protocol_session_frame_group_counter_after_rate_matching_v1"",""torch"":""2.11.0+cu128"",""version"":""2.2.0""},""interleaver_sha256"":""ab0b494d4a6412f7bd350c194ecb01e9fd7a74860666c9526a323e00904863d5"",""k"":400,""k_filler"":120,""k_ldpc"":520,""layout_id"":""361af2edc546687d4011abffee6a153b7d340b41f5b7239121fa368bf9cbdbb7"",""modulation_padding_bits"":0,""mother_bits"":2704,""n"":640,""n_cb"":2600,""n_cb_comp"":2480,""power_protocol"":""fixed_constellation_average_Es2"",""puncturing_bits"":1944,""puncturing_first_2Z"":104,""puncturing_remaining"":1840,""repetition_bits"":0,""scrambling"":""public_PCG64_SHA256_protocol_session_frame_group_counter_after_rate_matching_v1"",""shortening_bits"":120,""z"":52}",[1024]
QPSK,1/2,QPSK:r1/2,b5691eb1141d96dfe417dc889ec024267548aa56fa33034f7641bd2127ac4fe7,876,16,0,892,960,68,4992,1912,956,0,0.4665271966527197,0.4581589958158996,"{""actual_effective_rate"":0.4665271966527197,""bg"":""bg2"",""bit_mapping"":""component_Gray_00_-3_01_-1_10_3_11_1_over_sqrt5;QPSK_0_plus1_1_minus1"",""code_blocks"":1,""decoder_config"":{""cn_schedule"":""flooding"",""cn_update"":""boxplus-phi"",""early_stop"":false,""hard_out"":true,""harq_mode"":false,""llr_max"":20.0,""num_iter"":20,""precision"":""single"",""prune_pcm"":true,""return_infobits"":true,""vn_update"":""sum""},""implementation"":{""bit_mapping"":""component_Gray_00_-3_01_-1_10_3_11_1_over_sqrt5;QPSK_0_plus1_1_minus1"",""cuda"":""12.8"",""decoder"":{""cn_schedule"":""flooding"",""cn_update"":""boxplus-phi"",""early_stop"":false,""hard_out"":true,""harq_mode"":false,""llr_max"":20.0,""num_iter"":20,""precision"":""single"",""prune_pcm"":true,""return_infobits"":true,""vn_update"":""sum""},""decoder_source_sha256"":""44d84b92b749e2970f94d92cd348a11648e2286b4d851faa0af8b21d08f0da23"",""encoder_source_sha256"":""34d8db6660b2e84708a8fb534f63c194f6f2b964e3693fcffc9dcaf21532ccfd"",""implementation"":""Sionna_5G_LDPC"",""power_protocol"":""fixed_constellation_average_Es2"",""precision"":""float32"",""rate_matching"":""Sionna RV0; filler removal, first2Z and tail puncturing; supported n only"",""scrambling"":""public_PCG64_SHA256_protocol_session_frame_group_counter_after_rate_matching_v1"",""torch"":""2.11.0+cu128"",""version"":""2.2.0""},""interleaver_sha256"":""6bf95bf2c0e2ecc0e051c11851f956a0c4628f53d98079936a61809b1b2704ba"",""k"":892,""k_filler"":68,""k_ldpc"":960,""layout_id"":""5da219155f6c368c67cad45fed9e0297a04fbda980f5747921713957dac2f645"",""modulation_padding_bits"":0,""mother_bits"":4992,""n"":1912,""n_cb"":4800,""n_cb_comp"":4732,""power_protocol"":""fixed_constellation_average_Es2"",""puncturing_bits"":3012,""puncturing_first_2Z"":192,""puncturing_remaining"":2820,""repetition_bits"":0,""scrambling"":""public_PCG64_SHA256_protocol_session_frame_group_counter_after_rate_matching_v1"",""shortening_bits"":68,""z"":96}",[1024]
16QAM,5/6,16QAM:r5/6,b56a47bcdb753dc28d0187ea4affbec436d223131fccdb057feb5725995dc3fa,4212,16,0,4228,4576,348,14144,7204,1801,0,0.5868961687951139,0.5846751804553026,"{""actual_effective_rate"":0.5868961687951139,""bg"":""bg1"",""bit_mapping"":""component_Gray_00_-3_01_-1_10_3_11_1_over_sqrt5;QPSK_0_plus1_1_minus1"",""code_blocks"":1,""decoder_config"":{""cn_schedule"":""flooding"",""cn_update"":""boxplus-phi"",""early_stop"":false,""hard_out"":true,""harq_mode"":false,""llr_max"":20.0,""num_iter"":20,""precision"":""single"",""prune_pcm"":true,""return_infobits"":true,""vn_update"":""sum""},""implementation"":{""bit_mapping"":""component_Gray_00_-3_01_-1_10_3_11_1_over_sqrt5;QPSK_0_plus1_1_minus1"",""cuda"":""12.8"",""decoder"":{""cn_schedule"":""flooding"",""cn_update"":""boxplus-phi"",""early_stop"":false,""hard_out"":true,""harq_mode"":false,""llr_max"":20.0,""num_iter"":20,""precision"":""single"",""prune_pcm"":true,""return_infobits"":true,""vn_update"":""sum""},""decoder_source_sha256"":""44d84b92b749e2970f94d92cd348a11648e2286b4d851faa0af8b21d08f0da23"",""encoder_source_sha256"":""34d8db6660b2e84708a8fb534f63c194f6f2b964e3693fcffc9dcaf21532ccfd"",""implementation"":""Sionna_5G_LDPC"",""power_protocol"":""fixed_constellation_average_Es2"",""precision"":""float32"",""rate_matching"":""Sionna RV0; filler removal, first2Z and tail puncturing; supported n only"",""scrambling"":""public_PCG64_SHA256_protocol_session_frame_group_counter_after_rate_matching_v1"",""torch"":""2.11.0+cu128"",""version"":""2.2.0""},""interleaver_sha256"":""ddb42198fc5cd1bfc1de22445a6a0e01b636cc04182b85fca2914c1c6cc689af"",""k"":4228,""k_filler"":348,""k_ldpc"":4576,""layout_id"":""56662e1d17bddf24dcbc4222c26cbcc84316a4c879bfbf9e02dee26311bdfebc"",""modulation_padding_bits"":0,""mother_bits"":14144,""n"":7204,""n_cb"":13728,""n_cb_comp"":13380,""power_protocol"":""fixed_constellation_average_Es2"",""puncturing_bits"":6592,""puncturing_first_2Z"":416,""puncturing_remaining"":6176,""repetition_bits"":0,""scrambling"":""public_PCG64_SHA256_protocol_session_frame_group_counter_after_rate_matching_v1"",""shortening_bits"":348,""z"":208}",[2048]
16QAM,3/4,16QAM:r3/4,b581fbc1c1deca832a57692127474c70ed366a4ad5e91c75d2e52eb032c5db6e,1488,16,0,1504,1584,80,4896,2008,502,0,0.749003984063745,0.7410358565737052,"{""actual_effective_rate"":0.749003984063745,""bg"":""bg1"",""bit_mapping"":""component_Gray_00_-3_01_-1_10_3_11_1_over_sqrt5;QPSK_0_plus1_1_minus1"",""code_blocks"":1,""decoder_config"":{""cn_schedule"":""flooding"",""cn_update"":""boxplus-phi"",""early_stop"":false,""hard_out"":true,""harq_mode"":false,""llr_max"":20.0,""num_iter"":20,""precision"":""single"",""prune_pcm"":true,""return_infobits"":true,""vn_update"":""sum""},""implementation"":{""bit_mapping"":""component_Gray_00_-3_01_-1_10_3_11_1_over_sqrt5;QPSK_0_plus1_1_minus1"",""cuda"":""12.8"",""decoder"":{""cn_schedule"":""flooding"",""cn_update"":""boxplus-phi"",""early_stop"":false,""hard_out"":true,""harq_mode"":false,""llr_max"":20.0,""num_iter"":20,""precision"":""single"",""prune_pcm"":true,""return_infobits"":true,""vn_update"":""sum""},""decoder_source_sha256"":""44d84b92b749e2970f94d92cd348a11648e2286b4d851faa0af8b21d08f0da23"",""encoder_source_sha256"":""34d8db6660b2e84708a8fb534f63c194f6f2b964e3693fcffc9dcaf21532ccfd"",""implementation"":""Sionna_5G_LDPC"",""power_protocol"":""fixed_constellation_average_Es2"",""precision"":""float32"",""rate_matching"":""Sionna RV0; filler removal, first2Z and tail puncturing; supported n only"",""scrambling"":""public_PCG64_SHA256_protocol_session_frame_group_counter_after_rate_matching_v1"",""torch"":""2.11.0+cu128"",""version"":""2.2.0""},""interleaver_sha256"":""f06f1ac4474b1d958438b9661c7297209f51fa314027de4fbd4ae5bc8251388f"",""k"":1504,""k_filler"":80,""k_ldpc"":1584,""layout_id"":""458b608a2b58216304b3a52d34493a8d68fee81b15f5a65eeb412274c872c72d"",""modulation_padding_bits"":0,""mother_bits"":4896,""n"":2008,""n_cb"":4752,""n_cb_comp"":4672,""power_protocol"":""fixed_constellation_average_Es2"",""puncturing_bits"":2808,""puncturing_first_2Z"":144,""puncturing_remaining"":2664,""repetition_bits"":0,""scrambling"":""public_PCG64_SHA256_protocol_session_frame_group_counter_after_rate_matching_v1"",""shortening_bits"":80,""z"":72}",[1024]
16QAM,2/3,16QAM:r2/3,b599e51945226748f41fab7d35064dc06678f64c1e27df0964c47a53e4102687,384,16,0,400,520,120,2704,652,163,0,0.6134969325153374,0.588957055214724,"{""actual_effective_rate"":0.6134969325153374,""bg"":""bg2"",""bit_mapping"":""component_Gray_00_-3_01_-1_10_3_11_1_over_sqrt5;QPSK_0_plus1_1_minus1"",""code_blocks"":1,""decoder_config"":{""cn_schedule"":""flooding"",""cn_update"":""boxplus-phi"",""early_stop"":false,""hard_out"":true,""harq_mode"":false,""llr_max"":20.0,""num_iter"":20,""precision"":""single"",""prune_pcm"":true,""return_infobits"":true,""vn_update"":""sum""},""implementation"":{""bit_mapping"":""component_Gray_00_-3_01_-1_10_3_11_1_over_sqrt5;QPSK_0_plus1_1_minus1"",""cuda"":""12.8"",""decoder"":{""cn_schedule"":""flooding"",""cn_update"":""boxplus-phi"",""early_stop"":false,""hard_out"":true,""harq_mode"":false,""llr_max"":20.0,""num_iter"":20,""precision"":""single"",""prune_pcm"":true,""return_infobits"":true,""vn_update"":""sum""},""decoder_source_sha256"":""44d84b92b749e2970f94d92cd348a11648e2286b4d851faa0af8b21d08f0da23"",""encoder_source_sha256"":""34d8db6660b2e84708a8fb534f63c194f6f2b964e3693fcffc9dcaf21532ccfd"",""implementation"":""Sionna_5G_LDPC"",""power_protocol"":""fixed_constellation_average_Es2"",""precision"":""float32"",""rate_matching"":""Sionna RV0; filler removal, first2Z and tail puncturing; supported n only"",""scrambling"":""public_PCG64_SHA256_protocol_session_frame_group_counter_after_rate_matching_v1"",""torch"":""2.11.0+cu128"",""version"":""2.2.0""},""interleaver_sha256"":""f9b2d0063b0b3402d5e957dea064864775c4272b98caa3dc705f356a04c0d1bf"",""k"":400,""k_filler"":120,""k_ldpc"":520,""layout_id"":""849ff148eb1b39f926b2c7a0cc96dd40dd88318abd464fe0ba0764dec448491d"",""modulation_padding_bits"":0,""mother_bits"":2704,""n"":652,""n_cb"":2600,""n_cb_comp"":2480,""power_protocol"":""fixed_constellation_average_Es2"",""puncturing_bits"":1932,""puncturing_first_2Z"":104,""puncturing_remaining"":1828,""repetition_bits"":0,""scrambling"":""public_PCG64_SHA256_protocol_session_frame_group_counter_after_rate_matching_v1"",""shortening_bits"":120,""z"":52}",[2048]
16QAM,2/3,16QAM:r2/3,b5ab03a3f253b1df5326a049380fbc0d46ddeca93803221314f5e2d4b70540bd,1092,16,0,1108,1120,12,5824,2868,717,0,0.38633193863319387,0.3807531380753138,"{""actual_effective_rate"":0.38633193863319387,""bg"":""bg2"",""bit_mapping"":""component_Gray_00_-3_01_-1_10_3_11_1_over_sqrt5;QPSK_0_plus1_1_minus1"",""code_blocks"":1,""decoder_config"":{""cn_schedule"":""flooding"",""cn_update"":""boxplus-phi"",""early_stop"":false,""hard_out"":true,""harq_mode"":false,""llr_max"":20.0,""num_iter"":20,""precision"":""single"",""prune_pcm"":true,""return_infobits"":true,""vn_update"":""sum""},""implementation"":{""bit_mapping"":""component_Gray_00_-3_01_-1_10_3_11_1_over_sqrt5;QPSK_0_plus1_1_minus1"",""cuda"":""12.8"",""decoder"":{""cn_schedule"":""flooding"",""cn_update"":""boxplus-phi"",""early_stop"":false,""hard_out"":true,""harq_mode"":false,""llr_max"":20.0,""num_iter"":20,""precision"":""single"",""prune_pcm"":true,""return_infobits"":true,""vn_update"":""sum""},""decoder_source_sha256"":""44d84b92b749e2970f94d92cd348a11648e2286b4d851faa0af8b21d08f0da23"",""encoder_source_sha256"":""34d8db6660b2e84708a8fb534f63c194f6f2b964e3693fcffc9dcaf21532ccfd"",""implementation"":""Sionna_5G_LDPC"",""power_protocol"":""fixed_constellation_average_Es2"",""precision"":""float32"",""rate_matching"":""Sionna RV0; filler removal, first2Z and tail puncturing; supported n only"",""scrambling"":""public_PCG64_SHA256_protocol_session_frame_group_counter_after_rate_matching_v1"",""torch"":""2.11.0+cu128"",""version"":""2.2.0""},""interleaver_sha256"":""9ace39567087522b988fad197fbc3779f0dcc4fdcb93bb90a09a5b171f7e8b53"",""k"":1108,""k_filler"":12,""k_ldpc"":1120,""layout_id"":""a2275783208c13b9e33ab8f2b644d365da28249cacc5641a902b85f2904e74c5"",""modulation_padding_bits"":0,""mother_bits"":5824,""n"":2868,""n_cb"":5600,""n_cb_comp"":5588,""power_protocol"":""fixed_constellation_average_Es2"",""puncturing_bits"":2944,""puncturing_first_2Z"":224,""puncturing_remaining"":2720,""repetition_bits"":0,""scrambling"":""public_PCG64_SHA256_protocol_session_frame_group_counter_after_rate_matching_v1"",""shortening_bits"":12,""z"":112}",[1024]
QPSK,3/4,QPSK:r3/4,b5addc4ad126a681ac696a982f56ffdab2df5204819690625d00dc3c67762e2a,660,16,0,676,720,44,3744,2140,1070,0,0.31588785046728973,0.308411214953271,"{""actual_effective_rate"":0.31588785046728973,""bg"":""bg2"",""bit_mapping"":""component_Gray_00_-3_01_-1_10_3_11_1_over_sqrt5;QPSK_0_plus1_1_minus1"",""code_blocks"":1,""decoder_config"":{""cn_schedule"":""flooding"",""cn_update"":""boxplus-phi"",""early_stop"":false,""hard_out"":true,""harq_mode"":false,""llr_max"":20.0,""num_iter"":20,""precision"":""single"",""prune_pcm"":true,""return_infobits"":true,""vn_update"":""sum""},""implementation"":{""bit_mapping"":""component_Gray_00_-3_01_-1_10_3_11_1_over_sqrt5;QPSK_0_plus1_1_minus1"",""cuda"":""12.8"",""decoder"":{""cn_schedule"":""flooding"",""cn_update"":""boxplus-phi"",""early_stop"":false,""hard_out"":true,""harq_mode"":false,""llr_max"":20.0,""num_iter"":20,""precision"":""single"",""prune_pcm"":true,""return_infobits"":true,""vn_update"":""sum""},""decoder_source_sha256"":""44d84b92b749e2970f94d92cd348a11648e2286b4d851faa0af8b21d08f0da23"",""encoder_source_sha256"":""34d8db6660b2e84708a8fb534f63c194f6f2b964e3693fcffc9dcaf21532ccfd"",""implementation"":""Sionna_5G_LDPC"",""power_protocol"":""fixed_constellation_average_Es2"",""precision"":""float32"",""rate_matching"":""Sionna RV0; filler removal, first2Z and tail puncturing; supported n only"",""scrambling"":""public_PCG64_SHA256_protocol_session_frame_group_counter_after_rate_matching_v1"",""torch"":""2.11.0+cu128"",""version"":""2.2.0""},""interleaver_sha256"":""62966d92ffba8a8aed7ba54b27d5ab8256bd4da2ef57b41c45f34226c7198233"",""k"":676,""k_filler"":44,""k_ldpc"":720,""layout_id"":""d000519b093e4603340f0ec80be5d90ce8676d237407fed9abaa126cfab34b98"",""modulation_padding_bits"":0,""mother_bits"":3744,""n"":2140,""n_cb"":3600,""n_cb_comp"":3556,""power_protocol"":""fixed_constellation_average_Es2"",""puncturing_bits"":1560,""puncturing_first_2Z"":144,""puncturing_remaining"":1416,""repetition_bits"":0,""scrambling"":""public_PCG64_SHA256_protocol_session_frame_group_counter_after_rate_matching_v1"",""shortening_bits"":44,""z"":72}",[2048]
QPSK,1/3,QPSK:r1/3,b5b5a07caf96afc79a9dfbbb665844cf8b2c26b6d16050b5fd57b5b36e04cf17,660,16,0,676,720,44,3744,2808,1404,0,0.24074074074074073,0.23504273504273504,"{""actual_effective_rate"":0.24074074074074073,""bg"":""bg2"",""bit_mapping"":""component_Gray_00_-3_01_-1_10_3_11_1_over_sqrt5;QPSK_0_plus1_1_minus1"",""code_blocks"":1,""decoder_config"":{""cn_schedule"":""flooding"",""cn_update"":""boxplus-phi"",""early_stop"":false,""hard_out"":true,""harq_mode"":false,""llr_max"":20.0,""num_iter"":20,""precision"":""single"",""prune_pcm"":true,""return_infobits"":true,""vn_update"":""sum""},""implementation"":{""bit_mapping"":""component_Gray_00_-3_01_-1_10_3_11_1_over_sqrt5;QPSK_0_plus1_1_minus1"",""cuda"":""12.8"",""decoder"":{""cn_schedule"":""flooding"",""cn_update"":""boxplus-phi"",""early_stop"":false,""hard_out"":true,""harq_mode"":false,""llr_max"":20.0,""num_iter"":20,""precision"":""single"",""prune_pcm"":true,""return_infobits"":true,""vn_update"":""sum""},""decoder_source_sha256"":""44d84b92b749e2970f94d92cd348a11648e2286b4d851faa0af8b21d08f0da23"",""encoder_source_sha256"":""34d8db6660b2e84708a8fb534f63c194f6f2b964e3693fcffc9dcaf21532ccfd"",""implementation"":""Sionna_5G_LDPC"",""power_protocol"":""fixed_constellation_average_Es2"",""precision"":""float32"",""rate_matching"":""Sionna RV0; filler removal, first2Z and tail puncturing; supported n only"",""scrambling"":""public_PCG64_SHA256_protocol_session_frame_group_counter_after_rate_matching_v1"",""torch"":""2.11.0+cu128"",""version"":""2.2.0""},""interleaver_sha256"":""921b988eed44ebf18879817f5add20e2dd068e1280eed2cdd2bd28d1fd54e480"",""k"":676,""k_filler"":44,""k_ldpc"":720,""layout_id"":""dbbcad448900a7c778d31475fe23c04d978672f9dc7928a07148d9fa03cad2ea"",""modulation_padding_bits"":0,""mother_bits"":3744,""n"":2808,""n_cb"":3600,""n_cb_comp"":3556,""power_protocol"":""fixed_constellation_average_Es2"",""puncturing_bits"":892,""puncturing_first_2Z"":144,""puncturing_remaining"":748,""repetition_bits"":0,""scrambling"":""public_PCG64_SHA256_protocol_session_frame_group_counter_after_rate_matching_v1"",""shortening_bits"":44,""z"":72}",[2048]
QPSK,3/4,QPSK:r3/4,b5bbea353da4b2a625a0b07a617fff72ebe892e9456612e681dccbbe2a26e84a,432,16,0,448,560,112,2912,708,354,0,0.632768361581921,0.6101694915254238,"{""actual_effective_rate"":0.632768361581921,""bg"":""bg2"",""bit_mapping"":""component_Gray_00_-3_01_-1_10_3_11_1_over_sqrt5;QPSK_0_plus1_1_minus1"",""code_blocks"":1,""decoder_config"":{""cn_schedule"":""flooding"",""cn_update"":""boxplus-phi"",""early_stop"":false,""hard_out"":true,""harq_mode"":false,""llr_max"":20.0,""num_iter"":20,""precision"":""single"",""prune_pcm"":true,""return_infobits"":true,""vn_update"":""sum""},""implementation"":{""bit_mapping"":""component_Gray_00_-3_01_-1_10_3_11_1_over_sqrt5;QPSK_0_plus1_1_minus1"",""cuda"":""12.8"",""decoder"":{""cn_schedule"":""flooding"",""cn_update"":""boxplus-phi"",""early_stop"":false,""hard_out"":true,""harq_mode"":false,""llr_max"":20.0,""num_iter"":20,""precision"":""single"",""prune_pcm"":true,""return_infobits"":true,""vn_update"":""sum""},""decoder_source_sha256"":""44d84b92b749e2970f94d92cd348a11648e2286b4d851faa0af8b21d08f0da23"",""encoder_source_sha256"":""34d8db6660b2e84708a8fb534f63c194f6f2b964e3693fcffc9dcaf21532ccfd"",""implementation"":""Sionna_5G_LDPC"",""power_protocol"":""fixed_constellation_average_Es2"",""precision"":""float32"",""rate_matching"":""Sionna RV0; filler removal, first2Z and tail puncturing; supported n only"",""scrambling"":""public_PCG64_SHA256_protocol_session_frame_group_counter_after_rate_matching_v1"",""torch"":""2.11.0+cu128"",""version"":""2.2.0""},""interleaver_sha256"":""a726a4e73d6bf6ed5396507df4a687b59c38bf3abda155bb67da70543412cfab"",""k"":448,""k_filler"":112,""k_ldpc"":560,""layout_id"":""01f8232b1db19b63626c34330d673a367819702a433ec6e9f4592cd8eae9898e"",""modulation_padding_bits"":0,""mother_bits"":2912,""n"":708,""n_cb"":2800,""n_cb_comp"":2688,""power_protocol"":""fixed_constellation_average_Es2"",""puncturing_bits"":2092,""puncturing_first_2Z"":112,""puncturing_remaining"":1980,""repetition_bits"":0,""scrambling"":""public_PCG64_SHA256_protocol_session_frame_group_counter_after_rate_matching_v1"",""shortening_bits"":112,""z"":56}",[1024]
QPSK,2/3,QPSK:r2/3,b5c0a70d3369452c18becbc7ce721fd7a9376558216ad03410d1c827a558dfe1,660,16,0,676,720,44,3744,1972,986,0,0.34279918864097364,0.33468559837728196,"{""actual_effective_rate"":0.34279918864097364,""bg"":""bg2"",""bit_mapping"":""component_Gray_00_-3_01_-1_10_3_11_1_over_sqrt5;QPSK_0_plus1_1_minus1"",""code_blocks"":1,""decoder_config"":{""cn_schedule"":""flooding"",""cn_update"":""boxplus-phi"",""early_stop"":false,""hard_out"":true,""harq_mode"":false,""llr_max"":20.0,""num_iter"":20,""precision"":""single"",""prune_pcm"":true,""return_infobits"":true,""vn_update"":""sum""},""implementation"":{""bit_mapping"":""component_Gray_00_-3_01_-1_10_3_11_1_over_sqrt5;QPSK_0_plus1_1_minus1"",""cuda"":""12.8"",""decoder"":{""cn_schedule"":""flooding"",""cn_update"":""boxplus-phi"",""early_stop"":false,""hard_out"":true,""harq_mode"":false,""llr_max"":20.0,""num_iter"":20,""precision"":""single"",""prune_pcm"":true,""return_infobits"":true,""vn_update"":""sum""},""decoder_source_sha256"":""44d84b92b749e2970f94d92cd348a11648e2286b4d851faa0af8b21d08f0da23"",""encoder_source_sha256"":""34d8db6660b2e84708a8fb534f63c194f6f2b964e3693fcffc9dcaf21532ccfd"",""implementation"":""Sionna_5G_LDPC"",""power_protocol"":""fixed_constellation_average_Es2"",""precision"":""float32"",""rate_matching"":""Sionna RV0; filler removal, first2Z and tail puncturing; supported n only"",""scrambling"":""public_PCG64_SHA256_protocol_session_frame_group_counter_after_rate_matching_v1"",""torch"":""2.11.0+cu128"",""version"":""2.2.0""},""interleaver_sha256"":""64f50126df57c1a64b3adc5f1c910f2f4a881afa77b2edafe1759eb1d97a2e6c"",""k"":676,""k_filler"":44,""k_ldpc"":720,""layout_id"":""bddd1b708cd93de717a6696ccce1558f544405052f3e7bcc26f4e59e76155ea5"",""modulation_padding_bits"":0,""mother_bits"":3744,""n"":1972,""n_cb"":3600,""n_cb_comp"":3556,""power_protocol"":""fixed_constellation_average_Es2"",""puncturing_bits"":1728,""puncturing_first_2Z"":144,""puncturing_remaining"":1584,""repetition_bits"":0,""scrambling"":""public_PCG64_SHA256_protocol_session_frame_group_counter_after_rate_matching_v1"",""shortening_bits"":44,""z"":72}",[2048]
16QAM,2/3,16QAM:r2/3,b5c79e13f5414812f984c40cd66f9af09ec0c903e9b015b8b887296e9e742871,660,16,0,676,720,44,3744,2336,584,0,0.2893835616438356,0.2825342465753425,"{""actual_effective_rate"":0.2893835616438356,""bg"":""bg2"",""bit_mapping"":""component_Gray_00_-3_01_-1_10_3_11_1_over_sqrt5;QPSK_0_plus1_1_minus1"",""code_blocks"":1,""decoder_config"":{""cn_schedule"":""flooding"",""cn_update"":""boxplus-phi"",""early_stop"":false,""hard_out"":true,""harq_mode"":false,""llr_max"":20.0,""num_iter"":20,""precision"":""single"",""prune_pcm"":true,""return_infobits"":true,""vn_update"":""sum""},""implementation"":{""bit_mapping"":""component_Gray_00_-3_01_-1_10_3_11_1_over_sqrt5;QPSK_0_plus1_1_minus1"",""cuda"":""12.8"",""decoder"":{""cn_schedule"":""flooding"",""cn_update"":""boxplus-phi"",""early_stop"":false,""hard_out"":true,""harq_mode"":false,""llr_max"":20.0,""num_iter"":20,""precision"":""single"",""prune_pcm"":true,""return_infobits"":true,""vn_update"":""sum""},""decoder_source_sha256"":""44d84b92b749e2970f94d92cd348a11648e2286b4d851faa0af8b21d08f0da23"",""encoder_source_sha256"":""34d8db6660b2e84708a8fb534f63c194f6f2b964e3693fcffc9dcaf21532ccfd"",""implementation"":""Sionna_5G_LDPC"",""power_protocol"":""fixed_constellation_average_Es2"",""precision"":""float32"",""rate_matching"":""Sionna RV0; filler removal, first2Z and tail puncturing; supported n only"",""scrambling"":""public_PCG64_SHA256_protocol_session_frame_group_counter_after_rate_matching_v1"",""torch"":""2.11.0+cu128"",""version"":""2.2.0""},""interleaver_sha256"":""f2488f318789bc60763f5423e75b5fd060094ac8b3a54895e068c5aa011877a7"",""k"":676,""k_filler"":44,""k_ldpc"":720,""layout_id"":""18dc762077a05c248cc6800b332735ad55e87c8e0a60e7338514d54904fa9066"",""modulation_padding_bits"":0,""mother_bits"":3744,""n"":2336,""n_cb"":3600,""n_cb_comp"":3556,""power_protocol"":""fixed_constellation_average_Es2"",""puncturing_bits"":1364,""puncturing_first_2Z"":144,""puncturing_remaining"":1220,""repetition_bits"":0,""scrambling"":""public_PCG64_SHA256_protocol_session_frame_group_counter_after_rate_matching_v1"",""shortening_bits"":44,""z"":72}",[2048]
16QAM,1/2,16QAM:r1/2,b5cf6fedab9b4d9328031c31411e95d88ce568b9dced314985692139581fd174,2976,16,0,2992,3200,208,16640,5984,1496,0,0.5,0.49732620320855614,"{""actual_effective_rate"":0.5,""bg"":""bg2"",""bit_mapping"":""component_Gray_00_-3_01_-1_10_3_11_1_over_sqrt5;QPSK_0_plus1_1_minus1"",""code_blocks"":1,""decoder_config"":{""cn_schedule"":""flooding"",""cn_update"":""boxplus-phi"",""early_stop"":false,""hard_out"":true,""harq_mode"":false,""llr_max"":20.0,""num_iter"":20,""precision"":""single"",""prune_pcm"":true,""return_infobits"":true,""vn_update"":""sum""},""implementation"":{""bit_mapping"":""component_Gray_00_-3_01_-1_10_3_11_1_over_sqrt5;QPSK_0_plus1_1_minus1"",""cuda"":""12.8"",""decoder"":{""cn_schedule"":""flooding"",""cn_update"":""boxplus-phi"",""early_stop"":false,""hard_out"":true,""harq_mode"":false,""llr_max"":20.0,""num_iter"":20,""precision"":""single"",""prune_pcm"":true,""return_infobits"":true,""vn_update"":""sum""},""decoder_source_sha256"":""44d84b92b749e2970f94d92cd348a11648e2286b4d851faa0af8b21d08f0da23"",""encoder_source_sha256"":""34d8db6660b2e84708a8fb534f63c194f6f2b964e3693fcffc9dcaf21532ccfd"",""implementation"":""Sionna_5G_LDPC"",""power_protocol"":""fixed_constellation_average_Es2"",""precision"":""float32"",""rate_matching"":""Sionna RV0; filler removal, first2Z and tail puncturing; supported n only"",""scrambling"":""public_PCG64_SHA256_protocol_session_frame_group_counter_after_rate_matching_v1"",""torch"":""2.11.0+cu128"",""version"":""2.2.0""},""interleaver_sha256"":""fd0f77d15633d1670ba0e672ae2c739a73a3d587f7ab55e7f3dec62029bdeed2"",""k"":2992,""k_filler"":208,""k_ldpc"":3200,""layout_id"":""e4a1de948cd0d6f087a828338cae652a3e3ce4eb644404b319605cb489643f32"",""modulation_padding_bits"":0,""mother_bits"":16640,""n"":5984,""n_cb"":16000,""n_cb_comp"":15792,""power_protocol"":""fixed_constellation_average_Es2"",""puncturing_bits"":10448,""puncturing_first_2Z"":640,""puncturing_remaining"":9808,""repetition_bits"":0,""scrambling"":""public_PCG64_SHA256_protocol_session_frame_group_counter_after_rate_matching_v1"",""shortening_bits"":208,""z"":320}",[2048]
QPSK,3/4,QPSK:r3/4,b5d2d6c40b43f51be3dfac85a522c4ba3dfb831aa0030ec7479f5a649495d9e0,360,16,0,376,480,104,2496,680,340,0,0.5529411764705883,0.5294117647058824,"{""actual_effective_rate"":0.5529411764705883,""bg"":""bg2"",""bit_mapping"":""component_Gray_00_-3_01_-1_10_3_11_1_over_sqrt5;QPSK_0_plus1_1_minus1"",""code_blocks"":1,""decoder_config"":{""cn_schedule"":""flooding"",""cn_update"":""boxplus-phi"",""early_stop"":false,""hard_out"":true,""harq_mode"":false,""llr_max"":20.0,""num_iter"":20,""precision"":""single"",""prune_pcm"":true,""return_infobits"":true,""vn_update"":""sum""},""implementation"":{""bit_mapping"":""component_Gray_00_-3_01_-1_10_3_11_1_over_sqrt5;QPSK_0_plus1_1_minus1"",""cuda"":""12.8"",""decoder"":{""cn_schedule"":""flooding"",""cn_update"":""boxplus-phi"",""early_stop"":false,""hard_out"":true,""harq_mode"":false,""llr_max"":20.0,""num_iter"":20,""precision"":""single"",""prune_pcm"":true,""return_infobits"":true,""vn_update"":""sum""},""decoder_source_sha256"":""44d84b92b749e2970f94d92cd348a11648e2286b4d851faa0af8b21d08f0da23"",""encoder_source_sha256"":""34d8db6660b2e84708a8fb534f63c194f6f2b964e3693fcffc9dcaf21532ccfd"",""implementation"":""Sionna_5G_LDPC"",""power_protocol"":""fixed_constellation_average_Es2"",""precision"":""float32"",""rate_matching"":""Sionna RV0; filler removal, first2Z and tail puncturing; supported n only"",""scrambling"":""public_PCG64_SHA256_protocol_session_frame_group_counter_after_rate_matching_v1"",""torch"":""2.11.0+cu128"",""version"":""2.2.0""},""interleaver_sha256"":""7c52e07220bcd28620739542ed2ba26f994e7a1f38bf541a8413bbc73ab59be3"",""k"":376,""k_filler"":104,""k_ldpc"":480,""layout_id"":""225a7dc6d8d2ed6be7d5486b05515ee352732263d470761b3737fbb49981f030"",""modulation_padding_bits"":0,""mother_bits"":2496,""n"":680,""n_cb"":2400,""n_cb_comp"":2296,""power_protocol"":""fixed_constellation_average_Es2"",""puncturing_bits"":1712,""puncturing_first_2Z"":96,""puncturing_remaining"":1616,""repetition_bits"":0,""scrambling"":""public_PCG64_SHA256_protocol_session_frame_group_counter_after_rate_matching_v1"",""shortening_bits"":104,""z"":48}","[1024,2048]"
QPSK,1/3,QPSK:r1/3,b5d3b06cbefcc1999eaf632e33bcd60be65cae4fd8975a6d06f78e483c092eb2,408,16,0,424,560,136,2912,1622,811,0,0.26140567200986436,0.25154130702836003,"{""actual_effective_rate"":0.26140567200986436,""bg"":""bg2"",""bit_mapping"":""component_Gray_00_-3_01_-1_10_3_11_1_over_sqrt5;QPSK_0_plus1_1_minus1"",""code_blocks"":1,""decoder_config"":{""cn_schedule"":""flooding"",""cn_update"":""boxplus-phi"",""early_stop"":false,""hard_out"":true,""harq_mode"":false,""llr_max"":20.0,""num_iter"":20,""precision"":""single"",""prune_pcm"":true,""return_infobits"":true,""vn_update"":""sum""},""implementation"":{""bit_mapping"":""component_Gray_00_-3_01_-1_10_3_11_1_over_sqrt5;QPSK_0_plus1_1_minus1"",""cuda"":""12.8"",""decoder"":{""cn_schedule"":""flooding"",""cn_update"":""boxplus-phi"",""early_stop"":false,""hard_out"":true,""harq_mode"":false,""llr_max"":20.0,""num_iter"":20,""precision"":""single"",""prune_pcm"":true,""return_infobits"":true,""vn_update"":""sum""},""decoder_source_sha256"":""44d84b92b749e2970f94d92cd348a11648e2286b4d851faa0af8b21d08f0da23"",""encoder_source_sha256"":""34d8db6660b2e84708a8fb534f63c194f6f2b964e3693fcffc9dcaf21532ccfd"",""implementation"":""Sionna_5G_LDPC"",""power_protocol"":""fixed_constellation_average_Es2"",""precision"":""float32"",""rate_matching"":""Sionna RV0; filler removal, first2Z and tail puncturing; supported n only"",""scrambling"":""public_PCG64_SHA256_protocol_session_frame_group_counter_after_rate_matching_v1"",""torch"":""2.11.0+cu128"",""version"":""2.2.0""},""interleaver_sha256"":""0002eea93b8a2f1f66ecd67573e78d9ccd467555ae16e8af52204d70ef065e8c"",""k"":424,""k_filler"":136,""k_ldpc"":560,""layout_id"":""967e1bc56b657cc569a91281804580c4cc1cf0a2417d97b3d3bcff066cc178a4"",""modulation_padding_bits"":0,""mother_bits"":2912,""n"":1622,""n_cb"":2800,""n_cb_comp"":2664,""power_protocol"":""fixed_constellation_average_Es2"",""puncturing_bits"":1154,""puncturing_first_2Z"":112,""puncturing_remaining"":1042,""repetition_bits"":0,""scrambling"":""public_PCG64_SHA256_protocol_session_frame_group_counter_after_rate_matching_v1"",""shortening_bits"":136,""z"":56}",[1024]
QPSK,3/4,QPSK:r3/4,b5d8a0c90ebad39211b3eebc82ff3c75791cb17db099f652b86e0722716bcb27,1500,16,0,1516,1600,84,8320,3560,1780,0,0.4258426966292135,0.42134831460674155,"{""actual_effective_rate"":0.4258426966292135,""bg"":""bg2"",""bit_mapping"":""component_Gray_00_-3_01_-1_10_3_11_1_over_sqrt5;QPSK_0_plus1_1_minus1"",""code_blocks"":1,""decoder_config"":{""cn_schedule"":""flooding"",""cn_update"":""boxplus-phi"",""early_stop"":false,""hard_out"":true,""harq_mode"":false,""llr_max"":20.0,""num_iter"":20,""precision"":""single"",""prune_pcm"":true,""return_infobits"":true,""vn_update"":""sum""},""implementation"":{""bit_mapping"":""component_Gray_00_-3_01_-1_10_3_11_1_over_sqrt5;QPSK_0_plus1_1_minus1"",""cuda"":""12.8"",""decoder"":{""cn_schedule"":""flooding"",""cn_update"":""boxplus-phi"",""early_stop"":false,""hard_out"":true,""harq_mode"":false,""llr_max"":20.0,""num_iter"":20,""precision"":""single"",""prune_pcm"":true,""return_infobits"":true,""vn_update"":""sum""},""decoder_source_sha256"":""44d84b92b749e2970f94d92cd348a11648e2286b4d851faa0af8b21d08f0da23"",""encoder_source_sha256"":""34d8db6660b2e84708a8fb534f63c194f6f2b964e3693fcffc9dcaf21532ccfd"",""implementation"":""Sionna_5G_LDPC"",""power_protocol"":""fixed_constellation_average_Es2"",""precision"":""float32"",""rate_matching"":""Sionna RV0; filler removal, first2Z and tail puncturing; supported n only"",""scrambling"":""public_PCG64_SHA256_protocol_session_frame_group_counter_after_rate_matching_v1"",""torch"":""2.11.0+cu128"",""version"":""2.2.0""},""interleaver_sha256"":""bb34bda9f4aa18905592d5533ca15fedcc734ccebdbef758d1a09d18c1d8fd61"",""k"":1516,""k_filler"":84,""k_ldpc"":1600,""layout_id"":""f8cd09eb9b917844b6105babacf7fee247c95d4d38e0541025c7a06a3ffa8ea2"",""modulation_padding_bits"":0,""mother_bits"":8320,""n"":3560,""n_cb"":8000,""n_cb_comp"":7916,""power_protocol"":""fixed_constellation_average_Es2"",""puncturing_bits"":4676,""puncturing_first_2Z"":320,""puncturing_remaining"":4356,""repetition_bits"":0,""scrambling"":""public_PCG64_SHA256_protocol_session_frame_group_counter_after_rate_matching_v1"",""shortening_bits"":84,""z"":160}",[2048]
QPSK,3/4,QPSK:r3/4,b5da4251c77ac191febc65d998500c7e358e2be1ff6bd750a08b6ebb50fffcc8,1860,16,0,1876,1920,44,9984,3438,1719,0,0.5456660849331006,0.5410122164048866,"{""actual_effective_rate"":0.5456660849331006,""bg"":""bg2"",""bit_mapping"":""component_Gray_00_-3_01_-1_10_3_11_1_over_sqrt5;QPSK_0_plus1_1_minus1"",""code_blocks"":1,""decoder_config"":{""cn_schedule"":""flooding"",""cn_update"":""boxplus-phi"",""early_stop"":false,""hard_out"":true,""harq_mode"":false,""llr_max"":20.0,""num_iter"":20,""precision"":""single"",""prune_pcm"":true,""return_infobits"":true,""vn_update"":""sum""},""implementation"":{""bit_mapping"":""component_Gray_00_-3_01_-1_10_3_11_1_over_sqrt5;QPSK_0_plus1_1_minus1"",""cuda"":""12.8"",""decoder"":{""cn_schedule"":""flooding"",""cn_update"":""boxplus-phi"",""early_stop"":false,""hard_out"":true,""harq_mode"":false,""llr_max"":20.0,""num_iter"":20,""precision"":""single"",""prune_pcm"":true,""return_infobits"":true,""vn_update"":""sum""},""decoder_source_sha256"":""44d84b92b749e2970f94d92cd348a11648e2286b4d851faa0af8b21d08f0da23"",""encoder_source_sha256"":""34d8db6660b2e84708a8fb534f63c194f6f2b964e3693fcffc9dcaf21532ccfd"",""implementation"":""Sionna_5G_LDPC"",""power_protocol"":""fixed_constellation_average_Es2"",""precision"":""float32"",""rate_matching"":""Sionna RV0; filler removal, first2Z and tail puncturing; supported n only"",""scrambling"":""public_PCG64_SHA256_protocol_session_frame_group_counter_after_rate_matching_v1"",""torch"":""2.11.0+cu128"",""version"":""2.2.0""},""interleaver_sha256"":""8d344c47cc0c6ef4f4b5306c1d15acf28e8580f1e4c2c8433af2a7820afef36d"",""k"":1876,""k_filler"":44,""k_ldpc"":1920,""layout_id"":""aaf2a53bd053da85a4f7d532ee448d985afdc99d0ee297379a124b6782656266"",""modulation_padding_bits"":0,""mother_bits"":9984,""n"":3438,""n_cb"":9600,""n_cb_comp"":9556,""power_protocol"":""fixed_constellation_average_Es2"",""puncturing_bits"":6502,""puncturing_first_2Z"":384,""puncturing_remaining"":6118,""repetition_bits"":0,""scrambling"":""public_PCG64_SHA256_protocol_session_frame_group_counter_after_rate_matching_v1"",""shortening_bits"":44,""z"":192}",[2048]
16QAM,2/3,16QAM:r2/3,b5f24fe99f431c8bd054b52becf49f2ae441ead76439895bc297e9867764d27f,360,16,0,376,480,104,2496,836,209,0,0.44976076555023925,0.430622009569378,"{""actual_effective_rate"":0.44976076555023925,""bg"":""bg2"",""bit_mapping"":""component_Gray_00_-3_01_-1_10_3_11_1_over_sqrt5;QPSK_0_plus1_1_minus1"",""code_blocks"":1,""decoder_config"":{""cn_schedule"":""flooding"",""cn_update"":""boxplus-phi"",""early_stop"":false,""hard_out"":true,""harq_mode"":false,""llr_max"":20.0,""num_iter"":20,""precision"":""single"",""prune_pcm"":true,""return_infobits"":true,""vn_update"":""sum""},""implementation"":{""bit_mapping"":""component_Gray_00_-3_01_-1_10_3_11_1_over_sqrt5;QPSK_0_plus1_1_minus1"",""cuda"":""12.8"",""decoder"":{""cn_schedule"":""flooding"",""cn_update"":""boxplus-phi"",""early_stop"":false,""hard_out"":true,""harq_mode"":false,""llr_max"":20.0,""num_iter"":20,""precision"":""single"",""prune_pcm"":true,""return_infobits"":true,""vn_update"":""sum""},""decoder_source_sha256"":""44d84b92b749e2970f94d92cd348a11648e2286b4d851faa0af8b21d08f0da23"",""encoder_source_sha256"":""34d8db6660b2e84708a8fb534f63c194f6f2b964e3693fcffc9dcaf21532ccfd"",""implementation"":""Sionna_5G_LDPC"",""power_protocol"":""fixed_constellation_average_Es2"",""precision"":""float32"",""rate_matching"":""Sionna RV0; filler removal, first2Z and tail puncturing; supported n only"",""scrambling"":""public_PCG64_SHA256_protocol_session_frame_group_counter_after_rate_matching_v1"",""torch"":""2.11.0+cu128"",""version"":""2.2.0""},""interleaver_sha256"":""3a96932471629da5db9959ca268b0eb8c4a027b907f9a0bcb0e145fc4f664658"",""k"":376,""k_filler"":104,""k_ldpc"":480,""layout_id"":""c01f6453bd605b1bc34b24e55b6d02f6f5d287057fd14c17ba9c0e2b8e8d584a"",""modulation_padding_bits"":0,""mother_bits"":2496,""n"":836,""n_cb"":2400,""n_cb_comp"":2296,""power_protocol"":""fixed_constellation_average_Es2"",""puncturing_bits"":1556,""puncturing_first_2Z"":96,""puncturing_remaining"":1460,""repetition_bits"":0,""scrambling"":""public_PCG64_SHA256_protocol_session_frame_group_counter_after_rate_matching_v1"",""shortening_bits"":104,""z"":48}",[1024]
16QAM,1/2,16QAM:r1/2,b5fabbcfbd524ef15199b17eaa942177b7eebb46a296250d4e3fca97d2c782da,660,16,0,676,720,44,3744,3108,777,0,0.2175032175032175,0.21235521235521235,"{""actual_effective_rate"":0.2175032175032175,""bg"":""bg2"",""bit_mapping"":""component_Gray_00_-3_01_-1_10_3_11_1_over_sqrt5;QPSK_0_plus1_1_minus1"",""code_blocks"":1,""decoder_config"":{""cn_schedule"":""flooding"",""cn_update"":""boxplus-phi"",""early_stop"":false,""hard_out"":true,""harq_mode"":false,""llr_max"":20.0,""num_iter"":20,""precision"":""single"",""prune_pcm"":true,""return_infobits"":true,""vn_update"":""sum""},""implementation"":{""bit_mapping"":""component_Gray_00_-3_01_-1_10_3_11_1_over_sqrt5;QPSK_0_plus1_1_minus1"",""cuda"":""12.8"",""decoder"":{""cn_schedule"":""flooding"",""cn_update"":""boxplus-phi"",""early_stop"":false,""hard_out"":true,""harq_mode"":false,""llr_max"":20.0,""num_iter"":20,""precision"":""single"",""prune_pcm"":true,""return_infobits"":true,""vn_update"":""sum""},""decoder_source_sha256"":""44d84b92b749e2970f94d92cd348a11648e2286b4d851faa0af8b21d08f0da23"",""encoder_source_sha256"":""34d8db6660b2e84708a8fb534f63c194f6f2b964e3693fcffc9dcaf21532ccfd"",""implementation"":""Sionna_5G_LDPC"",""power_protocol"":""fixed_constellation_average_Es2"",""precision"":""float32"",""rate_matching"":""Sionna RV0; filler removal, first2Z and tail puncturing; supported n only"",""scrambling"":""public_PCG64_SHA256_protocol_session_frame_group_counter_after_rate_matching_v1"",""torch"":""2.11.0+cu128"",""version"":""2.2.0""},""interleaver_sha256"":""1f2a60c3b222c88d24f27c7f73ac462439cc02948ad151fe0d2a80d212e53f83"",""k"":676,""k_filler"":44,""k_ldpc"":720,""layout_id"":""5450b8bcef74f1de9c617b8a2ca7f606c43b23493dce3da54b6fdc9730b8ba66"",""modulation_padding_bits"":0,""mother_bits"":3744,""n"":3108,""n_cb"":3600,""n_cb_comp"":3556,""power_protocol"":""fixed_constellation_average_Es2"",""puncturing_bits"":592,""puncturing_first_2Z"":144,""puncturing_remaining"":448,""repetition_bits"":0,""scrambling"":""public_PCG64_SHA256_protocol_session_frame_group_counter_after_rate_matching_v1"",""shortening_bits"":44,""z"":72}",[1024]
QPSK,1/3,QPSK:r1/3,b5fec63dd9e3c25cb23feb033abfebffdf661726231b5afe9e41672c92b81076,360,16,0,376,480,104,2496,1638,819,0,0.22954822954822954,0.21978021978021978,"{""actual_effective_rate"":0.22954822954822954,""bg"":""bg2"",""bit_mapping"":""component_Gray_00_-3_01_-1_10_3_11_1_over_sqrt5;QPSK_0_plus1_1_minus1"",""code_blocks"":1,""decoder_config"":{""cn_schedule"":""flooding"",""cn_update"":""boxplus-phi"",""early_stop"":false,""hard_out"":true,""harq_mode"":false,""llr_max"":20.0,""num_iter"":20,""precision"":""single"",""prune_pcm"":true,""return_infobits"":true,""vn_update"":""sum""},""implementation"":{""bit_mapping"":""component_Gray_00_-3_01_-1_10_3_11_1_over_sqrt5;QPSK_0_plus1_1_minus1"",""cuda"":""12.8"",""decoder"":{""cn_schedule"":""flooding"",""cn_update"":""boxplus-phi"",""early_stop"":false,""hard_out"":true,""harq_mode"":false,""llr_max"":20.0,""num_iter"":20,""precision"":""single"",""prune_pcm"":true,""return_infobits"":true,""vn_update"":""sum""},""decoder_source_sha256"":""44d84b92b749e2970f94d92cd348a11648e2286b4d851faa0af8b21d08f0da23"",""encoder_source_sha256"":""34d8db6660b2e84708a8fb534f63c194f6f2b964e3693fcffc9dcaf21532ccfd"",""implementation"":""Sionna_5G_LDPC"",""power_protocol"":""fixed_constellation_average_Es2"",""precision"":""float32"",""rate_matching"":""Sionna RV0; filler removal, first2Z and tail puncturing; supported n only"",""scrambling"":""public_PCG64_SHA256_protocol_session_frame_group_counter_after_rate_matching_v1"",""torch"":""2.11.0+cu128"",""version"":""2.2.0""},""interleaver_sha256"":""fda9646df00dfc1653b20f06b2e2ca520f4c404020763d35c7021b38d463fd8e"",""k"":376,""k_filler"":104,""k_ldpc"":480,""layout_id"":""f93fe399a667119c7a0b9eab516dc7ad67de5f5c732f5a362d5c54a0e78e768a"",""modulation_padding_bits"":0,""mother_bits"":2496,""n"":1638,""n_cb"":2400,""n_cb_comp"":2296,""power_protocol"":""fixed_constellation_average_Es2"",""puncturing_bits"":754,""puncturing_first_2Z"":96,""puncturing_remaining"":658,""repetition_bits"":0,""scrambling"":""public_PCG64_SHA256_protocol_session_frame_group_counter_after_rate_matching_v1"",""shortening_bits"":104,""z"":48}",[1024]
QPSK,2/3,QPSK:r2/3,b601482f062b5489c22292dc4d5429146160ebe6c723726892a303df6f6fcf87,1788,16,0,1804,1920,116,9984,2706,1353,0,0.6666666666666666,0.6607538802660754,"{""actual_effective_rate"":0.6666666666666666,""bg"":""bg2"",""bit_mapping"":""component_Gray_00_-3_01_-1_10_3_11_1_over_sqrt5;QPSK_0_plus1_1_minus1"",""code_blocks"":1,""decoder_config"":{""cn_schedule"":""flooding"",""cn_update"":""boxplus-phi"",""early_stop"":false,""hard_out"":true,""harq_mode"":false,""llr_max"":20.0,""num_iter"":20,""precision"":""single"",""prune_pcm"":true,""return_infobits"":true,""vn_update"":""sum""},""implementation"":{""bit_mapping"":""component_Gray_00_-3_01_-1_10_3_11_1_over_sqrt5;QPSK_0_plus1_1_minus1"",""cuda"":""12.8"",""decoder"":{""cn_schedule"":""flooding"",""cn_update"":""boxplus-phi"",""early_stop"":false,""hard_out"":true,""harq_mode"":false,""llr_max"":20.0,""num_iter"":20,""precision"":""single"",""prune_pcm"":true,""return_infobits"":true,""vn_update"":""sum""},""decoder_source_sha256"":""44d84b92b749e2970f94d92cd348a11648e2286b4d851faa0af8b21d08f0da23"",""encoder_source_sha256"":""34d8db6660b2e84708a8fb534f63c194f6f2b964e3693fcffc9dcaf21532ccfd"",""implementation"":""Sionna_5G_LDPC"",""power_protocol"":""fixed_constellation_average_Es2"",""precision"":""float32"",""rate_matching"":""Sionna RV0; filler removal, first2Z and tail puncturing; supported n only"",""scrambling"":""public_PCG64_SHA256_protocol_session_frame_group_counter_after_rate_matching_v1"",""torch"":""2.11.0+cu128"",""version"":""2.2.0""},""interleaver_sha256"":""3f54cb6b4588bf5c5b072241a86f08b6e5a625f3f77ee6350ea26a2550187a3a"",""k"":1804,""k_filler"":116,""k_ldpc"":1920,""layout_id"":""f14f57954ac2b85d503c069fee34b0143c5aa5a6d398cb2c86159cc204e48c46"",""modulation_padding_bits"":0,""mother_bits"":9984,""n"":2706,""n_cb"":9600,""n_cb_comp"":9484,""power_protocol"":""fixed_constellation_average_Es2"",""puncturing_bits"":7162,""puncturing_first_2Z"":384,""puncturing_remaining"":6778,""repetition_bits"":0,""scrambling"":""public_PCG64_SHA256_protocol_session_frame_group_counter_after_rate_matching_v1"",""shortening_bits"":116,""z"":192}",[2048]
16QAM,1/3,16QAM:r1/3,b611451525d5d1c844b0d9779038a01a77a1e3c80273ff3c37abacc19a883d99,1092,16,0,1108,1120,12,5824,4864,1216,0,0.22779605263157895,0.22450657894736842,"{""actual_effective_rate"":0.22779605263157895,""bg"":""bg2"",""bit_mapping"":""component_Gray_00_-3_01_-1_10_3_11_1_over_sqrt5;QPSK_0_plus1_1_minus1"",""code_blocks"":1,""decoder_config"":{""cn_schedule"":""flooding"",""cn_update"":""boxplus-phi"",""early_stop"":false,""hard_out"":true,""harq_mode"":false,""llr_max"":20.0,""num_iter"":20,""precision"":""single"",""prune_pcm"":true,""return_infobits"":true,""vn_update"":""sum""},""implementation"":{""bit_mapping"":""component_Gray_00_-3_01_-1_10_3_11_1_over_sqrt5;QPSK_0_plus1_1_minus1"",""cuda"":""12.8"",""decoder"":{""cn_schedule"":""flooding"",""cn_update"":""boxplus-phi"",""early_stop"":false,""hard_out"":true,""harq_mode"":false,""llr_max"":20.0,""num_iter"":20,""precision"":""single"",""prune_pcm"":true,""return_infobits"":true,""vn_update"":""sum""},""decoder_source_sha256"":""44d84b92b749e2970f94d92cd348a11648e2286b4d851faa0af8b21d08f0da23"",""encoder_source_sha256"":""34d8db6660b2e84708a8fb534f63c194f6f2b964e3693fcffc9dcaf21532ccfd"",""implementation"":""Sionna_5G_LDPC"",""power_protocol"":""fixed_constellation_average_Es2"",""precision"":""float32"",""rate_matching"":""Sionna RV0; filler removal, first2Z and tail puncturing; supported n only"",""scrambling"":""public_PCG64_SHA256_protocol_session_frame_group_counter_after_rate_matching_v1"",""torch"":""2.11.0+cu128"",""version"":""2.2.0""},""interleaver_sha256"":""9f56c7d82f56a59a41adee0757f8eb9595c217ca774239f5c79e8811756b9e7e"",""k"":1108,""k_filler"":12,""k_ldpc"":1120,""layout_id"":""b27c6cffb0fbaef364e37fb297ea02ddb096a62fb34a26d5ba5253e36c2dab18"",""modulation_padding_bits"":0,""mother_bits"":5824,""n"":4864,""n_cb"":5600,""n_cb_comp"":5588,""power_protocol"":""fixed_constellation_average_Es2"",""puncturing_bits"":948,""puncturing_first_2Z"":224,""puncturing_remaining"":724,""repetition_bits"":0,""scrambling"":""public_PCG64_SHA256_protocol_session_frame_group_counter_after_rate_matching_v1"",""shortening_bits"":12,""z"":112}",[2048]
16QAM,1/2,16QAM:r1/2,b62a33fb1536737f82ee1782fa0048c287e00807625ff2062017a1844f080027,360,16,0,376,480,104,2496,1120,280,0,0.3357142857142857,0.32142857142857145,"{""actual_effective_rate"":0.3357142857142857,""bg"":""bg2"",""bit_mapping"":""component_Gray_00_-3_01_-1_10_3_11_1_over_sqrt5;QPSK_0_plus1_1_minus1"",""code_blocks"":1,""decoder_config"":{""cn_schedule"":""flooding"",""cn_update"":""boxplus-phi"",""early_stop"":false,""hard_out"":true,""harq_mode"":false,""llr_max"":20.0,""num_iter"":20,""precision"":""single"",""prune_pcm"":true,""return_infobits"":true,""vn_update"":""sum""},""implementation"":{""bit_mapping"":""component_Gray_00_-3_01_-1_10_3_11_1_over_sqrt5;QPSK_0_plus1_1_minus1"",""cuda"":""12.8"",""decoder"":{""cn_schedule"":""flooding"",""cn_update"":""boxplus-phi"",""early_stop"":false,""hard_out"":true,""harq_mode"":false,""llr_max"":20.0,""num_iter"":20,""precision"":""single"",""prune_pcm"":true,""return_infobits"":true,""vn_update"":""sum""},""decoder_source_sha256"":""44d84b92b749e2970f94d92cd348a11648e2286b4d851faa0af8b21d08f0da23"",""encoder_source_sha256"":""34d8db6660b2e84708a8fb534f63c194f6f2b964e3693fcffc9dcaf21532ccfd"",""implementation"":""Sionna_5G_LDPC"",""power_protocol"":""fixed_constellation_average_Es2"",""precision"":""float32"",""rate_matching"":""Sionna RV0; filler removal, first2Z and tail puncturing; supported n only"",""scrambling"":""public_PCG64_SHA256_protocol_session_frame_group_counter_after_rate_matching_v1"",""torch"":""2.11.0+cu128"",""version"":""2.2.0""},""interleaver_sha256"":""000c91f975406fc7f3be0d70f232a2ec2325da778320d2e5e8d318f15f0aec0c"",""k"":376,""k_filler"":104,""k_ldpc"":480,""layout_id"":""b1df87cae211c1d409aa4918c583c3b5e060c35142e7e65e06df552d22c59fc7"",""modulation_padding_bits"":0,""mother_bits"":2496,""n"":1120,""n_cb"":2400,""n_cb_comp"":2296,""power_protocol"":""fixed_constellation_average_Es2"",""puncturing_bits"":1272,""puncturing_first_2Z"":96,""puncturing_remaining"":1176,""repetition_bits"":0,""scrambling"":""public_PCG64_SHA256_protocol_session_frame_group_counter_after_rate_matching_v1"",""shortening_bits"":104,""z"":48}",[1024]
16QAM,2/3,16QAM:r2/3,b62f4758f5c5d8de0836226bb09b1a36aa4a48400922daad7f73c3ee0fc88b27,660,16,0,676,720,44,3744,1592,398,0,0.42462311557788945,0.41457286432160806,"{""actual_effective_rate"":0.42462311557788945,""bg"":""bg2"",""bit_mapping"":""component_Gray_00_-3_01_-1_10_3_11_1_over_sqrt5;QPSK_0_plus1_1_minus1"",""code_blocks"":1,""decoder_config"":{""cn_schedule"":""flooding"",""cn_update"":""boxplus-phi"",""early_stop"":false,""hard_out"":true,""harq_mode"":false,""llr_max"":20.0,""num_iter"":20,""precision"":""single"",""prune_pcm"":true,""return_infobits"":true,""vn_update"":""sum""},""implementation"":{""bit_mapping"":""component_Gray_00_-3_01_-1_10_3_11_1_over_sqrt5;QPSK_0_plus1_1_minus1"",""cuda"":""12.8"",""decoder"":{""cn_schedule"":""flooding"",""cn_update"":""boxplus-phi"",""early_stop"":false,""hard_out"":true,""harq_mode"":false,""llr_max"":20.0,""num_iter"":20,""precision"":""single"",""prune_pcm"":true,""return_infobits"":true,""vn_update"":""sum""},""decoder_source_sha256"":""44d84b92b749e2970f94d92cd348a11648e2286b4d851faa0af8b21d08f0da23"",""encoder_source_sha256"":""34d8db6660b2e84708a8fb534f63c194f6f2b964e3693fcffc9dcaf21532ccfd"",""implementation"":""Sionna_5G_LDPC"",""power_protocol"":""fixed_constellation_average_Es2"",""precision"":""float32"",""rate_matching"":""Sionna RV0; filler removal, first2Z and tail puncturing; supported n only"",""scrambling"":""public_PCG64_SHA256_protocol_session_frame_group_counter_after_rate_matching_v1"",""torch"":""2.11.0+cu128"",""version"":""2.2.0""},""interleaver_sha256"":""a515c34a206460d27b18c5141d103ec4507ea2c76fc2ed96c50a9af653d4389d"",""k"":676,""k_filler"":44,""k_ldpc"":720,""layout_id"":""8651f4ca932a0330d393c4a5c92447ba84762f540224aa586b642a693aa78383"",""modulation_padding_bits"":0,""mother_bits"":3744,""n"":1592,""n_cb"":3600,""n_cb_comp"":3556,""power_protocol"":""fixed_constellation_average_Es2"",""puncturing_bits"":2108,""puncturing_first_2Z"":144,""puncturing_remaining"":1964,""repetition_bits"":0,""scrambling"":""public_PCG64_SHA256_protocol_session_frame_group_counter_after_rate_matching_v1"",""shortening_bits"":44,""z"":72}",[2048]
QPSK,3/4,QPSK:r3/4,b633046376f7f58d48fa9567e1f8cb6ac213b569f15ae0a44f494f1f5177cb2e,300,16,0,316,400,84,2080,520,260,0,0.6076923076923076,0.5769230769230769,"{""actual_effective_rate"":0.6076923076923076,""bg"":""bg2"",""bit_mapping"":""component_Gray_00_-3_01_-1_10_3_11_1_over_sqrt5;QPSK_0_plus1_1_minus1"",""code_blocks"":1,""decoder_config"":{""cn_schedule"":""flooding"",""cn_update"":""boxplus-phi"",""early_stop"":false,""hard_out"":true,""harq_mode"":false,""llr_max"":20.0,""num_iter"":20,""precision"":""single"",""prune_pcm"":true,""return_infobits"":true,""vn_update"":""sum""},""implementation"":{""bit_mapping"":""component_Gray_00_-3_01_-1_10_3_11_1_over_sqrt5;QPSK_0_plus1_1_minus1"",""cuda"":""12.8"",""decoder"":{""cn_schedule"":""flooding"",""cn_update"":""boxplus-phi"",""early_stop"":false,""hard_out"":true,""harq_mode"":false,""llr_max"":20.0,""num_iter"":20,""precision"":""single"",""prune_pcm"":true,""return_infobits"":true,""vn_update"":""sum""},""decoder_source_sha256"":""44d84b92b749e2970f94d92cd348a11648e2286b4d851faa0af8b21d08f0da23"",""encoder_source_sha256"":""34d8db6660b2e84708a8fb534f63c194f6f2b964e3693fcffc9dcaf21532ccfd"",""implementation"":""Sionna_5G_LDPC"",""power_protocol"":""fixed_constellation_average_Es2"",""precision"":""float32"",""rate_matching"":""Sionna RV0; filler removal, first2Z and tail puncturing; supported n only"",""scrambling"":""public_PCG64_SHA256_protocol_session_frame_group_counter_after_rate_matching_v1"",""torch"":""2.11.0+cu128"",""version"":""2.2.0""},""interleaver_sha256"":""c501f0803bbaa5ba5f3208bf8b900af6e6d6e0ef49b430cffd31027ef5fc27f7"",""k"":316,""k_filler"":84,""k_ldpc"":400,""layout_id"":""9c4f5b259ed60a68403d3ffd8b439a057ec650fc04bbe0b03ad7f40723265c6f"",""modulation_padding_bits"":0,""mother_bits"":2080,""n"":520,""n_cb"":2000,""n_cb_comp"":1916,""power_protocol"":""fixed_constellation_average_Es2"",""puncturing_bits"":1476,""puncturing_first_2Z"":80,""puncturing_remaining"":1396,""repetition_bits"":0,""scrambling"":""public_PCG64_SHA256_protocol_session_frame_group_counter_after_rate_matching_v1"",""shortening_bits"":84,""z"":40}",[1024]
16QAM,2/3,16QAM:r2/3,b63957d0553137d8614d4350f1e9e403d350d62cef8b2ce3f5e4f4404cb48835,1860,16,0,1876,1920,44,9984,5024,1256,0,0.3734076433121019,0.37022292993630573,"{""actual_effective_rate"":0.3734076433121019,""bg"":""bg2"",""bit_mapping"":""component_Gray_00_-3_01_-1_10_3_11_1_over_sqrt5;QPSK_0_plus1_1_minus1"",""code_blocks"":1,""decoder_config"":{""cn_schedule"":""flooding"",""cn_update"":""boxplus-phi"",""early_stop"":false,""hard_out"":true,""harq_mode"":false,""llr_max"":20.0,""num_iter"":20,""precision"":""single"",""prune_pcm"":true,""return_infobits"":true,""vn_update"":""sum""},""implementation"":{""bit_mapping"":""component_Gray_00_-3_01_-1_10_3_11_1_over_sqrt5;QPSK_0_plus1_1_minus1"",""cuda"":""12.8"",""decoder"":{""cn_schedule"":""flooding"",""cn_update"":""boxplus-phi"",""early_stop"":false,""hard_out"":true,""harq_mode"":false,""llr_max"":20.0,""num_iter"":20,""precision"":""single"",""prune_pcm"":true,""return_infobits"":true,""vn_update"":""sum""},""decoder_source_sha256"":""44d84b92b749e2970f94d92cd348a11648e2286b4d851faa0af8b21d08f0da23"",""encoder_source_sha256"":""34d8db6660b2e84708a8fb534f63c194f6f2b964e3693fcffc9dcaf21532ccfd"",""implementation"":""Sionna_5G_LDPC"",""power_protocol"":""fixed_constellation_average_Es2"",""precision"":""float32"",""rate_matching"":""Sionna RV0; filler removal, first2Z and tail puncturing; supported n only"",""scrambling"":""public_PCG64_SHA256_protocol_session_frame_group_counter_after_rate_matching_v1"",""torch"":""2.11.0+cu128"",""version"":""2.2.0""},""interleaver_sha256"":""5b9bd925ba0d842575aace395aff64d3517ec448479105fa55ef5fb3f547c2db"",""k"":1876,""k_filler"":44,""k_ldpc"":1920,""layout_id"":""e8f5de5e0813c05b8f621fd853789f808a9712c58142d319aa64634bfa4a806d"",""modulation_padding_bits"":0,""mother_bits"":9984,""n"":5024,""n_cb"":9600,""n_cb_comp"":9556,""power_protocol"":""fixed_constellation_average_Es2"",""puncturing_bits"":4916,""puncturing_first_2Z"":384,""puncturing_remaining"":4532,""repetition_bits"":0,""scrambling"":""public_PCG64_SHA256_protocol_session_frame_group_counter_after_rate_matching_v1"",""shortening_bits"":44,""z"":192}",[2048]
QPSK,5/6,QPSK:r5/6,b65c561951bcce8ceb734147818773361929ecae885cd58147535cd11920e336,624,16,0,640,660,20,2040,774,387,0,0.8268733850129198,0.8062015503875969,"{""actual_effective_rate"":0.8268733850129198,""bg"":""bg1"",""bit_mapping"":""component_Gray_00_-3_01_-1_10_3_11_1_over_sqrt5;QPSK_0_plus1_1_minus1"",""code_blocks"":1,""decoder_config"":{""cn_schedule"":""flooding"",""cn_update"":""boxplus-phi"",""early_stop"":false,""hard_out"":true,""harq_mode"":false,""llr_max"":20.0,""num_iter"":20,""precision"":""single"",""prune_pcm"":true,""return_infobits"":true,""vn_update"":""sum""},""implementation"":{""bit_mapping"":""component_Gray_00_-3_01_-1_10_3_11_1_over_sqrt5;QPSK_0_plus1_1_minus1"",""cuda"":""12.8"",""decoder"":{""cn_schedule"":""flooding"",""cn_update"":""boxplus-phi"",""early_stop"":false,""hard_out"":true,""harq_mode"":false,""llr_max"":20.0,""num_iter"":20,""precision"":""single"",""prune_pcm"":true,""return_infobits"":true,""vn_update"":""sum""},""decoder_source_sha256"":""44d84b92b749e2970f94d92cd348a11648e2286b4d851faa0af8b21d08f0da23"",""encoder_source_sha256"":""34d8db6660b2e84708a8fb534f63c194f6f2b964e3693fcffc9dcaf21532ccfd"",""implementation"":""Sionna_5G_LDPC"",""power_protocol"":""fixed_constellation_average_Es2"",""precision"":""float32"",""rate_matching"":""Sionna RV0; filler removal, first2Z and tail puncturing; supported n only"",""scrambling"":""public_PCG64_SHA256_protocol_session_frame_group_counter_after_rate_matching_v1"",""torch"":""2.11.0+cu128"",""version"":""2.2.0""},""interleaver_sha256"":""1f71329673332f414b51f1e10442e547b37b84ff1cf9decf9d522832d67f09d9"",""k"":640,""k_filler"":20,""k_ldpc"":660,""layout_id"":""4c3b9785fe6985b2bfe4783a1b56a72e02386a0fbca489039f9282223a7442cc"",""modulation_padding_bits"":0,""mother_bits"":2040,""n"":774,""n_cb"":1980,""n_cb_comp"":1960,""power_protocol"":""fixed_constellation_average_Es2"",""puncturing_bits"":1246,""puncturing_first_2Z"":60,""puncturing_remaining"":1186,""repetition_bits"":0,""scrambling"":""public_PCG64_SHA256_protocol_session_frame_group_counter_after_rate_matching_v1"",""shortening_bits"":20,""z"":30}",[1024]
16QAM,1/2,16QAM:r1/2,b65f01c1d2f44abfd7db14f918ca266486d70b9d4516b3c019867f3c7ba86ba3,660,16,0,676,720,44,3744,2004,501,0,0.3373253493013972,0.32934131736526945,"{""actual_effective_rate"":0.3373253493013972,""bg"":""bg2"",""bit_mapping"":""component_Gray_00_-3_01_-1_10_3_11_1_over_sqrt5;QPSK_0_plus1_1_minus1"",""code_blocks"":1,""decoder_config"":{""cn_schedule"":""flooding"",""cn_update"":""boxplus-phi"",""early_stop"":false,""hard_out"":true,""harq_mode"":false,""llr_max"":20.0,""num_iter"":20,""precision"":""single"",""prune_pcm"":true,""return_infobits"":true,""vn_update"":""sum""},""implementation"":{""bit_mapping"":""component_Gray_00_-3_01_-1_10_3_11_1_over_sqrt5;QPSK_0_plus1_1_minus1"",""cuda"":""12.8"",""decoder"":{""cn_schedule"":""flooding"",""cn_update"":""boxplus-phi"",""early_stop"":false,""hard_out"":true,""harq_mode"":false,""llr_max"":20.0,""num_iter"":20,""precision"":""single"",""prune_pcm"":true,""return_infobits"":true,""vn_update"":""sum""},""decoder_source_sha256"":""44d84b92b749e2970f94d92cd348a11648e2286b4d851faa0af8b21d08f0da23"",""encoder_source_sha256"":""34d8db6660b2e84708a8fb534f63c194f6f2b964e3693fcffc9dcaf21532ccfd"",""implementation"":""Sionna_5G_LDPC"",""power_protocol"":""fixed_constellation_average_Es2"",""precision"":""float32"",""rate_matching"":""Sionna RV0; filler removal, first2Z and tail puncturing; supported n only"",""scrambling"":""public_PCG64_SHA256_protocol_session_frame_group_counter_after_rate_matching_v1"",""torch"":""2.11.0+cu128"",""version"":""2.2.0""},""interleaver_sha256"":""52174db4d6752f0b60b45c7f002c97e517bcdf3e7a52b38e0538f149706afca8"",""k"":676,""k_filler"":44,""k_ldpc"":720,""layout_id"":""12863f6c57bfed56cd7b36d26b8852be5df10f7185d8dee3abd00ad51ed3edd3"",""modulation_padding_bits"":0,""mother_bits"":3744,""n"":2004,""n_cb"":3600,""n_cb_comp"":3556,""power_protocol"":""fixed_constellation_average_Es2"",""puncturing_bits"":1696,""puncturing_first_2Z"":144,""puncturing_remaining"":1552,""repetition_bits"":0,""scrambling"":""public_PCG64_SHA256_protocol_session_frame_group_counter_after_rate_matching_v1"",""shortening_bits"":44,""z"":72}",[1024]
16QAM,1/2,16QAM:r1/2,b665d4358ae21b9b542c96753190c76064a75f81f5aede408c985084ab7cb5ed,576,16,0,592,720,128,3744,1184,296,0,0.5,0.4864864864864865,"{""actual_effective_rate"":0.5,""bg"":""bg2"",""bit_mapping"":""component_Gray_00_-3_01_-1_10_3_11_1_over_sqrt5;QPSK_0_plus1_1_minus1"",""code_blocks"":1,""decoder_config"":{""cn_schedule"":""flooding"",""cn_update"":""boxplus-phi"",""early_stop"":false,""hard_out"":true,""harq_mode"":false,""llr_max"":20.0,""num_iter"":20,""precision"":""single"",""prune_pcm"":true,""return_infobits"":true,""vn_update"":""sum""},""implementation"":{""bit_mapping"":""component_Gray_00_-3_01_-1_10_3_11_1_over_sqrt5;QPSK_0_plus1_1_minus1"",""cuda"":""12.8"",""decoder"":{""cn_schedule"":""flooding"",""cn_update"":""boxplus-phi"",""early_stop"":false,""hard_out"":true,""harq_mode"":false,""llr_max"":20.0,""num_iter"":20,""precision"":""single"",""prune_pcm"":true,""return_infobits"":true,""vn_update"":""sum""},""decoder_source_sha256"":""44d84b92b749e2970f94d92cd348a11648e2286b4d851faa0af8b21d08f0da23"",""encoder_source_sha256"":""34d8db6660b2e84708a8fb534f63c194f6f2b964e3693fcffc9dcaf21532ccfd"",""implementation"":""Sionna_5G_LDPC"",""power_protocol"":""fixed_constellation_average_Es2"",""precision"":""float32"",""rate_matching"":""Sionna RV0; filler removal, first2Z and tail puncturing; supported n only"",""scrambling"":""public_PCG64_SHA256_protocol_session_frame_group_counter_after_rate_matching_v1"",""torch"":""2.11.0+cu128"",""version"":""2.2.0""},""interleaver_sha256"":""f25e66e6e1728bea53cb1ae172d70a04044ad434556c205acaa37af65d88b741"",""k"":592,""k_filler"":128,""k_ldpc"":720,""layout_id"":""e320dc54f3b505ca06f22036e2cc8ba3286ae976c782c9ad168a014114c2d099"",""modulation_padding_bits"":0,""mother_bits"":3744,""n"":1184,""n_cb"":3600,""n_cb_comp"":3472,""power_protocol"":""fixed_constellation_average_Es2"",""puncturing_bits"":2432,""puncturing_first_2Z"":144,""puncturing_remaining"":2288,""repetition_bits"":0,""scrambling"":""public_PCG64_SHA256_protocol_session_frame_group_counter_after_rate_matching_v1"",""shortening_bits"":128,""z"":72}","[1024,2048]"
16QAM,5/6,16QAM:r5/6,b6660fda6f86f19bdd6c7f352242ae813664e4286e3b356499ac7a2840076f80,216,16,0,232,300,68,1560,356,89,0,0.651685393258427,0.6067415730337079,"{""actual_effective_rate"":0.651685393258427,""bg"":""bg2"",""bit_mapping"":""component_Gray_00_-3_01_-1_10_3_11_1_over_sqrt5;QPSK_0_plus1_1_minus1"",""code_blocks"":1,""decoder_config"":{""cn_schedule"":""flooding"",""cn_update"":""boxplus-phi"",""early_stop"":false,""hard_out"":true,""harq_mode"":false,""llr_max"":20.0,""num_iter"":20,""precision"":""single"",""prune_pcm"":true,""return_infobits"":true,""vn_update"":""sum""},""implementation"":{""bit_mapping"":""component_Gray_00_-3_01_-1_10_3_11_1_over_sqrt5;QPSK_0_plus1_1_minus1"",""cuda"":""12.8"",""decoder"":{""cn_schedule"":""flooding"",""cn_update"":""boxplus-phi"",""early_stop"":false,""hard_out"":true,""harq_mode"":false,""llr_max"":20.0,""num_iter"":20,""precision"":""single"",""prune_pcm"":true,""return_infobits"":true,""vn_update"":""sum""},""decoder_source_sha256"":""44d84b92b749e2970f94d92cd348a11648e2286b4d851faa0af8b21d08f0da23"",""encoder_source_sha256"":""34d8db6660b2e84708a8fb534f63c194f6f2b964e3693fcffc9dcaf21532ccfd"",""implementation"":""Sionna_5G_LDPC"",""power_protocol"":""fixed_constellation_average_Es2"",""precision"":""float32"",""rate_matching"":""Sionna RV0; filler removal, first2Z and tail puncturing; supported n only"",""scrambling"":""public_PCG64_SHA256_protocol_session_frame_group_counter_after_rate_matching_v1"",""torch"":""2.11.0+cu128"",""version"":""2.2.0""},""interleaver_sha256"":""f093a39611394c1fe5702b021014c54762a5a11c75954d446ff490a61d2940c2"",""k"":232,""k_filler"":68,""k_ldpc"":300,""layout_id"":""2616288fa0ccedfc2dcb2a4b153e4b0fe0890073957f1fd8a0048b08c3184b40"",""modulation_padding_bits"":0,""mother_bits"":1560,""n"":356,""n_cb"":1500,""n_cb_comp"":1432,""power_protocol"":""fixed_constellation_average_Es2"",""puncturing_bits"":1136,""puncturing_first_2Z"":60,""puncturing_remaining"":1076,""repetition_bits"":0,""scrambling"":""public_PCG64_SHA256_protocol_session_frame_group_counter_after_rate_matching_v1"",""shortening_bits"":68,""z"":30}",[1024]
16QAM,1/2,16QAM:r1/2,b674961bdb692cc8eaf7219e7db372bcff9e0eb0a8a6eee541459e0cacc43acb,576,16,0,592,720,128,3744,2436,609,0,0.24302134646962234,0.23645320197044334,"{""actual_effective_rate"":0.24302134646962234,""bg"":""bg2"",""bit_mapping"":""component_Gray_00_-3_01_-1_10_3_11_1_over_sqrt5;QPSK_0_plus1_1_minus1"",""code_blocks"":1,""decoder_config"":{""cn_schedule"":""flooding"",""cn_update"":""boxplus-phi"",""early_stop"":false,""hard_out"":true,""harq_mode"":false,""llr_max"":20.0,""num_iter"":20,""precision"":""single"",""prune_pcm"":true,""return_infobits"":true,""vn_update"":""sum""},""implementation"":{""bit_mapping"":""component_Gray_00_-3_01_-1_10_3_11_1_over_sqrt5;QPSK_0_plus1_1_minus1"",""cuda"":""12.8"",""decoder"":{""cn_schedule"":""flooding"",""cn_update"":""boxplus-phi"",""early_stop"":false,""hard_out"":true,""harq_mode"":false,""llr_max"":20.0,""num_iter"":20,""precision"":""single"",""prune_pcm"":true,""return_infobits"":true,""vn_update"":""sum""},""decoder_source_sha256"":""44d84b92b749e2970f94d92cd348a11648e2286b4d851faa0af8b21d08f0da23"",""encoder_source_sha256"":""34d8db6660b2e84708a8fb534f63c194f6f2b964e3693fcffc9dcaf21532ccfd"",""implementation"":""Sionna_5G_LDPC"",""power_protocol"":""fixed_constellation_average_Es2"",""precision"":""float32"",""rate_matching"":""Sionna RV0; filler removal, first2Z and tail puncturing; supported n only"",""scrambling"":""public_PCG64_SHA256_protocol_session_frame_group_counter_after_rate_matching_v1"",""torch"":""2.11.0+cu128"",""version"":""2.2.0""},""interleaver_sha256"":""84a77972179ffa291b3098372ee55f33cb48ad88a04ab6f0c8844d005cff6f91"",""k"":592,""k_filler"":128,""k_ldpc"":720,""layout_id"":""9a463a755993c811a8f6ff6e519862cc1e0b41fd903b530a01cacf9c92a81b60"",""modulation_padding_bits"":0,""mother_bits"":3744,""n"":2436,""n_cb"":3600,""n_cb_comp"":3472,""power_protocol"":""fixed_constellation_average_Es2"",""puncturing_bits"":1180,""puncturing_first_2Z"":144,""puncturing_remaining"":1036,""repetition_bits"":0,""scrambling"":""public_PCG64_SHA256_protocol_session_frame_group_counter_after_rate_matching_v1"",""shortening_bits"":128,""z"":72}",[2048]
16QAM,5/6,16QAM:r5/6,b678ce00ee18f18791bf1711e6ba509fa83a8da0c707c74f59af865d70ecf855,660,16,0,676,720,44,3744,1028,257,0,0.6575875486381323,0.642023346303502,"{""actual_effective_rate"":0.6575875486381323,""bg"":""bg2"",""bit_mapping"":""component_Gray_00_-3_01_-1_10_3_11_1_over_sqrt5;QPSK_0_plus1_1_minus1"",""code_blocks"":1,""decoder_config"":{""cn_schedule"":""flooding"",""cn_update"":""boxplus-phi"",""early_stop"":false,""hard_out"":true,""harq_mode"":false,""llr_max"":20.0,""num_iter"":20,""precision"":""single"",""prune_pcm"":true,""return_infobits"":true,""vn_update"":""sum""},""implementation"":{""bit_mapping"":""component_Gray_00_-3_01_-1_10_3_11_1_over_sqrt5;QPSK_0_plus1_1_minus1"",""cuda"":""12.8"",""decoder"":{""cn_schedule"":""flooding"",""cn_update"":""boxplus-phi"",""early_stop"":false,""hard_out"":true,""harq_mode"":false,""llr_max"":20.0,""num_iter"":20,""precision"":""single"",""prune_pcm"":true,""return_infobits"":true,""vn_update"":""sum""},""decoder_source_sha256"":""44d84b92b749e2970f94d92cd348a11648e2286b4d851faa0af8b21d08f0da23"",""encoder_source_sha256"":""34d8db6660b2e84708a8fb534f63c194f6f2b964e3693fcffc9dcaf21532ccfd"",""implementation"":""Sionna_5G_LDPC"",""power_protocol"":""fixed_constellation_average_Es2"",""precision"":""float32"",""rate_matching"":""Sionna RV0; filler removal, first2Z and tail puncturing; supported n only"",""scrambling"":""public_PCG64_SHA256_protocol_session_frame_group_counter_after_rate_matching_v1"",""torch"":""2.11.0+cu128"",""version"":""2.2.0""},""interleaver_sha256"":""0ddca2997c16131738999875c6211013dbc0f3b5668a1c1839c419a9f9b9f594"",""k"":676,""k_filler"":44,""k_ldpc"":720,""layout_id"":""ad7e1606e679bad8e361c93fc49d0dc82dd4d8eec790c771cf8d22a0dfb5a30a"",""modulation_padding_bits"":0,""mother_bits"":3744,""n"":1028,""n_cb"":3600,""n_cb_comp"":3556,""power_protocol"":""fixed_constellation_average_Es2"",""puncturing_bits"":2672,""puncturing_first_2Z"":144,""puncturing_remaining"":2528,""repetition_bits"":0,""scrambling"":""public_PCG64_SHA256_protocol_session_frame_group_counter_after_rate_matching_v1"",""shortening_bits"":44,""z"":72}","[1024,2048]"
QPSK,2/3,QPSK:r2/3,b67bfec552d0264438a83a23cfb7450d9481991633d9b9cc258e433f41df59c0,1008,16,0,1024,1040,16,5408,1706,853,0,0.6002344665885111,0.5908558030480656,"{""actual_effective_rate"":0.6002344665885111,""bg"":""bg2"",""bit_mapping"":""component_Gray_00_-3_01_-1_10_3_11_1_over_sqrt5;QPSK_0_plus1_1_minus1"",""code_blocks"":1,""decoder_config"":{""cn_schedule"":""flooding"",""cn_update"":""boxplus-phi"",""early_stop"":false,""hard_out"":true,""harq_mode"":false,""llr_max"":20.0,""num_iter"":20,""precision"":""single"",""prune_pcm"":true,""return_infobits"":true,""vn_update"":""sum""},""implementation"":{""bit_mapping"":""component_Gray_00_-3_01_-1_10_3_11_1_over_sqrt5;QPSK_0_plus1_1_minus1"",""cuda"":""12.8"",""decoder"":{""cn_schedule"":""flooding"",""cn_update"":""boxplus-phi"",""early_stop"":false,""hard_out"":true,""harq_mode"":false,""llr_max"":20.0,""num_iter"":20,""precision"":""single"",""prune_pcm"":true,""return_infobits"":true,""vn_update"":""sum""},""decoder_source_sha256"":""44d84b92b749e2970f94d92cd348a11648e2286b4d851faa0af8b21d08f0da23"",""encoder_source_sha256"":""34d8db6660b2e84708a8fb534f63c194f6f2b964e3693fcffc9dcaf21532ccfd"",""implementation"":""Sionna_5G_LDPC"",""power_protocol"":""fixed_constellation_average_Es2"",""precision"":""float32"",""rate_matching"":""Sionna RV0; filler removal, first2Z and tail puncturing; supported n only"",""scrambling"":""public_PCG64_SHA256_protocol_session_frame_group_counter_after_rate_matching_v1"",""torch"":""2.11.0+cu128"",""version"":""2.2.0""},""interleaver_sha256"":""93f38601d861d1fa28f18e271e0827ce8702f75e54a6ea1e012a46fdb7817a80"",""k"":1024,""k_filler"":16,""k_ldpc"":1040,""layout_id"":""19f19f4d393121ec59268ecaddfcdd8df14bf6c90675b12bcbb89401f47aee3b"",""modulation_padding_bits"":0,""mother_bits"":5408,""n"":1706,""n_cb"":5200,""n_cb_comp"":5184,""power_protocol"":""fixed_constellation_average_Es2"",""puncturing_bits"":3686,""puncturing_first_2Z"":208,""puncturing_remaining"":3478,""repetition_bits"":0,""scrambling"":""public_PCG64_SHA256_protocol_session_frame_group_counter_after_rate_matching_v1"",""shortening_bits"":16,""z"":104}",[2048]
QPSK,2/3,QPSK:r2/3,b684ef45a5df8bb57453018f2965ffdccaa9233c6051dda9290540da109604a6,324,16,0,340,440,100,2288,1526,763,0,0.22280471821756226,0.21231979030144169,"{""actual_effective_rate"":0.22280471821756226,""bg"":""bg2"",""bit_mapping"":""component_Gray_00_-3_01_-1_10_3_11_1_over_sqrt5;QPSK_0_plus1_1_minus1"",""code_blocks"":1,""decoder_config"":{""cn_schedule"":""flooding"",""cn_update"":""boxplus-phi"",""early_stop"":false,""hard_out"":true,""harq_mode"":false,""llr_max"":20.0,""num_iter"":20,""precision"":""single"",""prune_pcm"":true,""return_infobits"":true,""vn_update"":""sum""},""implementation"":{""bit_mapping"":""component_Gray_00_-3_01_-1_10_3_11_1_over_sqrt5;QPSK_0_plus1_1_minus1"",""cuda"":""12.8"",""decoder"":{""cn_schedule"":""flooding"",""cn_update"":""boxplus-phi"",""early_stop"":false,""hard_out"":true,""harq_mode"":false,""llr_max"":20.0,""num_iter"":20,""precision"":""single"",""prune_pcm"":true,""return_infobits"":true,""vn_update"":""sum""},""decoder_source_sha256"":""44d84b92b749e2970f94d92cd348a11648e2286b4d851faa0af8b21d08f0da23"",""encoder_source_sha256"":""34d8db6660b2e84708a8fb534f63c194f6f2b964e3693fcffc9dcaf21532ccfd"",""implementation"":""Sionna_5G_LDPC"",""power_protocol"":""fixed_constellation_average_Es2"",""precision"":""float32"",""rate_matching"":""Sionna RV0; filler removal, first2Z and tail puncturing; supported n only"",""scrambling"":""public_PCG64_SHA256_protocol_session_frame_group_counter_after_rate_matching_v1"",""torch"":""2.11.0+cu128"",""version"":""2.2.0""},""interleaver_sha256"":""3e0a56f26b09bab70cc4c67438d5ab9fde5fa78ee15ad52b0bd60d89a5707476"",""k"":340,""k_filler"":100,""k_ldpc"":440,""layout_id"":""28288621ef30ac7cdf19981f2c8fa25b32bad83374900ebc6235353b820124fd"",""modulation_padding_bits"":0,""mother_bits"":2288,""n"":1526,""n_cb"":2200,""n_cb_comp"":2100,""power_protocol"":""fixed_constellation_average_Es2"",""puncturing_bits"":662,""puncturing_first_2Z"":88,""puncturing_remaining"":574,""repetition_bits"":0,""scrambling"":""public_PCG64_SHA256_protocol_session_frame_group_counter_after_rate_matching_v1"",""shortening_bits"":100,""z"":44}",[2048]
16QAM,3/4,16QAM:r3/4,b686edc0134b942e62e87f6a10b152720dd4b2c02ed038c185a5b045aeaecc53,384,16,0,400,440,40,1360,536,134,0,0.746268656716418,0.7164179104477612,"{""actual_effective_rate"":0.746268656716418,""bg"":""bg1"",""bit_mapping"":""component_Gray_00_-3_01_-1_10_3_11_1_over_sqrt5;QPSK_0_plus1_1_minus1"",""code_blocks"":1,""decoder_config"":{""cn_schedule"":""flooding"",""cn_update"":""boxplus-phi"",""early_stop"":false,""hard_out"":true,""harq_mode"":false,""llr_max"":20.0,""num_iter"":20,""precision"":""single"",""prune_pcm"":true,""return_infobits"":true,""vn_update"":""sum""},""implementation"":{""bit_mapping"":""component_Gray_00_-3_01_-1_10_3_11_1_over_sqrt5;QPSK_0_plus1_1_minus1"",""cuda"":""12.8"",""decoder"":{""cn_schedule"":""flooding"",""cn_update"":""boxplus-phi"",""early_stop"":false,""hard_out"":true,""harq_mode"":false,""llr_max"":20.0,""num_iter"":20,""precision"":""single"",""prune_pcm"":true,""return_infobits"":true,""vn_update"":""sum""},""decoder_source_sha256"":""44d84b92b749e2970f94d92cd348a11648e2286b4d851faa0af8b21d08f0da23"",""encoder_source_sha256"":""34d8db6660b2e84708a8fb534f63c194f6f2b964e3693fcffc9dcaf21532ccfd"",""implementation"":""Sionna_5G_LDPC"",""power_protocol"":""fixed_constellation_average_Es2"",""precision"":""float32"",""rate_matching"":""Sionna RV0; filler removal, first2Z and tail puncturing; supported n only"",""scrambling"":""public_PCG64_SHA256_protocol_session_frame_group_counter_after_rate_matching_v1"",""torch"":""2.11.0+cu128"",""version"":""2.2.0""},""interleaver_sha256"":""57dc80a0ef0b565465ed21b35ee7b79374d88a362cd5a09762c753eb31131e5a"",""k"":400,""k_filler"":40,""k_ldpc"":440,""layout_id"":""b8477c7d374df97704b9ad522e284304ff68495a55f030a940ac76e8c612db00"",""modulation_padding_bits"":0,""mother_bits"":1360,""n"":536,""n_cb"":1320,""n_cb_comp"":1280,""power_protocol"":""fixed_constellation_average_Es2"",""puncturing_bits"":784,""puncturing_first_2Z"":40,""puncturing_remaining"":744,""repetition_bits"":0,""scrambling"":""public_PCG64_SHA256_protocol_session_frame_group_counter_after_rate_matching_v1"",""shortening_bits"":40,""z"":20}","[1024,2048]"
QPSK,3/4,QPSK:r3/4,b69742b5996c2657370d92822fb8da9116c1fe7c27cc2eb930a1d56441538515,1092,16,0,1108,1144,36,3536,1538,769,0,0.7204161248374512,0.7100130039011704,"{""actual_effective_rate"":0.7204161248374512,""bg"":""bg1"",""bit_mapping"":""component_Gray_00_-3_01_-1_10_3_11_1_over_sqrt5;QPSK_0_plus1_1_minus1"",""code_blocks"":1,""decoder_config"":{""cn_schedule"":""flooding"",""cn_update"":""boxplus-phi"",""early_stop"":false,""hard_out"":true,""harq_mode"":false,""llr_max"":20.0,""num_iter"":20,""precision"":""single"",""prune_pcm"":true,""return_infobits"":true,""vn_update"":""sum""},""implementation"":{""bit_mapping"":""component_Gray_00_-3_01_-1_10_3_11_1_over_sqrt5;QPSK_0_plus1_1_minus1"",""cuda"":""12.8"",""decoder"":{""cn_schedule"":""flooding"",""cn_update"":""boxplus-phi"",""early_stop"":false,""hard_out"":true,""harq_mode"":false,""llr_max"":20.0,""num_iter"":20,""precision"":""single"",""prune_pcm"":true,""return_infobits"":true,""vn_update"":""sum""},""decoder_source_sha256"":""44d84b92b749e2970f94d92cd348a11648e2286b4d851faa0af8b21d08f0da23"",""encoder_source_sha256"":""34d8db6660b2e84708a8fb534f63c194f6f2b964e3693fcffc9dcaf21532ccfd"",""implementation"":""Sionna_5G_LDPC"",""power_protocol"":""fixed_constellation_average_Es2"",""precision"":""float32"",""rate_matching"":""Sionna RV0; filler removal, first2Z and tail puncturing; supported n only"",""scrambling"":""public_PCG64_SHA256_protocol_session_frame_group_counter_after_rate_matching_v1"",""torch"":""2.11.0+cu128"",""version"":""2.2.0""},""interleaver_sha256"":""57a0f7c7aa4d89aa3b5631ae1c83ab91043df8c4565e5994c3c2cf0aae53eb45"",""k"":1108,""k_filler"":36,""k_ldpc"":1144,""layout_id"":""1ce3a5de95e1b342b08e8ce37e4192e89172af9799ab35eb061be888f86c0c72"",""modulation_padding_bits"":0,""mother_bits"":3536,""n"":1538,""n_cb"":3432,""n_cb_comp"":3396,""power_protocol"":""fixed_constellation_average_Es2"",""puncturing_bits"":1962,""puncturing_first_2Z"":104,""puncturing_remaining"":1858,""repetition_bits"":0,""scrambling"":""public_PCG64_SHA256_protocol_session_frame_group_counter_after_rate_matching_v1"",""shortening_bits"":36,""z"":52}",[2048]
16QAM,1/3,16QAM:r1/3,b69d314d6c2764af6321fcb9bc0f267bbac72cd368fae0cf96aebfa2ed3f9aa7,1500,16,0,1516,1600,84,8320,7204,1801,0,0.21043864519711272,0.2082176568573015,"{""actual_effective_rate"":0.21043864519711272,""bg"":""bg2"",""bit_mapping"":""component_Gray_00_-3_01_-1_10_3_11_1_over_sqrt5;QPSK_0_plus1_1_minus1"",""code_blocks"":1,""decoder_config"":{""cn_schedule"":""flooding"",""cn_update"":""boxplus-phi"",""early_stop"":false,""hard_out"":true,""harq_mode"":false,""llr_max"":20.0,""num_iter"":20,""precision"":""single"",""prune_pcm"":true,""return_infobits"":true,""vn_update"":""sum""},""implementation"":{""bit_mapping"":""component_Gray_00_-3_01_-1_10_3_11_1_over_sqrt5;QPSK_0_plus1_1_minus1"",""cuda"":""12.8"",""decoder"":{""cn_schedule"":""flooding"",""cn_update"":""boxplus-phi"",""early_stop"":false,""hard_out"":true,""harq_mode"":false,""llr_max"":20.0,""num_iter"":20,""precision"":""single"",""prune_pcm"":true,""return_infobits"":true,""vn_update"":""sum""},""decoder_source_sha256"":""44d84b92b749e2970f94d92cd348a11648e2286b4d851faa0af8b21d08f0da23"",""encoder_source_sha256"":""34d8db6660b2e84708a8fb534f63c194f6f2b964e3693fcffc9dcaf21532ccfd"",""implementation"":""Sionna_5G_LDPC"",""power_protocol"":""fixed_constellation_average_Es2"",""precision"":""float32"",""rate_matching"":""Sionna RV0; filler removal, first2Z and tail puncturing; supported n only"",""scrambling"":""public_PCG64_SHA256_protocol_session_frame_group_counter_after_rate_matching_v1"",""torch"":""2.11.0+cu128"",""version"":""2.2.0""},""interleaver_sha256"":""ddb42198fc5cd1bfc1de22445a6a0e01b636cc04182b85fca2914c1c6cc689af"",""k"":1516,""k_filler"":84,""k_ldpc"":1600,""layout_id"":""5ab9d9711be5864a29bd05a53352594dc6f71589b552c860024b38d6019aa0fa"",""modulation_padding_bits"":0,""mother_bits"":8320,""n"":7204,""n_cb"":8000,""n_cb_comp"":7916,""power_protocol"":""fixed_constellation_average_Es2"",""puncturing_bits"":1032,""puncturing_first_2Z"":320,""puncturing_remaining"":712,""repetition_bits"":0,""scrambling"":""public_PCG64_SHA256_protocol_session_frame_group_counter_after_rate_matching_v1"",""shortening_bits"":84,""z"":160}",[2048]
16QAM,1/2,16QAM:r1/2,b69ec58f37eee41510d11137542d3ec0ba5b6b35246426a93c9bbe7c8e6021e7,1092,16,0,1108,1120,12,5824,2228,557,0,0.49730700179533216,0.49012567324955114,"{""actual_effective_rate"":0.49730700179533216,""bg"":""bg2"",""bit_mapping"":""component_Gray_00_-3_01_-1_10_3_11_1_over_sqrt5;QPSK_0_plus1_1_minus1"",""code_blocks"":1,""decoder_config"":{""cn_schedule"":""flooding"",""cn_update"":""boxplus-phi"",""early_stop"":false,""hard_out"":true,""harq_mode"":false,""llr_max"":20.0,""num_iter"":20,""precision"":""single"",""prune_pcm"":true,""return_infobits"":true,""vn_update"":""sum""},""implementation"":{""bit_mapping"":""component_Gray_00_-3_01_-1_10_3_11_1_over_sqrt5;QPSK_0_plus1_1_minus1"",""cuda"":""12.8"",""decoder"":{""cn_schedule"":""flooding"",""cn_update"":""boxplus-phi"",""early_stop"":false,""hard_out"":true,""harq_mode"":false,""llr_max"":20.0,""num_iter"":20,""precision"":""single"",""prune_pcm"":true,""return_infobits"":true,""vn_update"":""sum""},""decoder_source_sha256"":""44d84b92b749e2970f94d92cd348a11648e2286b4d851faa0af8b21d08f0da23"",""encoder_source_sha256"":""34d8db6660b2e84708a8fb534f63c194f6f2b964e3693fcffc9dcaf21532ccfd"",""implementation"":""Sionna_5G_LDPC"",""power_protocol"":""fixed_constellation_average_Es2"",""precision"":""float32"",""rate_matching"":""Sionna RV0; filler removal, first2Z and tail puncturing; supported n only"",""scrambling"":""public_PCG64_SHA256_protocol_session_frame_group_counter_after_rate_matching_v1"",""torch"":""2.11.0+cu128"",""version"":""2.2.0""},""interleaver_sha256"":""2122fbc09fb2f26a5b99f9f513cde46f228b2bf63df22b631109de94b913239c"",""k"":1108,""k_filler"":12,""k_ldpc"":1120,""layout_id"":""34500db0e06817a6dfda2ddf60cec084e944bb2e3da2c2f9569be3c9bd7c14f4"",""modulation_padding_bits"":0,""mother_bits"":5824,""n"":2228,""n_cb"":5600,""n_cb_comp"":5588,""power_protocol"":""fixed_constellation_average_Es2"",""puncturing_bits"":3584,""puncturing_first_2Z"":224,""puncturing_remaining"":3360,""repetition_bits"":0,""scrambling"":""public_PCG64_SHA256_protocol_session_frame_group_counter_after_rate_matching_v1"",""shortening_bits"":12,""z"":112}",[1024]
16QAM,2/3,16QAM:r2/3,b6a0b98ab0440cc5daca1b10697dc6b6f6e4dfcef34a4194f304b7bcaefb6200,1860,16,0,1876,1920,44,9984,2828,707,0,0.6633663366336634,0.6577086280056577,"{""actual_effective_rate"":0.6633663366336634,""bg"":""bg2"",""bit_mapping"":""component_Gray_00_-3_01_-1_10_3_11_1_over_sqrt5;QPSK_0_plus1_1_minus1"",""code_blocks"":1,""decoder_config"":{""cn_schedule"":""flooding"",""cn_update"":""boxplus-phi"",""early_stop"":false,""hard_out"":true,""harq_mode"":false,""llr_max"":20.0,""num_iter"":20,""precision"":""single"",""prune_pcm"":true,""return_infobits"":true,""vn_update"":""sum""},""implementation"":{""bit_mapping"":""component_Gray_00_-3_01_-1_10_3_11_1_over_sqrt5;QPSK_0_plus1_1_minus1"",""cuda"":""12.8"",""decoder"":{""cn_schedule"":""flooding"",""cn_update"":""boxplus-phi"",""early_stop"":false,""hard_out"":true,""harq_mode"":false,""llr_max"":20.0,""num_iter"":20,""precision"":""single"",""prune_pcm"":true,""return_infobits"":true,""vn_update"":""sum""},""decoder_source_sha256"":""44d84b92b749e2970f94d92cd348a11648e2286b4d851faa0af8b21d08f0da23"",""encoder_source_sha256"":""34d8db6660b2e84708a8fb534f63c194f6f2b964e3693fcffc9dcaf21532ccfd"",""implementation"":""Sionna_5G_LDPC"",""power_protocol"":""fixed_constellation_average_Es2"",""precision"":""float32"",""rate_matching"":""Sionna RV0; filler removal, first2Z and tail puncturing; supported n only"",""scrambling"":""public_PCG64_SHA256_protocol_session_frame_group_counter_after_rate_matching_v1"",""torch"":""2.11.0+cu128"",""version"":""2.2.0""},""interleaver_sha256"":""f3faaf93bb94eafbf0bca1de432ec81af8215c33a562a2ccf5e48281648a80e6"",""k"":1876,""k_filler"":44,""k_ldpc"":1920,""layout_id"":""52ace6fa03a4e996a0f128b8a7128a1a29534dde9f05d8e9fe6c096376e9a303"",""modulation_padding_bits"":0,""mother_bits"":9984,""n"":2828,""n_cb"":9600,""n_cb_comp"":9556,""power_protocol"":""fixed_constellation_average_Es2"",""puncturing_bits"":7112,""puncturing_first_2Z"":384,""puncturing_remaining"":6728,""repetition_bits"":0,""scrambling"":""public_PCG64_SHA256_protocol_session_frame_group_counter_after_rate_matching_v1"",""shortening_bits"":44,""z"":192}","[1024,2048]"
QPSK,5/6,QPSK:r5/6,b6a0e8c1c5fb6d32a67af1f68cee9743b6122b0b32654ca176907c5d64acaefc,624,16,0,640,720,80,3744,1202,601,0,0.5324459234608985,0.519134775374376,"{""actual_effective_rate"":0.5324459234608985,""bg"":""bg2"",""bit_mapping"":""component_Gray_00_-3_01_-1_10_3_11_1_over_sqrt5;QPSK_0_plus1_1_minus1"",""code_blocks"":1,""decoder_config"":{""cn_schedule"":""flooding"",""cn_update"":""boxplus-phi"",""early_stop"":false,""hard_out"":true,""harq_mode"":false,""llr_max"":20.0,""num_iter"":20,""precision"":""single"",""prune_pcm"":true,""return_infobits"":true,""vn_update"":""sum""},""implementation"":{""bit_mapping"":""component_Gray_00_-3_01_-1_10_3_11_1_over_sqrt5;QPSK_0_plus1_1_minus1"",""cuda"":""12.8"",""decoder"":{""cn_schedule"":""flooding"",""cn_update"":""boxplus-phi"",""early_stop"":false,""hard_out"":true,""harq_mode"":false,""llr_max"":20.0,""num_iter"":20,""precision"":""single"",""prune_pcm"":true,""return_infobits"":true,""vn_update"":""sum""},""decoder_source_sha256"":""44d84b92b749e2970f94d92cd348a11648e2286b4d851faa0af8b21d08f0da23"",""encoder_source_sha256"":""34d8db6660b2e84708a8fb534f63c194f6f2b964e3693fcffc9dcaf21532ccfd"",""implementation"":""Sionna_5G_LDPC"",""power_protocol"":""fixed_constellation_average_Es2"",""precision"":""float32"",""rate_matching"":""Sionna RV0; filler removal, first2Z and tail puncturing; supported n only"",""scrambling"":""public_PCG64_SHA256_protocol_session_frame_group_counter_after_rate_matching_v1"",""torch"":""2.11.0+cu128"",""version"":""2.2.0""},""interleaver_sha256"":""45a4732f73b22de67e06aef60dff214de025a47be3b37b84abf55183fe18112b"",""k"":640,""k_filler"":80,""k_ldpc"":720,""layout_id"":""073db1ab5b0c058d0d6479747530bbefaed84e49bc4002084dca8fd9a0c1813d"",""modulation_padding_bits"":0,""mother_bits"":3744,""n"":1202,""n_cb"":3600,""n_cb_comp"":3520,""power_protocol"":""fixed_constellation_average_Es2"",""puncturing_bits"":2462,""puncturing_first_2Z"":144,""puncturing_remaining"":2318,""repetition_bits"":0,""scrambling"":""public_PCG64_SHA256_protocol_session_frame_group_counter_after_rate_matching_v1"",""shortening_bits"":80,""z"":72}",[1024]
16QAM,2/3,16QAM:r2/3,b6a22b3ca18a1c32927fdd39826a5b8355e303cb8efc2f6e7754873dcd24e150,216,16,0,232,300,68,1560,972,243,0,0.23868312757201646,0.2222222222222222,"{""actual_effective_rate"":0.23868312757201646,""bg"":""bg2"",""bit_mapping"":""component_Gray_00_-3_01_-1_10_3_11_1_over_sqrt5;QPSK_0_plus1_1_minus1"",""code_blocks"":1,""decoder_config"":{""cn_schedule"":""flooding"",""cn_update"":""boxplus-phi"",""early_stop"":false,""hard_out"":true,""harq_mode"":false,""llr_max"":20.0,""num_iter"":20,""precision"":""single"",""prune_pcm"":true,""return_infobits"":true,""vn_update"":""sum""},""implementation"":{""bit_mapping"":""component_Gray_00_-3_01_-1_10_3_11_1_over_sqrt5;QPSK_0_plus1_1_minus1"",""cuda"":""12.8"",""decoder"":{""cn_schedule"":""flooding"",""cn_update"":""boxplus-phi"",""early_stop"":false,""hard_out"":true,""harq_mode"":false,""llr_max"":20.0,""num_iter"":20,""precision"":""single"",""prune_pcm"":true,""return_infobits"":true,""vn_update"":""sum""},""decoder_source_sha256"":""44d84b92b749e2970f94d92cd348a11648e2286b4d851faa0af8b21d08f0da23"",""encoder_source_sha256"":""34d8db6660b2e84708a8fb534f63c194f6f2b964e3693fcffc9dcaf21532ccfd"",""implementation"":""Sionna_5G_LDPC"",""power_protocol"":""fixed_constellation_average_Es2"",""precision"":""float32"",""rate_matching"":""Sionna RV0; filler removal, first2Z and tail puncturing; supported n only"",""scrambling"":""public_PCG64_SHA256_protocol_session_frame_group_counter_after_rate_matching_v1"",""torch"":""2.11.0+cu128"",""version"":""2.2.0""},""interleaver_sha256"":""8c4eab0df923953b9fa257b82d76e1a54702824d13eb4a68446a7f3212981eb2"",""k"":232,""k_filler"":68,""k_ldpc"":300,""layout_id"":""495e91a1a69f6ab901d6958970f4675db80598e92affde5e314f84fb7220d998"",""modulation_padding_bits"":0,""mother_bits"":1560,""n"":972,""n_cb"":1500,""n_cb_comp"":1432,""power_protocol"":""fixed_constellation_average_Es2"",""puncturing_bits"":520,""puncturing_first_2Z"":60,""puncturing_remaining"":460,""repetition_bits"":0,""scrambling"":""public_PCG64_SHA256_protocol_session_frame_group_counter_after_rate_matching_v1"",""shortening_bits"":68,""z"":30}",[1024]
16QAM,2/3,16QAM:r2/3,b6a80fb93992718aa92aafcf9397c1c6f948ee9df1620e0cacc4165323ca0181,1092,16,0,1108,1120,12,5824,2188,547,0,0.506398537477148,0.4990859232175503,"{""actual_effective_rate"":0.506398537477148,""bg"":""bg2"",""bit_mapping"":""component_Gray_00_-3_01_-1_10_3_11_1_over_sqrt5;QPSK_0_plus1_1_minus1"",""code_blocks"":1,""decoder_config"":{""cn_schedule"":""flooding"",""cn_update"":""boxplus-phi"",""early_stop"":false,""hard_out"":true,""harq_mode"":false,""llr_max"":20.0,""num_iter"":20,""precision"":""single"",""prune_pcm"":true,""return_infobits"":true,""vn_update"":""sum""},""implementation"":{""bit_mapping"":""component_Gray_00_-3_01_-1_10_3_11_1_over_sqrt5;QPSK_0_plus1_1_minus1"",""cuda"":""12.8"",""decoder"":{""cn_schedule"":""flooding"",""cn_update"":""boxplus-phi"",""early_stop"":false,""hard_out"":true,""harq_mode"":false,""llr_max"":20.0,""num_iter"":20,""precision"":""single"",""prune_pcm"":true,""return_infobits"":true,""vn_update"":""sum""},""decoder_source_sha256"":""44d84b92b749e2970f94d92cd348a11648e2286b4d851faa0af8b21d08f0da23"",""encoder_source_sha256"":""34d8db6660b2e84708a8fb534f63c194f6f2b964e3693fcffc9dcaf21532ccfd"",""implementation"":""Sionna_5G_LDPC"",""power_protocol"":""fixed_constellation_average_Es2"",""precision"":""float32"",""rate_matching"":""Sionna RV0; filler removal, first2Z and tail puncturing; supported n only"",""scrambling"":""public_PCG64_SHA256_protocol_session_frame_group_counter_after_rate_matching_v1"",""torch"":""2.11.0+cu128"",""version"":""2.2.0""},""interleaver_sha256"":""d465a563c7460bff71dac27e304360d078887c3358ee122129d7f380d2818f38"",""k"":1108,""k_filler"":12,""k_ldpc"":1120,""layout_id"":""c8a5705004948a5c6015aef5a2005886f303f5829ba81ce9c3a0d3fb5a27ff20"",""modulation_padding_bits"":0,""mother_bits"":5824,""n"":2188,""n_cb"":5600,""n_cb_comp"":5588,""power_protocol"":""fixed_constellation_average_Es2"",""puncturing_bits"":3624,""puncturing_first_2Z"":224,""puncturing_remaining"":3400,""repetition_bits"":0,""scrambling"":""public_PCG64_SHA256_protocol_session_frame_group_counter_after_rate_matching_v1"",""shortening_bits"":12,""z"":112}",[1024]
16QAM,1/3,16QAM:r1/3,b6aafae5639f43cf01cc3a2ac823a18bebe031dd3a500fa478fda304ea16cecc,264,16,0,280,360,80,1872,844,211,0,0.33175355450236965,0.3127962085308057,"{""actual_effective_rate"":0.33175355450236965,""bg"":""bg2"",""bit_mapping"":""component_Gray_00_-3_01_-1_10_3_11_1_over_sqrt5;QPSK_0_plus1_1_minus1"",""code_blocks"":1,""decoder_config"":{""cn_schedule"":""flooding"",""cn_update"":""boxplus-phi"",""early_stop"":false,""hard_out"":true,""harq_mode"":false,""llr_max"":20.0,""num_iter"":20,""precision"":""single"",""prune_pcm"":true,""return_infobits"":true,""vn_update"":""sum""},""implementation"":{""bit_mapping"":""component_Gray_00_-3_01_-1_10_3_11_1_over_sqrt5;QPSK_0_plus1_1_minus1"",""cuda"":""12.8"",""decoder"":{""cn_schedule"":""flooding"",""cn_update"":""boxplus-phi"",""early_stop"":false,""hard_out"":true,""harq_mode"":false,""llr_max"":20.0,""num_iter"":20,""precision"":""single"",""prune_pcm"":true,""return_infobits"":true,""vn_update"":""sum""},""decoder_source_sha256"":""44d84b92b749e2970f94d92cd348a11648e2286b4d851faa0af8b21d08f0da23"",""encoder_source_sha256"":""34d8db6660b2e84708a8fb534f63c194f6f2b964e3693fcffc9dcaf21532ccfd"",""implementation"":""Sionna_5G_LDPC"",""power_protocol"":""fixed_constellation_average_Es2"",""precision"":""float32"",""rate_matching"":""Sionna RV0; filler removal, first2Z and tail puncturing; supported n only"",""scrambling"":""public_PCG64_SHA256_protocol_session_frame_group_counter_after_rate_matching_v1"",""torch"":""2.11.0+cu128"",""version"":""2.2.0""},""interleaver_sha256"":""35dfb084b3369499142520c936248c67b2a72a48427e7398952184e529d75232"",""k"":280,""k_filler"":80,""k_ldpc"":360,""layout_id"":""bfdcd404e37d1269717ced4f236e380db560ad496ca39c6303db19c1b237397f"",""modulation_padding_bits"":0,""mother_bits"":1872,""n"":844,""n_cb"":1800,""n_cb_comp"":1720,""power_protocol"":""fixed_constellation_average_Es2"",""puncturing_bits"":948,""puncturing_first_2Z"":72,""puncturing_remaining"":876,""repetition_bits"":0,""scrambling"":""public_PCG64_SHA256_protocol_session_frame_group_counter_after_rate_matching_v1"",""shortening_bits"":80,""z"":36}",[1024]
16QAM,1/3,16QAM:r1/3,b6b1dd75af7db40f79f40bd19202ee3b8371869037160f56a7881f8eeacbf32b,1008,16,0,1024,1040,16,5408,4212,1053,0,0.24311490978157646,0.23931623931623933,"{""actual_effective_rate"":0.24311490978157646,""bg"":""bg2"",""bit_mapping"":""component_Gray_00_-3_01_-1_10_3_11_1_over_sqrt5;QPSK_0_plus1_1_minus1"",""code_blocks"":1,""decoder_config"":{""cn_schedule"":""flooding"",""cn_update"":""boxplus-phi"",""early_stop"":false,""hard_out"":true,""harq_mode"":false,""llr_max"":20.0,""num_iter"":20,""precision"":""single"",""prune_pcm"":true,""return_infobits"":true,""vn_update"":""sum""},""implementation"":{""bit_mapping"":""component_Gray_00_-3_01_-1_10_3_11_1_over_sqrt5;QPSK_0_plus1_1_minus1"",""cuda"":""12.8"",""decoder"":{""cn_schedule"":""flooding"",""cn_update"":""boxplus-phi"",""early_stop"":false,""hard_out"":true,""harq_mode"":false,""llr_max"":20.0,""num_iter"":20,""precision"":""single"",""prune_pcm"":true,""return_infobits"":true,""vn_update"":""sum""},""decoder_source_sha256"":""44d84b92b749e2970f94d92cd348a11648e2286b4d851faa0af8b21d08f0da23"",""encoder_source_sha256"":""34d8db6660b2e84708a8fb534f63c194f6f2b964e3693fcffc9dcaf21532ccfd"",""implementation"":""Sionna_5G_LDPC"",""power_protocol"":""fixed_constellation_average_Es2"",""precision"":""float32"",""rate_matching"":""Sionna RV0; filler removal, first2Z and tail puncturing; supported n only"",""scrambling"":""public_PCG64_SHA256_protocol_session_frame_group_counter_after_rate_matching_v1"",""torch"":""2.11.0+cu128"",""version"":""2.2.0""},""interleaver_sha256"":""d21313810cbd704cfc65eb66ec4c3be3640edf71518c029ab158e80c309d3061"",""k"":1024,""k_filler"":16,""k_ldpc"":1040,""layout_id"":""5ca084c3bfa4dd0236835c63c4ba3c1a03a2f46f625a7210ebd73e6a7ff12950"",""modulation_padding_bits"":0,""mother_bits"":5408,""n"":4212,""n_cb"":5200,""n_cb_comp"":5184,""power_protocol"":""fixed_constellation_average_Es2"",""puncturing_bits"":1180,""puncturing_first_2Z"":208,""puncturing_remaining"":972,""repetition_bits"":0,""scrambling"":""public_PCG64_SHA256_protocol_session_frame_group_counter_after_rate_matching_v1"",""shortening_bits"":16,""z"":104}",[2048]
16QAM,2/3,16QAM:r2/3,b6c7feee1e8b7f7d36873cf82b8a28da8a21e157a74113da2bac69cfa902ebe4,2400,16,0,2416,2560,144,13312,6952,1738,0,0.3475258918296893,0.34522439585730724,"{""actual_effective_rate"":0.3475258918296893,""bg"":""bg2"",""bit_mapping"":""component_Gray_00_-3_01_-1_10_3_11_1_over_sqrt5;QPSK_0_plus1_1_minus1"",""code_blocks"":1,""decoder_config"":{""cn_schedule"":""flooding"",""cn_update"":""boxplus-phi"",""early_stop"":false,""hard_out"":true,""harq_mode"":false,""llr_max"":20.0,""num_iter"":20,""precision"":""single"",""prune_pcm"":true,""return_infobits"":true,""vn_update"":""sum""},""implementation"":{""bit_mapping"":""component_Gray_00_-3_01_-1_10_3_11_1_over_sqrt5;QPSK_0_plus1_1_minus1"",""cuda"":""12.8"",""decoder"":{""cn_schedule"":""flooding"",""cn_update"":""boxplus-phi"",""early_stop"":false,""hard_out"":true,""harq_mode"":false,""llr_max"":20.0,""num_iter"":20,""precision"":""single"",""prune_pcm"":true,""return_infobits"":true,""vn_update"":""sum""},""decoder_source_sha256"":""44d84b92b749e2970f94d92cd348a11648e2286b4d851faa0af8b21d08f0da23"",""encoder_source_sha256"":""34d8db6660b2e84708a8fb534f63c194f6f2b964e3693fcffc9dcaf21532ccfd"",""implementation"":""Sionna_5G_LDPC"",""power_protocol"":""fixed_constellation_average_Es2"",""precision"":""float32"",""rate_matching"":""Sionna RV0; filler removal, first2Z and tail puncturing; supported n only"",""scrambling"":""public_PCG64_SHA256_protocol_session_frame_group_counter_after_rate_matching_v1"",""torch"":""2.11.0+cu128"",""version"":""2.2.0""},""interleaver_sha256"":""e7115a685b1028af580a1dfb52b26d48d403e103cf430ae52668cd3e97fd1c70"",""k"":2416,""k_filler"":144,""k_ldpc"":2560,""layout_id"":""7c71697d2773855003555e741e4dec7737fe7effce6d0e1de979a3cfa7da2588"",""modulation_padding_bits"":0,""mother_bits"":13312,""n"":6952,""n_cb"":12800,""n_cb_comp"":12656,""power_protocol"":""fixed_constellation_average_Es2"",""puncturing_bits"":6216,""puncturing_first_2Z"":512,""puncturing_remaining"":5704,""repetition_bits"":0,""scrambling"":""public_PCG64_SHA256_protocol_session_frame_group_counter_after_rate_matching_v1"",""shortening_bits"":144,""z"":256}",[2048]
QPSK,2/3,QPSK:r2/3,b6c93a1e29e725c092383f10f0348fe9b898c4e525917ea6bb412359e554b9c8,432,16,0,448,560,112,2912,762,381,0,0.5879265091863517,0.5669291338582677,"{""actual_effective_rate"":0.5879265091863517,""bg"":""bg2"",""bit_mapping"":""component_Gray_00_-3_01_-1_10_3_11_1_over_sqrt5;QPSK_0_plus1_1_minus1"",""code_blocks"":1,""decoder_config"":{""cn_schedule"":""flooding"",""cn_update"":""boxplus-phi"",""early_stop"":false,""hard_out"":true,""harq_mode"":false,""llr_max"":20.0,""num_iter"":20,""precision"":""single"",""prune_pcm"":true,""return_infobits"":true,""vn_update"":""sum""},""implementation"":{""bit_mapping"":""component_Gray_00_-3_01_-1_10_3_11_1_over_sqrt5;QPSK_0_plus1_1_minus1"",""cuda"":""12.8"",""decoder"":{""cn_schedule"":""flooding"",""cn_update"":""boxplus-phi"",""early_stop"":false,""hard_out"":true,""harq_mode"":false,""llr_max"":20.0,""num_iter"":20,""precision"":""single"",""prune_pcm"":true,""return_infobits"":true,""vn_update"":""sum""},""decoder_source_sha256"":""44d84b92b749e2970f94d92cd348a11648e2286b4d851faa0af8b21d08f0da23"",""encoder_source_sha256"":""34d8db6660b2e84708a8fb534f63c194f6f2b964e3693fcffc9dcaf21532ccfd"",""implementation"":""Sionna_5G_LDPC"",""power_protocol"":""fixed_constellation_average_Es2"",""precision"":""float32"",""rate_matching"":""Sionna RV0; filler removal, first2Z and tail puncturing; supported n only"",""scrambling"":""public_PCG64_SHA256_protocol_session_frame_group_counter_after_rate_matching_v1"",""torch"":""2.11.0+cu128"",""version"":""2.2.0""},""interleaver_sha256"":""3e0d6d26eeeeaf5e51ed4d9c589cd12c3cac82b65840a35feb1bbdebf1e9cfbd"",""k"":448,""k_filler"":112,""k_ldpc"":560,""layout_id"":""879dda4778cc61eeaa158e5efde8cc96bb2362288830a5e89c1e49bc3bb2a4a4"",""modulation_padding_bits"":0,""mother_bits"":2912,""n"":762,""n_cb"":2800,""n_cb_comp"":2688,""power_protocol"":""fixed_constellation_average_Es2"",""puncturing_bits"":2038,""puncturing_first_2Z"":112,""puncturing_remaining"":1926,""repetition_bits"":0,""scrambling"":""public_PCG64_SHA256_protocol_session_frame_group_counter_after_rate_matching_v1"",""shortening_bits"":112,""z"":56}",[1024]
16QAM,1/3,16QAM:r1/3,b6db4f65015270e98c53149e1d9d31f51d6f97b08ad32271cd969ddaa56d68f4,660,16,0,676,720,44,3744,3056,764,0,0.2212041884816754,0.21596858638743455,"{""actual_effective_rate"":0.2212041884816754,""bg"":""bg2"",""bit_mapping"":""component_Gray_00_-3_01_-1_10_3_11_1_over_sqrt5;QPSK_0_plus1_1_minus1"",""code_blocks"":1,""decoder_config"":{""cn_schedule"":""flooding"",""cn_update"":""boxplus-phi"",""early_stop"":false,""hard_out"":true,""harq_mode"":false,""llr_max"":20.0,""num_iter"":20,""precision"":""single"",""prune_pcm"":true,""return_infobits"":true,""vn_update"":""sum""},""implementation"":{""bit_mapping"":""component_Gray_00_-3_01_-1_10_3_11_1_over_sqrt5;QPSK_0_plus1_1_minus1"",""cuda"":""12.8"",""decoder"":{""cn_schedule"":""flooding"",""cn_update"":""boxplus-phi"",""early_stop"":false,""hard_out"":true,""harq_mode"":false,""llr_max"":20.0,""num_iter"":20,""precision"":""single"",""prune_pcm"":true,""return_infobits"":true,""vn_update"":""sum""},""decoder_source_sha256"":""44d84b92b749e2970f94d92cd348a11648e2286b4d851faa0af8b21d08f0da23"",""encoder_source_sha256"":""34d8db6660b2e84708a8fb534f63c194f6f2b964e3693fcffc9dcaf21532ccfd"",""implementation"":""Sionna_5G_LDPC"",""power_protocol"":""fixed_constellation_average_Es2"",""precision"":""float32"",""rate_matching"":""Sionna RV0; filler removal, first2Z and tail puncturing; supported n only"",""scrambling"":""public_PCG64_SHA256_protocol_session_frame_group_counter_after_rate_matching_v1"",""torch"":""2.11.0+cu128"",""version"":""2.2.0""},""interleaver_sha256"":""a5edf1c91bf1e47eadd63877eb82668f27ff68920c8f94da85051c6484493194"",""k"":676,""k_filler"":44,""k_ldpc"":720,""layout_id"":""89ff9997080dea9bbf3ffb18ab64bbadc0517acd36472e9481e102ad5985f27e"",""modulation_padding_bits"":0,""mother_bits"":3744,""n"":3056,""n_cb"":3600,""n_cb_comp"":3556,""power_protocol"":""fixed_constellation_average_Es2"",""puncturing_bits"":644,""puncturing_first_2Z"":144,""puncturing_remaining"":500,""repetition_bits"":0,""scrambling"":""public_PCG64_SHA256_protocol_session_frame_group_counter_after_rate_matching_v1"",""shortening_bits"":44,""z"":72}",[1024]
16QAM,3/4,16QAM:r3/4,b6e84ecb99eafc81fc490f55cadeabf834826c850bf3fa63860c4efaec63bd5c,4428,16,0,4444,4576,132,14144,6760,1690,0,0.657396449704142,0.6550295857988165,"{""actual_effective_rate"":0.657396449704142,""bg"":""bg1"",""bit_mapping"":""component_Gray_00_-3_01_-1_10_3_11_1_over_sqrt5;QPSK_0_plus1_1_minus1"",""code_blocks"":1,""decoder_config"":{""cn_schedule"":""flooding"",""cn_update"":""boxplus-phi"",""early_stop"":false,""hard_out"":true,""harq_mode"":false,""llr_max"":20.0,""num_iter"":20,""precision"":""single"",""prune_pcm"":true,""return_infobits"":true,""vn_update"":""sum""},""implementation"":{""bit_mapping"":""component_Gray_00_-3_01_-1_10_3_11_1_over_sqrt5;QPSK_0_plus1_1_minus1"",""cuda"":""12.8"",""decoder"":{""cn_schedule"":""flooding"",""cn_update"":""boxplus-phi"",""early_stop"":false,""hard_out"":true,""harq_mode"":false,""llr_max"":20.0,""num_iter"":20,""precision"":""single"",""prune_pcm"":true,""return_infobits"":true,""vn_update"":""sum""},""decoder_source_sha256"":""44d84b92b749e2970f94d92cd348a11648e2286b4d851faa0af8b21d08f0da23"",""encoder_source_sha256"":""34d8db6660b2e84708a8fb534f63c194f6f2b964e3693fcffc9dcaf21532ccfd"",""implementation"":""Sionna_5G_LDPC"",""power_protocol"":""fixed_constellation_average_Es2"",""precision"":""float32"",""rate_matching"":""Sionna RV0; filler removal, first2Z and tail puncturing; supported n only"",""scrambling"":""public_PCG64_SHA256_protocol_session_frame_group_counter_after_rate_matching_v1"",""torch"":""2.11.0+cu128"",""version"":""2.2.0""},""interleaver_sha256"":""49ca38f196145ee33d09653766dfe75df1caae1b6ec51587cb3f101b5ed534b9"",""k"":4444,""k_filler"":132,""k_ldpc"":4576,""layout_id"":""4c86841e5c925d878c2c556923a4c1e9ee2263b55f8137e7e3521035d83f43df"",""modulation_padding_bits"":0,""mother_bits"":14144,""n"":6760,""n_cb"":13728,""n_cb_comp"":13596,""power_protocol"":""fixed_constellation_average_Es2"",""puncturing_bits"":7252,""puncturing_first_2Z"":416,""puncturing_remaining"":6836,""repetition_bits"":0,""scrambling"":""public_PCG64_SHA256_protocol_session_frame_group_counter_after_rate_matching_v1"",""shortening_bits"":132,""z"":208}",[2048]
16QAM,2/3,16QAM:r2/3,b6ecaf4f846869b7219cfcacca79f9de7793e230b91a0cc422c43f22463c0cf6,1524,16,0,1540,1600,60,8320,2312,578,0,0.6660899653979239,0.6591695501730104,"{""actual_effective_rate"":0.6660899653979239,""bg"":""bg2"",""bit_mapping"":""component_Gray_00_-3_01_-1_10_3_11_1_over_sqrt5;QPSK_0_plus1_1_minus1"",""code_blocks"":1,""decoder_config"":{""cn_schedule"":""flooding"",""cn_update"":""boxplus-phi"",""early_stop"":false,""hard_out"":true,""harq_mode"":false,""llr_max"":20.0,""num_iter"":20,""precision"":""single"",""prune_pcm"":true,""return_infobits"":true,""vn_update"":""sum""},""implementation"":{""bit_mapping"":""component_Gray_00_-3_01_-1_10_3_11_1_over_sqrt5;QPSK_0_plus1_1_minus1"",""cuda"":""12.8"",""decoder"":{""cn_schedule"":""flooding"",""cn_update"":""boxplus-phi"",""early_stop"":false,""hard_out"":true,""harq_mode"":false,""llr_max"":20.0,""num_iter"":20,""precision"":""single"",""prune_pcm"":true,""return_infobits"":true,""vn_update"":""sum""},""decoder_source_sha256"":""44d84b92b749e2970f94d92cd348a11648e2286b4d851faa0af8b21d08f0da23"",""encoder_source_sha256"":""34d8db6660b2e84708a8fb534f63c194f6f2b964e3693fcffc9dcaf21532ccfd"",""implementation"":""Sionna_5G_LDPC"",""power_protocol"":""fixed_constellation_average_Es2"",""precision"":""float32"",""rate_matching"":""Sionna RV0; filler removal, first2Z and tail puncturing; supported n only"",""scrambling"":""public_PCG64_SHA256_protocol_session_frame_group_counter_after_rate_matching_v1"",""torch"":""2.11.0+cu128"",""version"":""2.2.0""},""interleaver_sha256"":""ff5d7105b4b07c0287d2b4f99ef592e0c150c2effc1ccef8a8b722cc6572b00b"",""k"":1540,""k_filler"":60,""k_ldpc"":1600,""layout_id"":""65f2200c90f6d940d1e8ae576fb93dbc7b5678b4ca042f53a0fb320f47130ca6"",""modulation_padding_bits"":0,""mother_bits"":8320,""n"":2312,""n_cb"":8000,""n_cb_comp"":7940,""power_protocol"":""fixed_constellation_average_Es2"",""puncturing_bits"":5948,""puncturing_first_2Z"":320,""puncturing_remaining"":5628,""repetition_bits"":0,""scrambling"":""public_PCG64_SHA256_protocol_session_frame_group_counter_after_rate_matching_v1"",""shortening_bits"":60,""z"":160}",[1024]
QPSK,1/3,QPSK:r1/3,b719bdbbd27d1d9b33fab484ad4f54ac148b1d0e022815615165e959edc9d7a3,516,16,0,532,720,188,3744,1674,837,0,0.31780167264038234,0.30824372759856633,"{""actual_effective_rate"":0.31780167264038234,""bg"":""bg2"",""bit_mapping"":""component_Gray_00_-3_01_-1_10_3_11_1_over_sqrt5;QPSK_0_plus1_1_minus1"",""code_blocks"":1,""decoder_config"":{""cn_schedule"":""flooding"",""cn_update"":""boxplus-phi"",""early_stop"":false,""hard_out"":true,""harq_mode"":false,""llr_max"":20.0,""num_iter"":20,""precision"":""single"",""prune_pcm"":true,""return_infobits"":true,""vn_update"":""sum""},""implementation"":{""bit_mapping"":""component_Gray_00_-3_01_-1_10_3_11_1_over_sqrt5;QPSK_0_plus1_1_minus1"",""cuda"":""12.8"",""decoder"":{""cn_schedule"":""flooding"",""cn_update"":""boxplus-phi"",""early_stop"":false,""hard_out"":true,""harq_mode"":false,""llr_max"":20.0,""num_iter"":20,""precision"":""single"",""prune_pcm"":true,""return_infobits"":true,""vn_update"":""sum""},""decoder_source_sha256"":""44d84b92b749e2970f94d92cd348a11648e2286b4d851faa0af8b21d08f0da23"",""encoder_source_sha256"":""34d8db6660b2e84708a8fb534f63c194f6f2b964e3693fcffc9dcaf21532ccfd"",""implementation"":""Sionna_5G_LDPC"",""power_protocol"":""fixed_constellation_average_Es2"",""precision"":""float32"",""rate_matching"":""Sionna RV0; filler removal, first2Z and tail puncturing; supported n only"",""scrambling"":""public_PCG64_SHA256_protocol_session_frame_group_counter_after_rate_matching_v1"",""torch"":""2.11.0+cu128"",""version"":""2.2.0""},""interleaver_sha256"":""de3efa0ef0ffc6bfbc2137f416c72172327ae90bebe78ee6ef98f5360c12857f"",""k"":532,""k_filler"":188,""k_ldpc"":720,""layout_id"":""f16a01bc28415c71d46ede919b7050993eb305f8293c1aa5231f31499d601dac"",""modulation_padding_bits"":0,""mother_bits"":3744,""n"":1674,""n_cb"":3600,""n_cb_comp"":3412,""power_protocol"":""fixed_constellation_average_Es2"",""puncturing_bits"":1882,""puncturing_first_2Z"":144,""puncturing_remaining"":1738,""repetition_bits"":0,""scrambling"":""public_PCG64_SHA256_protocol_session_frame_group_counter_after_rate_matching_v1"",""shortening_bits"":188,""z"":72}",[1024]
16QAM,5/6,16QAM:r5/6,b732e5a1cc5bcd7c60e10c8e5c9a0213aa1af171036a31b147ab61e74a4a6fa5,4764,16,0,4780,4928,148,15232,6424,1606,0,0.7440846824408468,0.7415940224159402,"{""actual_effective_rate"":0.7440846824408468,""bg"":""bg1"",""bit_mapping"":""component_Gray_00_-3_01_-1_10_3_11_1_over_sqrt5;QPSK_0_plus1_1_minus1"",""code_blocks"":1,""decoder_config"":{""cn_schedule"":""flooding"",""cn_update"":""boxplus-phi"",""early_stop"":false,""hard_out"":true,""harq_mode"":false,""llr_max"":20.0,""num_iter"":20,""precision"":""single"",""prune_pcm"":true,""return_infobits"":true,""vn_update"":""sum""},""implementation"":{""bit_mapping"":""component_Gray_00_-3_01_-1_10_3_11_1_over_sqrt5;QPSK_0_plus1_1_minus1"",""cuda"":""12.8"",""decoder"":{""cn_schedule"":""flooding"",""cn_update"":""boxplus-phi"",""early_stop"":false,""hard_out"":true,""harq_mode"":false,""llr_max"":20.0,""num_iter"":20,""precision"":""single"",""prune_pcm"":true,""return_infobits"":true,""vn_update"":""sum""},""decoder_source_sha256"":""44d84b92b749e2970f94d92cd348a11648e2286b4d851faa0af8b21d08f0da23"",""encoder_source_sha256"":""34d8db6660b2e84708a8fb534f63c194f6f2b964e3693fcffc9dcaf21532ccfd"",""implementation"":""Sionna_5G_LDPC"",""power_protocol"":""fixed_constellation_average_Es2"",""precision"":""float32"",""rate_matching"":""Sionna RV0; filler removal, first2Z and tail puncturing; supported n only"",""scrambling"":""public_PCG64_SHA256_protocol_session_frame_group_counter_after_rate_matching_v1"",""torch"":""2.11.0+cu128"",""version"":""2.2.0""},""interleaver_sha256"":""07015b18ada5e1c3692e5106e1b9d9746d086ba95e38cbcee3a36f267b590dfd"",""k"":4780,""k_filler"":148,""k_ldpc"":4928,""layout_id"":""c402661dd7ae1eba887068a08de350466ba54e0f80e54760452bc26aec4f81bb"",""modulation_padding_bits"":0,""mother_bits"":15232,""n"":6424,""n_cb"":14784,""n_cb_comp"":14636,""power_protocol"":""fixed_constellation_average_Es2"",""puncturing_bits"":8660,""puncturing_first_2Z"":448,""puncturing_remaining"":8212,""repetition_bits"":0,""scrambling"":""public_PCG64_SHA256_protocol_session_frame_group_counter_after_rate_matching_v1"",""shortening_bits"":148,""z"":224}",[2048]
QPSK,3/4,QPSK:r3/4,b734c7d20f5f3208f8ca97f25a2dc2fe63c057fdec1a7b8d5ae9b320c0254372,660,16,0,676,720,44,3744,1676,838,0,0.4033412887828162,0.3937947494033413,"{""actual_effective_rate"":0.4033412887828162,""bg"":""bg2"",""bit_mapping"":""component_Gray_00_-3_01_-1_10_3_11_1_over_sqrt5;QPSK_0_plus1_1_minus1"",""code_blocks"":1,""decoder_config"":{""cn_schedule"":""flooding"",""cn_update"":""boxplus-phi"",""early_stop"":false,""hard_out"":true,""harq_mode"":false,""llr_max"":20.0,""num_iter"":20,""precision"":""single"",""prune_pcm"":true,""return_infobits"":true,""vn_update"":""sum""},""implementation"":{""bit_mapping"":""component_Gray_00_-3_01_-1_10_3_11_1_over_sqrt5;QPSK_0_plus1_1_minus1"",""cuda"":""12.8"",""decoder"":{""cn_schedule"":""flooding"",""cn_update"":""boxplus-phi"",""early_stop"":false,""hard_out"":true,""harq_mode"":false,""llr_max"":20.0,""num_iter"":20,""precision"":""single"",""prune_pcm"":true,""return_infobits"":true,""vn_update"":""sum""},""decoder_source_sha256"":""44d84b92b749e2970f94d92cd348a11648e2286b4d851faa0af8b21d08f0da23"",""encoder_source_sha256"":""34d8db6660b2e84708a8fb534f63c194f6f2b964e3693fcffc9dcaf21532ccfd"",""implementation"":""Sionna_5G_LDPC"",""power_protocol"":""fixed_constellation_average_Es2"",""precision"":""float32"",""rate_matching"":""Sionna RV0; filler removal, first2Z and tail puncturing; supported n only"",""scrambling"":""public_PCG64_SHA256_protocol_session_frame_group_counter_after_rate_matching_v1"",""torch"":""2.11.0+cu128"",""version"":""2.2.0""},""interleaver_sha256"":""92617a2181dafdf9f9b0f90897a1077df4ab5d242abbb209bad7e807c2442494"",""k"":676,""k_filler"":44,""k_ldpc"":720,""layout_id"":""9fbf4ee5ad524e3316e16193a339d970e940c57d2c44a901eb2ffd7d12e14501"",""modulation_padding_bits"":0,""mother_bits"":3744,""n"":1676,""n_cb"":3600,""n_cb_comp"":3556,""power_protocol"":""fixed_constellation_average_Es2"",""puncturing_bits"":2024,""puncturing_first_2Z"":144,""puncturing_remaining"":1880,""repetition_bits"":0,""scrambling"":""public_PCG64_SHA256_protocol_session_frame_group_counter_after_rate_matching_v1"",""shortening_bits"":44,""z"":72}",[2048]
QPSK,1/3,QPSK:r1/3,b735ff2789a95fa973464aa86f54742fb3f0f9df3b1baefb86b8695b0e093684,444,16,0,460,600,140,3120,1380,690,0,0.3333333333333333,0.3217391304347826,"{""actual_effective_rate"":0.3333333333333333,""bg"":""bg2"",""bit_mapping"":""component_Gray_00_-3_01_-1_10_3_11_1_over_sqrt5;QPSK_0_plus1_1_minus1"",""code_blocks"":1,""decoder_config"":{""cn_schedule"":""flooding"",""cn_update"":""boxplus-phi"",""early_stop"":false,""hard_out"":true,""harq_mode"":false,""llr_max"":20.0,""num_iter"":20,""precision"":""single"",""prune_pcm"":true,""return_infobits"":true,""vn_update"":""sum""},""implementation"":{""bit_mapping"":""component_Gray_00_-3_01_-1_10_3_11_1_over_sqrt5;QPSK_0_plus1_1_minus1"",""cuda"":""12.8"",""decoder"":{""cn_schedule"":""flooding"",""cn_update"":""boxplus-phi"",""early_stop"":false,""hard_out"":true,""harq_mode"":false,""llr_max"":20.0,""num_iter"":20,""precision"":""single"",""prune_pcm"":true,""return_infobits"":true,""vn_update"":""sum""},""decoder_source_sha256"":""44d84b92b749e2970f94d92cd348a11648e2286b4d851faa0af8b21d08f0da23"",""encoder_source_sha256"":""34d8db6660b2e84708a8fb534f63c194f6f2b964e3693fcffc9dcaf21532ccfd"",""implementation"":""Sionna_5G_LDPC"",""power_protocol"":""fixed_constellation_average_Es2"",""precision"":""float32"",""rate_matching"":""Sionna RV0; filler removal, first2Z and tail puncturing; supported n only"",""scrambling"":""public_PCG64_SHA256_protocol_session_frame_group_counter_after_rate_matching_v1"",""torch"":""2.11.0+cu128"",""version"":""2.2.0""},""interleaver_sha256"":""d2ce203968e98622f20c74a2d1d37421c00bc17548322970c52d38b9b2ea0448"",""k"":460,""k_filler"":140,""k_ldpc"":600,""layout_id"":""60e703428b67e47818e5de06d46f169191dd8330365ab186c80107d20741bf25"",""modulation_padding_bits"":0,""mother_bits"":3120,""n"":1380,""n_cb"":3000,""n_cb_comp"":2860,""power_protocol"":""fixed_constellation_average_Es2"",""puncturing_bits"":1600,""puncturing_first_2Z"":120,""puncturing_remaining"":1480,""repetition_bits"":0,""scrambling"":""public_PCG64_SHA256_protocol_session_frame_group_counter_after_rate_matching_v1"",""shortening_bits"":140,""z"":60}",[1024]
16QAM,2/3,16QAM:r2/3,b7404b329e6166d1dfd2ae2c14369cabf739011288833694de88b22c6c0d9390,1500,16,0,1516,1600,84,8320,5836,1459,0,0.25976696367374913,0.2570253598355038,"{""actual_effective_rate"":0.25976696367374913,""bg"":""bg2"",""bit_mapping"":""component_Gray_00_-3_01_-1_10_3_11_1_over_sqrt5;QPSK_0_plus1_1_minus1"",""code_blocks"":1,""decoder_config"":{""cn_schedule"":""flooding"",""cn_update"":""boxplus-phi"",""early_stop"":false,""hard_out"":true,""harq_mode"":false,""llr_max"":20.0,""num_iter"":20,""precision"":""single"",""prune_pcm"":true,""return_infobits"":true,""vn_update"":""sum""},""implementation"":{""bit_mapping"":""component_Gray_00_-3_01_-1_10_3_11_1_over_sqrt5;QPSK_0_plus1_1_minus1"",""cuda"":""12.8"",""decoder"":{""cn_schedule"":""flooding"",""cn_update"":""boxplus-phi"",""early_stop"":false,""hard_out"":true,""harq_mode"":false,""llr_max"":20.0,""num_iter"":20,""precision"":""single"",""prune_pcm"":true,""return_infobits"":true,""vn_update"":""sum""},""decoder_source_sha256"":""44d84b92b749e2970f94d92cd348a11648e2286b4d851faa0af8b21d08f0da23"",""encoder_source_sha256"":""34d8db6660b2e84708a8fb534f63c194f6f2b964e3693fcffc9dcaf21532ccfd"",""implementation"":""Sionna_5G_LDPC"",""power_protocol"":""fixed_constellation_average_Es2"",""precision"":""float32"",""rate_matching"":""Sionna RV0; filler removal, first2Z and tail puncturing; supported n only"",""scrambling"":""public_PCG64_SHA256_protocol_session_frame_group_counter_after_rate_matching_v1"",""torch"":""2.11.0+cu128"",""version"":""2.2.0""},""interleaver_sha256"":""5c6c66e34acf39a52c6e6112b6aa2e64a1afa6417c230a96ea0dcd8f91d46ba7"",""k"":1516,""k_filler"":84,""k_ldpc"":1600,""layout_id"":""6364c46c6029fa237cc335f5bd85e4779a10576ffc86c10a315809d07affbba0"",""modulation_padding_bits"":0,""mother_bits"":8320,""n"":5836,""n_cb"":8000,""n_cb_comp"":7916,""power_protocol"":""fixed_constellation_average_Es2"",""puncturing_bits"":2400,""puncturing_first_2Z"":320,""puncturing_remaining"":2080,""repetition_bits"":0,""scrambling"":""public_PCG64_SHA256_protocol_session_frame_group_counter_after_rate_matching_v1"",""shortening_bits"":84,""z"":160}",[2048]
QPSK,2/3,QPSK:r2/3,b74bbc22ca10b28a0d83742c6bb063b14d911bc63ae2dec8140505a4df26b5f7,2160,16,0,2176,2240,64,11648,3960,1980,0,0.5494949494949495,0.5454545454545454,"{""actual_effective_rate"":0.5494949494949495,""bg"":""bg2"",""bit_mapping"":""component_Gray_00_-3_01_-1_10_3_11_1_over_sqrt5;QPSK_0_plus1_1_minus1"",""code_blocks"":1,""decoder_config"":{""cn_schedule"":""flooding"",""cn_update"":""boxplus-phi"",""early_stop"":false,""hard_out"":true,""harq_mode"":false,""llr_max"":20.0,""num_iter"":20,""precision"":""single"",""prune_pcm"":true,""return_infobits"":true,""vn_update"":""sum""},""implementation"":{""bit_mapping"":""component_Gray_00_-3_01_-1_10_3_11_1_over_sqrt5;QPSK_0_plus1_1_minus1"",""cuda"":""12.8"",""decoder"":{""cn_schedule"":""flooding"",""cn_update"":""boxplus-phi"",""early_stop"":false,""hard_out"":true,""harq_mode"":false,""llr_max"":20.0,""num_iter"":20,""precision"":""single"",""prune_pcm"":true,""return_infobits"":true,""vn_update"":""sum""},""decoder_source_sha256"":""44d84b92b749e2970f94d92cd348a11648e2286b4d851faa0af8b21d08f0da23"",""encoder_source_sha256"":""34d8db6660b2e84708a8fb534f63c194f6f2b964e3693fcffc9dcaf21532ccfd"",""implementation"":""Sionna_5G_LDPC"",""power_protocol"":""fixed_constellation_average_Es2"",""precision"":""float32"",""rate_matching"":""Sionna RV0; filler removal, first2Z and tail puncturing; supported n only"",""scrambling"":""public_PCG64_SHA256_protocol_session_frame_group_counter_after_rate_matching_v1"",""torch"":""2.11.0+cu128"",""version"":""2.2.0""},""interleaver_sha256"":""e945ff01d0dea21cecfeae3f08a5f14826ff52fa3f299c81057d8b54d766f72d"",""k"":2176,""k_filler"":64,""k_ldpc"":2240,""layout_id"":""edd6dbc9655cba865623a87b7b5051cdc4766d3c29a798e190a586e8e819808b"",""modulation_padding_bits"":0,""mother_bits"":11648,""n"":3960,""n_cb"":11200,""n_cb_comp"":11136,""power_protocol"":""fixed_constellation_average_Es2"",""puncturing_bits"":7624,""puncturing_first_2Z"":448,""puncturing_remaining"":7176,""repetition_bits"":0,""scrambling"":""public_PCG64_SHA256_protocol_session_frame_group_counter_after_rate_matching_v1"",""shortening_bits"":64,""z"":224}",[2048]
16QAM,2/3,16QAM:r2/3,b754ac32cd713ef66c3911b13c08e24ec2ea15d826a3ac7f253c27f100b39aef,360,16,0,376,480,104,2496,656,164,0,0.573170731707317,0.5487804878048781,"{""actual_effective_rate"":0.573170731707317,""bg"":""bg2"",""bit_mapping"":""component_Gray_00_-3_01_-1_10_3_11_1_over_sqrt5;QPSK_0_plus1_1_minus1"",""code_blocks"":1,""decoder_config"":{""cn_schedule"":""flooding"",""cn_update"":""boxplus-phi"",""early_stop"":false,""hard_out"":true,""harq_mode"":false,""llr_max"":20.0,""num_iter"":20,""precision"":""single"",""prune_pcm"":true,""return_infobits"":true,""vn_update"":""sum""},""implementation"":{""bit_mapping"":""component_Gray_00_-3_01_-1_10_3_11_1_over_sqrt5;QPSK_0_plus1_1_minus1"",""cuda"":""12.8"",""decoder"":{""cn_schedule"":""flooding"",""cn_update"":""boxplus-phi"",""early_stop"":false,""hard_out"":true,""harq_mode"":false,""llr_max"":20.0,""num_iter"":20,""precision"":""single"",""prune_pcm"":true,""return_infobits"":true,""vn_update"":""sum""},""decoder_source_sha256"":""44d84b92b749e2970f94d92cd348a11648e2286b4d851faa0af8b21d08f0da23"",""encoder_source_sha256"":""34d8db6660b2e84708a8fb534f63c194f6f2b964e3693fcffc9dcaf21532ccfd"",""implementation"":""Sionna_5G_LDPC"",""power_protocol"":""fixed_constellation_average_Es2"",""precision"":""float32"",""rate_matching"":""Sionna RV0; filler removal, first2Z and tail puncturing; supported n only"",""scrambling"":""public_PCG64_SHA256_protocol_session_frame_group_counter_after_rate_matching_v1"",""torch"":""2.11.0+cu128"",""version"":""2.2.0""},""interleaver_sha256"":""93369826fccf21a3bf30cdaa484221884ef39640fa3781ee37decced94f412ad"",""k"":376,""k_filler"":104,""k_ldpc"":480,""layout_id"":""eaeb6afcadc74d6de98e68ba6841709e82fbc39ab9a4eb7fa892253666688946"",""modulation_padding_bits"":0,""mother_bits"":2496,""n"":656,""n_cb"":2400,""n_cb_comp"":2296,""power_protocol"":""fixed_constellation_average_Es2"",""puncturing_bits"":1736,""puncturing_first_2Z"":96,""puncturing_remaining"":1640,""repetition_bits"":0,""scrambling"":""public_PCG64_SHA256_protocol_session_frame_group_counter_after_rate_matching_v1"",""shortening_bits"":104,""z"":48}","[1024,2048]"
16QAM,5/6,16QAM:r5/6,b7591be973eb586bb5e0798491b801114d0f0700d79be83fb05b9517a8ce572b,1500,16,0,1516,1600,84,8320,4336,1084,0,0.3496309963099631,0.3459409594095941,"{""actual_effective_rate"":0.3496309963099631,""bg"":""bg2"",""bit_mapping"":""component_Gray_00_-3_01_-1_10_3_11_1_over_sqrt5;QPSK_0_plus1_1_minus1"",""code_blocks"":1,""decoder_config"":{""cn_schedule"":""flooding"",""cn_update"":""boxplus-phi"",""early_stop"":false,""hard_out"":true,""harq_mode"":false,""llr_max"":20.0,""num_iter"":20,""precision"":""single"",""prune_pcm"":true,""return_infobits"":true,""vn_update"":""sum""},""implementation"":{""bit_mapping"":""component_Gray_00_-3_01_-1_10_3_11_1_over_sqrt5;QPSK_0_plus1_1_minus1"",""cuda"":""12.8"",""decoder"":{""cn_schedule"":""flooding"",""cn_update"":""boxplus-phi"",""early_stop"":false,""hard_out"":true,""harq_mode"":false,""llr_max"":20.0,""num_iter"":20,""precision"":""single"",""prune_pcm"":true,""return_infobits"":true,""vn_update"":""sum""},""decoder_source_sha256"":""44d84b92b749e2970f94d92cd348a11648e2286b4d851faa0af8b21d08f0da23"",""encoder_source_sha256"":""34d8db6660b2e84708a8fb534f63c194f6f2b964e3693fcffc9dcaf21532ccfd"",""implementation"":""Sionna_5G_LDPC"",""power_protocol"":""fixed_constellation_average_Es2"",""precision"":""float32"",""rate_matching"":""Sionna RV0; filler removal, first2Z and tail puncturing; supported n only"",""scrambling"":""public_PCG64_SHA256_protocol_session_frame_group_counter_after_rate_matching_v1"",""torch"":""2.11.0+cu128"",""version"":""2.2.0""},""interleaver_sha256"":""3fd00e1112f915b68e6fcd45cd47e0c75faab563fe82a49aa56cfd7a222e2b0e"",""k"":1516,""k_filler"":84,""k_ldpc"":1600,""layout_id"":""c5d074938ec84bb60117ffb3a6f30da9f80bbd68cd0e1f46bd771f9a6366924c"",""modulation_padding_bits"":0,""mother_bits"":8320,""n"":4336,""n_cb"":8000,""n_cb_comp"":7916,""power_protocol"":""fixed_constellation_average_Es2"",""puncturing_bits"":3900,""puncturing_first_2Z"":320,""puncturing_remaining"":3580,""repetition_bits"":0,""scrambling"":""public_PCG64_SHA256_protocol_session_frame_group_counter_after_rate_matching_v1"",""shortening_bits"":84,""z"":160}",[2048]
QPSK,5/6,QPSK:r5/6,b75d8b2d1a4d852ef83d489c237028975695b311c1dff9d32891261c6924ea29,1356,16,0,1372,1408,36,4352,1658,829,0,0.827503015681544,0.8178528347406514,"{""actual_effective_rate"":0.827503015681544,""bg"":""bg1"",""bit_mapping"":""component_Gray_00_-3_01_-1_10_3_11_1_over_sqrt5;QPSK_0_plus1_1_minus1"",""code_blocks"":1,""decoder_config"":{""cn_schedule"":""flooding"",""cn_update"":""boxplus-phi"",""early_stop"":false,""hard_out"":true,""harq_mode"":false,""llr_max"":20.0,""num_iter"":20,""precision"":""single"",""prune_pcm"":true,""return_infobits"":true,""vn_update"":""sum""},""implementation"":{""bit_mapping"":""component_Gray_00_-3_01_-1_10_3_11_1_over_sqrt5;QPSK_0_plus1_1_minus1"",""cuda"":""12.8"",""decoder"":{""cn_schedule"":""flooding"",""cn_update"":""boxplus-phi"",""early_stop"":false,""hard_out"":true,""harq_mode"":false,""llr_max"":20.0,""num_iter"":20,""precision"":""single"",""prune_pcm"":true,""return_infobits"":true,""vn_update"":""sum""},""decoder_source_sha256"":""44d84b92b749e2970f94d92cd348a11648e2286b4d851faa0af8b21d08f0da23"",""encoder_source_sha256"":""34d8db6660b2e84708a8fb534f63c194f6f2b964e3693fcffc9dcaf21532ccfd"",""implementation"":""Sionna_5G_LDPC"",""power_protocol"":""fixed_constellation_average_Es2"",""precision"":""float32"",""rate_matching"":""Sionna RV0; filler removal, first2Z and tail puncturing; supported n only"",""scrambling"":""public_PCG64_SHA256_protocol_session_frame_group_counter_after_rate_matching_v1"",""torch"":""2.11.0+cu128"",""version"":""2.2.0""},""interleaver_sha256"":""1576089efa45163c72e0a87bbafdf5b191f101a245c5fc9b8f422961c0ed7d14"",""k"":1372,""k_filler"":36,""k_ldpc"":1408,""layout_id"":""a780d53a7fb15acc7a7b59a55d2784bf344257b185414e3982e7e05dc5489e46"",""modulation_padding_bits"":0,""mother_bits"":4352,""n"":1658,""n_cb"":4224,""n_cb_comp"":4188,""power_protocol"":""fixed_constellation_average_Es2"",""puncturing_bits"":2658,""puncturing_first_2Z"":128,""puncturing_remaining"":2530,""repetition_bits"":0,""scrambling"":""public_PCG64_SHA256_protocol_session_frame_group_counter_after_rate_matching_v1"",""shortening_bits"":36,""z"":64}",[1024]
16QAM,5/6,16QAM:r5/6,b76288af904f3c29ab0b9b8e0c2cfd8d0c8d18e5f8038fa083491671c3737ab6,900,16,0,916,968,52,2992,1252,313,0,0.731629392971246,0.7188498402555911,"{""actual_effective_rate"":0.731629392971246,""bg"":""bg1"",""bit_mapping"":""component_Gray_00_-3_01_-1_10_3_11_1_over_sqrt5;QPSK_0_plus1_1_minus1"",""code_blocks"":1,""decoder_config"":{""cn_schedule"":""flooding"",""cn_update"":""boxplus-phi"",""early_stop"":false,""hard_out"":true,""harq_mode"":false,""llr_max"":20.0,""num_iter"":20,""precision"":""single"",""prune_pcm"":true,""return_infobits"":true,""vn_update"":""sum""},""implementation"":{""bit_mapping"":""component_Gray_00_-3_01_-1_10_3_11_1_over_sqrt5;QPSK_0_plus1_1_minus1"",""cuda"":""12.8"",""decoder"":{""cn_schedule"":""flooding"",""cn_update"":""boxplus-phi"",""early_stop"":false,""hard_out"":true,""harq_mode"":false,""llr_max"":20.0,""num_iter"":20,""precision"":""single"",""prune_pcm"":true,""return_infobits"":true,""vn_update"":""sum""},""decoder_source_sha256"":""44d84b92b749e2970f94d92cd348a11648e2286b4d851faa0af8b21d08f0da23"",""encoder_source_sha256"":""34d8db6660b2e84708a8fb534f63c194f6f2b964e3693fcffc9dcaf21532ccfd"",""implementation"":""Sionna_5G_LDPC"",""power_protocol"":""fixed_constellation_average_Es2"",""precision"":""float32"",""rate_matching"":""Sionna RV0; filler removal, first2Z and tail puncturing; supported n only"",""scrambling"":""public_PCG64_SHA256_protocol_session_frame_group_counter_after_rate_matching_v1"",""torch"":""2.11.0+cu128"",""version"":""2.2.0""},""interleaver_sha256"":""e218826f3c5e8625c15ebe6bce9fec95b38a161b816336a5a141b7fc7615055d"",""k"":916,""k_filler"":52,""k_ldpc"":968,""layout_id"":""be742ce94813135516c34bdf089d86ebce2c961a2780a779920b2fd5c27e5933"",""modulation_padding_bits"":0,""mother_bits"":2992,""n"":1252,""n_cb"":2904,""n_cb_comp"":2852,""power_protocol"":""fixed_constellation_average_Es2"",""puncturing_bits"":1688,""puncturing_first_2Z"":88,""puncturing_remaining"":1600,""repetition_bits"":0,""scrambling"":""public_PCG64_SHA256_protocol_session_frame_group_counter_after_rate_matching_v1"",""shortening_bits"":52,""z"":44}",[1024]
QPSK,1/2,QPSK:r1/2,b764996613c12eaf76eec5d25bfd04e846c71bc72b222acc53c2a8293230a2b8,660,16,0,676,720,44,3744,1608,804,0,0.42039800995024873,0.41044776119402987,"{""actual_effective_rate"":0.42039800995024873,""bg"":""bg2"",""bit_mapping"":""component_Gray_00_-3_01_-1_10_3_11_1_over_sqrt5;QPSK_0_plus1_1_minus1"",""code_blocks"":1,""decoder_config"":{""cn_schedule"":""flooding"",""cn_update"":""boxplus-phi"",""early_stop"":false,""hard_out"":true,""harq_mode"":false,""llr_max"":20.0,""num_iter"":20,""precision"":""single"",""prune_pcm"":true,""return_infobits"":true,""vn_update"":""sum""},""implementation"":{""bit_mapping"":""component_Gray_00_-3_01_-1_10_3_11_1_over_sqrt5;QPSK_0_plus1_1_minus1"",""cuda"":""12.8"",""decoder"":{""cn_schedule"":""flooding"",""cn_update"":""boxplus-phi"",""early_stop"":false,""hard_out"":true,""harq_mode"":false,""llr_max"":20.0,""num_iter"":20,""precision"":""single"",""prune_pcm"":true,""return_infobits"":true,""vn_update"":""sum""},""decoder_source_sha256"":""44d84b92b749e2970f94d92cd348a11648e2286b4d851faa0af8b21d08f0da23"",""encoder_source_sha256"":""34d8db6660b2e84708a8fb534f63c194f6f2b964e3693fcffc9dcaf21532ccfd"",""implementation"":""Sionna_5G_LDPC"",""power_protocol"":""fixed_constellation_average_Es2"",""precision"":""float32"",""rate_matching"":""Sionna RV0; filler removal, first2Z and tail puncturing; supported n only"",""scrambling"":""public_PCG64_SHA256_protocol_session_frame_group_counter_after_rate_matching_v1"",""torch"":""2.11.0+cu128"",""version"":""2.2.0""},""interleaver_sha256"":""e341a236e0faea7c5996311d96f37435ae4595170f97c11ed14b7ed33fa76309"",""k"":676,""k_filler"":44,""k_ldpc"":720,""layout_id"":""061a6c8e74f023c859f61de05ca21d83595b2536adbf6ac3ae48e19c15c7d328"",""modulation_padding_bits"":0,""mother_bits"":3744,""n"":1608,""n_cb"":3600,""n_cb_comp"":3556,""power_protocol"":""fixed_constellation_average_Es2"",""puncturing_bits"":2092,""puncturing_first_2Z"":144,""puncturing_remaining"":1948,""repetition_bits"":0,""scrambling"":""public_PCG64_SHA256_protocol_session_frame_group_counter_after_rate_matching_v1"",""shortening_bits"":44,""z"":72}",[1024]
16QAM,1/2,16QAM:r1/2,b76a057d5bac32c7ad7ddf2ea5964bf7407938f0efbe3c1f62a7b3b6fb5863cd,1008,16,0,1024,1040,16,5408,2656,664,0,0.3855421686746988,0.3795180722891566,"{""actual_effective_rate"":0.3855421686746988,""bg"":""bg2"",""bit_mapping"":""component_Gray_00_-3_01_-1_10_3_11_1_over_sqrt5;QPSK_0_plus1_1_minus1"",""code_blocks"":1,""decoder_config"":{""cn_schedule"":""flooding"",""cn_update"":""boxplus-phi"",""early_stop"":false,""hard_out"":true,""harq_mode"":false,""llr_max"":20.0,""num_iter"":20,""precision"":""single"",""prune_pcm"":true,""return_infobits"":true,""vn_update"":""sum""},""implementation"":{""bit_mapping"":""component_Gray_00_-3_01_-1_10_3_11_1_over_sqrt5;QPSK_0_plus1_1_minus1"",""cuda"":""12.8"",""decoder"":{""cn_schedule"":""flooding"",""cn_update"":""boxplus-phi"",""early_stop"":false,""hard_out"":true,""harq_mode"":false,""llr_max"":20.0,""num_iter"":20,""precision"":""single"",""prune_pcm"":true,""return_infobits"":true,""vn_update"":""sum""},""decoder_source_sha256"":""44d84b92b749e2970f94d92cd348a11648e2286b4d851faa0af8b21d08f0da23"",""encoder_source_sha256"":""34d8db6660b2e84708a8fb534f63c194f6f2b964e3693fcffc9dcaf21532ccfd"",""implementation"":""Sionna_5G_LDPC"",""power_protocol"":""fixed_constellation_average_Es2"",""precision"":""float32"",""rate_matching"":""Sionna RV0; filler removal, first2Z and tail puncturing; supported n only"",""scrambling"":""public_PCG64_SHA256_protocol_session_frame_group_counter_after_rate_matching_v1"",""torch"":""2.11.0+cu128"",""version"":""2.2.0""},""interleaver_sha256"":""162d5307008f416302c51e3a4f8b2892e56148be14641ab67344953bc5ad6586"",""k"":1024,""k_filler"":16,""k_ldpc"":1040,""layout_id"":""882089260b633f812ed82d95bab9f30a207c39e4d2a9416a6f877caccded5fef"",""modulation_padding_bits"":0,""mother_bits"":5408,""n"":2656,""n_cb"":5200,""n_cb_comp"":5184,""power_protocol"":""fixed_constellation_average_Es2"",""puncturing_bits"":2736,""puncturing_first_2Z"":208,""puncturing_remaining"":2528,""repetition_bits"":0,""scrambling"":""public_PCG64_SHA256_protocol_session_frame_group_counter_after_rate_matching_v1"",""shortening_bits"":16,""z"":104}",[2048]
16QAM,5/6,16QAM:r5/6,b78179c79ed9ff4740b6a4c25795852f8544cebe151efa3f0950bae3bc23553b,3204,16,0,3220,3520,300,18304,6284,1571,0,0.5124124761298536,0.50986632718014,"{""actual_effective_rate"":0.5124124761298536,""bg"":""bg2"",""bit_mapping"":""component_Gray_00_-3_01_-1_10_3_11_1_over_sqrt5;QPSK_0_plus1_1_minus1"",""code_blocks"":1,""decoder_config"":{""cn_schedule"":""flooding"",""cn_update"":""boxplus-phi"",""early_stop"":false,""hard_out"":true,""harq_mode"":false,""llr_max"":20.0,""num_iter"":20,""precision"":""single"",""prune_pcm"":true,""return_infobits"":true,""vn_update"":""sum""},""implementation"":{""bit_mapping"":""component_Gray_00_-3_01_-1_10_3_11_1_over_sqrt5;QPSK_0_plus1_1_minus1"",""cuda"":""12.8"",""decoder"":{""cn_schedule"":""flooding"",""cn_update"":""boxplus-phi"",""early_stop"":false,""hard_out"":true,""harq_mode"":false,""llr_max"":20.0,""num_iter"":20,""precision"":""single"",""prune_pcm"":true,""return_infobits"":true,""vn_update"":""sum""},""decoder_source_sha256"":""44d84b92b749e2970f94d92cd348a11648e2286b4d851faa0af8b21d08f0da23"",""encoder_source_sha256"":""34d8db6660b2e84708a8fb534f63c194f6f2b964e3693fcffc9dcaf21532ccfd"",""implementation"":""Sionna_5G_LDPC"",""power_protocol"":""fixed_constellation_average_Es2"",""precision"":""float32"",""rate_matching"":""Sionna RV0; filler removal, first2Z and tail puncturing; supported n only"",""scrambling"":""public_PCG64_SHA256_protocol_session_frame_group_counter_after_rate_matching_v1"",""torch"":""2.11.0+cu128"",""version"":""2.2.0""},""interleaver_sha256"":""a8560e55bd284a1c9b91392f7fd6f874814cfdb671aa10659d7d17dc8dca68fc"",""k"":3220,""k_filler"":300,""k_ldpc"":3520,""layout_id"":""2b86d65cd717bdac58d65b3bcd755fa4d9a1ba6817009868cd91739e92d03943"",""modulation_padding_bits"":0,""mother_bits"":18304,""n"":6284,""n_cb"":17600,""n_cb_comp"":17300,""power_protocol"":""fixed_constellation_average_Es2"",""puncturing_bits"":11720,""puncturing_first_2Z"":704,""puncturing_remaining"":11016,""repetition_bits"":0,""scrambling"":""public_PCG64_SHA256_protocol_session_frame_group_counter_after_rate_matching_v1"",""shortening_bits"":300,""z"":352}",[2048]
QPSK,5/6,QPSK:r5/6,b7900227467c74226788d53530b994b084ce74f5f274b707abf3376793ab814c,1704,16,0,1720,1760,40,5440,2562,1281,0,0.6713505074160812,0.6651053864168618,"{""actual_effective_rate"":0.6713505074160812,""bg"":""bg1"",""bit_mapping"":""component_Gray_00_-3_01_-1_10_3_11_1_over_sqrt5;QPSK_0_plus1_1_minus1"",""code_blocks"":1,""decoder_config"":{""cn_schedule"":""flooding"",""cn_update"":""boxplus-phi"",""early_stop"":false,""hard_out"":true,""harq_mode"":false,""llr_max"":20.0,""num_iter"":20,""precision"":""single"",""prune_pcm"":true,""return_infobits"":true,""vn_update"":""sum""},""implementation"":{""bit_mapping"":""component_Gray_00_-3_01_-1_10_3_11_1_over_sqrt5;QPSK_0_plus1_1_minus1"",""cuda"":""12.8"",""decoder"":{""cn_schedule"":""flooding"",""cn_update"":""boxplus-phi"",""early_stop"":false,""hard_out"":true,""harq_mode"":false,""llr_max"":20.0,""num_iter"":20,""precision"":""single"",""prune_pcm"":true,""return_infobits"":true,""vn_update"":""sum""},""decoder_source_sha256"":""44d84b92b749e2970f94d92cd348a11648e2286b4d851faa0af8b21d08f0da23"",""encoder_source_sha256"":""34d8db6660b2e84708a8fb534f63c194f6f2b964e3693fcffc9dcaf21532ccfd"",""implementation"":""Sionna_5G_LDPC"",""power_protocol"":""fixed_constellation_average_Es2"",""precision"":""float32"",""rate_matching"":""Sionna RV0; filler removal, first2Z and tail puncturing; supported n only"",""scrambling"":""public_PCG64_SHA256_protocol_session_frame_group_counter_after_rate_matching_v1"",""torch"":""2.11.0+cu128"",""version"":""2.2.0""},""interleaver_sha256"":""d74f77c0fbf75ce31e4f6581003ed2f0509161e0787144c43b93d2e57f651b37"",""k"":1720,""k_filler"":40,""k_ldpc"":1760,""layout_id"":""cd23146c5a0e8054f33eff0c0e08038657985c4f6cd2c29fcb668faf1b45aa23"",""modulation_padding_bits"":0,""mother_bits"":5440,""n"":2562,""n_cb"":5280,""n_cb_comp"":5240,""power_protocol"":""fixed_constellation_average_Es2"",""puncturing_bits"":2838,""puncturing_first_2Z"":160,""puncturing_remaining"":2678,""repetition_bits"":0,""scrambling"":""public_PCG64_SHA256_protocol_session_frame_group_counter_after_rate_matching_v1"",""shortening_bits"":40,""z"":80}",[2048]
16QAM,2/3,16QAM:r2/3,b79e412c590f951d3feea6fc0b12ffd8bd0c09759df720a9107d4b75b73a6942,2460,16,0,2476,2560,84,13312,3716,929,0,0.6663078579117331,0.6620021528525296,"{""actual_effective_rate"":0.6663078579117331,""bg"":""bg2"",""bit_mapping"":""component_Gray_00_-3_01_-1_10_3_11_1_over_sqrt5;QPSK_0_plus1_1_minus1"",""code_blocks"":1,""decoder_config"":{""cn_schedule"":""flooding"",""cn_update"":""boxplus-phi"",""early_stop"":false,""hard_out"":true,""harq_mode"":false,""llr_max"":20.0,""num_iter"":20,""precision"":""single"",""prune_pcm"":true,""return_infobits"":true,""vn_update"":""sum""},""implementation"":{""bit_mapping"":""component_Gray_00_-3_01_-1_10_3_11_1_over_sqrt5;QPSK_0_plus1_1_minus1"",""cuda"":""12.8"",""decoder"":{""cn_schedule"":""flooding"",""cn_update"":""boxplus-phi"",""early_stop"":false,""hard_out"":true,""harq_mode"":false,""llr_max"":20.0,""num_iter"":20,""precision"":""single"",""prune_pcm"":true,""return_infobits"":true,""vn_update"":""sum""},""decoder_source_sha256"":""44d84b92b749e2970f94d92cd348a11648e2286b4d851faa0af8b21d08f0da23"",""encoder_source_sha256"":""34d8db6660b2e84708a8fb534f63c194f6f2b964e3693fcffc9dcaf21532ccfd"",""implementation"":""Sionna_5G_LDPC"",""power_protocol"":""fixed_constellation_average_Es2"",""precision"":""float32"",""rate_matching"":""Sionna RV0; filler removal, first2Z and tail puncturing; supported n only"",""scrambling"":""public_PCG64_SHA256_protocol_session_frame_group_counter_after_rate_matching_v1"",""torch"":""2.11.0+cu128"",""version"":""2.2.0""},""interleaver_sha256"":""abba5532a83cd49b142a39632ee555ff360aabffe5c4a7f901cbd40b1971f8ec"",""k"":2476,""k_filler"":84,""k_ldpc"":2560,""layout_id"":""efadeb4d08069e2ee705305bd8574457a29a8c43cb544905df5aaefde1d3e4de"",""modulation_padding_bits"":0,""mother_bits"":13312,""n"":3716,""n_cb"":12800,""n_cb_comp"":12716,""power_protocol"":""fixed_constellation_average_Es2"",""puncturing_bits"":9512,""puncturing_first_2Z"":512,""puncturing_remaining"":9000,""repetition_bits"":0,""scrambling"":""public_PCG64_SHA256_protocol_session_frame_group_counter_after_rate_matching_v1"",""shortening_bits"":84,""z"":256}","[1024,2048]"
QPSK,5/6,QPSK:r5/6,b7a6f03a48d23443820e606830b2331a63ace9beb38a0e9abcc2a09a657b32b4,2472,16,0,2488,2640,152,8160,3096,1548,0,0.8036175710594315,0.7984496124031008,"{""actual_effective_rate"":0.8036175710594315,""bg"":""bg1"",""bit_mapping"":""component_Gray_00_-3_01_-1_10_3_11_1_over_sqrt5;QPSK_0_plus1_1_minus1"",""code_blocks"":1,""decoder_config"":{""cn_schedule"":""flooding"",""cn_update"":""boxplus-phi"",""early_stop"":false,""hard_out"":true,""harq_mode"":false,""llr_max"":20.0,""num_iter"":20,""precision"":""single"",""prune_pcm"":true,""return_infobits"":true,""vn_update"":""sum""},""implementation"":{""bit_mapping"":""component_Gray_00_-3_01_-1_10_3_11_1_over_sqrt5;QPSK_0_plus1_1_minus1"",""cuda"":""12.8"",""decoder"":{""cn_schedule"":""flooding"",""cn_update"":""boxplus-phi"",""early_stop"":false,""hard_out"":true,""harq_mode"":false,""llr_max"":20.0,""num_iter"":20,""precision"":""single"",""prune_pcm"":true,""return_infobits"":true,""vn_update"":""sum""},""decoder_source_sha256"":""44d84b92b749e2970f94d92cd348a11648e2286b4d851faa0af8b21d08f0da23"",""encoder_source_sha256"":""34d8db6660b2e84708a8fb534f63c194f6f2b964e3693fcffc9dcaf21532ccfd"",""implementation"":""Sionna_5G_LDPC"",""power_protocol"":""fixed_constellation_average_Es2"",""precision"":""float32"",""rate_matching"":""Sionna RV0; filler removal, first2Z and tail puncturing; supported n only"",""scrambling"":""public_PCG64_SHA256_protocol_session_frame_group_counter_after_rate_matching_v1"",""torch"":""2.11.0+cu128"",""version"":""2.2.0""},""interleaver_sha256"":""edfa2c0b86ee631db54c17c5332987cebb64058fb09344b185d66432af4ac957"",""k"":2488,""k_filler"":152,""k_ldpc"":2640,""layout_id"":""32789e837741dbf5f8a17a26c195db385ceae61e3dd6ea85bb0ead3cb20e3135"",""modulation_padding_bits"":0,""mother_bits"":8160,""n"":3096,""n_cb"":7920,""n_cb_comp"":7768,""power_protocol"":""fixed_constellation_average_Es2"",""puncturing_bits"":4912,""puncturing_first_2Z"":240,""puncturing_remaining"":4672,""repetition_bits"":0,""scrambling"":""public_PCG64_SHA256_protocol_session_frame_group_counter_after_rate_matching_v1"",""shortening_bits"":152,""z"":120}",[2048]
16QAM,1/3,16QAM:r1/3,b7aa6a5fe56e790a031c2392681b7fbf62594336a8cdb9344f66cf28c1d5febe,2100,16,0,2116,2240,124,11648,7020,1755,0,0.30142450142450145,0.29914529914529914,"{""actual_effective_rate"":0.30142450142450145,""bg"":""bg2"",""bit_mapping"":""component_Gray_00_-3_01_-1_10_3_11_1_over_sqrt5;QPSK_0_plus1_1_minus1"",""code_blocks"":1,""decoder_config"":{""cn_schedule"":""flooding"",""cn_update"":""boxplus-phi"",""early_stop"":false,""hard_out"":true,""harq_mode"":false,""llr_max"":20.0,""num_iter"":20,""precision"":""single"",""prune_pcm"":true,""return_infobits"":true,""vn_update"":""sum""},""implementation"":{""bit_mapping"":""component_Gray_00_-3_01_-1_10_3_11_1_over_sqrt5;QPSK_0_plus1_1_minus1"",""cuda"":""12.8"",""decoder"":{""cn_schedule"":""flooding"",""cn_update"":""boxplus-phi"",""early_stop"":false,""hard_out"":true,""harq_mode"":false,""llr_max"":20.0,""num_iter"":20,""precision"":""single"",""prune_pcm"":true,""return_infobits"":true,""vn_update"":""sum""},""decoder_source_sha256"":""44d84b92b749e2970f94d92cd348a11648e2286b4d851faa0af8b21d08f0da23"",""encoder_source_sha256"":""34d8db6660b2e84708a8fb534f63c194f6f2b964e3693fcffc9dcaf21532ccfd"",""implementation"":""Sionna_5G_LDPC"",""power_protocol"":""fixed_constellation_average_Es2"",""precision"":""float32"",""rate_matching"":""Sionna RV0; filler removal, first2Z and tail puncturing; supported n only"",""scrambling"":""public_PCG64_SHA256_protocol_session_frame_group_counter_after_rate_matching_v1"",""torch"":""2.11.0+cu128"",""version"":""2.2.0""},""interleaver_sha256"":""3366808c204c80624eb7bc4515ac809f7966667c04f008a6a1a7e008f1f23568"",""k"":2116,""k_filler"":124,""k_ldpc"":2240,""layout_id"":""5b9de6d93c15a1448664b90cdeb5a24b64f5b7efde2ed4684f650bec4b0d6f10"",""modulation_padding_bits"":0,""mother_bits"":11648,""n"":7020,""n_cb"":11200,""n_cb_comp"":11076,""power_protocol"":""fixed_constellation_average_Es2"",""puncturing_bits"":4504,""puncturing_first_2Z"":448,""puncturing_remaining"":4056,""repetition_bits"":0,""scrambling"":""public_PCG64_SHA256_protocol_session_frame_group_counter_after_rate_matching_v1"",""shortening_bits"":124,""z"":224}",[2048]
QPSK,3/4,QPSK:r3/4,b7ab0c8fa24e752ebf3a4bdd17600d8278b11220895657e5b515b3fc99c934ef,1308,16,0,1324,1440,116,7488,3152,1576,0,0.4200507614213198,0.4149746192893401,"{""actual_effective_rate"":0.4200507614213198,""bg"":""bg2"",""bit_mapping"":""component_Gray_00_-3_01_-1_10_3_11_1_over_sqrt5;QPSK_0_plus1_1_minus1"",""code_blocks"":1,""decoder_config"":{""cn_schedule"":""flooding"",""cn_update"":""boxplus-phi"",""early_stop"":false,""hard_out"":true,""harq_mode"":false,""llr_max"":20.0,""num_iter"":20,""precision"":""single"",""prune_pcm"":true,""return_infobits"":true,""vn_update"":""sum""},""implementation"":{""bit_mapping"":""component_Gray_00_-3_01_-1_10_3_11_1_over_sqrt5;QPSK_0_plus1_1_minus1"",""cuda"":""12.8"",""decoder"":{""cn_schedule"":""flooding"",""cn_update"":""boxplus-phi"",""early_stop"":false,""hard_out"":true,""harq_mode"":false,""llr_max"":20.0,""num_iter"":20,""precision"":""single"",""prune_pcm"":true,""return_infobits"":true,""vn_update"":""sum""},""decoder_source_sha256"":""44d84b92b749e2970f94d92cd348a11648e2286b4d851faa0af8b21d08f0da23"",""encoder_source_sha256"":""34d8db6660b2e84708a8fb534f63c194f6f2b964e3693fcffc9dcaf21532ccfd"",""implementation"":""Sionna_5G_LDPC"",""power_protocol"":""fixed_constellation_average_Es2"",""precision"":""float32"",""rate_matching"":""Sionna RV0; filler removal, first2Z and tail puncturing; supported n only"",""scrambling"":""public_PCG64_SHA256_protocol_session_frame_group_counter_after_rate_matching_v1"",""torch"":""2.11.0+cu128"",""version"":""2.2.0""},""interleaver_sha256"":""7037908078f25b36fa7c4410e1a164a61ab2b6b3a2ac396c2245f9f2d50f1d40"",""k"":1324,""k_filler"":116,""k_ldpc"":1440,""layout_id"":""e4720dfb2b21c464e19a0b618464422e1d4fc11b5916c2878ac3156b37558d30"",""modulation_padding_bits"":0,""mother_bits"":7488,""n"":3152,""n_cb"":7200,""n_cb_comp"":7084,""power_protocol"":""fixed_constellation_average_Es2"",""puncturing_bits"":4220,""puncturing_first_2Z"":288,""puncturing_remaining"":3932,""repetition_bits"":0,""scrambling"":""public_PCG64_SHA256_protocol_session_frame_group_counter_after_rate_matching_v1"",""shortening_bits"":116,""z"":144}",[2048]
QPSK,1/2,QPSK:r1/2,b7abca8d477e83f6a9accbb25c93e544b6389d5adba8639a98aac40b0adf52d9,924,16,0,940,960,20,4992,3124,1562,0,0.30089628681177977,0.29577464788732394,"{""actual_effective_rate"":0.30089628681177977,""bg"":""bg2"",""bit_mapping"":""component_Gray_00_-3_01_-1_10_3_11_1_over_sqrt5;QPSK_0_plus1_1_minus1"",""code_blocks"":1,""decoder_config"":{""cn_schedule"":""flooding"",""cn_update"":""boxplus-phi"",""early_stop"":false,""hard_out"":true,""harq_mode"":false,""llr_max"":20.0,""num_iter"":20,""precision"":""single"",""prune_pcm"":true,""return_infobits"":true,""vn_update"":""sum""},""implementation"":{""bit_mapping"":""component_Gray_00_-3_01_-1_10_3_11_1_over_sqrt5;QPSK_0_plus1_1_minus1"",""cuda"":""12.8"",""decoder"":{""cn_schedule"":""flooding"",""cn_update"":""boxplus-phi"",""early_stop"":false,""hard_out"":true,""harq_mode"":false,""llr_max"":20.0,""num_iter"":20,""precision"":""single"",""prune_pcm"":true,""return_infobits"":true,""vn_update"":""sum""},""decoder_source_sha256"":""44d84b92b749e2970f94d92cd348a11648e2286b4d851faa0af8b21d08f0da23"",""encoder_source_sha256"":""34d8db6660b2e84708a8fb534f63c194f6f2b964e3693fcffc9dcaf21532ccfd"",""implementation"":""Sionna_5G_LDPC"",""power_protocol"":""fixed_constellation_average_Es2"",""precision"":""float32"",""rate_matching"":""Sionna RV0; filler removal, first2Z and tail puncturing; supported n only"",""scrambling"":""public_PCG64_SHA256_protocol_session_frame_group_counter_after_rate_matching_v1"",""torch"":""2.11.0+cu128"",""version"":""2.2.0""},""interleaver_sha256"":""3185d137032d17d791510e751ebcfa0601293dcd698c7898a6f0e7afb75df2c8"",""k"":940,""k_filler"":20,""k_ldpc"":960,""layout_id"":""ccd9ff8ab3c64f95b4a5745a2661ec52bf1c0f421f438b0655917f37e690cb8c"",""modulation_padding_bits"":0,""mother_bits"":4992,""n"":3124,""n_cb"":4800,""n_cb_comp"":4780,""power_protocol"":""fixed_constellation_average_Es2"",""puncturing_bits"":1848,""puncturing_first_2Z"":192,""puncturing_remaining"":1656,""repetition_bits"":0,""scrambling"":""public_PCG64_SHA256_protocol_session_frame_group_counter_after_rate_matching_v1"",""shortening_bits"":20,""z"":96}",[2048]
16QAM,2/3,16QAM:r2/3,b7ae0d4fc9950bdc57aa8ba60c20042233761303ce16d6765c993d34b345d386,1092,16,0,1108,1120,12,5824,2048,512,0,0.541015625,0.533203125,"{""actual_effective_rate"":0.541015625,""bg"":""bg2"",""bit_mapping"":""component_Gray_00_-3_01_-1_10_3_11_1_over_sqrt5;QPSK_0_plus1_1_minus1"",""code_blocks"":1,""decoder_config"":{""cn_schedule"":""flooding"",""cn_update"":""boxplus-phi"",""early_stop"":false,""hard_out"":true,""harq_mode"":false,""llr_max"":20.0,""num_iter"":20,""precision"":""single"",""prune_pcm"":true,""return_infobits"":true,""vn_update"":""sum""},""implementation"":{""bit_mapping"":""component_Gray_00_-3_01_-1_10_3_11_1_over_sqrt5;QPSK_0_plus1_1_minus1"",""cuda"":""12.8"",""decoder"":{""cn_schedule"":""flooding"",""cn_update"":""boxplus-phi"",""early_stop"":false,""hard_out"":true,""harq_mode"":false,""llr_max"":20.0,""num_iter"":20,""precision"":""single"",""prune_pcm"":true,""return_infobits"":true,""vn_update"":""sum""},""decoder_source_sha256"":""44d84b92b749e2970f94d92cd348a11648e2286b4d851faa0af8b21d08f0da23"",""encoder_source_sha256"":""34d8db6660b2e84708a8fb534f63c194f6f2b964e3693fcffc9dcaf21532ccfd"",""implementation"":""Sionna_5G_LDPC"",""power_protocol"":""fixed_constellation_average_Es2"",""precision"":""float32"",""rate_matching"":""Sionna RV0; filler removal, first2Z and tail puncturing; supported n only"",""scrambling"":""public_PCG64_SHA256_protocol_session_frame_group_counter_after_rate_matching_v1"",""torch"":""2.11.0+cu128"",""version"":""2.2.0""},""interleaver_sha256"":""d47040b13428760b5ca1eb60cb37369a0401ddbf8afca1f46560a931d3ea2abe"",""k"":1108,""k_filler"":12,""k_ldpc"":1120,""layout_id"":""332a9639285c72c9c6d2629da0a27f3e9df88c8f695974591b346f0d27e62c25"",""modulation_padding_bits"":0,""mother_bits"":5824,""n"":2048,""n_cb"":5600,""n_cb_comp"":5588,""power_protocol"":""fixed_constellation_average_Es2"",""puncturing_bits"":3764,""puncturing_first_2Z"":224,""puncturing_remaining"":3540,""repetition_bits"":0,""scrambling"":""public_PCG64_SHA256_protocol_session_frame_group_counter_after_rate_matching_v1"",""shortening_bits"":12,""z"":112}",[1024]
QPSK,5/6,QPSK:r5/6,b7e33d91b7569415be524901ff2d48e3ef7ff9e9f4b9f65f28f994b6874fd87c,660,16,0,676,720,44,3744,1576,788,0,0.4289340101522843,0.41878172588832485,"{""actual_effective_rate"":0.4289340101522843,""bg"":""bg2"",""bit_mapping"":""component_Gray_00_-3_01_-1_10_3_11_1_over_sqrt5;QPSK_0_plus1_1_minus1"",""code_blocks"":1,""decoder_config"":{""cn_schedule"":""flooding"",""cn_update"":""boxplus-phi"",""early_stop"":false,""hard_out"":true,""harq_mode"":false,""llr_max"":20.0,""num_iter"":20,""precision"":""single"",""prune_pcm"":true,""return_infobits"":true,""vn_update"":""sum""},""implementation"":{""bit_mapping"":""component_Gray_00_-3_01_-1_10_3_11_1_over_sqrt5;QPSK_0_plus1_1_minus1"",""cuda"":""12.8"",""decoder"":{""cn_schedule"":""flooding"",""cn_update"":""boxplus-phi"",""early_stop"":false,""hard_out"":true,""harq_mode"":false,""llr_max"":20.0,""num_iter"":20,""precision"":""single"",""prune_pcm"":true,""return_infobits"":true,""vn_update"":""sum""},""decoder_source_sha256"":""44d84b92b749e2970f94d92cd348a11648e2286b4d851faa0af8b21d08f0da23"",""encoder_source_sha256"":""34d8db6660b2e84708a8fb534f63c194f6f2b964e3693fcffc9dcaf21532ccfd"",""implementation"":""Sionna_5G_LDPC"",""power_protocol"":""fixed_constellation_average_Es2"",""precision"":""float32"",""rate_matching"":""Sionna RV0; filler removal, first2Z and tail puncturing; supported n only"",""scrambling"":""public_PCG64_SHA256_protocol_session_frame_group_counter_after_rate_matching_v1"",""torch"":""2.11.0+cu128"",""version"":""2.2.0""},""interleaver_sha256"":""a53c7ebf117b450014c0e75e799fa100fe8d4ea41460451c44bed638bec28fdb"",""k"":676,""k_filler"":44,""k_ldpc"":720,""layout_id"":""0b496f0134a4f712c393dddab94ad00babb51aec9a6104c8834c278c89032826"",""modulation_padding_bits"":0,""mother_bits"":3744,""n"":1576,""n_cb"":3600,""n_cb_comp"":3556,""power_protocol"":""fixed_constellation_average_Es2"",""puncturing_bits"":2124,""puncturing_first_2Z"":144,""puncturing_remaining"":1980,""repetition_bits"":0,""scrambling"":""public_PCG64_SHA256_protocol_session_frame_group_counter_after_rate_matching_v1"",""shortening_bits"":44,""z"":72}","[1024,2048]"
QPSK,1/3,QPSK:r1/3,b7e7485f400c72fd09aab084bd263ff4ab89de80f07cec00824dd6b3402bb9fc,1008,16,0,1024,1040,16,5408,3398,1699,0,0.3013537374926427,0.2966450853443202,"{""actual_effective_rate"":0.3013537374926427,""bg"":""bg2"",""bit_mapping"":""component_Gray_00_-3_01_-1_10_3_11_1_over_sqrt5;QPSK_0_plus1_1_minus1"",""code_blocks"":1,""decoder_config"":{""cn_schedule"":""flooding"",""cn_update"":""boxplus-phi"",""early_stop"":false,""hard_out"":true,""harq_mode"":false,""llr_max"":20.0,""num_iter"":20,""precision"":""single"",""prune_pcm"":true,""return_infobits"":true,""vn_update"":""sum""},""implementation"":{""bit_mapping"":""component_Gray_00_-3_01_-1_10_3_11_1_over_sqrt5;QPSK_0_plus1_1_minus1"",""cuda"":""12.8"",""decoder"":{""cn_schedule"":""flooding"",""cn_update"":""boxplus-phi"",""early_stop"":false,""hard_out"":true,""harq_mode"":false,""llr_max"":20.0,""num_iter"":20,""precision"":""single"",""prune_pcm"":true,""return_infobits"":true,""vn_update"":""sum""},""decoder_source_sha256"":""44d84b92b749e2970f94d92cd348a11648e2286b4d851faa0af8b21d08f0da23"",""encoder_source_sha256"":""34d8db6660b2e84708a8fb534f63c194f6f2b964e3693fcffc9dcaf21532ccfd"",""implementation"":""Sionna_5G_LDPC"",""power_protocol"":""fixed_constellation_average_Es2"",""precision"":""float32"",""rate_matching"":""Sionna RV0; filler removal, first2Z and tail puncturing; supported n only"",""scrambling"":""public_PCG64_SHA256_protocol_session_frame_group_counter_after_rate_matching_v1"",""torch"":""2.11.0+cu128"",""version"":""2.2.0""},""interleaver_sha256"":""7769b5d06e5799b538fd662e93445bb8d9e3365ed5734e93965ffa38c471eb5a"",""k"":1024,""k_filler"":16,""k_ldpc"":1040,""layout_id"":""8a75c356654fa6f2ccb15cd3d334e85c6cb63aef0cbbbe5a17e71ed56f9f9e13"",""modulation_padding_bits"":0,""mother_bits"":5408,""n"":3398,""n_cb"":5200,""n_cb_comp"":5184,""power_protocol"":""fixed_constellation_average_Es2"",""puncturing_bits"":1994,""puncturing_first_2Z"":208,""puncturing_remaining"":1786,""repetition_bits"":0,""scrambling"":""public_PCG64_SHA256_protocol_session_frame_group_counter_after_rate_matching_v1"",""shortening_bits"":16,""z"":104}",[2048]
QPSK,5/6,QPSK:r5/6,b7ee206374a6fb9a63db8bf1ddd9e745a05c4f9556cd388769829dcbff2c8f8c,2460,16,0,2476,2640,164,8160,2972,1486,0,0.8331090174966352,0.8277254374158816,"{""actual_effective_rate"":0.8331090174966352,""bg"":""bg1"",""bit_mapping"":""component_Gray_00_-3_01_-1_10_3_11_1_over_sqrt5;QPSK_0_plus1_1_minus1"",""code_blocks"":1,""decoder_config"":{""cn_schedule"":""flooding"",""cn_update"":""boxplus-phi"",""early_stop"":false,""hard_out"":true,""harq_mode"":false,""llr_max"":20.0,""num_iter"":20,""precision"":""single"",""prune_pcm"":true,""return_infobits"":true,""vn_update"":""sum""},""implementation"":{""bit_mapping"":""component_Gray_00_-3_01_-1_10_3_11_1_over_sqrt5;QPSK_0_plus1_1_minus1"",""cuda"":""12.8"",""decoder"":{""cn_schedule"":""flooding"",""cn_update"":""boxplus-phi"",""early_stop"":false,""hard_out"":true,""harq_mode"":false,""llr_max"":20.0,""num_iter"":20,""precision"":""single"",""prune_pcm"":true,""return_infobits"":true,""vn_update"":""sum""},""decoder_source_sha256"":""44d84b92b749e2970f94d92cd348a11648e2286b4d851faa0af8b21d08f0da23"",""encoder_source_sha256"":""34d8db6660b2e84708a8fb534f63c194f6f2b964e3693fcffc9dcaf21532ccfd"",""implementation"":""Sionna_5G_LDPC"",""power_protocol"":""fixed_constellation_average_Es2"",""precision"":""float32"",""rate_matching"":""Sionna RV0; filler removal, first2Z and tail puncturing; supported n only"",""scrambling"":""public_PCG64_SHA256_protocol_session_frame_group_counter_after_rate_matching_v1"",""torch"":""2.11.0+cu128"",""version"":""2.2.0""},""interleaver_sha256"":""67c9f0fe0aaf3a1f18762f1728d7a73f4df0992e8f94e04b520863a8e9336c80"",""k"":2476,""k_filler"":164,""k_ldpc"":2640,""layout_id"":""653d4aed5a0496934e9839af8774d3a491522c14ea865fd9e5061ad315682c50"",""modulation_padding_bits"":0,""mother_bits"":8160,""n"":2972,""n_cb"":7920,""n_cb_comp"":7756,""power_protocol"":""fixed_constellation_average_Es2"",""puncturing_bits"":5024,""puncturing_first_2Z"":240,""puncturing_remaining"":4784,""repetition_bits"":0,""scrambling"":""public_PCG64_SHA256_protocol_session_frame_group_counter_after_rate_matching_v1"",""shortening_bits"":164,""z"":120}",[2048]
QPSK,3/4,QPSK:r3/4,b8011bc5e1ee079fa3e991c7c2ff2b4a90285bbf586ff1c7d7a79e1be5b9faf0,396,16,0,412,440,28,1360,552,276,0,0.7463768115942029,0.717391304347826,"{""actual_effective_rate"":0.7463768115942029,""bg"":""bg1"",""bit_mapping"":""component_Gray_00_-3_01_-1_10_3_11_1_over_sqrt5;QPSK_0_plus1_1_minus1"",""code_blocks"":1,""decoder_config"":{""cn_schedule"":""flooding"",""cn_update"":""boxplus-phi"",""early_stop"":false,""hard_out"":true,""harq_mode"":false,""llr_max"":20.0,""num_iter"":20,""precision"":""single"",""prune_pcm"":true,""return_infobits"":true,""vn_update"":""sum""},""implementation"":{""bit_mapping"":""component_Gray_00_-3_01_-1_10_3_11_1_over_sqrt5;QPSK_0_plus1_1_minus1"",""cuda"":""12.8"",""decoder"":{""cn_schedule"":""flooding"",""cn_update"":""boxplus-phi"",""early_stop"":false,""hard_out"":true,""harq_mode"":false,""llr_max"":20.0,""num_iter"":20,""precision"":""single"",""prune_pcm"":true,""return_infobits"":true,""vn_update"":""sum""},""decoder_source_sha256"":""44d84b92b749e2970f94d92cd348a11648e2286b4d851faa0af8b21d08f0da23"",""encoder_source_sha256"":""34d8db6660b2e84708a8fb534f63c194f6f2b964e3693fcffc9dcaf21532ccfd"",""implementation"":""Sionna_5G_LDPC"",""power_protocol"":""fixed_constellation_average_Es2"",""precision"":""float32"",""rate_matching"":""Sionna RV0; filler removal, first2Z and tail puncturing; supported n only"",""scrambling"":""public_PCG64_SHA256_protocol_session_frame_group_counter_after_rate_matching_v1"",""torch"":""2.11.0+cu128"",""version"":""2.2.0""},""interleaver_sha256"":""c2ce4195d058bd4e320108ab727be5ad7d8c36bda1cfa3095384d1d8d2188dc7"",""k"":412,""k_filler"":28,""k_ldpc"":440,""layout_id"":""38a88f08801b3bca8d3765fee5f597792fdc765ec2458c9b772cc3babe8d7fab"",""modulation_padding_bits"":0,""mother_bits"":1360,""n"":552,""n_cb"":1320,""n_cb_comp"":1292,""power_protocol"":""fixed_constellation_average_Es2"",""puncturing_bits"":780,""puncturing_first_2Z"":40,""puncturing_remaining"":740,""repetition_bits"":0,""scrambling"":""public_PCG64_SHA256_protocol_session_frame_group_counter_after_rate_matching_v1"",""shortening_bits"":28,""z"":20}",[1024]
16QAM,1/2,16QAM:r1/2,b805f84ded77a66528347b2b61ab5b23608304d70b27232084742c7a009bf3ae,384,16,0,400,520,120,2704,1684,421,0,0.2375296912114014,0.22802850356294538,"{""actual_effective_rate"":0.2375296912114014,""bg"":""bg2"",""bit_mapping"":""component_Gray_00_-3_01_-1_10_3_11_1_over_sqrt5;QPSK_0_plus1_1_minus1"",""code_blocks"":1,""decoder_config"":{""cn_schedule"":""flooding"",""cn_update"":""boxplus-phi"",""early_stop"":false,""hard_out"":true,""harq_mode"":false,""llr_max"":20.0,""num_iter"":20,""precision"":""single"",""prune_pcm"":true,""return_infobits"":true,""vn_update"":""sum""},""implementation"":{""bit_mapping"":""component_Gray_00_-3_01_-1_10_3_11_1_over_sqrt5;QPSK_0_plus1_1_minus1"",""cuda"":""12.8"",""decoder"":{""cn_schedule"":""flooding"",""cn_update"":""boxplus-phi"",""early_stop"":false,""hard_out"":true,""harq_mode"":false,""llr_max"":20.0,""num_iter"":20,""precision"":""single"",""prune_pcm"":true,""return_infobits"":true,""vn_update"":""sum""},""decoder_source_sha256"":""44d84b92b749e2970f94d92cd348a11648e2286b4d851faa0af8b21d08f0da23"",""encoder_source_sha256"":""34d8db6660b2e84708a8fb534f63c194f6f2b964e3693fcffc9dcaf21532ccfd"",""implementation"":""Sionna_5G_LDPC"",""power_protocol"":""fixed_constellation_average_Es2"",""precision"":""float32"",""rate_matching"":""Sionna RV0; filler removal, first2Z and tail puncturing; supported n only"",""scrambling"":""public_PCG64_SHA256_protocol_session_frame_group_counter_after_rate_matching_v1"",""torch"":""2.11.0+cu128"",""version"":""2.2.0""},""interleaver_sha256"":""830109cd45f35ff64425f0679f70638f9e2e2d0f181888ce07446f69bb316424"",""k"":400,""k_filler"":120,""k_ldpc"":520,""layout_id"":""2e673fb1891a2b8dc2f538160347271a078c3f7a2dd768e453d267c9c0446f69"",""modulation_padding_bits"":0,""mother_bits"":2704,""n"":1684,""n_cb"":2600,""n_cb_comp"":2480,""power_protocol"":""fixed_constellation_average_Es2"",""puncturing_bits"":900,""puncturing_first_2Z"":104,""puncturing_remaining"":796,""repetition_bits"":0,""scrambling"":""public_PCG64_SHA256_protocol_session_frame_group_counter_after_rate_matching_v1"",""shortening_bits"":120,""z"":52}",[2048]
QPSK,1/2,QPSK:r1/2,b80b1fd4ec5c756c8ccc81ae494705327bc0bc7786124eba409510d3e2f3a0c4,384,16,0,400,520,120,2704,1660,830,0,0.24096385542168675,0.23132530120481928,"{""actual_effective_rate"":0.24096385542168675,""bg"":""bg2"",""bit_mapping"":""component_Gray_00_-3_01_-1_10_3_11_1_over_sqrt5;QPSK_0_plus1_1_minus1"",""code_blocks"":1,""decoder_config"":{""cn_schedule"":""flooding"",""cn_update"":""boxplus-phi"",""early_stop"":false,""hard_out"":true,""harq_mode"":false,""llr_max"":20.0,""num_iter"":20,""precision"":""single"",""prune_pcm"":true,""return_infobits"":true,""vn_update"":""sum""},""implementation"":{""bit_mapping"":""component_Gray_00_-3_01_-1_10_3_11_1_over_sqrt5;QPSK_0_plus1_1_minus1"",""cuda"":""12.8"",""decoder"":{""cn_schedule"":""flooding"",""cn_update"":""boxplus-phi"",""early_stop"":false,""hard_out"":true,""harq_mode"":false,""llr_max"":20.0,""num_iter"":20,""precision"":""single"",""prune_pcm"":true,""return_infobits"":true,""vn_update"":""sum""},""decoder_source_sha256"":""44d84b92b749e2970f94d92cd348a11648e2286b4d851faa0af8b21d08f0da23"",""encoder_source_sha256"":""34d8db6660b2e84708a8fb534f63c194f6f2b964e3693fcffc9dcaf21532ccfd"",""implementation"":""Sionna_5G_LDPC"",""power_protocol"":""fixed_constellation_average_Es2"",""precision"":""float32"",""rate_matching"":""Sionna RV0; filler removal, first2Z and tail puncturing; supported n only"",""scrambling"":""public_PCG64_SHA256_protocol_session_frame_group_counter_after_rate_matching_v1"",""torch"":""2.11.0+cu128"",""version"":""2.2.0""},""interleaver_sha256"":""04ba23632538a612f6f400413c96f26a84afa1ee65d18dc6b36ac587516a55ab"",""k"":400,""k_filler"":120,""k_ldpc"":520,""layout_id"":""43de82cb92c901c0a40a8b5c01d8e4599013cbf1a8376748baebde7c039fb919"",""modulation_padding_bits"":0,""mother_bits"":2704,""n"":1660,""n_cb"":2600,""n_cb_comp"":2480,""power_protocol"":""fixed_constellation_average_Es2"",""puncturing_bits"":924,""puncturing_first_2Z"":104,""puncturing_remaining"":820,""repetition_bits"":0,""scrambling"":""public_PCG64_SHA256_protocol_session_frame_group_counter_after_rate_matching_v1"",""shortening_bits"":120,""z"":52}",[2048]
16QAM,5/6,16QAM:r5/6,b80cac76afc6ddb8a3e2b6301c79fdcf3f0b963abedaadb034c0253c8f325b45,1860,16,0,1876,1920,44,9984,6540,1635,0,0.2868501529051988,0.28440366972477066,"{""actual_effective_rate"":0.2868501529051988,""bg"":""bg2"",""bit_mapping"":""component_Gray_00_-3_01_-1_10_3_11_1_over_sqrt5;QPSK_0_plus1_1_minus1"",""code_blocks"":1,""decoder_config"":{""cn_schedule"":""flooding"",""cn_update"":""boxplus-phi"",""early_stop"":false,""hard_out"":true,""harq_mode"":false,""llr_max"":20.0,""num_iter"":20,""precision"":""single"",""prune_pcm"":true,""return_infobits"":true,""vn_update"":""sum""},""implementation"":{""bit_mapping"":""component_Gray_00_-3_01_-1_10_3_11_1_over_sqrt5;QPSK_0_plus1_1_minus1"",""cuda"":""12.8"",""decoder"":{""cn_schedule"":""flooding"",""cn_update"":""boxplus-phi"",""early_stop"":false,""hard_out"":true,""harq_mode"":false,""llr_max"":20.0,""num_iter"":20,""precision"":""single"",""prune_pcm"":true,""return_infobits"":true,""vn_update"":""sum""},""decoder_source_sha256"":""44d84b92b749e2970f94d92cd348a11648e2286b4d851faa0af8b21d08f0da23"",""encoder_source_sha256"":""34d8db6660b2e84708a8fb534f63c194f6f2b964e3693fcffc9dcaf21532ccfd"",""implementation"":""Sionna_5G_LDPC"",""power_protocol"":""fixed_constellation_average_Es2"",""precision"":""float32"",""rate_matching"":""Sionna RV0; filler removal, first2Z and tail puncturing; supported n only"",""scrambling"":""public_PCG64_SHA256_protocol_session_frame_group_counter_after_rate_matching_v1"",""torch"":""2.11.0+cu128"",""version"":""2.2.0""},""interleaver_sha256"":""b59e9c9932030e174a5316463731c2d8869491e5e1cc773529c50120882900b6"",""k"":1876,""k_filler"":44,""k_ldpc"":1920,""layout_id"":""87692c733c6cf730c880c921dd2199d8ad84a0207dde7097063efefffc25d26b"",""modulation_padding_bits"":0,""mother_bits"":9984,""n"":6540,""n_cb"":9600,""n_cb_comp"":9556,""power_protocol"":""fixed_constellation_average_Es2"",""puncturing_bits"":3400,""puncturing_first_2Z"":384,""puncturing_remaining"":3016,""repetition_bits"":0,""scrambling"":""public_PCG64_SHA256_protocol_session_frame_group_counter_after_rate_matching_v1"",""shortening_bits"":44,""z"":192}",[2048]
16QAM,1/2,16QAM:r1/2,b81218b4d5372a13db1245015e5332a688da3f0f08e8b77591b5fcc4ba756eb1,732,16,0,748,800,52,4160,2936,734,0,0.2547683923705722,0.24931880108991825,"{""actual_effective_rate"":0.2547683923705722,""bg"":""bg2"",""bit_mapping"":""component_Gray_00_-3_01_-1_10_3_11_1_over_sqrt5;QPSK_0_plus1_1_minus1"",""code_blocks"":1,""decoder_config"":{""cn_schedule"":""flooding"",""cn_update"":""boxplus-phi"",""early_stop"":false,""hard_out"":true,""harq_mode"":false,""llr_max"":20.0,""num_iter"":20,""precision"":""single"",""prune_pcm"":true,""return_infobits"":true,""vn_update"":""sum""},""implementation"":{""bit_mapping"":""component_Gray_00_-3_01_-1_10_3_11_1_over_sqrt5;QPSK_0_plus1_1_minus1"",""cuda"":""12.8"",""decoder"":{""cn_schedule"":""flooding"",""cn_update"":""boxplus-phi"",""early_stop"":false,""hard_out"":true,""harq_mode"":false,""llr_max"":20.0,""num_iter"":20,""precision"":""single"",""prune_pcm"":true,""return_infobits"":true,""vn_update"":""sum""},""decoder_source_sha256"":""44d84b92b749e2970f94d92cd348a11648e2286b4d851faa0af8b21d08f0da23"",""encoder_source_sha256"":""34d8db6660b2e84708a8fb534f63c194f6f2b964e3693fcffc9dcaf21532ccfd"",""implementation"":""Sionna_5G_LDPC"",""power_protocol"":""fixed_constellation_average_Es2"",""precision"":""float32"",""rate_matching"":""Sionna RV0; filler removal, first2Z and tail puncturing; supported n only"",""scrambling"":""public_PCG64_SHA256_protocol_session_frame_group_counter_after_rate_matching_v1"",""torch"":""2.11.0+cu128"",""version"":""2.2.0""},""interleaver_sha256"":""f62b99e2dc225ee613209675728fe35a4b0ce1a798c7077b867e41f8e4f206de"",""k"":748,""k_filler"":52,""k_ldpc"":800,""layout_id"":""c0e653c494faf6d8727fc6d565b65049e0128f208ee83da49a76a30eb3fe34c4"",""modulation_padding_bits"":0,""mother_bits"":4160,""n"":2936,""n_cb"":4000,""n_cb_comp"":3948,""power_protocol"":""fixed_constellation_average_Es2"",""puncturing_bits"":1172,""puncturing_first_2Z"":160,""puncturing_remaining"":1012,""repetition_bits"":0,""scrambling"":""public_PCG64_SHA256_protocol_session_frame_group_counter_after_rate_matching_v1"",""shortening_bits"":52,""z"":80}",[1024]
QPSK,5/6,QPSK:r5/6,b81630efe5d982e35646d0380444182288b51cb8dbebbf22baac2b222c7abce2,2856,16,0,2872,3168,296,9792,3456,1728,0,0.8310185185185185,0.8263888888888888,"{""actual_effective_rate"":0.8310185185185185,""bg"":""bg1"",""bit_mapping"":""component_Gray_00_-3_01_-1_10_3_11_1_over_sqrt5;QPSK_0_plus1_1_minus1"",""code_blocks"":1,""decoder_config"":{""cn_schedule"":""flooding"",""cn_update"":""boxplus-phi"",""early_stop"":false,""hard_out"":true,""harq_mode"":false,""llr_max"":20.0,""num_iter"":20,""precision"":""single"",""prune_pcm"":true,""return_infobits"":true,""vn_update"":""sum""},""implementation"":{""bit_mapping"":""component_Gray_00_-3_01_-1_10_3_11_1_over_sqrt5;QPSK_0_plus1_1_minus1"",""cuda"":""12.8"",""decoder"":{""cn_schedule"":""flooding"",""cn_update"":""boxplus-phi"",""early_stop"":false,""hard_out"":true,""harq_mode"":false,""llr_max"":20.0,""num_iter"":20,""precision"":""single"",""prune_pcm"":true,""return_infobits"":true,""vn_update"":""sum""},""decoder_source_sha256"":""44d84b92b749e2970f94d92cd348a11648e2286b4d851faa0af8b21d08f0da23"",""encoder_source_sha256"":""34d8db6660b2e84708a8fb534f63c194f6f2b964e3693fcffc9dcaf21532ccfd"",""implementation"":""Sionna_5G_LDPC"",""power_protocol"":""fixed_constellation_average_Es2"",""precision"":""float32"",""rate_matching"":""Sionna RV0; filler removal, first2Z and tail puncturing; supported n only"",""scrambling"":""public_PCG64_SHA256_protocol_session_frame_group_counter_after_rate_matching_v1"",""torch"":""2.11.0+cu128"",""version"":""2.2.0""},""interleaver_sha256"":""ce171fa9d8fd4d8b1c2104c71419bc6ad89b00441a93666ab70a30ba08ab37a5"",""k"":2872,""k_filler"":296,""k_ldpc"":3168,""layout_id"":""f1d4ad6fdfd8a916880eb36414fb9d524566a3d8ffe82bcab28db2d2bb7a1447"",""modulation_padding_bits"":0,""mother_bits"":9792,""n"":3456,""n_cb"":9504,""n_cb_comp"":9208,""power_protocol"":""fixed_constellation_average_Es2"",""puncturing_bits"":6040,""puncturing_first_2Z"":288,""puncturing_remaining"":5752,""repetition_bits"":0,""scrambling"":""public_PCG64_SHA256_protocol_session_frame_group_counter_after_rate_matching_v1"",""shortening_bits"":296,""z"":144}",[2048]
QPSK,1/3,QPSK:r1/3,b82dd6418b7a655c88eab62e7a05f549000d50dc07caaa8927211689a500b884,384,16,0,400,520,120,2704,1774,887,0,0.2254791431792559,0.21645997745208567,"{""actual_effective_rate"":0.2254791431792559,""bg"":""bg2"",""bit_mapping"":""component_Gray_00_-3_01_-1_10_3_11_1_over_sqrt5;QPSK_0_plus1_1_minus1"",""code_blocks"":1,""decoder_config"":{""cn_schedule"":""flooding"",""cn_update"":""boxplus-phi"",""early_stop"":false,""hard_out"":true,""harq_mode"":false,""llr_max"":20.0,""num_iter"":20,""precision"":""single"",""prune_pcm"":true,""return_infobits"":true,""vn_update"":""sum""},""implementation"":{""bit_mapping"":""component_Gray_00_-3_01_-1_10_3_11_1_over_sqrt5;QPSK_0_plus1_1_minus1"",""cuda"":""12.8"",""decoder"":{""cn_schedule"":""flooding"",""cn_update"":""boxplus-phi"",""early_stop"":false,""hard_out"":true,""harq_mode"":false,""llr_max"":20.0,""num_iter"":20,""precision"":""single"",""prune_pcm"":true,""return_infobits"":true,""vn_update"":""sum""},""decoder_source_sha256"":""44d84b92b749e2970f94d92cd348a11648e2286b4d851faa0af8b21d08f0da23"",""encoder_source_sha256"":""34d8db6660b2e84708a8fb534f63c194f6f2b964e3693fcffc9dcaf21532ccfd"",""implementation"":""Sionna_5G_LDPC"",""power_protocol"":""fixed_constellation_average_Es2"",""precision"":""float32"",""rate_matching"":""Sionna RV0; filler removal, first2Z and tail puncturing; supported n only"",""scrambling"":""public_PCG64_SHA256_protocol_session_frame_group_counter_after_rate_matching_v1"",""torch"":""2.11.0+cu128"",""version"":""2.2.0""},""interleaver_sha256"":""e6a62df9a3c9cad2deb3592a52115383e194861b95d630cd7c1685a4c6dbbcbf"",""k"":400,""k_filler"":120,""k_ldpc"":520,""layout_id"":""04b8066b491e6b91c2a2adbc3704c0c86a35bbfea4c8977a04af1d512819fdee"",""modulation_padding_bits"":0,""mother_bits"":2704,""n"":1774,""n_cb"":2600,""n_cb_comp"":2480,""power_protocol"":""fixed_constellation_average_Es2"",""puncturing_bits"":810,""puncturing_first_2Z"":104,""puncturing_remaining"":706,""repetition_bits"":0,""scrambling"":""public_PCG64_SHA256_protocol_session_frame_group_counter_after_rate_matching_v1"",""shortening_bits"":120,""z"":52}",[2048]
16QAM,2/3,16QAM:r2/3,b838a807d64b51dbf7c044a14d25ead504b6db1e06f6764b09625292d08df8b9,624,16,0,640,720,80,3744,2940,735,0,0.21768707482993196,0.21224489795918366,"{""actual_effective_rate"":0.21768707482993196,""bg"":""bg2"",""bit_mapping"":""component_Gray_00_-3_01_-1_10_3_11_1_over_sqrt5;QPSK_0_plus1_1_minus1"",""code_blocks"":1,""decoder_config"":{""cn_schedule"":""flooding"",""cn_update"":""boxplus-phi"",""early_stop"":false,""hard_out"":true,""harq_mode"":false,""llr_max"":20.0,""num_iter"":20,""precision"":""single"",""prune_pcm"":true,""return_infobits"":true,""vn_update"":""sum""},""implementation"":{""bit_mapping"":""component_Gray_00_-3_01_-1_10_3_11_1_over_sqrt5;QPSK_0_plus1_1_minus1"",""cuda"":""12.8"",""decoder"":{""cn_schedule"":""flooding"",""cn_update"":""boxplus-phi"",""early_stop"":false,""hard_out"":true,""harq_mode"":false,""llr_max"":20.0,""num_iter"":20,""precision"":""single"",""prune_pcm"":true,""return_infobits"":true,""vn_update"":""sum""},""decoder_source_sha256"":""44d84b92b749e2970f94d92cd348a11648e2286b4d851faa0af8b21d08f0da23"",""encoder_source_sha256"":""34d8db6660b2e84708a8fb534f63c194f6f2b964e3693fcffc9dcaf21532ccfd"",""implementation"":""Sionna_5G_LDPC"",""power_protocol"":""fixed_constellation_average_Es2"",""precision"":""float32"",""rate_matching"":""Sionna RV0; filler removal, first2Z and tail puncturing; supported n only"",""scrambling"":""public_PCG64_SHA256_protocol_session_frame_group_counter_after_rate_matching_v1"",""torch"":""2.11.0+cu128"",""version"":""2.2.0""},""interleaver_sha256"":""a47ebf7240f16c48c1fe43d7f94c6e74f2d43030c27fba975bf417ece32d7e61"",""k"":640,""k_filler"":80,""k_ldpc"":720,""layout_id"":""bc7c926a629acf088abc2da27a84c13ad9b0153a2a8947bc17c68869804a0431"",""modulation_padding_bits"":0,""mother_bits"":3744,""n"":2940,""n_cb"":3600,""n_cb_comp"":3520,""power_protocol"":""fixed_constellation_average_Es2"",""puncturing_bits"":724,""puncturing_first_2Z"":144,""puncturing_remaining"":580,""repetition_bits"":0,""scrambling"":""public_PCG64_SHA256_protocol_session_frame_group_counter_after_rate_matching_v1"",""shortening_bits"":80,""z"":72}",[2048]
16QAM,2/3,16QAM:r2/3,b839ce22ac5d8992c9fda32ecd07c28495e0b8a3932f5ee40f8fafe493167222,768,16,0,784,800,16,4160,2252,563,0,0.3481349911190053,0.3410301953818828,"{""actual_effective_rate"":0.3481349911190053,""bg"":""bg2"",""bit_mapping"":""component_Gray_00_-3_01_-1_10_3_11_1_over_sqrt5;QPSK_0_plus1_1_minus1"",""code_blocks"":1,""decoder_config"":{""cn_schedule"":""flooding"",""cn_update"":""boxplus-phi"",""early_stop"":false,""hard_out"":true,""harq_mode"":false,""llr_max"":20.0,""num_iter"":20,""precision"":""single"",""prune_pcm"":true,""return_infobits"":true,""vn_update"":""sum""},""implementation"":{""bit_mapping"":""component_Gray_00_-3_01_-1_10_3_11_1_over_sqrt5;QPSK_0_plus1_1_minus1"",""cuda"":""12.8"",""decoder"":{""cn_schedule"":""flooding"",""cn_update"":""boxplus-phi"",""early_stop"":false,""hard_out"":true,""harq_mode"":false,""llr_max"":20.0,""num_iter"":20,""precision"":""single"",""prune_pcm"":true,""return_infobits"":true,""vn_update"":""sum""},""decoder_source_sha256"":""44d84b92b749e2970f94d92cd348a11648e2286b4d851faa0af8b21d08f0da23"",""encoder_source_sha256"":""34d8db6660b2e84708a8fb534f63c194f6f2b964e3693fcffc9dcaf21532ccfd"",""implementation"":""Sionna_5G_LDPC"",""power_protocol"":""fixed_constellation_average_Es2"",""precision"":""float32"",""rate_matching"":""Sionna RV0; filler removal, first2Z and tail puncturing; supported n only"",""scrambling"":""public_PCG64_SHA256_protocol_session_frame_group_counter_after_rate_matching_v1"",""torch"":""2.11.0+cu128"",""version"":""2.2.0""},""interleaver_sha256"":""61ea4121c04a3276689bf925393265f0029bc471bef9b3c0796af35d8f0c6e00"",""k"":784,""k_filler"":16,""k_ldpc"":800,""layout_id"":""316b24b4a0691173d923a4c4b4d3fe307946f48f7aeabf6d7e8ce54619ce2d30"",""modulation_padding_bits"":0,""mother_bits"":4160,""n"":2252,""n_cb"":4000,""n_cb_comp"":3984,""power_protocol"":""fixed_constellation_average_Es2"",""puncturing_bits"":1892,""puncturing_first_2Z"":160,""puncturing_remaining"":1732,""repetition_bits"":0,""scrambling"":""public_PCG64_SHA256_protocol_session_frame_group_counter_after_rate_matching_v1"",""shortening_bits"":16,""z"":80}",[2048]
QPSK,3/4,QPSK:r3/4,b84ad3475d728cfbee1fd77c49266262637ebd62c831be6580b1e65348cede5a,1704,16,0,1720,1760,40,5440,2452,1226,0,0.7014681892332789,0.6949429037520392,"{""actual_effective_rate"":0.7014681892332789,""bg"":""bg1"",""bit_mapping"":""component_Gray_00_-3_01_-1_10_3_11_1_over_sqrt5;QPSK_0_plus1_1_minus1"",""code_blocks"":1,""decoder_config"":{""cn_schedule"":""flooding"",""cn_update"":""boxplus-phi"",""early_stop"":false,""hard_out"":true,""harq_mode"":false,""llr_max"":20.0,""num_iter"":20,""precision"":""single"",""prune_pcm"":true,""return_infobits"":true,""vn_update"":""sum""},""implementation"":{""bit_mapping"":""component_Gray_00_-3_01_-1_10_3_11_1_over_sqrt5;QPSK_0_plus1_1_minus1"",""cuda"":""12.8"",""decoder"":{""cn_schedule"":""flooding"",""cn_update"":""boxplus-phi"",""early_stop"":false,""hard_out"":true,""harq_mode"":false,""llr_max"":20.0,""num_iter"":20,""precision"":""single"",""prune_pcm"":true,""return_infobits"":true,""vn_update"":""sum""},""decoder_source_sha256"":""44d84b92b749e2970f94d92cd348a11648e2286b4d851faa0af8b21d08f0da23"",""encoder_source_sha256"":""34d8db6660b2e84708a8fb534f63c194f6f2b964e3693fcffc9dcaf21532ccfd"",""implementation"":""Sionna_5G_LDPC"",""power_protocol"":""fixed_constellation_average_Es2"",""precision"":""float32"",""rate_matching"":""Sionna RV0; filler removal, first2Z and tail puncturing; supported n only"",""scrambling"":""public_PCG64_SHA256_protocol_session_frame_group_counter_after_rate_matching_v1"",""torch"":""2.11.0+cu128"",""version"":""2.2.0""},""interleaver_sha256"":""00c685640685dec035b6a00a41e296a268b74b8b54cf5961b6ad1dce61ef2a39"",""k"":1720,""k_filler"":40,""k_ldpc"":1760,""layout_id"":""95cb93db189edc9812a8132b25b9fa1403a4210844a1b9100839e0b78f12c619"",""modulation_padding_bits"":0,""mother_bits"":5440,""n"":2452,""n_cb"":5280,""n_cb_comp"":5240,""power_protocol"":""fixed_constellation_average_Es2"",""puncturing_bits"":2948,""puncturing_first_2Z"":160,""puncturing_remaining"":2788,""repetition_bits"":0,""scrambling"":""public_PCG64_SHA256_protocol_session_frame_group_counter_after_rate_matching_v1"",""shortening_bits"":40,""z"":80}",[2048]
QPSK,5/6,QPSK:r5/6,b84bfa5c1e65f800eea6dd2d7cac84280cbed58fd067c9866c455be6b6e5ddf8,2352,16,0,2368,2464,96,7616,2842,1421,0,0.8332160450387052,0.8275862068965517,"{""actual_effective_rate"":0.8332160450387052,""bg"":""bg1"",""bit_mapping"":""component_Gray_00_-3_01_-1_10_3_11_1_over_sqrt5;QPSK_0_plus1_1_minus1"",""code_blocks"":1,""decoder_config"":{""cn_schedule"":""flooding"",""cn_update"":""boxplus-phi"",""early_stop"":false,""hard_out"":true,""harq_mode"":false,""llr_max"":20.0,""num_iter"":20,""precision"":""single"",""prune_pcm"":true,""return_infobits"":true,""vn_update"":""sum""},""implementation"":{""bit_mapping"":""component_Gray_00_-3_01_-1_10_3_11_1_over_sqrt5;QPSK_0_plus1_1_minus1"",""cuda"":""12.8"",""decoder"":{""cn_schedule"":""flooding"",""cn_update"":""boxplus-phi"",""early_stop"":false,""hard_out"":true,""harq_mode"":false,""llr_max"":20.0,""num_iter"":20,""precision"":""single"",""prune_pcm"":true,""return_infobits"":true,""vn_update"":""sum""},""decoder_source_sha256"":""44d84b92b749e2970f94d92cd348a11648e2286b4d851faa0af8b21d08f0da23"",""encoder_source_sha256"":""34d8db6660b2e84708a8fb534f63c194f6f2b964e3693fcffc9dcaf21532ccfd"",""implementation"":""Sionna_5G_LDPC"",""power_protocol"":""fixed_constellation_average_Es2"",""precision"":""float32"",""rate_matching"":""Sionna RV0; filler removal, first2Z and tail puncturing; supported n only"",""scrambling"":""public_PCG64_SHA256_protocol_session_frame_group_counter_after_rate_matching_v1"",""torch"":""2.11.0+cu128"",""version"":""2.2.0""},""interleaver_sha256"":""6717e2b191c8f1c034a5da861827d373075d50b9b433ae1e1ff89296a67c137f"",""k"":2368,""k_filler"":96,""k_ldpc"":2464,""layout_id"":""52e6b562718e26dbd4f11345577461b05400fd7ade1447c35c7512ceee179b5e"",""modulation_padding_bits"":0,""mother_bits"":7616,""n"":2842,""n_cb"":7392,""n_cb_comp"":7296,""power_protocol"":""fixed_constellation_average_Es2"",""puncturing_bits"":4678,""puncturing_first_2Z"":224,""puncturing_remaining"":4454,""repetition_bits"":0,""scrambling"":""public_PCG64_SHA256_protocol_session_frame_group_counter_after_rate_matching_v1"",""shortening_bits"":96,""z"":112}",[2048]
16QAM,5/6,16QAM:r5/6,b85116e17de161b8fcf37a1ad03ccb05628f30ba37be7478803ca1ff32e4cbaf,108,16,0,124,220,96,1144,600,150,0,0.20666666666666667,0.18,"{""actual_effective_rate"":0.20666666666666667,""bg"":""bg2"",""bit_mapping"":""component_Gray_00_-3_01_-1_10_3_11_1_over_sqrt5;QPSK_0_plus1_1_minus1"",""code_blocks"":1,""decoder_config"":{""cn_schedule"":""flooding"",""cn_update"":""boxplus-phi"",""early_stop"":false,""hard_out"":true,""harq_mode"":false,""llr_max"":20.0,""num_iter"":20,""precision"":""single"",""prune_pcm"":true,""return_infobits"":true,""vn_update"":""sum""},""implementation"":{""bit_mapping"":""component_Gray_00_-3_01_-1_10_3_11_1_over_sqrt5;QPSK_0_plus1_1_minus1"",""cuda"":""12.8"",""decoder"":{""cn_schedule"":""flooding"",""cn_update"":""boxplus-phi"",""early_stop"":false,""hard_out"":true,""harq_mode"":false,""llr_max"":20.0,""num_iter"":20,""precision"":""single"",""prune_pcm"":true,""return_infobits"":true,""vn_update"":""sum""},""decoder_source_sha256"":""44d84b92b749e2970f94d92cd348a11648e2286b4d851faa0af8b21d08f0da23"",""encoder_source_sha256"":""34d8db6660b2e84708a8fb534f63c194f6f2b964e3693fcffc9dcaf21532ccfd"",""implementation"":""Sionna_5G_LDPC"",""power_protocol"":""fixed_constellation_average_Es2"",""precision"":""float32"",""rate_matching"":""Sionna RV0; filler removal, first2Z and tail puncturing; supported n only"",""scrambling"":""public_PCG64_SHA256_protocol_session_frame_group_counter_after_rate_matching_v1"",""torch"":""2.11.0+cu128"",""version"":""2.2.0""},""interleaver_sha256"":""19b6026a374bba9fa355e5a6df7059a56518920780019555804e2c959b739a28"",""k"":124,""k_filler"":96,""k_ldpc"":220,""layout_id"":""c4f2a8513a78a5297a95daafa2925b5463997a8738ec1e8889df46a975676cb7"",""modulation_padding_bits"":0,""mother_bits"":1144,""n"":600,""n_cb"":1100,""n_cb_comp"":1004,""power_protocol"":""fixed_constellation_average_Es2"",""puncturing_bits"":448,""puncturing_first_2Z"":44,""puncturing_remaining"":404,""repetition_bits"":0,""scrambling"":""public_PCG64_SHA256_protocol_session_frame_group_counter_after_rate_matching_v1"",""shortening_bits"":96,""z"":22}",[1024]
QPSK,1/2,QPSK:r1/2,b85d9f391dd8ce4f428e45ba8b27d8255bdd6e802e8ed0bdd442a39a27529024,816,16,0,832,880,48,4576,3114,1557,0,0.26718047527296085,0.26204238921001927,"{""actual_effective_rate"":0.26718047527296085,""bg"":""bg2"",""bit_mapping"":""component_Gray_00_-3_01_-1_10_3_11_1_over_sqrt5;QPSK_0_plus1_1_minus1"",""code_blocks"":1,""decoder_config"":{""cn_schedule"":""flooding"",""cn_update"":""boxplus-phi"",""early_stop"":false,""hard_out"":true,""harq_mode"":false,""llr_max"":20.0,""num_iter"":20,""precision"":""single"",""prune_pcm"":true,""return_infobits"":true,""vn_update"":""sum""},""implementation"":{""bit_mapping"":""component_Gray_00_-3_01_-1_10_3_11_1_over_sqrt5;QPSK_0_plus1_1_minus1"",""cuda"":""12.8"",""decoder"":{""cn_schedule"":""flooding"",""cn_update"":""boxplus-phi"",""early_stop"":false,""hard_out"":true,""harq_mode"":false,""llr_max"":20.0,""num_iter"":20,""precision"":""single"",""prune_pcm"":true,""return_infobits"":true,""vn_update"":""sum""},""decoder_source_sha256"":""44d84b92b749e2970f94d92cd348a11648e2286b4d851faa0af8b21d08f0da23"",""encoder_source_sha256"":""34d8db6660b2e84708a8fb534f63c194f6f2b964e3693fcffc9dcaf21532ccfd"",""implementation"":""Sionna_5G_LDPC"",""power_protocol"":""fixed_constellation_average_Es2"",""precision"":""float32"",""rate_matching"":""Sionna RV0; filler removal, first2Z and tail puncturing; supported n only"",""scrambling"":""public_PCG64_SHA256_protocol_session_frame_group_counter_after_rate_matching_v1"",""torch"":""2.11.0+cu128"",""version"":""2.2.0""},""interleaver_sha256"":""0bc4095e9c74cf15936c763c5c2f779269c55026de42e1f9aab02b8d24d7962c"",""k"":832,""k_filler"":48,""k_ldpc"":880,""layout_id"":""235ab545597d05b3e18a7026e7d048f2edb40fa7a41db80a04c65cdd878e2b3e"",""modulation_padding_bits"":0,""mother_bits"":4576,""n"":3114,""n_cb"":4400,""n_cb_comp"":4352,""power_protocol"":""fixed_constellation_average_Es2"",""puncturing_bits"":1414,""puncturing_first_2Z"":176,""puncturing_remaining"":1238,""repetition_bits"":0,""scrambling"":""public_PCG64_SHA256_protocol_session_frame_group_counter_after_rate_matching_v1"",""shortening_bits"":48,""z"":88}",[2048]
QPSK,5/6,QPSK:r5/6,b85ee91ea475382d530f7f1c7cc0f4d928e719fbde9e9b12f10de060c0715016,360,16,0,376,480,104,2496,578,289,0,0.6505190311418685,0.6228373702422145,"{""actual_effective_rate"":0.6505190311418685,""bg"":""bg2"",""bit_mapping"":""component_Gray_00_-3_01_-1_10_3_11_1_over_sqrt5;QPSK_0_plus1_1_minus1"",""code_blocks"":1,""decoder_config"":{""cn_schedule"":""flooding"",""cn_update"":""boxplus-phi"",""early_stop"":false,""hard_out"":true,""harq_mode"":false,""llr_max"":20.0,""num_iter"":20,""precision"":""single"",""prune_pcm"":true,""return_infobits"":true,""vn_update"":""sum""},""implementation"":{""bit_mapping"":""component_Gray_00_-3_01_-1_10_3_11_1_over_sqrt5;QPSK_0_plus1_1_minus1"",""cuda"":""12.8"",""decoder"":{""cn_schedule"":""flooding"",""cn_update"":""boxplus-phi"",""early_stop"":false,""hard_out"":true,""harq_mode"":false,""llr_max"":20.0,""num_iter"":20,""precision"":""single"",""prune_pcm"":true,""return_infobits"":true,""vn_update"":""sum""},""decoder_source_sha256"":""44d84b92b749e2970f94d92cd348a11648e2286b4d851faa0af8b21d08f0da23"",""encoder_source_sha256"":""34d8db6660b2e84708a8fb534f63c194f6f2b964e3693fcffc9dcaf21532ccfd"",""implementation"":""Sionna_5G_LDPC"",""power_protocol"":""fixed_constellation_average_Es2"",""precision"":""float32"",""rate_matching"":""Sionna RV0; filler removal, first2Z and tail puncturing; supported n only"",""scrambling"":""public_PCG64_SHA256_protocol_session_frame_group_counter_after_rate_matching_v1"",""torch"":""2.11.0+cu128"",""version"":""2.2.0""},""interleaver_sha256"":""9bb9bcf2ec7e04b7b3457bf8088f1f7aadc2efe1d04d8152f717e638df36fb84"",""k"":376,""k_filler"":104,""k_ldpc"":480,""layout_id"":""ff2b929e6460e09b51fd1b2d51035891252970749205f3a75a7f5b37deb39da6"",""modulation_padding_bits"":0,""mother_bits"":2496,""n"":578,""n_cb"":2400,""n_cb_comp"":2296,""power_protocol"":""fixed_constellation_average_Es2"",""puncturing_bits"":1814,""puncturing_first_2Z"":96,""puncturing_remaining"":1718,""repetition_bits"":0,""scrambling"":""public_PCG64_SHA256_protocol_session_frame_group_counter_after_rate_matching_v1"",""shortening_bits"":104,""z"":48}",[2048]
QPSK,5/6,QPSK:r5/6,b86307441a0b7374b631ebf0fdc7f4882ad72cef5ee2dba648a1a8fcae2fa315,300,16,0,316,400,84,2080,640,320,0,0.49375,0.46875,"{""actual_effective_rate"":0.49375,""bg"":""bg2"",""bit_mapping"":""component_Gray_00_-3_01_-1_10_3_11_1_over_sqrt5;QPSK_0_plus1_1_minus1"",""code_blocks"":1,""decoder_config"":{""cn_schedule"":""flooding"",""cn_update"":""boxplus-phi"",""early_stop"":false,""hard_out"":true,""harq_mode"":false,""llr_max"":20.0,""num_iter"":20,""precision"":""single"",""prune_pcm"":true,""return_infobits"":true,""vn_update"":""sum""},""implementation"":{""bit_mapping"":""component_Gray_00_-3_01_-1_10_3_11_1_over_sqrt5;QPSK_0_plus1_1_minus1"",""cuda"":""12.8"",""decoder"":{""cn_schedule"":""flooding"",""cn_update"":""boxplus-phi"",""early_stop"":false,""hard_out"":true,""harq_mode"":false,""llr_max"":20.0,""num_iter"":20,""precision"":""single"",""prune_pcm"":true,""return_infobits"":true,""vn_update"":""sum""},""decoder_source_sha256"":""44d84b92b749e2970f94d92cd348a11648e2286b4d851faa0af8b21d08f0da23"",""encoder_source_sha256"":""34d8db6660b2e84708a8fb534f63c194f6f2b964e3693fcffc9dcaf21532ccfd"",""implementation"":""Sionna_5G_LDPC"",""power_protocol"":""fixed_constellation_average_Es2"",""precision"":""float32"",""rate_matching"":""Sionna RV0; filler removal, first2Z and tail puncturing; supported n only"",""scrambling"":""public_PCG64_SHA256_protocol_session_frame_group_counter_after_rate_matching_v1"",""torch"":""2.11.0+cu128"",""version"":""2.2.0""},""interleaver_sha256"":""a22181219d4bfbf4409c362d32fbff392150285eb20c18cab939a97ddc811f8e"",""k"":316,""k_filler"":84,""k_ldpc"":400,""layout_id"":""022b7b5efd66dce2fb3290ed5e532f5ee4fff7f5d10903d09b23abd775cffc57"",""modulation_padding_bits"":0,""mother_bits"":2080,""n"":640,""n_cb"":2000,""n_cb_comp"":1916,""power_protocol"":""fixed_constellation_average_Es2"",""puncturing_bits"":1356,""puncturing_first_2Z"":80,""puncturing_remaining"":1276,""repetition_bits"":0,""scrambling"":""public_PCG64_SHA256_protocol_session_frame_group_counter_after_rate_matching_v1"",""shortening_bits"":84,""z"":40}",[1024]
QPSK,3/4,QPSK:r3/4,b86725d1681d7734ba8416ef992504a23d68ab030dd7fbba6cb5eacc14592637,2400,16,0,2416,2560,144,13312,3700,1850,0,0.652972972972973,0.6486486486486487,"{""actual_effective_rate"":0.652972972972973,""bg"":""bg2"",""bit_mapping"":""component_Gray_00_-3_01_-1_10_3_11_1_over_sqrt5;QPSK_0_plus1_1_minus1"",""code_blocks"":1,""decoder_config"":{""cn_schedule"":""flooding"",""cn_update"":""boxplus-phi"",""early_stop"":false,""hard_out"":true,""harq_mode"":false,""llr_max"":20.0,""num_iter"":20,""precision"":""single"",""prune_pcm"":true,""return_infobits"":true,""vn_update"":""sum""},""implementation"":{""bit_mapping"":""component_Gray_00_-3_01_-1_10_3_11_1_over_sqrt5;QPSK_0_plus1_1_minus1"",""cuda"":""12.8"",""decoder"":{""cn_schedule"":""flooding"",""cn_update"":""boxplus-phi"",""early_stop"":false,""hard_out"":true,""harq_mode"":false,""llr_max"":20.0,""num_iter"":20,""precision"":""single"",""prune_pcm"":true,""return_infobits"":true,""vn_update"":""sum""},""decoder_source_sha256"":""44d84b92b749e2970f94d92cd348a11648e2286b4d851faa0af8b21d08f0da23"",""encoder_source_sha256"":""34d8db6660b2e84708a8fb534f63c194f6f2b964e3693fcffc9dcaf21532ccfd"",""implementation"":""Sionna_5G_LDPC"",""power_protocol"":""fixed_constellation_average_Es2"",""precision"":""float32"",""rate_matching"":""Sionna RV0; filler removal, first2Z and tail puncturing; supported n only"",""scrambling"":""public_PCG64_SHA256_protocol_session_frame_group_counter_after_rate_matching_v1"",""torch"":""2.11.0+cu128"",""version"":""2.2.0""},""interleaver_sha256"":""2417ec81f6576f6316f44f8365f13d054989b6add09b2b19987144fa787530c5"",""k"":2416,""k_filler"":144,""k_ldpc"":2560,""layout_id"":""af1d2807933e777d3f796b00910604197cc9771b520ddc6b1f122c6a96a640ae"",""modulation_padding_bits"":0,""mother_bits"":13312,""n"":3700,""n_cb"":12800,""n_cb_comp"":12656,""power_protocol"":""fixed_constellation_average_Es2"",""puncturing_bits"":9468,""puncturing_first_2Z"":512,""puncturing_remaining"":8956,""repetition_bits"":0,""scrambling"":""public_PCG64_SHA256_protocol_session_frame_group_counter_after_rate_matching_v1"",""shortening_bits"":144,""z"":256}",[2048]
16QAM,2/3,16QAM:r2/3,b86aa7312e2ca22be6a5c594391538e12f1b0591b4cae2f0ab0279213b45740c,360,16,0,376,480,104,2496,1748,437,0,0.2151029748283753,0.20594965675057209,"{""actual_effective_rate"":0.2151029748283753,""bg"":""bg2"",""bit_mapping"":""component_Gray_00_-3_01_-1_10_3_11_1_over_sqrt5;QPSK_0_plus1_1_minus1"",""code_blocks"":1,""decoder_config"":{""cn_schedule"":""flooding"",""cn_update"":""boxplus-phi"",""early_stop"":false,""hard_out"":true,""harq_mode"":false,""llr_max"":20.0,""num_iter"":20,""precision"":""single"",""prune_pcm"":true,""return_infobits"":true,""vn_update"":""sum""},""implementation"":{""bit_mapping"":""component_Gray_00_-3_01_-1_10_3_11_1_over_sqrt5;QPSK_0_plus1_1_minus1"",""cuda"":""12.8"",""decoder"":{""cn_schedule"":""flooding"",""cn_update"":""boxplus-phi"",""early_stop"":false,""hard_out"":true,""harq_mode"":false,""llr_max"":20.0,""num_iter"":20,""precision"":""single"",""prune_pcm"":true,""return_infobits"":true,""vn_update"":""sum""},""decoder_source_sha256"":""44d84b92b749e2970f94d92cd348a11648e2286b4d851faa0af8b21d08f0da23"",""encoder_source_sha256"":""34d8db6660b2e84708a8fb534f63c194f6f2b964e3693fcffc9dcaf21532ccfd"",""implementation"":""Sionna_5G_LDPC"",""power_protocol"":""fixed_constellation_average_Es2"",""precision"":""float32"",""rate_matching"":""Sionna RV0; filler removal, first2Z and tail puncturing; supported n only"",""scrambling"":""public_PCG64_SHA256_protocol_session_frame_group_counter_after_rate_matching_v1"",""torch"":""2.11.0+cu128"",""version"":""2.2.0""},""interleaver_sha256"":""520ef3e09fe1bb43a44033586a63ff19d111851838cc0baa71432634b5845a3b"",""k"":376,""k_filler"":104,""k_ldpc"":480,""layout_id"":""3067f9000dd2cc08d30f54a6bef54ce6f3709f77725f900a70381fc5ff705124"",""modulation_padding_bits"":0,""mother_bits"":2496,""n"":1748,""n_cb"":2400,""n_cb_comp"":2296,""power_protocol"":""fixed_constellation_average_Es2"",""puncturing_bits"":644,""puncturing_first_2Z"":96,""puncturing_remaining"":548,""repetition_bits"":0,""scrambling"":""public_PCG64_SHA256_protocol_session_frame_group_counter_after_rate_matching_v1"",""shortening_bits"":104,""z"":48}",[2048]
QPSK,1/2,QPSK:r1/2,b87be7a2d8e8733112b4a5da385c71daf42e7627223cfadb5c135e771df92984,660,16,0,676,720,44,3744,1808,904,0,0.37389380530973454,0.36504424778761063,"{""actual_effective_rate"":0.37389380530973454,""bg"":""bg2"",""bit_mapping"":""component_Gray_00_-3_01_-1_10_3_11_1_over_sqrt5;QPSK_0_plus1_1_minus1"",""code_blocks"":1,""decoder_config"":{""cn_schedule"":""flooding"",""cn_update"":""boxplus-phi"",""early_stop"":false,""hard_out"":true,""harq_mode"":false,""llr_max"":20.0,""num_iter"":20,""precision"":""single"",""prune_pcm"":true,""return_infobits"":true,""vn_update"":""sum""},""implementation"":{""bit_mapping"":""component_Gray_00_-3_01_-1_10_3_11_1_over_sqrt5;QPSK_0_plus1_1_minus1"",""cuda"":""12.8"",""decoder"":{""cn_schedule"":""flooding"",""cn_update"":""boxplus-phi"",""early_stop"":false,""hard_out"":true,""harq_mode"":false,""llr_max"":20.0,""num_iter"":20,""precision"":""single"",""prune_pcm"":true,""return_infobits"":true,""vn_update"":""sum""},""decoder_source_sha256"":""44d84b92b749e2970f94d92cd348a11648e2286b4d851faa0af8b21d08f0da23"",""encoder_source_sha256"":""34d8db6660b2e84708a8fb534f63c194f6f2b964e3693fcffc9dcaf21532ccfd"",""implementation"":""Sionna_5G_LDPC"",""power_protocol"":""fixed_constellation_average_Es2"",""precision"":""float32"",""rate_matching"":""Sionna RV0; filler removal, first2Z and tail puncturing; supported n only"",""scrambling"":""public_PCG64_SHA256_protocol_session_frame_group_counter_after_rate_matching_v1"",""torch"":""2.11.0+cu128"",""version"":""2.2.0""},""interleaver_sha256"":""95072aac19e8fe2963ef73b4767dedc2d7f1d535af1564aee0b126843e81ef71"",""k"":676,""k_filler"":44,""k_ldpc"":720,""layout_id"":""a5801e38e0955511686b114cd898fa8e7035ac02b2aba719bf68a1c6a1637908"",""modulation_padding_bits"":0,""mother_bits"":3744,""n"":1808,""n_cb"":3600,""n_cb_comp"":3556,""power_protocol"":""fixed_constellation_average_Es2"",""puncturing_bits"":1892,""puncturing_first_2Z"":144,""puncturing_remaining"":1748,""repetition_bits"":0,""scrambling"":""public_PCG64_SHA256_protocol_session_frame_group_counter_after_rate_matching_v1"",""shortening_bits"":44,""z"":72}",[2048]
16QAM,3/4,16QAM:r3/4,b8825cecdf5ff385189e27dd43b0124fbbf7d53daa1965711f0cd8b6c19a15d5,1308,16,0,1324,1440,116,7488,2332,583,0,0.5677530017152659,0.5608919382504288,"{""actual_effective_rate"":0.5677530017152659,""bg"":""bg2"",""bit_mapping"":""component_Gray_00_-3_01_-1_10_3_11_1_over_sqrt5;QPSK_0_plus1_1_minus1"",""code_blocks"":1,""decoder_config"":{""cn_schedule"":""flooding"",""cn_update"":""boxplus-phi"",""early_stop"":false,""hard_out"":true,""harq_mode"":false,""llr_max"":20.0,""num_iter"":20,""precision"":""single"",""prune_pcm"":true,""return_infobits"":true,""vn_update"":""sum""},""implementation"":{""bit_mapping"":""component_Gray_00_-3_01_-1_10_3_11_1_over_sqrt5;QPSK_0_plus1_1_minus1"",""cuda"":""12.8"",""decoder"":{""cn_schedule"":""flooding"",""cn_update"":""boxplus-phi"",""early_stop"":false,""hard_out"":true,""harq_mode"":false,""llr_max"":20.0,""num_iter"":20,""precision"":""single"",""prune_pcm"":true,""return_infobits"":true,""vn_update"":""sum""},""decoder_source_sha256"":""44d84b92b749e2970f94d92cd348a11648e2286b4d851faa0af8b21d08f0da23"",""encoder_source_sha256"":""34d8db6660b2e84708a8fb534f63c194f6f2b964e3693fcffc9dcaf21532ccfd"",""implementation"":""Sionna_5G_LDPC"",""power_protocol"":""fixed_constellation_average_Es2"",""precision"":""float32"",""rate_matching"":""Sionna RV0; filler removal, first2Z and tail puncturing; supported n only"",""scrambling"":""public_PCG64_SHA256_protocol_session_frame_group_counter_after_rate_matching_v1"",""torch"":""2.11.0+cu128"",""version"":""2.2.0""},""interleaver_sha256"":""d5d12c79993d4b2cf3af4c3fdbe1d26d8cb19508047b5aca39947d5afefdf312"",""k"":1324,""k_filler"":116,""k_ldpc"":1440,""layout_id"":""84003b738ea4e2138136f081b64d20e09097ea3d1c43bb00942288c462430d88"",""modulation_padding_bits"":0,""mother_bits"":7488,""n"":2332,""n_cb"":7200,""n_cb_comp"":7084,""power_protocol"":""fixed_constellation_average_Es2"",""puncturing_bits"":5040,""puncturing_first_2Z"":288,""puncturing_remaining"":4752,""repetition_bits"":0,""scrambling"":""public_PCG64_SHA256_protocol_session_frame_group_counter_after_rate_matching_v1"",""shortening_bits"":116,""z"":144}",[1024]
16QAM,5/6,16QAM:r5/6,b889fa883540301bdaf0fd7786de6b171315882d748234d7dc638204a3484b4c,360,16,0,376,480,104,2496,1596,399,0,0.23558897243107768,0.22556390977443608,"{""actual_effective_rate"":0.23558897243107768,""bg"":""bg2"",""bit_mapping"":""component_Gray_00_-3_01_-1_10_3_11_1_over_sqrt5;QPSK_0_plus1_1_minus1"",""code_blocks"":1,""decoder_config"":{""cn_schedule"":""flooding"",""cn_update"":""boxplus-phi"",""early_stop"":false,""hard_out"":true,""harq_mode"":false,""llr_max"":20.0,""num_iter"":20,""precision"":""single"",""prune_pcm"":true,""return_infobits"":true,""vn_update"":""sum""},""implementation"":{""bit_mapping"":""component_Gray_00_-3_01_-1_10_3_11_1_over_sqrt5;QPSK_0_plus1_1_minus1"",""cuda"":""12.8"",""decoder"":{""cn_schedule"":""flooding"",""cn_update"":""boxplus-phi"",""early_stop"":false,""hard_out"":true,""harq_mode"":false,""llr_max"":20.0,""num_iter"":20,""precision"":""single"",""prune_pcm"":true,""return_infobits"":true,""vn_update"":""sum""},""decoder_source_sha256"":""44d84b92b749e2970f94d92cd348a11648e2286b4d851faa0af8b21d08f0da23"",""encoder_source_sha256"":""34d8db6660b2e84708a8fb534f63c194f6f2b964e3693fcffc9dcaf21532ccfd"",""implementation"":""Sionna_5G_LDPC"",""power_protocol"":""fixed_constellation_average_Es2"",""precision"":""float32"",""rate_matching"":""Sionna RV0; filler removal, first2Z and tail puncturing; supported n only"",""scrambling"":""public_PCG64_SHA256_protocol_session_frame_group_counter_after_rate_matching_v1"",""torch"":""2.11.0+cu128"",""version"":""2.2.0""},""interleaver_sha256"":""463dd57694af3a2f0acf5a2f231ec543a9b2a4cf4a4b4f54f79f8631c2c37e4e"",""k"":376,""k_filler"":104,""k_ldpc"":480,""layout_id"":""c230731be176d65319a9c0de0302ff5b01d2e785d4c027d10666f1238643c27e"",""modulation_padding_bits"":0,""mother_bits"":2496,""n"":1596,""n_cb"":2400,""n_cb_comp"":2296,""power_protocol"":""fixed_constellation_average_Es2"",""puncturing_bits"":796,""puncturing_first_2Z"":96,""puncturing_remaining"":700,""repetition_bits"":0,""scrambling"":""public_PCG64_SHA256_protocol_session_frame_group_counter_after_rate_matching_v1"",""shortening_bits"":104,""z"":48}",[2048]
QPSK,5/6,QPSK:r5/6,b89a40dd4a97b9b1c3acf42e6db1a1d448adbc4b01d92c8529c71ff0fbb6eff2,156,16,0,172,300,128,1560,208,104,0,0.8269230769230769,0.75,"{""actual_effective_rate"":0.8269230769230769,""bg"":""bg2"",""bit_mapping"":""component_Gray_00_-3_01_-1_10_3_11_1_over_sqrt5;QPSK_0_plus1_1_minus1"",""code_blocks"":1,""decoder_config"":{""cn_schedule"":""flooding"",""cn_update"":""boxplus-phi"",""early_stop"":false,""hard_out"":true,""harq_mode"":false,""llr_max"":20.0,""num_iter"":20,""precision"":""single"",""prune_pcm"":true,""return_infobits"":true,""vn_update"":""sum""},""implementation"":{""bit_mapping"":""component_Gray_00_-3_01_-1_10_3_11_1_over_sqrt5;QPSK_0_plus1_1_minus1"",""cuda"":""12.8"",""decoder"":{""cn_schedule"":""flooding"",""cn_update"":""boxplus-phi"",""early_stop"":false,""hard_out"":true,""harq_mode"":false,""llr_max"":20.0,""num_iter"":20,""precision"":""single"",""prune_pcm"":true,""return_infobits"":true,""vn_update"":""sum""},""decoder_source_sha256"":""44d84b92b749e2970f94d92cd348a11648e2286b4d851faa0af8b21d08f0da23"",""encoder_source_sha256"":""34d8db6660b2e84708a8fb534f63c194f6f2b964e3693fcffc9dcaf21532ccfd"",""implementation"":""Sionna_5G_LDPC"",""power_protocol"":""fixed_constellation_average_Es2"",""precision"":""float32"",""rate_matching"":""Sionna RV0; filler removal, first2Z and tail puncturing; supported n only"",""scrambling"":""public_PCG64_SHA256_protocol_session_frame_group_counter_after_rate_matching_v1"",""torch"":""2.11.0+cu128"",""version"":""2.2.0""},""interleaver_sha256"":""dd05262d69371c13cc32841f28f4036774ade9a059b29b8a0593cd1b374fb182"",""k"":172,""k_filler"":128,""k_ldpc"":300,""layout_id"":""a5f46c40e07d4fa5fa1a058e499c67a70996b12df731bfe346cd6e25b9d0a218"",""modulation_padding_bits"":0,""mother_bits"":1560,""n"":208,""n_cb"":1500,""n_cb_comp"":1372,""power_protocol"":""fixed_constellation_average_Es2"",""puncturing_bits"":1224,""puncturing_first_2Z"":60,""puncturing_remaining"":1164,""repetition_bits"":0,""scrambling"":""public_PCG64_SHA256_protocol_session_frame_group_counter_after_rate_matching_v1"",""shortening_bits"":128,""z"":30}",[2048]
QPSK,5/6,QPSK:r5/6,b8a7f8688fd1d51542571a0cf3b453f4dd14a98f73ab4ed6aac7f6b1da483975,1092,16,0,1108,1120,12,5824,2376,1188,0,0.4663299663299663,0.4595959595959596,"{""actual_effective_rate"":0.4663299663299663,""bg"":""bg2"",""bit_mapping"":""component_Gray_00_-3_01_-1_10_3_11_1_over_sqrt5;QPSK_0_plus1_1_minus1"",""code_blocks"":1,""decoder_config"":{""cn_schedule"":""flooding"",""cn_update"":""boxplus-phi"",""early_stop"":false,""hard_out"":true,""harq_mode"":false,""llr_max"":20.0,""num_iter"":20,""precision"":""single"",""prune_pcm"":true,""return_infobits"":true,""vn_update"":""sum""},""implementation"":{""bit_mapping"":""component_Gray_00_-3_01_-1_10_3_11_1_over_sqrt5;QPSK_0_plus1_1_minus1"",""cuda"":""12.8"",""decoder"":{""cn_schedule"":""flooding"",""cn_update"":""boxplus-phi"",""early_stop"":false,""hard_out"":true,""harq_mode"":false,""llr_max"":20.0,""num_iter"":20,""precision"":""single"",""prune_pcm"":true,""return_infobits"":true,""vn_update"":""sum""},""decoder_source_sha256"":""44d84b92b749e2970f94d92cd348a11648e2286b4d851faa0af8b21d08f0da23"",""encoder_source_sha256"":""34d8db6660b2e84708a8fb534f63c194f6f2b964e3693fcffc9dcaf21532ccfd"",""implementation"":""Sionna_5G_LDPC"",""power_protocol"":""fixed_constellation_average_Es2"",""precision"":""float32"",""rate_matching"":""Sionna RV0; filler removal, first2Z and tail puncturing; supported n only"",""scrambling"":""public_PCG64_SHA256_protocol_session_frame_group_counter_after_rate_matching_v1"",""torch"":""2.11.0+cu128"",""version"":""2.2.0""},""interleaver_sha256"":""29cb57b95df4843768f844c74ab2d5a4e90627af4c7013c35a42ee822e3aed24"",""k"":1108,""k_filler"":12,""k_ldpc"":1120,""layout_id"":""4c3dfd6a48f19bdaf4fadadb69f9e4f2e229fcbb3f56efb0d32290f714c6e54d"",""modulation_padding_bits"":0,""mother_bits"":5824,""n"":2376,""n_cb"":5600,""n_cb_comp"":5588,""power_protocol"":""fixed_constellation_average_Es2"",""puncturing_bits"":3436,""puncturing_first_2Z"":224,""puncturing_remaining"":3212,""repetition_bits"":0,""scrambling"":""public_PCG64_SHA256_protocol_session_frame_group_counter_after_rate_matching_v1"",""shortening_bits"":12,""z"":112}",[2048]
16QAM,3/4,16QAM:r3/4,b8b4b9368fa2e27a418ff272da0dc7b569da15a7de295b90bc8b3dd23c04a31b,4212,16,0,4228,4576,348,14144,7200,1800,0,0.5872222222222222,0.585,"{""actual_effective_rate"":0.5872222222222222,""bg"":""bg1"",""bit_mapping"":""component_Gray_00_-3_01_-1_10_3_11_1_over_sqrt5;QPSK_0_plus1_1_minus1"",""code_blocks"":1,""decoder_config"":{""cn_schedule"":""flooding"",""cn_update"":""boxplus-phi"",""early_stop"":false,""hard_out"":true,""harq_mode"":false,""llr_max"":20.0,""num_iter"":20,""precision"":""single"",""prune_pcm"":true,""return_infobits"":true,""vn_update"":""sum""},""implementation"":{""bit_mapping"":""component_Gray_00_-3_01_-1_10_3_11_1_over_sqrt5;QPSK_0_plus1_1_minus1"",""cuda"":""12.8"",""decoder"":{""cn_schedule"":""flooding"",""cn_update"":""boxplus-phi"",""early_stop"":false,""hard_out"":true,""harq_mode"":false,""llr_max"":20.0,""num_iter"":20,""precision"":""single"",""prune_pcm"":true,""return_infobits"":true,""vn_update"":""sum""},""decoder_source_sha256"":""44d84b92b749e2970f94d92cd348a11648e2286b4d851faa0af8b21d08f0da23"",""encoder_source_sha256"":""34d8db6660b2e84708a8fb534f63c194f6f2b964e3693fcffc9dcaf21532ccfd"",""implementation"":""Sionna_5G_LDPC"",""power_protocol"":""fixed_constellation_average_Es2"",""precision"":""float32"",""rate_matching"":""Sionna RV0; filler removal, first2Z and tail puncturing; supported n only"",""scrambling"":""public_PCG64_SHA256_protocol_session_frame_group_counter_after_rate_matching_v1"",""torch"":""2.11.0+cu128"",""version"":""2.2.0""},""interleaver_sha256"":""3c3d8d909e39453f45db99b9ee62b19c95b42b10637414a0a15b992086521eea"",""k"":4228,""k_filler"":348,""k_ldpc"":4576,""layout_id"":""7dc34b6fa2961e889b04e10cf2a0e386175966a2186bcdb688e103e892e6f064"",""modulation_padding_bits"":0,""mother_bits"":14144,""n"":7200,""n_cb"":13728,""n_cb_comp"":13380,""power_protocol"":""fixed_constellation_average_Es2"",""puncturing_bits"":6596,""puncturing_first_2Z"":416,""puncturing_remaining"":6180,""repetition_bits"":0,""scrambling"":""public_PCG64_SHA256_protocol_session_frame_group_counter_after_rate_matching_v1"",""shortening_bits"":348,""z"":208}",[2048]
QPSK,2/3,QPSK:r2/3,b8c1dd83be0b6df15e7e671662ed605c2f9d72b397b1ba14dcaeda8794e00bb0,360,16,0,376,480,104,2496,1014,507,0,0.3708086785009862,0.35502958579881655,"{""actual_effective_rate"":0.3708086785009862,""bg"":""bg2"",""bit_mapping"":""component_Gray_00_-3_01_-1_10_3_11_1_over_sqrt5;QPSK_0_plus1_1_minus1"",""code_blocks"":1,""decoder_config"":{""cn_schedule"":""flooding"",""cn_update"":""boxplus-phi"",""early_stop"":false,""hard_out"":true,""harq_mode"":false,""llr_max"":20.0,""num_iter"":20,""precision"":""single"",""prune_pcm"":true,""return_infobits"":true,""vn_update"":""sum""},""implementation"":{""bit_mapping"":""component_Gray_00_-3_01_-1_10_3_11_1_over_sqrt5;QPSK_0_plus1_1_minus1"",""cuda"":""12.8"",""decoder"":{""cn_schedule"":""flooding"",""cn_update"":""boxplus-phi"",""early_stop"":false,""hard_out"":true,""harq_mode"":false,""llr_max"":20.0,""num_iter"":20,""precision"":""single"",""prune_pcm"":true,""return_infobits"":true,""vn_update"":""sum""},""decoder_source_sha256"":""44d84b92b749e2970f94d92cd348a11648e2286b4d851faa0af8b21d08f0da23"",""encoder_source_sha256"":""34d8db6660b2e84708a8fb534f63c194f6f2b964e3693fcffc9dcaf21532ccfd"",""implementation"":""Sionna_5G_LDPC"",""power_protocol"":""fixed_constellation_average_Es2"",""precision"":""float32"",""rate_matching"":""Sionna RV0; filler removal, first2Z and tail puncturing; supported n only"",""scrambling"":""public_PCG64_SHA256_protocol_session_frame_group_counter_after_rate_matching_v1"",""torch"":""2.11.0+cu128"",""version"":""2.2.0""},""interleaver_sha256"":""e266d55767517694fe03d928f03b4f06d18e915865c95a23d17c2cd025b20f41"",""k"":376,""k_filler"":104,""k_ldpc"":480,""layout_id"":""927d4a9f251455a45c6222bf15a3c5499c6ce0cc9fec76e19146d89c83079785"",""modulation_padding_bits"":0,""mother_bits"":2496,""n"":1014,""n_cb"":2400,""n_cb_comp"":2296,""power_protocol"":""fixed_constellation_average_Es2"",""puncturing_bits"":1378,""puncturing_first_2Z"":96,""puncturing_remaining"":1282,""repetition_bits"":0,""scrambling"":""public_PCG64_SHA256_protocol_session_frame_group_counter_after_rate_matching_v1"",""shortening_bits"":104,""z"":48}",[1024]
QPSK,1/2,QPSK:r1/2,b8cb4fef18b88f9cff2196b5cc38a9574e4c4822eb78938976ff0a0da736337f,216,16,0,232,300,68,1560,968,484,0,0.2396694214876033,0.2231404958677686,"{""actual_effective_rate"":0.2396694214876033,""bg"":""bg2"",""bit_mapping"":""component_Gray_00_-3_01_-1_10_3_11_1_over_sqrt5;QPSK_0_plus1_1_minus1"",""code_blocks"":1,""decoder_config"":{""cn_schedule"":""flooding"",""cn_update"":""boxplus-phi"",""early_stop"":false,""hard_out"":true,""harq_mode"":false,""llr_max"":20.0,""num_iter"":20,""precision"":""single"",""prune_pcm"":true,""return_infobits"":true,""vn_update"":""sum""},""implementation"":{""bit_mapping"":""component_Gray_00_-3_01_-1_10_3_11_1_over_sqrt5;QPSK_0_plus1_1_minus1"",""cuda"":""12.8"",""decoder"":{""cn_schedule"":""flooding"",""cn_update"":""boxplus-phi"",""early_stop"":false,""hard_out"":true,""harq_mode"":false,""llr_max"":20.0,""num_iter"":20,""precision"":""single"",""prune_pcm"":true,""return_infobits"":true,""vn_update"":""sum""},""decoder_source_sha256"":""44d84b92b749e2970f94d92cd348a11648e2286b4d851faa0af8b21d08f0da23"",""encoder_source_sha256"":""34d8db6660b2e84708a8fb534f63c194f6f2b964e3693fcffc9dcaf21532ccfd"",""implementation"":""Sionna_5G_LDPC"",""power_protocol"":""fixed_constellation_average_Es2"",""precision"":""float32"",""rate_matching"":""Sionna RV0; filler removal, first2Z and tail puncturing; supported n only"",""scrambling"":""public_PCG64_SHA256_protocol_session_frame_group_counter_after_rate_matching_v1"",""torch"":""2.11.0+cu128"",""version"":""2.2.0""},""interleaver_sha256"":""ab9e569cb324c49e8637f1c7dc534553029798d6790999c596d882b3b41bd778"",""k"":232,""k_filler"":68,""k_ldpc"":300,""layout_id"":""bb618511209335af46dfad0c844b368a92c7e4105fae2b04a0be38075868be9c"",""modulation_padding_bits"":0,""mother_bits"":1560,""n"":968,""n_cb"":1500,""n_cb_comp"":1432,""power_protocol"":""fixed_constellation_average_Es2"",""puncturing_bits"":524,""puncturing_first_2Z"":60,""puncturing_remaining"":464,""repetition_bits"":0,""scrambling"":""public_PCG64_SHA256_protocol_session_frame_group_counter_after_rate_matching_v1"",""shortening_bits"":68,""z"":30}",[1024]
QPSK,5/6,QPSK:r5/6,b8cbf03c57efd9e12ded0a32dceb3822ac68ac1c2b21b84ae52413217b069dc4,2904,16,0,2920,3168,248,9792,3548,1774,0,0.8229988726042841,0.818489289740699,"{""actual_effective_rate"":0.8229988726042841,""bg"":""bg1"",""bit_mapping"":""component_Gray_00_-3_01_-1_10_3_11_1_over_sqrt5;QPSK_0_plus1_1_minus1"",""code_blocks"":1,""decoder_config"":{""cn_schedule"":""flooding"",""cn_update"":""boxplus-phi"",""early_stop"":false,""hard_out"":true,""harq_mode"":false,""llr_max"":20.0,""num_iter"":20,""precision"":""single"",""prune_pcm"":true,""return_infobits"":true,""vn_update"":""sum""},""implementation"":{""bit_mapping"":""component_Gray_00_-3_01_-1_10_3_11_1_over_sqrt5;QPSK_0_plus1_1_minus1"",""cuda"":""12.8"",""decoder"":{""cn_schedule"":""flooding"",""cn_update"":""boxplus-phi"",""early_stop"":false,""hard_out"":true,""harq_mode"":false,""llr_max"":20.0,""num_iter"":20,""precision"":""single"",""prune_pcm"":true,""return_infobits"":true,""vn_update"":""sum""},""decoder_source_sha256"":""44d84b92b749e2970f94d92cd348a11648e2286b4d851faa0af8b21d08f0da23"",""encoder_source_sha256"":""34d8db6660b2e84708a8fb534f63c194f6f2b964e3693fcffc9dcaf21532ccfd"",""implementation"":""Sionna_5G_LDPC"",""power_protocol"":""fixed_constellation_average_Es2"",""precision"":""float32"",""rate_matching"":""Sionna RV0; filler removal, first2Z and tail puncturing; supported n only"",""scrambling"":""public_PCG64_SHA256_protocol_session_frame_group_counter_after_rate_matching_v1"",""torch"":""2.11.0+cu128"",""version"":""2.2.0""},""interleaver_sha256"":""b96027cd4133a5dfe4b9b22eaf84329b7f9822a71a4ee9fb3e8067af72a5ea48"",""k"":2920,""k_filler"":248,""k_ldpc"":3168,""layout_id"":""a1afedff2f595444434d45efb1e8ee3743156b71e27c50320d4df7cc224726fa"",""modulation_padding_bits"":0,""mother_bits"":9792,""n"":3548,""n_cb"":9504,""n_cb_comp"":9256,""power_protocol"":""fixed_constellation_average_Es2"",""puncturing_bits"":5996,""puncturing_first_2Z"":288,""puncturing_remaining"":5708,""repetition_bits"":0,""scrambling"":""public_PCG64_SHA256_protocol_session_frame_group_counter_after_rate_matching_v1"",""shortening_bits"":248,""z"":144}",[2048]
16QAM,5/6,16QAM:r5/6,b8d347ff08dbf05b813521a5e93cbffcc941a626685eeae5eafda529efb0b6d0,3204,16,0,3220,3520,300,18304,7004,1751,0,0.4597372929754426,0.45745288406624784,"{""actual_effective_rate"":0.4597372929754426,""bg"":""bg2"",""bit_mapping"":""component_Gray_00_-3_01_-1_10_3_11_1_over_sqrt5;QPSK_0_plus1_1_minus1"",""code_blocks"":1,""decoder_config"":{""cn_schedule"":""flooding"",""cn_update"":""boxplus-phi"",""early_stop"":false,""hard_out"":true,""harq_mode"":false,""llr_max"":20.0,""num_iter"":20,""precision"":""single"",""prune_pcm"":true,""return_infobits"":true,""vn_update"":""sum""},""implementation"":{""bit_mapping"":""component_Gray_00_-3_01_-1_10_3_11_1_over_sqrt5;QPSK_0_plus1_1_minus1"",""cuda"":""12.8"",""decoder"":{""cn_schedule"":""flooding"",""cn_update"":""boxplus-phi"",""early_stop"":false,""hard_out"":true,""harq_mode"":false,""llr_max"":20.0,""num_iter"":20,""precision"":""single"",""prune_pcm"":true,""return_infobits"":true,""vn_update"":""sum""},""decoder_source_sha256"":""44d84b92b749e2970f94d92cd348a11648e2286b4d851faa0af8b21d08f0da23"",""encoder_source_sha256"":""34d8db6660b2e84708a8fb534f63c194f6f2b964e3693fcffc9dcaf21532ccfd"",""implementation"":""Sionna_5G_LDPC"",""power_protocol"":""fixed_constellation_average_Es2"",""precision"":""float32"",""rate_matching"":""Sionna RV0; filler removal, first2Z and tail puncturing; supported n only"",""scrambling"":""public_PCG64_SHA256_protocol_session_frame_group_counter_after_rate_matching_v1"",""torch"":""2.11.0+cu128"",""version"":""2.2.0""},""interleaver_sha256"":""5c8e9be7d54d6c64c2bf57697134dec30f1d5246a6e8ada66f7896f538bce0b5"",""k"":3220,""k_filler"":300,""k_ldpc"":3520,""layout_id"":""61417b8d4b3eeb6a91bfd29ca4fc5266a3cade582ddb546fabf2e399d9ed5217"",""modulation_padding_bits"":0,""mother_bits"":18304,""n"":7004,""n_cb"":17600,""n_cb_comp"":17300,""power_protocol"":""fixed_constellation_average_Es2"",""puncturing_bits"":11000,""puncturing_first_2Z"":704,""puncturing_remaining"":10296,""repetition_bits"":0,""scrambling"":""public_PCG64_SHA256_protocol_session_frame_group_counter_after_rate_matching_v1"",""shortening_bits"":300,""z"":352}",[2048]
16QAM,5/6,16QAM:r5/6,b8dc5765e80868ea489a55f4525fbda90ddf338308504a3f1776ef1a4c9e5a42,216,16,0,232,300,68,1560,280,70,0,0.8285714285714286,0.7714285714285715,"{""actual_effective_rate"":0.8285714285714286,""bg"":""bg2"",""bit_mapping"":""component_Gray_00_-3_01_-1_10_3_11_1_over_sqrt5;QPSK_0_plus1_1_minus1"",""code_blocks"":1,""decoder_config"":{""cn_schedule"":""flooding"",""cn_update"":""boxplus-phi"",""early_stop"":false,""hard_out"":true,""harq_mode"":false,""llr_max"":20.0,""num_iter"":20,""precision"":""single"",""prune_pcm"":true,""return_infobits"":true,""vn_update"":""sum""},""implementation"":{""bit_mapping"":""component_Gray_00_-3_01_-1_10_3_11_1_over_sqrt5;QPSK_0_plus1_1_minus1"",""cuda"":""12.8"",""decoder"":{""cn_schedule"":""flooding"",""cn_update"":""boxplus-phi"",""early_stop"":false,""hard_out"":true,""harq_mode"":false,""llr_max"":20.0,""num_iter"":20,""precision"":""single"",""prune_pcm"":true,""return_infobits"":true,""vn_update"":""sum""},""decoder_source_sha256"":""44d84b92b749e2970f94d92cd348a11648e2286b4d851faa0af8b21d08f0da23"",""encoder_source_sha256"":""34d8db6660b2e84708a8fb534f63c194f6f2b964e3693fcffc9dcaf21532ccfd"",""implementation"":""Sionna_5G_LDPC"",""power_protocol"":""fixed_constellation_average_Es2"",""precision"":""float32"",""rate_matching"":""Sionna RV0; filler removal, first2Z and tail puncturing; supported n only"",""scrambling"":""public_PCG64_SHA256_protocol_session_frame_group_counter_after_rate_matching_v1"",""torch"":""2.11.0+cu128"",""version"":""2.2.0""},""interleaver_sha256"":""04fd18b79e513a4dcf38cc30c89eaef4ad5bd643edbf1b7adb1b875fc9719664"",""k"":232,""k_filler"":68,""k_ldpc"":300,""layout_id"":""da26354bf79cc22410c440a93f0447db3f240b2ca437d79e4f44dbdaa887e0a7"",""modulation_padding_bits"":0,""mother_bits"":1560,""n"":280,""n_cb"":1500,""n_cb_comp"":1432,""power_protocol"":""fixed_constellation_average_Es2"",""puncturing_bits"":1212,""puncturing_first_2Z"":60,""puncturing_remaining"":1152,""repetition_bits"":0,""scrambling"":""public_PCG64_SHA256_protocol_session_frame_group_counter_after_rate_matching_v1"",""shortening_bits"":68,""z"":30}","[1024,2048]"
16QAM,1/3,16QAM:r1/3,b8dd37bae181bab79286d07ca04513bebe638b60a0a6257031fd0e8cd5be49d4,2448,16,0,2464,2560,96,13312,7392,1848,0,0.3333333333333333,0.33116883116883117,"{""actual_effective_rate"":0.3333333333333333,""bg"":""bg2"",""bit_mapping"":""component_Gray_00_-3_01_-1_10_3_11_1_over_sqrt5;QPSK_0_plus1_1_minus1"",""code_blocks"":1,""decoder_config"":{""cn_schedule"":""flooding"",""cn_update"":""boxplus-phi"",""early_stop"":false,""hard_out"":true,""harq_mode"":false,""llr_max"":20.0,""num_iter"":20,""precision"":""single"",""prune_pcm"":true,""return_infobits"":true,""vn_update"":""sum""},""implementation"":{""bit_mapping"":""component_Gray_00_-3_01_-1_10_3_11_1_over_sqrt5;QPSK_0_plus1_1_minus1"",""cuda"":""12.8"",""decoder"":{""cn_schedule"":""flooding"",""cn_update"":""boxplus-phi"",""early_stop"":false,""hard_out"":true,""harq_mode"":false,""llr_max"":20.0,""num_iter"":20,""precision"":""single"",""prune_pcm"":true,""return_infobits"":true,""vn_update"":""sum""},""decoder_source_sha256"":""44d84b92b749e2970f94d92cd348a11648e2286b4d851faa0af8b21d08f0da23"",""encoder_source_sha256"":""34d8db6660b2e84708a8fb534f63c194f6f2b964e3693fcffc9dcaf21532ccfd"",""implementation"":""Sionna_5G_LDPC"",""power_protocol"":""fixed_constellation_average_Es2"",""precision"":""float32"",""rate_matching"":""Sionna RV0; filler removal, first2Z and tail puncturing; supported n only"",""scrambling"":""public_PCG64_SHA256_protocol_session_frame_group_counter_after_rate_matching_v1"",""torch"":""2.11.0+cu128"",""version"":""2.2.0""},""interleaver_sha256"":""c53c10d746373e501186fd8a1974b4917191d73f28151c1acb620fb396c25bd7"",""k"":2464,""k_filler"":96,""k_ldpc"":2560,""layout_id"":""1318515efb29d33871e3b9d34b754591259250063120ac4c32b47fc07a08f56e"",""modulation_padding_bits"":0,""mother_bits"":13312,""n"":7392,""n_cb"":12800,""n_cb_comp"":12704,""power_protocol"":""fixed_constellation_average_Es2"",""puncturing_bits"":5824,""puncturing_first_2Z"":512,""puncturing_remaining"":5312,""repetition_bits"":0,""scrambling"":""public_PCG64_SHA256_protocol_session_frame_group_counter_after_rate_matching_v1"",""shortening_bits"":96,""z"":256}",[2048]
16QAM,5/6,16QAM:r5/6,b8e72c1246894e4d524c997d6bce7f512d35417f67a7e3d7a59c8f2159279cd4,576,16,0,592,720,128,3744,928,232,0,0.6379310344827587,0.6206896551724138,"{""actual_effective_rate"":0.6379310344827587,""bg"":""bg2"",""bit_mapping"":""component_Gray_00_-3_01_-1_10_3_11_1_over_sqrt5;QPSK_0_plus1_1_minus1"",""code_blocks"":1,""decoder_config"":{""cn_schedule"":""flooding"",""cn_update"":""boxplus-phi"",""early_stop"":false,""hard_out"":true,""harq_mode"":false,""llr_max"":20.0,""num_iter"":20,""precision"":""single"",""prune_pcm"":true,""return_infobits"":true,""vn_update"":""sum""},""implementation"":{""bit_mapping"":""component_Gray_00_-3_01_-1_10_3_11_1_over_sqrt5;QPSK_0_plus1_1_minus1"",""cuda"":""12.8"",""decoder"":{""cn_schedule"":""flooding"",""cn_update"":""boxplus-phi"",""early_stop"":false,""hard_out"":true,""harq_mode"":false,""llr_max"":20.0,""num_iter"":20,""precision"":""single"",""prune_pcm"":true,""return_infobits"":true,""vn_update"":""sum""},""decoder_source_sha256"":""44d84b92b749e2970f94d92cd348a11648e2286b4d851faa0af8b21d08f0da23"",""encoder_source_sha256"":""34d8db6660b2e84708a8fb534f63c194f6f2b964e3693fcffc9dcaf21532ccfd"",""implementation"":""Sionna_5G_LDPC"",""power_protocol"":""fixed_constellation_average_Es2"",""precision"":""float32"",""rate_matching"":""Sionna RV0; filler removal, first2Z and tail puncturing; supported n only"",""scrambling"":""public_PCG64_SHA256_protocol_session_frame_group_counter_after_rate_matching_v1"",""torch"":""2.11.0+cu128"",""version"":""2.2.0""},""interleaver_sha256"":""987079322c430462a93b9cdf46abb24cdeda00107ee97a426f76563ad3e98342"",""k"":592,""k_filler"":128,""k_ldpc"":720,""layout_id"":""e9268291e748c9d4816f3da78a0cb141093e2d4d4240c24f7895207ed8b741c6"",""modulation_padding_bits"":0,""mother_bits"":3744,""n"":928,""n_cb"":3600,""n_cb_comp"":3472,""power_protocol"":""fixed_constellation_average_Es2"",""puncturing_bits"":2688,""puncturing_first_2Z"":144,""puncturing_remaining"":2544,""repetition_bits"":0,""scrambling"":""public_PCG64_SHA256_protocol_session_frame_group_counter_after_rate_matching_v1"",""shortening_bits"":128,""z"":72}",[1024]
16QAM,2/3,16QAM:r2/3,b8efc311ccfd731fcc1414d903a194b2398505fbf5378107ebcf722b0fda729e,1092,16,0,1108,1120,12,5824,2968,742,0,0.37331536388140163,0.36792452830188677,"{""actual_effective_rate"":0.37331536388140163,""bg"":""bg2"",""bit_mapping"":""component_Gray_00_-3_01_-1_10_3_11_1_over_sqrt5;QPSK_0_plus1_1_minus1"",""code_blocks"":1,""decoder_config"":{""cn_schedule"":""flooding"",""cn_update"":""boxplus-phi"",""early_stop"":false,""hard_out"":true,""harq_mode"":false,""llr_max"":20.0,""num_iter"":20,""precision"":""single"",""prune_pcm"":true,""return_infobits"":true,""vn_update"":""sum""},""implementation"":{""bit_mapping"":""component_Gray_00_-3_01_-1_10_3_11_1_over_sqrt5;QPSK_0_plus1_1_minus1"",""cuda"":""12.8"",""decoder"":{""cn_schedule"":""flooding"",""cn_update"":""boxplus-phi"",""early_stop"":false,""hard_out"":true,""harq_mode"":false,""llr_max"":20.0,""num_iter"":20,""precision"":""single"",""prune_pcm"":true,""return_infobits"":true,""vn_update"":""sum""},""decoder_source_sha256"":""44d84b92b749e2970f94d92cd348a11648e2286b4d851faa0af8b21d08f0da23"",""encoder_source_sha256"":""34d8db6660b2e84708a8fb534f63c194f6f2b964e3693fcffc9dcaf21532ccfd"",""implementation"":""Sionna_5G_LDPC"",""power_protocol"":""fixed_constellation_average_Es2"",""precision"":""float32"",""rate_matching"":""Sionna RV0; filler removal, first2Z and tail puncturing; supported n only"",""scrambling"":""public_PCG64_SHA256_protocol_session_frame_group_counter_after_rate_matching_v1"",""torch"":""2.11.0+cu128"",""version"":""2.2.0""},""interleaver_sha256"":""719e6752edf244d58391ad5e15c90bcc356c9037d9032f47a341741bcdb6080b"",""k"":1108,""k_filler"":12,""k_ldpc"":1120,""layout_id"":""60cf96d39bd0b85a7073a3bae8ebc7c70cd09bdb1bc49e14bbca47648368ef29"",""modulation_padding_bits"":0,""mother_bits"":5824,""n"":2968,""n_cb"":5600,""n_cb_comp"":5588,""power_protocol"":""fixed_constellation_average_Es2"",""puncturing_bits"":2844,""puncturing_first_2Z"":224,""puncturing_remaining"":2620,""repetition_bits"":0,""scrambling"":""public_PCG64_SHA256_protocol_session_frame_group_counter_after_rate_matching_v1"",""shortening_bits"":12,""z"":112}",[1024]
QPSK,2/3,QPSK:r2/3,b8f00c1891c904215a6f90e29499f7c2bbe2f5f6563e6203b2b11524b0ff9262,432,16,0,448,560,112,2912,1190,595,0,0.3764705882352941,0.3630252100840336,"{""actual_effective_rate"":0.3764705882352941,""bg"":""bg2"",""bit_mapping"":""component_Gray_00_-3_01_-1_10_3_11_1_over_sqrt5;QPSK_0_plus1_1_minus1"",""code_blocks"":1,""decoder_config"":{""cn_schedule"":""flooding"",""cn_update"":""boxplus-phi"",""early_stop"":false,""hard_out"":true,""harq_mode"":false,""llr_max"":20.0,""num_iter"":20,""precision"":""single"",""prune_pcm"":true,""return_infobits"":true,""vn_update"":""sum""},""implementation"":{""bit_mapping"":""component_Gray_00_-3_01_-1_10_3_11_1_over_sqrt5;QPSK_0_plus1_1_minus1"",""cuda"":""12.8"",""decoder"":{""cn_schedule"":""flooding"",""cn_update"":""boxplus-phi"",""early_stop"":false,""hard_out"":true,""harq_mode"":false,""llr_max"":20.0,""num_iter"":20,""precision"":""single"",""prune_pcm"":true,""return_infobits"":true,""vn_update"":""sum""},""decoder_source_sha256"":""44d84b92b749e2970f94d92cd348a11648e2286b4d851faa0af8b21d08f0da23"",""encoder_source_sha256"":""34d8db6660b2e84708a8fb534f63c194f6f2b964e3693fcffc9dcaf21532ccfd"",""implementation"":""Sionna_5G_LDPC"",""power_protocol"":""fixed_constellation_average_Es2"",""precision"":""float32"",""rate_matching"":""Sionna RV0; filler removal, first2Z and tail puncturing; supported n only"",""scrambling"":""public_PCG64_SHA256_protocol_session_frame_group_counter_after_rate_matching_v1"",""torch"":""2.11.0+cu128"",""version"":""2.2.0""},""interleaver_sha256"":""f8dfcf057656bdeed75e41cee255b83ebc3d464536d936fa0349b48fe2a2f9d1"",""k"":448,""k_filler"":112,""k_ldpc"":560,""layout_id"":""787f62457210431ad5bd40bd1955d6e8fd75f9f7cd29b2f2532712e1566029c2"",""modulation_padding_bits"":0,""mother_bits"":2912,""n"":1190,""n_cb"":2800,""n_cb_comp"":2688,""power_protocol"":""fixed_constellation_average_Es2"",""puncturing_bits"":1610,""puncturing_first_2Z"":112,""puncturing_remaining"":1498,""repetition_bits"":0,""scrambling"":""public_PCG64_SHA256_protocol_session_frame_group_counter_after_rate_matching_v1"",""shortening_bits"":112,""z"":56}",[1024]
16QAM,1/2,16QAM:r1/2,b8f77b1a73e8c0996648c3cc44129e8aabcd2c4e19470400bb9862ef350cbc7d,1092,16,0,1108,1120,12,5824,3612,903,0,0.3067552602436323,0.3023255813953488,"{""actual_effective_rate"":0.3067552602436323,""bg"":""bg2"",""bit_mapping"":""component_Gray_00_-3_01_-1_10_3_11_1_over_sqrt5;QPSK_0_plus1_1_minus1"",""code_blocks"":1,""decoder_config"":{""cn_schedule"":""flooding"",""cn_update"":""boxplus-phi"",""early_stop"":false,""hard_out"":true,""harq_mode"":false,""llr_max"":20.0,""num_iter"":20,""precision"":""single"",""prune_pcm"":true,""return_infobits"":true,""vn_update"":""sum""},""implementation"":{""bit_mapping"":""component_Gray_00_-3_01_-1_10_3_11_1_over_sqrt5;QPSK_0_plus1_1_minus1"",""cuda"":""12.8"",""decoder"":{""cn_schedule"":""flooding"",""cn_update"":""boxplus-phi"",""early_stop"":false,""hard_out"":true,""harq_mode"":false,""llr_max"":20.0,""num_iter"":20,""precision"":""single"",""prune_pcm"":true,""return_infobits"":true,""vn_update"":""sum""},""decoder_source_sha256"":""44d84b92b749e2970f94d92cd348a11648e2286b4d851faa0af8b21d08f0da23"",""encoder_source_sha256"":""34d8db6660b2e84708a8fb534f63c194f6f2b964e3693fcffc9dcaf21532ccfd"",""implementation"":""Sionna_5G_LDPC"",""power_protocol"":""fixed_constellation_average_Es2"",""precision"":""float32"",""rate_matching"":""Sionna RV0; filler removal, first2Z and tail puncturing; supported n only"",""scrambling"":""public_PCG64_SHA256_protocol_session_frame_group_counter_after_rate_matching_v1"",""torch"":""2.11.0+cu128"",""version"":""2.2.0""},""interleaver_sha256"":""57c173a8948efcb40f59adac30525ea08bad92c1f0b028693588fc8c7bc9b4fa"",""k"":1108,""k_filler"":12,""k_ldpc"":1120,""layout_id"":""945f657d69b95103e812ac6f4759472b9aeae3db099cae9509fd27801d2e4b4a"",""modulation_padding_bits"":0,""mother_bits"":5824,""n"":3612,""n_cb"":5600,""n_cb_comp"":5588,""power_protocol"":""fixed_constellation_average_Es2"",""puncturing_bits"":2200,""puncturing_first_2Z"":224,""puncturing_remaining"":1976,""repetition_bits"":0,""scrambling"":""public_PCG64_SHA256_protocol_session_frame_group_counter_after_rate_matching_v1"",""shortening_bits"":12,""z"":112}",[2048]
16QAM,3/4,16QAM:r3/4,b8fcaf6c1e92af464899ce21d5f839de1199bfa88df5e0baa4fa7ab882ab531a,2160,16,0,2176,2288,112,7072,2904,726,0,0.7493112947658402,0.743801652892562,"{""actual_effective_rate"":0.7493112947658402,""bg"":""bg1"",""bit_mapping"":""component_Gray_00_-3_01_-1_10_3_11_1_over_sqrt5;QPSK_0_plus1_1_minus1"",""code_blocks"":1,""decoder_config"":{""cn_schedule"":""flooding"",""cn_update"":""boxplus-phi"",""early_stop"":false,""hard_out"":true,""harq_mode"":false,""llr_max"":20.0,""num_iter"":20,""precision"":""single"",""prune_pcm"":true,""return_infobits"":true,""vn_update"":""sum""},""implementation"":{""bit_mapping"":""component_Gray_00_-3_01_-1_10_3_11_1_over_sqrt5;QPSK_0_plus1_1_minus1"",""cuda"":""12.8"",""decoder"":{""cn_schedule"":""flooding"",""cn_update"":""boxplus-phi"",""early_stop"":false,""hard_out"":true,""harq_mode"":false,""llr_max"":20.0,""num_iter"":20,""precision"":""single"",""prune_pcm"":true,""return_infobits"":true,""vn_update"":""sum""},""decoder_source_sha256"":""44d84b92b749e2970f94d92cd348a11648e2286b4d851faa0af8b21d08f0da23"",""encoder_source_sha256"":""34d8db6660b2e84708a8fb534f63c194f6f2b964e3693fcffc9dcaf21532ccfd"",""implementation"":""Sionna_5G_LDPC"",""power_protocol"":""fixed_constellation_average_Es2"",""precision"":""float32"",""rate_matching"":""Sionna RV0; filler removal, first2Z and tail puncturing; supported n only"",""scrambling"":""public_PCG64_SHA256_protocol_session_frame_group_counter_after_rate_matching_v1"",""torch"":""2.11.0+cu128"",""version"":""2.2.0""},""interleaver_sha256"":""db06f4bf9963292d075828380d3655d342d66d847c81c23e188345693982857e"",""k"":2176,""k_filler"":112,""k_ldpc"":2288,""layout_id"":""26e9c1fb781d21e82d0a39a13e569a5f0100baf52c33e41cabce96cd08d5ed7d"",""modulation_padding_bits"":0,""mother_bits"":7072,""n"":2904,""n_cb"":6864,""n_cb_comp"":6752,""power_protocol"":""fixed_constellation_average_Es2"",""puncturing_bits"":4056,""puncturing_first_2Z"":208,""puncturing_remaining"":3848,""repetition_bits"":0,""scrambling"":""public_PCG64_SHA256_protocol_session_frame_group_counter_after_rate_matching_v1"",""shortening_bits"":112,""z"":104}","[1024,2048]"
QPSK,3/4,QPSK:r3/4,b90b7ad44cf9269084ef75ac37f52e98398dd5674dc12ca78289786c1d13439a,516,16,0,532,720,188,3744,928,464,0,0.5732758620689655,0.5560344827586207,"{""actual_effective_rate"":0.5732758620689655,""bg"":""bg2"",""bit_mapping"":""component_Gray_00_-3_01_-1_10_3_11_1_over_sqrt5;QPSK_0_plus1_1_minus1"",""code_blocks"":1,""decoder_config"":{""cn_schedule"":""flooding"",""cn_update"":""boxplus-phi"",""early_stop"":false,""hard_out"":true,""harq_mode"":false,""llr_max"":20.0,""num_iter"":20,""precision"":""single"",""prune_pcm"":true,""return_infobits"":true,""vn_update"":""sum""},""implementation"":{""bit_mapping"":""component_Gray_00_-3_01_-1_10_3_11_1_over_sqrt5;QPSK_0_plus1_1_minus1"",""cuda"":""12.8"",""decoder"":{""cn_schedule"":""flooding"",""cn_update"":""boxplus-phi"",""early_stop"":false,""hard_out"":true,""harq_mode"":false,""llr_max"":20.0,""num_iter"":20,""precision"":""single"",""prune_pcm"":true,""return_infobits"":true,""vn_update"":""sum""},""decoder_source_sha256"":""44d84b92b749e2970f94d92cd348a11648e2286b4d851faa0af8b21d08f0da23"",""encoder_source_sha256"":""34d8db6660b2e84708a8fb534f63c194f6f2b964e3693fcffc9dcaf21532ccfd"",""implementation"":""Sionna_5G_LDPC"",""power_protocol"":""fixed_constellation_average_Es2"",""precision"":""float32"",""rate_matching"":""Sionna RV0; filler removal, first2Z and tail puncturing; supported n only"",""scrambling"":""public_PCG64_SHA256_protocol_session_frame_group_counter_after_rate_matching_v1"",""torch"":""2.11.0+cu128"",""version"":""2.2.0""},""interleaver_sha256"":""f66f031e695fcf573d7edba5df67ec24ff7150d3e329d93294a45b6d1ea6c5ba"",""k"":532,""k_filler"":188,""k_ldpc"":720,""layout_id"":""59015024b1cf3062cc04227a90ac43f2df44b36f395b3ef69f25cf0c5b72a43a"",""modulation_padding_bits"":0,""mother_bits"":3744,""n"":928,""n_cb"":3600,""n_cb_comp"":3412,""power_protocol"":""fixed_constellation_average_Es2"",""puncturing_bits"":2628,""puncturing_first_2Z"":144,""puncturing_remaining"":2484,""repetition_bits"":0,""scrambling"":""public_PCG64_SHA256_protocol_session_frame_group_counter_after_rate_matching_v1"",""shortening_bits"":188,""z"":72}",[1024]
QPSK,1/2,QPSK:r1/2,b915ac1580122a964c02aef608fad832e278713797ac6123e1c7b5d582b86d8a,624,16,0,640,720,80,3744,2748,1374,0,0.2328966521106259,0.22707423580786026,"{""actual_effective_rate"":0.2328966521106259,""bg"":""bg2"",""bit_mapping"":""component_Gray_00_-3_01_-1_10_3_11_1_over_sqrt5;QPSK_0_plus1_1_minus1"",""code_blocks"":1,""decoder_config"":{""cn_schedule"":""flooding"",""cn_update"":""boxplus-phi"",""early_stop"":false,""hard_out"":true,""harq_mode"":false,""llr_max"":20.0,""num_iter"":20,""precision"":""single"",""prune_pcm"":true,""return_infobits"":true,""vn_update"":""sum""},""implementation"":{""bit_mapping"":""component_Gray_00_-3_01_-1_10_3_11_1_over_sqrt5;QPSK_0_plus1_1_minus1"",""cuda"":""12.8"",""decoder"":{""cn_schedule"":""flooding"",""cn_update"":""boxplus-phi"",""early_stop"":false,""hard_out"":true,""harq_mode"":false,""llr_max"":20.0,""num_iter"":20,""precision"":""single"",""prune_pcm"":true,""return_infobits"":true,""vn_update"":""sum""},""decoder_source_sha256"":""44d84b92b749e2970f94d92cd348a11648e2286b4d851faa0af8b21d08f0da23"",""encoder_source_sha256"":""34d8db6660b2e84708a8fb534f63c194f6f2b964e3693fcffc9dcaf21532ccfd"",""implementation"":""Sionna_5G_LDPC"",""power_protocol"":""fixed_constellation_average_Es2"",""precision"":""float32"",""rate_matching"":""Sionna RV0; filler removal, first2Z and tail puncturing; supported n only"",""scrambling"":""public_PCG64_SHA256_protocol_session_frame_group_counter_after_rate_matching_v1"",""torch"":""2.11.0+cu128"",""version"":""2.2.0""},""interleaver_sha256"":""6527dc52790d3f7bdd9694964d9b34563856924ac1a96bbfc40e973a1d9c1608"",""k"":640,""k_filler"":80,""k_ldpc"":720,""layout_id"":""be77262a065a27893550388e702c179118e5da0a1f682b4a6d7df5cc951b7235"",""modulation_padding_bits"":0,""mother_bits"":3744,""n"":2748,""n_cb"":3600,""n_cb_comp"":3520,""power_protocol"":""fixed_constellation_average_Es2"",""puncturing_bits"":916,""puncturing_first_2Z"":144,""puncturing_remaining"":772,""repetition_bits"":0,""scrambling"":""public_PCG64_SHA256_protocol_session_frame_group_counter_after_rate_matching_v1"",""shortening_bits"":80,""z"":72}",[2048]
16QAM,1/2,16QAM:r1/2,b9198d1c11ae09645f41ac7c888b9f2bccf23187f213479bf302fc3a99a10a22,816,16,0,832,880,48,4576,1664,416,0,0.5,0.49038461538461536,"{""actual_effective_rate"":0.5,""bg"":""bg2"",""bit_mapping"":""component_Gray_00_-3_01_-1_10_3_11_1_over_sqrt5;QPSK_0_plus1_1_minus1"",""code_blocks"":1,""decoder_config"":{""cn_schedule"":""flooding"",""cn_update"":""boxplus-phi"",""early_stop"":false,""hard_out"":true,""harq_mode"":false,""llr_max"":20.0,""num_iter"":20,""precision"":""single"",""prune_pcm"":true,""return_infobits"":true,""vn_update"":""sum""},""implementation"":{""bit_mapping"":""component_Gray_00_-3_01_-1_10_3_11_1_over_sqrt5;QPSK_0_plus1_1_minus1"",""cuda"":""12.8"",""decoder"":{""cn_schedule"":""flooding"",""cn_update"":""boxplus-phi"",""early_stop"":false,""hard_out"":true,""harq_mode"":false,""llr_max"":20.0,""num_iter"":20,""precision"":""single"",""prune_pcm"":true,""return_infobits"":true,""vn_update"":""sum""},""decoder_source_sha256"":""44d84b92b749e2970f94d92cd348a11648e2286b4d851faa0af8b21d08f0da23"",""encoder_source_sha256"":""34d8db6660b2e84708a8fb534f63c194f6f2b964e3693fcffc9dcaf21532ccfd"",""implementation"":""Sionna_5G_LDPC"",""power_protocol"":""fixed_constellation_average_Es2"",""precision"":""float32"",""rate_matching"":""Sionna RV0; filler removal, first2Z and tail puncturing; supported n only"",""scrambling"":""public_PCG64_SHA256_protocol_session_frame_group_counter_after_rate_matching_v1"",""torch"":""2.11.0+cu128"",""version"":""2.2.0""},""interleaver_sha256"":""f6dde009525145637911f5c545ed577d4ce7421514055dd21b1f39aeab75068e"",""k"":832,""k_filler"":48,""k_ldpc"":880,""layout_id"":""9ee85e3c1ef834c81a88d678aa73cc7b449973f76d4d48e0a768c83ebd45e400"",""modulation_padding_bits"":0,""mother_bits"":4576,""n"":1664,""n_cb"":4400,""n_cb_comp"":4352,""power_protocol"":""fixed_constellation_average_Es2"",""puncturing_bits"":2864,""puncturing_first_2Z"":176,""puncturing_remaining"":2688,""repetition_bits"":0,""scrambling"":""public_PCG64_SHA256_protocol_session_frame_group_counter_after_rate_matching_v1"",""shortening_bits"":48,""z"":88}","[1024,2048]"
16QAM,1/2,16QAM:r1/2,b91abf14993d12aa4792c78dbc99e49e8f30850a1e73c904409d524548e72c3e,660,16,0,676,720,44,3744,2528,632,0,0.2674050632911392,0.2610759493670886,"{""actual_effective_rate"":0.2674050632911392,""bg"":""bg2"",""bit_mapping"":""component_Gray_00_-3_01_-1_10_3_11_1_over_sqrt5;QPSK_0_plus1_1_minus1"",""code_blocks"":1,""decoder_config"":{""cn_schedule"":""flooding"",""cn_update"":""boxplus-phi"",""early_stop"":false,""hard_out"":true,""harq_mode"":false,""llr_max"":20.0,""num_iter"":20,""precision"":""single"",""prune_pcm"":true,""return_infobits"":true,""vn_update"":""sum""},""implementation"":{""bit_mapping"":""component_Gray_00_-3_01_-1_10_3_11_1_over_sqrt5;QPSK_0_plus1_1_minus1"",""cuda"":""12.8"",""decoder"":{""cn_schedule"":""flooding"",""cn_update"":""boxplus-phi"",""early_stop"":false,""hard_out"":true,""harq_mode"":false,""llr_max"":20.0,""num_iter"":20,""precision"":""single"",""prune_pcm"":true,""return_infobits"":true,""vn_update"":""sum""},""decoder_source_sha256"":""44d84b92b749e2970f94d92cd348a11648e2286b4d851faa0af8b21d08f0da23"",""encoder_source_sha256"":""34d8db6660b2e84708a8fb534f63c194f6f2b964e3693fcffc9dcaf21532ccfd"",""implementation"":""Sionna_5G_LDPC"",""power_protocol"":""fixed_constellation_average_Es2"",""precision"":""float32"",""rate_matching"":""Sionna RV0; filler removal, first2Z and tail puncturing; supported n only"",""scrambling"":""public_PCG64_SHA256_protocol_session_frame_group_counter_after_rate_matching_v1"",""torch"":""2.11.0+cu128"",""version"":""2.2.0""},""interleaver_sha256"":""8aa990d5d8516e643d69a6c1dc05ee6fcb860d205dd8baef9b7b9220c02f1d3b"",""k"":676,""k_filler"":44,""k_ldpc"":720,""layout_id"":""80b335e3a2f34e442e898b83120ea468133e1697c300d90df2376e0081897585"",""modulation_padding_bits"":0,""mother_bits"":3744,""n"":2528,""n_cb"":3600,""n_cb_comp"":3556,""power_protocol"":""fixed_constellation_average_Es2"",""puncturing_bits"":1172,""puncturing_first_2Z"":144,""puncturing_remaining"":1028,""repetition_bits"":0,""scrambling"":""public_PCG64_SHA256_protocol_session_frame_group_counter_after_rate_matching_v1"",""shortening_bits"":44,""z"":72}",[1024]
QPSK,3/4,QPSK:r3/4,b9380c62775733dc51b59dcf92eb11541778ff3ac56ca08ea6166e3293e64d93,2100,16,0,2116,2288,172,7072,3074,1537,0,0.6883539362394274,0.6831489915419648,"{""actual_effective_rate"":0.6883539362394274,""bg"":""bg1"",""bit_mapping"":""component_Gray_00_-3_01_-1_10_3_11_1_over_sqrt5;QPSK_0_plus1_1_minus1"",""code_blocks"":1,""decoder_config"":{""cn_schedule"":""flooding"",""cn_update"":""boxplus-phi"",""early_stop"":false,""hard_out"":true,""harq_mode"":false,""llr_max"":20.0,""num_iter"":20,""precision"":""single"",""prune_pcm"":true,""return_infobits"":true,""vn_update"":""sum""},""implementation"":{""bit_mapping"":""component_Gray_00_-3_01_-1_10_3_11_1_over_sqrt5;QPSK_0_plus1_1_minus1"",""cuda"":""12.8"",""decoder"":{""cn_schedule"":""flooding"",""cn_update"":""boxplus-phi"",""early_stop"":false,""hard_out"":true,""harq_mode"":false,""llr_max"":20.0,""num_iter"":20,""precision"":""single"",""prune_pcm"":true,""return_infobits"":true,""vn_update"":""sum""},""decoder_source_sha256"":""44d84b92b749e2970f94d92cd348a11648e2286b4d851faa0af8b21d08f0da23"",""encoder_source_sha256"":""34d8db6660b2e84708a8fb534f63c194f6f2b964e3693fcffc9dcaf21532ccfd"",""implementation"":""Sionna_5G_LDPC"",""power_protocol"":""fixed_constellation_average_Es2"",""precision"":""float32"",""rate_matching"":""Sionna RV0; filler removal, first2Z and tail puncturing; supported n only"",""scrambling"":""public_PCG64_SHA256_protocol_session_frame_group_counter_after_rate_matching_v1"",""torch"":""2.11.0+cu128"",""version"":""2.2.0""},""interleaver_sha256"":""36363307bf91b37705b419366d731a01b7e7b26f59823eca6d23cd7b766ba8b8"",""k"":2116,""k_filler"":172,""k_ldpc"":2288,""layout_id"":""001675135903b53c47e1a2ec93fde2eba5f9f5dc63c134a988791252c0409bd2"",""modulation_padding_bits"":0,""mother_bits"":7072,""n"":3074,""n_cb"":6864,""n_cb_comp"":6692,""power_protocol"":""fixed_constellation_average_Es2"",""puncturing_bits"":3826,""puncturing_first_2Z"":208,""puncturing_remaining"":3618,""repetition_bits"":0,""scrambling"":""public_PCG64_SHA256_protocol_session_frame_group_counter_after_rate_matching_v1"",""shortening_bits"":172,""z"":104}",[2048]
QPSK,3/4,QPSK:r3/4,b9432b3fbaa5b072f9f2da45f9eb17e389f57dd5516d39e70335361c4640f3b9,1704,16,0,1720,1760,40,5440,2560,1280,0,0.671875,0.665625,"{""actual_effective_rate"":0.671875,""bg"":""bg1"",""bit_mapping"":""component_Gray_00_-3_01_-1_10_3_11_1_over_sqrt5;QPSK_0_plus1_1_minus1"",""code_blocks"":1,""decoder_config"":{""cn_schedule"":""flooding"",""cn_update"":""boxplus-phi"",""early_stop"":false,""hard_out"":true,""harq_mode"":false,""llr_max"":20.0,""num_iter"":20,""precision"":""single"",""prune_pcm"":true,""return_infobits"":true,""vn_update"":""sum""},""implementation"":{""bit_mapping"":""component_Gray_00_-3_01_-1_10_3_11_1_over_sqrt5;QPSK_0_plus1_1_minus1"",""cuda"":""12.8"",""decoder"":{""cn_schedule"":""flooding"",""cn_update"":""boxplus-phi"",""early_stop"":false,""hard_out"":true,""harq_mode"":false,""llr_max"":20.0,""num_iter"":20,""precision"":""single"",""prune_pcm"":true,""return_infobits"":true,""vn_update"":""sum""},""decoder_source_sha256"":""44d84b92b749e2970f94d92cd348a11648e2286b4d851faa0af8b21d08f0da23"",""encoder_source_sha256"":""34d8db6660b2e84708a8fb534f63c194f6f2b964e3693fcffc9dcaf21532ccfd"",""implementation"":""Sionna_5G_LDPC"",""power_protocol"":""fixed_constellation_average_Es2"",""precision"":""float32"",""rate_matching"":""Sionna RV0; filler removal, first2Z and tail puncturing; supported n only"",""scrambling"":""public_PCG64_SHA256_protocol_session_frame_group_counter_after_rate_matching_v1"",""torch"":""2.11.0+cu128"",""version"":""2.2.0""},""interleaver_sha256"":""5ee0d642f6d29e095b1ed4cbbed23568c332c02152e1f9a9c2ba277af4e02163"",""k"":1720,""k_filler"":40,""k_ldpc"":1760,""layout_id"":""c8844da99e0a041c44fd0ce8351e79f3eb66f01878aa6e32f14d4c64529a4eb4"",""modulation_padding_bits"":0,""mother_bits"":5440,""n"":2560,""n_cb"":5280,""n_cb_comp"":5240,""power_protocol"":""fixed_constellation_average_Es2"",""puncturing_bits"":2840,""puncturing_first_2Z"":160,""puncturing_remaining"":2680,""repetition_bits"":0,""scrambling"":""public_PCG64_SHA256_protocol_session_frame_group_counter_after_rate_matching_v1"",""shortening_bits"":40,""z"":80}",[2048]
16QAM,5/6,16QAM:r5/6,b94817bbd2cf9e1b1b74e38ec67be480d116d264c58fd98d4398beed003d294a,516,16,0,532,720,188,3744,2136,534,0,0.24906367041198502,0.24157303370786518,"{""actual_effective_rate"":0.24906367041198502,""bg"":""bg2"",""bit_mapping"":""component_Gray_00_-3_01_-1_10_3_11_1_over_sqrt5;QPSK_0_plus1_1_minus1"",""code_blocks"":1,""decoder_config"":{""cn_schedule"":""flooding"",""cn_update"":""boxplus-phi"",""early_stop"":false,""hard_out"":true,""harq_mode"":false,""llr_max"":20.0,""num_iter"":20,""precision"":""single"",""prune_pcm"":true,""return_infobits"":true,""vn_update"":""sum""},""implementation"":{""bit_mapping"":""component_Gray_00_-3_01_-1_10_3_11_1_over_sqrt5;QPSK_0_plus1_1_minus1"",""cuda"":""12.8"",""decoder"":{""cn_schedule"":""flooding"",""cn_update"":""boxplus-phi"",""early_stop"":false,""hard_out"":true,""harq_mode"":false,""llr_max"":20.0,""num_iter"":20,""precision"":""single"",""prune_pcm"":true,""return_infobits"":true,""vn_update"":""sum""},""decoder_source_sha256"":""44d84b92b749e2970f94d92cd348a11648e2286b4d851faa0af8b21d08f0da23"",""encoder_source_sha256"":""34d8db6660b2e84708a8fb534f63c194f6f2b964e3693fcffc9dcaf21532ccfd"",""implementation"":""Sionna_5G_LDPC"",""power_protocol"":""fixed_constellation_average_Es2"",""precision"":""float32"",""rate_matching"":""Sionna RV0; filler removal, first2Z and tail puncturing; supported n only"",""scrambling"":""public_PCG64_SHA256_protocol_session_frame_group_counter_after_rate_matching_v1"",""torch"":""2.11.0+cu128"",""version"":""2.2.0""},""interleaver_sha256"":""d01a7430033690062581a0a8ea70f99d37494f207e31b6399dbd7dbc919a87d3"",""k"":532,""k_filler"":188,""k_ldpc"":720,""layout_id"":""5ee26458d8ac984508024c4ce450cba118091591b46955c6a372080382a51312"",""modulation_padding_bits"":0,""mother_bits"":3744,""n"":2136,""n_cb"":3600,""n_cb_comp"":3412,""power_protocol"":""fixed_constellation_average_Es2"",""puncturing_bits"":1420,""puncturing_first_2Z"":144,""puncturing_remaining"":1276,""repetition_bits"":0,""scrambling"":""public_PCG64_SHA256_protocol_session_frame_group_counter_after_rate_matching_v1"",""shortening_bits"":188,""z"":72}",[1024]
QPSK,2/3,QPSK:r2/3,b95ac6944bfdaba59a4a02c0ebb899043d43798fca480a7f532228728eb7c67d,1080,16,0,1096,1120,24,5824,1656,828,0,0.6618357487922706,0.6521739130434783,"{""actual_effective_rate"":0.6618357487922706,""bg"":""bg2"",""bit_mapping"":""component_Gray_00_-3_01_-1_10_3_11_1_over_sqrt5;QPSK_0_plus1_1_minus1"",""code_blocks"":1,""decoder_config"":{""cn_schedule"":""flooding"",""cn_update"":""boxplus-phi"",""early_stop"":false,""hard_out"":true,""harq_mode"":false,""llr_max"":20.0,""num_iter"":20,""precision"":""single"",""prune_pcm"":true,""return_infobits"":true,""vn_update"":""sum""},""implementation"":{""bit_mapping"":""component_Gray_00_-3_01_-1_10_3_11_1_over_sqrt5;QPSK_0_plus1_1_minus1"",""cuda"":""12.8"",""decoder"":{""cn_schedule"":""flooding"",""cn_update"":""boxplus-phi"",""early_stop"":false,""hard_out"":true,""harq_mode"":false,""llr_max"":20.0,""num_iter"":20,""precision"":""single"",""prune_pcm"":true,""return_infobits"":true,""vn_update"":""sum""},""decoder_source_sha256"":""44d84b92b749e2970f94d92cd348a11648e2286b4d851faa0af8b21d08f0da23"",""encoder_source_sha256"":""34d8db6660b2e84708a8fb534f63c194f6f2b964e3693fcffc9dcaf21532ccfd"",""implementation"":""Sionna_5G_LDPC"",""power_protocol"":""fixed_constellation_average_Es2"",""precision"":""float32"",""rate_matching"":""Sionna RV0; filler removal, first2Z and tail puncturing; supported n only"",""scrambling"":""public_PCG64_SHA256_protocol_session_frame_group_counter_after_rate_matching_v1"",""torch"":""2.11.0+cu128"",""version"":""2.2.0""},""interleaver_sha256"":""676dea036cec1af402cd9714a159c526fe686cf7b812fe80e4caeb496d186f36"",""k"":1096,""k_filler"":24,""k_ldpc"":1120,""layout_id"":""76a8599d939803ae879f31812f3c99314e1b413dbab1ab8b95a3ed57232561e4"",""modulation_padding_bits"":0,""mother_bits"":5824,""n"":1656,""n_cb"":5600,""n_cb_comp"":5576,""power_protocol"":""fixed_constellation_average_Es2"",""puncturing_bits"":4144,""puncturing_first_2Z"":224,""puncturing_remaining"":3920,""repetition_bits"":0,""scrambling"":""public_PCG64_SHA256_protocol_session_frame_group_counter_after_rate_matching_v1"",""shortening_bits"":24,""z"":112}",[1024]
QPSK,5/6,QPSK:r5/6,b9707ddf3c82242002db4da6110fa7b8c44e4d1af31e02db19bbbf80c640166e,576,16,0,592,616,24,1904,746,373,0,0.7935656836461126,0.7721179624664879,"{""actual_effective_rate"":0.7935656836461126,""bg"":""bg1"",""bit_mapping"":""component_Gray_00_-3_01_-1_10_3_11_1_over_sqrt5;QPSK_0_plus1_1_minus1"",""code_blocks"":1,""decoder_config"":{""cn_schedule"":""flooding"",""cn_update"":""boxplus-phi"",""early_stop"":false,""hard_out"":true,""harq_mode"":false,""llr_max"":20.0,""num_iter"":20,""precision"":""single"",""prune_pcm"":true,""return_infobits"":true,""vn_update"":""sum""},""implementation"":{""bit_mapping"":""component_Gray_00_-3_01_-1_10_3_11_1_over_sqrt5;QPSK_0_plus1_1_minus1"",""cuda"":""12.8"",""decoder"":{""cn_schedule"":""flooding"",""cn_update"":""boxplus-phi"",""early_stop"":false,""hard_out"":true,""harq_mode"":false,""llr_max"":20.0,""num_iter"":20,""precision"":""single"",""prune_pcm"":true,""return_infobits"":true,""vn_update"":""sum""},""decoder_source_sha256"":""44d84b92b749e2970f94d92cd348a11648e2286b4d851faa0af8b21d08f0da23"",""encoder_source_sha256"":""34d8db6660b2e84708a8fb534f63c194f6f2b964e3693fcffc9dcaf21532ccfd"",""implementation"":""Sionna_5G_LDPC"",""power_protocol"":""fixed_constellation_average_Es2"",""precision"":""float32"",""rate_matching"":""Sionna RV0; filler removal, first2Z and tail puncturing; supported n only"",""scrambling"":""public_PCG64_SHA256_protocol_session_frame_group_counter_after_rate_matching_v1"",""torch"":""2.11.0+cu128"",""version"":""2.2.0""},""interleaver_sha256"":""c80dfa2ef136dc7bc42bb7852036d0a180b5e4e217fd1697acd4a923a0de38c0"",""k"":592,""k_filler"":24,""k_ldpc"":616,""layout_id"":""2a90635376f6d16c9103660c887122f347ac48153ad616d467ab58cef1d394f1"",""modulation_padding_bits"":0,""mother_bits"":1904,""n"":746,""n_cb"":1848,""n_cb_comp"":1824,""power_protocol"":""fixed_constellation_average_Es2"",""puncturing_bits"":1134,""puncturing_first_2Z"":56,""puncturing_remaining"":1078,""repetition_bits"":0,""scrambling"":""public_PCG64_SHA256_protocol_session_frame_group_counter_after_rate_matching_v1"",""shortening_bits"":24,""z"":28}",[1024]
QPSK,5/6,QPSK:r5/6,b9782db73f49cf00bb9718e74cbbbb45a4b2f0fe409184f676db746a6ab7ea15,660,16,0,676,720,44,3744,2282,1141,0,0.2962313759859772,0.2892199824715162,"{""actual_effective_rate"":0.2962313759859772,""bg"":""bg2"",""bit_mapping"":""component_Gray_00_-3_01_-1_10_3_11_1_over_sqrt5;QPSK_0_plus1_1_minus1"",""code_blocks"":1,""decoder_config"":{""cn_schedule"":""flooding"",""cn_update"":""boxplus-phi"",""early_stop"":false,""hard_out"":true,""harq_mode"":false,""llr_max"":20.0,""num_iter"":20,""precision"":""single"",""prune_pcm"":true,""return_infobits"":true,""vn_update"":""sum""},""implementation"":{""bit_mapping"":""component_Gray_00_-3_01_-1_10_3_11_1_over_sqrt5;QPSK_0_plus1_1_minus1"",""cuda"":""12.8"",""decoder"":{""cn_schedule"":""flooding"",""cn_update"":""boxplus-phi"",""early_stop"":false,""hard_out"":true,""harq_mode"":false,""llr_max"":20.0,""num_iter"":20,""precision"":""single"",""prune_pcm"":true,""return_infobits"":true,""vn_update"":""sum""},""decoder_source_sha256"":""44d84b92b749e2970f94d92cd348a11648e2286b4d851faa0af8b21d08f0da23"",""encoder_source_sha256"":""34d8db6660b2e84708a8fb534f63c194f6f2b964e3693fcffc9dcaf21532ccfd"",""implementation"":""Sionna_5G_LDPC"",""power_protocol"":""fixed_constellation_average_Es2"",""precision"":""float32"",""rate_matching"":""Sionna RV0; filler removal, first2Z and tail puncturing; supported n only"",""scrambling"":""public_PCG64_SHA256_protocol_session_frame_group_counter_after_rate_matching_v1"",""torch"":""2.11.0+cu128"",""version"":""2.2.0""},""interleaver_sha256"":""2a98cee1737442f816af74fd6bbfe0edf24b7fc36c447fa376d650eac8de970e"",""k"":676,""k_filler"":44,""k_ldpc"":720,""layout_id"":""beaed27b8e94d74d12d553d2e2ad84a9e19b86a8d5eca7a296ac9fea96055a64"",""modulation_padding_bits"":0,""mother_bits"":3744,""n"":2282,""n_cb"":3600,""n_cb_comp"":3556,""power_protocol"":""fixed_constellation_average_Es2"",""puncturing_bits"":1418,""puncturing_first_2Z"":144,""puncturing_remaining"":1274,""repetition_bits"":0,""scrambling"":""public_PCG64_SHA256_protocol_session_frame_group_counter_after_rate_matching_v1"",""shortening_bits"":44,""z"":72}",[2048]
16QAM,1/2,16QAM:r1/2,b995d94d16eed7a3d588f28470897d22e8c4778785f02fc6310a2c55ccdc40cf,3708,16,0,3724,3840,116,19968,7448,1862,0,0.5,0.49785177228786254,"{""actual_effective_rate"":0.5,""bg"":""bg2"",""bit_mapping"":""component_Gray_00_-3_01_-1_10_3_11_1_over_sqrt5;QPSK_0_plus1_1_minus1"",""code_blocks"":1,""decoder_config"":{""cn_schedule"":""flooding"",""cn_update"":""boxplus-phi"",""early_stop"":false,""hard_out"":true,""harq_mode"":false,""llr_max"":20.0,""num_iter"":20,""precision"":""single"",""prune_pcm"":true,""return_infobits"":true,""vn_update"":""sum""},""implementation"":{""bit_mapping"":""component_Gray_00_-3_01_-1_10_3_11_1_over_sqrt5;QPSK_0_plus1_1_minus1"",""cuda"":""12.8"",""decoder"":{""cn_schedule"":""flooding"",""cn_update"":""boxplus-phi"",""early_stop"":false,""hard_out"":true,""harq_mode"":false,""llr_max"":20.0,""num_iter"":20,""precision"":""single"",""prune_pcm"":true,""return_infobits"":true,""vn_update"":""sum""},""decoder_source_sha256"":""44d84b92b749e2970f94d92cd348a11648e2286b4d851faa0af8b21d08f0da23"",""encoder_source_sha256"":""34d8db6660b2e84708a8fb534f63c194f6f2b964e3693fcffc9dcaf21532ccfd"",""implementation"":""Sionna_5G_LDPC"",""power_protocol"":""fixed_constellation_average_Es2"",""precision"":""float32"",""rate_matching"":""Sionna RV0; filler removal, first2Z and tail puncturing; supported n only"",""scrambling"":""public_PCG64_SHA256_protocol_session_frame_group_counter_after_rate_matching_v1"",""torch"":""2.11.0+cu128"",""version"":""2.2.0""},""interleaver_sha256"":""9a5f62bb6dfc47dc11872b025c0f66b6816baebb5a5d5d987d0c1fdeaa2f0bea"",""k"":3724,""k_filler"":116,""k_ldpc"":3840,""layout_id"":""a9256d1be062bc4fa7cb1a162acc7f958f2915d6ca6a1918bcddd711d72b60ab"",""modulation_padding_bits"":0,""mother_bits"":19968,""n"":7448,""n_cb"":19200,""n_cb_comp"":19084,""power_protocol"":""fixed_constellation_average_Es2"",""puncturing_bits"":12404,""puncturing_first_2Z"":768,""puncturing_remaining"":11636,""repetition_bits"":0,""scrambling"":""public_PCG64_SHA256_protocol_session_frame_group_counter_after_rate_matching_v1"",""shortening_bits"":116,""z"":384}",[2048]
QPSK,5/6,QPSK:r5/6,b995e6771fc6624e8906e6f4221929b80452bee9348bd1bdc990dd2d5c62da99,1008,16,0,1024,1056,32,3264,1494,747,0,0.6854082998661312,0.6746987951807228,"{""actual_effective_rate"":0.6854082998661312,""bg"":""bg1"",""bit_mapping"":""component_Gray_00_-3_01_-1_10_3_11_1_over_sqrt5;QPSK_0_plus1_1_minus1"",""code_blocks"":1,""decoder_config"":{""cn_schedule"":""flooding"",""cn_update"":""boxplus-phi"",""early_stop"":false,""hard_out"":true,""harq_mode"":false,""llr_max"":20.0,""num_iter"":20,""precision"":""single"",""prune_pcm"":true,""return_infobits"":true,""vn_update"":""sum""},""implementation"":{""bit_mapping"":""component_Gray_00_-3_01_-1_10_3_11_1_over_sqrt5;QPSK_0_plus1_1_minus1"",""cuda"":""12.8"",""decoder"":{""cn_schedule"":""flooding"",""cn_update"":""boxplus-phi"",""early_stop"":false,""hard_out"":true,""harq_mode"":false,""llr_max"":20.0,""num_iter"":20,""precision"":""single"",""prune_pcm"":true,""return_infobits"":true,""vn_update"":""sum""},""decoder_source_sha256"":""44d84b92b749e2970f94d92cd348a11648e2286b4d851faa0af8b21d08f0da23"",""encoder_source_sha256"":""34d8db6660b2e84708a8fb534f63c194f6f2b964e3693fcffc9dcaf21532ccfd"",""implementation"":""Sionna_5G_LDPC"",""power_protocol"":""fixed_constellation_average_Es2"",""precision"":""float32"",""rate_matching"":""Sionna RV0; filler removal, first2Z and tail puncturing; supported n only"",""scrambling"":""public_PCG64_SHA256_protocol_session_frame_group_counter_after_rate_matching_v1"",""torch"":""2.11.0+cu128"",""version"":""2.2.0""},""interleaver_sha256"":""5ca05417d3970428f42fe6610b2615c4bf90b3055165c3d34ca416c7ac0925dc"",""k"":1024,""k_filler"":32,""k_ldpc"":1056,""layout_id"":""57e9409744e3af75cb564eae0671648f35819264808b32361c3e5a474e86230e"",""modulation_padding_bits"":0,""mother_bits"":3264,""n"":1494,""n_cb"":3168,""n_cb_comp"":3136,""power_protocol"":""fixed_constellation_average_Es2"",""puncturing_bits"":1738,""puncturing_first_2Z"":96,""puncturing_remaining"":1642,""repetition_bits"":0,""scrambling"":""public_PCG64_SHA256_protocol_session_frame_group_counter_after_rate_matching_v1"",""shortening_bits"":32,""z"":48}",[2048]
QPSK,3/4,QPSK:r3/4,b998aea869750eff499dfe334fe12aef7723b6baa808c0cb28eaee7b086041d7,1500,16,0,1516,1600,84,8320,3236,1618,0,0.4684796044499382,0.4635352286773795,"{""actual_effective_rate"":0.4684796044499382,""bg"":""bg2"",""bit_mapping"":""component_Gray_00_-3_01_-1_10_3_11_1_over_sqrt5;QPSK_0_plus1_1_minus1"",""code_blocks"":1,""decoder_config"":{""cn_schedule"":""flooding"",""cn_update"":""boxplus-phi"",""early_stop"":false,""hard_out"":true,""harq_mode"":false,""llr_max"":20.0,""num_iter"":20,""precision"":""single"",""prune_pcm"":true,""return_infobits"":true,""vn_update"":""sum""},""implementation"":{""bit_mapping"":""component_Gray_00_-3_01_-1_10_3_11_1_over_sqrt5;QPSK_0_plus1_1_minus1"",""cuda"":""12.8"",""decoder"":{""cn_schedule"":""flooding"",""cn_update"":""boxplus-phi"",""early_stop"":false,""hard_out"":true,""harq_mode"":false,""llr_max"":20.0,""num_iter"":20,""precision"":""single"",""prune_pcm"":true,""return_infobits"":true,""vn_update"":""sum""},""decoder_source_sha256"":""44d84b92b749e2970f94d92cd348a11648e2286b4d851faa0af8b21d08f0da23"",""encoder_source_sha256"":""34d8db6660b2e84708a8fb534f63c194f6f2b964e3693fcffc9dcaf21532ccfd"",""implementation"":""Sionna_5G_LDPC"",""power_protocol"":""fixed_constellation_average_Es2"",""precision"":""float32"",""rate_matching"":""Sionna RV0; filler removal, first2Z and tail puncturing; supported n only"",""scrambling"":""public_PCG64_SHA256_protocol_session_frame_group_counter_after_rate_matching_v1"",""torch"":""2.11.0+cu128"",""version"":""2.2.0""},""interleaver_sha256"":""c84540936eff30eda177fd9c682fa0dec7bd38eb3db45582bb260de340a1560c"",""k"":1516,""k_filler"":84,""k_ldpc"":1600,""layout_id"":""64ffcf0387917bf32c2c7eae2428a6926f57fc6cc7ea883f3c2ba6752bb861fe"",""modulation_padding_bits"":0,""mother_bits"":8320,""n"":3236,""n_cb"":8000,""n_cb_comp"":7916,""power_protocol"":""fixed_constellation_average_Es2"",""puncturing_bits"":5000,""puncturing_first_2Z"":320,""puncturing_remaining"":4680,""repetition_bits"":0,""scrambling"":""public_PCG64_SHA256_protocol_session_frame_group_counter_after_rate_matching_v1"",""shortening_bits"":84,""z"":160}",[2048]
16QAM,3/4,16QAM:r3/4,b9a5cc9792df4b50e4ab45be016c4594b06bba2bbe4a4921751586aee252e382,516,16,0,532,720,188,3744,916,229,0,0.5807860262008734,0.5633187772925764,"{""actual_effective_rate"":0.5807860262008734,""bg"":""bg2"",""bit_mapping"":""component_Gray_00_-3_01_-1_10_3_11_1_over_sqrt5;QPSK_0_plus1_1_minus1"",""code_blocks"":1,""decoder_config"":{""cn_schedule"":""flooding"",""cn_update"":""boxplus-phi"",""early_stop"":false,""hard_out"":true,""harq_mode"":false,""llr_max"":20.0,""num_iter"":20,""precision"":""single"",""prune_pcm"":true,""return_infobits"":true,""vn_update"":""sum""},""implementation"":{""bit_mapping"":""component_Gray_00_-3_01_-1_10_3_11_1_over_sqrt5;QPSK_0_plus1_1_minus1"",""cuda"":""12.8"",""decoder"":{""cn_schedule"":""flooding"",""cn_update"":""boxplus-phi"",""early_stop"":false,""hard_out"":true,""harq_mode"":false,""llr_max"":20.0,""num_iter"":20,""precision"":""single"",""prune_pcm"":true,""return_infobits"":true,""vn_update"":""sum""},""decoder_source_sha256"":""44d84b92b749e2970f94d92cd348a11648e2286b4d851faa0af8b21d08f0da23"",""encoder_source_sha256"":""34d8db6660b2e84708a8fb534f63c194f6f2b964e3693fcffc9dcaf21532ccfd"",""implementation"":""Sionna_5G_LDPC"",""power_protocol"":""fixed_constellation_average_Es2"",""precision"":""float32"",""rate_matching"":""Sionna RV0; filler removal, first2Z and tail puncturing; supported n only"",""scrambling"":""public_PCG64_SHA256_protocol_session_frame_group_counter_after_rate_matching_v1"",""torch"":""2.11.0+cu128"",""version"":""2.2.0""},""interleaver_sha256"":""109c44637e51fb5bbea37cac9706a0e3505e57d5e2d6f77d35059cbf9860d9c2"",""k"":532,""k_filler"":188,""k_ldpc"":720,""layout_id"":""7b8aa934ea74442fb4fc50dbbc197739d35f6e152ca4791f14474018472de1ce"",""modulation_padding_bits"":0,""mother_bits"":3744,""n"":916,""n_cb"":3600,""n_cb_comp"":3412,""power_protocol"":""fixed_constellation_average_Es2"",""puncturing_bits"":2640,""puncturing_first_2Z"":144,""puncturing_remaining"":2496,""repetition_bits"":0,""scrambling"":""public_PCG64_SHA256_protocol_session_frame_group_counter_after_rate_matching_v1"",""shortening_bits"":188,""z"":72}",[1024]
16QAM,1/3,16QAM:r1/3,b9b7e4da54004dd14aa7b5cae51f6c6be3c405a5aba347a68873987f0ffe5841,1500,16,0,1516,1600,84,8320,5948,1487,0,0.2548755884330868,0.25218560860793543,"{""actual_effective_rate"":0.2548755884330868,""bg"":""bg2"",""bit_mapping"":""component_Gray_00_-3_01_-1_10_3_11_1_over_sqrt5;QPSK_0_plus1_1_minus1"",""code_blocks"":1,""decoder_config"":{""cn_schedule"":""flooding"",""cn_update"":""boxplus-phi"",""early_stop"":false,""hard_out"":true,""harq_mode"":false,""llr_max"":20.0,""num_iter"":20,""precision"":""single"",""prune_pcm"":true,""return_infobits"":true,""vn_update"":""sum""},""implementation"":{""bit_mapping"":""component_Gray_00_-3_01_-1_10_3_11_1_over_sqrt5;QPSK_0_plus1_1_minus1"",""cuda"":""12.8"",""decoder"":{""cn_schedule"":""flooding"",""cn_update"":""boxplus-phi"",""early_stop"":false,""hard_out"":true,""harq_mode"":false,""llr_max"":20.0,""num_iter"":20,""precision"":""single"",""prune_pcm"":true,""return_infobits"":true,""vn_update"":""sum""},""decoder_source_sha256"":""44d84b92b749e2970f94d92cd348a11648e2286b4d851faa0af8b21d08f0da23"",""encoder_source_sha256"":""34d8db6660b2e84708a8fb534f63c194f6f2b964e3693fcffc9dcaf21532ccfd"",""implementation"":""Sionna_5G_LDPC"",""power_protocol"":""fixed_constellation_average_Es2"",""precision"":""float32"",""rate_matching"":""Sionna RV0; filler removal, first2Z and tail puncturing; supported n only"",""scrambling"":""public_PCG64_SHA256_protocol_session_frame_group_counter_after_rate_matching_v1"",""torch"":""2.11.0+cu128"",""version"":""2.2.0""},""interleaver_sha256"":""8f805501c7a6cf5eb0d3a2e6691ebff326c85824c2a6d7fe109d924b4103341d"",""k"":1516,""k_filler"":84,""k_ldpc"":1600,""layout_id"":""10e7bed23e96be5a9c5ea2119804c99eef8c4d2c06e97e55bc65aef277648b13"",""modulation_padding_bits"":0,""mother_bits"":8320,""n"":5948,""n_cb"":8000,""n_cb_comp"":7916,""power_protocol"":""fixed_constellation_average_Es2"",""puncturing_bits"":2288,""puncturing_first_2Z"":320,""puncturing_remaining"":1968,""repetition_bits"":0,""scrambling"":""public_PCG64_SHA256_protocol_session_frame_group_counter_after_rate_matching_v1"",""shortening_bits"":84,""z"":160}",[2048]
QPSK,3/4,QPSK:r3/4,b9c07bc0a3d398c2ba55ed71ea7e0aa874bcd774e1b2e581830f53cc70d69d37,324,16,0,340,440,100,2288,958,479,0,0.35490605427974947,0.33820459290187893,"{""actual_effective_rate"":0.35490605427974947,""bg"":""bg2"",""bit_mapping"":""component_Gray_00_-3_01_-1_10_3_11_1_over_sqrt5;QPSK_0_plus1_1_minus1"",""code_blocks"":1,""decoder_config"":{""cn_schedule"":""flooding"",""cn_update"":""boxplus-phi"",""early_stop"":false,""hard_out"":true,""harq_mode"":false,""llr_max"":20.0,""num_iter"":20,""precision"":""single"",""prune_pcm"":true,""return_infobits"":true,""vn_update"":""sum""},""implementation"":{""bit_mapping"":""component_Gray_00_-3_01_-1_10_3_11_1_over_sqrt5;QPSK_0_plus1_1_minus1"",""cuda"":""12.8"",""decoder"":{""cn_schedule"":""flooding"",""cn_update"":""boxplus-phi"",""early_stop"":false,""hard_out"":true,""harq_mode"":false,""llr_max"":20.0,""num_iter"":20,""precision"":""single"",""prune_pcm"":true,""return_infobits"":true,""vn_update"":""sum""},""decoder_source_sha256"":""44d84b92b749e2970f94d92cd348a11648e2286b4d851faa0af8b21d08f0da23"",""encoder_source_sha256"":""34d8db6660b2e84708a8fb534f63c194f6f2b964e3693fcffc9dcaf21532ccfd"",""implementation"":""Sionna_5G_LDPC"",""power_protocol"":""fixed_constellation_average_Es2"",""precision"":""float32"",""rate_matching"":""Sionna RV0; filler removal, first2Z and tail puncturing; supported n only"",""scrambling"":""public_PCG64_SHA256_protocol_session_frame_group_counter_after_rate_matching_v1"",""torch"":""2.11.0+cu128"",""version"":""2.2.0""},""interleaver_sha256"":""06484f857fb6a319211278b7cef2016587a7d4d4b22eb3df1102ceba130e7a5f"",""k"":340,""k_filler"":100,""k_ldpc"":440,""layout_id"":""cf141b2f35fad34397559f0114f330866daf9f5c52645734452c0bfbb9dbee97"",""modulation_padding_bits"":0,""mother_bits"":2288,""n"":958,""n_cb"":2200,""n_cb_comp"":2100,""power_protocol"":""fixed_constellation_average_Es2"",""puncturing_bits"":1230,""puncturing_first_2Z"":88,""puncturing_remaining"":1142,""repetition_bits"":0,""scrambling"":""public_PCG64_SHA256_protocol_session_frame_group_counter_after_rate_matching_v1"",""shortening_bits"":100,""z"":44}",[1024]
16QAM,3/4,16QAM:r3/4,b9c11beef5fae0af4b4c245e4764a9694ff712bcdbfea4b7116aa2c7c0c63c5e,768,16,0,784,792,8,2448,1080,270,0,0.725925925925926,0.7111111111111111,"{""actual_effective_rate"":0.725925925925926,""bg"":""bg1"",""bit_mapping"":""component_Gray_00_-3_01_-1_10_3_11_1_over_sqrt5;QPSK_0_plus1_1_minus1"",""code_blocks"":1,""decoder_config"":{""cn_schedule"":""flooding"",""cn_update"":""boxplus-phi"",""early_stop"":false,""hard_out"":true,""harq_mode"":false,""llr_max"":20.0,""num_iter"":20,""precision"":""single"",""prune_pcm"":true,""return_infobits"":true,""vn_update"":""sum""},""implementation"":{""bit_mapping"":""component_Gray_00_-3_01_-1_10_3_11_1_over_sqrt5;QPSK_0_plus1_1_minus1"",""cuda"":""12.8"",""decoder"":{""cn_schedule"":""flooding"",""cn_update"":""boxplus-phi"",""early_stop"":false,""hard_out"":true,""harq_mode"":false,""llr_max"":20.0,""num_iter"":20,""precision"":""single"",""prune_pcm"":true,""return_infobits"":true,""vn_update"":""sum""},""decoder_source_sha256"":""44d84b92b749e2970f94d92cd348a11648e2286b4d851faa0af8b21d08f0da23"",""encoder_source_sha256"":""34d8db6660b2e84708a8fb534f63c194f6f2b964e3693fcffc9dcaf21532ccfd"",""implementation"":""Sionna_5G_LDPC"",""power_protocol"":""fixed_constellation_average_Es2"",""precision"":""float32"",""rate_matching"":""Sionna RV0; filler removal, first2Z and tail puncturing; supported n only"",""scrambling"":""public_PCG64_SHA256_protocol_session_frame_group_counter_after_rate_matching_v1"",""torch"":""2.11.0+cu128"",""version"":""2.2.0""},""interleaver_sha256"":""a9fb025db5a2b1d22a286c84ed1e55a672990240691b31d53cd66ed9a20d6569"",""k"":784,""k_filler"":8,""k_ldpc"":792,""layout_id"":""ef415596954e5e370a2147b7262203cd4e262de3054c45a6ccd9bbbefdc6a562"",""modulation_padding_bits"":0,""mother_bits"":2448,""n"":1080,""n_cb"":2376,""n_cb_comp"":2368,""power_protocol"":""fixed_constellation_average_Es2"",""puncturing_bits"":1360,""puncturing_first_2Z"":72,""puncturing_remaining"":1288,""repetition_bits"":0,""scrambling"":""public_PCG64_SHA256_protocol_session_frame_group_counter_after_rate_matching_v1"",""shortening_bits"":8,""z"":36}",[1024]
QPSK,5/6,QPSK:r5/6,b9c5291be18f4bda688d044f0b3e940e188d549acd4632a739658bb4e0a380ca,1116,16,0,1132,1144,12,3536,1396,698,0,0.8108882521489972,0.7994269340974212,"{""actual_effective_rate"":0.8108882521489972,""bg"":""bg1"",""bit_mapping"":""component_Gray_00_-3_01_-1_10_3_11_1_over_sqrt5;QPSK_0_plus1_1_minus1"",""code_blocks"":1,""decoder_config"":{""cn_schedule"":""flooding"",""cn_update"":""boxplus-phi"",""early_stop"":false,""hard_out"":true,""harq_mode"":false,""llr_max"":20.0,""num_iter"":20,""precision"":""single"",""prune_pcm"":true,""return_infobits"":true,""vn_update"":""sum""},""implementation"":{""bit_mapping"":""component_Gray_00_-3_01_-1_10_3_11_1_over_sqrt5;QPSK_0_plus1_1_minus1"",""cuda"":""12.8"",""decoder"":{""cn_schedule"":""flooding"",""cn_update"":""boxplus-phi"",""early_stop"":false,""hard_out"":true,""harq_mode"":false,""llr_max"":20.0,""num_iter"":20,""precision"":""single"",""prune_pcm"":true,""return_infobits"":true,""vn_update"":""sum""},""decoder_source_sha256"":""44d84b92b749e2970f94d92cd348a11648e2286b4d851faa0af8b21d08f0da23"",""encoder_source_sha256"":""34d8db6660b2e84708a8fb534f63c194f6f2b964e3693fcffc9dcaf21532ccfd"",""implementation"":""Sionna_5G_LDPC"",""power_protocol"":""fixed_constellation_average_Es2"",""precision"":""float32"",""rate_matching"":""Sionna RV0; filler removal, first2Z and tail puncturing; supported n only"",""scrambling"":""public_PCG64_SHA256_protocol_session_frame_group_counter_after_rate_matching_v1"",""torch"":""2.11.0+cu128"",""version"":""2.2.0""},""interleaver_sha256"":""2d9ad25ded841d51345d01c3c9ad3eb18a157ed39c5c9dd122d543a5473f0fd3"",""k"":1132,""k_filler"":12,""k_ldpc"":1144,""layout_id"":""69c4f989fa9f2c81a7b2f7cd7e71f4b221c6ff8406f1d123b1bc95bf6c925ae4"",""modulation_padding_bits"":0,""mother_bits"":3536,""n"":1396,""n_cb"":3432,""n_cb_comp"":3420,""power_protocol"":""fixed_constellation_average_Es2"",""puncturing_bits"":2128,""puncturing_first_2Z"":104,""puncturing_remaining"":2024,""repetition_bits"":0,""scrambling"":""public_PCG64_SHA256_protocol_session_frame_group_counter_after_rate_matching_v1"",""shortening_bits"":12,""z"":52}",[1024]
QPSK,5/6,QPSK:r5/6,b9ca95d6f87f9c85ffa7ae230e5e92b61a5f7245fd22f0cc75ba1b63b91ae6a6,2232,16,0,2248,2288,40,7072,2698,1349,0,0.8332097850259451,0.8272794662713121,"{""actual_effective_rate"":0.8332097850259451,""bg"":""bg1"",""bit_mapping"":""component_Gray_00_-3_01_-1_10_3_11_1_over_sqrt5;QPSK_0_plus1_1_minus1"",""code_blocks"":1,""decoder_config"":{""cn_schedule"":""flooding"",""cn_update"":""boxplus-phi"",""early_stop"":false,""hard_out"":true,""harq_mode"":false,""llr_max"":20.0,""num_iter"":20,""precision"":""single"",""prune_pcm"":true,""return_infobits"":true,""vn_update"":""sum""},""implementation"":{""bit_mapping"":""component_Gray_00_-3_01_-1_10_3_11_1_over_sqrt5;QPSK_0_plus1_1_minus1"",""cuda"":""12.8"",""decoder"":{""cn_schedule"":""flooding"",""cn_update"":""boxplus-phi"",""early_stop"":false,""hard_out"":true,""harq_mode"":false,""llr_max"":20.0,""num_iter"":20,""precision"":""single"",""prune_pcm"":true,""return_infobits"":true,""vn_update"":""sum""},""decoder_source_sha256"":""44d84b92b749e2970f94d92cd348a11648e2286b4d851faa0af8b21d08f0da23"",""encoder_source_sha256"":""34d8db6660b2e84708a8fb534f63c194f6f2b964e3693fcffc9dcaf21532ccfd"",""implementation"":""Sionna_5G_LDPC"",""power_protocol"":""fixed_constellation_average_Es2"",""precision"":""float32"",""rate_matching"":""Sionna RV0; filler removal, first2Z and tail puncturing; supported n only"",""scrambling"":""public_PCG64_SHA256_protocol_session_frame_group_counter_after_rate_matching_v1"",""torch"":""2.11.0+cu128"",""version"":""2.2.0""},""interleaver_sha256"":""17db19c4ba0ac479113e28f0d7d96db3593409e8a9b7b1f70eeedb54bbc08a24"",""k"":2248,""k_filler"":40,""k_ldpc"":2288,""layout_id"":""9527043cba0cb62b872ad9936ffc4f4bbf0e88f1c95cda6f6ff1cdf2eb3312fd"",""modulation_padding_bits"":0,""mother_bits"":7072,""n"":2698,""n_cb"":6864,""n_cb_comp"":6824,""power_protocol"":""fixed_constellation_average_Es2"",""puncturing_bits"":4334,""puncturing_first_2Z"":208,""puncturing_remaining"":4126,""repetition_bits"":0,""scrambling"":""public_PCG64_SHA256_protocol_session_frame_group_counter_after_rate_matching_v1"",""shortening_bits"":40,""z"":104}",[2048]
16QAM,2/3,16QAM:r2/3,b9de5ccaefde2a1fab18c3e6e1065bd7a04de404bd37e19b9872cca982d95ad7,4728,16,0,4744,4928,184,15232,7116,1779,0,0.6666666666666666,0.6644182124789207,"{""actual_effective_rate"":0.6666666666666666,""bg"":""bg1"",""bit_mapping"":""component_Gray_00_-3_01_-1_10_3_11_1_over_sqrt5;QPSK_0_plus1_1_minus1"",""code_blocks"":1,""decoder_config"":{""cn_schedule"":""flooding"",""cn_update"":""boxplus-phi"",""early_stop"":false,""hard_out"":true,""harq_mode"":false,""llr_max"":20.0,""num_iter"":20,""precision"":""single"",""prune_pcm"":true,""return_infobits"":true,""vn_update"":""sum""},""implementation"":{""bit_mapping"":""component_Gray_00_-3_01_-1_10_3_11_1_over_sqrt5;QPSK_0_plus1_1_minus1"",""cuda"":""12.8"",""decoder"":{""cn_schedule"":""flooding"",""cn_update"":""boxplus-phi"",""early_stop"":false,""hard_out"":true,""harq_mode"":false,""llr_max"":20.0,""num_iter"":20,""precision"":""single"",""prune_pcm"":true,""return_infobits"":true,""vn_update"":""sum""},""decoder_source_sha256"":""44d84b92b749e2970f94d92cd348a11648e2286b4d851faa0af8b21d08f0da23"",""encoder_source_sha256"":""34d8db6660b2e84708a8fb534f63c194f6f2b964e3693fcffc9dcaf21532ccfd"",""implementation"":""Sionna_5G_LDPC"",""power_protocol"":""fixed_constellation_average_Es2"",""precision"":""float32"",""rate_matching"":""Sionna RV0; filler removal, first2Z and tail puncturing; supported n only"",""scrambling"":""public_PCG64_SHA256_protocol_session_frame_group_counter_after_rate_matching_v1"",""torch"":""2.11.0+cu128"",""version"":""2.2.0""},""interleaver_sha256"":""d12713a36ed1ae4ec6d635b40197d56c779b1e510a4f700b11578dbc0b1bce4e"",""k"":4744,""k_filler"":184,""k_ldpc"":4928,""layout_id"":""1c9a62ebb8a40c2c0314d39cbb1b763c57e76ac12dc3aafc85377874e78d5aec"",""modulation_padding_bits"":0,""mother_bits"":15232,""n"":7116,""n_cb"":14784,""n_cb_comp"":14600,""power_protocol"":""fixed_constellation_average_Es2"",""puncturing_bits"":7932,""puncturing_first_2Z"":448,""puncturing_remaining"":7484,""repetition_bits"":0,""scrambling"":""public_PCG64_SHA256_protocol_session_frame_group_counter_after_rate_matching_v1"",""shortening_bits"":184,""z"":224}",[2048]
QPSK,3/4,QPSK:r3/4,b9e149296b43b9a4a1c4f97ec44ed05f61450c3ef4b74ea16762ec0d29370165,1116,16,0,1132,1200,68,6240,3392,1696,0,0.33372641509433965,0.3290094339622642,"{""actual_effective_rate"":0.33372641509433965,""bg"":""bg2"",""bit_mapping"":""component_Gray_00_-3_01_-1_10_3_11_1_over_sqrt5;QPSK_0_plus1_1_minus1"",""code_blocks"":1,""decoder_config"":{""cn_schedule"":""flooding"",""cn_update"":""boxplus-phi"",""early_stop"":false,""hard_out"":true,""harq_mode"":false,""llr_max"":20.0,""num_iter"":20,""precision"":""single"",""prune_pcm"":true,""return_infobits"":true,""vn_update"":""sum""},""implementation"":{""bit_mapping"":""component_Gray_00_-3_01_-1_10_3_11_1_over_sqrt5;QPSK_0_plus1_1_minus1"",""cuda"":""12.8"",""decoder"":{""cn_schedule"":""flooding"",""cn_update"":""boxplus-phi"",""early_stop"":false,""hard_out"":true,""harq_mode"":false,""llr_max"":20.0,""num_iter"":20,""precision"":""single"",""prune_pcm"":true,""return_infobits"":true,""vn_update"":""sum""},""decoder_source_sha256"":""44d84b92b749e2970f94d92cd348a11648e2286b4d851faa0af8b21d08f0da23"",""encoder_source_sha256"":""34d8db6660b2e84708a8fb534f63c194f6f2b964e3693fcffc9dcaf21532ccfd"",""implementation"":""Sionna_5G_LDPC"",""power_protocol"":""fixed_constellation_average_Es2"",""precision"":""float32"",""rate_matching"":""Sionna RV0; filler removal, first2Z and tail puncturing; supported n only"",""scrambling"":""public_PCG64_SHA256_protocol_session_frame_group_counter_after_rate_matching_v1"",""torch"":""2.11.0+cu128"",""version"":""2.2.0""},""interleaver_sha256"":""2b664b70feeba4e1c93b21266fedad16ae36bd0f9a019743cdcad5bbc209a11c"",""k"":1132,""k_filler"":68,""k_ldpc"":1200,""layout_id"":""45ce52e840e18083242d0c427a5c1372a82036e70c517efc5eb148a15b399fdf"",""modulation_padding_bits"":0,""mother_bits"":6240,""n"":3392,""n_cb"":6000,""n_cb_comp"":5932,""power_protocol"":""fixed_constellation_average_Es2"",""puncturing_bits"":2780,""puncturing_first_2Z"":240,""puncturing_remaining"":2540,""repetition_bits"":0,""scrambling"":""public_PCG64_SHA256_protocol_session_frame_group_counter_after_rate_matching_v1"",""shortening_bits"":68,""z"":120}",[2048]
QPSK,1/2,QPSK:r1/2,b9f4ba21c97f8105a317798294df0d4752227d4999086f2fcb2b5231c803a98f,192,16,0,208,260,52,1352,454,227,0,0.4581497797356828,0.42290748898678415,"{""actual_effective_rate"":0.4581497797356828,""bg"":""bg2"",""bit_mapping"":""component_Gray_00_-3_01_-1_10_3_11_1_over_sqrt5;QPSK_0_plus1_1_minus1"",""code_blocks"":1,""decoder_config"":{""cn_schedule"":""flooding"",""cn_update"":""boxplus-phi"",""early_stop"":false,""hard_out"":true,""harq_mode"":false,""llr_max"":20.0,""num_iter"":20,""precision"":""single"",""prune_pcm"":true,""return_infobits"":true,""vn_update"":""sum""},""implementation"":{""bit_mapping"":""component_Gray_00_-3_01_-1_10_3_11_1_over_sqrt5;QPSK_0_plus1_1_minus1"",""cuda"":""12.8"",""decoder"":{""cn_schedule"":""flooding"",""cn_update"":""boxplus-phi"",""early_stop"":false,""hard_out"":true,""harq_mode"":false,""llr_max"":20.0,""num_iter"":20,""precision"":""single"",""prune_pcm"":true,""return_infobits"":true,""vn_update"":""sum""},""decoder_source_sha256"":""44d84b92b749e2970f94d92cd348a11648e2286b4d851faa0af8b21d08f0da23"",""encoder_source_sha256"":""34d8db6660b2e84708a8fb534f63c194f6f2b964e3693fcffc9dcaf21532ccfd"",""implementation"":""Sionna_5G_LDPC"",""power_protocol"":""fixed_constellation_average_Es2"",""precision"":""float32"",""rate_matching"":""Sionna RV0; filler removal, first2Z and tail puncturing; supported n only"",""scrambling"":""public_PCG64_SHA256_protocol_session_frame_group_counter_after_rate_matching_v1"",""torch"":""2.11.0+cu128"",""version"":""2.2.0""},""interleaver_sha256"":""bbe0a17d2ec79001e45e4ed8ef87b71ce08f630e7c14593bcacab4f0b0e1b683"",""k"":208,""k_filler"":52,""k_ldpc"":260,""layout_id"":""7a6bccf5691f1bf6427dc5255709ea427908f5369bfb030f280bd306d4929aff"",""modulation_padding_bits"":0,""mother_bits"":1352,""n"":454,""n_cb"":1300,""n_cb_comp"":1248,""power_protocol"":""fixed_constellation_average_Es2"",""puncturing_bits"":846,""puncturing_first_2Z"":52,""puncturing_remaining"":794,""repetition_bits"":0,""scrambling"":""public_PCG64_SHA256_protocol_session_frame_group_counter_after_rate_matching_v1"",""shortening_bits"":52,""z"":26}",[1024]
16QAM,3/4,16QAM:r3/4,b9f6caf17e4fa9735d4160f52355e53e26737f17a591efc0aea9c1163fa50e9d,1092,16,0,1108,1120,12,5824,2068,517,0,0.5357833655705996,0.528046421663443,"{""actual_effective_rate"":0.5357833655705996,""bg"":""bg2"",""bit_mapping"":""component_Gray_00_-3_01_-1_10_3_11_1_over_sqrt5;QPSK_0_plus1_1_minus1"",""code_blocks"":1,""decoder_config"":{""cn_schedule"":""flooding"",""cn_update"":""boxplus-phi"",""early_stop"":false,""hard_out"":true,""harq_mode"":false,""llr_max"":20.0,""num_iter"":20,""precision"":""single"",""prune_pcm"":true,""return_infobits"":true,""vn_update"":""sum""},""implementation"":{""bit_mapping"":""component_Gray_00_-3_01_-1_10_3_11_1_over_sqrt5;QPSK_0_plus1_1_minus1"",""cuda"":""12.8"",""decoder"":{""cn_schedule"":""flooding"",""cn_update"":""boxplus-phi"",""early_stop"":false,""hard_out"":true,""harq_mode"":false,""llr_max"":20.0,""num_iter"":20,""precision"":""single"",""prune_pcm"":true,""return_infobits"":true,""vn_update"":""sum""},""decoder_source_sha256"":""44d84b92b749e2970f94d92cd348a11648e2286b4d851faa0af8b21d08f0da23"",""encoder_source_sha256"":""34d8db6660b2e84708a8fb534f63c194f6f2b964e3693fcffc9dcaf21532ccfd"",""implementation"":""Sionna_5G_LDPC"",""power_protocol"":""fixed_constellation_average_Es2"",""precision"":""float32"",""rate_matching"":""Sionna RV0; filler removal, first2Z and tail puncturing; supported n only"",""scrambling"":""public_PCG64_SHA256_protocol_session_frame_group_counter_after_rate_matching_v1"",""torch"":""2.11.0+cu128"",""version"":""2.2.0""},""interleaver_sha256"":""43a35aa5299a1803c97ea0e6bb464d1a35e75cecf53c4bf3f1ffaa3609f41d70"",""k"":1108,""k_filler"":12,""k_ldpc"":1120,""layout_id"":""01ea56e3c5df474bbabb60aab44fb1d728d092731226230a313081602374d620"",""modulation_padding_bits"":0,""mother_bits"":5824,""n"":2068,""n_cb"":5600,""n_cb_comp"":5588,""power_protocol"":""fixed_constellation_average_Es2"",""puncturing_bits"":3744,""puncturing_first_2Z"":224,""puncturing_remaining"":3520,""repetition_bits"":0,""scrambling"":""public_PCG64_SHA256_protocol_session_frame_group_counter_after_rate_matching_v1"",""shortening_bits"":12,""z"":112}",[2048]
16QAM,5/6,16QAM:r5/6,b9fdd4a7bcd8b33c76203c1b3c13ab59e48396ed88e308214b3e4f7b2fa94945,876,16,0,892,968,76,2992,1072,268,0,0.832089552238806,0.8171641791044776,"{""actual_effective_rate"":0.832089552238806,""bg"":""bg1"",""bit_mapping"":""component_Gray_00_-3_01_-1_10_3_11_1_over_sqrt5;QPSK_0_plus1_1_minus1"",""code_blocks"":1,""decoder_config"":{""cn_schedule"":""flooding"",""cn_update"":""boxplus-phi"",""early_stop"":false,""hard_out"":true,""harq_mode"":false,""llr_max"":20.0,""num_iter"":20,""precision"":""single"",""prune_pcm"":true,""return_infobits"":true,""vn_update"":""sum""},""implementation"":{""bit_mapping"":""component_Gray_00_-3_01_-1_10_3_11_1_over_sqrt5;QPSK_0_plus1_1_minus1"",""cuda"":""12.8"",""decoder"":{""cn_schedule"":""flooding"",""cn_update"":""boxplus-phi"",""early_stop"":false,""hard_out"":true,""harq_mode"":false,""llr_max"":20.0,""num_iter"":20,""precision"":""single"",""prune_pcm"":true,""return_infobits"":true,""vn_update"":""sum""},""decoder_source_sha256"":""44d84b92b749e2970f94d92cd348a11648e2286b4d851faa0af8b21d08f0da23"",""encoder_source_sha256"":""34d8db6660b2e84708a8fb534f63c194f6f2b964e3693fcffc9dcaf21532ccfd"",""implementation"":""Sionna_5G_LDPC"",""power_protocol"":""fixed_constellation_average_Es2"",""precision"":""float32"",""rate_matching"":""Sionna RV0; filler removal, first2Z and tail puncturing; supported n only"",""scrambling"":""public_PCG64_SHA256_protocol_session_frame_group_counter_after_rate_matching_v1"",""torch"":""2.11.0+cu128"",""version"":""2.2.0""},""interleaver_sha256"":""223284ea46d1bf319a2422a74c84ebbb0bdd0a4f287e12321626a7740fd03583"",""k"":892,""k_filler"":76,""k_ldpc"":968,""layout_id"":""53a79dead8ed2cf7a53c69a937abd4a06f17f00612d9630a7aca271ba8830654"",""modulation_padding_bits"":0,""mother_bits"":2992,""n"":1072,""n_cb"":2904,""n_cb_comp"":2828,""power_protocol"":""fixed_constellation_average_Es2"",""puncturing_bits"":1844,""puncturing_first_2Z"":88,""puncturing_remaining"":1756,""repetition_bits"":0,""scrambling"":""public_PCG64_SHA256_protocol_session_frame_group_counter_after_rate_matching_v1"",""shortening_bits"":76,""z"":44}","[1024,2048]"
QPSK,3/4,QPSK:r3/4,ba0500e683f9b62ff02b2c1435846533852ff908fac24684579ebce5e820fa01,1284,16,0,1300,1320,20,4080,1738,869,0,0.7479861910241657,0.7387802071346375,"{""actual_effective_rate"":0.7479861910241657,""bg"":""bg1"",""bit_mapping"":""component_Gray_00_-3_01_-1_10_3_11_1_over_sqrt5;QPSK_0_plus1_1_minus1"",""code_blocks"":1,""decoder_config"":{""cn_schedule"":""flooding"",""cn_update"":""boxplus-phi"",""early_stop"":false,""hard_out"":true,""harq_mode"":false,""llr_max"":20.0,""num_iter"":20,""precision"":""single"",""prune_pcm"":true,""return_infobits"":true,""vn_update"":""sum""},""implementation"":{""bit_mapping"":""component_Gray_00_-3_01_-1_10_3_11_1_over_sqrt5;QPSK_0_plus1_1_minus1"",""cuda"":""12.8"",""decoder"":{""cn_schedule"":""flooding"",""cn_update"":""boxplus-phi"",""early_stop"":false,""hard_out"":true,""harq_mode"":false,""llr_max"":20.0,""num_iter"":20,""precision"":""single"",""prune_pcm"":true,""return_infobits"":true,""vn_update"":""sum""},""decoder_source_sha256"":""44d84b92b749e2970f94d92cd348a11648e2286b4d851faa0af8b21d08f0da23"",""encoder_source_sha256"":""34d8db6660b2e84708a8fb534f63c194f6f2b964e3693fcffc9dcaf21532ccfd"",""implementation"":""Sionna_5G_LDPC"",""power_protocol"":""fixed_constellation_average_Es2"",""precision"":""float32"",""rate_matching"":""Sionna RV0; filler removal, first2Z and tail puncturing; supported n only"",""scrambling"":""public_PCG64_SHA256_protocol_session_frame_group_counter_after_rate_matching_v1"",""torch"":""2.11.0+cu128"",""version"":""2.2.0""},""interleaver_sha256"":""55662f46305ab89c24b07b9984e3a7d974a444c43760df65997f0d7be96bd88a"",""k"":1300,""k_filler"":20,""k_ldpc"":1320,""layout_id"":""823d06009a0aad9fbdbc675d96d778e8fbac123b82b06eafa542c65a438d34fb"",""modulation_padding_bits"":0,""mother_bits"":4080,""n"":1738,""n_cb"":3960,""n_cb_comp"":3940,""power_protocol"":""fixed_constellation_average_Es2"",""puncturing_bits"":2322,""puncturing_first_2Z"":120,""puncturing_remaining"":2202,""repetition_bits"":0,""scrambling"":""public_PCG64_SHA256_protocol_session_frame_group_counter_after_rate_matching_v1"",""shortening_bits"":20,""z"":60}",[2048]
16QAM,1/2,16QAM:r1/2,ba27eb397b9b971c881c4e73ee2fd9c37a525c59aca64279065749ab83a4fc53,624,16,0,640,720,80,3744,2652,663,0,0.24132730015082957,0.23529411764705882,"{""actual_effective_rate"":0.24132730015082957,""bg"":""bg2"",""bit_mapping"":""component_Gray_00_-3_01_-1_10_3_11_1_over_sqrt5;QPSK_0_plus1_1_minus1"",""code_blocks"":1,""decoder_config"":{""cn_schedule"":""flooding"",""cn_update"":""boxplus-phi"",""early_stop"":false,""hard_out"":true,""harq_mode"":false,""llr_max"":20.0,""num_iter"":20,""precision"":""single"",""prune_pcm"":true,""return_infobits"":true,""vn_update"":""sum""},""implementation"":{""bit_mapping"":""component_Gray_00_-3_01_-1_10_3_11_1_over_sqrt5;QPSK_0_plus1_1_minus1"",""cuda"":""12.8"",""decoder"":{""cn_schedule"":""flooding"",""cn_update"":""boxplus-phi"",""early_stop"":false,""hard_out"":true,""harq_mode"":false,""llr_max"":20.0,""num_iter"":20,""precision"":""single"",""prune_pcm"":true,""return_infobits"":true,""vn_update"":""sum""},""decoder_source_sha256"":""44d84b92b749e2970f94d92cd348a11648e2286b4d851faa0af8b21d08f0da23"",""encoder_source_sha256"":""34d8db6660b2e84708a8fb534f63c194f6f2b964e3693fcffc9dcaf21532ccfd"",""implementation"":""Sionna_5G_LDPC"",""power_protocol"":""fixed_constellation_average_Es2"",""precision"":""float32"",""rate_matching"":""Sionna RV0; filler removal, first2Z and tail puncturing; supported n only"",""scrambling"":""public_PCG64_SHA256_protocol_session_frame_group_counter_after_rate_matching_v1"",""torch"":""2.11.0+cu128"",""version"":""2.2.0""},""interleaver_sha256"":""2c1c18957211cee518785c9c4bb046c27e70406019673995e6840d8c23aa199a"",""k"":640,""k_filler"":80,""k_ldpc"":720,""layout_id"":""43d1367466b002ecf775f9a91b3512cc6916a50a4a21615e393ea2b9e73991be"",""modulation_padding_bits"":0,""mother_bits"":3744,""n"":2652,""n_cb"":3600,""n_cb_comp"":3520,""power_protocol"":""fixed_constellation_average_Es2"",""puncturing_bits"":1012,""puncturing_first_2Z"":144,""puncturing_remaining"":868,""repetition_bits"":0,""scrambling"":""public_PCG64_SHA256_protocol_session_frame_group_counter_after_rate_matching_v1"",""shortening_bits"":80,""z"":72}",[1024]
16QAM,5/6,16QAM:r5/6,ba2b23baa0dcd9b5ba8cfb99bad069b9320f087a28b4fb97fbd6ff37b30d6ce9,1860,16,0,1876,1936,60,5984,2376,594,0,0.7895622895622896,0.7828282828282829,"{""actual_effective_rate"":0.7895622895622896,""bg"":""bg1"",""bit_mapping"":""component_Gray_00_-3_01_-1_10_3_11_1_over_sqrt5;QPSK_0_plus1_1_minus1"",""code_blocks"":1,""decoder_config"":{""cn_schedule"":""flooding"",""cn_update"":""boxplus-phi"",""early_stop"":false,""hard_out"":true,""harq_mode"":false,""llr_max"":20.0,""num_iter"":20,""precision"":""single"",""prune_pcm"":true,""return_infobits"":true,""vn_update"":""sum""},""implementation"":{""bit_mapping"":""component_Gray_00_-3_01_-1_10_3_11_1_over_sqrt5;QPSK_0_plus1_1_minus1"",""cuda"":""12.8"",""decoder"":{""cn_schedule"":""flooding"",""cn_update"":""boxplus-phi"",""early_stop"":false,""hard_out"":true,""harq_mode"":false,""llr_max"":20.0,""num_iter"":20,""precision"":""single"",""prune_pcm"":true,""return_infobits"":true,""vn_update"":""sum""},""decoder_source_sha256"":""44d84b92b749e2970f94d92cd348a11648e2286b4d851faa0af8b21d08f0da23"",""encoder_source_sha256"":""34d8db6660b2e84708a8fb534f63c194f6f2b964e3693fcffc9dcaf21532ccfd"",""implementation"":""Sionna_5G_LDPC"",""power_protocol"":""fixed_constellation_average_Es2"",""precision"":""float32"",""rate_matching"":""Sionna RV0; filler removal, first2Z and tail puncturing; supported n only"",""scrambling"":""public_PCG64_SHA256_protocol_session_frame_group_counter_after_rate_matching_v1"",""torch"":""2.11.0+cu128"",""version"":""2.2.0""},""interleaver_sha256"":""5cb8b518574a352f1dc46bad7b098f53736cfcf9ef3c324324790da1c59a03e1"",""k"":1876,""k_filler"":60,""k_ldpc"":1936,""layout_id"":""cec17ea602c2645288866433f25747f0ca6e4cb3e19e3d5ab78e39e80767469c"",""modulation_padding_bits"":0,""mother_bits"":5984,""n"":2376,""n_cb"":5808,""n_cb_comp"":5748,""power_protocol"":""fixed_constellation_average_Es2"",""puncturing_bits"":3548,""puncturing_first_2Z"":176,""puncturing_remaining"":3372,""repetition_bits"":0,""scrambling"":""public_PCG64_SHA256_protocol_session_frame_group_counter_after_rate_matching_v1"",""shortening_bits"":60,""z"":88}",[1024]
QPSK,2/3,QPSK:r2/3,ba3b7b32e2982b3813e437af6297e51c7db5300db97cdf8ec771080152d42883,2172,16,0,2188,2240,52,11648,3282,1641,0,0.6666666666666666,0.6617915904936015,"{""actual_effective_rate"":0.6666666666666666,""bg"":""bg2"",""bit_mapping"":""component_Gray_00_-3_01_-1_10_3_11_1_over_sqrt5;QPSK_0_plus1_1_minus1"",""code_blocks"":1,""decoder_config"":{""cn_schedule"":""flooding"",""cn_update"":""boxplus-phi"",""early_stop"":false,""hard_out"":true,""harq_mode"":false,""llr_max"":20.0,""num_iter"":20,""precision"":""single"",""prune_pcm"":true,""return_infobits"":true,""vn_update"":""sum""},""implementation"":{""bit_mapping"":""component_Gray_00_-3_01_-1_10_3_11_1_over_sqrt5;QPSK_0_plus1_1_minus1"",""cuda"":""12.8"",""decoder"":{""cn_schedule"":""flooding"",""cn_update"":""boxplus-phi"",""early_stop"":false,""hard_out"":true,""harq_mode"":false,""llr_max"":20.0,""num_iter"":20,""precision"":""single"",""prune_pcm"":true,""return_infobits"":true,""vn_update"":""sum""},""decoder_source_sha256"":""44d84b92b749e2970f94d92cd348a11648e2286b4d851faa0af8b21d08f0da23"",""encoder_source_sha256"":""34d8db6660b2e84708a8fb534f63c194f6f2b964e3693fcffc9dcaf21532ccfd"",""implementation"":""Sionna_5G_LDPC"",""power_protocol"":""fixed_constellation_average_Es2"",""precision"":""float32"",""rate_matching"":""Sionna RV0; filler removal, first2Z and tail puncturing; supported n only"",""scrambling"":""public_PCG64_SHA256_protocol_session_frame_group_counter_after_rate_matching_v1"",""torch"":""2.11.0+cu128"",""version"":""2.2.0""},""interleaver_sha256"":""e1d6a7b6647e45831ef208636af1224cacdf610420233a242aaef98309cb2560"",""k"":2188,""k_filler"":52,""k_ldpc"":2240,""layout_id"":""c492d1f5be1b281b0f64d6bb9d10222f4be7141bc3c66a9bf33b1f2f78e2861f"",""modulation_padding_bits"":0,""mother_bits"":11648,""n"":3282,""n_cb"":11200,""n_cb_comp"":11148,""power_protocol"":""fixed_constellation_average_Es2"",""puncturing_bits"":8314,""puncturing_first_2Z"":448,""puncturing_remaining"":7866,""repetition_bits"":0,""scrambling"":""public_PCG64_SHA256_protocol_session_frame_group_counter_after_rate_matching_v1"",""shortening_bits"":52,""z"":224}",[2048]
QPSK,5/6,QPSK:r5/6,ba452b0bc2286a6ea4d61eb90da7922559c2cd82c2bed4641b6d0349a90aadff,216,16,0,232,300,68,1560,280,140,0,0.8285714285714286,0.7714285714285715,"{""actual_effective_rate"":0.8285714285714286,""bg"":""bg2"",""bit_mapping"":""component_Gray_00_-3_01_-1_10_3_11_1_over_sqrt5;QPSK_0_plus1_1_minus1"",""code_blocks"":1,""decoder_config"":{""cn_schedule"":""flooding"",""cn_update"":""boxplus-phi"",""early_stop"":false,""hard_out"":true,""harq_mode"":false,""llr_max"":20.0,""num_iter"":20,""precision"":""single"",""prune_pcm"":true,""return_infobits"":true,""vn_update"":""sum""},""implementation"":{""bit_mapping"":""component_Gray_00_-3_01_-1_10_3_11_1_over_sqrt5;QPSK_0_plus1_1_minus1"",""cuda"":""12.8"",""decoder"":{""cn_schedule"":""flooding"",""cn_update"":""boxplus-phi"",""early_stop"":false,""hard_out"":true,""harq_mode"":false,""llr_max"":20.0,""num_iter"":20,""precision"":""single"",""prune_pcm"":true,""return_infobits"":true,""vn_update"":""sum""},""decoder_source_sha256"":""44d84b92b749e2970f94d92cd348a11648e2286b4d851faa0af8b21d08f0da23"",""encoder_source_sha256"":""34d8db6660b2e84708a8fb534f63c194f6f2b964e3693fcffc9dcaf21532ccfd"",""implementation"":""Sionna_5G_LDPC"",""power_protocol"":""fixed_constellation_average_Es2"",""precision"":""float32"",""rate_matching"":""Sionna RV0; filler removal, first2Z and tail puncturing; supported n only"",""scrambling"":""public_PCG64_SHA256_protocol_session_frame_group_counter_after_rate_matching_v1"",""torch"":""2.11.0+cu128"",""version"":""2.2.0""},""interleaver_sha256"":""7644b0cb685fbbb51dc6fcb1bffab2a8897252bd658b40231a524e641a4636f4"",""k"":232,""k_filler"":68,""k_ldpc"":300,""layout_id"":""7b8d655fb86d69fbc55a7d678042e3711fb2201061334fa07164af0b8bb4a1ba"",""modulation_padding_bits"":0,""mother_bits"":1560,""n"":280,""n_cb"":1500,""n_cb_comp"":1432,""power_protocol"":""fixed_constellation_average_Es2"",""puncturing_bits"":1212,""puncturing_first_2Z"":60,""puncturing_remaining"":1152,""repetition_bits"":0,""scrambling"":""public_PCG64_SHA256_protocol_session_frame_group_counter_after_rate_matching_v1"",""shortening_bits"":68,""z"":30}","[1024,2048]"
QPSK,1/2,QPSK:r1/2,ba45ade5d8c2bc65a3fdc516ef3fed2aebccd2f5298320c683a83b60fdf8908f,360,16,0,376,480,104,2496,1590,795,0,0.23647798742138365,0.22641509433962265,"{""actual_effective_rate"":0.23647798742138365,""bg"":""bg2"",""bit_mapping"":""component_Gray_00_-3_01_-1_10_3_11_1_over_sqrt5;QPSK_0_plus1_1_minus1"",""code_blocks"":1,""decoder_config"":{""cn_schedule"":""flooding"",""cn_update"":""boxplus-phi"",""early_stop"":false,""hard_out"":true,""harq_mode"":false,""llr_max"":20.0,""num_iter"":20,""precision"":""single"",""prune_pcm"":true,""return_infobits"":true,""vn_update"":""sum""},""implementation"":{""bit_mapping"":""component_Gray_00_-3_01_-1_10_3_11_1_over_sqrt5;QPSK_0_plus1_1_minus1"",""cuda"":""12.8"",""decoder"":{""cn_schedule"":""flooding"",""cn_update"":""boxplus-phi"",""early_stop"":false,""hard_out"":true,""harq_mode"":false,""llr_max"":20.0,""num_iter"":20,""precision"":""single"",""prune_pcm"":true,""return_infobits"":true,""vn_update"":""sum""},""decoder_source_sha256"":""44d84b92b749e2970f94d92cd348a11648e2286b4d851faa0af8b21d08f0da23"",""encoder_source_sha256"":""34d8db6660b2e84708a8fb534f63c194f6f2b964e3693fcffc9dcaf21532ccfd"",""implementation"":""Sionna_5G_LDPC"",""power_protocol"":""fixed_constellation_average_Es2"",""precision"":""float32"",""rate_matching"":""Sionna RV0; filler removal, first2Z and tail puncturing; supported n only"",""scrambling"":""public_PCG64_SHA256_protocol_session_frame_group_counter_after_rate_matching_v1"",""torch"":""2.11.0+cu128"",""version"":""2.2.0""},""interleaver_sha256"":""08a7152e1cd9d2dd507d586dc391a4b6237b1ed00d5ac9806be289a8ecaae429"",""k"":376,""k_filler"":104,""k_ldpc"":480,""layout_id"":""6871baec26a8c7f04b8e7185673206a8ce50e985c101afd5ed18f859ccd19fa4"",""modulation_padding_bits"":0,""mother_bits"":2496,""n"":1590,""n_cb"":2400,""n_cb_comp"":2296,""power_protocol"":""fixed_constellation_average_Es2"",""puncturing_bits"":802,""puncturing_first_2Z"":96,""puncturing_remaining"":706,""repetition_bits"":0,""scrambling"":""public_PCG64_SHA256_protocol_session_frame_group_counter_after_rate_matching_v1"",""shortening_bits"":104,""z"":48}",[2048]
16QAM,3/4,16QAM:r3/4,ba50f8ad7200dc2d6633bc32da433422c7e6b548735ac3bb630d5e066867d0e9,1860,16,0,1876,1920,44,9984,4808,1202,0,0.39018302828618967,0.38685524126455906,"{""actual_effective_rate"":0.39018302828618967,""bg"":""bg2"",""bit_mapping"":""component_Gray_00_-3_01_-1_10_3_11_1_over_sqrt5;QPSK_0_plus1_1_minus1"",""code_blocks"":1,""decoder_config"":{""cn_schedule"":""flooding"",""cn_update"":""boxplus-phi"",""early_stop"":false,""hard_out"":true,""harq_mode"":false,""llr_max"":20.0,""num_iter"":20,""precision"":""single"",""prune_pcm"":true,""return_infobits"":true,""vn_update"":""sum""},""implementation"":{""bit_mapping"":""component_Gray_00_-3_01_-1_10_3_11_1_over_sqrt5;QPSK_0_plus1_1_minus1"",""cuda"":""12.8"",""decoder"":{""cn_schedule"":""flooding"",""cn_update"":""boxplus-phi"",""early_stop"":false,""hard_out"":true,""harq_mode"":false,""llr_max"":20.0,""num_iter"":20,""precision"":""single"",""prune_pcm"":true,""return_infobits"":true,""vn_update"":""sum""},""decoder_source_sha256"":""44d84b92b749e2970f94d92cd348a11648e2286b4d851faa0af8b21d08f0da23"",""encoder_source_sha256"":""34d8db6660b2e84708a8fb534f63c194f6f2b964e3693fcffc9dcaf21532ccfd"",""implementation"":""Sionna_5G_LDPC"",""power_protocol"":""fixed_constellation_average_Es2"",""precision"":""float32"",""rate_matching"":""Sionna RV0; filler removal, first2Z and tail puncturing; supported n only"",""scrambling"":""public_PCG64_SHA256_protocol_session_frame_group_counter_after_rate_matching_v1"",""torch"":""2.11.0+cu128"",""version"":""2.2.0""},""interleaver_sha256"":""bd95c197533e21f70148808965c26d310c8c57ee5fa3ba645e580403b5712cd4"",""k"":1876,""k_filler"":44,""k_ldpc"":1920,""layout_id"":""fc3a625b61d728fb9bcc95ee946a446801b49a30e04073f9c027f4de9222d31f"",""modulation_padding_bits"":0,""mother_bits"":9984,""n"":4808,""n_cb"":9600,""n_cb_comp"":9556,""power_protocol"":""fixed_constellation_average_Es2"",""puncturing_bits"":5132,""puncturing_first_2Z"":384,""puncturing_remaining"":4748,""repetition_bits"":0,""scrambling"":""public_PCG64_SHA256_protocol_session_frame_group_counter_after_rate_matching_v1"",""shortening_bits"":44,""z"":192}",[2048]
16QAM,3/4,16QAM:r3/4,ba5a4c2844dbd5a6205120c19217e25bd401019a04e664fcea857fe53c1e1601,1860,16,0,1876,1920,44,9984,3832,958,0,0.48956158663883087,0.48538622129436326,"{""actual_effective_rate"":0.48956158663883087,""bg"":""bg2"",""bit_mapping"":""component_Gray_00_-3_01_-1_10_3_11_1_over_sqrt5;QPSK_0_plus1_1_minus1"",""code_blocks"":1,""decoder_config"":{""cn_schedule"":""flooding"",""cn_update"":""boxplus-phi"",""early_stop"":false,""hard_out"":true,""harq_mode"":false,""llr_max"":20.0,""num_iter"":20,""precision"":""single"",""prune_pcm"":true,""return_infobits"":true,""vn_update"":""sum""},""implementation"":{""bit_mapping"":""component_Gray_00_-3_01_-1_10_3_11_1_over_sqrt5;QPSK_0_plus1_1_minus1"",""cuda"":""12.8"",""decoder"":{""cn_schedule"":""flooding"",""cn_update"":""boxplus-phi"",""early_stop"":false,""hard_out"":true,""harq_mode"":false,""llr_max"":20.0,""num_iter"":20,""precision"":""single"",""prune_pcm"":true,""return_infobits"":true,""vn_update"":""sum""},""decoder_source_sha256"":""44d84b92b749e2970f94d92cd348a11648e2286b4d851faa0af8b21d08f0da23"",""encoder_source_sha256"":""34d8db6660b2e84708a8fb534f63c194f6f2b964e3693fcffc9dcaf21532ccfd"",""implementation"":""Sionna_5G_LDPC"",""power_protocol"":""fixed_constellation_average_Es2"",""precision"":""float32"",""rate_matching"":""Sionna RV0; filler removal, first2Z and tail puncturing; supported n only"",""scrambling"":""public_PCG64_SHA256_protocol_session_frame_group_counter_after_rate_matching_v1"",""torch"":""2.11.0+cu128"",""version"":""2.2.0""},""interleaver_sha256"":""7764f44959a081ac20f5f2adaba87edd8b6d4c90bb40fd467b99921456a31cdf"",""k"":1876,""k_filler"":44,""k_ldpc"":1920,""layout_id"":""608018de11d88dd0a14664d3e784c14d47a0064c02ed43fa781034ca529f9963"",""modulation_padding_bits"":0,""mother_bits"":9984,""n"":3832,""n_cb"":9600,""n_cb_comp"":9556,""power_protocol"":""fixed_constellation_average_Es2"",""puncturing_bits"":6108,""puncturing_first_2Z"":384,""puncturing_remaining"":5724,""repetition_bits"":0,""scrambling"":""public_PCG64_SHA256_protocol_session_frame_group_counter_after_rate_matching_v1"",""shortening_bits"":44,""z"":192}",[2048]
QPSK,3/4,QPSK:r3/4,ba89e3a124e1b6b5c4e6478605d1de8f7d15504fdb7e6ad97aaadfdaf5c782b8,660,16,0,676,720,44,3744,1080,540,0,0.6259259259259259,0.6111111111111112,"{""actual_effective_rate"":0.6259259259259259,""bg"":""bg2"",""bit_mapping"":""component_Gray_00_-3_01_-1_10_3_11_1_over_sqrt5;QPSK_0_plus1_1_minus1"",""code_blocks"":1,""decoder_config"":{""cn_schedule"":""flooding"",""cn_update"":""boxplus-phi"",""early_stop"":false,""hard_out"":true,""harq_mode"":false,""llr_max"":20.0,""num_iter"":20,""precision"":""single"",""prune_pcm"":true,""return_infobits"":true,""vn_update"":""sum""},""implementation"":{""bit_mapping"":""component_Gray_00_-3_01_-1_10_3_11_1_over_sqrt5;QPSK_0_plus1_1_minus1"",""cuda"":""12.8"",""decoder"":{""cn_schedule"":""flooding"",""cn_update"":""boxplus-phi"",""early_stop"":false,""hard_out"":true,""harq_mode"":false,""llr_max"":20.0,""num_iter"":20,""precision"":""single"",""prune_pcm"":true,""return_infobits"":true,""vn_update"":""sum""},""decoder_source_sha256"":""44d84b92b749e2970f94d92cd348a11648e2286b4d851faa0af8b21d08f0da23"",""encoder_source_sha256"":""34d8db6660b2e84708a8fb534f63c194f6f2b964e3693fcffc9dcaf21532ccfd"",""implementation"":""Sionna_5G_LDPC"",""power_protocol"":""fixed_constellation_average_Es2"",""precision"":""float32"",""rate_matching"":""Sionna RV0; filler removal, first2Z and tail puncturing; supported n only"",""scrambling"":""public_PCG64_SHA256_protocol_session_frame_group_counter_after_rate_matching_v1"",""torch"":""2.11.0+cu128"",""version"":""2.2.0""},""interleaver_sha256"":""54367ecf8901dfbbb8cb52720111f50dab6d2cb582ab58f66a57dee7ae35edb5"",""k"":676,""k_filler"":44,""k_ldpc"":720,""layout_id"":""8c20f0c93926b8887bf3a99110269c061868de6bdab9049b27c0af65659f30c3"",""modulation_padding_bits"":0,""mother_bits"":3744,""n"":1080,""n_cb"":3600,""n_cb_comp"":3556,""power_protocol"":""fixed_constellation_average_Es2"",""puncturing_bits"":2620,""puncturing_first_2Z"":144,""puncturing_remaining"":2476,""repetition_bits"":0,""scrambling"":""public_PCG64_SHA256_protocol_session_frame_group_counter_after_rate_matching_v1"",""shortening_bits"":44,""z"":72}",[1024]
16QAM,5/6,16QAM:r5/6,ba9f2ca5ea9ae447668ad4b291c3773a298abfcdc3670b7c12fe183634706299,1860,16,0,1876,1920,44,9984,3228,807,0,0.5811648079306072,0.5762081784386617,"{""actual_effective_rate"":0.5811648079306072,""bg"":""bg2"",""bit_mapping"":""component_Gray_00_-3_01_-1_10_3_11_1_over_sqrt5;QPSK_0_plus1_1_minus1"",""code_blocks"":1,""decoder_config"":{""cn_schedule"":""flooding"",""cn_update"":""boxplus-phi"",""early_stop"":false,""hard_out"":true,""harq_mode"":false,""llr_max"":20.0,""num_iter"":20,""precision"":""single"",""prune_pcm"":true,""return_infobits"":true,""vn_update"":""sum""},""implementation"":{""bit_mapping"":""component_Gray_00_-3_01_-1_10_3_11_1_over_sqrt5;QPSK_0_plus1_1_minus1"",""cuda"":""12.8"",""decoder"":{""cn_schedule"":""flooding"",""cn_update"":""boxplus-phi"",""early_stop"":false,""hard_out"":true,""harq_mode"":false,""llr_max"":20.0,""num_iter"":20,""precision"":""single"",""prune_pcm"":true,""return_infobits"":true,""vn_update"":""sum""},""decoder_source_sha256"":""44d84b92b749e2970f94d92cd348a11648e2286b4d851faa0af8b21d08f0da23"",""encoder_source_sha256"":""34d8db6660b2e84708a8fb534f63c194f6f2b964e3693fcffc9dcaf21532ccfd"",""implementation"":""Sionna_5G_LDPC"",""power_protocol"":""fixed_constellation_average_Es2"",""precision"":""float32"",""rate_matching"":""Sionna RV0; filler removal, first2Z and tail puncturing; supported n only"",""scrambling"":""public_PCG64_SHA256_protocol_session_frame_group_counter_after_rate_matching_v1"",""torch"":""2.11.0+cu128"",""version"":""2.2.0""},""interleaver_sha256"":""70e3317bd9bda08bcd25fe16ed7fb889cdecc9f5e0543e5d65da6a855c393217"",""k"":1876,""k_filler"":44,""k_ldpc"":1920,""layout_id"":""5248c83b003d035db4b54eec12e3dd88ba8de6668e4ca59506b84b64f0237091"",""modulation_padding_bits"":0,""mother_bits"":9984,""n"":3228,""n_cb"":9600,""n_cb_comp"":9556,""power_protocol"":""fixed_constellation_average_Es2"",""puncturing_bits"":6712,""puncturing_first_2Z"":384,""puncturing_remaining"":6328,""repetition_bits"":0,""scrambling"":""public_PCG64_SHA256_protocol_session_frame_group_counter_after_rate_matching_v1"",""shortening_bits"":44,""z"":192}",[2048]
QPSK,3/4,QPSK:r3/4,baa603059741396d6e9f1f4f631b763022500abd6dce171b6ffc7bdc995f9e8f,2400,16,0,2416,2464,48,7616,3272,1636,0,0.7383863080684596,0.7334963325183375,"{""actual_effective_rate"":0.7383863080684596,""bg"":""bg1"",""bit_mapping"":""component_Gray_00_-3_01_-1_10_3_11_1_over_sqrt5;QPSK_0_plus1_1_minus1"",""code_blocks"":1,""decoder_config"":{""cn_schedule"":""flooding"",""cn_update"":""boxplus-phi"",""early_stop"":false,""hard_out"":true,""harq_mode"":false,""llr_max"":20.0,""num_iter"":20,""precision"":""single"",""prune_pcm"":true,""return_infobits"":true,""vn_update"":""sum""},""implementation"":{""bit_mapping"":""component_Gray_00_-3_01_-1_10_3_11_1_over_sqrt5;QPSK_0_plus1_1_minus1"",""cuda"":""12.8"",""decoder"":{""cn_schedule"":""flooding"",""cn_update"":""boxplus-phi"",""early_stop"":false,""hard_out"":true,""harq_mode"":false,""llr_max"":20.0,""num_iter"":20,""precision"":""single"",""prune_pcm"":true,""return_infobits"":true,""vn_update"":""sum""},""decoder_source_sha256"":""44d84b92b749e2970f94d92cd348a11648e2286b4d851faa0af8b21d08f0da23"",""encoder_source_sha256"":""34d8db6660b2e84708a8fb534f63c194f6f2b964e3693fcffc9dcaf21532ccfd"",""implementation"":""Sionna_5G_LDPC"",""power_protocol"":""fixed_constellation_average_Es2"",""precision"":""float32"",""rate_matching"":""Sionna RV0; filler removal, first2Z and tail puncturing; supported n only"",""scrambling"":""public_PCG64_SHA256_protocol_session_frame_group_counter_after_rate_matching_v1"",""torch"":""2.11.0+cu128"",""version"":""2.2.0""},""interleaver_sha256"":""5685ca1b599a53ed716e358bc222953bb31d7ba08617d4e1cecdfb63f474fbdf"",""k"":2416,""k_filler"":48,""k_ldpc"":2464,""layout_id"":""9fcee1917431e49019b786a1442362300aaac3d119bc7565f3c098dd49ce0472"",""modulation_padding_bits"":0,""mother_bits"":7616,""n"":3272,""n_cb"":7392,""n_cb_comp"":7344,""power_protocol"":""fixed_constellation_average_Es2"",""puncturing_bits"":4296,""puncturing_first_2Z"":224,""puncturing_remaining"":4072,""repetition_bits"":0,""scrambling"":""public_PCG64_SHA256_protocol_session_frame_group_counter_after_rate_matching_v1"",""shortening_bits"":48,""z"":112}",[2048]
16QAM,3/4,16QAM:r3/4,bab0a1b528f34e9ce637710454ae39be2bb682be3814c91cdd9d31c55181d06b,1116,16,0,1132,1144,12,3536,1532,383,0,0.7389033942558747,0.7284595300261096,"{""actual_effective_rate"":0.7389033942558747,""bg"":""bg1"",""bit_mapping"":""component_Gray_00_-3_01_-1_10_3_11_1_over_sqrt5;QPSK_0_plus1_1_minus1"",""code_blocks"":1,""decoder_config"":{""cn_schedule"":""flooding"",""cn_update"":""boxplus-phi"",""early_stop"":false,""hard_out"":true,""harq_mode"":false,""llr_max"":20.0,""num_iter"":20,""precision"":""single"",""prune_pcm"":true,""return_infobits"":true,""vn_update"":""sum""},""implementation"":{""bit_mapping"":""component_Gray_00_-3_01_-1_10_3_11_1_over_sqrt5;QPSK_0_plus1_1_minus1"",""cuda"":""12.8"",""decoder"":{""cn_schedule"":""flooding"",""cn_update"":""boxplus-phi"",""early_stop"":false,""hard_out"":true,""harq_mode"":false,""llr_max"":20.0,""num_iter"":20,""precision"":""single"",""prune_pcm"":true,""return_infobits"":true,""vn_update"":""sum""},""decoder_source_sha256"":""44d84b92b749e2970f94d92cd348a11648e2286b4d851faa0af8b21d08f0da23"",""encoder_source_sha256"":""34d8db6660b2e84708a8fb534f63c194f6f2b964e3693fcffc9dcaf21532ccfd"",""implementation"":""Sionna_5G_LDPC"",""power_protocol"":""fixed_constellation_average_Es2"",""precision"":""float32"",""rate_matching"":""Sionna RV0; filler removal, first2Z and tail puncturing; supported n only"",""scrambling"":""public_PCG64_SHA256_protocol_session_frame_group_counter_after_rate_matching_v1"",""torch"":""2.11.0+cu128"",""version"":""2.2.0""},""interleaver_sha256"":""be33d697cd56de96155e1195b445890871e0856f855ce6ee25c68923b33989ff"",""k"":1132,""k_filler"":12,""k_ldpc"":1144,""layout_id"":""d39942a453bc3d900bc2edfa45fd25604a898f250b3d50384e8d5701002a59bf"",""modulation_padding_bits"":0,""mother_bits"":3536,""n"":1532,""n_cb"":3432,""n_cb_comp"":3420,""power_protocol"":""fixed_constellation_average_Es2"",""puncturing_bits"":1992,""puncturing_first_2Z"":104,""puncturing_remaining"":1888,""repetition_bits"":0,""scrambling"":""public_PCG64_SHA256_protocol_session_frame_group_counter_after_rate_matching_v1"",""shortening_bits"":12,""z"":52}",[1024]
QPSK,2/3,QPSK:r2/3,bab3c3c9dd9daa8076490ea4c049750aa0b152f37a067e137b6589296a74ed95,360,16,0,376,480,104,2496,660,330,0,0.5696969696969697,0.5454545454545454,"{""actual_effective_rate"":0.5696969696969697,""bg"":""bg2"",""bit_mapping"":""component_Gray_00_-3_01_-1_10_3_11_1_over_sqrt5;QPSK_0_plus1_1_minus1"",""code_blocks"":1,""decoder_config"":{""cn_schedule"":""flooding"",""cn_update"":""boxplus-phi"",""early_stop"":false,""hard_out"":true,""harq_mode"":false,""llr_max"":20.0,""num_iter"":20,""precision"":""single"",""prune_pcm"":true,""return_infobits"":true,""vn_update"":""sum""},""implementation"":{""bit_mapping"":""component_Gray_00_-3_01_-1_10_3_11_1_over_sqrt5;QPSK_0_plus1_1_minus1"",""cuda"":""12.8"",""decoder"":{""cn_schedule"":""flooding"",""cn_update"":""boxplus-phi"",""early_stop"":false,""hard_out"":true,""harq_mode"":false,""llr_max"":20.0,""num_iter"":20,""precision"":""single"",""prune_pcm"":true,""return_infobits"":true,""vn_update"":""sum""},""decoder_source_sha256"":""44d84b92b749e2970f94d92cd348a11648e2286b4d851faa0af8b21d08f0da23"",""encoder_source_sha256"":""34d8db6660b2e84708a8fb534f63c194f6f2b964e3693fcffc9dcaf21532ccfd"",""implementation"":""Sionna_5G_LDPC"",""power_protocol"":""fixed_constellation_average_Es2"",""precision"":""float32"",""rate_matching"":""Sionna RV0; filler removal, first2Z and tail puncturing; supported n only"",""scrambling"":""public_PCG64_SHA256_protocol_session_frame_group_counter_after_rate_matching_v1"",""torch"":""2.11.0+cu128"",""version"":""2.2.0""},""interleaver_sha256"":""77358309425109046840e8e8bffff16a65984a4b465d50eead64f3a62e0b1b47"",""k"":376,""k_filler"":104,""k_ldpc"":480,""layout_id"":""4e6c825166110edceac7ecf2891013c11b2eb65127511eeff6043a31e44c546e"",""modulation_padding_bits"":0,""mother_bits"":2496,""n"":660,""n_cb"":2400,""n_cb_comp"":2296,""power_protocol"":""fixed_constellation_average_Es2"",""puncturing_bits"":1732,""puncturing_first_2Z"":96,""puncturing_remaining"":1636,""repetition_bits"":0,""scrambling"":""public_PCG64_SHA256_protocol_session_frame_group_counter_after_rate_matching_v1"",""shortening_bits"":104,""z"":48}",[2048]
16QAM,1/2,16QAM:r1/2,bab4b6e9a7ff98c02cb1b5797abbf33f6f353ab94815be892e53db5374ec4890,516,16,0,532,720,188,3744,2496,624,0,0.21314102564102563,0.20673076923076922,"{""actual_effective_rate"":0.21314102564102563,""bg"":""bg2"",""bit_mapping"":""component_Gray_00_-3_01_-1_10_3_11_1_over_sqrt5;QPSK_0_plus1_1_minus1"",""code_blocks"":1,""decoder_config"":{""cn_schedule"":""flooding"",""cn_update"":""boxplus-phi"",""early_stop"":false,""hard_out"":true,""harq_mode"":false,""llr_max"":20.0,""num_iter"":20,""precision"":""single"",""prune_pcm"":true,""return_infobits"":true,""vn_update"":""sum""},""implementation"":{""bit_mapping"":""component_Gray_00_-3_01_-1_10_3_11_1_over_sqrt5;QPSK_0_plus1_1_minus1"",""cuda"":""12.8"",""decoder"":{""cn_schedule"":""flooding"",""cn_update"":""boxplus-phi"",""early_stop"":false,""hard_out"":true,""harq_mode"":false,""llr_max"":20.0,""num_iter"":20,""precision"":""single"",""prune_pcm"":true,""return_infobits"":true,""vn_update"":""sum""},""decoder_source_sha256"":""44d84b92b749e2970f94d92cd348a11648e2286b4d851faa0af8b21d08f0da23"",""encoder_source_sha256"":""34d8db6660b2e84708a8fb534f63c194f6f2b964e3693fcffc9dcaf21532ccfd"",""implementation"":""Sionna_5G_LDPC"",""power_protocol"":""fixed_constellation_average_Es2"",""precision"":""float32"",""rate_matching"":""Sionna RV0; filler removal, first2Z and tail puncturing; supported n only"",""scrambling"":""public_PCG64_SHA256_protocol_session_frame_group_counter_after_rate_matching_v1"",""torch"":""2.11.0+cu128"",""version"":""2.2.0""},""interleaver_sha256"":""867bce44f7a17c724f728698d2963fa90b52b0506837eb02bddaa1f35142bcc4"",""k"":532,""k_filler"":188,""k_ldpc"":720,""layout_id"":""b7b7b87d16a6fade2e3612adaf472c6a94b0af657b863c3fbbe40cfafef010a0"",""modulation_padding_bits"":0,""mother_bits"":3744,""n"":2496,""n_cb"":3600,""n_cb_comp"":3412,""power_protocol"":""fixed_constellation_average_Es2"",""puncturing_bits"":1060,""puncturing_first_2Z"":144,""puncturing_remaining"":916,""repetition_bits"":0,""scrambling"":""public_PCG64_SHA256_protocol_session_frame_group_counter_after_rate_matching_v1"",""shortening_bits"":188,""z"":72}",[1024]
QPSK,5/6,QPSK:r5/6,bab6b4875062482ffa201b1d47ada8086dada9b54cf263602c4877d8c9b6cacc,1860,16,0,1876,1936,60,5984,2486,1243,0,0.7546259050683829,0.7481898632341111,"{""actual_effective_rate"":0.7546259050683829,""bg"":""bg1"",""bit_mapping"":""component_Gray_00_-3_01_-1_10_3_11_1_over_sqrt5;QPSK_0_plus1_1_minus1"",""code_blocks"":1,""decoder_config"":{""cn_schedule"":""flooding"",""cn_update"":""boxplus-phi"",""early_stop"":false,""hard_out"":true,""harq_mode"":false,""llr_max"":20.0,""num_iter"":20,""precision"":""single"",""prune_pcm"":true,""return_infobits"":true,""vn_update"":""sum""},""implementation"":{""bit_mapping"":""component_Gray_00_-3_01_-1_10_3_11_1_over_sqrt5;QPSK_0_plus1_1_minus1"",""cuda"":""12.8"",""decoder"":{""cn_schedule"":""flooding"",""cn_update"":""boxplus-phi"",""early_stop"":false,""hard_out"":true,""harq_mode"":false,""llr_max"":20.0,""num_iter"":20,""precision"":""single"",""prune_pcm"":true,""return_infobits"":true,""vn_update"":""sum""},""decoder_source_sha256"":""44d84b92b749e2970f94d92cd348a11648e2286b4d851faa0af8b21d08f0da23"",""encoder_source_sha256"":""34d8db6660b2e84708a8fb534f63c194f6f2b964e3693fcffc9dcaf21532ccfd"",""implementation"":""Sionna_5G_LDPC"",""power_protocol"":""fixed_constellation_average_Es2"",""precision"":""float32"",""rate_matching"":""Sionna RV0; filler removal, first2Z and tail puncturing; supported n only"",""scrambling"":""public_PCG64_SHA256_protocol_session_frame_group_counter_after_rate_matching_v1"",""torch"":""2.11.0+cu128"",""version"":""2.2.0""},""interleaver_sha256"":""37dec73fa600dc52fb362a0274154351e94ed47eea85384eafd1765a5fd7781d"",""k"":1876,""k_filler"":60,""k_ldpc"":1936,""layout_id"":""ef886a2f26ebf40e069b42a16f477cab546fdbd207f73e59e88f2d62a63e54c9"",""modulation_padding_bits"":0,""mother_bits"":5984,""n"":2486,""n_cb"":5808,""n_cb_comp"":5748,""power_protocol"":""fixed_constellation_average_Es2"",""puncturing_bits"":3438,""puncturing_first_2Z"":176,""puncturing_remaining"":3262,""repetition_bits"":0,""scrambling"":""public_PCG64_SHA256_protocol_session_frame_group_counter_after_rate_matching_v1"",""shortening_bits"":60,""z"":88}",[2048]
QPSK,5/6,QPSK:r5/6,bad19b6f304d6629acac131de19369db57e8ae1dc3a8c0c9f347036d9c650a43,1800,16,0,1816,1920,104,9984,3548,1774,0,0.5118376550169109,0.5073280721533259,"{""actual_effective_rate"":0.5118376550169109,""bg"":""bg2"",""bit_mapping"":""component_Gray_00_-3_01_-1_10_3_11_1_over_sqrt5;QPSK_0_plus1_1_minus1"",""code_blocks"":1,""decoder_config"":{""cn_schedule"":""flooding"",""cn_update"":""boxplus-phi"",""early_stop"":false,""hard_out"":true,""harq_mode"":false,""llr_max"":20.0,""num_iter"":20,""precision"":""single"",""prune_pcm"":true,""return_infobits"":true,""vn_update"":""sum""},""implementation"":{""bit_mapping"":""component_Gray_00_-3_01_-1_10_3_11_1_over_sqrt5;QPSK_0_plus1_1_minus1"",""cuda"":""12.8"",""decoder"":{""cn_schedule"":""flooding"",""cn_update"":""boxplus-phi"",""early_stop"":false,""hard_out"":true,""harq_mode"":false,""llr_max"":20.0,""num_iter"":20,""precision"":""single"",""prune_pcm"":true,""return_infobits"":true,""vn_update"":""sum""},""decoder_source_sha256"":""44d84b92b749e2970f94d92cd348a11648e2286b4d851faa0af8b21d08f0da23"",""encoder_source_sha256"":""34d8db6660b2e84708a8fb534f63c194f6f2b964e3693fcffc9dcaf21532ccfd"",""implementation"":""Sionna_5G_LDPC"",""power_protocol"":""fixed_constellation_average_Es2"",""precision"":""float32"",""rate_matching"":""Sionna RV0; filler removal, first2Z and tail puncturing; supported n only"",""scrambling"":""public_PCG64_SHA256_protocol_session_frame_group_counter_after_rate_matching_v1"",""torch"":""2.11.0+cu128"",""version"":""2.2.0""},""interleaver_sha256"":""b96027cd4133a5dfe4b9b22eaf84329b7f9822a71a4ee9fb3e8067af72a5ea48"",""k"":1816,""k_filler"":104,""k_ldpc"":1920,""layout_id"":""4b31f163d3da767466a4c5b73f3359185674c2961082cf4c49cfa475851c05d2"",""modulation_padding_bits"":0,""mother_bits"":9984,""n"":3548,""n_cb"":9600,""n_cb_comp"":9496,""power_protocol"":""fixed_constellation_average_Es2"",""puncturing_bits"":6332,""puncturing_first_2Z"":384,""puncturing_remaining"":5948,""repetition_bits"":0,""scrambling"":""public_PCG64_SHA256_protocol_session_frame_group_counter_after_rate_matching_v1"",""shortening_bits"":104,""z"":192}",[2048]
16QAM,5/6,16QAM:r5/6,bad85a7b4377b0e8e82dfcf93da3ca9efb654738a8e9af5f98b4e5ed46d1cddd,3480,16,0,3496,3520,24,10880,5180,1295,0,0.6749034749034749,0.6718146718146718,"{""actual_effective_rate"":0.6749034749034749,""bg"":""bg1"",""bit_mapping"":""component_Gray_00_-3_01_-1_10_3_11_1_over_sqrt5;QPSK_0_plus1_1_minus1"",""code_blocks"":1,""decoder_config"":{""cn_schedule"":""flooding"",""cn_update"":""boxplus-phi"",""early_stop"":false,""hard_out"":true,""harq_mode"":false,""llr_max"":20.0,""num_iter"":20,""precision"":""single"",""prune_pcm"":true,""return_infobits"":true,""vn_update"":""sum""},""implementation"":{""bit_mapping"":""component_Gray_00_-3_01_-1_10_3_11_1_over_sqrt5;QPSK_0_plus1_1_minus1"",""cuda"":""12.8"",""decoder"":{""cn_schedule"":""flooding"",""cn_update"":""boxplus-phi"",""early_stop"":false,""hard_out"":true,""harq_mode"":false,""llr_max"":20.0,""num_iter"":20,""precision"":""single"",""prune_pcm"":true,""return_infobits"":true,""vn_update"":""sum""},""decoder_source_sha256"":""44d84b92b749e2970f94d92cd348a11648e2286b4d851faa0af8b21d08f0da23"",""encoder_source_sha256"":""34d8db6660b2e84708a8fb534f63c194f6f2b964e3693fcffc9dcaf21532ccfd"",""implementation"":""Sionna_5G_LDPC"",""power_protocol"":""fixed_constellation_average_Es2"",""precision"":""float32"",""rate_matching"":""Sionna RV0; filler removal, first2Z and tail puncturing; supported n only"",""scrambling"":""public_PCG64_SHA256_protocol_session_frame_group_counter_after_rate_matching_v1"",""torch"":""2.11.0+cu128"",""version"":""2.2.0""},""interleaver_sha256"":""0e40ab951350af091afdb1947716248f6bdae14edb98bba9aaa03e152a118cde"",""k"":3496,""k_filler"":24,""k_ldpc"":3520,""layout_id"":""185640cfcc7e2611bbf8c4c77e2cffb66d5b03a73af1178f8067194a2961e189"",""modulation_padding_bits"":0,""mother_bits"":10880,""n"":5180,""n_cb"":10560,""n_cb_comp"":10536,""power_protocol"":""fixed_constellation_average_Es2"",""puncturing_bits"":5676,""puncturing_first_2Z"":320,""puncturing_remaining"":5356,""repetition_bits"":0,""scrambling"":""public_PCG64_SHA256_protocol_session_frame_group_counter_after_rate_matching_v1"",""shortening_bits"":24,""z"":160}",[2048]
QPSK,5/6,QPSK:r5/6,badfd629fe8f230136355ced5ab45f70dddf5de7202743ddcf854f4944e16bed,360,16,0,376,480,104,2496,562,281,0,0.6690391459074733,0.6405693950177936,"{""actual_effective_rate"":0.6690391459074733,""bg"":""bg2"",""bit_mapping"":""component_Gray_00_-3_01_-1_10_3_11_1_over_sqrt5;QPSK_0_plus1_1_minus1"",""code_blocks"":1,""decoder_config"":{""cn_schedule"":""flooding"",""cn_update"":""boxplus-phi"",""early_stop"":false,""hard_out"":true,""harq_mode"":false,""llr_max"":20.0,""num_iter"":20,""precision"":""single"",""prune_pcm"":true,""return_infobits"":true,""vn_update"":""sum""},""implementation"":{""bit_mapping"":""component_Gray_00_-3_01_-1_10_3_11_1_over_sqrt5;QPSK_0_plus1_1_minus1"",""cuda"":""12.8"",""decoder"":{""cn_schedule"":""flooding"",""cn_update"":""boxplus-phi"",""early_stop"":false,""hard_out"":true,""harq_mode"":false,""llr_max"":20.0,""num_iter"":20,""precision"":""single"",""prune_pcm"":true,""return_infobits"":true,""vn_update"":""sum""},""decoder_source_sha256"":""44d84b92b749e2970f94d92cd348a11648e2286b4d851faa0af8b21d08f0da23"",""encoder_source_sha256"":""34d8db6660b2e84708a8fb534f63c194f6f2b964e3693fcffc9dcaf21532ccfd"",""implementation"":""Sionna_5G_LDPC"",""power_protocol"":""fixed_constellation_average_Es2"",""precision"":""float32"",""rate_matching"":""Sionna RV0; filler removal, first2Z and tail puncturing; supported n only"",""scrambling"":""public_PCG64_SHA256_protocol_session_frame_group_counter_after_rate_matching_v1"",""torch"":""2.11.0+cu128"",""version"":""2.2.0""},""interleaver_sha256"":""7e145725520cbded08756124c2334cdbe0f5b89db919adab03220bc7066f8708"",""k"":376,""k_filler"":104,""k_ldpc"":480,""layout_id"":""d818467915cf55b92590ddf059c7349bd64be914971e224034436b05b87ae863"",""modulation_padding_bits"":0,""mother_bits"":2496,""n"":562,""n_cb"":2400,""n_cb_comp"":2296,""power_protocol"":""fixed_constellation_average_Es2"",""puncturing_bits"":1830,""puncturing_first_2Z"":96,""puncturing_remaining"":1734,""repetition_bits"":0,""scrambling"":""public_PCG64_SHA256_protocol_session_frame_group_counter_after_rate_matching_v1"",""shortening_bits"":104,""z"":48}",[1024]
16QAM,1/3,16QAM:r1/3,bae04f4794e10eef56ece4b09cc2f1c525596de8c676ac47310aafbc02825e42,384,16,0,400,520,120,2704,1600,400,0,0.25,0.24,"{""actual_effective_rate"":0.25,""bg"":""bg2"",""bit_mapping"":""component_Gray_00_-3_01_-1_10_3_11_1_over_sqrt5;QPSK_0_plus1_1_minus1"",""code_blocks"":1,""decoder_config"":{""cn_schedule"":""flooding"",""cn_update"":""boxplus-phi"",""early_stop"":false,""hard_out"":true,""harq_mode"":false,""llr_max"":20.0,""num_iter"":20,""precision"":""single"",""prune_pcm"":true,""return_infobits"":true,""vn_update"":""sum""},""implementation"":{""bit_mapping"":""component_Gray_00_-3_01_-1_10_3_11_1_over_sqrt5;QPSK_0_plus1_1_minus1"",""cuda"":""12.8"",""decoder"":{""cn_schedule"":""flooding"",""cn_update"":""boxplus-phi"",""early_stop"":false,""hard_out"":true,""harq_mode"":false,""llr_max"":20.0,""num_iter"":20,""precision"":""single"",""prune_pcm"":true,""return_infobits"":true,""vn_update"":""sum""},""decoder_source_sha256"":""44d84b92b749e2970f94d92cd348a11648e2286b4d851faa0af8b21d08f0da23"",""encoder_source_sha256"":""34d8db6660b2e84708a8fb534f63c194f6f2b964e3693fcffc9dcaf21532ccfd"",""implementation"":""Sionna_5G_LDPC"",""power_protocol"":""fixed_constellation_average_Es2"",""precision"":""float32"",""rate_matching"":""Sionna RV0; filler removal, first2Z and tail puncturing; supported n only"",""scrambling"":""public_PCG64_SHA256_protocol_session_frame_group_counter_after_rate_matching_v1"",""torch"":""2.11.0+cu128"",""version"":""2.2.0""},""interleaver_sha256"":""5291843a3791a93c1fda5f4294dfdb011219d2ac91d7f85c3faa3aa1268f5e62"",""k"":400,""k_filler"":120,""k_ldpc"":520,""layout_id"":""e9efe2ae2056bf1ffec9ee568b7f683030bf35a93781117ae00aaeaa3b281c42"",""modulation_padding_bits"":0,""mother_bits"":2704,""n"":1600,""n_cb"":2600,""n_cb_comp"":2480,""power_protocol"":""fixed_constellation_average_Es2"",""puncturing_bits"":984,""puncturing_first_2Z"":104,""puncturing_remaining"":880,""repetition_bits"":0,""scrambling"":""public_PCG64_SHA256_protocol_session_frame_group_counter_after_rate_matching_v1"",""shortening_bits"":120,""z"":52}",[1024]
16QAM,5/6,16QAM:r5/6,bae2f1ebe7f35b82ce7dda1eef3cefede47ad82db3889ed9bd57ca3679af9b50,6204,16,0,6220,6336,116,19584,7464,1866,0,0.8333333333333334,0.8311897106109325,"{""actual_effective_rate"":0.8333333333333334,""bg"":""bg1"",""bit_mapping"":""component_Gray_00_-3_01_-1_10_3_11_1_over_sqrt5;QPSK_0_plus1_1_minus1"",""code_blocks"":1,""decoder_config"":{""cn_schedule"":""flooding"",""cn_update"":""boxplus-phi"",""early_stop"":false,""hard_out"":true,""harq_mode"":false,""llr_max"":20.0,""num_iter"":20,""precision"":""single"",""prune_pcm"":true,""return_infobits"":true,""vn_update"":""sum""},""implementation"":{""bit_mapping"":""component_Gray_00_-3_01_-1_10_3_11_1_over_sqrt5;QPSK_0_plus1_1_minus1"",""cuda"":""12.8"",""decoder"":{""cn_schedule"":""flooding"",""cn_update"":""boxplus-phi"",""early_stop"":false,""hard_out"":true,""harq_mode"":false,""llr_max"":20.0,""num_iter"":20,""precision"":""single"",""prune_pcm"":true,""return_infobits"":true,""vn_update"":""sum""},""decoder_source_sha256"":""44d84b92b749e2970f94d92cd348a11648e2286b4d851faa0af8b21d08f0da23"",""encoder_source_sha256"":""34d8db6660b2e84708a8fb534f63c194f6f2b964e3693fcffc9dcaf21532ccfd"",""implementation"":""Sionna_5G_LDPC"",""power_protocol"":""fixed_constellation_average_Es2"",""precision"":""float32"",""rate_matching"":""Sionna RV0; filler removal, first2Z and tail puncturing; supported n only"",""scrambling"":""public_PCG64_SHA256_protocol_session_frame_group_counter_after_rate_matching_v1"",""torch"":""2.11.0+cu128"",""version"":""2.2.0""},""interleaver_sha256"":""620613f92935d221eb806d54f8497a29cde8490f3dd9501a4d820473d35ee288"",""k"":6220,""k_filler"":116,""k_ldpc"":6336,""layout_id"":""54f45be6779028d0a858931fd7c691bbb42108109281c958af57bb77330780d4"",""modulation_padding_bits"":0,""mother_bits"":19584,""n"":7464,""n_cb"":19008,""n_cb_comp"":18892,""power_protocol"":""fixed_constellation_average_Es2"",""puncturing_bits"":12004,""puncturing_first_2Z"":576,""puncturing_remaining"":11428,""repetition_bits"":0,""scrambling"":""public_PCG64_SHA256_protocol_session_frame_group_counter_after_rate_matching_v1"",""shortening_bits"":116,""z"":288}",[2048]
16QAM,3/4,16QAM:r3/4,bae41bed90e95b736db85de25587bbd9ffcc75a0ec6f0183ac1884f2c432f6ba,1308,16,0,1324,1440,116,7488,6304,1576,0,0.2100253807106599,0.20748730964467005,"{""actual_effective_rate"":0.2100253807106599,""bg"":""bg2"",""bit_mapping"":""component_Gray_00_-3_01_-1_10_3_11_1_over_sqrt5;QPSK_0_plus1_1_minus1"",""code_blocks"":1,""decoder_config"":{""cn_schedule"":""flooding"",""cn_update"":""boxplus-phi"",""early_stop"":false,""hard_out"":true,""harq_mode"":false,""llr_max"":20.0,""num_iter"":20,""precision"":""single"",""prune_pcm"":true,""return_infobits"":true,""vn_update"":""sum""},""implementation"":{""bit_mapping"":""component_Gray_00_-3_01_-1_10_3_11_1_over_sqrt5;QPSK_0_plus1_1_minus1"",""cuda"":""12.8"",""decoder"":{""cn_schedule"":""flooding"",""cn_update"":""boxplus-phi"",""early_stop"":false,""hard_out"":true,""harq_mode"":false,""llr_max"":20.0,""num_iter"":20,""precision"":""single"",""prune_pcm"":true,""return_infobits"":true,""vn_update"":""sum""},""decoder_source_sha256"":""44d84b92b749e2970f94d92cd348a11648e2286b4d851faa0af8b21d08f0da23"",""encoder_source_sha256"":""34d8db6660b2e84708a8fb534f63c194f6f2b964e3693fcffc9dcaf21532ccfd"",""implementation"":""Sionna_5G_LDPC"",""power_protocol"":""fixed_constellation_average_Es2"",""precision"":""float32"",""rate_matching"":""Sionna RV0; filler removal, first2Z and tail puncturing; supported n only"",""scrambling"":""public_PCG64_SHA256_protocol_session_frame_group_counter_after_rate_matching_v1"",""torch"":""2.11.0+cu128"",""version"":""2.2.0""},""interleaver_sha256"":""cfd91463f33258e0cfbf48ffee33f5d54aa230d876cd0f6b6f4924be59ebc553"",""k"":1324,""k_filler"":116,""k_ldpc"":1440,""layout_id"":""2bee0986221565fd79a47de49c0dab46348636a0f36941b8f1f3a031d41a1ca5"",""modulation_padding_bits"":0,""mother_bits"":7488,""n"":6304,""n_cb"":7200,""n_cb_comp"":7084,""power_protocol"":""fixed_constellation_average_Es2"",""puncturing_bits"":1068,""puncturing_first_2Z"":288,""puncturing_remaining"":780,""repetition_bits"":0,""scrambling"":""public_PCG64_SHA256_protocol_session_frame_group_counter_after_rate_matching_v1"",""shortening_bits"":116,""z"":144}",[2048]
16QAM,3/4,16QAM:r3/4,bae4ee3ece8af260b73f62bbff6918c4bc927b6f16d8b95e852d1970dabc6c1c,360,16,0,376,480,104,2496,1432,358,0,0.26256983240223464,0.25139664804469275,"{""actual_effective_rate"":0.26256983240223464,""bg"":""bg2"",""bit_mapping"":""component_Gray_00_-3_01_-1_10_3_11_1_over_sqrt5;QPSK_0_plus1_1_minus1"",""code_blocks"":1,""decoder_config"":{""cn_schedule"":""flooding"",""cn_update"":""boxplus-phi"",""early_stop"":false,""hard_out"":true,""harq_mode"":false,""llr_max"":20.0,""num_iter"":20,""precision"":""single"",""prune_pcm"":true,""return_infobits"":true,""vn_update"":""sum""},""implementation"":{""bit_mapping"":""component_Gray_00_-3_01_-1_10_3_11_1_over_sqrt5;QPSK_0_plus1_1_minus1"",""cuda"":""12.8"",""decoder"":{""cn_schedule"":""flooding"",""cn_update"":""boxplus-phi"",""early_stop"":false,""hard_out"":true,""harq_mode"":false,""llr_max"":20.0,""num_iter"":20,""precision"":""single"",""prune_pcm"":true,""return_infobits"":true,""vn_update"":""sum""},""decoder_source_sha256"":""44d84b92b749e2970f94d92cd348a11648e2286b4d851faa0af8b21d08f0da23"",""encoder_source_sha256"":""34d8db6660b2e84708a8fb534f63c194f6f2b964e3693fcffc9dcaf21532ccfd"",""implementation"":""Sionna_5G_LDPC"",""power_protocol"":""fixed_constellation_average_Es2"",""precision"":""float32"",""rate_matching"":""Sionna RV0; filler removal, first2Z and tail puncturing; supported n only"",""scrambling"":""public_PCG64_SHA256_protocol_session_frame_group_counter_after_rate_matching_v1"",""torch"":""2.11.0+cu128"",""version"":""2.2.0""},""interleaver_sha256"":""e237c0ed5d4761d7ed87707af18f989b913c2c04dadc7e8be715e53e3f1e08b4"",""k"":376,""k_filler"":104,""k_ldpc"":480,""layout_id"":""754f0d4a0cd7e5d23b7a4dbd0a36c0130c18ea0caf267373161ad9caec4c06ac"",""modulation_padding_bits"":0,""mother_bits"":2496,""n"":1432,""n_cb"":2400,""n_cb_comp"":2296,""power_protocol"":""fixed_constellation_average_Es2"",""puncturing_bits"":960,""puncturing_first_2Z"":96,""puncturing_remaining"":864,""repetition_bits"":0,""scrambling"":""public_PCG64_SHA256_protocol_session_frame_group_counter_after_rate_matching_v1"",""shortening_bits"":104,""z"":48}",[1024]
16QAM,1/2,16QAM:r1/2,bb27853a7064161985b698f570dca200ed2918c446d61f2c70874acba321898e,3936,16,0,3952,4224,272,13056,7920,1980,0,0.498989898989899,0.49696969696969695,"{""actual_effective_rate"":0.498989898989899,""bg"":""bg1"",""bit_mapping"":""component_Gray_00_-3_01_-1_10_3_11_1_over_sqrt5;QPSK_0_plus1_1_minus1"",""code_blocks"":1,""decoder_config"":{""cn_schedule"":""flooding"",""cn_update"":""boxplus-phi"",""early_stop"":false,""hard_out"":true,""harq_mode"":false,""llr_max"":20.0,""num_iter"":20,""precision"":""single"",""prune_pcm"":true,""return_infobits"":true,""vn_update"":""sum""},""implementation"":{""bit_mapping"":""component_Gray_00_-3_01_-1_10_3_11_1_over_sqrt5;QPSK_0_plus1_1_minus1"",""cuda"":""12.8"",""decoder"":{""cn_schedule"":""flooding"",""cn_update"":""boxplus-phi"",""early_stop"":false,""hard_out"":true,""harq_mode"":false,""llr_max"":20.0,""num_iter"":20,""precision"":""single"",""prune_pcm"":true,""return_infobits"":true,""vn_update"":""sum""},""decoder_source_sha256"":""44d84b92b749e2970f94d92cd348a11648e2286b4d851faa0af8b21d08f0da23"",""encoder_source_sha256"":""34d8db6660b2e84708a8fb534f63c194f6f2b964e3693fcffc9dcaf21532ccfd"",""implementation"":""Sionna_5G_LDPC"",""power_protocol"":""fixed_constellation_average_Es2"",""precision"":""float32"",""rate_matching"":""Sionna RV0; filler removal, first2Z and tail puncturing; supported n only"",""scrambling"":""public_PCG64_SHA256_protocol_session_frame_group_counter_after_rate_matching_v1"",""torch"":""2.11.0+cu128"",""version"":""2.2.0""},""interleaver_sha256"":""bf29d57f104b46cfad97442eb8b05f15d543d1ba6069085098da1ce605aaeccb"",""k"":3952,""k_filler"":272,""k_ldpc"":4224,""layout_id"":""72a6d112803cad2bc6f450b47283cb33bba61ee3e7706c0f2dfcdec29f533828"",""modulation_padding_bits"":0,""mother_bits"":13056,""n"":7920,""n_cb"":12672,""n_cb_comp"":12400,""power_protocol"":""fixed_constellation_average_Es2"",""puncturing_bits"":4864,""puncturing_first_2Z"":384,""puncturing_remaining"":4480,""repetition_bits"":0,""scrambling"":""public_PCG64_SHA256_protocol_session_frame_group_counter_after_rate_matching_v1"",""shortening_bits"":272,""z"":192}",[2048]
QPSK,1/3,QPSK:r1/3,bb44faf9d4bb99e28d5a4c23f66256f4204d2425f89f2ca78eb7d7c0e441f89c,624,16,0,640,720,80,3744,3060,1530,0,0.20915032679738563,0.20392156862745098,"{""actual_effective_rate"":0.20915032679738563,""bg"":""bg2"",""bit_mapping"":""component_Gray_00_-3_01_-1_10_3_11_1_over_sqrt5;QPSK_0_plus1_1_minus1"",""code_blocks"":1,""decoder_config"":{""cn_schedule"":""flooding"",""cn_update"":""boxplus-phi"",""early_stop"":false,""hard_out"":true,""harq_mode"":false,""llr_max"":20.0,""num_iter"":20,""precision"":""single"",""prune_pcm"":true,""return_infobits"":true,""vn_update"":""sum""},""implementation"":{""bit_mapping"":""component_Gray_00_-3_01_-1_10_3_11_1_over_sqrt5;QPSK_0_plus1_1_minus1"",""cuda"":""12.8"",""decoder"":{""cn_schedule"":""flooding"",""cn_update"":""boxplus-phi"",""early_stop"":false,""hard_out"":true,""harq_mode"":false,""llr_max"":20.0,""num_iter"":20,""precision"":""single"",""prune_pcm"":true,""return_infobits"":true,""vn_update"":""sum""},""decoder_source_sha256"":""44d84b92b749e2970f94d92cd348a11648e2286b4d851faa0af8b21d08f0da23"",""encoder_source_sha256"":""34d8db6660b2e84708a8fb534f63c194f6f2b964e3693fcffc9dcaf21532ccfd"",""implementation"":""Sionna_5G_LDPC"",""power_protocol"":""fixed_constellation_average_Es2"",""precision"":""float32"",""rate_matching"":""Sionna RV0; filler removal, first2Z and tail puncturing; supported n only"",""scrambling"":""public_PCG64_SHA256_protocol_session_frame_group_counter_after_rate_matching_v1"",""torch"":""2.11.0+cu128"",""version"":""2.2.0""},""interleaver_sha256"":""4448912740fb893c20775384ad26f1a055432026a3ab47c9e45b48e906e4af03"",""k"":640,""k_filler"":80,""k_ldpc"":720,""layout_id"":""f13810766c91daf13614494c59e2934e1276c322766ce4f36ca1a7151d4f5247"",""modulation_padding_bits"":0,""mother_bits"":3744,""n"":3060,""n_cb"":3600,""n_cb_comp"":3520,""power_protocol"":""fixed_constellation_average_Es2"",""puncturing_bits"":604,""puncturing_first_2Z"":144,""puncturing_remaining"":460,""repetition_bits"":0,""scrambling"":""public_PCG64_SHA256_protocol_session_frame_group_counter_after_rate_matching_v1"",""shortening_bits"":80,""z"":72}",[2048]
QPSK,1/3,QPSK:r1/3,bb4a9aa8b92e878ad82f01f9af4034ff8a5993db8877359aed7209a7f7bc4803,600,16,0,616,720,104,3744,1848,924,0,0.3333333333333333,0.3246753246753247,"{""actual_effective_rate"":0.3333333333333333,""bg"":""bg2"",""bit_mapping"":""component_Gray_00_-3_01_-1_10_3_11_1_over_sqrt5;QPSK_0_plus1_1_minus1"",""code_blocks"":1,""decoder_config"":{""cn_schedule"":""flooding"",""cn_update"":""boxplus-phi"",""early_stop"":false,""hard_out"":true,""harq_mode"":false,""llr_max"":20.0,""num_iter"":20,""precision"":""single"",""prune_pcm"":true,""return_infobits"":true,""vn_update"":""sum""},""implementation"":{""bit_mapping"":""component_Gray_00_-3_01_-1_10_3_11_1_over_sqrt5;QPSK_0_plus1_1_minus1"",""cuda"":""12.8"",""decoder"":{""cn_schedule"":""flooding"",""cn_update"":""boxplus-phi"",""early_stop"":false,""hard_out"":true,""harq_mode"":false,""llr_max"":20.0,""num_iter"":20,""precision"":""single"",""prune_pcm"":true,""return_infobits"":true,""vn_update"":""sum""},""decoder_source_sha256"":""44d84b92b749e2970f94d92cd348a11648e2286b4d851faa0af8b21d08f0da23"",""encoder_source_sha256"":""34d8db6660b2e84708a8fb534f63c194f6f2b964e3693fcffc9dcaf21532ccfd"",""implementation"":""Sionna_5G_LDPC"",""power_protocol"":""fixed_constellation_average_Es2"",""precision"":""float32"",""rate_matching"":""Sionna RV0; filler removal, first2Z and tail puncturing; supported n only"",""scrambling"":""public_PCG64_SHA256_protocol_session_frame_group_counter_after_rate_matching_v1"",""torch"":""2.11.0+cu128"",""version"":""2.2.0""},""interleaver_sha256"":""a1875ed0686a9917b99e098b3eb84e250bd3e0de8fac94d54b7ca72f57735e59"",""k"":616,""k_filler"":104,""k_ldpc"":720,""layout_id"":""7cf702e00ff12457bf1054db383ac1e34c3f2ad1497549c8e151f2b079c623f1"",""modulation_padding_bits"":0,""mother_bits"":3744,""n"":1848,""n_cb"":3600,""n_cb_comp"":3496,""power_protocol"":""fixed_constellation_average_Es2"",""puncturing_bits"":1792,""puncturing_first_2Z"":144,""puncturing_remaining"":1648,""repetition_bits"":0,""scrambling"":""public_PCG64_SHA256_protocol_session_frame_group_counter_after_rate_matching_v1"",""shortening_bits"":104,""z"":72}",[2048]
QPSK,3/4,QPSK:r3/4,bb5cd676c99d60587e52f8edd65f2c92be3f05de6f93466cd3059345b6babc71,1704,16,0,1720,1760,40,5440,2296,1148,0,0.7491289198606271,0.7421602787456446,"{""actual_effective_rate"":0.7491289198606271,""bg"":""bg1"",""bit_mapping"":""component_Gray_00_-3_01_-1_10_3_11_1_over_sqrt5;QPSK_0_plus1_1_minus1"",""code_blocks"":1,""decoder_config"":{""cn_schedule"":""flooding"",""cn_update"":""boxplus-phi"",""early_stop"":false,""hard_out"":true,""harq_mode"":false,""llr_max"":20.0,""num_iter"":20,""precision"":""single"",""prune_pcm"":true,""return_infobits"":true,""vn_update"":""sum""},""implementation"":{""bit_mapping"":""component_Gray_00_-3_01_-1_10_3_11_1_over_sqrt5;QPSK_0_plus1_1_minus1"",""cuda"":""12.8"",""decoder"":{""cn_schedule"":""flooding"",""cn_update"":""boxplus-phi"",""early_stop"":false,""hard_out"":true,""harq_mode"":false,""llr_max"":20.0,""num_iter"":20,""precision"":""single"",""prune_pcm"":true,""return_infobits"":true,""vn_update"":""sum""},""decoder_source_sha256"":""44d84b92b749e2970f94d92cd348a11648e2286b4d851faa0af8b21d08f0da23"",""encoder_source_sha256"":""34d8db6660b2e84708a8fb534f63c194f6f2b964e3693fcffc9dcaf21532ccfd"",""implementation"":""Sionna_5G_LDPC"",""power_protocol"":""fixed_constellation_average_Es2"",""precision"":""float32"",""rate_matching"":""Sionna RV0; filler removal, first2Z and tail puncturing; supported n only"",""scrambling"":""public_PCG64_SHA256_protocol_session_frame_group_counter_after_rate_matching_v1"",""torch"":""2.11.0+cu128"",""version"":""2.2.0""},""interleaver_sha256"":""d2f40737b7670ff5d3a5467868cd18e7f3dd8142368ac9ac70d8519340d0c37c"",""k"":1720,""k_filler"":40,""k_ldpc"":1760,""layout_id"":""c9293c3a8c9e10de94fed32d29719cd597150025cb6c80fba6619e6245357703"",""modulation_padding_bits"":0,""mother_bits"":5440,""n"":2296,""n_cb"":5280,""n_cb_comp"":5240,""power_protocol"":""fixed_constellation_average_Es2"",""puncturing_bits"":3104,""puncturing_first_2Z"":160,""puncturing_remaining"":2944,""repetition_bits"":0,""scrambling"":""public_PCG64_SHA256_protocol_session_frame_group_counter_after_rate_matching_v1"",""shortening_bits"":40,""z"":80}",[2048]
QPSK,3/4,QPSK:r3/4,bb64163192dc5efdefb03a9d46e942c3f38d4d3bbc6402d9279e1a6ad37f28a1,660,16,0,676,720,44,3744,1120,560,0,0.6035714285714285,0.5892857142857143,"{""actual_effective_rate"":0.6035714285714285,""bg"":""bg2"",""bit_mapping"":""component_Gray_00_-3_01_-1_10_3_11_1_over_sqrt5;QPSK_0_plus1_1_minus1"",""code_blocks"":1,""decoder_config"":{""cn_schedule"":""flooding"",""cn_update"":""boxplus-phi"",""early_stop"":false,""hard_out"":true,""harq_mode"":false,""llr_max"":20.0,""num_iter"":20,""precision"":""single"",""prune_pcm"":true,""return_infobits"":true,""vn_update"":""sum""},""implementation"":{""bit_mapping"":""component_Gray_00_-3_01_-1_10_3_11_1_over_sqrt5;QPSK_0_plus1_1_minus1"",""cuda"":""12.8"",""decoder"":{""cn_schedule"":""flooding"",""cn_update"":""boxplus-phi"",""early_stop"":false,""hard_out"":true,""harq_mode"":false,""llr_max"":20.0,""num_iter"":20,""precision"":""single"",""prune_pcm"":true,""return_infobits"":true,""vn_update"":""sum""},""decoder_source_sha256"":""44d84b92b749e2970f94d92cd348a11648e2286b4d851faa0af8b21d08f0da23"",""encoder_source_sha256"":""34d8db6660b2e84708a8fb534f63c194f6f2b964e3693fcffc9dcaf21532ccfd"",""implementation"":""Sionna_5G_LDPC"",""power_protocol"":""fixed_constellation_average_Es2"",""precision"":""float32"",""rate_matching"":""Sionna RV0; filler removal, first2Z and tail puncturing; supported n only"",""scrambling"":""public_PCG64_SHA256_protocol_session_frame_group_counter_after_rate_matching_v1"",""torch"":""2.11.0+cu128"",""version"":""2.2.0""},""interleaver_sha256"":""b7f275073d56f7ad037c2820e4fb478d3f483d2dbdb041b1d337cef7210afdd0"",""k"":676,""k_filler"":44,""k_ldpc"":720,""layout_id"":""bc5b67e266c80848e891e794eab736ce30406ad8d9acf113a01d84bbf74c9fd9"",""modulation_padding_bits"":0,""mother_bits"":3744,""n"":1120,""n_cb"":3600,""n_cb_comp"":3556,""power_protocol"":""fixed_constellation_average_Es2"",""puncturing_bits"":2580,""puncturing_first_2Z"":144,""puncturing_remaining"":2436,""repetition_bits"":0,""scrambling"":""public_PCG64_SHA256_protocol_session_frame_group_counter_after_rate_matching_v1"",""shortening_bits"":44,""z"":72}",[1024]
16QAM,5/6,16QAM:r5/6,bb6883704ea43643da57905618522f802897d992830ff3cc00576007127b5221,1008,16,0,1024,1040,16,5408,1548,387,0,0.661498708010336,0.6511627906976745,"{""actual_effective_rate"":0.661498708010336,""bg"":""bg2"",""bit_mapping"":""component_Gray_00_-3_01_-1_10_3_11_1_over_sqrt5;QPSK_0_plus1_1_minus1"",""code_blocks"":1,""decoder_config"":{""cn_schedule"":""flooding"",""cn_update"":""boxplus-phi"",""early_stop"":false,""hard_out"":true,""harq_mode"":false,""llr_max"":20.0,""num_iter"":20,""precision"":""single"",""prune_pcm"":true,""return_infobits"":true,""vn_update"":""sum""},""implementation"":{""bit_mapping"":""component_Gray_00_-3_01_-1_10_3_11_1_over_sqrt5;QPSK_0_plus1_1_minus1"",""cuda"":""12.8"",""decoder"":{""cn_schedule"":""flooding"",""cn_update"":""boxplus-phi"",""early_stop"":false,""hard_out"":true,""harq_mode"":false,""llr_max"":20.0,""num_iter"":20,""precision"":""single"",""prune_pcm"":true,""return_infobits"":true,""vn_update"":""sum""},""decoder_source_sha256"":""44d84b92b749e2970f94d92cd348a11648e2286b4d851faa0af8b21d08f0da23"",""encoder_source_sha256"":""34d8db6660b2e84708a8fb534f63c194f6f2b964e3693fcffc9dcaf21532ccfd"",""implementation"":""Sionna_5G_LDPC"",""power_protocol"":""fixed_constellation_average_Es2"",""precision"":""float32"",""rate_matching"":""Sionna RV0; filler removal, first2Z and tail puncturing; supported n only"",""scrambling"":""public_PCG64_SHA256_protocol_session_frame_group_counter_after_rate_matching_v1"",""torch"":""2.11.0+cu128"",""version"":""2.2.0""},""interleaver_sha256"":""d08a385fb62895f4954cc5c35f000fa9e496f9456229fe6473e95776e9376162"",""k"":1024,""k_filler"":16,""k_ldpc"":1040,""layout_id"":""5a029662d71815435891299a9d5c5fd8fe69584a0b294515fd1f8b6cd66adc18"",""modulation_padding_bits"":0,""mother_bits"":5408,""n"":1548,""n_cb"":5200,""n_cb_comp"":5184,""power_protocol"":""fixed_constellation_average_Es2"",""puncturing_bits"":3844,""puncturing_first_2Z"":208,""puncturing_remaining"":3636,""repetition_bits"":0,""scrambling"":""public_PCG64_SHA256_protocol_session_frame_group_counter_after_rate_matching_v1"",""shortening_bits"":16,""z"":104}",[1024]
16QAM,3/4,16QAM:r3/4,bb6d06d9f316b768a42a25b138fe79e95b287195f5ab1b22b6d6b5cdd1143108,4728,16,0,4744,4928,184,15232,6396,1599,0,0.7417135709818636,0.7392120075046904,"{""actual_effective_rate"":0.7417135709818636,""bg"":""bg1"",""bit_mapping"":""component_Gray_00_-3_01_-1_10_3_11_1_over_sqrt5;QPSK_0_plus1_1_minus1"",""code_blocks"":1,""decoder_config"":{""cn_schedule"":""flooding"",""cn_update"":""boxplus-phi"",""early_stop"":false,""hard_out"":true,""harq_mode"":false,""llr_max"":20.0,""num_iter"":20,""precision"":""single"",""prune_pcm"":true,""return_infobits"":true,""vn_update"":""sum""},""implementation"":{""bit_mapping"":""component_Gray_00_-3_01_-1_10_3_11_1_over_sqrt5;QPSK_0_plus1_1_minus1"",""cuda"":""12.8"",""decoder"":{""cn_schedule"":""flooding"",""cn_update"":""boxplus-phi"",""early_stop"":false,""hard_out"":true,""harq_mode"":false,""llr_max"":20.0,""num_iter"":20,""precision"":""single"",""prune_pcm"":true,""return_infobits"":true,""vn_update"":""sum""},""decoder_source_sha256"":""44d84b92b749e2970f94d92cd348a11648e2286b4d851faa0af8b21d08f0da23"",""encoder_source_sha256"":""34d8db6660b2e84708a8fb534f63c194f6f2b964e3693fcffc9dcaf21532ccfd"",""implementation"":""Sionna_5G_LDPC"",""power_protocol"":""fixed_constellation_average_Es2"",""precision"":""float32"",""rate_matching"":""Sionna RV0; filler removal, first2Z and tail puncturing; supported n only"",""scrambling"":""public_PCG64_SHA256_protocol_session_frame_group_counter_after_rate_matching_v1"",""torch"":""2.11.0+cu128"",""version"":""2.2.0""},""interleaver_sha256"":""65ca927c9e9be1df262f197b1d5b1dd489e5943018ad9bf095f475462243ca9b"",""k"":4744,""k_filler"":184,""k_ldpc"":4928,""layout_id"":""db08f988d61d07567eb0942293a966fb96135016ea315c742adfbcd6ca8fe640"",""modulation_padding_bits"":0,""mother_bits"":15232,""n"":6396,""n_cb"":14784,""n_cb_comp"":14600,""power_protocol"":""fixed_constellation_average_Es2"",""puncturing_bits"":8652,""puncturing_first_2Z"":448,""puncturing_remaining"":8204,""repetition_bits"":0,""scrambling"":""public_PCG64_SHA256_protocol_session_frame_group_counter_after_rate_matching_v1"",""shortening_bits"":184,""z"":224}",[2048]
QPSK,5/6,QPSK:r5/6,bb6de16ae537a4ecd08641a776d16c8e6c04735063111a44eb7ba42bda2f66a0,360,16,0,376,480,104,2496,722,361,0,0.5207756232686981,0.4986149584487535,"{""actual_effective_rate"":0.5207756232686981,""bg"":""bg2"",""bit_mapping"":""component_Gray_00_-3_01_-1_10_3_11_1_over_sqrt5;QPSK_0_plus1_1_minus1"",""code_blocks"":1,""decoder_config"":{""cn_schedule"":""flooding"",""cn_update"":""boxplus-phi"",""early_stop"":false,""hard_out"":true,""harq_mode"":false,""llr_max"":20.0,""num_iter"":20,""precision"":""single"",""prune_pcm"":true,""return_infobits"":true,""vn_update"":""sum""},""implementation"":{""bit_mapping"":""component_Gray_00_-3_01_-1_10_3_11_1_over_sqrt5;QPSK_0_plus1_1_minus1"",""cuda"":""12.8"",""decoder"":{""cn_schedule"":""flooding"",""cn_update"":""boxplus-phi"",""early_stop"":false,""hard_out"":true,""harq_mode"":false,""llr_max"":20.0,""num_iter"":20,""precision"":""single"",""prune_pcm"":true,""return_infobits"":true,""vn_update"":""sum""},""decoder_source_sha256"":""44d84b92b749e2970f94d92cd348a11648e2286b4d851faa0af8b21d08f0da23"",""encoder_source_sha256"":""34d8db6660b2e84708a8fb534f63c194f6f2b964e3693fcffc9dcaf21532ccfd"",""implementation"":""Sionna_5G_LDPC"",""power_protocol"":""fixed_constellation_average_Es2"",""precision"":""float32"",""rate_matching"":""Sionna RV0; filler removal, first2Z and tail puncturing; supported n only"",""scrambling"":""public_PCG64_SHA256_protocol_session_frame_group_counter_after_rate_matching_v1"",""torch"":""2.11.0+cu128"",""version"":""2.2.0""},""interleaver_sha256"":""09260357307ca3bb67c70b67793bdad1546bef94e085058c21bbbd07cc49bd30"",""k"":376,""k_filler"":104,""k_ldpc"":480,""layout_id"":""665c9346ab33bbc0be5b0762c034506d8ac58009a43c9f561da1acc50e7407ba"",""modulation_padding_bits"":0,""mother_bits"":2496,""n"":722,""n_cb"":2400,""n_cb_comp"":2296,""power_protocol"":""fixed_constellation_average_Es2"",""puncturing_bits"":1670,""puncturing_first_2Z"":96,""puncturing_remaining"":1574,""repetition_bits"":0,""scrambling"":""public_PCG64_SHA256_protocol_session_frame_group_counter_after_rate_matching_v1"",""shortening_bits"":104,""z"":48}",[1024]
QPSK,5/6,QPSK:r5/6,bb71b6f32c4838bec72916de7cc17a65ee0168709fe47ba83a48739a3168b253,660,16,0,676,704,28,2176,856,428,0,0.7897196261682243,0.7710280373831776,"{""actual_effective_rate"":0.7897196261682243,""bg"":""bg1"",""bit_mapping"":""component_Gray_00_-3_01_-1_10_3_11_1_over_sqrt5;QPSK_0_plus1_1_minus1"",""code_blocks"":1,""decoder_config"":{""cn_schedule"":""flooding"",""cn_update"":""boxplus-phi"",""early_stop"":false,""hard_out"":true,""harq_mode"":false,""llr_max"":20.0,""num_iter"":20,""precision"":""single"",""prune_pcm"":true,""return_infobits"":true,""vn_update"":""sum""},""implementation"":{""bit_mapping"":""component_Gray_00_-3_01_-1_10_3_11_1_over_sqrt5;QPSK_0_plus1_1_minus1"",""cuda"":""12.8"",""decoder"":{""cn_schedule"":""flooding"",""cn_update"":""boxplus-phi"",""early_stop"":false,""hard_out"":true,""harq_mode"":false,""llr_max"":20.0,""num_iter"":20,""precision"":""single"",""prune_pcm"":true,""return_infobits"":true,""vn_update"":""sum""},""decoder_source_sha256"":""44d84b92b749e2970f94d92cd348a11648e2286b4d851faa0af8b21d08f0da23"",""encoder_source_sha256"":""34d8db6660b2e84708a8fb534f63c194f6f2b964e3693fcffc9dcaf21532ccfd"",""implementation"":""Sionna_5G_LDPC"",""power_protocol"":""fixed_constellation_average_Es2"",""precision"":""float32"",""rate_matching"":""Sionna RV0; filler removal, first2Z and tail puncturing; supported n only"",""scrambling"":""public_PCG64_SHA256_protocol_session_frame_group_counter_after_rate_matching_v1"",""torch"":""2.11.0+cu128"",""version"":""2.2.0""},""interleaver_sha256"":""87507a86deb674f646898be12141abaf7657f542c6d4533b450b11dd0771bbc8"",""k"":676,""k_filler"":28,""k_ldpc"":704,""layout_id"":""0955a2dda5b1e3ecc48d79dec06f0977259ca343cd08d93986c1ffab15142d1e"",""modulation_padding_bits"":0,""mother_bits"":2176,""n"":856,""n_cb"":2112,""n_cb_comp"":2084,""power_protocol"":""fixed_constellation_average_Es2"",""puncturing_bits"":1292,""puncturing_first_2Z"":64,""puncturing_remaining"":1228,""repetition_bits"":0,""scrambling"":""public_PCG64_SHA256_protocol_session_frame_group_counter_after_rate_matching_v1"",""shortening_bits"":28,""z"":32}",[2048]
QPSK,5/6,QPSK:r5/6,bb7310a9bfdeebc3408b337e5679009b137c0f875c2dac30ce11f704eff04f93,624,16,0,640,720,80,3744,3058,1529,0,0.2092871157619359,0.2040549378678875,"{""actual_effective_rate"":0.2092871157619359,""bg"":""bg2"",""bit_mapping"":""component_Gray_00_-3_01_-1_10_3_11_1_over_sqrt5;QPSK_0_plus1_1_minus1"",""code_blocks"":1,""decoder_config"":{""cn_schedule"":""flooding"",""cn_update"":""boxplus-phi"",""early_stop"":false,""hard_out"":true,""harq_mode"":false,""llr_max"":20.0,""num_iter"":20,""precision"":""single"",""prune_pcm"":true,""return_infobits"":true,""vn_update"":""sum""},""implementation"":{""bit_mapping"":""component_Gray_00_-3_01_-1_10_3_11_1_over_sqrt5;QPSK_0_plus1_1_minus1"",""cuda"":""12.8"",""decoder"":{""cn_schedule"":""flooding"",""cn_update"":""boxplus-phi"",""early_stop"":false,""hard_out"":true,""harq_mode"":false,""llr_max"":20.0,""num_iter"":20,""precision"":""single"",""prune_pcm"":true,""return_infobits"":true,""vn_update"":""sum""},""decoder_source_sha256"":""44d84b92b749e2970f94d92cd348a11648e2286b4d851faa0af8b21d08f0da23"",""encoder_source_sha256"":""34d8db6660b2e84708a8fb534f63c194f6f2b964e3693fcffc9dcaf21532ccfd"",""implementation"":""Sionna_5G_LDPC"",""power_protocol"":""fixed_constellation_average_Es2"",""precision"":""float32"",""rate_matching"":""Sionna RV0; filler removal, first2Z and tail puncturing; supported n only"",""scrambling"":""public_PCG64_SHA256_protocol_session_frame_group_counter_after_rate_matching_v1"",""torch"":""2.11.0+cu128"",""version"":""2.2.0""},""interleaver_sha256"":""aaa4be84729ffd899a553647e9521509f296bd4cac17610f7e61d320205abc61"",""k"":640,""k_filler"":80,""k_ldpc"":720,""layout_id"":""26a7c0143d92f3572c1d12f03e756a0db7bacdb53fe0d776bc22ea096149b57e"",""modulation_padding_bits"":0,""mother_bits"":3744,""n"":3058,""n_cb"":3600,""n_cb_comp"":3520,""power_protocol"":""fixed_constellation_average_Es2"",""puncturing_bits"":606,""puncturing_first_2Z"":144,""puncturing_remaining"":462,""repetition_bits"":0,""scrambling"":""public_PCG64_SHA256_protocol_session_frame_group_counter_after_rate_matching_v1"",""shortening_bits"":80,""z"":72}",[2048]
16QAM,5/6,16QAM:r5/6,bb751c1c8b8fcfe37070b653bf833d4883491801ac06ad3139648fd2f45c0990,4212,16,0,4228,4576,348,14144,6480,1620,0,0.6524691358024691,0.65,"{""actual_effective_rate"":0.6524691358024691,""bg"":""bg1"",""bit_mapping"":""component_Gray_00_-3_01_-1_10_3_11_1_over_sqrt5;QPSK_0_plus1_1_minus1"",""code_blocks"":1,""decoder_config"":{""cn_schedule"":""flooding"",""cn_update"":""boxplus-phi"",""early_stop"":false,""hard_out"":true,""harq_mode"":false,""llr_max"":20.0,""num_iter"":20,""precision"":""single"",""prune_pcm"":true,""return_infobits"":true,""vn_update"":""sum""},""implementation"":{""bit_mapping"":""component_Gray_00_-3_01_-1_10_3_11_1_over_sqrt5;QPSK_0_plus1_1_minus1"",""cuda"":""12.8"",""decoder"":{""cn_schedule"":""flooding"",""cn_update"":""boxplus-phi"",""early_stop"":false,""hard_out"":true,""harq_mode"":false,""llr_max"":20.0,""num_iter"":20,""precision"":""single"",""prune_pcm"":true,""return_infobits"":true,""vn_update"":""sum""},""decoder_source_sha256"":""44d84b92b749e2970f94d92cd348a11648e2286b4d851faa0af8b21d08f0da23"",""encoder_source_sha256"":""34d8db6660b2e84708a8fb534f63c194f6f2b964e3693fcffc9dcaf21532ccfd"",""implementation"":""Sionna_5G_LDPC"",""power_protocol"":""fixed_constellation_average_Es2"",""precision"":""float32"",""rate_matching"":""Sionna RV0; filler removal, first2Z and tail puncturing; supported n only"",""scrambling"":""public_PCG64_SHA256_protocol_session_frame_group_counter_after_rate_matching_v1"",""torch"":""2.11.0+cu128"",""version"":""2.2.0""},""interleaver_sha256"":""485e0b325157c636d0f53759ed33dc0cd41bfce9a9ac28ebd47ee27bc0707a16"",""k"":4228,""k_filler"":348,""k_ldpc"":4576,""layout_id"":""6504962c1eb533fe1661379e3a2db0cf752089e0f306c88e872e04c0d0df9a0f"",""modulation_padding_bits"":0,""mother_bits"":14144,""n"":6480,""n_cb"":13728,""n_cb_comp"":13380,""power_protocol"":""fixed_constellation_average_Es2"",""puncturing_bits"":7316,""puncturing_first_2Z"":416,""puncturing_remaining"":6900,""repetition_bits"":0,""scrambling"":""public_PCG64_SHA256_protocol_session_frame_group_counter_after_rate_matching_v1"",""shortening_bits"":348,""z"":208}",[2048]
16QAM,3/4,16QAM:r3/4,bb8cc3e40b761e455ef263adb29b32f15c9900086db4c697b0c59a8854a41529,432,16,0,448,484,36,1496,600,150,0,0.7466666666666667,0.72,"{""actual_effective_rate"":0.7466666666666667,""bg"":""bg1"",""bit_mapping"":""component_Gray_00_-3_01_-1_10_3_11_1_over_sqrt5;QPSK_0_plus1_1_minus1"",""code_blocks"":1,""decoder_config"":{""cn_schedule"":""flooding"",""cn_update"":""boxplus-phi"",""early_stop"":false,""hard_out"":true,""harq_mode"":false,""llr_max"":20.0,""num_iter"":20,""precision"":""single"",""prune_pcm"":true,""return_infobits"":true,""vn_update"":""sum""},""implementation"":{""bit_mapping"":""component_Gray_00_-3_01_-1_10_3_11_1_over_sqrt5;QPSK_0_plus1_1_minus1"",""cuda"":""12.8"",""decoder"":{""cn_schedule"":""flooding"",""cn_update"":""boxplus-phi"",""early_stop"":false,""hard_out"":true,""harq_mode"":false,""llr_max"":20.0,""num_iter"":20,""precision"":""single"",""prune_pcm"":true,""return_infobits"":true,""vn_update"":""sum""},""decoder_source_sha256"":""44d84b92b749e2970f94d92cd348a11648e2286b4d851faa0af8b21d08f0da23"",""encoder_source_sha256"":""34d8db6660b2e84708a8fb534f63c194f6f2b964e3693fcffc9dcaf21532ccfd"",""implementation"":""Sionna_5G_LDPC"",""power_protocol"":""fixed_constellation_average_Es2"",""precision"":""float32"",""rate_matching"":""Sionna RV0; filler removal, first2Z and tail puncturing; supported n only"",""scrambling"":""public_PCG64_SHA256_protocol_session_frame_group_counter_after_rate_matching_v1"",""torch"":""2.11.0+cu128"",""version"":""2.2.0""},""interleaver_sha256"":""19b6026a374bba9fa355e5a6df7059a56518920780019555804e2c959b739a28"",""k"":448,""k_filler"":36,""k_ldpc"":484,""layout_id"":""4faee46420c5ebb5a164a26933095e53cfb24d6723b2faae8b26b3a12401dfb5"",""modulation_padding_bits"":0,""mother_bits"":1496,""n"":600,""n_cb"":1452,""n_cb_comp"":1416,""power_protocol"":""fixed_constellation_average_Es2"",""puncturing_bits"":860,""puncturing_first_2Z"":44,""puncturing_remaining"":816,""repetition_bits"":0,""scrambling"":""public_PCG64_SHA256_protocol_session_frame_group_counter_after_rate_matching_v1"",""shortening_bits"":36,""z"":22}","[1024,2048]"
16QAM,3/4,16QAM:r3/4,bba4a4bd9b7aa194314611bcb8656486d509352d9c14f6111e4b055c69f19a5a,1500,16,0,1516,1600,84,8320,2728,682,0,0.5557184750733137,0.5498533724340176,"{""actual_effective_rate"":0.5557184750733137,""bg"":""bg2"",""bit_mapping"":""component_Gray_00_-3_01_-1_10_3_11_1_over_sqrt5;QPSK_0_plus1_1_minus1"",""code_blocks"":1,""decoder_config"":{""cn_schedule"":""flooding"",""cn_update"":""boxplus-phi"",""early_stop"":false,""hard_out"":true,""harq_mode"":false,""llr_max"":20.0,""num_iter"":20,""precision"":""single"",""prune_pcm"":true,""return_infobits"":true,""vn_update"":""sum""},""implementation"":{""bit_mapping"":""component_Gray_00_-3_01_-1_10_3_11_1_over_sqrt5;QPSK_0_plus1_1_minus1"",""cuda"":""12.8"",""decoder"":{""cn_schedule"":""flooding"",""cn_update"":""boxplus-phi"",""early_stop"":false,""hard_out"":true,""harq_mode"":false,""llr_max"":20.0,""num_iter"":20,""precision"":""single"",""prune_pcm"":true,""return_infobits"":true,""vn_update"":""sum""},""decoder_source_sha256"":""44d84b92b749e2970f94d92cd348a11648e2286b4d851faa0af8b21d08f0da23"",""encoder_source_sha256"":""34d8db6660b2e84708a8fb534f63c194f6f2b964e3693fcffc9dcaf21532ccfd"",""implementation"":""Sionna_5G_LDPC"",""power_protocol"":""fixed_constellation_average_Es2"",""precision"":""float32"",""rate_matching"":""Sionna RV0; filler removal, first2Z and tail puncturing; supported n only"",""scrambling"":""public_PCG64_SHA256_protocol_session_frame_group_counter_after_rate_matching_v1"",""torch"":""2.11.0+cu128"",""version"":""2.2.0""},""interleaver_sha256"":""47d5add80bf91625b634da7c21873a847bb7ce52664ecca4d56cfaf4ad480178"",""k"":1516,""k_filler"":84,""k_ldpc"":1600,""layout_id"":""ec6ffd0a2b62821715c63d12c2b3eb3fcdc6b53c02241e7620454cfec56cad90"",""modulation_padding_bits"":0,""mother_bits"":8320,""n"":2728,""n_cb"":8000,""n_cb_comp"":7916,""power_protocol"":""fixed_constellation_average_Es2"",""puncturing_bits"":5508,""puncturing_first_2Z"":320,""puncturing_remaining"":5188,""repetition_bits"":0,""scrambling"":""public_PCG64_SHA256_protocol_session_frame_group_counter_after_rate_matching_v1"",""shortening_bits"":84,""z"":160}",[1024]
16QAM,5/6,16QAM:r5/6,bbacb9fd8a18d0be448d3c38439a54b51abe7c37ba9d9c4175665da620f16fd5,660,16,0,676,704,28,2176,832,208,0,0.8125,0.7932692307692307,"{""actual_effective_rate"":0.8125,""bg"":""bg1"",""bit_mapping"":""component_Gray_00_-3_01_-1_10_3_11_1_over_sqrt5;QPSK_0_plus1_1_minus1"",""code_blocks"":1,""decoder_config"":{""cn_schedule"":""flooding"",""cn_update"":""boxplus-phi"",""early_stop"":false,""hard_out"":true,""harq_mode"":false,""llr_max"":20.0,""num_iter"":20,""precision"":""single"",""prune_pcm"":true,""return_infobits"":true,""vn_update"":""sum""},""implementation"":{""bit_mapping"":""component_Gray_00_-3_01_-1_10_3_11_1_over_sqrt5;QPSK_0_plus1_1_minus1"",""cuda"":""12.8"",""decoder"":{""cn_schedule"":""flooding"",""cn_update"":""boxplus-phi"",""early_stop"":false,""hard_out"":true,""harq_mode"":false,""llr_max"":20.0,""num_iter"":20,""precision"":""single"",""prune_pcm"":true,""return_infobits"":true,""vn_update"":""sum""},""decoder_source_sha256"":""44d84b92b749e2970f94d92cd348a11648e2286b4d851faa0af8b21d08f0da23"",""encoder_source_sha256"":""34d8db6660b2e84708a8fb534f63c194f6f2b964e3693fcffc9dcaf21532ccfd"",""implementation"":""Sionna_5G_LDPC"",""power_protocol"":""fixed_constellation_average_Es2"",""precision"":""float32"",""rate_matching"":""Sionna RV0; filler removal, first2Z and tail puncturing; supported n only"",""scrambling"":""public_PCG64_SHA256_protocol_session_frame_group_counter_after_rate_matching_v1"",""torch"":""2.11.0+cu128"",""version"":""2.2.0""},""interleaver_sha256"":""92b4332a5142c77de98a26f72569c0dbdfc3234b8a7b2c4f40bbb389fb11131a"",""k"":676,""k_filler"":28,""k_ldpc"":704,""layout_id"":""e686a4c55f6d36dc43ef123c756c92a60faa369140c560ace8c809ee53e37b55"",""modulation_padding_bits"":0,""mother_bits"":2176,""n"":832,""n_cb"":2112,""n_cb_comp"":2084,""power_protocol"":""fixed_constellation_average_Es2"",""puncturing_bits"":1316,""puncturing_first_2Z"":64,""puncturing_remaining"":1252,""repetition_bits"":0,""scrambling"":""public_PCG64_SHA256_protocol_session_frame_group_counter_after_rate_matching_v1"",""shortening_bits"":28,""z"":32}",[2048]
16QAM,5/6,16QAM:r5/6,bbb69edbdbb7974747427e9e48eb97233dd833a57bb5810bb81102f153e46483,324,16,0,340,352,12,1088,408,102,0,0.8333333333333334,0.7941176470588235,"{""actual_effective_rate"":0.8333333333333334,""bg"":""bg1"",""bit_mapping"":""component_Gray_00_-3_01_-1_10_3_11_1_over_sqrt5;QPSK_0_plus1_1_minus1"",""code_blocks"":1,""decoder_config"":{""cn_schedule"":""flooding"",""cn_update"":""boxplus-phi"",""early_stop"":false,""hard_out"":true,""harq_mode"":false,""llr_max"":20.0,""num_iter"":20,""precision"":""single"",""prune_pcm"":true,""return_infobits"":true,""vn_update"":""sum""},""implementation"":{""bit_mapping"":""component_Gray_00_-3_01_-1_10_3_11_1_over_sqrt5;QPSK_0_plus1_1_minus1"",""cuda"":""12.8"",""decoder"":{""cn_schedule"":""flooding"",""cn_update"":""boxplus-phi"",""early_stop"":false,""hard_out"":true,""harq_mode"":false,""llr_max"":20.0,""num_iter"":20,""precision"":""single"",""prune_pcm"":true,""return_infobits"":true,""vn_update"":""sum""},""decoder_source_sha256"":""44d84b92b749e2970f94d92cd348a11648e2286b4d851faa0af8b21d08f0da23"",""encoder_source_sha256"":""34d8db6660b2e84708a8fb534f63c194f6f2b964e3693fcffc9dcaf21532ccfd"",""implementation"":""Sionna_5G_LDPC"",""power_protocol"":""fixed_constellation_average_Es2"",""precision"":""float32"",""rate_matching"":""Sionna RV0; filler removal, first2Z and tail puncturing; supported n only"",""scrambling"":""public_PCG64_SHA256_protocol_session_frame_group_counter_after_rate_matching_v1"",""torch"":""2.11.0+cu128"",""version"":""2.2.0""},""interleaver_sha256"":""c5cb6ed838a98ca3b99d005535b7d24975d7bdd3b060c6c57c2d1e46b3a01ce4"",""k"":340,""k_filler"":12,""k_ldpc"":352,""layout_id"":""b49f0c5c26a1608a58f95db164f64502e50e5d32caad1c71e70c8937a185c15d"",""modulation_padding_bits"":0,""mother_bits"":1088,""n"":408,""n_cb"":1056,""n_cb_comp"":1044,""power_protocol"":""fixed_constellation_average_Es2"",""puncturing_bits"":668,""puncturing_first_2Z"":32,""puncturing_remaining"":636,""repetition_bits"":0,""scrambling"":""public_PCG64_SHA256_protocol_session_frame_group_counter_after_rate_matching_v1"",""shortening_bits"":12,""z"":16}","[1024,2048]"
16QAM,1/2,16QAM:r1/2,bbd114d497cd2bc972ad5896b61950e608a96796a7be1788bff07a40f79d28fc,660,16,0,676,720,44,3744,3168,792,0,0.21338383838383837,0.20833333333333334,"{""actual_effective_rate"":0.21338383838383837,""bg"":""bg2"",""bit_mapping"":""component_Gray_00_-3_01_-1_10_3_11_1_over_sqrt5;QPSK_0_plus1_1_minus1"",""code_blocks"":1,""decoder_config"":{""cn_schedule"":""flooding"",""cn_update"":""boxplus-phi"",""early_stop"":false,""hard_out"":true,""harq_mode"":false,""llr_max"":20.0,""num_iter"":20,""precision"":""single"",""prune_pcm"":true,""return_infobits"":true,""vn_update"":""sum""},""implementation"":{""bit_mapping"":""component_Gray_00_-3_01_-1_10_3_11_1_over_sqrt5;QPSK_0_plus1_1_minus1"",""cuda"":""12.8"",""decoder"":{""cn_schedule"":""flooding"",""cn_update"":""boxplus-phi"",""early_stop"":false,""hard_out"":true,""harq_mode"":false,""llr_max"":20.0,""num_iter"":20,""precision"":""single"",""prune_pcm"":true,""return_infobits"":true,""vn_update"":""sum""},""decoder_source_sha256"":""44d84b92b749e2970f94d92cd348a11648e2286b4d851faa0af8b21d08f0da23"",""encoder_source_sha256"":""34d8db6660b2e84708a8fb534f63c194f6f2b964e3693fcffc9dcaf21532ccfd"",""implementation"":""Sionna_5G_LDPC"",""power_protocol"":""fixed_constellation_average_Es2"",""precision"":""float32"",""rate_matching"":""Sionna RV0; filler removal, first2Z and tail puncturing; supported n only"",""scrambling"":""public_PCG64_SHA256_protocol_session_frame_group_counter_after_rate_matching_v1"",""torch"":""2.11.0+cu128"",""version"":""2.2.0""},""interleaver_sha256"":""182261b7d35f719947b6abbfb4007b159a503c1dc76c283c6360d9c35c4c8116"",""k"":676,""k_filler"":44,""k_ldpc"":720,""layout_id"":""05bc4c63e0379564e848d100b2d466891052f6864612d20918ec3d4c2bfeff30"",""modulation_padding_bits"":0,""mother_bits"":3744,""n"":3168,""n_cb"":3600,""n_cb_comp"":3556,""power_protocol"":""fixed_constellation_average_Es2"",""puncturing_bits"":532,""puncturing_first_2Z"":144,""puncturing_remaining"":388,""repetition_bits"":0,""scrambling"":""public_PCG64_SHA256_protocol_session_frame_group_counter_after_rate_matching_v1"",""shortening_bits"":44,""z"":72}",[1024]
16QAM,1/2,16QAM:r1/2,bbdb69d93480cfcdba5c7c598e404391c97f559ec07f05c724ed90b4b735a9fd,660,16,0,676,720,44,3744,2100,525,0,0.3219047619047619,0.3142857142857143,"{""actual_effective_rate"":0.3219047619047619,""bg"":""bg2"",""bit_mapping"":""component_Gray_00_-3_01_-1_10_3_11_1_over_sqrt5;QPSK_0_plus1_1_minus1"",""code_blocks"":1,""decoder_config"":{""cn_schedule"":""flooding"",""cn_update"":""boxplus-phi"",""early_stop"":false,""hard_out"":true,""harq_mode"":false,""llr_max"":20.0,""num_iter"":20,""precision"":""single"",""prune_pcm"":true,""return_infobits"":true,""vn_update"":""sum""},""implementation"":{""bit_mapping"":""component_Gray_00_-3_01_-1_10_3_11_1_over_sqrt5;QPSK_0_plus1_1_minus1"",""cuda"":""12.8"",""decoder"":{""cn_schedule"":""flooding"",""cn_update"":""boxplus-phi"",""early_stop"":false,""hard_out"":true,""harq_mode"":false,""llr_max"":20.0,""num_iter"":20,""precision"":""single"",""prune_pcm"":true,""return_infobits"":true,""vn_update"":""sum""},""decoder_source_sha256"":""44d84b92b749e2970f94d92cd348a11648e2286b4d851faa0af8b21d08f0da23"",""encoder_source_sha256"":""34d8db6660b2e84708a8fb534f63c194f6f2b964e3693fcffc9dcaf21532ccfd"",""implementation"":""Sionna_5G_LDPC"",""power_protocol"":""fixed_constellation_average_Es2"",""precision"":""float32"",""rate_matching"":""Sionna RV0; filler removal, first2Z and tail puncturing; supported n only"",""scrambling"":""public_PCG64_SHA256_protocol_session_frame_group_counter_after_rate_matching_v1"",""torch"":""2.11.0+cu128"",""version"":""2.2.0""},""interleaver_sha256"":""6769af7e9cdeb9c64d32e47f433e6fdddfec424e7bc450e3fac154aab77e1bd4"",""k"":676,""k_filler"":44,""k_ldpc"":720,""layout_id"":""690030d2c3e29121ba8e9b15ab006eb761d4d3842ad453510996994bda7117f2"",""modulation_padding_bits"":0,""mother_bits"":3744,""n"":2100,""n_cb"":3600,""n_cb_comp"":3556,""power_protocol"":""fixed_constellation_average_Es2"",""puncturing_bits"":1600,""puncturing_first_2Z"":144,""puncturing_remaining"":1456,""repetition_bits"":0,""scrambling"":""public_PCG64_SHA256_protocol_session_frame_group_counter_after_rate_matching_v1"",""shortening_bits"":44,""z"":72}",[1024]
16QAM,5/6,16QAM:r5/6,bbde2dab036df9e1865fe27e957c7c3c7ac524a1ac96227d76b11da7b971fd20,5220,16,0,5236,5280,44,16320,6284,1571,0,0.8332272437937619,0.8306810948440484,"{""actual_effective_rate"":0.8332272437937619,""bg"":""bg1"",""bit_mapping"":""component_Gray_00_-3_01_-1_10_3_11_1_over_sqrt5;QPSK_0_plus1_1_minus1"",""code_blocks"":1,""decoder_config"":{""cn_schedule"":""flooding"",""cn_update"":""boxplus-phi"",""early_stop"":false,""hard_out"":true,""harq_mode"":false,""llr_max"":20.0,""num_iter"":20,""precision"":""single"",""prune_pcm"":true,""return_infobits"":true,""vn_update"":""sum""},""implementation"":{""bit_mapping"":""component_Gray_00_-3_01_-1_10_3_11_1_over_sqrt5;QPSK_0_plus1_1_minus1"",""cuda"":""12.8"",""decoder"":{""cn_schedule"":""flooding"",""cn_update"":""boxplus-phi"",""early_stop"":false,""hard_out"":true,""harq_mode"":false,""llr_max"":20.0,""num_iter"":20,""precision"":""single"",""prune_pcm"":true,""return_infobits"":true,""vn_update"":""sum""},""decoder_source_sha256"":""44d84b92b749e2970f94d92cd348a11648e2286b4d851faa0af8b21d08f0da23"",""encoder_source_sha256"":""34d8db6660b2e84708a8fb534f63c194f6f2b964e3693fcffc9dcaf21532ccfd"",""implementation"":""Sionna_5G_LDPC"",""power_protocol"":""fixed_constellation_average_Es2"",""precision"":""float32"",""rate_matching"":""Sionna RV0; filler removal, first2Z and tail puncturing; supported n only"",""scrambling"":""public_PCG64_SHA256_protocol_session_frame_group_counter_after_rate_matching_v1"",""torch"":""2.11.0+cu128"",""version"":""2.2.0""},""interleaver_sha256"":""a8560e55bd284a1c9b91392f7fd6f874814cfdb671aa10659d7d17dc8dca68fc"",""k"":5236,""k_filler"":44,""k_ldpc"":5280,""layout_id"":""57335bc83574b5aca5da32655e12cddaea03520ab3268aa2cc18e9a3b61c8a09"",""modulation_padding_bits"":0,""mother_bits"":16320,""n"":6284,""n_cb"":15840,""n_cb_comp"":15796,""power_protocol"":""fixed_constellation_average_Es2"",""puncturing_bits"":9992,""puncturing_first_2Z"":480,""puncturing_remaining"":9512,""repetition_bits"":0,""scrambling"":""public_PCG64_SHA256_protocol_session_frame_group_counter_after_rate_matching_v1"",""shortening_bits"":44,""z"":240}",[2048]
QPSK,1/2,QPSK:r1/2,bbe25e1c305322626dce177df6120b772f32670f94f8566166b9de4b703e8104,660,16,0,676,720,44,3744,1566,783,0,0.43167305236270753,0.421455938697318,"{""actual_effective_rate"":0.43167305236270753,""bg"":""bg2"",""bit_mapping"":""component_Gray_00_-3_01_-1_10_3_11_1_over_sqrt5;QPSK_0_plus1_1_minus1"",""code_blocks"":1,""decoder_config"":{""cn_schedule"":""flooding"",""cn_update"":""boxplus-phi"",""early_stop"":false,""hard_out"":true,""harq_mode"":false,""llr_max"":20.0,""num_iter"":20,""precision"":""single"",""prune_pcm"":true,""return_infobits"":true,""vn_update"":""sum""},""implementation"":{""bit_mapping"":""component_Gray_00_-3_01_-1_10_3_11_1_over_sqrt5;QPSK_0_plus1_1_minus1"",""cuda"":""12.8"",""decoder"":{""cn_schedule"":""flooding"",""cn_update"":""boxplus-phi"",""early_stop"":false,""hard_out"":true,""harq_mode"":false,""llr_max"":20.0,""num_iter"":20,""precision"":""single"",""prune_pcm"":true,""return_infobits"":true,""vn_update"":""sum""},""decoder_source_sha256"":""44d84b92b749e2970f94d92cd348a11648e2286b4d851faa0af8b21d08f0da23"",""encoder_source_sha256"":""34d8db6660b2e84708a8fb534f63c194f6f2b964e3693fcffc9dcaf21532ccfd"",""implementation"":""Sionna_5G_LDPC"",""power_protocol"":""fixed_constellation_average_Es2"",""precision"":""float32"",""rate_matching"":""Sionna RV0; filler removal, first2Z and tail puncturing; supported n only"",""scrambling"":""public_PCG64_SHA256_protocol_session_frame_group_counter_after_rate_matching_v1"",""torch"":""2.11.0+cu128"",""version"":""2.2.0""},""interleaver_sha256"":""f09f49d632deeed8881ebb5ecd3e004a5b87bba334378316a2141aba4ffc603c"",""k"":676,""k_filler"":44,""k_ldpc"":720,""layout_id"":""025fa22b7f7833463a59cb99e2873f3b9645010f7df3fbb0f8855d5c64a6554e"",""modulation_padding_bits"":0,""mother_bits"":3744,""n"":1566,""n_cb"":3600,""n_cb_comp"":3556,""power_protocol"":""fixed_constellation_average_Es2"",""puncturing_bits"":2134,""puncturing_first_2Z"":144,""puncturing_remaining"":1990,""repetition_bits"":0,""scrambling"":""public_PCG64_SHA256_protocol_session_frame_group_counter_after_rate_matching_v1"",""shortening_bits"":44,""z"":72}",[1024]
QPSK,2/3,QPSK:r2/3,bbf18b9c2b023e1ad65de893cf296577eb1618364b4f5fcd607f82362eb70d0c,768,16,0,784,800,16,4160,2038,1019,0,0.38469087340529934,0.37684003925417076,"{""actual_effective_rate"":0.38469087340529934,""bg"":""bg2"",""bit_mapping"":""component_Gray_00_-3_01_-1_10_3_11_1_over_sqrt5;QPSK_0_plus1_1_minus1"",""code_blocks"":1,""decoder_config"":{""cn_schedule"":""flooding"",""cn_update"":""boxplus-phi"",""early_stop"":false,""hard_out"":true,""harq_mode"":false,""llr_max"":20.0,""num_iter"":20,""precision"":""single"",""prune_pcm"":true,""return_infobits"":true,""vn_update"":""sum""},""implementation"":{""bit_mapping"":""component_Gray_00_-3_01_-1_10_3_11_1_over_sqrt5;QPSK_0_plus1_1_minus1"",""cuda"":""12.8"",""decoder"":{""cn_schedule"":""flooding"",""cn_update"":""boxplus-phi"",""early_stop"":false,""hard_out"":true,""harq_mode"":false,""llr_max"":20.0,""num_iter"":20,""precision"":""single"",""prune_pcm"":true,""return_infobits"":true,""vn_update"":""sum""},""decoder_source_sha256"":""44d84b92b749e2970f94d92cd348a11648e2286b4d851faa0af8b21d08f0da23"",""encoder_source_sha256"":""34d8db6660b2e84708a8fb534f63c194f6f2b964e3693fcffc9dcaf21532ccfd"",""implementation"":""Sionna_5G_LDPC"",""power_protocol"":""fixed_constellation_average_Es2"",""precision"":""float32"",""rate_matching"":""Sionna RV0; filler removal, first2Z and tail puncturing; supported n only"",""scrambling"":""public_PCG64_SHA256_protocol_session_frame_group_counter_after_rate_matching_v1"",""torch"":""2.11.0+cu128"",""version"":""2.2.0""},""interleaver_sha256"":""54270fd274d0c0997e6f956bd7a413ee11b0b895ba7279f5bcf5c2e31af61994"",""k"":784,""k_filler"":16,""k_ldpc"":800,""layout_id"":""67a9c390849b9421c457f09741c08505842722cf38df769a589257a29d428bd5"",""modulation_padding_bits"":0,""mother_bits"":4160,""n"":2038,""n_cb"":4000,""n_cb_comp"":3984,""power_protocol"":""fixed_constellation_average_Es2"",""puncturing_bits"":2106,""puncturing_first_2Z"":160,""puncturing_remaining"":1946,""repetition_bits"":0,""scrambling"":""public_PCG64_SHA256_protocol_session_frame_group_counter_after_rate_matching_v1"",""shortening_bits"":16,""z"":80}",[2048]
16QAM,3/4,16QAM:r3/4,bbfc3a8b16281312d5cf8412c103ba7ddb6d04b48a736bcc8a345aecfef275cf,1860,16,0,1876,1920,44,9984,2952,738,0,0.6355013550135501,0.6300813008130082,"{""actual_effective_rate"":0.6355013550135501,""bg"":""bg2"",""bit_mapping"":""component_Gray_00_-3_01_-1_10_3_11_1_over_sqrt5;QPSK_0_plus1_1_minus1"",""code_blocks"":1,""decoder_config"":{""cn_schedule"":""flooding"",""cn_update"":""boxplus-phi"",""early_stop"":false,""hard_out"":true,""harq_mode"":false,""llr_max"":20.0,""num_iter"":20,""precision"":""single"",""prune_pcm"":true,""return_infobits"":true,""vn_update"":""sum""},""implementation"":{""bit_mapping"":""component_Gray_00_-3_01_-1_10_3_11_1_over_sqrt5;QPSK_0_plus1_1_minus1"",""cuda"":""12.8"",""decoder"":{""cn_schedule"":""flooding"",""cn_update"":""boxplus-phi"",""early_stop"":false,""hard_out"":true,""harq_mode"":false,""llr_max"":20.0,""num_iter"":20,""precision"":""single"",""prune_pcm"":true,""return_infobits"":true,""vn_update"":""sum""},""decoder_source_sha256"":""44d84b92b749e2970f94d92cd348a11648e2286b4d851faa0af8b21d08f0da23"",""encoder_source_sha256"":""34d8db6660b2e84708a8fb534f63c194f6f2b964e3693fcffc9dcaf21532ccfd"",""implementation"":""Sionna_5G_LDPC"",""power_protocol"":""fixed_constellation_average_Es2"",""precision"":""float32"",""rate_matching"":""Sionna RV0; filler removal, first2Z and tail puncturing; supported n only"",""scrambling"":""public_PCG64_SHA256_protocol_session_frame_group_counter_after_rate_matching_v1"",""torch"":""2.11.0+cu128"",""version"":""2.2.0""},""interleaver_sha256"":""f0a47345020f2d473447c9c76a8811b763c36f3860de585f3a16d1ec7bb62153"",""k"":1876,""k_filler"":44,""k_ldpc"":1920,""layout_id"":""4b39f6880f5ac05a539c38c8f9924c9fce2457c05ccf43bc0f7475097320fd4a"",""modulation_padding_bits"":0,""mother_bits"":9984,""n"":2952,""n_cb"":9600,""n_cb_comp"":9556,""power_protocol"":""fixed_constellation_average_Es2"",""puncturing_bits"":6988,""puncturing_first_2Z"":384,""puncturing_remaining"":6604,""repetition_bits"":0,""scrambling"":""public_PCG64_SHA256_protocol_session_frame_group_counter_after_rate_matching_v1"",""shortening_bits"":44,""z"":192}",[1024]
QPSK,5/6,QPSK:r5/6,bc1ff824a4ec8237ca445fdbb2334adbc84cc7e43a13c9b3cef7922738e7835f,360,16,0,376,396,20,1224,520,260,0,0.7230769230769231,0.6923076923076923,"{""actual_effective_rate"":0.7230769230769231,""bg"":""bg1"",""bit_mapping"":""component_Gray_00_-3_01_-1_10_3_11_1_over_sqrt5;QPSK_0_plus1_1_minus1"",""code_blocks"":1,""decoder_config"":{""cn_schedule"":""flooding"",""cn_update"":""boxplus-phi"",""early_stop"":false,""hard_out"":true,""harq_mode"":false,""llr_max"":20.0,""num_iter"":20,""precision"":""single"",""prune_pcm"":true,""return_infobits"":true,""vn_update"":""sum""},""implementation"":{""bit_mapping"":""component_Gray_00_-3_01_-1_10_3_11_1_over_sqrt5;QPSK_0_plus1_1_minus1"",""cuda"":""12.8"",""decoder"":{""cn_schedule"":""flooding"",""cn_update"":""boxplus-phi"",""early_stop"":false,""hard_out"":true,""harq_mode"":false,""llr_max"":20.0,""num_iter"":20,""precision"":""single"",""prune_pcm"":true,""return_infobits"":true,""vn_update"":""sum""},""decoder_source_sha256"":""44d84b92b749e2970f94d92cd348a11648e2286b4d851faa0af8b21d08f0da23"",""encoder_source_sha256"":""34d8db6660b2e84708a8fb534f63c194f6f2b964e3693fcffc9dcaf21532ccfd"",""implementation"":""Sionna_5G_LDPC"",""power_protocol"":""fixed_constellation_average_Es2"",""precision"":""float32"",""rate_matching"":""Sionna RV0; filler removal, first2Z and tail puncturing; supported n only"",""scrambling"":""public_PCG64_SHA256_protocol_session_frame_group_counter_after_rate_matching_v1"",""torch"":""2.11.0+cu128"",""version"":""2.2.0""},""interleaver_sha256"":""c501f0803bbaa5ba5f3208bf8b900af6e6d6e0ef49b430cffd31027ef5fc27f7"",""k"":376,""k_filler"":20,""k_ldpc"":396,""layout_id"":""a19cff58993a25da51ca543b7244d016788fe828366c1369f18686741daec44b"",""modulation_padding_bits"":0,""mother_bits"":1224,""n"":520,""n_cb"":1188,""n_cb_comp"":1168,""power_protocol"":""fixed_constellation_average_Es2"",""puncturing_bits"":684,""puncturing_first_2Z"":36,""puncturing_remaining"":648,""repetition_bits"":0,""scrambling"":""public_PCG64_SHA256_protocol_session_frame_group_counter_after_rate_matching_v1"",""shortening_bits"":20,""z"":18}",[1024]
QPSK,1/3,QPSK:r1/3,bc20ebc710d4b7771422b55575432b9ab7b3ab6801332120974d6d6ac540697c,1092,16,0,1108,1120,12,5824,3800,1900,0,0.29157894736842105,0.2873684210526316,"{""actual_effective_rate"":0.29157894736842105,""bg"":""bg2"",""bit_mapping"":""component_Gray_00_-3_01_-1_10_3_11_1_over_sqrt5;QPSK_0_plus1_1_minus1"",""code_blocks"":1,""decoder_config"":{""cn_schedule"":""flooding"",""cn_update"":""boxplus-phi"",""early_stop"":false,""hard_out"":true,""harq_mode"":false,""llr_max"":20.0,""num_iter"":20,""precision"":""single"",""prune_pcm"":true,""return_infobits"":true,""vn_update"":""sum""},""implementation"":{""bit_mapping"":""component_Gray_00_-3_01_-1_10_3_11_1_over_sqrt5;QPSK_0_plus1_1_minus1"",""cuda"":""12.8"",""decoder"":{""cn_schedule"":""flooding"",""cn_update"":""boxplus-phi"",""early_stop"":false,""hard_out"":true,""harq_mode"":false,""llr_max"":20.0,""num_iter"":20,""precision"":""single"",""prune_pcm"":true,""return_infobits"":true,""vn_update"":""sum""},""decoder_source_sha256"":""44d84b92b749e2970f94d92cd348a11648e2286b4d851faa0af8b21d08f0da23"",""encoder_source_sha256"":""34d8db6660b2e84708a8fb534f63c194f6f2b964e3693fcffc9dcaf21532ccfd"",""implementation"":""Sionna_5G_LDPC"",""power_protocol"":""fixed_constellation_average_Es2"",""precision"":""float32"",""rate_matching"":""Sionna RV0; filler removal, first2Z and tail puncturing; supported n only"",""scrambling"":""public_PCG64_SHA256_protocol_session_frame_group_counter_after_rate_matching_v1"",""torch"":""2.11.0+cu128"",""version"":""2.2.0""},""interleaver_sha256"":""c95b8a475225f93b68798deb21a717a668979ec1991bdb68100013c9b5b8ac1c"",""k"":1108,""k_filler"":12,""k_ldpc"":1120,""layout_id"":""8c073268799034cf7183577a551c7b7df4844fcc083812db26db46c725eee145"",""modulation_padding_bits"":0,""mother_bits"":5824,""n"":3800,""n_cb"":5600,""n_cb_comp"":5588,""power_protocol"":""fixed_constellation_average_Es2"",""puncturing_bits"":2012,""puncturing_first_2Z"":224,""puncturing_remaining"":1788,""repetition_bits"":0,""scrambling"":""public_PCG64_SHA256_protocol_session_frame_group_counter_after_rate_matching_v1"",""shortening_bits"":12,""z"":112}",[2048]
16QAM,1/3,16QAM:r1/3,bc21a7cb213cfe33438a2a563d5b1dce6597b41779d99eb03e3a1d4d08a1e894,1092,16,0,1108,1120,12,5824,4444,1111,0,0.24932493249324933,0.24572457245724572,"{""actual_effective_rate"":0.24932493249324933,""bg"":""bg2"",""bit_mapping"":""component_Gray_00_-3_01_-1_10_3_11_1_over_sqrt5;QPSK_0_plus1_1_minus1"",""code_blocks"":1,""decoder_config"":{""cn_schedule"":""flooding"",""cn_update"":""boxplus-phi"",""early_stop"":false,""hard_out"":true,""harq_mode"":false,""llr_max"":20.0,""num_iter"":20,""precision"":""single"",""prune_pcm"":true,""return_infobits"":true,""vn_update"":""sum""},""implementation"":{""bit_mapping"":""component_Gray_00_-3_01_-1_10_3_11_1_over_sqrt5;QPSK_0_plus1_1_minus1"",""cuda"":""12.8"",""decoder"":{""cn_schedule"":""flooding"",""cn_update"":""boxplus-phi"",""early_stop"":false,""hard_out"":true,""harq_mode"":false,""llr_max"":20.0,""num_iter"":20,""precision"":""single"",""prune_pcm"":true,""return_infobits"":true,""vn_update"":""sum""},""decoder_source_sha256"":""44d84b92b749e2970f94d92cd348a11648e2286b4d851faa0af8b21d08f0da23"",""encoder_source_sha256"":""34d8db6660b2e84708a8fb534f63c194f6f2b964e3693fcffc9dcaf21532ccfd"",""implementation"":""Sionna_5G_LDPC"",""power_protocol"":""fixed_constellation_average_Es2"",""precision"":""float32"",""rate_matching"":""Sionna RV0; filler removal, first2Z and tail puncturing; supported n only"",""scrambling"":""public_PCG64_SHA256_protocol_session_frame_group_counter_after_rate_matching_v1"",""torch"":""2.11.0+cu128"",""version"":""2.2.0""},""interleaver_sha256"":""ec277d5bddc3ee1fc505c06ef03b7a66e8df08cf53f2c6182d3f3d28103cb165"",""k"":1108,""k_filler"":12,""k_ldpc"":1120,""layout_id"":""3d09acb91136296296819d5891f10293b8be335f16a173f2fb3d3c3e226bdc47"",""modulation_padding_bits"":0,""mother_bits"":5824,""n"":4444,""n_cb"":5600,""n_cb_comp"":5588,""power_protocol"":""fixed_constellation_average_Es2"",""puncturing_bits"":1368,""puncturing_first_2Z"":224,""puncturing_remaining"":1144,""repetition_bits"":0,""scrambling"":""public_PCG64_SHA256_protocol_session_frame_group_counter_after_rate_matching_v1"",""shortening_bits"":12,""z"":112}",[2048]
QPSK,3/4,QPSK:r3/4,bc2e00d6204f31678c8b54987fd964f7f642a36fc596d6defd2b1bb8f8bc6bd0,216,16,0,232,300,68,1560,558,279,0,0.4157706093189964,0.3870967741935484,"{""actual_effective_rate"":0.4157706093189964,""bg"":""bg2"",""bit_mapping"":""component_Gray_00_-3_01_-1_10_3_11_1_over_sqrt5;QPSK_0_plus1_1_minus1"",""code_blocks"":1,""decoder_config"":{""cn_schedule"":""flooding"",""cn_update"":""boxplus-phi"",""early_stop"":false,""hard_out"":true,""harq_mode"":false,""llr_max"":20.0,""num_iter"":20,""precision"":""single"",""prune_pcm"":true,""return_infobits"":true,""vn_update"":""sum""},""implementation"":{""bit_mapping"":""component_Gray_00_-3_01_-1_10_3_11_1_over_sqrt5;QPSK_0_plus1_1_minus1"",""cuda"":""12.8"",""decoder"":{""cn_schedule"":""flooding"",""cn_update"":""boxplus-phi"",""early_stop"":false,""hard_out"":true,""harq_mode"":false,""llr_max"":20.0,""num_iter"":20,""precision"":""single"",""prune_pcm"":true,""return_infobits"":true,""vn_update"":""sum""},""decoder_source_sha256"":""44d84b92b749e2970f94d92cd348a11648e2286b4d851faa0af8b21d08f0da23"",""encoder_source_sha256"":""34d8db6660b2e84708a8fb534f63c194f6f2b964e3693fcffc9dcaf21532ccfd"",""implementation"":""Sionna_5G_LDPC"",""power_protocol"":""fixed_constellation_average_Es2"",""precision"":""float32"",""rate_matching"":""Sionna RV0; filler removal, first2Z and tail puncturing; supported n only"",""scrambling"":""public_PCG64_SHA256_protocol_session_frame_group_counter_after_rate_matching_v1"",""torch"":""2.11.0+cu128"",""version"":""2.2.0""},""interleaver_sha256"":""6dc3ad73ae0aff519fd5db4e66daf4ad7797f2d70ddfec2cee9a3eb3925b6b68"",""k"":232,""k_filler"":68,""k_ldpc"":300,""layout_id"":""43e541ee1077aa4a78b77949d8bc9bea9f770d4af4aed791505792dcfb0f82cf"",""modulation_padding_bits"":0,""mother_bits"":1560,""n"":558,""n_cb"":1500,""n_cb_comp"":1432,""power_protocol"":""fixed_constellation_average_Es2"",""puncturing_bits"":934,""puncturing_first_2Z"":60,""puncturing_remaining"":874,""repetition_bits"":0,""scrambling"":""public_PCG64_SHA256_protocol_session_frame_group_counter_after_rate_matching_v1"",""shortening_bits"":68,""z"":30}",[1024]
16QAM,5/6,16QAM:r5/6,bc46bfcd244b211d201b0b8d03cccbd47496650ade0cbe70e7cdfa5cd2254ebd,216,16,0,232,300,68,1560,832,208,0,0.27884615384615385,0.25961538461538464,"{""actual_effective_rate"":0.27884615384615385,""bg"":""bg2"",""bit_mapping"":""component_Gray_00_-3_01_-1_10_3_11_1_over_sqrt5;QPSK_0_plus1_1_minus1"",""code_blocks"":1,""decoder_config"":{""cn_schedule"":""flooding"",""cn_update"":""boxplus-phi"",""early_stop"":false,""hard_out"":true,""harq_mode"":false,""llr_max"":20.0,""num_iter"":20,""precision"":""single"",""prune_pcm"":true,""return_infobits"":true,""vn_update"":""sum""},""implementation"":{""bit_mapping"":""component_Gray_00_-3_01_-1_10_3_11_1_over_sqrt5;QPSK_0_plus1_1_minus1"",""cuda"":""12.8"",""decoder"":{""cn_schedule"":""flooding"",""cn_update"":""boxplus-phi"",""early_stop"":false,""hard_out"":true,""harq_mode"":false,""llr_max"":20.0,""num_iter"":20,""precision"":""single"",""prune_pcm"":true,""return_infobits"":true,""vn_update"":""sum""},""decoder_source_sha256"":""44d84b92b749e2970f94d92cd348a11648e2286b4d851faa0af8b21d08f0da23"",""encoder_source_sha256"":""34d8db6660b2e84708a8fb534f63c194f6f2b964e3693fcffc9dcaf21532ccfd"",""implementation"":""Sionna_5G_LDPC"",""power_protocol"":""fixed_constellation_average_Es2"",""precision"":""float32"",""rate_matching"":""Sionna RV0; filler removal, first2Z and tail puncturing; supported n only"",""scrambling"":""public_PCG64_SHA256_protocol_session_frame_group_counter_after_rate_matching_v1"",""torch"":""2.11.0+cu128"",""version"":""2.2.0""},""interleaver_sha256"":""92b4332a5142c77de98a26f72569c0dbdfc3234b8a7b2c4f40bbb389fb11131a"",""k"":232,""k_filler"":68,""k_ldpc"":300,""layout_id"":""cee33e486d941bae10fb215e842fdd7b1b672eaf77d4c910c52ca09142f10c5d"",""modulation_padding_bits"":0,""mother_bits"":1560,""n"":832,""n_cb"":1500,""n_cb_comp"":1432,""power_protocol"":""fixed_constellation_average_Es2"",""puncturing_bits"":660,""puncturing_first_2Z"":60,""puncturing_remaining"":600,""repetition_bits"":0,""scrambling"":""public_PCG64_SHA256_protocol_session_frame_group_counter_after_rate_matching_v1"",""shortening_bits"":68,""z"":30}",[1024]
QPSK,1/2,QPSK:r1/2,bc518ae56f6383b6f39df92d433a2cac796c63f2f5d2636050c9fc76403a5216,732,16,0,748,800,52,4160,1496,748,0,0.5,0.4893048128342246,"{""actual_effective_rate"":0.5,""bg"":""bg2"",""bit_mapping"":""component_Gray_00_-3_01_-1_10_3_11_1_over_sqrt5;QPSK_0_plus1_1_minus1"",""code_blocks"":1,""decoder_config"":{""cn_schedule"":""flooding"",""cn_update"":""boxplus-phi"",""early_stop"":false,""hard_out"":true,""harq_mode"":false,""llr_max"":20.0,""num_iter"":20,""precision"":""single"",""prune_pcm"":true,""return_infobits"":true,""vn_update"":""sum""},""implementation"":{""bit_mapping"":""component_Gray_00_-3_01_-1_10_3_11_1_over_sqrt5;QPSK_0_plus1_1_minus1"",""cuda"":""12.8"",""decoder"":{""cn_schedule"":""flooding"",""cn_update"":""boxplus-phi"",""early_stop"":false,""hard_out"":true,""harq_mode"":false,""llr_max"":20.0,""num_iter"":20,""precision"":""single"",""prune_pcm"":true,""return_infobits"":true,""vn_update"":""sum""},""decoder_source_sha256"":""44d84b92b749e2970f94d92cd348a11648e2286b4d851faa0af8b21d08f0da23"",""encoder_source_sha256"":""34d8db6660b2e84708a8fb534f63c194f6f2b964e3693fcffc9dcaf21532ccfd"",""implementation"":""Sionna_5G_LDPC"",""power_protocol"":""fixed_constellation_average_Es2"",""precision"":""float32"",""rate_matching"":""Sionna RV0; filler removal, first2Z and tail puncturing; supported n only"",""scrambling"":""public_PCG64_SHA256_protocol_session_frame_group_counter_after_rate_matching_v1"",""torch"":""2.11.0+cu128"",""version"":""2.2.0""},""interleaver_sha256"":""22477c2fa9d453e87225f4a7709c9aa2cab5428abcc0706b110a0eebd85ed3f2"",""k"":748,""k_filler"":52,""k_ldpc"":800,""layout_id"":""3848c1bff07b0581d058c523b677698f1c000d13f0611b64583e78a339fdb86c"",""modulation_padding_bits"":0,""mother_bits"":4160,""n"":1496,""n_cb"":4000,""n_cb_comp"":3948,""power_protocol"":""fixed_constellation_average_Es2"",""puncturing_bits"":2612,""puncturing_first_2Z"":160,""puncturing_remaining"":2452,""repetition_bits"":0,""scrambling"":""public_PCG64_SHA256_protocol_session_frame_group_counter_after_rate_matching_v1"",""shortening_bits"":52,""z"":80}","[1024,2048]"
16QAM,1/2,16QAM:r1/2,bc588e6138e7df07e4f76ee9b8019d52d8a16bac8932087de72760309b95753a,1068,16,0,1084,1120,36,5824,2272,568,0,0.477112676056338,0.47007042253521125,"{""actual_effective_rate"":0.477112676056338,""bg"":""bg2"",""bit_mapping"":""component_Gray_00_-3_01_-1_10_3_11_1_over_sqrt5;QPSK_0_plus1_1_minus1"",""code_blocks"":1,""decoder_config"":{""cn_schedule"":""flooding"",""cn_update"":""boxplus-phi"",""early_stop"":false,""hard_out"":true,""harq_mode"":false,""llr_max"":20.0,""num_iter"":20,""precision"":""single"",""prune_pcm"":true,""return_infobits"":true,""vn_update"":""sum""},""implementation"":{""bit_mapping"":""component_Gray_00_-3_01_-1_10_3_11_1_over_sqrt5;QPSK_0_plus1_1_minus1"",""cuda"":""12.8"",""decoder"":{""cn_schedule"":""flooding"",""cn_update"":""boxplus-phi"",""early_stop"":false,""hard_out"":true,""harq_mode"":false,""llr_max"":20.0,""num_iter"":20,""precision"":""single"",""prune_pcm"":true,""return_infobits"":true,""vn_update"":""sum""},""decoder_source_sha256"":""44d84b92b749e2970f94d92cd348a11648e2286b4d851faa0af8b21d08f0da23"",""encoder_source_sha256"":""34d8db6660b2e84708a8fb534f63c194f6f2b964e3693fcffc9dcaf21532ccfd"",""implementation"":""Sionna_5G_LDPC"",""power_protocol"":""fixed_constellation_average_Es2"",""precision"":""float32"",""rate_matching"":""Sionna RV0; filler removal, first2Z and tail puncturing; supported n only"",""scrambling"":""public_PCG64_SHA256_protocol_session_frame_group_counter_after_rate_matching_v1"",""torch"":""2.11.0+cu128"",""version"":""2.2.0""},""interleaver_sha256"":""d9d070feded21da6b741c58e3c50fe768db22d1bfea406173b2f4cb1d2791f25"",""k"":1084,""k_filler"":36,""k_ldpc"":1120,""layout_id"":""1dd1298bb5f440c686341cea035e0d56cb02cf70b0b7041cdfd2f92c72b249b6"",""modulation_padding_bits"":0,""mother_bits"":5824,""n"":2272,""n_cb"":5600,""n_cb_comp"":5564,""power_protocol"":""fixed_constellation_average_Es2"",""puncturing_bits"":3516,""puncturing_first_2Z"":224,""puncturing_remaining"":3292,""repetition_bits"":0,""scrambling"":""public_PCG64_SHA256_protocol_session_frame_group_counter_after_rate_matching_v1"",""shortening_bits"":36,""z"":112}",[1024]
QPSK,2/3,QPSK:r2/3,bc68d9f55542dcfab0db971946ca9091a49cbedab3be689d09770cb92ff060c3,1092,16,0,1108,1120,12,5824,1982,991,0,0.5590312815338042,0.5509586276488395,"{""actual_effective_rate"":0.5590312815338042,""bg"":""bg2"",""bit_mapping"":""component_Gray_00_-3_01_-1_10_3_11_1_over_sqrt5;QPSK_0_plus1_1_minus1"",""code_blocks"":1,""decoder_config"":{""cn_schedule"":""flooding"",""cn_update"":""boxplus-phi"",""early_stop"":false,""hard_out"":true,""harq_mode"":false,""llr_max"":20.0,""num_iter"":20,""precision"":""single"",""prune_pcm"":true,""return_infobits"":true,""vn_update"":""sum""},""implementation"":{""bit_mapping"":""component_Gray_00_-3_01_-1_10_3_11_1_over_sqrt5;QPSK_0_plus1_1_minus1"",""cuda"":""12.8"",""decoder"":{""cn_schedule"":""flooding"",""cn_update"":""boxplus-phi"",""early_stop"":false,""hard_out"":true,""harq_mode"":false,""llr_max"":20.0,""num_iter"":20,""precision"":""single"",""prune_pcm"":true,""return_infobits"":true,""vn_update"":""sum""},""decoder_source_sha256"":""44d84b92b749e2970f94d92cd348a11648e2286b4d851faa0af8b21d08f0da23"",""encoder_source_sha256"":""34d8db6660b2e84708a8fb534f63c194f6f2b964e3693fcffc9dcaf21532ccfd"",""implementation"":""Sionna_5G_LDPC"",""power_protocol"":""fixed_constellation_average_Es2"",""precision"":""float32"",""rate_matching"":""Sionna RV0; filler removal, first2Z and tail puncturing; supported n only"",""scrambling"":""public_PCG64_SHA256_protocol_session_frame_group_counter_after_rate_matching_v1"",""torch"":""2.11.0+cu128"",""version"":""2.2.0""},""interleaver_sha256"":""0d3e2661972eae301512e17cb8c8cb0be255484da382838cc56e0e076673313b"",""k"":1108,""k_filler"":12,""k_ldpc"":1120,""layout_id"":""6a913974fbb0445297d86f12c6450018cbb57ca823ca5debcd16f4da918ec200"",""modulation_padding_bits"":0,""mother_bits"":5824,""n"":1982,""n_cb"":5600,""n_cb_comp"":5588,""power_protocol"":""fixed_constellation_average_Es2"",""puncturing_bits"":3830,""puncturing_first_2Z"":224,""puncturing_remaining"":3606,""repetition_bits"":0,""scrambling"":""public_PCG64_SHA256_protocol_session_frame_group_counter_after_rate_matching_v1"",""shortening_bits"":12,""z"":112}",[2048]
QPSK,3/4,QPSK:r3/4,bc6af9eb8f52eb33ec1556d837e9ceb4a209c4063076315903a30782ec7c8a32,660,16,0,676,704,28,2176,986,493,0,0.6855983772819473,0.6693711967545639,"{""actual_effective_rate"":0.6855983772819473,""bg"":""bg1"",""bit_mapping"":""component_Gray_00_-3_01_-1_10_3_11_1_over_sqrt5;QPSK_0_plus1_1_minus1"",""code_blocks"":1,""decoder_config"":{""cn_schedule"":""flooding"",""cn_update"":""boxplus-phi"",""early_stop"":false,""hard_out"":true,""harq_mode"":false,""llr_max"":20.0,""num_iter"":20,""precision"":""single"",""prune_pcm"":true,""return_infobits"":true,""vn_update"":""sum""},""implementation"":{""bit_mapping"":""component_Gray_00_-3_01_-1_10_3_11_1_over_sqrt5;QPSK_0_plus1_1_minus1"",""cuda"":""12.8"",""decoder"":{""cn_schedule"":""flooding"",""cn_update"":""boxplus-phi"",""early_stop"":false,""hard_out"":true,""harq_mode"":false,""llr_max"":20.0,""num_iter"":20,""precision"":""single"",""prune_pcm"":true,""return_infobits"":true,""vn_update"":""sum""},""decoder_source_sha256"":""44d84b92b749e2970f94d92cd348a11648e2286b4d851faa0af8b21d08f0da23"",""encoder_source_sha256"":""34d8db6660b2e84708a8fb534f63c194f6f2b964e3693fcffc9dcaf21532ccfd"",""implementation"":""Sionna_5G_LDPC"",""power_protocol"":""fixed_constellation_average_Es2"",""precision"":""float32"",""rate_matching"":""Sionna RV0; filler removal, first2Z and tail puncturing; supported n only"",""scrambling"":""public_PCG64_SHA256_protocol_session_frame_group_counter_after_rate_matching_v1"",""torch"":""2.11.0+cu128"",""version"":""2.2.0""},""interleaver_sha256"":""a2fbfb1b3a18804161d541ba22cbc6ebbb07819b32cad886f5794ffb29066a23"",""k"":676,""k_filler"":28,""k_ldpc"":704,""layout_id"":""952a149e9855fb9e1cf64d3e5f48e66271436ea4cd2258fa889421124c5c1a45"",""modulation_padding_bits"":0,""mother_bits"":2176,""n"":986,""n_cb"":2112,""n_cb_comp"":2084,""power_protocol"":""fixed_constellation_average_Es2"",""puncturing_bits"":1162,""puncturing_first_2Z"":64,""puncturing_remaining"":1098,""repetition_bits"":0,""scrambling"":""public_PCG64_SHA256_protocol_session_frame_group_counter_after_rate_matching_v1"",""shortening_bits"":28,""z"":32}",[2048]
16QAM,2/3,16QAM:r2/3,bc81f9a486bae4fa493d21e061165fc9be9ac1858bf3029a0a4c82b371df80b9,624,16,0,640,720,80,3744,1584,396,0,0.40404040404040403,0.3939393939393939,"{""actual_effective_rate"":0.40404040404040403,""bg"":""bg2"",""bit_mapping"":""component_Gray_00_-3_01_-1_10_3_11_1_over_sqrt5;QPSK_0_plus1_1_minus1"",""code_blocks"":1,""decoder_config"":{""cn_schedule"":""flooding"",""cn_update"":""boxplus-phi"",""early_stop"":false,""hard_out"":true,""harq_mode"":false,""llr_max"":20.0,""num_iter"":20,""precision"":""single"",""prune_pcm"":true,""return_infobits"":true,""vn_update"":""sum""},""implementation"":{""bit_mapping"":""component_Gray_00_-3_01_-1_10_3_11_1_over_sqrt5;QPSK_0_plus1_1_minus1"",""cuda"":""12.8"",""decoder"":{""cn_schedule"":""flooding"",""cn_update"":""boxplus-phi"",""early_stop"":false,""hard_out"":true,""harq_mode"":false,""llr_max"":20.0,""num_iter"":20,""precision"":""single"",""prune_pcm"":true,""return_infobits"":true,""vn_update"":""sum""},""decoder_source_sha256"":""44d84b92b749e2970f94d92cd348a11648e2286b4d851faa0af8b21d08f0da23"",""encoder_source_sha256"":""34d8db6660b2e84708a8fb534f63c194f6f2b964e3693fcffc9dcaf21532ccfd"",""implementation"":""Sionna_5G_LDPC"",""power_protocol"":""fixed_constellation_average_Es2"",""precision"":""float32"",""rate_matching"":""Sionna RV0; filler removal, first2Z and tail puncturing; supported n only"",""scrambling"":""public_PCG64_SHA256_protocol_session_frame_group_counter_after_rate_matching_v1"",""torch"":""2.11.0+cu128"",""version"":""2.2.0""},""interleaver_sha256"":""2454fd59840f4507556f3572936dc810510ae0a9fbdd3f0f7bf54f871e828d98"",""k"":640,""k_filler"":80,""k_ldpc"":720,""layout_id"":""a5c4a5e0105459c54840e1be1a268edd770fe3ca98b96aa3e491ad07574eb55b"",""modulation_padding_bits"":0,""mother_bits"":3744,""n"":1584,""n_cb"":3600,""n_cb_comp"":3520,""power_protocol"":""fixed_constellation_average_Es2"",""puncturing_bits"":2080,""puncturing_first_2Z"":144,""puncturing_remaining"":1936,""repetition_bits"":0,""scrambling"":""public_PCG64_SHA256_protocol_session_frame_group_counter_after_rate_matching_v1"",""shortening_bits"":80,""z"":72}",[1024]
16QAM,5/6,16QAM:r5/6,bc844d6fa2428a1aaddc4dbac13755f490078379cb2a8d861092cfa79bfddffa,660,16,0,676,720,44,3744,1240,310,0,0.5451612903225806,0.532258064516129,"{""actual_effective_rate"":0.5451612903225806,""bg"":""bg2"",""bit_mapping"":""component_Gray_00_-3_01_-1_10_3_11_1_over_sqrt5;QPSK_0_plus1_1_minus1"",""code_blocks"":1,""decoder_config"":{""cn_schedule"":""flooding"",""cn_update"":""boxplus-phi"",""early_stop"":false,""hard_out"":true,""harq_mode"":false,""llr_max"":20.0,""num_iter"":20,""precision"":""single"",""prune_pcm"":true,""return_infobits"":true,""vn_update"":""sum""},""implementation"":{""bit_mapping"":""component_Gray_00_-3_01_-1_10_3_11_1_over_sqrt5;QPSK_0_plus1_1_minus1"",""cuda"":""12.8"",""decoder"":{""cn_schedule"":""flooding"",""cn_update"":""boxplus-phi"",""early_stop"":false,""hard_out"":true,""harq_mode"":false,""llr_max"":20.0,""num_iter"":20,""precision"":""single"",""prune_pcm"":true,""return_infobits"":true,""vn_update"":""sum""},""decoder_source_sha256"":""44d84b92b749e2970f94d92cd348a11648e2286b4d851faa0af8b21d08f0da23"",""encoder_source_sha256"":""34d8db6660b2e84708a8fb534f63c194f6f2b964e3693fcffc9dcaf21532ccfd"",""implementation"":""Sionna_5G_LDPC"",""power_protocol"":""fixed_constellation_average_Es2"",""precision"":""float32"",""rate_matching"":""Sionna RV0; filler removal, first2Z and tail puncturing; supported n only"",""scrambling"":""public_PCG64_SHA256_protocol_session_frame_group_counter_after_rate_matching_v1"",""torch"":""2.11.0+cu128"",""version"":""2.2.0""},""interleaver_sha256"":""6e690e996802dfd94cb883966f303ab4184ce0eb891b3d1ab263b65825707514"",""k"":676,""k_filler"":44,""k_ldpc"":720,""layout_id"":""32d55ca999c5e718292b44e0ce9b6446ada2868fea655fc5c65841edf74bd864"",""modulation_padding_bits"":0,""mother_bits"":3744,""n"":1240,""n_cb"":3600,""n_cb_comp"":3556,""power_protocol"":""fixed_constellation_average_Es2"",""puncturing_bits"":2460,""puncturing_first_2Z"":144,""puncturing_remaining"":2316,""repetition_bits"":0,""scrambling"":""public_PCG64_SHA256_protocol_session_frame_group_counter_after_rate_matching_v1"",""shortening_bits"":44,""z"":72}",[2048]
QPSK,1/2,QPSK:r1/2,bc861c095ab50b143e9a76bff9c183780174ab8cd1b03901af2aecb3fc006f19,768,16,0,784,800,16,4160,1568,784,0,0.5,0.4897959183673469,"{""actual_effective_rate"":0.5,""bg"":""bg2"",""bit_mapping"":""component_Gray_00_-3_01_-1_10_3_11_1_over_sqrt5;QPSK_0_plus1_1_minus1"",""code_blocks"":1,""decoder_config"":{""cn_schedule"":""flooding"",""cn_update"":""boxplus-phi"",""early_stop"":false,""hard_out"":true,""harq_mode"":false,""llr_max"":20.0,""num_iter"":20,""precision"":""single"",""prune_pcm"":true,""return_infobits"":true,""vn_update"":""sum""},""implementation"":{""bit_mapping"":""component_Gray_00_-3_01_-1_10_3_11_1_over_sqrt5;QPSK_0_plus1_1_minus1"",""cuda"":""12.8"",""decoder"":{""cn_schedule"":""flooding"",""cn_update"":""boxplus-phi"",""early_stop"":false,""hard_out"":true,""harq_mode"":false,""llr_max"":20.0,""num_iter"":20,""precision"":""single"",""prune_pcm"":true,""return_infobits"":true,""vn_update"":""sum""},""decoder_source_sha256"":""44d84b92b749e2970f94d92cd348a11648e2286b4d851faa0af8b21d08f0da23"",""encoder_source_sha256"":""34d8db6660b2e84708a8fb534f63c194f6f2b964e3693fcffc9dcaf21532ccfd"",""implementation"":""Sionna_5G_LDPC"",""power_protocol"":""fixed_constellation_average_Es2"",""precision"":""float32"",""rate_matching"":""Sionna RV0; filler removal, first2Z and tail puncturing; supported n only"",""scrambling"":""public_PCG64_SHA256_protocol_session_frame_group_counter_after_rate_matching_v1"",""torch"":""2.11.0+cu128"",""version"":""2.2.0""},""interleaver_sha256"":""ff6b4334d32c1296b32064890a986378bcf789b1e162885433611193a5f848a2"",""k"":784,""k_filler"":16,""k_ldpc"":800,""layout_id"":""390394cdb40f5b5e48dbe3a96345462edf8fb2a91e672220d27be5cab50b41c3"",""modulation_padding_bits"":0,""mother_bits"":4160,""n"":1568,""n_cb"":4000,""n_cb_comp"":3984,""power_protocol"":""fixed_constellation_average_Es2"",""puncturing_bits"":2576,""puncturing_first_2Z"":160,""puncturing_remaining"":2416,""repetition_bits"":0,""scrambling"":""public_PCG64_SHA256_protocol_session_frame_group_counter_after_rate_matching_v1"",""shortening_bits"":16,""z"":80}","[1024,2048]"
16QAM,1/3,16QAM:r1/3,bc93a37cefbedc55119dc9018cc3c18316633afeea7794b13e52f237a3ec2393,1500,16,0,1516,1600,84,8320,6104,1526,0,0.24836173001310616,0.24574049803407602,"{""actual_effective_rate"":0.24836173001310616,""bg"":""bg2"",""bit_mapping"":""component_Gray_00_-3_01_-1_10_3_11_1_over_sqrt5;QPSK_0_plus1_1_minus1"",""code_blocks"":1,""decoder_config"":{""cn_schedule"":""flooding"",""cn_update"":""boxplus-phi"",""early_stop"":false,""hard_out"":true,""harq_mode"":false,""llr_max"":20.0,""num_iter"":20,""precision"":""single"",""prune_pcm"":true,""return_infobits"":true,""vn_update"":""sum""},""implementation"":{""bit_mapping"":""component_Gray_00_-3_01_-1_10_3_11_1_over_sqrt5;QPSK_0_plus1_1_minus1"",""cuda"":""12.8"",""decoder"":{""cn_schedule"":""flooding"",""cn_update"":""boxplus-phi"",""early_stop"":false,""hard_out"":true,""harq_mode"":false,""llr_max"":20.0,""num_iter"":20,""precision"":""single"",""prune_pcm"":true,""return_infobits"":true,""vn_update"":""sum""},""decoder_source_sha256"":""44d84b92b749e2970f94d92cd348a11648e2286b4d851faa0af8b21d08f0da23"",""encoder_source_sha256"":""34d8db6660b2e84708a8fb534f63c194f6f2b964e3693fcffc9dcaf21532ccfd"",""implementation"":""Sionna_5G_LDPC"",""power_protocol"":""fixed_constellation_average_Es2"",""precision"":""float32"",""rate_matching"":""Sionna RV0; filler removal, first2Z and tail puncturing; supported n only"",""scrambling"":""public_PCG64_SHA256_protocol_session_frame_group_counter_after_rate_matching_v1"",""torch"":""2.11.0+cu128"",""version"":""2.2.0""},""interleaver_sha256"":""182815aca740d8b00482f27605fdd80879845b0586368c183ab6df3836f06d3d"",""k"":1516,""k_filler"":84,""k_ldpc"":1600,""layout_id"":""cc3f2923df75d371898d47db08abd9b1a2b225328e496df5c76a084257bd23fd"",""modulation_padding_bits"":0,""mother_bits"":8320,""n"":6104,""n_cb"":8000,""n_cb_comp"":7916,""power_protocol"":""fixed_constellation_average_Es2"",""puncturing_bits"":2132,""puncturing_first_2Z"":320,""puncturing_remaining"":1812,""repetition_bits"":0,""scrambling"":""public_PCG64_SHA256_protocol_session_frame_group_counter_after_rate_matching_v1"",""shortening_bits"":84,""z"":160}",[2048]
16QAM,2/3,16QAM:r2/3,bc9868f8a1c8d14d748c64e453fc971bc315621073b07dc5154d292fe4e4c789,2904,16,0,2920,3200,280,16640,6680,1670,0,0.437125748502994,0.4347305389221557,"{""actual_effective_rate"":0.437125748502994,""bg"":""bg2"",""bit_mapping"":""component_Gray_00_-3_01_-1_10_3_11_1_over_sqrt5;QPSK_0_plus1_1_minus1"",""code_blocks"":1,""decoder_config"":{""cn_schedule"":""flooding"",""cn_update"":""boxplus-phi"",""early_stop"":false,""hard_out"":true,""harq_mode"":false,""llr_max"":20.0,""num_iter"":20,""precision"":""single"",""prune_pcm"":true,""return_infobits"":true,""vn_update"":""sum""},""implementation"":{""bit_mapping"":""component_Gray_00_-3_01_-1_10_3_11_1_over_sqrt5;QPSK_0_plus1_1_minus1"",""cuda"":""12.8"",""decoder"":{""cn_schedule"":""flooding"",""cn_update"":""boxplus-phi"",""early_stop"":false,""hard_out"":true,""harq_mode"":false,""llr_max"":20.0,""num_iter"":20,""precision"":""single"",""prune_pcm"":true,""return_infobits"":true,""vn_update"":""sum""},""decoder_source_sha256"":""44d84b92b749e2970f94d92cd348a11648e2286b4d851faa0af8b21d08f0da23"",""encoder_source_sha256"":""34d8db6660b2e84708a8fb534f63c194f6f2b964e3693fcffc9dcaf21532ccfd"",""implementation"":""Sionna_5G_LDPC"",""power_protocol"":""fixed_constellation_average_Es2"",""precision"":""float32"",""rate_matching"":""Sionna RV0; filler removal, first2Z and tail puncturing; supported n only"",""scrambling"":""public_PCG64_SHA256_protocol_session_frame_group_counter_after_rate_matching_v1"",""torch"":""2.11.0+cu128"",""version"":""2.2.0""},""interleaver_sha256"":""9d9ee7359cbba5b6cebcda3bc2aa4f089d46b525b4ed8701b66a6dded33bbaef"",""k"":2920,""k_filler"":280,""k_ldpc"":3200,""layout_id"":""9b87c60e2301c0735df80733ba3036f3d0003fba2341714e6e9853b172b578f3"",""modulation_padding_bits"":0,""mother_bits"":16640,""n"":6680,""n_cb"":16000,""n_cb_comp"":15720,""power_protocol"":""fixed_constellation_average_Es2"",""puncturing_bits"":9680,""puncturing_first_2Z"":640,""puncturing_remaining"":9040,""repetition_bits"":0,""scrambling"":""public_PCG64_SHA256_protocol_session_frame_group_counter_after_rate_matching_v1"",""shortening_bits"":280,""z"":320}",[2048]
16QAM,3/4,16QAM:r3/4,bc9f02cc060e4f6beebacb43cfec73e18bd9929da1ca568063545830af1a11df,360,16,0,376,480,104,2496,796,199,0,0.4723618090452261,0.45226130653266333,"{""actual_effective_rate"":0.4723618090452261,""bg"":""bg2"",""bit_mapping"":""component_Gray_00_-3_01_-1_10_3_11_1_over_sqrt5;QPSK_0_plus1_1_minus1"",""code_blocks"":1,""decoder_config"":{""cn_schedule"":""flooding"",""cn_update"":""boxplus-phi"",""early_stop"":false,""hard_out"":true,""harq_mode"":false,""llr_max"":20.0,""num_iter"":20,""precision"":""single"",""prune_pcm"":true,""return_infobits"":true,""vn_update"":""sum""},""implementation"":{""bit_mapping"":""component_Gray_00_-3_01_-1_10_3_11_1_over_sqrt5;QPSK_0_plus1_1_minus1"",""cuda"":""12.8"",""decoder"":{""cn_schedule"":""flooding"",""cn_update"":""boxplus-phi"",""early_stop"":false,""hard_out"":true,""harq_mode"":false,""llr_max"":20.0,""num_iter"":20,""precision"":""single"",""prune_pcm"":true,""return_infobits"":true,""vn_update"":""sum""},""decoder_source_sha256"":""44d84b92b749e2970f94d92cd348a11648e2286b4d851faa0af8b21d08f0da23"",""encoder_source_sha256"":""34d8db6660b2e84708a8fb534f63c194f6f2b964e3693fcffc9dcaf21532ccfd"",""implementation"":""Sionna_5G_LDPC"",""power_protocol"":""fixed_constellation_average_Es2"",""precision"":""float32"",""rate_matching"":""Sionna RV0; filler removal, first2Z and tail puncturing; supported n only"",""scrambling"":""public_PCG64_SHA256_protocol_session_frame_group_counter_after_rate_matching_v1"",""torch"":""2.11.0+cu128"",""version"":""2.2.0""},""interleaver_sha256"":""d138f779bd6979a3290975adcf578cd03545735d061588e86224eb13fbc9f0f4"",""k"":376,""k_filler"":104,""k_ldpc"":480,""layout_id"":""e2dc8313956af54b6d02f74b0323cd78e160b01d05525780f501175fc78af54d"",""modulation_padding_bits"":0,""mother_bits"":2496,""n"":796,""n_cb"":2400,""n_cb_comp"":2296,""power_protocol"":""fixed_constellation_average_Es2"",""puncturing_bits"":1596,""puncturing_first_2Z"":96,""puncturing_remaining"":1500,""repetition_bits"":0,""scrambling"":""public_PCG64_SHA256_protocol_session_frame_group_counter_after_rate_matching_v1"",""shortening_bits"":104,""z"":48}","[1024,2048]"
16QAM,5/6,16QAM:r5/6,bcadbfea40750665af4797be9b4fe299f224ba1f42f0e72699a9794c57b05ffe,816,16,0,832,880,48,4576,1260,315,0,0.6603174603174603,0.6476190476190476,"{""actual_effective_rate"":0.6603174603174603,""bg"":""bg2"",""bit_mapping"":""component_Gray_00_-3_01_-1_10_3_11_1_over_sqrt5;QPSK_0_plus1_1_minus1"",""code_blocks"":1,""decoder_config"":{""cn_schedule"":""flooding"",""cn_update"":""boxplus-phi"",""early_stop"":false,""hard_out"":true,""harq_mode"":false,""llr_max"":20.0,""num_iter"":20,""precision"":""single"",""prune_pcm"":true,""return_infobits"":true,""vn_update"":""sum""},""implementation"":{""bit_mapping"":""component_Gray_00_-3_01_-1_10_3_11_1_over_sqrt5;QPSK_0_plus1_1_minus1"",""cuda"":""12.8"",""decoder"":{""cn_schedule"":""flooding"",""cn_update"":""boxplus-phi"",""early_stop"":false,""hard_out"":true,""harq_mode"":false,""llr_max"":20.0,""num_iter"":20,""precision"":""single"",""prune_pcm"":true,""return_infobits"":true,""vn_update"":""sum""},""decoder_source_sha256"":""44d84b92b749e2970f94d92cd348a11648e2286b4d851faa0af8b21d08f0da23"",""encoder_source_sha256"":""34d8db6660b2e84708a8fb534f63c194f6f2b964e3693fcffc9dcaf21532ccfd"",""implementation"":""Sionna_5G_LDPC"",""power_protocol"":""fixed_constellation_average_Es2"",""precision"":""float32"",""rate_matching"":""Sionna RV0; filler removal, first2Z and tail puncturing; supported n only"",""scrambling"":""public_PCG64_SHA256_protocol_session_frame_group_counter_after_rate_matching_v1"",""torch"":""2.11.0+cu128"",""version"":""2.2.0""},""interleaver_sha256"":""ba509a8d190fcaa150e814256e8303008709610795717403bf97897b24aa0eee"",""k"":832,""k_filler"":48,""k_ldpc"":880,""layout_id"":""e8a8adb37755c6ef42f4ed83fb34b88cc50db717386479453ace05c3d2a9e290"",""modulation_padding_bits"":0,""mother_bits"":4576,""n"":1260,""n_cb"":4400,""n_cb_comp"":4352,""power_protocol"":""fixed_constellation_average_Es2"",""puncturing_bits"":3268,""puncturing_first_2Z"":176,""puncturing_remaining"":3092,""repetition_bits"":0,""scrambling"":""public_PCG64_SHA256_protocol_session_frame_group_counter_after_rate_matching_v1"",""shortening_bits"":48,""z"":88}",[1024]
16QAM,1/2,16QAM:r1/2,bcb690963a51ab9ae3dd830fbab481fe576ec33a578aba1782e3ef5f85550e2f,660,16,0,676,720,44,3744,3072,768,0,0.22005208333333334,0.21484375,"{""actual_effective_rate"":0.22005208333333334,""bg"":""bg2"",""bit_mapping"":""component_Gray_00_-3_01_-1_10_3_11_1_over_sqrt5;QPSK_0_plus1_1_minus1"",""code_blocks"":1,""decoder_config"":{""cn_schedule"":""flooding"",""cn_update"":""boxplus-phi"",""early_stop"":false,""hard_out"":true,""harq_mode"":false,""llr_max"":20.0,""num_iter"":20,""precision"":""single"",""prune_pcm"":true,""return_infobits"":true,""vn_update"":""sum""},""implementation"":{""bit_mapping"":""component_Gray_00_-3_01_-1_10_3_11_1_over_sqrt5;QPSK_0_plus1_1_minus1"",""cuda"":""12.8"",""decoder"":{""cn_schedule"":""flooding"",""cn_update"":""boxplus-phi"",""early_stop"":false,""hard_out"":true,""harq_mode"":false,""llr_max"":20.0,""num_iter"":20,""precision"":""single"",""prune_pcm"":true,""return_infobits"":true,""vn_update"":""sum""},""decoder_source_sha256"":""44d84b92b749e2970f94d92cd348a11648e2286b4d851faa0af8b21d08f0da23"",""encoder_source_sha256"":""34d8db6660b2e84708a8fb534f63c194f6f2b964e3693fcffc9dcaf21532ccfd"",""implementation"":""Sionna_5G_LDPC"",""power_protocol"":""fixed_constellation_average_Es2"",""precision"":""float32"",""rate_matching"":""Sionna RV0; filler removal, first2Z and tail puncturing; supported n only"",""scrambling"":""public_PCG64_SHA256_protocol_session_frame_group_counter_after_rate_matching_v1"",""torch"":""2.11.0+cu128"",""version"":""2.2.0""},""interleaver_sha256"":""eb0cc94d28900bf26b66043f057f83fc4f476eb5188a955b61dbd3f739ef4826"",""k"":676,""k_filler"":44,""k_ldpc"":720,""layout_id"":""6b4c88d6d42f9ddf2d8cc0d720e3fc50774aa65b88562c6dbd49cc27032cd56f"",""modulation_padding_bits"":0,""mother_bits"":3744,""n"":3072,""n_cb"":3600,""n_cb_comp"":3556,""power_protocol"":""fixed_constellation_average_Es2"",""puncturing_bits"":628,""puncturing_first_2Z"":144,""puncturing_remaining"":484,""repetition_bits"":0,""scrambling"":""public_PCG64_SHA256_protocol_session_frame_group_counter_after_rate_matching_v1"",""shortening_bits"":44,""z"":72}",[1024]
16QAM,2/3,16QAM:r2/3,bcb99b4c765e5e9a64acab2e8be5dbce3cda653d41eb176038dca284051557aa,552,16,0,568,640,72,3328,852,213,0,0.6666666666666666,0.647887323943662,"{""actual_effective_rate"":0.6666666666666666,""bg"":""bg2"",""bit_mapping"":""component_Gray_00_-3_01_-1_10_3_11_1_over_sqrt5;QPSK_0_plus1_1_minus1"",""code_blocks"":1,""decoder_config"":{""cn_schedule"":""flooding"",""cn_update"":""boxplus-phi"",""early_stop"":false,""hard_out"":true,""harq_mode"":false,""llr_max"":20.0,""num_iter"":20,""precision"":""single"",""prune_pcm"":true,""return_infobits"":true,""vn_update"":""sum""},""implementation"":{""bit_mapping"":""component_Gray_00_-3_01_-1_10_3_11_1_over_sqrt5;QPSK_0_plus1_1_minus1"",""cuda"":""12.8"",""decoder"":{""cn_schedule"":""flooding"",""cn_update"":""boxplus-phi"",""early_stop"":false,""hard_out"":true,""harq_mode"":false,""llr_max"":20.0,""num_iter"":20,""precision"":""single"",""prune_pcm"":true,""return_infobits"":true,""vn_update"":""sum""},""decoder_source_sha256"":""44d84b92b749e2970f94d92cd348a11648e2286b4d851faa0af8b21d08f0da23"",""encoder_source_sha256"":""34d8db6660b2e84708a8fb534f63c194f6f2b964e3693fcffc9dcaf21532ccfd"",""implementation"":""Sionna_5G_LDPC"",""power_protocol"":""fixed_constellation_average_Es2"",""precision"":""float32"",""rate_matching"":""Sionna RV0; filler removal, first2Z and tail puncturing; supported n only"",""scrambling"":""public_PCG64_SHA256_protocol_session_frame_group_counter_after_rate_matching_v1"",""torch"":""2.11.0+cu128"",""version"":""2.2.0""},""interleaver_sha256"":""be4f2be4d88012e0b305a5b550ca0f3f99bdc0a80719a125b99566c78f8af9d5"",""k"":568,""k_filler"":72,""k_ldpc"":640,""layout_id"":""0ea1c7231320991663d802810d14d50d71377399ef723ba71d686639e148415d"",""modulation_padding_bits"":0,""mother_bits"":3328,""n"":852,""n_cb"":3200,""n_cb_comp"":3128,""power_protocol"":""fixed_constellation_average_Es2"",""puncturing_bits"":2404,""puncturing_first_2Z"":128,""puncturing_remaining"":2276,""repetition_bits"":0,""scrambling"":""public_PCG64_SHA256_protocol_session_frame_group_counter_after_rate_matching_v1"",""shortening_bits"":72,""z"":64}",[1024]
16QAM,5/6,16QAM:r5/6,bcbc703da6a909dd292e05dfbcdd9d77ed78074bf04d184bf702ce75a479036b,300,16,0,316,400,84,2080,1128,282,0,0.2801418439716312,0.26595744680851063,"{""actual_effective_rate"":0.2801418439716312,""bg"":""bg2"",""bit_mapping"":""component_Gray_00_-3_01_-1_10_3_11_1_over_sqrt5;QPSK_0_plus1_1_minus1"",""code_blocks"":1,""decoder_config"":{""cn_schedule"":""flooding"",""cn_update"":""boxplus-phi"",""early_stop"":false,""hard_out"":true,""harq_mode"":false,""llr_max"":20.0,""num_iter"":20,""precision"":""single"",""prune_pcm"":true,""return_infobits"":true,""vn_update"":""sum""},""implementation"":{""bit_mapping"":""component_Gray_00_-3_01_-1_10_3_11_1_over_sqrt5;QPSK_0_plus1_1_minus1"",""cuda"":""12.8"",""decoder"":{""cn_schedule"":""flooding"",""cn_update"":""boxplus-phi"",""early_stop"":false,""hard_out"":true,""harq_mode"":false,""llr_max"":20.0,""num_iter"":20,""precision"":""single"",""prune_pcm"":true,""return_infobits"":true,""vn_update"":""sum""},""decoder_source_sha256"":""44d84b92b749e2970f94d92cd348a11648e2286b4d851faa0af8b21d08f0da23"",""encoder_source_sha256"":""34d8db6660b2e84708a8fb534f63c194f6f2b964e3693fcffc9dcaf21532ccfd"",""implementation"":""Sionna_5G_LDPC"",""power_protocol"":""fixed_constellation_average_Es2"",""precision"":""float32"",""rate_matching"":""Sionna RV0; filler removal, first2Z and tail puncturing; supported n only"",""scrambling"":""public_PCG64_SHA256_protocol_session_frame_group_counter_after_rate_matching_v1"",""torch"":""2.11.0+cu128"",""version"":""2.2.0""},""interleaver_sha256"":""2cc1bd226db93a5d0219dd8d5e17db1c7e6bd79e8af87f343cf5b9ae882b41e5"",""k"":316,""k_filler"":84,""k_ldpc"":400,""layout_id"":""f78f7e820cc1255205950b52db1a090fcec8f679a263a94ebbda7a420881e9da"",""modulation_padding_bits"":0,""mother_bits"":2080,""n"":1128,""n_cb"":2000,""n_cb_comp"":1916,""power_protocol"":""fixed_constellation_average_Es2"",""puncturing_bits"":868,""puncturing_first_2Z"":80,""puncturing_remaining"":788,""repetition_bits"":0,""scrambling"":""public_PCG64_SHA256_protocol_session_frame_group_counter_after_rate_matching_v1"",""shortening_bits"":84,""z"":40}",[1024]
QPSK,3/4,QPSK:r3/4,bcc2b308e1906749f1994e8175256d417ca842c78ecfb926cd16cbdc4ce8632f,624,16,0,640,720,80,3744,1016,508,0,0.6299212598425197,0.6141732283464567,"{""actual_effective_rate"":0.6299212598425197,""bg"":""bg2"",""bit_mapping"":""component_Gray_00_-3_01_-1_10_3_11_1_over_sqrt5;QPSK_0_plus1_1_minus1"",""code_blocks"":1,""decoder_config"":{""cn_schedule"":""flooding"",""cn_update"":""boxplus-phi"",""early_stop"":false,""hard_out"":true,""harq_mode"":false,""llr_max"":20.0,""num_iter"":20,""precision"":""single"",""prune_pcm"":true,""return_infobits"":true,""vn_update"":""sum""},""implementation"":{""bit_mapping"":""component_Gray_00_-3_01_-1_10_3_11_1_over_sqrt5;QPSK_0_plus1_1_minus1"",""cuda"":""12.8"",""decoder"":{""cn_schedule"":""flooding"",""cn_update"":""boxplus-phi"",""early_stop"":false,""hard_out"":true,""harq_mode"":false,""llr_max"":20.0,""num_iter"":20,""precision"":""single"",""prune_pcm"":true,""return_infobits"":true,""vn_update"":""sum""},""decoder_source_sha256"":""44d84b92b749e2970f94d92cd348a11648e2286b4d851faa0af8b21d08f0da23"",""encoder_source_sha256"":""34d8db6660b2e84708a8fb534f63c194f6f2b964e3693fcffc9dcaf21532ccfd"",""implementation"":""Sionna_5G_LDPC"",""power_protocol"":""fixed_constellation_average_Es2"",""precision"":""float32"",""rate_matching"":""Sionna RV0; filler removal, first2Z and tail puncturing; supported n only"",""scrambling"":""public_PCG64_SHA256_protocol_session_frame_group_counter_after_rate_matching_v1"",""torch"":""2.11.0+cu128"",""version"":""2.2.0""},""interleaver_sha256"":""6aad8fd0afb0df5e210d43e895bffd68ab36987662bcaf5e6f79d41d63bbc66c"",""k"":640,""k_filler"":80,""k_ldpc"":720,""layout_id"":""d8f8d06accc04e91b8fafb44b7596558c61131139b055993a757787267bde047"",""modulation_padding_bits"":0,""mother_bits"":3744,""n"":1016,""n_cb"":3600,""n_cb_comp"":3520,""power_protocol"":""fixed_constellation_average_Es2"",""puncturing_bits"":2648,""puncturing_first_2Z"":144,""puncturing_remaining"":2504,""repetition_bits"":0,""scrambling"":""public_PCG64_SHA256_protocol_session_frame_group_counter_after_rate_matching_v1"",""shortening_bits"":80,""z"":72}",[1024]
16QAM,2/3,16QAM:r2/3,bccb390fa3da5428859dcda290c1dc380c43f19b125a4c402ab4f02acb1c95d3,324,16,0,340,440,100,2288,608,152,0,0.5592105263157895,0.5328947368421053,"{""actual_effective_rate"":0.5592105263157895,""bg"":""bg2"",""bit_mapping"":""component_Gray_00_-3_01_-1_10_3_11_1_over_sqrt5;QPSK_0_plus1_1_minus1"",""code_blocks"":1,""decoder_config"":{""cn_schedule"":""flooding"",""cn_update"":""boxplus-phi"",""early_stop"":false,""hard_out"":true,""harq_mode"":false,""llr_max"":20.0,""num_iter"":20,""precision"":""single"",""prune_pcm"":true,""return_infobits"":true,""vn_update"":""sum""},""implementation"":{""bit_mapping"":""component_Gray_00_-3_01_-1_10_3_11_1_over_sqrt5;QPSK_0_plus1_1_minus1"",""cuda"":""12.8"",""decoder"":{""cn_schedule"":""flooding"",""cn_update"":""boxplus-phi"",""early_stop"":false,""hard_out"":true,""harq_mode"":false,""llr_max"":20.0,""num_iter"":20,""precision"":""single"",""prune_pcm"":true,""return_infobits"":true,""vn_update"":""sum""},""decoder_source_sha256"":""44d84b92b749e2970f94d92cd348a11648e2286b4d851faa0af8b21d08f0da23"",""encoder_source_sha256"":""34d8db6660b2e84708a8fb534f63c194f6f2b964e3693fcffc9dcaf21532ccfd"",""implementation"":""Sionna_5G_LDPC"",""power_protocol"":""fixed_constellation_average_Es2"",""precision"":""float32"",""rate_matching"":""Sionna RV0; filler removal, first2Z and tail puncturing; supported n only"",""scrambling"":""public_PCG64_SHA256_protocol_session_frame_group_counter_after_rate_matching_v1"",""torch"":""2.11.0+cu128"",""version"":""2.2.0""},""interleaver_sha256"":""38c5f8a20141633cf84997cc9357282a46dc9ab4efd9f0bf7df4d2c6d0ff6284"",""k"":340,""k_filler"":100,""k_ldpc"":440,""layout_id"":""eb756590c2decef030a5690ca005e3f780e1d7531dce701c56b8ed7af78ec1d3"",""modulation_padding_bits"":0,""mother_bits"":2288,""n"":608,""n_cb"":2200,""n_cb_comp"":2100,""power_protocol"":""fixed_constellation_average_Es2"",""puncturing_bits"":1580,""puncturing_first_2Z"":88,""puncturing_remaining"":1492,""repetition_bits"":0,""scrambling"":""public_PCG64_SHA256_protocol_session_frame_group_counter_after_rate_matching_v1"",""shortening_bits"":100,""z"":44}",[1024]
QPSK,3/4,QPSK:r3/4,bcd89c5465d0dbc85a4ba9ee31e563906835d4f3297ba488d183db0570c0cf9b,576,16,0,592,720,128,3744,1274,637,0,0.46467817896389324,0.4521193092621664,"{""actual_effective_rate"":0.46467817896389324,""bg"":""bg2"",""bit_mapping"":""component_Gray_00_-3_01_-1_10_3_11_1_over_sqrt5;QPSK_0_plus1_1_minus1"",""code_blocks"":1,""decoder_config"":{""cn_schedule"":""flooding"",""cn_update"":""boxplus-phi"",""early_stop"":false,""hard_out"":true,""harq_mode"":false,""llr_max"":20.0,""num_iter"":20,""precision"":""single"",""prune_pcm"":true,""return_infobits"":true,""vn_update"":""sum""},""implementation"":{""bit_mapping"":""component_Gray_00_-3_01_-1_10_3_11_1_over_sqrt5;QPSK_0_plus1_1_minus1"",""cuda"":""12.8"",""decoder"":{""cn_schedule"":""flooding"",""cn_update"":""boxplus-phi"",""early_stop"":false,""hard_out"":true,""harq_mode"":false,""llr_max"":20.0,""num_iter"":20,""precision"":""single"",""prune_pcm"":true,""return_infobits"":true,""vn_update"":""sum""},""decoder_source_sha256"":""44d84b92b749e2970f94d92cd348a11648e2286b4d851faa0af8b21d08f0da23"",""encoder_source_sha256"":""34d8db6660b2e84708a8fb534f63c194f6f2b964e3693fcffc9dcaf21532ccfd"",""implementation"":""Sionna_5G_LDPC"",""power_protocol"":""fixed_constellation_average_Es2"",""precision"":""float32"",""rate_matching"":""Sionna RV0; filler removal, first2Z and tail puncturing; supported n only"",""scrambling"":""public_PCG64_SHA256_protocol_session_frame_group_counter_after_rate_matching_v1"",""torch"":""2.11.0+cu128"",""version"":""2.2.0""},""interleaver_sha256"":""66181ecd4a78e7b46ec875e69d6615d6f204fb8ef09b308a278a98d628b57082"",""k"":592,""k_filler"":128,""k_ldpc"":720,""layout_id"":""10801ad57f317396d6da8de04130664df69ac42d51c84f0b50a58e724dd17aa6"",""modulation_padding_bits"":0,""mother_bits"":3744,""n"":1274,""n_cb"":3600,""n_cb_comp"":3472,""power_protocol"":""fixed_constellation_average_Es2"",""puncturing_bits"":2342,""puncturing_first_2Z"":144,""puncturing_remaining"":2198,""repetition_bits"":0,""scrambling"":""public_PCG64_SHA256_protocol_session_frame_group_counter_after_rate_matching_v1"",""shortening_bits"":128,""z"":72}",[2048]
QPSK,2/3,QPSK:r2/3,bce530b9990d8c51ac2a052a0ff5458a04079a4502bf5284620f13076cee5298,1092,16,0,1108,1120,12,5824,1666,833,0,0.6650660264105642,0.6554621848739496,"{""actual_effective_rate"":0.6650660264105642,""bg"":""bg2"",""bit_mapping"":""component_Gray_00_-3_01_-1_10_3_11_1_over_sqrt5;QPSK_0_plus1_1_minus1"",""code_blocks"":1,""decoder_config"":{""cn_schedule"":""flooding"",""cn_update"":""boxplus-phi"",""early_stop"":false,""hard_out"":true,""harq_mode"":false,""llr_max"":20.0,""num_iter"":20,""precision"":""single"",""prune_pcm"":true,""return_infobits"":true,""vn_update"":""sum""},""implementation"":{""bit_mapping"":""component_Gray_00_-3_01_-1_10_3_11_1_over_sqrt5;QPSK_0_plus1_1_minus1"",""cuda"":""12.8"",""decoder"":{""cn_schedule"":""flooding"",""cn_update"":""boxplus-phi"",""early_stop"":false,""hard_out"":true,""harq_mode"":false,""llr_max"":20.0,""num_iter"":20,""precision"":""single"",""prune_pcm"":true,""return_infobits"":true,""vn_update"":""sum""},""decoder_source_sha256"":""44d84b92b749e2970f94d92cd348a11648e2286b4d851faa0af8b21d08f0da23"",""encoder_source_sha256"":""34d8db6660b2e84708a8fb534f63c194f6f2b964e3693fcffc9dcaf21532ccfd"",""implementation"":""Sionna_5G_LDPC"",""power_protocol"":""fixed_constellation_average_Es2"",""precision"":""float32"",""rate_matching"":""Sionna RV0; filler removal, first2Z and tail puncturing; supported n only"",""scrambling"":""public_PCG64_SHA256_protocol_session_frame_group_counter_after_rate_matching_v1"",""torch"":""2.11.0+cu128"",""version"":""2.2.0""},""interleaver_sha256"":""3bf48dea229a8bf130fefc0754b52a552f4a68324052ca53cb72037f28ad9d0e"",""k"":1108,""k_filler"":12,""k_ldpc"":1120,""layout_id"":""2bd4c010b15d7570501f4ab92f3d33e3e2e2ac6db17346a362cac6e63f9b949b"",""modulation_padding_bits"":0,""mother_bits"":5824,""n"":1666,""n_cb"":5600,""n_cb_comp"":5588,""power_protocol"":""fixed_constellation_average_Es2"",""puncturing_bits"":4146,""puncturing_first_2Z"":224,""puncturing_remaining"":3922,""repetition_bits"":0,""scrambling"":""public_PCG64_SHA256_protocol_session_frame_group_counter_after_rate_matching_v1"",""shortening_bits"":12,""z"":112}","[1024,2048]"
16QAM,5/6,16QAM:r5/6,bce7bda61bb4052217da0237d35a8671575f133cb376f8295358e74c723ed51a,4428,16,0,4444,4576,132,14144,6872,1718,0,0.6466821885913854,0.6443538998835856,"{""actual_effective_rate"":0.6466821885913854,""bg"":""bg1"",""bit_mapping"":""component_Gray_00_-3_01_-1_10_3_11_1_over_sqrt5;QPSK_0_plus1_1_minus1"",""code_blocks"":1,""decoder_config"":{""cn_schedule"":""flooding"",""cn_update"":""boxplus-phi"",""early_stop"":false,""hard_out"":true,""harq_mode"":false,""llr_max"":20.0,""num_iter"":20,""precision"":""single"",""prune_pcm"":true,""return_infobits"":true,""vn_update"":""sum""},""implementation"":{""bit_mapping"":""component_Gray_00_-3_01_-1_10_3_11_1_over_sqrt5;QPSK_0_plus1_1_minus1"",""cuda"":""12.8"",""decoder"":{""cn_schedule"":""flooding"",""cn_update"":""boxplus-phi"",""early_stop"":false,""hard_out"":true,""harq_mode"":false,""llr_max"":20.0,""num_iter"":20,""precision"":""single"",""prune_pcm"":true,""return_infobits"":true,""vn_update"":""sum""},""decoder_source_sha256"":""44d84b92b749e2970f94d92cd348a11648e2286b4d851faa0af8b21d08f0da23"",""encoder_source_sha256"":""34d8db6660b2e84708a8fb534f63c194f6f2b964e3693fcffc9dcaf21532ccfd"",""implementation"":""Sionna_5G_LDPC"",""power_protocol"":""fixed_constellation_average_Es2"",""precision"":""float32"",""rate_matching"":""Sionna RV0; filler removal, first2Z and tail puncturing; supported n only"",""scrambling"":""public_PCG64_SHA256_protocol_session_frame_group_counter_after_rate_matching_v1"",""torch"":""2.11.0+cu128"",""version"":""2.2.0""},""interleaver_sha256"":""6ddbe7db0c1fde9e0a0dd08103131a8461d58edf4760ab5479606e1099dc6197"",""k"":4444,""k_filler"":132,""k_ldpc"":4576,""layout_id"":""65b53be92627ee18107b2726e46b9a9ffe997acca2e7e2ffd716bacbd573421d"",""modulation_padding_bits"":0,""mother_bits"":14144,""n"":6872,""n_cb"":13728,""n_cb_comp"":13596,""power_protocol"":""fixed_constellation_average_Es2"",""puncturing_bits"":7140,""puncturing_first_2Z"":416,""puncturing_remaining"":6724,""repetition_bits"":0,""scrambling"":""public_PCG64_SHA256_protocol_session_frame_group_counter_after_rate_matching_v1"",""shortening_bits"":132,""z"":208}",[2048]
QPSK,2/3,QPSK:r2/3,bce85d687bfdb1dae2f7b92821af7e28213da3978e627592a61637571585aab2,216,16,0,232,300,68,1560,450,225,0,0.5155555555555555,0.48,"{""actual_effective_rate"":0.5155555555555555,""bg"":""bg2"",""bit_mapping"":""component_Gray_00_-3_01_-1_10_3_11_1_over_sqrt5;QPSK_0_plus1_1_minus1"",""code_blocks"":1,""decoder_config"":{""cn_schedule"":""flooding"",""cn_update"":""boxplus-phi"",""early_stop"":false,""hard_out"":true,""harq_mode"":false,""llr_max"":20.0,""num_iter"":20,""precision"":""single"",""prune_pcm"":true,""return_infobits"":true,""vn_update"":""sum""},""implementation"":{""bit_mapping"":""component_Gray_00_-3_01_-1_10_3_11_1_over_sqrt5;QPSK_0_plus1_1_minus1"",""cuda"":""12.8"",""decoder"":{""cn_schedule"":""flooding"",""cn_update"":""boxplus-phi"",""early_stop"":false,""hard_out"":true,""harq_mode"":false,""llr_max"":20.0,""num_iter"":20,""precision"":""single"",""prune_pcm"":true,""return_infobits"":true,""vn_update"":""sum""},""decoder_source_sha256"":""44d84b92b749e2970f94d92cd348a11648e2286b4d851faa0af8b21d08f0da23"",""encoder_source_sha256"":""34d8db6660b2e84708a8fb534f63c194f6f2b964e3693fcffc9dcaf21532ccfd"",""implementation"":""Sionna_5G_LDPC"",""power_protocol"":""fixed_constellation_average_Es2"",""precision"":""float32"",""rate_matching"":""Sionna RV0; filler removal, first2Z and tail puncturing; supported n only"",""scrambling"":""public_PCG64_SHA256_protocol_session_frame_group_counter_after_rate_matching_v1"",""torch"":""2.11.0+cu128"",""version"":""2.2.0""},""interleaver_sha256"":""a863217f1e9752c9dd539da639f7c6868b599b3ddec6b0e9068ffb878bff9549"",""k"":232,""k_filler"":68,""k_ldpc"":300,""layout_id"":""5788a96bbeceee34d502d6c69a8af8844575c800550c79b69d72277a7565b70b"",""modulation_padding_bits"":0,""mother_bits"":1560,""n"":450,""n_cb"":1500,""n_cb_comp"":1432,""power_protocol"":""fixed_constellation_average_Es2"",""puncturing_bits"":1042,""puncturing_first_2Z"":60,""puncturing_remaining"":982,""repetition_bits"":0,""scrambling"":""public_PCG64_SHA256_protocol_session_frame_group_counter_after_rate_matching_v1"",""shortening_bits"":68,""z"":30}",[1024]
16QAM,1/3,16QAM:r1/3,bcebbc9ed0e8b09417f816e0d15c6bd7cf2759c4b4fe3986e98db531cd052cf3,2352,16,0,2368,2400,32,12480,7104,1776,0,0.3333333333333333,0.3310810810810811,"{""actual_effective_rate"":0.3333333333333333,""bg"":""bg2"",""bit_mapping"":""component_Gray_00_-3_01_-1_10_3_11_1_over_sqrt5;QPSK_0_plus1_1_minus1"",""code_blocks"":1,""decoder_config"":{""cn_schedule"":""flooding"",""cn_update"":""boxplus-phi"",""early_stop"":false,""hard_out"":true,""harq_mode"":false,""llr_max"":20.0,""num_iter"":20,""precision"":""single"",""prune_pcm"":true,""return_infobits"":true,""vn_update"":""sum""},""implementation"":{""bit_mapping"":""component_Gray_00_-3_01_-1_10_3_11_1_over_sqrt5;QPSK_0_plus1_1_minus1"",""cuda"":""12.8"",""decoder"":{""cn_schedule"":""flooding"",""cn_update"":""boxplus-phi"",""early_stop"":false,""hard_out"":true,""harq_mode"":false,""llr_max"":20.0,""num_iter"":20,""precision"":""single"",""prune_pcm"":true,""return_infobits"":true,""vn_update"":""sum""},""decoder_source_sha256"":""44d84b92b749e2970f94d92cd348a11648e2286b4d851faa0af8b21d08f0da23"",""encoder_source_sha256"":""34d8db6660b2e84708a8fb534f63c194f6f2b964e3693fcffc9dcaf21532ccfd"",""implementation"":""Sionna_5G_LDPC"",""power_protocol"":""fixed_constellation_average_Es2"",""precision"":""float32"",""rate_matching"":""Sionna RV0; filler removal, first2Z and tail puncturing; supported n only"",""scrambling"":""public_PCG64_SHA256_protocol_session_frame_group_counter_after_rate_matching_v1"",""torch"":""2.11.0+cu128"",""version"":""2.2.0""},""interleaver_sha256"":""4ff8aae7f2995a08b3e3dcb34723c45a6e6c8016d8cc06f60a5ef566967ebb7f"",""k"":2368,""k_filler"":32,""k_ldpc"":2400,""layout_id"":""3fc386b78089aa94e7dcfbddb53d34c5a77b162e27833e4a9a17a6c9e2dbfd77"",""modulation_padding_bits"":0,""mother_bits"":12480,""n"":7104,""n_cb"":12000,""n_cb_comp"":11968,""power_protocol"":""fixed_constellation_average_Es2"",""puncturing_bits"":5344,""puncturing_first_2Z"":480,""puncturing_remaining"":4864,""repetition_bits"":0,""scrambling"":""public_PCG64_SHA256_protocol_session_frame_group_counter_after_rate_matching_v1"",""shortening_bits"":32,""z"":240}",[2048]
16QAM,2/3,16QAM:r2/3,bcec2505c477c401ee97e7f3765b543390a28cd500332f554db2eb7d9a8a60b1,660,16,0,676,720,44,3744,1472,368,0,0.4592391304347826,0.4483695652173913,"{""actual_effective_rate"":0.4592391304347826,""bg"":""bg2"",""bit_mapping"":""component_Gray_00_-3_01_-1_10_3_11_1_over_sqrt5;QPSK_0_plus1_1_minus1"",""code_blocks"":1,""decoder_config"":{""cn_schedule"":""flooding"",""cn_update"":""boxplus-phi"",""early_stop"":false,""hard_out"":true,""harq_mode"":false,""llr_max"":20.0,""num_iter"":20,""precision"":""single"",""prune_pcm"":true,""return_infobits"":true,""vn_update"":""sum""},""implementation"":{""bit_mapping"":""component_Gray_00_-3_01_-1_10_3_11_1_over_sqrt5;QPSK_0_plus1_1_minus1"",""cuda"":""12.8"",""decoder"":{""cn_schedule"":""flooding"",""cn_update"":""boxplus-phi"",""early_stop"":false,""hard_out"":true,""harq_mode"":false,""llr_max"":20.0,""num_iter"":20,""precision"":""single"",""prune_pcm"":true,""return_infobits"":true,""vn_update"":""sum""},""decoder_source_sha256"":""44d84b92b749e2970f94d92cd348a11648e2286b4d851faa0af8b21d08f0da23"",""encoder_source_sha256"":""34d8db6660b2e84708a8fb534f63c194f6f2b964e3693fcffc9dcaf21532ccfd"",""implementation"":""Sionna_5G_LDPC"",""power_protocol"":""fixed_constellation_average_Es2"",""precision"":""float32"",""rate_matching"":""Sionna RV0; filler removal, first2Z and tail puncturing; supported n only"",""scrambling"":""public_PCG64_SHA256_protocol_session_frame_group_counter_after_rate_matching_v1"",""torch"":""2.11.0+cu128"",""version"":""2.2.0""},""interleaver_sha256"":""a5c3d75157e98a0633b20b6385e465b7193e996f828f646bb1787f9d2ff9530d"",""k"":676,""k_filler"":44,""k_ldpc"":720,""layout_id"":""200d7fbe39cd4b30397fdfbde239b29efdba59edb8bcb9348c1b59f6808fafb3"",""modulation_padding_bits"":0,""mother_bits"":3744,""n"":1472,""n_cb"":3600,""n_cb_comp"":3556,""power_protocol"":""fixed_constellation_average_Es2"",""puncturing_bits"":2228,""puncturing_first_2Z"":144,""puncturing_remaining"":2084,""repetition_bits"":0,""scrambling"":""public_PCG64_SHA256_protocol_session_frame_group_counter_after_rate_matching_v1"",""shortening_bits"":44,""z"":72}","[1024,2048]"
QPSK,2/3,QPSK:r2/3,bcfbe039311b9182dbe1982c3b416d856cfb95d5cbbbba2638853acaf6020132,600,16,0,616,720,104,3744,1680,840,0,0.36666666666666664,0.35714285714285715,"{""actual_effective_rate"":0.36666666666666664,""bg"":""bg2"",""bit_mapping"":""component_Gray_00_-3_01_-1_10_3_11_1_over_sqrt5;QPSK_0_plus1_1_minus1"",""code_blocks"":1,""decoder_config"":{""cn_schedule"":""flooding"",""cn_update"":""boxplus-phi"",""early_stop"":false,""hard_out"":true,""harq_mode"":false,""llr_max"":20.0,""num_iter"":20,""precision"":""single"",""prune_pcm"":true,""return_infobits"":true,""vn_update"":""sum""},""implementation"":{""bit_mapping"":""component_Gray_00_-3_01_-1_10_3_11_1_over_sqrt5;QPSK_0_plus1_1_minus1"",""cuda"":""12.8"",""decoder"":{""cn_schedule"":""flooding"",""cn_update"":""boxplus-phi"",""early_stop"":false,""hard_out"":true,""harq_mode"":false,""llr_max"":20.0,""num_iter"":20,""precision"":""single"",""prune_pcm"":true,""return_infobits"":true,""vn_update"":""sum""},""decoder_source_sha256"":""44d84b92b749e2970f94d92cd348a11648e2286b4d851faa0af8b21d08f0da23"",""encoder_source_sha256"":""34d8db6660b2e84708a8fb534f63c194f6f2b964e3693fcffc9dcaf21532ccfd"",""implementation"":""Sionna_5G_LDPC"",""power_protocol"":""fixed_constellation_average_Es2"",""precision"":""float32"",""rate_matching"":""Sionna RV0; filler removal, first2Z and tail puncturing; supported n only"",""scrambling"":""public_PCG64_SHA256_protocol_session_frame_group_counter_after_rate_matching_v1"",""torch"":""2.11.0+cu128"",""version"":""2.2.0""},""interleaver_sha256"":""e15ab957f50fe5f3bab15754733784bdb26caea191c394fbf897e6923c3153b3"",""k"":616,""k_filler"":104,""k_ldpc"":720,""layout_id"":""96d8b8bc6d75dc52051431972a2134d9ad8b5b9117ac48caaa0335e80e72f4b0"",""modulation_padding_bits"":0,""mother_bits"":3744,""n"":1680,""n_cb"":3600,""n_cb_comp"":3496,""power_protocol"":""fixed_constellation_average_Es2"",""puncturing_bits"":1960,""puncturing_first_2Z"":144,""puncturing_remaining"":1816,""repetition_bits"":0,""scrambling"":""public_PCG64_SHA256_protocol_session_frame_group_counter_after_rate_matching_v1"",""shortening_bits"":104,""z"":72}",[2048]
QPSK,2/3,QPSK:r2/3,bd017cdcf8e3e9b9bac306c7e1899dfd35f3a9e4d21a9be96a2eb6ff77e987a2,1068,16,0,1084,1120,36,5824,2354,1177,0,0.46049277824978757,0.453695836873407,"{""actual_effective_rate"":0.46049277824978757,""bg"":""bg2"",""bit_mapping"":""component_Gray_00_-3_01_-1_10_3_11_1_over_sqrt5;QPSK_0_plus1_1_minus1"",""code_blocks"":1,""decoder_config"":{""cn_schedule"":""flooding"",""cn_update"":""boxplus-phi"",""early_stop"":false,""hard_out"":true,""harq_mode"":false,""llr_max"":20.0,""num_iter"":20,""precision"":""single"",""prune_pcm"":true,""return_infobits"":true,""vn_update"":""sum""},""implementation"":{""bit_mapping"":""component_Gray_00_-3_01_-1_10_3_11_1_over_sqrt5;QPSK_0_plus1_1_minus1"",""cuda"":""12.8"",""decoder"":{""cn_schedule"":""flooding"",""cn_update"":""boxplus-phi"",""early_stop"":false,""hard_out"":true,""harq_mode"":false,""llr_max"":20.0,""num_iter"":20,""precision"":""single"",""prune_pcm"":true,""return_infobits"":true,""vn_update"":""sum""},""decoder_source_sha256"":""44d84b92b749e2970f94d92cd348a11648e2286b4d851faa0af8b21d08f0da23"",""encoder_source_sha256"":""34d8db6660b2e84708a8fb534f63c194f6f2b964e3693fcffc9dcaf21532ccfd"",""implementation"":""Sionna_5G_LDPC"",""power_protocol"":""fixed_constellation_average_Es2"",""precision"":""float32"",""rate_matching"":""Sionna RV0; filler removal, first2Z and tail puncturing; supported n only"",""scrambling"":""public_PCG64_SHA256_protocol_session_frame_group_counter_after_rate_matching_v1"",""torch"":""2.11.0+cu128"",""version"":""2.2.0""},""interleaver_sha256"":""f9693b3cb0eb33cec65e11089242e66bc23c46f85b3094e5750c9e6d769150a8"",""k"":1084,""k_filler"":36,""k_ldpc"":1120,""layout_id"":""a0e1cb188528a50c1548826d3df8a0245250158d8ec9eb13b51b233b82b76dc0"",""modulation_padding_bits"":0,""mother_bits"":5824,""n"":2354,""n_cb"":5600,""n_cb_comp"":5564,""power_protocol"":""fixed_constellation_average_Es2"",""puncturing_bits"":3434,""puncturing_first_2Z"":224,""puncturing_remaining"":3210,""repetition_bits"":0,""scrambling"":""public_PCG64_SHA256_protocol_session_frame_group_counter_after_rate_matching_v1"",""shortening_bits"":36,""z"":112}",[2048]
QPSK,5/6,QPSK:r5/6,bd05008138856a66924e171070b162348b678016afde221f0b53063bff60f291,660,16,0,676,720,44,3744,1184,592,0,0.5709459459459459,0.5574324324324325,"{""actual_effective_rate"":0.5709459459459459,""bg"":""bg2"",""bit_mapping"":""component_Gray_00_-3_01_-1_10_3_11_1_over_sqrt5;QPSK_0_plus1_1_minus1"",""code_blocks"":1,""decoder_config"":{""cn_schedule"":""flooding"",""cn_update"":""boxplus-phi"",""early_stop"":false,""hard_out"":true,""harq_mode"":false,""llr_max"":20.0,""num_iter"":20,""precision"":""single"",""prune_pcm"":true,""return_infobits"":true,""vn_update"":""sum""},""implementation"":{""bit_mapping"":""component_Gray_00_-3_01_-1_10_3_11_1_over_sqrt5;QPSK_0_plus1_1_minus1"",""cuda"":""12.8"",""decoder"":{""cn_schedule"":""flooding"",""cn_update"":""boxplus-phi"",""early_stop"":false,""hard_out"":true,""harq_mode"":false,""llr_max"":20.0,""num_iter"":20,""precision"":""single"",""prune_pcm"":true,""return_infobits"":true,""vn_update"":""sum""},""decoder_source_sha256"":""44d84b92b749e2970f94d92cd348a11648e2286b4d851faa0af8b21d08f0da23"",""encoder_source_sha256"":""34d8db6660b2e84708a8fb534f63c194f6f2b964e3693fcffc9dcaf21532ccfd"",""implementation"":""Sionna_5G_LDPC"",""power_protocol"":""fixed_constellation_average_Es2"",""precision"":""float32"",""rate_matching"":""Sionna RV0; filler removal, first2Z and tail puncturing; supported n only"",""scrambling"":""public_PCG64_SHA256_protocol_session_frame_group_counter_after_rate_matching_v1"",""torch"":""2.11.0+cu128"",""version"":""2.2.0""},""interleaver_sha256"":""2a2ffaa116831f492f13ee4d3707eb64f1335a19e8c9a4278b70e0875625c554"",""k"":676,""k_filler"":44,""k_ldpc"":720,""layout_id"":""6c3269a63d8e5b29c37989387a1c8673e82b04921fa2fe0eeb3ea1c58b725390"",""modulation_padding_bits"":0,""mother_bits"":3744,""n"":1184,""n_cb"":3600,""n_cb_comp"":3556,""power_protocol"":""fixed_constellation_average_Es2"",""puncturing_bits"":2516,""puncturing_first_2Z"":144,""puncturing_remaining"":2372,""repetition_bits"":0,""scrambling"":""public_PCG64_SHA256_protocol_session_frame_group_counter_after_rate_matching_v1"",""shortening_bits"":44,""z"":72}","[1024,2048]"
16QAM,5/6,16QAM:r5/6,bd27b79ab8786d6263f2460b7eebaa518b63ecd40f44d6e781f7aba17c1f2db2,2400,16,0,2416,2464,48,7616,3256,814,0,0.742014742014742,0.7371007371007371,"{""actual_effective_rate"":0.742014742014742,""bg"":""bg1"",""bit_mapping"":""component_Gray_00_-3_01_-1_10_3_11_1_over_sqrt5;QPSK_0_plus1_1_minus1"",""code_blocks"":1,""decoder_config"":{""cn_schedule"":""flooding"",""cn_update"":""boxplus-phi"",""early_stop"":false,""hard_out"":true,""harq_mode"":false,""llr_max"":20.0,""num_iter"":20,""precision"":""single"",""prune_pcm"":true,""return_infobits"":true,""vn_update"":""sum""},""implementation"":{""bit_mapping"":""component_Gray_00_-3_01_-1_10_3_11_1_over_sqrt5;QPSK_0_plus1_1_minus1"",""cuda"":""12.8"",""decoder"":{""cn_schedule"":""flooding"",""cn_update"":""boxplus-phi"",""early_stop"":false,""hard_out"":true,""harq_mode"":false,""llr_max"":20.0,""num_iter"":20,""precision"":""single"",""prune_pcm"":true,""return_infobits"":true,""vn_update"":""sum""},""decoder_source_sha256"":""44d84b92b749e2970f94d92cd348a11648e2286b4d851faa0af8b21d08f0da23"",""encoder_source_sha256"":""34d8db6660b2e84708a8fb534f63c194f6f2b964e3693fcffc9dcaf21532ccfd"",""implementation"":""Sionna_5G_LDPC"",""power_protocol"":""fixed_constellation_average_Es2"",""precision"":""float32"",""rate_matching"":""Sionna RV0; filler removal, first2Z and tail puncturing; supported n only"",""scrambling"":""public_PCG64_SHA256_protocol_session_frame_group_counter_after_rate_matching_v1"",""torch"":""2.11.0+cu128"",""version"":""2.2.0""},""interleaver_sha256"":""c7cab1b3db3cdab91a57f050e464bf502705056c4d2e9b87c9ecfc936748c7b8"",""k"":2416,""k_filler"":48,""k_ldpc"":2464,""layout_id"":""b251615d2058708776d37871d6e669cbcf2da47d78f1fbf236e782e6988e1cd8"",""modulation_padding_bits"":0,""mother_bits"":7616,""n"":3256,""n_cb"":7392,""n_cb_comp"":7344,""power_protocol"":""fixed_constellation_average_Es2"",""puncturing_bits"":4312,""puncturing_first_2Z"":224,""puncturing_remaining"":4088,""repetition_bits"":0,""scrambling"":""public_PCG64_SHA256_protocol_session_frame_group_counter_after_rate_matching_v1"",""shortening_bits"":48,""z"":112}",[1024]
16QAM,1/3,16QAM:r1/3,bd2a2d358694b47408ad1df05309e27881e915f995b89ea14aaf2b23d22bb4a4,660,16,0,676,720,44,3744,2568,642,0,0.2632398753894081,0.2570093457943925,"{""actual_effective_rate"":0.2632398753894081,""bg"":""bg2"",""bit_mapping"":""component_Gray_00_-3_01_-1_10_3_11_1_over_sqrt5;QPSK_0_plus1_1_minus1"",""code_blocks"":1,""decoder_config"":{""cn_schedule"":""flooding"",""cn_update"":""boxplus-phi"",""early_stop"":false,""hard_out"":true,""harq_mode"":false,""llr_max"":20.0,""num_iter"":20,""precision"":""single"",""prune_pcm"":true,""return_infobits"":true,""vn_update"":""sum""},""implementation"":{""bit_mapping"":""component_Gray_00_-3_01_-1_10_3_11_1_over_sqrt5;QPSK_0_plus1_1_minus1"",""cuda"":""12.8"",""decoder"":{""cn_schedule"":""flooding"",""cn_update"":""boxplus-phi"",""early_stop"":false,""hard_out"":true,""harq_mode"":false,""llr_max"":20.0,""num_iter"":20,""precision"":""single"",""prune_pcm"":true,""return_infobits"":true,""vn_update"":""sum""},""decoder_source_sha256"":""44d84b92b749e2970f94d92cd348a11648e2286b4d851faa0af8b21d08f0da23"",""encoder_source_sha256"":""34d8db6660b2e84708a8fb534f63c194f6f2b964e3693fcffc9dcaf21532ccfd"",""implementation"":""Sionna_5G_LDPC"",""power_protocol"":""fixed_constellation_average_Es2"",""precision"":""float32"",""rate_matching"":""Sionna RV0; filler removal, first2Z and tail puncturing; supported n only"",""scrambling"":""public_PCG64_SHA256_protocol_session_frame_group_counter_after_rate_matching_v1"",""torch"":""2.11.0+cu128"",""version"":""2.2.0""},""interleaver_sha256"":""e362610f59afda1effa40b4cdec0011d62869eca9a7babe43230e65bffa6279c"",""k"":676,""k_filler"":44,""k_ldpc"":720,""layout_id"":""394af001e97e913b224bd5d1bfc09ac85f0e3d5c6fe2ca7ad02ba0654743a8ea"",""modulation_padding_bits"":0,""mother_bits"":3744,""n"":2568,""n_cb"":3600,""n_cb_comp"":3556,""power_protocol"":""fixed_constellation_average_Es2"",""puncturing_bits"":1132,""puncturing_first_2Z"":144,""puncturing_remaining"":988,""repetition_bits"":0,""scrambling"":""public_PCG64_SHA256_protocol_session_frame_group_counter_after_rate_matching_v1"",""shortening_bits"":44,""z"":72}",[2048]
16QAM,2/3,16QAM:r2/3,bd3b0296d05d01844a6462358075f2c21c104827a614256b545553bc45981880,3912,16,0,3928,4224,296,13056,6752,1688,0,0.5817535545023697,0.5793838862559242,"{""actual_effective_rate"":0.5817535545023697,""bg"":""bg1"",""bit_mapping"":""component_Gray_00_-3_01_-1_10_3_11_1_over_sqrt5;QPSK_0_plus1_1_minus1"",""code_blocks"":1,""decoder_config"":{""cn_schedule"":""flooding"",""cn_update"":""boxplus-phi"",""early_stop"":false,""hard_out"":true,""harq_mode"":false,""llr_max"":20.0,""num_iter"":20,""precision"":""single"",""prune_pcm"":true,""return_infobits"":true,""vn_update"":""sum""},""implementation"":{""bit_mapping"":""component_Gray_00_-3_01_-1_10_3_11_1_over_sqrt5;QPSK_0_plus1_1_minus1"",""cuda"":""12.8"",""decoder"":{""cn_schedule"":""flooding"",""cn_update"":""boxplus-phi"",""early_stop"":false,""hard_out"":true,""harq_mode"":false,""llr_max"":20.0,""num_iter"":20,""precision"":""single"",""prune_pcm"":true,""return_infobits"":true,""vn_update"":""sum""},""decoder_source_sha256"":""44d84b92b749e2970f94d92cd348a11648e2286b4d851faa0af8b21d08f0da23"",""encoder_source_sha256"":""34d8db6660b2e84708a8fb534f63c194f6f2b964e3693fcffc9dcaf21532ccfd"",""implementation"":""Sionna_5G_LDPC"",""power_protocol"":""fixed_constellation_average_Es2"",""precision"":""float32"",""rate_matching"":""Sionna RV0; filler removal, first2Z and tail puncturing; supported n only"",""scrambling"":""public_PCG64_SHA256_protocol_session_frame_group_counter_after_rate_matching_v1"",""torch"":""2.11.0+cu128"",""version"":""2.2.0""},""interleaver_sha256"":""f29087e5bdf82a50e5151200fbda04893f4b71e4f2bcad9a8cfe36ccef4fd1dc"",""k"":3928,""k_filler"":296,""k_ldpc"":4224,""layout_id"":""28a5ad872880e3f202a9cc3df3ad53e176b4ab9d24944fe982efb81315a52dac"",""modulation_padding_bits"":0,""mother_bits"":13056,""n"":6752,""n_cb"":12672,""n_cb_comp"":12376,""power_protocol"":""fixed_constellation_average_Es2"",""puncturing_bits"":6008,""puncturing_first_2Z"":384,""puncturing_remaining"":5624,""repetition_bits"":0,""scrambling"":""public_PCG64_SHA256_protocol_session_frame_group_counter_after_rate_matching_v1"",""shortening_bits"":296,""z"":192}",[2048]
16QAM,3/4,16QAM:r3/4,bd3b7635408456a8804d359a7e32c122871b1fd5b5b4cd65eb9971e7b66d9237,432,16,0,448,560,112,2912,872,218,0,0.5137614678899083,0.4954128440366973,"{""actual_effective_rate"":0.5137614678899083,""bg"":""bg2"",""bit_mapping"":""component_Gray_00_-3_01_-1_10_3_11_1_over_sqrt5;QPSK_0_plus1_1_minus1"",""code_blocks"":1,""decoder_config"":{""cn_schedule"":""flooding"",""cn_update"":""boxplus-phi"",""early_stop"":false,""hard_out"":true,""harq_mode"":false,""llr_max"":20.0,""num_iter"":20,""precision"":""single"",""prune_pcm"":true,""return_infobits"":true,""vn_update"":""sum""},""implementation"":{""bit_mapping"":""component_Gray_00_-3_01_-1_10_3_11_1_over_sqrt5;QPSK_0_plus1_1_minus1"",""cuda"":""12.8"",""decoder"":{""cn_schedule"":""flooding"",""cn_update"":""boxplus-phi"",""early_stop"":false,""hard_out"":true,""harq_mode"":false,""llr_max"":20.0,""num_iter"":20,""precision"":""single"",""prune_pcm"":true,""return_infobits"":true,""vn_update"":""sum""},""decoder_source_sha256"":""44d84b92b749e2970f94d92cd348a11648e2286b4d851faa0af8b21d08f0da23"",""encoder_source_sha256"":""34d8db6660b2e84708a8fb534f63c194f6f2b964e3693fcffc9dcaf21532ccfd"",""implementation"":""Sionna_5G_LDPC"",""power_protocol"":""fixed_constellation_average_Es2"",""precision"":""float32"",""rate_matching"":""Sionna RV0; filler removal, first2Z and tail puncturing; supported n only"",""scrambling"":""public_PCG64_SHA256_protocol_session_frame_group_counter_after_rate_matching_v1"",""torch"":""2.11.0+cu128"",""version"":""2.2.0""},""interleaver_sha256"":""0595adcc2caa5241e1132af5962e524dc89462db276939421c68be21c2e9202f"",""k"":448,""k_filler"":112,""k_ldpc"":560,""layout_id"":""4a0954c18c72c8cb14ce540aa887b7674d8a43dc8b239033c1bacb37f7f7a9ce"",""modulation_padding_bits"":0,""mother_bits"":2912,""n"":872,""n_cb"":2800,""n_cb_comp"":2688,""power_protocol"":""fixed_constellation_average_Es2"",""puncturing_bits"":1928,""puncturing_first_2Z"":112,""puncturing_remaining"":1816,""repetition_bits"":0,""scrambling"":""public_PCG64_SHA256_protocol_session_frame_group_counter_after_rate_matching_v1"",""shortening_bits"":112,""z"":56}",[1024]
16QAM,5/6,16QAM:r5/6,bd3c1481c7e61b8e8f145707557b9a6a6e9c50f24c0555b5f7a17514b504dd2a,660,16,0,676,720,44,3744,1048,262,0,0.6450381679389313,0.6297709923664122,"{""actual_effective_rate"":0.6450381679389313,""bg"":""bg2"",""bit_mapping"":""component_Gray_00_-3_01_-1_10_3_11_1_over_sqrt5;QPSK_0_plus1_1_minus1"",""code_blocks"":1,""decoder_config"":{""cn_schedule"":""flooding"",""cn_update"":""boxplus-phi"",""early_stop"":false,""hard_out"":true,""harq_mode"":false,""llr_max"":20.0,""num_iter"":20,""precision"":""single"",""prune_pcm"":true,""return_infobits"":true,""vn_update"":""sum""},""implementation"":{""bit_mapping"":""component_Gray_00_-3_01_-1_10_3_11_1_over_sqrt5;QPSK_0_plus1_1_minus1"",""cuda"":""12.8"",""decoder"":{""cn_schedule"":""flooding"",""cn_update"":""boxplus-phi"",""early_stop"":false,""hard_out"":true,""harq_mode"":false,""llr_max"":20.0,""num_iter"":20,""precision"":""single"",""prune_pcm"":true,""return_infobits"":true,""vn_update"":""sum""},""decoder_source_sha256"":""44d84b92b749e2970f94d92cd348a11648e2286b4d851faa0af8b21d08f0da23"",""encoder_source_sha256"":""34d8db6660b2e84708a8fb534f63c194f6f2b964e3693fcffc9dcaf21532ccfd"",""implementation"":""Sionna_5G_LDPC"",""power_protocol"":""fixed_constellation_average_Es2"",""precision"":""float32"",""rate_matching"":""Sionna RV0; filler removal, first2Z and tail puncturing; supported n only"",""scrambling"":""public_PCG64_SHA256_protocol_session_frame_group_counter_after_rate_matching_v1"",""torch"":""2.11.0+cu128"",""version"":""2.2.0""},""interleaver_sha256"":""d4ec7f5fcbb86db6cd6aa9ddb1bb5a99443e1d38fddcb6cb642620e145e07db4"",""k"":676,""k_filler"":44,""k_ldpc"":720,""layout_id"":""3b406936e2db0491489b245f87e12acb392c7167aace507084e0cdb831cad070"",""modulation_padding_bits"":0,""mother_bits"":3744,""n"":1048,""n_cb"":3600,""n_cb_comp"":3556,""power_protocol"":""fixed_constellation_average_Es2"",""puncturing_bits"":2652,""puncturing_first_2Z"":144,""puncturing_remaining"":2508,""repetition_bits"":0,""scrambling"":""public_PCG64_SHA256_protocol_session_frame_group_counter_after_rate_matching_v1"",""shortening_bits"":44,""z"":72}",[2048]
QPSK,1/2,QPSK:r1/2,bd47806a5709c83b817f385ba21c66849c39c737655fe58668fcc716573c9999,1848,16,0,1864,1920,56,9984,3728,1864,0,0.5,0.4957081545064378,"{""actual_effective_rate"":0.5,""bg"":""bg2"",""bit_mapping"":""component_Gray_00_-3_01_-1_10_3_11_1_over_sqrt5;QPSK_0_plus1_1_minus1"",""code_blocks"":1,""decoder_config"":{""cn_schedule"":""flooding"",""cn_update"":""boxplus-phi"",""early_stop"":false,""hard_out"":true,""harq_mode"":false,""llr_max"":20.0,""num_iter"":20,""precision"":""single"",""prune_pcm"":true,""return_infobits"":true,""vn_update"":""sum""},""implementation"":{""bit_mapping"":""component_Gray_00_-3_01_-1_10_3_11_1_over_sqrt5;QPSK_0_plus1_1_minus1"",""cuda"":""12.8"",""decoder"":{""cn_schedule"":""flooding"",""cn_update"":""boxplus-phi"",""early_stop"":false,""hard_out"":true,""harq_mode"":false,""llr_max"":20.0,""num_iter"":20,""precision"":""single"",""prune_pcm"":true,""return_infobits"":true,""vn_update"":""sum""},""decoder_source_sha256"":""44d84b92b749e2970f94d92cd348a11648e2286b4d851faa0af8b21d08f0da23"",""encoder_source_sha256"":""34d8db6660b2e84708a8fb534f63c194f6f2b964e3693fcffc9dcaf21532ccfd"",""implementation"":""Sionna_5G_LDPC"",""power_protocol"":""fixed_constellation_average_Es2"",""precision"":""float32"",""rate_matching"":""Sionna RV0; filler removal, first2Z and tail puncturing; supported n only"",""scrambling"":""public_PCG64_SHA256_protocol_session_frame_group_counter_after_rate_matching_v1"",""torch"":""2.11.0+cu128"",""version"":""2.2.0""},""interleaver_sha256"":""f47a7654745702c34db0b411ef84f900af10840abb5414a705f0359abfcbcaba"",""k"":1864,""k_filler"":56,""k_ldpc"":1920,""layout_id"":""919defe9af4be122d4e109cb0f8f8b8c5e31ccc9dc9e3d4bd9b8d05345715723"",""modulation_padding_bits"":0,""mother_bits"":9984,""n"":3728,""n_cb"":9600,""n_cb_comp"":9544,""power_protocol"":""fixed_constellation_average_Es2"",""puncturing_bits"":6200,""puncturing_first_2Z"":384,""puncturing_remaining"":5816,""repetition_bits"":0,""scrambling"":""public_PCG64_SHA256_protocol_session_frame_group_counter_after_rate_matching_v1"",""shortening_bits"":56,""z"":192}",[2048]
QPSK,2/3,QPSK:r2/3,bd4cd1cab2d727aa9b2742b5de0cf468988bf107ef0da4be9f47d8148f703796,360,16,0,376,480,104,2496,1088,544,0,0.34558823529411764,0.33088235294117646,"{""actual_effective_rate"":0.34558823529411764,""bg"":""bg2"",""bit_mapping"":""component_Gray_00_-3_01_-1_10_3_11_1_over_sqrt5;QPSK_0_plus1_1_minus1"",""code_blocks"":1,""decoder_config"":{""cn_schedule"":""flooding"",""cn_update"":""boxplus-phi"",""early_stop"":false,""hard_out"":true,""harq_mode"":false,""llr_max"":20.0,""num_iter"":20,""precision"":""single"",""prune_pcm"":true,""return_infobits"":true,""vn_update"":""sum""},""implementation"":{""bit_mapping"":""component_Gray_00_-3_01_-1_10_3_11_1_over_sqrt5;QPSK_0_plus1_1_minus1"",""cuda"":""12.8"",""decoder"":{""cn_schedule"":""flooding"",""cn_update"":""boxplus-phi"",""early_stop"":false,""hard_out"":true,""harq_mode"":false,""llr_max"":20.0,""num_iter"":20,""precision"":""single"",""prune_pcm"":true,""return_infobits"":true,""vn_update"":""sum""},""decoder_source_sha256"":""44d84b92b749e2970f94d92cd348a11648e2286b4d851faa0af8b21d08f0da23"",""encoder_source_sha256"":""34d8db6660b2e84708a8fb534f63c194f6f2b964e3693fcffc9dcaf21532ccfd"",""implementation"":""Sionna_5G_LDPC"",""power_protocol"":""fixed_constellation_average_Es2"",""precision"":""float32"",""rate_matching"":""Sionna RV0; filler removal, first2Z and tail puncturing; supported n only"",""scrambling"":""public_PCG64_SHA256_protocol_session_frame_group_counter_after_rate_matching_v1"",""torch"":""2.11.0+cu128"",""version"":""2.2.0""},""interleaver_sha256"":""22a8cc8a088874c6d4b5cb881c603d7af779a30def04404c874bb54566075026"",""k"":376,""k_filler"":104,""k_ldpc"":480,""layout_id"":""01837ddc5994201f0d004434cdbbbc87a84568050197444759f42f4ab9d34671"",""modulation_padding_bits"":0,""mother_bits"":2496,""n"":1088,""n_cb"":2400,""n_cb_comp"":2296,""power_protocol"":""fixed_constellation_average_Es2"",""puncturing_bits"":1304,""puncturing_first_2Z"":96,""puncturing_remaining"":1208,""repetition_bits"":0,""scrambling"":""public_PCG64_SHA256_protocol_session_frame_group_counter_after_rate_matching_v1"",""shortening_bits"":104,""z"":48}","[1024,2048]"
16QAM,2/3,16QAM:r2/3,bd61aa709b2ae4bbbf4794b13cca3e06bb4525eb0569c9890d51f671298ba86f,1860,16,0,1876,1920,44,9984,3124,781,0,0.6005121638924455,0.5953905249679897,"{""actual_effective_rate"":0.6005121638924455,""bg"":""bg2"",""bit_mapping"":""component_Gray_00_-3_01_-1_10_3_11_1_over_sqrt5;QPSK_0_plus1_1_minus1"",""code_blocks"":1,""decoder_config"":{""cn_schedule"":""flooding"",""cn_update"":""boxplus-phi"",""early_stop"":false,""hard_out"":true,""harq_mode"":false,""llr_max"":20.0,""num_iter"":20,""precision"":""single"",""prune_pcm"":true,""return_infobits"":true,""vn_update"":""sum""},""implementation"":{""bit_mapping"":""component_Gray_00_-3_01_-1_10_3_11_1_over_sqrt5;QPSK_0_plus1_1_minus1"",""cuda"":""12.8"",""decoder"":{""cn_schedule"":""flooding"",""cn_update"":""boxplus-phi"",""early_stop"":false,""hard_out"":true,""harq_mode"":false,""llr_max"":20.0,""num_iter"":20,""precision"":""single"",""prune_pcm"":true,""return_infobits"":true,""vn_update"":""sum""},""decoder_source_sha256"":""44d84b92b749e2970f94d92cd348a11648e2286b4d851faa0af8b21d08f0da23"",""encoder_source_sha256"":""34d8db6660b2e84708a8fb534f63c194f6f2b964e3693fcffc9dcaf21532ccfd"",""implementation"":""Sionna_5G_LDPC"",""power_protocol"":""fixed_constellation_average_Es2"",""precision"":""float32"",""rate_matching"":""Sionna RV0; filler removal, first2Z and tail puncturing; supported n only"",""scrambling"":""public_PCG64_SHA256_protocol_session_frame_group_counter_after_rate_matching_v1"",""torch"":""2.11.0+cu128"",""version"":""2.2.0""},""interleaver_sha256"":""7b27ca92fd5200652403793293894f7ad77edee806be546b144c96043e9088ad"",""k"":1876,""k_filler"":44,""k_ldpc"":1920,""layout_id"":""af91446824d61a01cf64c5846c9d2ab0117b83713402af71fe9cbf4093ecd474"",""modulation_padding_bits"":0,""mother_bits"":9984,""n"":3124,""n_cb"":9600,""n_cb_comp"":9556,""power_protocol"":""fixed_constellation_average_Es2"",""puncturing_bits"":6816,""puncturing_first_2Z"":384,""puncturing_remaining"":6432,""repetition_bits"":0,""scrambling"":""public_PCG64_SHA256_protocol_session_frame_group_counter_after_rate_matching_v1"",""shortening_bits"":44,""z"":192}","[1024,2048]"
QPSK,1/2,QPSK:r1/2,bd635b4011a80e6b8b5a9a07deb622130b73a8bcc6a42d7e98dff2bc749e8e98,1008,16,0,1024,1040,16,5408,2748,1374,0,0.3726346433770015,0.36681222707423583,"{""actual_effective_rate"":0.3726346433770015,""bg"":""bg2"",""bit_mapping"":""component_Gray_00_-3_01_-1_10_3_11_1_over_sqrt5;QPSK_0_plus1_1_minus1"",""code_blocks"":1,""decoder_config"":{""cn_schedule"":""flooding"",""cn_update"":""boxplus-phi"",""early_stop"":false,""hard_out"":true,""harq_mode"":false,""llr_max"":20.0,""num_iter"":20,""precision"":""single"",""prune_pcm"":true,""return_infobits"":true,""vn_update"":""sum""},""implementation"":{""bit_mapping"":""component_Gray_00_-3_01_-1_10_3_11_1_over_sqrt5;QPSK_0_plus1_1_minus1"",""cuda"":""12.8"",""decoder"":{""cn_schedule"":""flooding"",""cn_update"":""boxplus-phi"",""early_stop"":false,""hard_out"":true,""harq_mode"":false,""llr_max"":20.0,""num_iter"":20,""precision"":""single"",""prune_pcm"":true,""return_infobits"":true,""vn_update"":""sum""},""decoder_source_sha256"":""44d84b92b749e2970f94d92cd348a11648e2286b4d851faa0af8b21d08f0da23"",""encoder_source_sha256"":""34d8db6660b2e84708a8fb534f63c194f6f2b964e3693fcffc9dcaf21532ccfd"",""implementation"":""Sionna_5G_LDPC"",""power_protocol"":""fixed_constellation_average_Es2"",""precision"":""float32"",""rate_matching"":""Sionna RV0; filler removal, first2Z and tail puncturing; supported n only"",""scrambling"":""public_PCG64_SHA256_protocol_session_frame_group_counter_after_rate_matching_v1"",""torch"":""2.11.0+cu128"",""version"":""2.2.0""},""interleaver_sha256"":""6527dc52790d3f7bdd9694964d9b34563856924ac1a96bbfc40e973a1d9c1608"",""k"":1024,""k_filler"":16,""k_ldpc"":1040,""layout_id"":""132eb7299bb6a2e9f678db61a25b817f90d571ed47e6cbc0cacc656e71047b7d"",""modulation_padding_bits"":0,""mother_bits"":5408,""n"":2748,""n_cb"":5200,""n_cb_comp"":5184,""power_protocol"":""fixed_constellation_average_Es2"",""puncturing_bits"":2644,""puncturing_first_2Z"":208,""puncturing_remaining"":2436,""repetition_bits"":0,""scrambling"":""public_PCG64_SHA256_protocol_session_frame_group_counter_after_rate_matching_v1"",""shortening_bits"":16,""z"":104}",[2048]
QPSK,1/2,QPSK:r1/2,bd6487c2ebd227b9c0f48d0d172a66ff485cb3ae5cde8ee6604b1c0c223e6361,1860,16,0,1876,1920,44,9984,3756,1878,0,0.4994675186368477,0.4952076677316294,"{""actual_effective_rate"":0.4994675186368477,""bg"":""bg2"",""bit_mapping"":""component_Gray_00_-3_01_-1_10_3_11_1_over_sqrt5;QPSK_0_plus1_1_minus1"",""code_blocks"":1,""decoder_config"":{""cn_schedule"":""flooding"",""cn_update"":""boxplus-phi"",""early_stop"":false,""hard_out"":true,""harq_mode"":false,""llr_max"":20.0,""num_iter"":20,""precision"":""single"",""prune_pcm"":true,""return_infobits"":true,""vn_update"":""sum""},""implementation"":{""bit_mapping"":""component_Gray_00_-3_01_-1_10_3_11_1_over_sqrt5;QPSK_0_plus1_1_minus1"",""cuda"":""12.8"",""decoder"":{""cn_schedule"":""flooding"",""cn_update"":""boxplus-phi"",""early_stop"":false,""hard_out"":true,""harq_mode"":false,""llr_max"":20.0,""num_iter"":20,""precision"":""single"",""prune_pcm"":true,""return_infobits"":true,""vn_update"":""sum""},""decoder_source_sha256"":""44d84b92b749e2970f94d92cd348a11648e2286b4d851faa0af8b21d08f0da23"",""encoder_source_sha256"":""34d8db6660b2e84708a8fb534f63c194f6f2b964e3693fcffc9dcaf21532ccfd"",""implementation"":""Sionna_5G_LDPC"",""power_protocol"":""fixed_constellation_average_Es2"",""precision"":""float32"",""rate_matching"":""Sionna RV0; filler removal, first2Z and tail puncturing; supported n only"",""scrambling"":""public_PCG64_SHA256_protocol_session_frame_group_counter_after_rate_matching_v1"",""torch"":""2.11.0+cu128"",""version"":""2.2.0""},""interleaver_sha256"":""7e6f5c317bc1a307043f099101990cede68e3e5ea141048ff9f9ce39e832f3d8"",""k"":1876,""k_filler"":44,""k_ldpc"":1920,""layout_id"":""1fb9c40a3f7602980159460b4551150947afefbc719ea4a4b0f6764112bd3919"",""modulation_padding_bits"":0,""mother_bits"":9984,""n"":3756,""n_cb"":9600,""n_cb_comp"":9556,""power_protocol"":""fixed_constellation_average_Es2"",""puncturing_bits"":6184,""puncturing_first_2Z"":384,""puncturing_remaining"":5800,""repetition_bits"":0,""scrambling"":""public_PCG64_SHA256_protocol_session_frame_group_counter_after_rate_matching_v1"",""shortening_bits"":44,""z"":192}",[2048]
16QAM,2/3,16QAM:r2/3,bd65abd7457cbe5ce93e89d206eae279a90c54d63f3bd20343477a3c89e62522,216,16,0,232,300,68,1560,1060,265,0,0.2188679245283019,0.2037735849056604,"{""actual_effective_rate"":0.2188679245283019,""bg"":""bg2"",""bit_mapping"":""component_Gray_00_-3_01_-1_10_3_11_1_over_sqrt5;QPSK_0_plus1_1_minus1"",""code_blocks"":1,""decoder_config"":{""cn_schedule"":""flooding"",""cn_update"":""boxplus-phi"",""early_stop"":false,""hard_out"":true,""harq_mode"":false,""llr_max"":20.0,""num_iter"":20,""precision"":""single"",""prune_pcm"":true,""return_infobits"":true,""vn_update"":""sum""},""implementation"":{""bit_mapping"":""component_Gray_00_-3_01_-1_10_3_11_1_over_sqrt5;QPSK_0_plus1_1_minus1"",""cuda"":""12.8"",""decoder"":{""cn_schedule"":""flooding"",""cn_update"":""boxplus-phi"",""early_stop"":false,""hard_out"":true,""harq_mode"":false,""llr_max"":20.0,""num_iter"":20,""precision"":""single"",""prune_pcm"":true,""return_infobits"":true,""vn_update"":""sum""},""decoder_source_sha256"":""44d84b92b749e2970f94d92cd348a11648e2286b4d851faa0af8b21d08f0da23"",""encoder_source_sha256"":""34d8db6660b2e84708a8fb534f63c194f6f2b964e3693fcffc9dcaf21532ccfd"",""implementation"":""Sionna_5G_LDPC"",""power_protocol"":""fixed_constellation_average_Es2"",""precision"":""float32"",""rate_matching"":""Sionna RV0; filler removal, first2Z and tail puncturing; supported n only"",""scrambling"":""public_PCG64_SHA256_protocol_session_frame_group_counter_after_rate_matching_v1"",""torch"":""2.11.0+cu128"",""version"":""2.2.0""},""interleaver_sha256"":""5cf0398daeb33e55faebdb4a8011b041a7e50849e0b7c58eedb1e1ca32a5f83e"",""k"":232,""k_filler"":68,""k_ldpc"":300,""layout_id"":""21dfa5b7f19a504625df132a4bf79b15ae9fd7b58159ffe6cccc9a7c247cc63b"",""modulation_padding_bits"":0,""mother_bits"":1560,""n"":1060,""n_cb"":1500,""n_cb_comp"":1432,""power_protocol"":""fixed_constellation_average_Es2"",""puncturing_bits"":432,""puncturing_first_2Z"":60,""puncturing_remaining"":372,""repetition_bits"":0,""scrambling"":""public_PCG64_SHA256_protocol_session_frame_group_counter_after_rate_matching_v1"",""shortening_bits"":68,""z"":30}",[1024]
QPSK,2/3,QPSK:r2/3,bd6fdc9e2f7949639ab1ea7834caaa34b029e6142cf869c25c67396c5329f5c4,984,16,0,1000,1040,40,5408,1504,752,0,0.6648936170212766,0.6542553191489362,"{""actual_effective_rate"":0.6648936170212766,""bg"":""bg2"",""bit_mapping"":""component_Gray_00_-3_01_-1_10_3_11_1_over_sqrt5;QPSK_0_plus1_1_minus1"",""code_blocks"":1,""decoder_config"":{""cn_schedule"":""flooding"",""cn_update"":""boxplus-phi"",""early_stop"":false,""hard_out"":true,""harq_mode"":false,""llr_max"":20.0,""num_iter"":20,""precision"":""single"",""prune_pcm"":true,""return_infobits"":true,""vn_update"":""sum""},""implementation"":{""bit_mapping"":""component_Gray_00_-3_01_-1_10_3_11_1_over_sqrt5;QPSK_0_plus1_1_minus1"",""cuda"":""12.8"",""decoder"":{""cn_schedule"":""flooding"",""cn_update"":""boxplus-phi"",""early_stop"":false,""hard_out"":true,""harq_mode"":false,""llr_max"":20.0,""num_iter"":20,""precision"":""single"",""prune_pcm"":true,""return_infobits"":true,""vn_update"":""sum""},""decoder_source_sha256"":""44d84b92b749e2970f94d92cd348a11648e2286b4d851faa0af8b21d08f0da23"",""encoder_source_sha256"":""34d8db6660b2e84708a8fb534f63c194f6f2b964e3693fcffc9dcaf21532ccfd"",""implementation"":""Sionna_5G_LDPC"",""power_protocol"":""fixed_constellation_average_Es2"",""precision"":""float32"",""rate_matching"":""Sionna RV0; filler removal, first2Z and tail puncturing; supported n only"",""scrambling"":""public_PCG64_SHA256_protocol_session_frame_group_counter_after_rate_matching_v1"",""torch"":""2.11.0+cu128"",""version"":""2.2.0""},""interleaver_sha256"":""31fdc8a707b3f287c6212c08b346bc199089fb78b6a3d9939b5b83fde668ed4d"",""k"":1000,""k_filler"":40,""k_ldpc"":1040,""layout_id"":""06deb9c03e121ada6a2cd15a8e2cc70e3431e65a1cd806c4b88c605a1ad29ff4"",""modulation_padding_bits"":0,""mother_bits"":5408,""n"":1504,""n_cb"":5200,""n_cb_comp"":5160,""power_protocol"":""fixed_constellation_average_Es2"",""puncturing_bits"":3864,""puncturing_first_2Z"":208,""puncturing_remaining"":3656,""repetition_bits"":0,""scrambling"":""public_PCG64_SHA256_protocol_session_frame_group_counter_after_rate_matching_v1"",""shortening_bits"":40,""z"":104}",[1024]
QPSK,2/3,QPSK:r2/3,bd7db524de67aa41ce9a9f563d2918ff8891815789a8e65f7471a5ee70a8bec5,216,16,0,232,300,68,1560,830,415,0,0.27951807228915665,0.26024096385542167,"{""actual_effective_rate"":0.27951807228915665,""bg"":""bg2"",""bit_mapping"":""component_Gray_00_-3_01_-1_10_3_11_1_over_sqrt5;QPSK_0_plus1_1_minus1"",""code_blocks"":1,""decoder_config"":{""cn_schedule"":""flooding"",""cn_update"":""boxplus-phi"",""early_stop"":false,""hard_out"":true,""harq_mode"":false,""llr_max"":20.0,""num_iter"":20,""precision"":""single"",""prune_pcm"":true,""return_infobits"":true,""vn_update"":""sum""},""implementation"":{""bit_mapping"":""component_Gray_00_-3_01_-1_10_3_11_1_over_sqrt5;QPSK_0_plus1_1_minus1"",""cuda"":""12.8"",""decoder"":{""cn_schedule"":""flooding"",""cn_update"":""boxplus-phi"",""early_stop"":false,""hard_out"":true,""harq_mode"":false,""llr_max"":20.0,""num_iter"":20,""precision"":""single"",""prune_pcm"":true,""return_infobits"":true,""vn_update"":""sum""},""decoder_source_sha256"":""44d84b92b749e2970f94d92cd348a11648e2286b4d851faa0af8b21d08f0da23"",""encoder_source_sha256"":""34d8db6660b2e84708a8fb534f63c194f6f2b964e3693fcffc9dcaf21532ccfd"",""implementation"":""Sionna_5G_LDPC"",""power_protocol"":""fixed_constellation_average_Es2"",""precision"":""float32"",""rate_matching"":""Sionna RV0; filler removal, first2Z and tail puncturing; supported n only"",""scrambling"":""public_PCG64_SHA256_protocol_session_frame_group_counter_after_rate_matching_v1"",""torch"":""2.11.0+cu128"",""version"":""2.2.0""},""interleaver_sha256"":""723fb2b1dc14a64205916efb9ce847526b3fce6a5d0fdba668df0a657c40bd12"",""k"":232,""k_filler"":68,""k_ldpc"":300,""layout_id"":""3ade5ca932adae735fde9302bde9c9e027b7fe8f4d8499b3d0319ddeda15c7f6"",""modulation_padding_bits"":0,""mother_bits"":1560,""n"":830,""n_cb"":1500,""n_cb_comp"":1432,""power_protocol"":""fixed_constellation_average_Es2"",""puncturing_bits"":662,""puncturing_first_2Z"":60,""puncturing_remaining"":602,""repetition_bits"":0,""scrambling"":""public_PCG64_SHA256_protocol_session_frame_group_counter_after_rate_matching_v1"",""shortening_bits"":68,""z"":30}",[1024]
QPSK,5/6,QPSK:r5/6,bd7f597c6279855c3744d0b64e80e8e22c910818e4ddcc08a6af8d1dcb3511b6,660,16,0,676,720,44,3744,1048,524,0,0.6450381679389313,0.6297709923664122,"{""actual_effective_rate"":0.6450381679389313,""bg"":""bg2"",""bit_mapping"":""component_Gray_00_-3_01_-1_10_3_11_1_over_sqrt5;QPSK_0_plus1_1_minus1"",""code_blocks"":1,""decoder_config"":{""cn_schedule"":""flooding"",""cn_update"":""boxplus-phi"",""early_stop"":false,""hard_out"":true,""harq_mode"":false,""llr_max"":20.0,""num_iter"":20,""precision"":""single"",""prune_pcm"":true,""return_infobits"":true,""vn_update"":""sum""},""implementation"":{""bit_mapping"":""component_Gray_00_-3_01_-1_10_3_11_1_over_sqrt5;QPSK_0_plus1_1_minus1"",""cuda"":""12.8"",""decoder"":{""cn_schedule"":""flooding"",""cn_update"":""boxplus-phi"",""early_stop"":false,""hard_out"":true,""harq_mode"":false,""llr_max"":20.0,""num_iter"":20,""precision"":""single"",""prune_pcm"":true,""return_infobits"":true,""vn_update"":""sum""},""decoder_source_sha256"":""44d84b92b749e2970f94d92cd348a11648e2286b4d851faa0af8b21d08f0da23"",""encoder_source_sha256"":""34d8db6660b2e84708a8fb534f63c194f6f2b964e3693fcffc9dcaf21532ccfd"",""implementation"":""Sionna_5G_LDPC"",""power_protocol"":""fixed_constellation_average_Es2"",""precision"":""float32"",""rate_matching"":""Sionna RV0; filler removal, first2Z and tail puncturing; supported n only"",""scrambling"":""public_PCG64_SHA256_protocol_session_frame_group_counter_after_rate_matching_v1"",""torch"":""2.11.0+cu128"",""version"":""2.2.0""},""interleaver_sha256"":""f348079800093dbb0708c181b4e33d99b841c31e646a32548aae7e75c83f8553"",""k"":676,""k_filler"":44,""k_ldpc"":720,""layout_id"":""40ab962b3b4a4bc785675eeef5c583cd1b0340c4ae74d6f9417a5b8d65ab9a97"",""modulation_padding_bits"":0,""mother_bits"":3744,""n"":1048,""n_cb"":3600,""n_cb_comp"":3556,""power_protocol"":""fixed_constellation_average_Es2"",""puncturing_bits"":2652,""puncturing_first_2Z"":144,""puncturing_remaining"":2508,""repetition_bits"":0,""scrambling"":""public_PCG64_SHA256_protocol_session_frame_group_counter_after_rate_matching_v1"",""shortening_bits"":44,""z"":72}","[1024,2048]"
QPSK,3/4,QPSK:r3/4,bd97135af8d5b952830dd642be0b343a3122c57c3804b05044a1e9ac699dcf41,1860,16,0,1876,1920,44,9984,3162,1581,0,0.5932953826691967,0.5882352941176471,"{""actual_effective_rate"":0.5932953826691967,""bg"":""bg2"",""bit_mapping"":""component_Gray_00_-3_01_-1_10_3_11_1_over_sqrt5;QPSK_0_plus1_1_minus1"",""code_blocks"":1,""decoder_config"":{""cn_schedule"":""flooding"",""cn_update"":""boxplus-phi"",""early_stop"":false,""hard_out"":true,""harq_mode"":false,""llr_max"":20.0,""num_iter"":20,""precision"":""single"",""prune_pcm"":true,""return_infobits"":true,""vn_update"":""sum""},""implementation"":{""bit_mapping"":""component_Gray_00_-3_01_-1_10_3_11_1_over_sqrt5;QPSK_0_plus1_1_minus1"",""cuda"":""12.8"",""decoder"":{""cn_schedule"":""flooding"",""cn_update"":""boxplus-phi"",""early_stop"":false,""hard_out"":true,""harq_mode"":false,""llr_max"":20.0,""num_iter"":20,""precision"":""single"",""prune_pcm"":true,""return_infobits"":true,""vn_update"":""sum""},""decoder_source_sha256"":""44d84b92b749e2970f94d92cd348a11648e2286b4d851faa0af8b21d08f0da23"",""encoder_source_sha256"":""34d8db6660b2e84708a8fb534f63c194f6f2b964e3693fcffc9dcaf21532ccfd"",""implementation"":""Sionna_5G_LDPC"",""power_protocol"":""fixed_constellation_average_Es2"",""precision"":""float32"",""rate_matching"":""Sionna RV0; filler removal, first2Z and tail puncturing; supported n only"",""scrambling"":""public_PCG64_SHA256_protocol_session_frame_group_counter_after_rate_matching_v1"",""torch"":""2.11.0+cu128"",""version"":""2.2.0""},""interleaver_sha256"":""0f13990acca96f3038f0e724f7ffce0e12fd81592953b067af4a68574a887c4a"",""k"":1876,""k_filler"":44,""k_ldpc"":1920,""layout_id"":""34d92791f40b6918143888784677de209c397c0ff69e21d0f1805314d965a5c2"",""modulation_padding_bits"":0,""mother_bits"":9984,""n"":3162,""n_cb"":9600,""n_cb_comp"":9556,""power_protocol"":""fixed_constellation_average_Es2"",""puncturing_bits"":6778,""puncturing_first_2Z"":384,""puncturing_remaining"":6394,""repetition_bits"":0,""scrambling"":""public_PCG64_SHA256_protocol_session_frame_group_counter_after_rate_matching_v1"",""shortening_bits"":44,""z"":192}",[2048]
16QAM,5/6,16QAM:r5/6,bd9bdcdbae228f33ba11226ba8919b8582ba675707317620e44d266ab6643565,408,16,0,424,560,136,2912,704,176,0,0.6022727272727273,0.5795454545454546,"{""actual_effective_rate"":0.6022727272727273,""bg"":""bg2"",""bit_mapping"":""component_Gray_00_-3_01_-1_10_3_11_1_over_sqrt5;QPSK_0_plus1_1_minus1"",""code_blocks"":1,""decoder_config"":{""cn_schedule"":""flooding"",""cn_update"":""boxplus-phi"",""early_stop"":false,""hard_out"":true,""harq_mode"":false,""llr_max"":20.0,""num_iter"":20,""precision"":""single"",""prune_pcm"":true,""return_infobits"":true,""vn_update"":""sum""},""implementation"":{""bit_mapping"":""component_Gray_00_-3_01_-1_10_3_11_1_over_sqrt5;QPSK_0_plus1_1_minus1"",""cuda"":""12.8"",""decoder"":{""cn_schedule"":""flooding"",""cn_update"":""boxplus-phi"",""early_stop"":false,""hard_out"":true,""harq_mode"":false,""llr_max"":20.0,""num_iter"":20,""precision"":""single"",""prune_pcm"":true,""return_infobits"":true,""vn_update"":""sum""},""decoder_source_sha256"":""44d84b92b749e2970f94d92cd348a11648e2286b4d851faa0af8b21d08f0da23"",""encoder_source_sha256"":""34d8db6660b2e84708a8fb534f63c194f6f2b964e3693fcffc9dcaf21532ccfd"",""implementation"":""Sionna_5G_LDPC"",""power_protocol"":""fixed_constellation_average_Es2"",""precision"":""float32"",""rate_matching"":""Sionna RV0; filler removal, first2Z and tail puncturing; supported n only"",""scrambling"":""public_PCG64_SHA256_protocol_session_frame_group_counter_after_rate_matching_v1"",""torch"":""2.11.0+cu128"",""version"":""2.2.0""},""interleaver_sha256"":""48aabdb93202287b0026451a5b79d8e757342fd3cb801d602bd8a79e450361cf"",""k"":424,""k_filler"":136,""k_ldpc"":560,""layout_id"":""96bd97b8273733c8d3bb6eb27f3eb22f954609a25d7ff533e2f6f608f87d8dac"",""modulation_padding_bits"":0,""mother_bits"":2912,""n"":704,""n_cb"":2800,""n_cb_comp"":2664,""power_protocol"":""fixed_constellation_average_Es2"",""puncturing_bits"":2072,""puncturing_first_2Z"":112,""puncturing_remaining"":1960,""repetition_bits"":0,""scrambling"":""public_PCG64_SHA256_protocol_session_frame_group_counter_after_rate_matching_v1"",""shortening_bits"":136,""z"":56}",[1024]
16QAM,1/2,16QAM:r1/2,bda7b3579cd04c53ff2836f0451116501e2805840397458b90ba2483e257ab52,1092,16,0,1108,1120,12,5824,2984,746,0,0.37131367292225204,0.36595174262734587,"{""actual_effective_rate"":0.37131367292225204,""bg"":""bg2"",""bit_mapping"":""component_Gray_00_-3_01_-1_10_3_11_1_over_sqrt5;QPSK_0_plus1_1_minus1"",""code_blocks"":1,""decoder_config"":{""cn_schedule"":""flooding"",""cn_update"":""boxplus-phi"",""early_stop"":false,""hard_out"":true,""harq_mode"":false,""llr_max"":20.0,""num_iter"":20,""precision"":""single"",""prune_pcm"":true,""return_infobits"":true,""vn_update"":""sum""},""implementation"":{""bit_mapping"":""component_Gray_00_-3_01_-1_10_3_11_1_over_sqrt5;QPSK_0_plus1_1_minus1"",""cuda"":""12.8"",""decoder"":{""cn_schedule"":""flooding"",""cn_update"":""boxplus-phi"",""early_stop"":false,""hard_out"":true,""harq_mode"":false,""llr_max"":20.0,""num_iter"":20,""precision"":""single"",""prune_pcm"":true,""return_infobits"":true,""vn_update"":""sum""},""decoder_source_sha256"":""44d84b92b749e2970f94d92cd348a11648e2286b4d851faa0af8b21d08f0da23"",""encoder_source_sha256"":""34d8db6660b2e84708a8fb534f63c194f6f2b964e3693fcffc9dcaf21532ccfd"",""implementation"":""Sionna_5G_LDPC"",""power_protocol"":""fixed_constellation_average_Es2"",""precision"":""float32"",""rate_matching"":""Sionna RV0; filler removal, first2Z and tail puncturing; supported n only"",""scrambling"":""public_PCG64_SHA256_protocol_session_frame_group_counter_after_rate_matching_v1"",""torch"":""2.11.0+cu128"",""version"":""2.2.0""},""interleaver_sha256"":""b1ac9fd020ce99036c991477402f52e6cda8df67a8669d662716cb75f6772e85"",""k"":1108,""k_filler"":12,""k_ldpc"":1120,""layout_id"":""aaed2971b46f4e24afe9aa6afc041ce9e501f17138ad18e52d4814b1061c35c9"",""modulation_padding_bits"":0,""mother_bits"":5824,""n"":2984,""n_cb"":5600,""n_cb_comp"":5588,""power_protocol"":""fixed_constellation_average_Es2"",""puncturing_bits"":2828,""puncturing_first_2Z"":224,""puncturing_remaining"":2604,""repetition_bits"":0,""scrambling"":""public_PCG64_SHA256_protocol_session_frame_group_counter_after_rate_matching_v1"",""shortening_bits"":12,""z"":112}",[1024]
16QAM,1/2,16QAM:r1/2,bdb91554545facb4ac413efca986a33f5620fe3eb1c014ea8068b8b7f78e1f9e,1800,16,0,1816,1920,104,9984,7040,1760,0,0.25795454545454544,0.2556818181818182,"{""actual_effective_rate"":0.25795454545454544,""bg"":""bg2"",""bit_mapping"":""component_Gray_00_-3_01_-1_10_3_11_1_over_sqrt5;QPSK_0_plus1_1_minus1"",""code_blocks"":1,""decoder_config"":{""cn_schedule"":""flooding"",""cn_update"":""boxplus-phi"",""early_stop"":false,""hard_out"":true,""harq_mode"":false,""llr_max"":20.0,""num_iter"":20,""precision"":""single"",""prune_pcm"":true,""return_infobits"":true,""vn_update"":""sum""},""implementation"":{""bit_mapping"":""component_Gray_00_-3_01_-1_10_3_11_1_over_sqrt5;QPSK_0_plus1_1_minus1"",""cuda"":""12.8"",""decoder"":{""cn_schedule"":""flooding"",""cn_update"":""boxplus-phi"",""early_stop"":false,""hard_out"":true,""harq_mode"":false,""llr_max"":20.0,""num_iter"":20,""precision"":""single"",""prune_pcm"":true,""return_infobits"":true,""vn_update"":""sum""},""decoder_source_sha256"":""44d84b92b749e2970f94d92cd348a11648e2286b4d851faa0af8b21d08f0da23"",""encoder_source_sha256"":""34d8db6660b2e84708a8fb534f63c194f6f2b964e3693fcffc9dcaf21532ccfd"",""implementation"":""Sionna_5G_LDPC"",""power_protocol"":""fixed_constellation_average_Es2"",""precision"":""float32"",""rate_matching"":""Sionna RV0; filler removal, first2Z and tail puncturing; supported n only"",""scrambling"":""public_PCG64_SHA256_protocol_session_frame_group_counter_after_rate_matching_v1"",""torch"":""2.11.0+cu128"",""version"":""2.2.0""},""interleaver_sha256"":""69de2213b06db1779a26d1471bab1f9b6ceb6dda4970313031679582dc4e7c7f"",""k"":1816,""k_filler"":104,""k_ldpc"":1920,""layout_id"":""df7a42886e995dc70449351a4730abbda0093d3d983a25c209d6f4342e1ac95f"",""modulation_padding_bits"":0,""mother_bits"":9984,""n"":7040,""n_cb"":9600,""n_cb_comp"":9496,""power_protocol"":""fixed_constellation_average_Es2"",""puncturing_bits"":2840,""puncturing_first_2Z"":384,""puncturing_remaining"":2456,""repetition_bits"":0,""scrambling"":""public_PCG64_SHA256_protocol_session_frame_group_counter_after_rate_matching_v1"",""shortening_bits"":104,""z"":192}",[2048]
16QAM,3/4,16QAM:r3/4,bdc72ac1913039bca45904ee5d399fc09cf74976e3bb20d9f1b9f1aa6341eed3,600,16,0,616,720,104,3744,1424,356,0,0.43258426966292135,0.42134831460674155,"{""actual_effective_rate"":0.43258426966292135,""bg"":""bg2"",""bit_mapping"":""component_Gray_00_-3_01_-1_10_3_11_1_over_sqrt5;QPSK_0_plus1_1_minus1"",""code_blocks"":1,""decoder_config"":{""cn_schedule"":""flooding"",""cn_update"":""boxplus-phi"",""early_stop"":false,""hard_out"":true,""harq_mode"":false,""llr_max"":20.0,""num_iter"":20,""precision"":""single"",""prune_pcm"":true,""return_infobits"":true,""vn_update"":""sum""},""implementation"":{""bit_mapping"":""component_Gray_00_-3_01_-1_10_3_11_1_over_sqrt5;QPSK_0_plus1_1_minus1"",""cuda"":""12.8"",""decoder"":{""cn_schedule"":""flooding"",""cn_update"":""boxplus-phi"",""early_stop"":false,""hard_out"":true,""harq_mode"":false,""llr_max"":20.0,""num_iter"":20,""precision"":""single"",""prune_pcm"":true,""return_infobits"":true,""vn_update"":""sum""},""decoder_source_sha256"":""44d84b92b749e2970f94d92cd348a11648e2286b4d851faa0af8b21d08f0da23"",""encoder_source_sha256"":""34d8db6660b2e84708a8fb534f63c194f6f2b964e3693fcffc9dcaf21532ccfd"",""implementation"":""Sionna_5G_LDPC"",""power_protocol"":""fixed_constellation_average_Es2"",""precision"":""float32"",""rate_matching"":""Sionna RV0; filler removal, first2Z and tail puncturing; supported n only"",""scrambling"":""public_PCG64_SHA256_protocol_session_frame_group_counter_after_rate_matching_v1"",""torch"":""2.11.0+cu128"",""version"":""2.2.0""},""interleaver_sha256"":""10764e40b9af808b79c01349c9f73ef75dd7255b103d305737e5f715e45e8f52"",""k"":616,""k_filler"":104,""k_ldpc"":720,""layout_id"":""79b626c8a11b47c6be65249c71b43e41ffcf1c5a7b8caf8ddb0a55abcd559c4e"",""modulation_padding_bits"":0,""mother_bits"":3744,""n"":1424,""n_cb"":3600,""n_cb_comp"":3496,""power_protocol"":""fixed_constellation_average_Es2"",""puncturing_bits"":2216,""puncturing_first_2Z"":144,""puncturing_remaining"":2072,""repetition_bits"":0,""scrambling"":""public_PCG64_SHA256_protocol_session_frame_group_counter_after_rate_matching_v1"",""shortening_bits"":104,""z"":72}",[2048]
16QAM,1/2,16QAM:r1/2,bdc8dc6f4014d81be7c8554fd9073c421f2fe67cb431d3e799058b9207386718,1092,16,0,1108,1120,12,5824,2784,696,0,0.39798850574712646,0.3922413793103448,"{""actual_effective_rate"":0.39798850574712646,""bg"":""bg2"",""bit_mapping"":""component_Gray_00_-3_01_-1_10_3_11_1_over_sqrt5;QPSK_0_plus1_1_minus1"",""code_blocks"":1,""decoder_config"":{""cn_schedule"":""flooding"",""cn_update"":""boxplus-phi"",""early_stop"":false,""hard_out"":true,""harq_mode"":false,""llr_max"":20.0,""num_iter"":20,""precision"":""single"",""prune_pcm"":true,""return_infobits"":true,""vn_update"":""sum""},""implementation"":{""bit_mapping"":""component_Gray_00_-3_01_-1_10_3_11_1_over_sqrt5;QPSK_0_plus1_1_minus1"",""cuda"":""12.8"",""decoder"":{""cn_schedule"":""flooding"",""cn_update"":""boxplus-phi"",""early_stop"":false,""hard_out"":true,""harq_mode"":false,""llr_max"":20.0,""num_iter"":20,""precision"":""single"",""prune_pcm"":true,""return_infobits"":true,""vn_update"":""sum""},""decoder_source_sha256"":""44d84b92b749e2970f94d92cd348a11648e2286b4d851faa0af8b21d08f0da23"",""encoder_source_sha256"":""34d8db6660b2e84708a8fb534f63c194f6f2b964e3693fcffc9dcaf21532ccfd"",""implementation"":""Sionna_5G_LDPC"",""power_protocol"":""fixed_constellation_average_Es2"",""precision"":""float32"",""rate_matching"":""Sionna RV0; filler removal, first2Z and tail puncturing; supported n only"",""scrambling"":""public_PCG64_SHA256_protocol_session_frame_group_counter_after_rate_matching_v1"",""torch"":""2.11.0+cu128"",""version"":""2.2.0""},""interleaver_sha256"":""94ebe16cb23242766cfb5950b451288e05e55fbb3fe8d4ff69c86930e3c8c814"",""k"":1108,""k_filler"":12,""k_ldpc"":1120,""layout_id"":""41cacfaf39990a5af16909dbf561d7e1bbfd3b6debaca462c5344faae2a53432"",""modulation_padding_bits"":0,""mother_bits"":5824,""n"":2784,""n_cb"":5600,""n_cb_comp"":5588,""power_protocol"":""fixed_constellation_average_Es2"",""puncturing_bits"":3028,""puncturing_first_2Z"":224,""puncturing_remaining"":2804,""repetition_bits"":0,""scrambling"":""public_PCG64_SHA256_protocol_session_frame_group_counter_after_rate_matching_v1"",""shortening_bits"":12,""z"":112}",[1024]
16QAM,5/6,16QAM:r5/6,bdd8ded17ca1c94f08c379e175f53ba648b574fc540bdf1b5716e02df40d440b,1092,16,0,1108,1144,36,3536,1336,334,0,0.8293413173652695,0.8173652694610778,"{""actual_effective_rate"":0.8293413173652695,""bg"":""bg1"",""bit_mapping"":""component_Gray_00_-3_01_-1_10_3_11_1_over_sqrt5;QPSK_0_plus1_1_minus1"",""code_blocks"":1,""decoder_config"":{""cn_schedule"":""flooding"",""cn_update"":""boxplus-phi"",""early_stop"":false,""hard_out"":true,""harq_mode"":false,""llr_max"":20.0,""num_iter"":20,""precision"":""single"",""prune_pcm"":true,""return_infobits"":true,""vn_update"":""sum""},""implementation"":{""bit_mapping"":""component_Gray_00_-3_01_-1_10_3_11_1_over_sqrt5;QPSK_0_plus1_1_minus1"",""cuda"":""12.8"",""decoder"":{""cn_schedule"":""flooding"",""cn_update"":""boxplus-phi"",""early_stop"":false,""hard_out"":true,""harq_mode"":false,""llr_max"":20.0,""num_iter"":20,""precision"":""single"",""prune_pcm"":true,""return_infobits"":true,""vn_update"":""sum""},""decoder_source_sha256"":""44d84b92b749e2970f94d92cd348a11648e2286b4d851faa0af8b21d08f0da23"",""encoder_source_sha256"":""34d8db6660b2e84708a8fb534f63c194f6f2b964e3693fcffc9dcaf21532ccfd"",""implementation"":""Sionna_5G_LDPC"",""power_protocol"":""fixed_constellation_average_Es2"",""precision"":""float32"",""rate_matching"":""Sionna RV0; filler removal, first2Z and tail puncturing; supported n only"",""scrambling"":""public_PCG64_SHA256_protocol_session_frame_group_counter_after_rate_matching_v1"",""torch"":""2.11.0+cu128"",""version"":""2.2.0""},""interleaver_sha256"":""b2f425969524dc4e50455284b2ab091b6e23c61f04f28d2605b84e915ecbe74a"",""k"":1108,""k_filler"":36,""k_ldpc"":1144,""layout_id"":""e2b1def614747934c1c44464592eb4afc63abc6aff5cb86b26ca2667f6e2e472"",""modulation_padding_bits"":0,""mother_bits"":3536,""n"":1336,""n_cb"":3432,""n_cb_comp"":3396,""power_protocol"":""fixed_constellation_average_Es2"",""puncturing_bits"":2164,""puncturing_first_2Z"":104,""puncturing_remaining"":2060,""repetition_bits"":0,""scrambling"":""public_PCG64_SHA256_protocol_session_frame_group_counter_after_rate_matching_v1"",""shortening_bits"":36,""z"":52}","[1024,2048]"
16QAM,2/3,16QAM:r2/3,bddf684f8793c9a6771d78d6da9d717f78658868df3fbba2b755df2a14ce80b2,2400,16,0,2416,2560,144,13312,5596,1399,0,0.43173695496783415,0.42887776983559683,"{""actual_effective_rate"":0.43173695496783415,""bg"":""bg2"",""bit_mapping"":""component_Gray_00_-3_01_-1_10_3_11_1_over_sqrt5;QPSK_0_plus1_1_minus1"",""code_blocks"":1,""decoder_config"":{""cn_schedule"":""flooding"",""cn_update"":""boxplus-phi"",""early_stop"":false,""hard_out"":true,""harq_mode"":false,""llr_max"":20.0,""num_iter"":20,""precision"":""single"",""prune_pcm"":true,""return_infobits"":true,""vn_update"":""sum""},""implementation"":{""bit_mapping"":""component_Gray_00_-3_01_-1_10_3_11_1_over_sqrt5;QPSK_0_plus1_1_minus1"",""cuda"":""12.8"",""decoder"":{""cn_schedule"":""flooding"",""cn_update"":""boxplus-phi"",""early_stop"":false,""hard_out"":true,""harq_mode"":false,""llr_max"":20.0,""num_iter"":20,""precision"":""single"",""prune_pcm"":true,""return_infobits"":true,""vn_update"":""sum""},""decoder_source_sha256"":""44d84b92b749e2970f94d92cd348a11648e2286b4d851faa0af8b21d08f0da23"",""encoder_source_sha256"":""34d8db6660b2e84708a8fb534f63c194f6f2b964e3693fcffc9dcaf21532ccfd"",""implementation"":""Sionna_5G_LDPC"",""power_protocol"":""fixed_constellation_average_Es2"",""precision"":""float32"",""rate_matching"":""Sionna RV0; filler removal, first2Z and tail puncturing; supported n only"",""scrambling"":""public_PCG64_SHA256_protocol_session_frame_group_counter_after_rate_matching_v1"",""torch"":""2.11.0+cu128"",""version"":""2.2.0""},""interleaver_sha256"":""26ec46129ff6796f2dc7c60813a41aec378da7d04474e51fd2c785101daa1476"",""k"":2416,""k_filler"":144,""k_ldpc"":2560,""layout_id"":""902685f1c3ef2fa431d8463840ccc37390f389c2a3d1e60f9f8bdf9e9c290253"",""modulation_padding_bits"":0,""mother_bits"":13312,""n"":5596,""n_cb"":12800,""n_cb_comp"":12656,""power_protocol"":""fixed_constellation_average_Es2"",""puncturing_bits"":7572,""puncturing_first_2Z"":512,""puncturing_remaining"":7060,""repetition_bits"":0,""scrambling"":""public_PCG64_SHA256_protocol_session_frame_group_counter_after_rate_matching_v1"",""shortening_bits"":144,""z"":256}",[2048]
QPSK,5/6,QPSK:r5/6,bde47b1eb898d75e82133a298f36cb743e75cc0806766e2b08029af38d4028a9,1200,16,0,1216,1280,64,6656,2936,1468,0,0.4141689373297003,0.4087193460490463,"{""actual_effective_rate"":0.4141689373297003,""bg"":""bg2"",""bit_mapping"":""component_Gray_00_-3_01_-1_10_3_11_1_over_sqrt5;QPSK_0_plus1_1_minus1"",""code_blocks"":1,""decoder_config"":{""cn_schedule"":""flooding"",""cn_update"":""boxplus-phi"",""early_stop"":false,""hard_out"":true,""harq_mode"":false,""llr_max"":20.0,""num_iter"":20,""precision"":""single"",""prune_pcm"":true,""return_infobits"":true,""vn_update"":""sum""},""implementation"":{""bit_mapping"":""component_Gray_00_-3_01_-1_10_3_11_1_over_sqrt5;QPSK_0_plus1_1_minus1"",""cuda"":""12.8"",""decoder"":{""cn_schedule"":""flooding"",""cn_update"":""boxplus-phi"",""early_stop"":false,""hard_out"":true,""harq_mode"":false,""llr_max"":20.0,""num_iter"":20,""precision"":""single"",""prune_pcm"":true,""return_infobits"":true,""vn_update"":""sum""},""decoder_source_sha256"":""44d84b92b749e2970f94d92cd348a11648e2286b4d851faa0af8b21d08f0da23"",""encoder_source_sha256"":""34d8db6660b2e84708a8fb534f63c194f6f2b964e3693fcffc9dcaf21532ccfd"",""implementation"":""Sionna_5G_LDPC"",""power_protocol"":""fixed_constellation_average_Es2"",""precision"":""float32"",""rate_matching"":""Sionna RV0; filler removal, first2Z and tail puncturing; supported n only"",""scrambling"":""public_PCG64_SHA256_protocol_session_frame_group_counter_after_rate_matching_v1"",""torch"":""2.11.0+cu128"",""version"":""2.2.0""},""interleaver_sha256"":""8a4b4f241826d11238eae788b13716ef7c7f76852fc4d341e892915813856a2b"",""k"":1216,""k_filler"":64,""k_ldpc"":1280,""layout_id"":""c7b28aa656c74e61aea79ad2667691cc10a3e614e5d0a7bbf5e11eee47be9abe"",""modulation_padding_bits"":0,""mother_bits"":6656,""n"":2936,""n_cb"":6400,""n_cb_comp"":6336,""power_protocol"":""fixed_constellation_average_Es2"",""puncturing_bits"":3656,""puncturing_first_2Z"":256,""puncturing_remaining"":3400,""repetition_bits"":0,""scrambling"":""public_PCG64_SHA256_protocol_session_frame_group_counter_after_rate_matching_v1"",""shortening_bits"":64,""z"":128}",[2048]
16QAM,3/4,16QAM:r3/4,bde7383365f7d1fad94b5543686d9d1f31b204f53a649417f5ec068056f95b72,3912,16,0,3928,4224,296,13056,5888,1472,0,0.6671195652173914,0.6644021739130435,"{""actual_effective_rate"":0.6671195652173914,""bg"":""bg1"",""bit_mapping"":""component_Gray_00_-3_01_-1_10_3_11_1_over_sqrt5;QPSK_0_plus1_1_minus1"",""code_blocks"":1,""decoder_config"":{""cn_schedule"":""flooding"",""cn_update"":""boxplus-phi"",""early_stop"":false,""hard_out"":true,""harq_mode"":false,""llr_max"":20.0,""num_iter"":20,""precision"":""single"",""prune_pcm"":true,""return_infobits"":true,""vn_update"":""sum""},""implementation"":{""bit_mapping"":""component_Gray_00_-3_01_-1_10_3_11_1_over_sqrt5;QPSK_0_plus1_1_minus1"",""cuda"":""12.8"",""decoder"":{""cn_schedule"":""flooding"",""cn_update"":""boxplus-phi"",""early_stop"":false,""hard_out"":true,""harq_mode"":false,""llr_max"":20.0,""num_iter"":20,""precision"":""single"",""prune_pcm"":true,""return_infobits"":true,""vn_update"":""sum""},""decoder_source_sha256"":""44d84b92b749e2970f94d92cd348a11648e2286b4d851faa0af8b21d08f0da23"",""encoder_source_sha256"":""34d8db6660b2e84708a8fb534f63c194f6f2b964e3693fcffc9dcaf21532ccfd"",""implementation"":""Sionna_5G_LDPC"",""power_protocol"":""fixed_constellation_average_Es2"",""precision"":""float32"",""rate_matching"":""Sionna RV0; filler removal, first2Z and tail puncturing; supported n only"",""scrambling"":""public_PCG64_SHA256_protocol_session_frame_group_counter_after_rate_matching_v1"",""torch"":""2.11.0+cu128"",""version"":""2.2.0""},""interleaver_sha256"":""eabef80c4075c95bca45b41cf18af367b7ee5ed6d99646a1e8262366474eafeb"",""k"":3928,""k_filler"":296,""k_ldpc"":4224,""layout_id"":""56d899a968bdb03ac7c953b88d246b80d6260b351e14456f3738a60cc1ce1f3b"",""modulation_padding_bits"":0,""mother_bits"":13056,""n"":5888,""n_cb"":12672,""n_cb_comp"":12376,""power_protocol"":""fixed_constellation_average_Es2"",""puncturing_bits"":6872,""puncturing_first_2Z"":384,""puncturing_remaining"":6488,""repetition_bits"":0,""scrambling"":""public_PCG64_SHA256_protocol_session_frame_group_counter_after_rate_matching_v1"",""shortening_bits"":296,""z"":192}",[2048]
16QAM,5/6,16QAM:r5/6,bde9994e1905f64c5945d7e21b2c9f4b8743bf074bdbfd0f6a1e136ba780d8eb,72,16,0,88,150,62,780,332,83,0,0.26506024096385544,0.21686746987951808,"{""actual_effective_rate"":0.26506024096385544,""bg"":""bg2"",""bit_mapping"":""component_Gray_00_-3_01_-1_10_3_11_1_over_sqrt5;QPSK_0_plus1_1_minus1"",""code_blocks"":1,""decoder_config"":{""cn_schedule"":""flooding"",""cn_update"":""boxplus-phi"",""early_stop"":false,""hard_out"":true,""harq_mode"":false,""llr_max"":20.0,""num_iter"":20,""precision"":""single"",""prune_pcm"":true,""return_infobits"":true,""vn_update"":""sum""},""implementation"":{""bit_mapping"":""component_Gray_00_-3_01_-1_10_3_11_1_over_sqrt5;QPSK_0_plus1_1_minus1"",""cuda"":""12.8"",""decoder"":{""cn_schedule"":""flooding"",""cn_update"":""boxplus-phi"",""early_stop"":false,""hard_out"":true,""harq_mode"":false,""llr_max"":20.0,""num_iter"":20,""precision"":""single"",""prune_pcm"":true,""return_infobits"":true,""vn_update"":""sum""},""decoder_source_sha256"":""44d84b92b749e2970f94d92cd348a11648e2286b4d851faa0af8b21d08f0da23"",""encoder_source_sha256"":""34d8db6660b2e84708a8fb534f63c194f6f2b964e3693fcffc9dcaf21532ccfd"",""implementation"":""Sionna_5G_LDPC"",""power_protocol"":""fixed_constellation_average_Es2"",""precision"":""float32"",""rate_matching"":""Sionna RV0; filler removal, first2Z and tail puncturing; supported n only"",""scrambling"":""public_PCG64_SHA256_protocol_session_frame_group_counter_after_rate_matching_v1"",""torch"":""2.11.0+cu128"",""version"":""2.2.0""},""interleaver_sha256"":""94f20c9aff423a8b77a4fe251e3fa4f966d011c8d95dfa260f316a4e82538bb7"",""k"":88,""k_filler"":62,""k_ldpc"":150,""layout_id"":""87f13a42bcc5106a757138f6f3e855732c338eadb45929d611f28d1c4a9b7adc"",""modulation_padding_bits"":0,""mother_bits"":780,""n"":332,""n_cb"":750,""n_cb_comp"":688,""power_protocol"":""fixed_constellation_average_Es2"",""puncturing_bits"":386,""puncturing_first_2Z"":30,""puncturing_remaining"":356,""repetition_bits"":0,""scrambling"":""public_PCG64_SHA256_protocol_session_frame_group_counter_after_rate_matching_v1"",""shortening_bits"":62,""z"":15}",[1024]
16QAM,5/6,16QAM:r5/6,bdffc1861b1b5f3826cbc78efc6ea33379175032141f3b9016484be48581252e,324,16,0,340,440,100,2288,1092,273,0,0.31135531135531136,0.2967032967032967,"{""actual_effective_rate"":0.31135531135531136,""bg"":""bg2"",""bit_mapping"":""component_Gray_00_-3_01_-1_10_3_11_1_over_sqrt5;QPSK_0_plus1_1_minus1"",""code_blocks"":1,""decoder_config"":{""cn_schedule"":""flooding"",""cn_update"":""boxplus-phi"",""early_stop"":false,""hard_out"":true,""harq_mode"":false,""llr_max"":20.0,""num_iter"":20,""precision"":""single"",""prune_pcm"":true,""return_infobits"":true,""vn_update"":""sum""},""implementation"":{""bit_mapping"":""component_Gray_00_-3_01_-1_10_3_11_1_over_sqrt5;QPSK_0_plus1_1_minus1"",""cuda"":""12.8"",""decoder"":{""cn_schedule"":""flooding"",""cn_update"":""boxplus-phi"",""early_stop"":false,""hard_out"":true,""harq_mode"":false,""llr_max"":20.0,""num_iter"":20,""precision"":""single"",""prune_pcm"":true,""return_infobits"":true,""vn_update"":""sum""},""decoder_source_sha256"":""44d84b92b749e2970f94d92cd348a11648e2286b4d851faa0af8b21d08f0da23"",""encoder_source_sha256"":""34d8db6660b2e84708a8fb534f63c194f6f2b964e3693fcffc9dcaf21532ccfd"",""implementation"":""Sionna_5G_LDPC"",""power_protocol"":""fixed_constellation_average_Es2"",""precision"":""float32"",""rate_matching"":""Sionna RV0; filler removal, first2Z and tail puncturing; supported n only"",""scrambling"":""public_PCG64_SHA256_protocol_session_frame_group_counter_after_rate_matching_v1"",""torch"":""2.11.0+cu128"",""version"":""2.2.0""},""interleaver_sha256"":""69f46950e946cdbce740d395232d84d2e45a5bbfc96d77538f6d4a624be75216"",""k"":340,""k_filler"":100,""k_ldpc"":440,""layout_id"":""9fc570773e706bfbf6df8f6366118f954f35152a81ae16cd4a68e0c1e65e40c6"",""modulation_padding_bits"":0,""mother_bits"":2288,""n"":1092,""n_cb"":2200,""n_cb_comp"":2100,""power_protocol"":""fixed_constellation_average_Es2"",""puncturing_bits"":1096,""puncturing_first_2Z"":88,""puncturing_remaining"":1008,""repetition_bits"":0,""scrambling"":""public_PCG64_SHA256_protocol_session_frame_group_counter_after_rate_matching_v1"",""shortening_bits"":100,""z"":44}",[1024]
QPSK,1/2,QPSK:r1/2,be1ddb567522fe554d36c1e061cbc71ef370a026e52952abaad18dedd1f330d2,660,16,0,676,720,44,3744,1390,695,0,0.48633093525179855,0.4748201438848921,"{""actual_effective_rate"":0.48633093525179855,""bg"":""bg2"",""bit_mapping"":""component_Gray_00_-3_01_-1_10_3_11_1_over_sqrt5;QPSK_0_plus1_1_minus1"",""code_blocks"":1,""decoder_config"":{""cn_schedule"":""flooding"",""cn_update"":""boxplus-phi"",""early_stop"":false,""hard_out"":true,""harq_mode"":false,""llr_max"":20.0,""num_iter"":20,""precision"":""single"",""prune_pcm"":true,""return_infobits"":true,""vn_update"":""sum""},""implementation"":{""bit_mapping"":""component_Gray_00_-3_01_-1_10_3_11_1_over_sqrt5;QPSK_0_plus1_1_minus1"",""cuda"":""12.8"",""decoder"":{""cn_schedule"":""flooding"",""cn_update"":""boxplus-phi"",""early_stop"":false,""hard_out"":true,""harq_mode"":false,""llr_max"":20.0,""num_iter"":20,""precision"":""single"",""prune_pcm"":true,""return_infobits"":true,""vn_update"":""sum""},""decoder_source_sha256"":""44d84b92b749e2970f94d92cd348a11648e2286b4d851faa0af8b21d08f0da23"",""encoder_source_sha256"":""34d8db6660b2e84708a8fb534f63c194f6f2b964e3693fcffc9dcaf21532ccfd"",""implementation"":""Sionna_5G_LDPC"",""power_protocol"":""fixed_constellation_average_Es2"",""precision"":""float32"",""rate_matching"":""Sionna RV0; filler removal, first2Z and tail puncturing; supported n only"",""scrambling"":""public_PCG64_SHA256_protocol_session_frame_group_counter_after_rate_matching_v1"",""torch"":""2.11.0+cu128"",""version"":""2.2.0""},""interleaver_sha256"":""32683d3f6786f63bb43514aa930c978b44fdc49ebef14373916f949b9cb35d30"",""k"":676,""k_filler"":44,""k_ldpc"":720,""layout_id"":""7c018c8ba7f2e4037e3cf774ff880f4ea8fbe37a8b61975af9b8b95c5ad2d3bc"",""modulation_padding_bits"":0,""mother_bits"":3744,""n"":1390,""n_cb"":3600,""n_cb_comp"":3556,""power_protocol"":""fixed_constellation_average_Es2"",""puncturing_bits"":2310,""puncturing_first_2Z"":144,""puncturing_remaining"":2166,""repetition_bits"":0,""scrambling"":""public_PCG64_SHA256_protocol_session_frame_group_counter_after_rate_matching_v1"",""shortening_bits"":44,""z"":72}",[1024]
16QAM,1/2,16QAM:r1/2,be26cf2f1b51f71a017d083a0c5cea2d103f99b35f6a88e6b85ea4dbcaafac38,1308,16,0,1324,1440,116,7488,5552,1388,0,0.23847262247838616,0.2355907780979827,"{""actual_effective_rate"":0.23847262247838616,""bg"":""bg2"",""bit_mapping"":""component_Gray_00_-3_01_-1_10_3_11_1_over_sqrt5;QPSK_0_plus1_1_minus1"",""code_blocks"":1,""decoder_config"":{""cn_schedule"":""flooding"",""cn_update"":""boxplus-phi"",""early_stop"":false,""hard_out"":true,""harq_mode"":false,""llr_max"":20.0,""num_iter"":20,""precision"":""single"",""prune_pcm"":true,""return_infobits"":true,""vn_update"":""sum""},""implementation"":{""bit_mapping"":""component_Gray_00_-3_01_-1_10_3_11_1_over_sqrt5;QPSK_0_plus1_1_minus1"",""cuda"":""12.8"",""decoder"":{""cn_schedule"":""flooding"",""cn_update"":""boxplus-phi"",""early_stop"":false,""hard_out"":true,""harq_mode"":false,""llr_max"":20.0,""num_iter"":20,""precision"":""single"",""prune_pcm"":true,""return_infobits"":true,""vn_update"":""sum""},""decoder_source_sha256"":""44d84b92b749e2970f94d92cd348a11648e2286b4d851faa0af8b21d08f0da23"",""encoder_source_sha256"":""34d8db6660b2e84708a8fb534f63c194f6f2b964e3693fcffc9dcaf21532ccfd"",""implementation"":""Sionna_5G_LDPC"",""power_protocol"":""fixed_constellation_average_Es2"",""precision"":""float32"",""rate_matching"":""Sionna RV0; filler removal, first2Z and tail puncturing; supported n only"",""scrambling"":""public_PCG64_SHA256_protocol_session_frame_group_counter_after_rate_matching_v1"",""torch"":""2.11.0+cu128"",""version"":""2.2.0""},""interleaver_sha256"":""fbf65ed7d3288d3444f3bcbf1d4fba349fc88d9638a1203331e458203c0009b0"",""k"":1324,""k_filler"":116,""k_ldpc"":1440,""layout_id"":""708d759c8657fc84f672eae6726e22ad874c2beda4d2c65ea854aae6dbea09cd"",""modulation_padding_bits"":0,""mother_bits"":7488,""n"":5552,""n_cb"":7200,""n_cb_comp"":7084,""power_protocol"":""fixed_constellation_average_Es2"",""puncturing_bits"":1820,""puncturing_first_2Z"":288,""puncturing_remaining"":1532,""repetition_bits"":0,""scrambling"":""public_PCG64_SHA256_protocol_session_frame_group_counter_after_rate_matching_v1"",""shortening_bits"":116,""z"":144}",[2048]
QPSK,3/4,QPSK:r3/4,be3bb7823ec23548213e6d67d8d95a937783748b748e3b59a2f4e35f097e8cb1,216,16,0,232,300,68,1560,1000,500,0,0.232,0.216,"{""actual_effective_rate"":0.232,""bg"":""bg2"",""bit_mapping"":""component_Gray_00_-3_01_-1_10_3_11_1_over_sqrt5;QPSK_0_plus1_1_minus1"",""code_blocks"":1,""decoder_config"":{""cn_schedule"":""flooding"",""cn_update"":""boxplus-phi"",""early_stop"":false,""hard_out"":true,""harq_mode"":false,""llr_max"":20.0,""num_iter"":20,""precision"":""single"",""prune_pcm"":true,""return_infobits"":true,""vn_update"":""sum""},""implementation"":{""bit_mapping"":""component_Gray_00_-3_01_-1_10_3_11_1_over_sqrt5;QPSK_0_plus1_1_minus1"",""cuda"":""12.8"",""decoder"":{""cn_schedule"":""flooding"",""cn_update"":""boxplus-phi"",""early_stop"":false,""hard_out"":true,""harq_mode"":false,""llr_max"":20.0,""num_iter"":20,""precision"":""single"",""prune_pcm"":true,""return_infobits"":true,""vn_update"":""sum""},""decoder_source_sha256"":""44d84b92b749e2970f94d92cd348a11648e2286b4d851faa0af8b21d08f0da23"",""encoder_source_sha256"":""34d8db6660b2e84708a8fb534f63c194f6f2b964e3693fcffc9dcaf21532ccfd"",""implementation"":""Sionna_5G_LDPC"",""power_protocol"":""fixed_constellation_average_Es2"",""precision"":""float32"",""rate_matching"":""Sionna RV0; filler removal, first2Z and tail puncturing; supported n only"",""scrambling"":""public_PCG64_SHA256_protocol_session_frame_group_counter_after_rate_matching_v1"",""torch"":""2.11.0+cu128"",""version"":""2.2.0""},""interleaver_sha256"":""83df9e4ba0ed62a47f8302652602c716525e405c658f6e9e86f644c26702eb3d"",""k"":232,""k_filler"":68,""k_ldpc"":300,""layout_id"":""429225e162cd4d7568953bca883d6907a41e23a8c05e07f1cb52909d8c8ed61c"",""modulation_padding_bits"":0,""mother_bits"":1560,""n"":1000,""n_cb"":1500,""n_cb_comp"":1432,""power_protocol"":""fixed_constellation_average_Es2"",""puncturing_bits"":492,""puncturing_first_2Z"":60,""puncturing_remaining"":432,""repetition_bits"":0,""scrambling"":""public_PCG64_SHA256_protocol_session_frame_group_counter_after_rate_matching_v1"",""shortening_bits"":68,""z"":30}",[1024]
16QAM,1/3,16QAM:r1/3,be43442a9eff896404fe02501a6c630b9afa6547896786c7bb05f5f33c581d51,216,16,0,232,300,68,1560,696,174,0,0.3333333333333333,0.3103448275862069,"{""actual_effective_rate"":0.3333333333333333,""bg"":""bg2"",""bit_mapping"":""component_Gray_00_-3_01_-1_10_3_11_1_over_sqrt5;QPSK_0_plus1_1_minus1"",""code_blocks"":1,""decoder_config"":{""cn_schedule"":""flooding"",""cn_update"":""boxplus-phi"",""early_stop"":false,""hard_out"":true,""harq_mode"":false,""llr_max"":20.0,""num_iter"":20,""precision"":""single"",""prune_pcm"":true,""return_infobits"":true,""vn_update"":""sum""},""implementation"":{""bit_mapping"":""component_Gray_00_-3_01_-1_10_3_11_1_over_sqrt5;QPSK_0_plus1_1_minus1"",""cuda"":""12.8"",""decoder"":{""cn_schedule"":""flooding"",""cn_update"":""boxplus-phi"",""early_stop"":false,""hard_out"":true,""harq_mode"":false,""llr_max"":20.0,""num_iter"":20,""precision"":""single"",""prune_pcm"":true,""return_infobits"":true,""vn_update"":""sum""},""decoder_source_sha256"":""44d84b92b749e2970f94d92cd348a11648e2286b4d851faa0af8b21d08f0da23"",""encoder_source_sha256"":""34d8db6660b2e84708a8fb534f63c194f6f2b964e3693fcffc9dcaf21532ccfd"",""implementation"":""Sionna_5G_LDPC"",""power_protocol"":""fixed_constellation_average_Es2"",""precision"":""float32"",""rate_matching"":""Sionna RV0; filler removal, first2Z and tail puncturing; supported n only"",""scrambling"":""public_PCG64_SHA256_protocol_session_frame_group_counter_after_rate_matching_v1"",""torch"":""2.11.0+cu128"",""version"":""2.2.0""},""interleaver_sha256"":""f5468b74a625b26b74dbc78b3bfd41fcbcfcbe32dfb4c58758062acfb963064f"",""k"":232,""k_filler"":68,""k_ldpc"":300,""layout_id"":""4bb5c503855027a0d365ab0716aee59925984426372bba806b8f207fc819989e"",""modulation_padding_bits"":0,""mother_bits"":1560,""n"":696,""n_cb"":1500,""n_cb_comp"":1432,""power_protocol"":""fixed_constellation_average_Es2"",""puncturing_bits"":796,""puncturing_first_2Z"":60,""puncturing_remaining"":736,""repetition_bits"":0,""scrambling"":""public_PCG64_SHA256_protocol_session_frame_group_counter_after_rate_matching_v1"",""shortening_bits"":68,""z"":30}","[1024,2048]"
QPSK,5/6,QPSK:r5/6,be4501ef116f67522d6c3c7d3ec952971c658e6ae467e50b829b01cf3da9e0ae,144,16,0,160,280,120,1456,388,194,0,0.41237113402061853,0.3711340206185567,"{""actual_effective_rate"":0.41237113402061853,""bg"":""bg2"",""bit_mapping"":""component_Gray_00_-3_01_-1_10_3_11_1_over_sqrt5;QPSK_0_plus1_1_minus1"",""code_blocks"":1,""decoder_config"":{""cn_schedule"":""flooding"",""cn_update"":""boxplus-phi"",""early_stop"":false,""hard_out"":true,""harq_mode"":false,""llr_max"":20.0,""num_iter"":20,""precision"":""single"",""prune_pcm"":true,""return_infobits"":true,""vn_update"":""sum""},""implementation"":{""bit_mapping"":""component_Gray_00_-3_01_-1_10_3_11_1_over_sqrt5;QPSK_0_plus1_1_minus1"",""cuda"":""12.8"",""decoder"":{""cn_schedule"":""flooding"",""cn_update"":""boxplus-phi"",""early_stop"":false,""hard_out"":true,""harq_mode"":false,""llr_max"":20.0,""num_iter"":20,""precision"":""single"",""prune_pcm"":true,""return_infobits"":true,""vn_update"":""sum""},""decoder_source_sha256"":""44d84b92b749e2970f94d92cd348a11648e2286b4d851faa0af8b21d08f0da23"",""encoder_source_sha256"":""34d8db6660b2e84708a8fb534f63c194f6f2b964e3693fcffc9dcaf21532ccfd"",""implementation"":""Sionna_5G_LDPC"",""power_protocol"":""fixed_constellation_average_Es2"",""precision"":""float32"",""rate_matching"":""Sionna RV0; filler removal, first2Z and tail puncturing; supported n only"",""scrambling"":""public_PCG64_SHA256_protocol_session_frame_group_counter_after_rate_matching_v1"",""torch"":""2.11.0+cu128"",""version"":""2.2.0""},""interleaver_sha256"":""83ee179562a44b08d0e9d4ed82cf176446d9231020e4f6281fa88025774bba27"",""k"":160,""k_filler"":120,""k_ldpc"":280,""layout_id"":""25da204b00fcd5e86b37cabacbac9035fcb77a761359a67552e47adbc57e92e9"",""modulation_padding_bits"":0,""mother_bits"":1456,""n"":388,""n_cb"":1400,""n_cb_comp"":1280,""power_protocol"":""fixed_constellation_average_Es2"",""puncturing_bits"":948,""puncturing_first_2Z"":56,""puncturing_remaining"":892,""repetition_bits"":0,""scrambling"":""public_PCG64_SHA256_protocol_session_frame_group_counter_after_rate_matching_v1"",""shortening_bits"":120,""z"":28}",[1024]
16QAM,1/3,16QAM:r1/3,be4be1f9b0c3d22d0301835868577cd7e2047bd88fbae1265c7439446434a148,2100,16,0,2116,2240,124,11648,7392,1848,0,0.28625541125541126,0.2840909090909091,"{""actual_effective_rate"":0.28625541125541126,""bg"":""bg2"",""bit_mapping"":""component_Gray_00_-3_01_-1_10_3_11_1_over_sqrt5;QPSK_0_plus1_1_minus1"",""code_blocks"":1,""decoder_config"":{""cn_schedule"":""flooding"",""cn_update"":""boxplus-phi"",""early_stop"":false,""hard_out"":true,""harq_mode"":false,""llr_max"":20.0,""num_iter"":20,""precision"":""single"",""prune_pcm"":true,""return_infobits"":true,""vn_update"":""sum""},""implementation"":{""bit_mapping"":""component_Gray_00_-3_01_-1_10_3_11_1_over_sqrt5;QPSK_0_plus1_1_minus1"",""cuda"":""12.8"",""decoder"":{""cn_schedule"":""flooding"",""cn_update"":""boxplus-phi"",""early_stop"":false,""hard_out"":true,""harq_mode"":false,""llr_max"":20.0,""num_iter"":20,""precision"":""single"",""prune_pcm"":true,""return_infobits"":true,""vn_update"":""sum""},""decoder_source_sha256"":""44d84b92b749e2970f94d92cd348a11648e2286b4d851faa0af8b21d08f0da23"",""encoder_source_sha256"":""34d8db6660b2e84708a8fb534f63c194f6f2b964e3693fcffc9dcaf21532ccfd"",""implementation"":""Sionna_5G_LDPC"",""power_protocol"":""fixed_constellation_average_Es2"",""precision"":""float32"",""rate_matching"":""Sionna RV0; filler removal, first2Z and tail puncturing; supported n only"",""scrambling"":""public_PCG64_SHA256_protocol_session_frame_group_counter_after_rate_matching_v1"",""torch"":""2.11.0+cu128"",""version"":""2.2.0""},""interleaver_sha256"":""c53c10d746373e501186fd8a1974b4917191d73f28151c1acb620fb396c25bd7"",""k"":2116,""k_filler"":124,""k_ldpc"":2240,""layout_id"":""65b62d728f54452cb1f01d7bb0e38030a4877fabee3c6e9a123c046dd5fc4b24"",""modulation_padding_bits"":0,""mother_bits"":11648,""n"":7392,""n_cb"":11200,""n_cb_comp"":11076,""power_protocol"":""fixed_constellation_average_Es2"",""puncturing_bits"":4132,""puncturing_first_2Z"":448,""puncturing_remaining"":3684,""repetition_bits"":0,""scrambling"":""public_PCG64_SHA256_protocol_session_frame_group_counter_after_rate_matching_v1"",""shortening_bits"":124,""z"":224}",[2048]
QPSK,5/6,QPSK:r5/6,be51f8d0fc4d35aa147873d2639eb59ce100d7ce238414e4354e03fdcfef5b2f,1308,16,0,1324,1440,116,7488,3362,1681,0,0.39381320642474715,0.38905413444378345,"{""actual_effective_rate"":0.39381320642474715,""bg"":""bg2"",""bit_mapping"":""component_Gray_00_-3_01_-1_10_3_11_1_over_sqrt5;QPSK_0_plus1_1_minus1"",""code_blocks"":1,""decoder_config"":{""cn_schedule"":""flooding"",""cn_update"":""boxplus-phi"",""early_stop"":false,""hard_out"":true,""harq_mode"":false,""llr_max"":20.0,""num_iter"":20,""precision"":""single"",""prune_pcm"":true,""return_infobits"":true,""vn_update"":""sum""},""implementation"":{""bit_mapping"":""component_Gray_00_-3_01_-1_10_3_11_1_over_sqrt5;QPSK_0_plus1_1_minus1"",""cuda"":""12.8"",""decoder"":{""cn_schedule"":""flooding"",""cn_update"":""boxplus-phi"",""early_stop"":false,""hard_out"":true,""harq_mode"":false,""llr_max"":20.0,""num_iter"":20,""precision"":""single"",""prune_pcm"":true,""return_infobits"":true,""vn_update"":""sum""},""decoder_source_sha256"":""44d84b92b749e2970f94d92cd348a11648e2286b4d851faa0af8b21d08f0da23"",""encoder_source_sha256"":""34d8db6660b2e84708a8fb534f63c194f6f2b964e3693fcffc9dcaf21532ccfd"",""implementation"":""Sionna_5G_LDPC"",""power_protocol"":""fixed_constellation_average_Es2"",""precision"":""float32"",""rate_matching"":""Sionna RV0; filler removal, first2Z and tail puncturing; supported n only"",""scrambling"":""public_PCG64_SHA256_protocol_session_frame_group_counter_after_rate_matching_v1"",""torch"":""2.11.0+cu128"",""version"":""2.2.0""},""interleaver_sha256"":""51d33439f4abeb4a2bd8529cd6e8b623d4fa88ce1fda1af0ebdd5c4e9f7fd1fa"",""k"":1324,""k_filler"":116,""k_ldpc"":1440,""layout_id"":""9128eed1bfc3a5ac8e5d4367d2e89cc2dcd488e542582b6c2c6210acf033aef4"",""modulation_padding_bits"":0,""mother_bits"":7488,""n"":3362,""n_cb"":7200,""n_cb_comp"":7084,""power_protocol"":""fixed_constellation_average_Es2"",""puncturing_bits"":4010,""puncturing_first_2Z"":288,""puncturing_remaining"":3722,""repetition_bits"":0,""scrambling"":""public_PCG64_SHA256_protocol_session_frame_group_counter_after_rate_matching_v1"",""shortening_bits"":116,""z"":144}",[2048]
16QAM,1/3,16QAM:r1/3,be59af5531301350879f4f40381c8f544cb0c244100565c7106df03f1ff4b521,360,16,0,376,480,104,2496,1584,396,0,0.23737373737373738,0.22727272727272727,"{""actual_effective_rate"":0.23737373737373738,""bg"":""bg2"",""bit_mapping"":""component_Gray_00_-3_01_-1_10_3_11_1_over_sqrt5;QPSK_0_plus1_1_minus1"",""code_blocks"":1,""decoder_config"":{""cn_schedule"":""flooding"",""cn_update"":""boxplus-phi"",""early_stop"":false,""hard_out"":true,""harq_mode"":false,""llr_max"":20.0,""num_iter"":20,""precision"":""single"",""prune_pcm"":true,""return_infobits"":true,""vn_update"":""sum""},""implementation"":{""bit_mapping"":""component_Gray_00_-3_01_-1_10_3_11_1_over_sqrt5;QPSK_0_plus1_1_minus1"",""cuda"":""12.8"",""decoder"":{""cn_schedule"":""flooding"",""cn_update"":""boxplus-phi"",""early_stop"":false,""hard_out"":true,""harq_mode"":false,""llr_max"":20.0,""num_iter"":20,""precision"":""single"",""prune_pcm"":true,""return_infobits"":true,""vn_update"":""sum""},""decoder_source_sha256"":""44d84b92b749e2970f94d92cd348a11648e2286b4d851faa0af8b21d08f0da23"",""encoder_source_sha256"":""34d8db6660b2e84708a8fb534f63c194f6f2b964e3693fcffc9dcaf21532ccfd"",""implementation"":""Sionna_5G_LDPC"",""power_protocol"":""fixed_constellation_average_Es2"",""precision"":""float32"",""rate_matching"":""Sionna RV0; filler removal, first2Z and tail puncturing; supported n only"",""scrambling"":""public_PCG64_SHA256_protocol_session_frame_group_counter_after_rate_matching_v1"",""torch"":""2.11.0+cu128"",""version"":""2.2.0""},""interleaver_sha256"":""2454fd59840f4507556f3572936dc810510ae0a9fbdd3f0f7bf54f871e828d98"",""k"":376,""k_filler"":104,""k_ldpc"":480,""layout_id"":""b5060f49322d5acf014585d4c724655ca58c6fec127d37e7b7851b35173ff454"",""modulation_padding_bits"":0,""mother_bits"":2496,""n"":1584,""n_cb"":2400,""n_cb_comp"":2296,""power_protocol"":""fixed_constellation_average_Es2"",""puncturing_bits"":808,""puncturing_first_2Z"":96,""puncturing_remaining"":712,""repetition_bits"":0,""scrambling"":""public_PCG64_SHA256_protocol_session_frame_group_counter_after_rate_matching_v1"",""shortening_bits"":104,""z"":48}","[1024,2048]"
16QAM,3/4,16QAM:r3/4,be6002998019ad0bfd8e1112aa6bf454ad82b3663d8befeea25d7d2a074d82bd,624,16,0,640,720,80,3744,2404,601,0,0.26622296173044924,0.259567387687188,"{""actual_effective_rate"":0.26622296173044924,""bg"":""bg2"",""bit_mapping"":""component_Gray_00_-3_01_-1_10_3_11_1_over_sqrt5;QPSK_0_plus1_1_minus1"",""code_blocks"":1,""decoder_config"":{""cn_schedule"":""flooding"",""cn_update"":""boxplus-phi"",""early_stop"":false,""hard_out"":true,""harq_mode"":false,""llr_max"":20.0,""num_iter"":20,""precision"":""single"",""prune_pcm"":true,""return_infobits"":true,""vn_update"":""sum""},""implementation"":{""bit_mapping"":""component_Gray_00_-3_01_-1_10_3_11_1_over_sqrt5;QPSK_0_plus1_1_minus1"",""cuda"":""12.8"",""decoder"":{""cn_schedule"":""flooding"",""cn_update"":""boxplus-phi"",""early_stop"":false,""hard_out"":true,""harq_mode"":false,""llr_max"":20.0,""num_iter"":20,""precision"":""single"",""prune_pcm"":true,""return_infobits"":true,""vn_update"":""sum""},""decoder_source_sha256"":""44d84b92b749e2970f94d92cd348a11648e2286b4d851faa0af8b21d08f0da23"",""encoder_source_sha256"":""34d8db6660b2e84708a8fb534f63c194f6f2b964e3693fcffc9dcaf21532ccfd"",""implementation"":""Sionna_5G_LDPC"",""power_protocol"":""fixed_constellation_average_Es2"",""precision"":""float32"",""rate_matching"":""Sionna RV0; filler removal, first2Z and tail puncturing; supported n only"",""scrambling"":""public_PCG64_SHA256_protocol_session_frame_group_counter_after_rate_matching_v1"",""torch"":""2.11.0+cu128"",""version"":""2.2.0""},""interleaver_sha256"":""48b7eafeeca11836ecbae6d80c8262a42681da6fb4630ee28495857accf85123"",""k"":640,""k_filler"":80,""k_ldpc"":720,""layout_id"":""49de75420c763de39c747cac631b12aeb050519408dcf58a6793e42a6193a551"",""modulation_padding_bits"":0,""mother_bits"":3744,""n"":2404,""n_cb"":3600,""n_cb_comp"":3520,""power_protocol"":""fixed_constellation_average_Es2"",""puncturing_bits"":1260,""puncturing_first_2Z"":144,""puncturing_remaining"":1116,""repetition_bits"":0,""scrambling"":""public_PCG64_SHA256_protocol_session_frame_group_counter_after_rate_matching_v1"",""shortening_bits"":80,""z"":72}",[1024]
QPSK,1/2,QPSK:r1/2,be620dc3c65678e425f8bba4c2dbce2843a5d9dfbd5478629c2cfbb8760522d7,600,16,0,616,720,104,3744,1306,653,0,0.47166921898928027,0.45941807044410415,"{""actual_effective_rate"":0.47166921898928027,""bg"":""bg2"",""bit_mapping"":""component_Gray_00_-3_01_-1_10_3_11_1_over_sqrt5;QPSK_0_plus1_1_minus1"",""code_blocks"":1,""decoder_config"":{""cn_schedule"":""flooding"",""cn_update"":""boxplus-phi"",""early_stop"":false,""hard_out"":true,""harq_mode"":false,""llr_max"":20.0,""num_iter"":20,""precision"":""single"",""prune_pcm"":true,""return_infobits"":true,""vn_update"":""sum""},""implementation"":{""bit_mapping"":""component_Gray_00_-3_01_-1_10_3_11_1_over_sqrt5;QPSK_0_plus1_1_minus1"",""cuda"":""12.8"",""decoder"":{""cn_schedule"":""flooding"",""cn_update"":""boxplus-phi"",""early_stop"":false,""hard_out"":true,""harq_mode"":false,""llr_max"":20.0,""num_iter"":20,""precision"":""single"",""prune_pcm"":true,""return_infobits"":true,""vn_update"":""sum""},""decoder_source_sha256"":""44d84b92b749e2970f94d92cd348a11648e2286b4d851faa0af8b21d08f0da23"",""encoder_source_sha256"":""34d8db6660b2e84708a8fb534f63c194f6f2b964e3693fcffc9dcaf21532ccfd"",""implementation"":""Sionna_5G_LDPC"",""power_protocol"":""fixed_constellation_average_Es2"",""precision"":""float32"",""rate_matching"":""Sionna RV0; filler removal, first2Z and tail puncturing; supported n only"",""scrambling"":""public_PCG64_SHA256_protocol_session_frame_group_counter_after_rate_matching_v1"",""torch"":""2.11.0+cu128"",""version"":""2.2.0""},""interleaver_sha256"":""4974a8e74a50cfd8792d8ec8ff412049b8de06bec2a2cd9354fcf137ab021b29"",""k"":616,""k_filler"":104,""k_ldpc"":720,""layout_id"":""3a5c34d0cef81f1ddadf6e293cef2bda00213da5c9fe593485c989305449f183"",""modulation_padding_bits"":0,""mother_bits"":3744,""n"":1306,""n_cb"":3600,""n_cb_comp"":3496,""power_protocol"":""fixed_constellation_average_Es2"",""puncturing_bits"":2334,""puncturing_first_2Z"":144,""puncturing_remaining"":2190,""repetition_bits"":0,""scrambling"":""public_PCG64_SHA256_protocol_session_frame_group_counter_after_rate_matching_v1"",""shortening_bits"":104,""z"":72}",[2048]
QPSK,3/4,QPSK:r3/4,be696308aeb5943a35c2a6663868312a603f4d5ef142ec53781ac7f4b1e3f800,660,16,0,676,720,44,3744,2586,1293,0,0.2614075792730085,0.2552204176334107,"{""actual_effective_rate"":0.2614075792730085,""bg"":""bg2"",""bit_mapping"":""component_Gray_00_-3_01_-1_10_3_11_1_over_sqrt5;QPSK_0_plus1_1_minus1"",""code_blocks"":1,""decoder_config"":{""cn_schedule"":""flooding"",""cn_update"":""boxplus-phi"",""early_stop"":false,""hard_out"":true,""harq_mode"":false,""llr_max"":20.0,""num_iter"":20,""precision"":""single"",""prune_pcm"":true,""return_infobits"":true,""vn_update"":""sum""},""implementation"":{""bit_mapping"":""component_Gray_00_-3_01_-1_10_3_11_1_over_sqrt5;QPSK_0_plus1_1_minus1"",""cuda"":""12.8"",""decoder"":{""cn_schedule"":""flooding"",""cn_update"":""boxplus-phi"",""early_stop"":false,""hard_out"":true,""harq_mode"":false,""llr_max"":20.0,""num_iter"":20,""precision"":""single"",""prune_pcm"":true,""return_infobits"":true,""vn_update"":""sum""},""decoder_source_sha256"":""44d84b92b749e2970f94d92cd348a11648e2286b4d851faa0af8b21d08f0da23"",""encoder_source_sha256"":""34d8db6660b2e84708a8fb534f63c194f6f2b964e3693fcffc9dcaf21532ccfd"",""implementation"":""Sionna_5G_LDPC"",""power_protocol"":""fixed_constellation_average_Es2"",""precision"":""float32"",""rate_matching"":""Sionna RV0; filler removal, first2Z and tail puncturing; supported n only"",""scrambling"":""public_PCG64_SHA256_protocol_session_frame_group_counter_after_rate_matching_v1"",""torch"":""2.11.0+cu128"",""version"":""2.2.0""},""interleaver_sha256"":""d0843070574dde115086976a7b61d35efc29cd8fee610b7d6fac6cbe599cbd44"",""k"":676,""k_filler"":44,""k_ldpc"":720,""layout_id"":""4832958692388c4a7e0ae10309e6e0f0d447563f0aaf8041c519385094dfd746"",""modulation_padding_bits"":0,""mother_bits"":3744,""n"":2586,""n_cb"":3600,""n_cb_comp"":3556,""power_protocol"":""fixed_constellation_average_Es2"",""puncturing_bits"":1114,""puncturing_first_2Z"":144,""puncturing_remaining"":970,""repetition_bits"":0,""scrambling"":""public_PCG64_SHA256_protocol_session_frame_group_counter_after_rate_matching_v1"",""shortening_bits"":44,""z"":72}",[2048]
16QAM,1/2,16QAM:r1/2,be6b864c6ab26eda6aa4059c5c56f82b85627d1ec4be9ef8b7e6d6f26e062037,816,16,0,832,880,48,4576,1932,483,0,0.4306418219461698,0.422360248447205,"{""actual_effective_rate"":0.4306418219461698,""bg"":""bg2"",""bit_mapping"":""component_Gray_00_-3_01_-1_10_3_11_1_over_sqrt5;QPSK_0_plus1_1_minus1"",""code_blocks"":1,""decoder_config"":{""cn_schedule"":""flooding"",""cn_update"":""boxplus-phi"",""early_stop"":false,""hard_out"":true,""harq_mode"":false,""llr_max"":20.0,""num_iter"":20,""precision"":""single"",""prune_pcm"":true,""return_infobits"":true,""vn_update"":""sum""},""implementation"":{""bit_mapping"":""component_Gray_00_-3_01_-1_10_3_11_1_over_sqrt5;QPSK_0_plus1_1_minus1"",""cuda"":""12.8"",""decoder"":{""cn_schedule"":""flooding"",""cn_update"":""boxplus-phi"",""early_stop"":false,""hard_out"":true,""harq_mode"":false,""llr_max"":20.0,""num_iter"":20,""precision"":""single"",""prune_pcm"":true,""return_infobits"":true,""vn_update"":""sum""},""decoder_source_sha256"":""44d84b92b749e2970f94d92cd348a11648e2286b4d851faa0af8b21d08f0da23"",""encoder_source_sha256"":""34d8db6660b2e84708a8fb534f63c194f6f2b964e3693fcffc9dcaf21532ccfd"",""implementation"":""Sionna_5G_LDPC"",""power_protocol"":""fixed_constellation_average_Es2"",""precision"":""float32"",""rate_matching"":""Sionna RV0; filler removal, first2Z and tail puncturing; supported n only"",""scrambling"":""public_PCG64_SHA256_protocol_session_frame_group_counter_after_rate_matching_v1"",""torch"":""2.11.0+cu128"",""version"":""2.2.0""},""interleaver_sha256"":""c231d1e6c7119864cf7f0d964298033b07ad4d17f10a1a70fbd5b659917ae054"",""k"":832,""k_filler"":48,""k_ldpc"":880,""layout_id"":""fedc37b643f7655b4077801c21afe6bc5d979b6695952f69d795e8b922151445"",""modulation_padding_bits"":0,""mother_bits"":4576,""n"":1932,""n_cb"":4400,""n_cb_comp"":4352,""power_protocol"":""fixed_constellation_average_Es2"",""puncturing_bits"":2596,""puncturing_first_2Z"":176,""puncturing_remaining"":2420,""repetition_bits"":0,""scrambling"":""public_PCG64_SHA256_protocol_session_frame_group_counter_after_rate_matching_v1"",""shortening_bits"":48,""z"":88}",[1024]
16QAM,2/3,16QAM:r2/3,be70d044577a15f6ec45dc4e6276da43732b41a8228f69780533b1860725e027,660,16,0,676,720,44,3744,1292,323,0,0.5232198142414861,0.5108359133126935,"{""actual_effective_rate"":0.5232198142414861,""bg"":""bg2"",""bit_mapping"":""component_Gray_00_-3_01_-1_10_3_11_1_over_sqrt5;QPSK_0_plus1_1_minus1"",""code_blocks"":1,""decoder_config"":{""cn_schedule"":""flooding"",""cn_update"":""boxplus-phi"",""early_stop"":false,""hard_out"":true,""harq_mode"":false,""llr_max"":20.0,""num_iter"":20,""precision"":""single"",""prune_pcm"":true,""return_infobits"":true,""vn_update"":""sum""},""implementation"":{""bit_mapping"":""component_Gray_00_-3_01_-1_10_3_11_1_over_sqrt5;QPSK_0_plus1_1_minus1"",""cuda"":""12.8"",""decoder"":{""cn_schedule"":""flooding"",""cn_update"":""boxplus-phi"",""early_stop"":false,""hard_out"":true,""harq_mode"":false,""llr_max"":20.0,""num_iter"":20,""precision"":""single"",""prune_pcm"":true,""return_infobits"":true,""vn_update"":""sum""},""decoder_source_sha256"":""44d84b92b749e2970f94d92cd348a11648e2286b4d851faa0af8b21d08f0da23"",""encoder_source_sha256"":""34d8db6660b2e84708a8fb534f63c194f6f2b964e3693fcffc9dcaf21532ccfd"",""implementation"":""Sionna_5G_LDPC"",""power_protocol"":""fixed_constellation_average_Es2"",""precision"":""float32"",""rate_matching"":""Sionna RV0; filler removal, first2Z and tail puncturing; supported n only"",""scrambling"":""public_PCG64_SHA256_protocol_session_frame_group_counter_after_rate_matching_v1"",""torch"":""2.11.0+cu128"",""version"":""2.2.0""},""interleaver_sha256"":""6804dbbc958bfdef52cfcc84d2804adeefd978395769bf4d15c2ab59c0ccc830"",""k"":676,""k_filler"":44,""k_ldpc"":720,""layout_id"":""f229a5c04b52357c1a0b4e555571b279c6f36a27453b045badd6dd04f2a37ba3"",""modulation_padding_bits"":0,""mother_bits"":3744,""n"":1292,""n_cb"":3600,""n_cb_comp"":3556,""power_protocol"":""fixed_constellation_average_Es2"",""puncturing_bits"":2408,""puncturing_first_2Z"":144,""puncturing_remaining"":2264,""repetition_bits"":0,""scrambling"":""public_PCG64_SHA256_protocol_session_frame_group_counter_after_rate_matching_v1"",""shortening_bits"":44,""z"":72}",[1024]
16QAM,5/6,16QAM:r5/6,be7236f870fb801bec655fc60281f715dd59955f645acb25771d419f89aadd36,1092,16,0,1108,1144,36,3536,1496,374,0,0.7406417112299465,0.7299465240641712,"{""actual_effective_rate"":0.7406417112299465,""bg"":""bg1"",""bit_mapping"":""component_Gray_00_-3_01_-1_10_3_11_1_over_sqrt5;QPSK_0_plus1_1_minus1"",""code_blocks"":1,""decoder_config"":{""cn_schedule"":""flooding"",""cn_update"":""boxplus-phi"",""early_stop"":false,""hard_out"":true,""harq_mode"":false,""llr_max"":20.0,""num_iter"":20,""precision"":""single"",""prune_pcm"":true,""return_infobits"":true,""vn_update"":""sum""},""implementation"":{""bit_mapping"":""component_Gray_00_-3_01_-1_10_3_11_1_over_sqrt5;QPSK_0_plus1_1_minus1"",""cuda"":""12.8"",""decoder"":{""cn_schedule"":""flooding"",""cn_update"":""boxplus-phi"",""early_stop"":false,""hard_out"":true,""harq_mode"":false,""llr_max"":20.0,""num_iter"":20,""precision"":""single"",""prune_pcm"":true,""return_infobits"":true,""vn_update"":""sum""},""decoder_source_sha256"":""44d84b92b749e2970f94d92cd348a11648e2286b4d851faa0af8b21d08f0da23"",""encoder_source_sha256"":""34d8db6660b2e84708a8fb534f63c194f6f2b964e3693fcffc9dcaf21532ccfd"",""implementation"":""Sionna_5G_LDPC"",""power_protocol"":""fixed_constellation_average_Es2"",""precision"":""float32"",""rate_matching"":""Sionna RV0; filler removal, first2Z and tail puncturing; supported n only"",""scrambling"":""public_PCG64_SHA256_protocol_session_frame_group_counter_after_rate_matching_v1"",""torch"":""2.11.0+cu128"",""version"":""2.2.0""},""interleaver_sha256"":""5e0e187f6f3e9be9297872ede7f7295acb6f3881162770f5789ba56424ea39c9"",""k"":1108,""k_filler"":36,""k_ldpc"":1144,""layout_id"":""bb0e8fd40801a06851be87b84c519ab6d767f072e68705bf90d2cc7a6fe02858"",""modulation_padding_bits"":0,""mother_bits"":3536,""n"":1496,""n_cb"":3432,""n_cb_comp"":3396,""power_protocol"":""fixed_constellation_average_Es2"",""puncturing_bits"":2004,""puncturing_first_2Z"":104,""puncturing_remaining"":1900,""repetition_bits"":0,""scrambling"":""public_PCG64_SHA256_protocol_session_frame_group_counter_after_rate_matching_v1"",""shortening_bits"":36,""z"":52}","[1024,2048]"
16QAM,1/3,16QAM:r1/3,be7406a31907407b5cad132964b3e7f28db147ded79a8f14b5fa5b70ae6f4979,1200,16,0,1216,1280,64,6656,5776,1444,0,0.21052631578947367,0.2077562326869806,"{""actual_effective_rate"":0.21052631578947367,""bg"":""bg2"",""bit_mapping"":""component_Gray_00_-3_01_-1_10_3_11_1_over_sqrt5;QPSK_0_plus1_1_minus1"",""code_blocks"":1,""decoder_config"":{""cn_schedule"":""flooding"",""cn_update"":""boxplus-phi"",""early_stop"":false,""hard_out"":true,""harq_mode"":false,""llr_max"":20.0,""num_iter"":20,""precision"":""single"",""prune_pcm"":true,""return_infobits"":true,""vn_update"":""sum""},""implementation"":{""bit_mapping"":""component_Gray_00_-3_01_-1_10_3_11_1_over_sqrt5;QPSK_0_plus1_1_minus1"",""cuda"":""12.8"",""decoder"":{""cn_schedule"":""flooding"",""cn_update"":""boxplus-phi"",""early_stop"":false,""hard_out"":true,""harq_mode"":false,""llr_max"":20.0,""num_iter"":20,""precision"":""single"",""prune_pcm"":true,""return_infobits"":true,""vn_update"":""sum""},""decoder_source_sha256"":""44d84b92b749e2970f94d92cd348a11648e2286b4d851faa0af8b21d08f0da23"",""encoder_source_sha256"":""34d8db6660b2e84708a8fb534f63c194f6f2b964e3693fcffc9dcaf21532ccfd"",""implementation"":""Sionna_5G_LDPC"",""power_protocol"":""fixed_constellation_average_Es2"",""precision"":""float32"",""rate_matching"":""Sionna RV0; filler removal, first2Z and tail puncturing; supported n only"",""scrambling"":""public_PCG64_SHA256_protocol_session_frame_group_counter_after_rate_matching_v1"",""torch"":""2.11.0+cu128"",""version"":""2.2.0""},""interleaver_sha256"":""5e085e50cc5298eb49d411c4016badb8d40396a7319575aa4bb8f015d2eaab90"",""k"":1216,""k_filler"":64,""k_ldpc"":1280,""layout_id"":""7827c4ab06fd35a37c4936e49a08c523df830598f58ff7cdf0e432183bc972d1"",""modulation_padding_bits"":0,""mother_bits"":6656,""n"":5776,""n_cb"":6400,""n_cb_comp"":6336,""power_protocol"":""fixed_constellation_average_Es2"",""puncturing_bits"":816,""puncturing_first_2Z"":256,""puncturing_remaining"":560,""repetition_bits"":0,""scrambling"":""public_PCG64_SHA256_protocol_session_frame_group_counter_after_rate_matching_v1"",""shortening_bits"":64,""z"":128}",[2048]
QPSK,5/6,QPSK:r5/6,be741676d9ffe06d90e6f3f47bdb601e77f31f3736c17dd20f31a0f1b22b39c1,300,16,0,316,330,14,1020,380,190,0,0.8315789473684211,0.7894736842105263,"{""actual_effective_rate"":0.8315789473684211,""bg"":""bg1"",""bit_mapping"":""component_Gray_00_-3_01_-1_10_3_11_1_over_sqrt5;QPSK_0_plus1_1_minus1"",""code_blocks"":1,""decoder_config"":{""cn_schedule"":""flooding"",""cn_update"":""boxplus-phi"",""early_stop"":false,""hard_out"":true,""harq_mode"":false,""llr_max"":20.0,""num_iter"":20,""precision"":""single"",""prune_pcm"":true,""return_infobits"":true,""vn_update"":""sum""},""implementation"":{""bit_mapping"":""component_Gray_00_-3_01_-1_10_3_11_1_over_sqrt5;QPSK_0_plus1_1_minus1"",""cuda"":""12.8"",""decoder"":{""cn_schedule"":""flooding"",""cn_update"":""boxplus-phi"",""early_stop"":false,""hard_out"":true,""harq_mode"":false,""llr_max"":20.0,""num_iter"":20,""precision"":""single"",""prune_pcm"":true,""return_infobits"":true,""vn_update"":""sum""},""decoder_source_sha256"":""44d84b92b749e2970f94d92cd348a11648e2286b4d851faa0af8b21d08f0da23"",""encoder_source_sha256"":""34d8db6660b2e84708a8fb534f63c194f6f2b964e3693fcffc9dcaf21532ccfd"",""implementation"":""Sionna_5G_LDPC"",""power_protocol"":""fixed_constellation_average_Es2"",""precision"":""float32"",""rate_matching"":""Sionna RV0; filler removal, first2Z and tail puncturing; supported n only"",""scrambling"":""public_PCG64_SHA256_protocol_session_frame_group_counter_after_rate_matching_v1"",""torch"":""2.11.0+cu128"",""version"":""2.2.0""},""interleaver_sha256"":""c48eaaccf150b0833bb48fd268625ca7ccb681ebd9edc105bde9ccaa64bb3854"",""k"":316,""k_filler"":14,""k_ldpc"":330,""layout_id"":""c09c00ac7293956af2cfae2de69b3f8987caf8480c23730622ae6e32633ade1c"",""modulation_padding_bits"":0,""mother_bits"":1020,""n"":380,""n_cb"":990,""n_cb_comp"":976,""power_protocol"":""fixed_constellation_average_Es2"",""puncturing_bits"":626,""puncturing_first_2Z"":30,""puncturing_remaining"":596,""repetition_bits"":0,""scrambling"":""public_PCG64_SHA256_protocol_session_frame_group_counter_after_rate_matching_v1"",""shortening_bits"":14,""z"":15}","[1024,2048]"
QPSK,5/6,QPSK:r5/6,be82bbe58fce45c356cac5cfce01aa29587f89c9ccb29f68139719acb3bd77c7,1572,16,0,1588,1760,172,5440,1912,956,0,0.8305439330543933,0.8221757322175732,"{""actual_effective_rate"":0.8305439330543933,""bg"":""bg1"",""bit_mapping"":""component_Gray_00_-3_01_-1_10_3_11_1_over_sqrt5;QPSK_0_plus1_1_minus1"",""code_blocks"":1,""decoder_config"":{""cn_schedule"":""flooding"",""cn_update"":""boxplus-phi"",""early_stop"":false,""hard_out"":true,""harq_mode"":false,""llr_max"":20.0,""num_iter"":20,""precision"":""single"",""prune_pcm"":true,""return_infobits"":true,""vn_update"":""sum""},""implementation"":{""bit_mapping"":""component_Gray_00_-3_01_-1_10_3_11_1_over_sqrt5;QPSK_0_plus1_1_minus1"",""cuda"":""12.8"",""decoder"":{""cn_schedule"":""flooding"",""cn_update"":""boxplus-phi"",""early_stop"":false,""hard_out"":true,""harq_mode"":false,""llr_max"":20.0,""num_iter"":20,""precision"":""single"",""prune_pcm"":true,""return_infobits"":true,""vn_update"":""sum""},""decoder_source_sha256"":""44d84b92b749e2970f94d92cd348a11648e2286b4d851faa0af8b21d08f0da23"",""encoder_source_sha256"":""34d8db6660b2e84708a8fb534f63c194f6f2b964e3693fcffc9dcaf21532ccfd"",""implementation"":""Sionna_5G_LDPC"",""power_protocol"":""fixed_constellation_average_Es2"",""precision"":""float32"",""rate_matching"":""Sionna RV0; filler removal, first2Z and tail puncturing; supported n only"",""scrambling"":""public_PCG64_SHA256_protocol_session_frame_group_counter_after_rate_matching_v1"",""torch"":""2.11.0+cu128"",""version"":""2.2.0""},""interleaver_sha256"":""6bf95bf2c0e2ecc0e051c11851f956a0c4628f53d98079936a61809b1b2704ba"",""k"":1588,""k_filler"":172,""k_ldpc"":1760,""layout_id"":""3050d427afa946a3fabddc3e8c50f8ecb4f029f9dbbea2b51c11b987bfb745dd"",""modulation_padding_bits"":0,""mother_bits"":5440,""n"":1912,""n_cb"":5280,""n_cb_comp"":5108,""power_protocol"":""fixed_constellation_average_Es2"",""puncturing_bits"":3356,""puncturing_first_2Z"":160,""puncturing_remaining"":3196,""repetition_bits"":0,""scrambling"":""public_PCG64_SHA256_protocol_session_frame_group_counter_after_rate_matching_v1"",""shortening_bits"":172,""z"":80}",[1024]
QPSK,3/4,QPSK:r3/4,be91be54f3055866f0d90c5da98ff2c3c992a05393686585cb3cd2e8adc3aab7,660,16,0,676,704,28,2176,916,458,0,0.7379912663755459,0.7205240174672489,"{""actual_effective_rate"":0.7379912663755459,""bg"":""bg1"",""bit_mapping"":""component_Gray_00_-3_01_-1_10_3_11_1_over_sqrt5;QPSK_0_plus1_1_minus1"",""code_blocks"":1,""decoder_config"":{""cn_schedule"":""flooding"",""cn_update"":""boxplus-phi"",""early_stop"":false,""hard_out"":true,""harq_mode"":false,""llr_max"":20.0,""num_iter"":20,""precision"":""single"",""prune_pcm"":true,""return_infobits"":true,""vn_update"":""sum""},""implementation"":{""bit_mapping"":""component_Gray_00_-3_01_-1_10_3_11_1_over_sqrt5;QPSK_0_plus1_1_minus1"",""cuda"":""12.8"",""decoder"":{""cn_schedule"":""flooding"",""cn_update"":""boxplus-phi"",""early_stop"":false,""hard_out"":true,""harq_mode"":false,""llr_max"":20.0,""num_iter"":20,""precision"":""single"",""prune_pcm"":true,""return_infobits"":true,""vn_update"":""sum""},""decoder_source_sha256"":""44d84b92b749e2970f94d92cd348a11648e2286b4d851faa0af8b21d08f0da23"",""encoder_source_sha256"":""34d8db6660b2e84708a8fb534f63c194f6f2b964e3693fcffc9dcaf21532ccfd"",""implementation"":""Sionna_5G_LDPC"",""power_protocol"":""fixed_constellation_average_Es2"",""precision"":""float32"",""rate_matching"":""Sionna RV0; filler removal, first2Z and tail puncturing; supported n only"",""scrambling"":""public_PCG64_SHA256_protocol_session_frame_group_counter_after_rate_matching_v1"",""torch"":""2.11.0+cu128"",""version"":""2.2.0""},""interleaver_sha256"":""e56513d7d30d063a8c29e9be91a3c853b5c9b09bef67a7237e4d4dbba1c37f38"",""k"":676,""k_filler"":28,""k_ldpc"":704,""layout_id"":""2ae05c7969166dcd77573e1e7651feb63db78f06050f41afacffa8b26cd0adae"",""modulation_padding_bits"":0,""mother_bits"":2176,""n"":916,""n_cb"":2112,""n_cb_comp"":2084,""power_protocol"":""fixed_constellation_average_Es2"",""puncturing_bits"":1232,""puncturing_first_2Z"":64,""puncturing_remaining"":1168,""repetition_bits"":0,""scrambling"":""public_PCG64_SHA256_protocol_session_frame_group_counter_after_rate_matching_v1"",""shortening_bits"":28,""z"":32}",[1024]
QPSK,5/6,QPSK:r5/6,be96d1c8c193b9019b2215408698df53af1d623242a79d3e401939e3f35583e7,384,16,0,400,440,40,1360,480,240,0,0.8333333333333334,0.8,"{""actual_effective_rate"":0.8333333333333334,""bg"":""bg1"",""bit_mapping"":""component_Gray_00_-3_01_-1_10_3_11_1_over_sqrt5;QPSK_0_plus1_1_minus1"",""code_blocks"":1,""decoder_config"":{""cn_schedule"":""flooding"",""cn_update"":""boxplus-phi"",""early_stop"":false,""hard_out"":true,""harq_mode"":false,""llr_max"":20.0,""num_iter"":20,""precision"":""single"",""prune_pcm"":true,""return_infobits"":true,""vn_update"":""sum""},""implementation"":{""bit_mapping"":""component_Gray_00_-3_01_-1_10_3_11_1_over_sqrt5;QPSK_0_plus1_1_minus1"",""cuda"":""12.8"",""decoder"":{""cn_schedule"":""flooding"",""cn_update"":""boxplus-phi"",""early_stop"":false,""hard_out"":true,""harq_mode"":false,""llr_max"":20.0,""num_iter"":20,""precision"":""single"",""prune_pcm"":true,""return_infobits"":true,""vn_update"":""sum""},""decoder_source_sha256"":""44d84b92b749e2970f94d92cd348a11648e2286b4d851faa0af8b21d08f0da23"",""encoder_source_sha256"":""34d8db6660b2e84708a8fb534f63c194f6f2b964e3693fcffc9dcaf21532ccfd"",""implementation"":""Sionna_5G_LDPC"",""power_protocol"":""fixed_constellation_average_Es2"",""precision"":""float32"",""rate_matching"":""Sionna RV0; filler removal, first2Z and tail puncturing; supported n only"",""scrambling"":""public_PCG64_SHA256_protocol_session_frame_group_counter_after_rate_matching_v1"",""torch"":""2.11.0+cu128"",""version"":""2.2.0""},""interleaver_sha256"":""3cfc48c25c510e7ab42eb4d504be1b94adf65972a61f68acd7cef576f7b0acd8"",""k"":400,""k_filler"":40,""k_ldpc"":440,""layout_id"":""8cc5c71e7319bda9a3c472921d7c1536cebcdb08464e6bf23199e59e7566657a"",""modulation_padding_bits"":0,""mother_bits"":1360,""n"":480,""n_cb"":1320,""n_cb_comp"":1280,""power_protocol"":""fixed_constellation_average_Es2"",""puncturing_bits"":840,""puncturing_first_2Z"":40,""puncturing_remaining"":800,""repetition_bits"":0,""scrambling"":""public_PCG64_SHA256_protocol_session_frame_group_counter_after_rate_matching_v1"",""shortening_bits"":40,""z"":20}","[1024,2048]"
16QAM,2/3,16QAM:r2/3,be98aed55a3e1fcaff0599e286013ff3e458f073a5f0c44f118d1dbb929f7f60,1800,16,0,1816,1920,104,9984,3972,993,0,0.45720040281973817,0.45317220543806647,"{""actual_effective_rate"":0.45720040281973817,""bg"":""bg2"",""bit_mapping"":""component_Gray_00_-3_01_-1_10_3_11_1_over_sqrt5;QPSK_0_plus1_1_minus1"",""code_blocks"":1,""decoder_config"":{""cn_schedule"":""flooding"",""cn_update"":""boxplus-phi"",""early_stop"":false,""hard_out"":true,""harq_mode"":false,""llr_max"":20.0,""num_iter"":20,""precision"":""single"",""prune_pcm"":true,""return_infobits"":true,""vn_update"":""sum""},""implementation"":{""bit_mapping"":""component_Gray_00_-3_01_-1_10_3_11_1_over_sqrt5;QPSK_0_plus1_1_minus1"",""cuda"":""12.8"",""decoder"":{""cn_schedule"":""flooding"",""cn_update"":""boxplus-phi"",""early_stop"":false,""hard_out"":true,""harq_mode"":false,""llr_max"":20.0,""num_iter"":20,""precision"":""single"",""prune_pcm"":true,""return_infobits"":true,""vn_update"":""sum""},""decoder_source_sha256"":""44d84b92b749e2970f94d92cd348a11648e2286b4d851faa0af8b21d08f0da23"",""encoder_source_sha256"":""34d8db6660b2e84708a8fb534f63c194f6f2b964e3693fcffc9dcaf21532ccfd"",""implementation"":""Sionna_5G_LDPC"",""power_protocol"":""fixed_constellation_average_Es2"",""precision"":""float32"",""rate_matching"":""Sionna RV0; filler removal, first2Z and tail puncturing; supported n only"",""scrambling"":""public_PCG64_SHA256_protocol_session_frame_group_counter_after_rate_matching_v1"",""torch"":""2.11.0+cu128"",""version"":""2.2.0""},""interleaver_sha256"":""bc948131131048ed7c4cbc199973f8d5c27c7c6e6e2be4092eda6f59d41862eb"",""k"":1816,""k_filler"":104,""k_ldpc"":1920,""layout_id"":""363154f940191a842727b6be764f604096359bf61fc92b87a95e40a6c7a57a63"",""modulation_padding_bits"":0,""mother_bits"":9984,""n"":3972,""n_cb"":9600,""n_cb_comp"":9496,""power_protocol"":""fixed_constellation_average_Es2"",""puncturing_bits"":5908,""puncturing_first_2Z"":384,""puncturing_remaining"":5524,""repetition_bits"":0,""scrambling"":""public_PCG64_SHA256_protocol_session_frame_group_counter_after_rate_matching_v1"",""shortening_bits"":104,""z"":192}",[2048]
16QAM,5/6,16QAM:r5/6,be9a3b2c324aac4efe0e7df1bd2cd35fece8ea9f9a3d0e443c177b2cea23b7ac,1860,16,0,1876,1936,60,5984,2784,696,0,0.6738505747126436,0.6681034482758621,"{""actual_effective_rate"":0.6738505747126436,""bg"":""bg1"",""bit_mapping"":""component_Gray_00_-3_01_-1_10_3_11_1_over_sqrt5;QPSK_0_plus1_1_minus1"",""code_blocks"":1,""decoder_config"":{""cn_schedule"":""flooding"",""cn_update"":""boxplus-phi"",""early_stop"":false,""hard_out"":true,""harq_mode"":false,""llr_max"":20.0,""num_iter"":20,""precision"":""single"",""prune_pcm"":true,""return_infobits"":true,""vn_update"":""sum""},""implementation"":{""bit_mapping"":""component_Gray_00_-3_01_-1_10_3_11_1_over_sqrt5;QPSK_0_plus1_1_minus1"",""cuda"":""12.8"",""decoder"":{""cn_schedule"":""flooding"",""cn_update"":""boxplus-phi"",""early_stop"":false,""hard_out"":true,""harq_mode"":false,""llr_max"":20.0,""num_iter"":20,""precision"":""single"",""prune_pcm"":true,""return_infobits"":true,""vn_update"":""sum""},""decoder_source_sha256"":""44d84b92b749e2970f94d92cd348a11648e2286b4d851faa0af8b21d08f0da23"",""encoder_source_sha256"":""34d8db6660b2e84708a8fb534f63c194f6f2b964e3693fcffc9dcaf21532ccfd"",""implementation"":""Sionna_5G_LDPC"",""power_protocol"":""fixed_constellation_average_Es2"",""precision"":""float32"",""rate_matching"":""Sionna RV0; filler removal, first2Z and tail puncturing; supported n only"",""scrambling"":""public_PCG64_SHA256_protocol_session_frame_group_counter_after_rate_matching_v1"",""torch"":""2.11.0+cu128"",""version"":""2.2.0""},""interleaver_sha256"":""94ebe16cb23242766cfb5950b451288e05e55fbb3fe8d4ff69c86930e3c8c814"",""k"":1876,""k_filler"":60,""k_ldpc"":1936,""layout_id"":""c75237e4c25e613809ec6b468eaf31efc7125dc3d4d00edc473b8391eda51f16"",""modulation_padding_bits"":0,""mother_bits"":5984,""n"":2784,""n_cb"":5808,""n_cb_comp"":5748,""power_protocol"":""fixed_constellation_average_Es2"",""puncturing_bits"":3140,""puncturing_first_2Z"":176,""puncturing_remaining"":2964,""repetition_bits"":0,""scrambling"":""public_PCG64_SHA256_protocol_session_frame_group_counter_after_rate_matching_v1"",""shortening_bits"":60,""z"":88}",[1024]
16QAM,5/6,16QAM:r5/6,bea7bdfa3d2584e3f263203d34d4c5febb799e29e9c8d78f36f02d5a2a4e562c,1800,16,0,1816,1936,120,5984,2360,590,0,0.7694915254237288,0.7627118644067796,"{""actual_effective_rate"":0.7694915254237288,""bg"":""bg1"",""bit_mapping"":""component_Gray_00_-3_01_-1_10_3_11_1_over_sqrt5;QPSK_0_plus1_1_minus1"",""code_blocks"":1,""decoder_config"":{""cn_schedule"":""flooding"",""cn_update"":""boxplus-phi"",""early_stop"":false,""hard_out"":true,""harq_mode"":false,""llr_max"":20.0,""num_iter"":20,""precision"":""single"",""prune_pcm"":true,""return_infobits"":true,""vn_update"":""sum""},""implementation"":{""bit_mapping"":""component_Gray_00_-3_01_-1_10_3_11_1_over_sqrt5;QPSK_0_plus1_1_minus1"",""cuda"":""12.8"",""decoder"":{""cn_schedule"":""flooding"",""cn_update"":""boxplus-phi"",""early_stop"":false,""hard_out"":true,""harq_mode"":false,""llr_max"":20.0,""num_iter"":20,""precision"":""single"",""prune_pcm"":true,""return_infobits"":true,""vn_update"":""sum""},""decoder_source_sha256"":""44d84b92b749e2970f94d92cd348a11648e2286b4d851faa0af8b21d08f0da23"",""encoder_source_sha256"":""34d8db6660b2e84708a8fb534f63c194f6f2b964e3693fcffc9dcaf21532ccfd"",""implementation"":""Sionna_5G_LDPC"",""power_protocol"":""fixed_constellation_average_Es2"",""precision"":""float32"",""rate_matching"":""Sionna RV0; filler removal, first2Z and tail puncturing; supported n only"",""scrambling"":""public_PCG64_SHA256_protocol_session_frame_group_counter_after_rate_matching_v1"",""torch"":""2.11.0+cu128"",""version"":""2.2.0""},""interleaver_sha256"":""55f0e876e19b8822c8b530c5aa7bcd914c095de9cb059f324d5bd505d71a1e73"",""k"":1816,""k_filler"":120,""k_ldpc"":1936,""layout_id"":""f8df5569ea9829f65126821fc52fc26538fd8fc7c2f2dcf36c3d3d5d9a0705e1"",""modulation_padding_bits"":0,""mother_bits"":5984,""n"":2360,""n_cb"":5808,""n_cb_comp"":5688,""power_protocol"":""fixed_constellation_average_Es2"",""puncturing_bits"":3504,""puncturing_first_2Z"":176,""puncturing_remaining"":3328,""repetition_bits"":0,""scrambling"":""public_PCG64_SHA256_protocol_session_frame_group_counter_after_rate_matching_v1"",""shortening_bits"":120,""z"":88}",[1024]
QPSK,2/3,QPSK:r2/3,beb4c4b3351a237875a447e54e1eb17b1abe11fe25a3676a92d2350569d3f57f,360,16,0,376,480,104,2496,902,451,0,0.41685144124168516,0.3991130820399113,"{""actual_effective_rate"":0.41685144124168516,""bg"":""bg2"",""bit_mapping"":""component_Gray_00_-3_01_-1_10_3_11_1_over_sqrt5;QPSK_0_plus1_1_minus1"",""code_blocks"":1,""decoder_config"":{""cn_schedule"":""flooding"",""cn_update"":""boxplus-phi"",""early_stop"":false,""hard_out"":true,""harq_mode"":false,""llr_max"":20.0,""num_iter"":20,""precision"":""single"",""prune_pcm"":true,""return_infobits"":true,""vn_update"":""sum""},""implementation"":{""bit_mapping"":""component_Gray_00_-3_01_-1_10_3_11_1_over_sqrt5;QPSK_0_plus1_1_minus1"",""cuda"":""12.8"",""decoder"":{""cn_schedule"":""flooding"",""cn_update"":""boxplus-phi"",""early_stop"":false,""hard_out"":true,""harq_mode"":false,""llr_max"":20.0,""num_iter"":20,""precision"":""single"",""prune_pcm"":true,""return_infobits"":true,""vn_update"":""sum""},""decoder_source_sha256"":""44d84b92b749e2970f94d92cd348a11648e2286b4d851faa0af8b21d08f0da23"",""encoder_source_sha256"":""34d8db6660b2e84708a8fb534f63c194f6f2b964e3693fcffc9dcaf21532ccfd"",""implementation"":""Sionna_5G_LDPC"",""power_protocol"":""fixed_constellation_average_Es2"",""precision"":""float32"",""rate_matching"":""Sionna RV0; filler removal, first2Z and tail puncturing; supported n only"",""scrambling"":""public_PCG64_SHA256_protocol_session_frame_group_counter_after_rate_matching_v1"",""torch"":""2.11.0+cu128"",""version"":""2.2.0""},""interleaver_sha256"":""f8d6952e119c1854a6ca43dc53ff693a94dbdbdaa8256399aa727ce0dbad987a"",""k"":376,""k_filler"":104,""k_ldpc"":480,""layout_id"":""446cf3d1fde3ad3c417424c9a84c6824b7c4cf02148ca8e5218e0c8d653a47ff"",""modulation_padding_bits"":0,""mother_bits"":2496,""n"":902,""n_cb"":2400,""n_cb_comp"":2296,""power_protocol"":""fixed_constellation_average_Es2"",""puncturing_bits"":1490,""puncturing_first_2Z"":96,""puncturing_remaining"":1394,""repetition_bits"":0,""scrambling"":""public_PCG64_SHA256_protocol_session_frame_group_counter_after_rate_matching_v1"",""shortening_bits"":104,""z"":48}",[1024]
16QAM,2/3,16QAM:r2/3,bec2d956089dbb683a0d48ce24b697dde60e2c6bcba82e056399c51a8ba206f5,2100,16,0,2116,2240,124,11648,5048,1262,0,0.419175911251981,0.41600633914421553,"{""actual_effective_rate"":0.419175911251981,""bg"":""bg2"",""bit_mapping"":""component_Gray_00_-3_01_-1_10_3_11_1_over_sqrt5;QPSK_0_plus1_1_minus1"",""code_blocks"":1,""decoder_config"":{""cn_schedule"":""flooding"",""cn_update"":""boxplus-phi"",""early_stop"":false,""hard_out"":true,""harq_mode"":false,""llr_max"":20.0,""num_iter"":20,""precision"":""single"",""prune_pcm"":true,""return_infobits"":true,""vn_update"":""sum""},""implementation"":{""bit_mapping"":""component_Gray_00_-3_01_-1_10_3_11_1_over_sqrt5;QPSK_0_plus1_1_minus1"",""cuda"":""12.8"",""decoder"":{""cn_schedule"":""flooding"",""cn_update"":""boxplus-phi"",""early_stop"":false,""hard_out"":true,""harq_mode"":false,""llr_max"":20.0,""num_iter"":20,""precision"":""single"",""prune_pcm"":true,""return_infobits"":true,""vn_update"":""sum""},""decoder_source_sha256"":""44d84b92b749e2970f94d92cd348a11648e2286b4d851faa0af8b21d08f0da23"",""encoder_source_sha256"":""34d8db6660b2e84708a8fb534f63c194f6f2b964e3693fcffc9dcaf21532ccfd"",""implementation"":""Sionna_5G_LDPC"",""power_protocol"":""fixed_constellation_average_Es2"",""precision"":""float32"",""rate_matching"":""Sionna RV0; filler removal, first2Z and tail puncturing; supported n only"",""scrambling"":""public_PCG64_SHA256_protocol_session_frame_group_counter_after_rate_matching_v1"",""torch"":""2.11.0+cu128"",""version"":""2.2.0""},""interleaver_sha256"":""7125d7c772f5664384fe14bdd375e639e36341133f1891a69bbfafa0a04e4790"",""k"":2116,""k_filler"":124,""k_ldpc"":2240,""layout_id"":""b323b68893b4b5fd2e78df3c0b559d953da697f9af0deaecc32f5c4335f6a41e"",""modulation_padding_bits"":0,""mother_bits"":11648,""n"":5048,""n_cb"":11200,""n_cb_comp"":11076,""power_protocol"":""fixed_constellation_average_Es2"",""puncturing_bits"":6476,""puncturing_first_2Z"":448,""puncturing_remaining"":6028,""repetition_bits"":0,""scrambling"":""public_PCG64_SHA256_protocol_session_frame_group_counter_after_rate_matching_v1"",""shortening_bits"":124,""z"":224}",[2048]
QPSK,2/3,QPSK:r2/3,bee5e26ae6efccf3550bf492a2e63b7cbcd8e9c8a9eae7558997b3714ae8f24d,816,16,0,832,880,48,4576,1442,721,0,0.5769764216366158,0.565880721220527,"{""actual_effective_rate"":0.5769764216366158,""bg"":""bg2"",""bit_mapping"":""component_Gray_00_-3_01_-1_10_3_11_1_over_sqrt5;QPSK_0_plus1_1_minus1"",""code_blocks"":1,""decoder_config"":{""cn_schedule"":""flooding"",""cn_update"":""boxplus-phi"",""early_stop"":false,""hard_out"":true,""harq_mode"":false,""llr_max"":20.0,""num_iter"":20,""precision"":""single"",""prune_pcm"":true,""return_infobits"":true,""vn_update"":""sum""},""implementation"":{""bit_mapping"":""component_Gray_00_-3_01_-1_10_3_11_1_over_sqrt5;QPSK_0_plus1_1_minus1"",""cuda"":""12.8"",""decoder"":{""cn_schedule"":""flooding"",""cn_update"":""boxplus-phi"",""early_stop"":false,""hard_out"":true,""harq_mode"":false,""llr_max"":20.0,""num_iter"":20,""precision"":""single"",""prune_pcm"":true,""return_infobits"":true,""vn_update"":""sum""},""decoder_source_sha256"":""44d84b92b749e2970f94d92cd348a11648e2286b4d851faa0af8b21d08f0da23"",""encoder_source_sha256"":""34d8db6660b2e84708a8fb534f63c194f6f2b964e3693fcffc9dcaf21532ccfd"",""implementation"":""Sionna_5G_LDPC"",""power_protocol"":""fixed_constellation_average_Es2"",""precision"":""float32"",""rate_matching"":""Sionna RV0; filler removal, first2Z and tail puncturing; supported n only"",""scrambling"":""public_PCG64_SHA256_protocol_session_frame_group_counter_after_rate_matching_v1"",""torch"":""2.11.0+cu128"",""version"":""2.2.0""},""interleaver_sha256"":""c1c0042246fc0b6fcb6f7a5ec98ca482a2853a194dc401ddd1c43dc8f2fba4a7"",""k"":832,""k_filler"":48,""k_ldpc"":880,""layout_id"":""c68beb61b09598e697bfb793443819ce8fa78948e5e201623af37840da5f86de"",""modulation_padding_bits"":0,""mother_bits"":4576,""n"":1442,""n_cb"":4400,""n_cb_comp"":4352,""power_protocol"":""fixed_constellation_average_Es2"",""puncturing_bits"":3086,""puncturing_first_2Z"":176,""puncturing_remaining"":2910,""repetition_bits"":0,""scrambling"":""public_PCG64_SHA256_protocol_session_frame_group_counter_after_rate_matching_v1"",""shortening_bits"":48,""z"":88}",[1024]
16QAM,5/6,16QAM:r5/6,bef462d1b392d2f49b0f9fa7f462ded5715554f9ab30d0c4ce7d506bdc7ab6ac,1668,16,0,1684,1760,76,5440,2208,552,0,0.7626811594202898,0.7554347826086957,"{""actual_effective_rate"":0.7626811594202898,""bg"":""bg1"",""bit_mapping"":""component_Gray_00_-3_01_-1_10_3_11_1_over_sqrt5;QPSK_0_plus1_1_minus1"",""code_blocks"":1,""decoder_config"":{""cn_schedule"":""flooding"",""cn_update"":""boxplus-phi"",""early_stop"":false,""hard_out"":true,""harq_mode"":false,""llr_max"":20.0,""num_iter"":20,""precision"":""single"",""prune_pcm"":true,""return_infobits"":true,""vn_update"":""sum""},""implementation"":{""bit_mapping"":""component_Gray_00_-3_01_-1_10_3_11_1_over_sqrt5;QPSK_0_plus1_1_minus1"",""cuda"":""12.8"",""decoder"":{""cn_schedule"":""flooding"",""cn_update"":""boxplus-phi"",""early_stop"":false,""hard_out"":true,""harq_mode"":false,""llr_max"":20.0,""num_iter"":20,""precision"":""single"",""prune_pcm"":true,""return_infobits"":true,""vn_update"":""sum""},""decoder_source_sha256"":""44d84b92b749e2970f94d92cd348a11648e2286b4d851faa0af8b21d08f0da23"",""encoder_source_sha256"":""34d8db6660b2e84708a8fb534f63c194f6f2b964e3693fcffc9dcaf21532ccfd"",""implementation"":""Sionna_5G_LDPC"",""power_protocol"":""fixed_constellation_average_Es2"",""precision"":""float32"",""rate_matching"":""Sionna RV0; filler removal, first2Z and tail puncturing; supported n only"",""scrambling"":""public_PCG64_SHA256_protocol_session_frame_group_counter_after_rate_matching_v1"",""torch"":""2.11.0+cu128"",""version"":""2.2.0""},""interleaver_sha256"":""1ea1429fc73231a18590979c4e4047a40b04804ce19acd9ebefee1d235a0cbc3"",""k"":1684,""k_filler"":76,""k_ldpc"":1760,""layout_id"":""3d9bd5afceb880d5a13f4b97b4c5d13a706e2037e6634cb9e89b8a91902bb235"",""modulation_padding_bits"":0,""mother_bits"":5440,""n"":2208,""n_cb"":5280,""n_cb_comp"":5204,""power_protocol"":""fixed_constellation_average_Es2"",""puncturing_bits"":3156,""puncturing_first_2Z"":160,""puncturing_remaining"":2996,""repetition_bits"":0,""scrambling"":""public_PCG64_SHA256_protocol_session_frame_group_counter_after_rate_matching_v1"",""shortening_bits"":76,""z"":80}",[1024]
16QAM,3/4,16QAM:r3/4,bef92f4d43a4e67eccf72f2aff4695eb4d2dacb874684bfcec5419cb562802ce,660,16,0,676,720,44,3744,1252,313,0,0.5399361022364217,0.5271565495207667,"{""actual_effective_rate"":0.5399361022364217,""bg"":""bg2"",""bit_mapping"":""component_Gray_00_-3_01_-1_10_3_11_1_over_sqrt5;QPSK_0_plus1_1_minus1"",""code_blocks"":1,""decoder_config"":{""cn_schedule"":""flooding"",""cn_update"":""boxplus-phi"",""early_stop"":false,""hard_out"":true,""harq_mode"":false,""llr_max"":20.0,""num_iter"":20,""precision"":""single"",""prune_pcm"":true,""return_infobits"":true,""vn_update"":""sum""},""implementation"":{""bit_mapping"":""component_Gray_00_-3_01_-1_10_3_11_1_over_sqrt5;QPSK_0_plus1_1_minus1"",""cuda"":""12.8"",""decoder"":{""cn_schedule"":""flooding"",""cn_update"":""boxplus-phi"",""early_stop"":false,""hard_out"":true,""harq_mode"":false,""llr_max"":20.0,""num_iter"":20,""precision"":""single"",""prune_pcm"":true,""return_infobits"":true,""vn_update"":""sum""},""decoder_source_sha256"":""44d84b92b749e2970f94d92cd348a11648e2286b4d851faa0af8b21d08f0da23"",""encoder_source_sha256"":""34d8db6660b2e84708a8fb534f63c194f6f2b964e3693fcffc9dcaf21532ccfd"",""implementation"":""Sionna_5G_LDPC"",""power_protocol"":""fixed_constellation_average_Es2"",""precision"":""float32"",""rate_matching"":""Sionna RV0; filler removal, first2Z and tail puncturing; supported n only"",""scrambling"":""public_PCG64_SHA256_protocol_session_frame_group_counter_after_rate_matching_v1"",""torch"":""2.11.0+cu128"",""version"":""2.2.0""},""interleaver_sha256"":""e218826f3c5e8625c15ebe6bce9fec95b38a161b816336a5a141b7fc7615055d"",""k"":676,""k_filler"":44,""k_ldpc"":720,""layout_id"":""790f0529a09fabdb6789fac11e891831925726d7dc534e2a5cfb153a0160cf43"",""modulation_padding_bits"":0,""mother_bits"":3744,""n"":1252,""n_cb"":3600,""n_cb_comp"":3556,""power_protocol"":""fixed_constellation_average_Es2"",""puncturing_bits"":2448,""puncturing_first_2Z"":144,""puncturing_remaining"":2304,""repetition_bits"":0,""scrambling"":""public_PCG64_SHA256_protocol_session_frame_group_counter_after_rate_matching_v1"",""shortening_bits"":44,""z"":72}",[2048]
16QAM,1/2,16QAM:r1/2,bf09a8d2caf52b9d31886031fe44958971a7c5574783c7e4da3cb412f9c5b6c2,816,16,0,832,880,48,4576,3800,950,0,0.21894736842105264,0.21473684210526317,"{""actual_effective_rate"":0.21894736842105264,""bg"":""bg2"",""bit_mapping"":""component_Gray_00_-3_01_-1_10_3_11_1_over_sqrt5;QPSK_0_plus1_1_minus1"",""code_blocks"":1,""decoder_config"":{""cn_schedule"":""flooding"",""cn_update"":""boxplus-phi"",""early_stop"":false,""hard_out"":true,""harq_mode"":false,""llr_max"":20.0,""num_iter"":20,""precision"":""single"",""prune_pcm"":true,""return_infobits"":true,""vn_update"":""sum""},""implementation"":{""bit_mapping"":""component_Gray_00_-3_01_-1_10_3_11_1_over_sqrt5;QPSK_0_plus1_1_minus1"",""cuda"":""12.8"",""decoder"":{""cn_schedule"":""flooding"",""cn_update"":""boxplus-phi"",""early_stop"":false,""hard_out"":true,""harq_mode"":false,""llr_max"":20.0,""num_iter"":20,""precision"":""single"",""prune_pcm"":true,""return_infobits"":true,""vn_update"":""sum""},""decoder_source_sha256"":""44d84b92b749e2970f94d92cd348a11648e2286b4d851faa0af8b21d08f0da23"",""encoder_source_sha256"":""34d8db6660b2e84708a8fb534f63c194f6f2b964e3693fcffc9dcaf21532ccfd"",""implementation"":""Sionna_5G_LDPC"",""power_protocol"":""fixed_constellation_average_Es2"",""precision"":""float32"",""rate_matching"":""Sionna RV0; filler removal, first2Z and tail puncturing; supported n only"",""scrambling"":""public_PCG64_SHA256_protocol_session_frame_group_counter_after_rate_matching_v1"",""torch"":""2.11.0+cu128"",""version"":""2.2.0""},""interleaver_sha256"":""378dd378973f80ef5e629a593da63bd143282284867d8cd9cffd9018aaae9500"",""k"":832,""k_filler"":48,""k_ldpc"":880,""layout_id"":""0d1e71074a89b21db5c26462703f67b44129aa01e72badbe3cf497639e14f86d"",""modulation_padding_bits"":0,""mother_bits"":4576,""n"":3800,""n_cb"":4400,""n_cb_comp"":4352,""power_protocol"":""fixed_constellation_average_Es2"",""puncturing_bits"":728,""puncturing_first_2Z"":176,""puncturing_remaining"":552,""repetition_bits"":0,""scrambling"":""public_PCG64_SHA256_protocol_session_frame_group_counter_after_rate_matching_v1"",""shortening_bits"":48,""z"":88}",[2048]
QPSK,1/3,QPSK:r1/3,bf0b6d80689b06158b39c31ef1f58c49704880b2661e23d648b5cc6bd09b31eb,816,16,0,832,880,48,4576,3352,1676,0,0.24821002386634844,0.24343675417661098,"{""actual_effective_rate"":0.24821002386634844,""bg"":""bg2"",""bit_mapping"":""component_Gray_00_-3_01_-1_10_3_11_1_over_sqrt5;QPSK_0_plus1_1_minus1"",""code_blocks"":1,""decoder_config"":{""cn_schedule"":""flooding"",""cn_update"":""boxplus-phi"",""early_stop"":false,""hard_out"":true,""harq_mode"":false,""llr_max"":20.0,""num_iter"":20,""precision"":""single"",""prune_pcm"":true,""return_infobits"":true,""vn_update"":""sum""},""implementation"":{""bit_mapping"":""component_Gray_00_-3_01_-1_10_3_11_1_over_sqrt5;QPSK_0_plus1_1_minus1"",""cuda"":""12.8"",""decoder"":{""cn_schedule"":""flooding"",""cn_update"":""boxplus-phi"",""early_stop"":false,""hard_out"":true,""harq_mode"":false,""llr_max"":20.0,""num_iter"":20,""precision"":""single"",""prune_pcm"":true,""return_infobits"":true,""vn_update"":""sum""},""decoder_source_sha256"":""44d84b92b749e2970f94d92cd348a11648e2286b4d851faa0af8b21d08f0da23"",""encoder_source_sha256"":""34d8db6660b2e84708a8fb534f63c194f6f2b964e3693fcffc9dcaf21532ccfd"",""implementation"":""Sionna_5G_LDPC"",""power_protocol"":""fixed_constellation_average_Es2"",""precision"":""float32"",""rate_matching"":""Sionna RV0; filler removal, first2Z and tail puncturing; supported n only"",""scrambling"":""public_PCG64_SHA256_protocol_session_frame_group_counter_after_rate_matching_v1"",""torch"":""2.11.0+cu128"",""version"":""2.2.0""},""interleaver_sha256"":""36bee24bbd532171873ab09c94aff300958cb5904958f71975e7dcde41e0f039"",""k"":832,""k_filler"":48,""k_ldpc"":880,""layout_id"":""b23977b38d19ae67de2c9063fbdb2de6a959b7b05804d19b4c714104cf331bcf"",""modulation_padding_bits"":0,""mother_bits"":4576,""n"":3352,""n_cb"":4400,""n_cb_comp"":4352,""power_protocol"":""fixed_constellation_average_Es2"",""puncturing_bits"":1176,""puncturing_first_2Z"":176,""puncturing_remaining"":1000,""repetition_bits"":0,""scrambling"":""public_PCG64_SHA256_protocol_session_frame_group_counter_after_rate_matching_v1"",""shortening_bits"":48,""z"":88}",[2048]
16QAM,2/3,16QAM:r2/3,bf1288aa7f8c75418aedb45a08d1d34923eb99eb863b6e4922a509eed1f5d603,2100,16,0,2116,2240,124,11648,6304,1576,0,0.3356598984771574,0.3331218274111675,"{""actual_effective_rate"":0.3356598984771574,""bg"":""bg2"",""bit_mapping"":""component_Gray_00_-3_01_-1_10_3_11_1_over_sqrt5;QPSK_0_plus1_1_minus1"",""code_blocks"":1,""decoder_config"":{""cn_schedule"":""flooding"",""cn_update"":""boxplus-phi"",""early_stop"":false,""hard_out"":true,""harq_mode"":false,""llr_max"":20.0,""num_iter"":20,""precision"":""single"",""prune_pcm"":true,""return_infobits"":true,""vn_update"":""sum""},""implementation"":{""bit_mapping"":""component_Gray_00_-3_01_-1_10_3_11_1_over_sqrt5;QPSK_0_plus1_1_minus1"",""cuda"":""12.8"",""decoder"":{""cn_schedule"":""flooding"",""cn_update"":""boxplus-phi"",""early_stop"":false,""hard_out"":true,""harq_mode"":false,""llr_max"":20.0,""num_iter"":20,""precision"":""single"",""prune_pcm"":true,""return_infobits"":true,""vn_update"":""sum""},""decoder_source_sha256"":""44d84b92b749e2970f94d92cd348a11648e2286b4d851faa0af8b21d08f0da23"",""encoder_source_sha256"":""34d8db6660b2e84708a8fb534f63c194f6f2b964e3693fcffc9dcaf21532ccfd"",""implementation"":""Sionna_5G_LDPC"",""power_protocol"":""fixed_constellation_average_Es2"",""precision"":""float32"",""rate_matching"":""Sionna RV0; filler removal, first2Z and tail puncturing; supported n only"",""scrambling"":""public_PCG64_SHA256_protocol_session_frame_group_counter_after_rate_matching_v1"",""torch"":""2.11.0+cu128"",""version"":""2.2.0""},""interleaver_sha256"":""cfd91463f33258e0cfbf48ffee33f5d54aa230d876cd0f6b6f4924be59ebc553"",""k"":2116,""k_filler"":124,""k_ldpc"":2240,""layout_id"":""5997b704e637f637ae091f0dcb8025a4c37d3feafd6cbc32c87a08d774906979"",""modulation_padding_bits"":0,""mother_bits"":11648,""n"":6304,""n_cb"":11200,""n_cb_comp"":11076,""power_protocol"":""fixed_constellation_average_Es2"",""puncturing_bits"":5220,""puncturing_first_2Z"":448,""puncturing_remaining"":4772,""repetition_bits"":0,""scrambling"":""public_PCG64_SHA256_protocol_session_frame_group_counter_after_rate_matching_v1"",""shortening_bits"":124,""z"":224}",[2048]
16QAM,2/3,16QAM:r2/3,bf13e1ef9dc80f5b2f906c5a92a4cf0f3c99684fed7cca0ecb72eaea3ba4fecc,3288,16,0,3304,3520,216,18304,4956,1239,0,0.6666666666666666,0.6634382566585957,"{""actual_effective_rate"":0.6666666666666666,""bg"":""bg2"",""bit_mapping"":""component_Gray_00_-3_01_-1_10_3_11_1_over_sqrt5;QPSK_0_plus1_1_minus1"",""code_blocks"":1,""decoder_config"":{""cn_schedule"":""flooding"",""cn_update"":""boxplus-phi"",""early_stop"":false,""hard_out"":true,""harq_mode"":false,""llr_max"":20.0,""num_iter"":20,""precision"":""single"",""prune_pcm"":true,""return_infobits"":true,""vn_update"":""sum""},""implementation"":{""bit_mapping"":""component_Gray_00_-3_01_-1_10_3_11_1_over_sqrt5;QPSK_0_plus1_1_minus1"",""cuda"":""12.8"",""decoder"":{""cn_schedule"":""flooding"",""cn_update"":""boxplus-phi"",""early_stop"":false,""hard_out"":true,""harq_mode"":false,""llr_max"":20.0,""num_iter"":20,""precision"":""single"",""prune_pcm"":true,""return_infobits"":true,""vn_update"":""sum""},""decoder_source_sha256"":""44d84b92b749e2970f94d92cd348a11648e2286b4d851faa0af8b21d08f0da23"",""encoder_source_sha256"":""34d8db6660b2e84708a8fb534f63c194f6f2b964e3693fcffc9dcaf21532ccfd"",""implementation"":""Sionna_5G_LDPC"",""power_protocol"":""fixed_constellation_average_Es2"",""precision"":""float32"",""rate_matching"":""Sionna RV0; filler removal, first2Z and tail puncturing; supported n only"",""scrambling"":""public_PCG64_SHA256_protocol_session_frame_group_counter_after_rate_matching_v1"",""torch"":""2.11.0+cu128"",""version"":""2.2.0""},""interleaver_sha256"":""86df307e9b415a28e60d2b87d837d63b4f1a142d5de0e122f7d4ec19d9c0122e"",""k"":3304,""k_filler"":216,""k_ldpc"":3520,""layout_id"":""1d6b8291784f3fbe9d3b33c7b0965eaafb654aab46809cb9554ffc1933a65e2a"",""modulation_padding_bits"":0,""mother_bits"":18304,""n"":4956,""n_cb"":17600,""n_cb_comp"":17384,""power_protocol"":""fixed_constellation_average_Es2"",""puncturing_bits"":13132,""puncturing_first_2Z"":704,""puncturing_remaining"":12428,""repetition_bits"":0,""scrambling"":""public_PCG64_SHA256_protocol_session_frame_group_counter_after_rate_matching_v1"",""shortening_bits"":216,""z"":352}",[2048]
16QAM,5/6,16QAM:r5/6,bf14af35a7cb75c54d432d3b423b4b31f3b7143aafaddc199dbf3d0934b95e55,660,16,0,676,720,44,3744,2680,670,0,0.25223880597014925,0.2462686567164179,"{""actual_effective_rate"":0.25223880597014925,""bg"":""bg2"",""bit_mapping"":""component_Gray_00_-3_01_-1_10_3_11_1_over_sqrt5;QPSK_0_plus1_1_minus1"",""code_blocks"":1,""decoder_config"":{""cn_schedule"":""flooding"",""cn_update"":""boxplus-phi"",""early_stop"":false,""hard_out"":true,""harq_mode"":false,""llr_max"":20.0,""num_iter"":20,""precision"":""single"",""prune_pcm"":true,""return_infobits"":true,""vn_update"":""sum""},""implementation"":{""bit_mapping"":""component_Gray_00_-3_01_-1_10_3_11_1_over_sqrt5;QPSK_0_plus1_1_minus1"",""cuda"":""12.8"",""decoder"":{""cn_schedule"":""flooding"",""cn_update"":""boxplus-phi"",""early_stop"":false,""hard_out"":true,""harq_mode"":false,""llr_max"":20.0,""num_iter"":20,""precision"":""single"",""prune_pcm"":true,""return_infobits"":true,""vn_update"":""sum""},""decoder_source_sha256"":""44d84b92b749e2970f94d92cd348a11648e2286b4d851faa0af8b21d08f0da23"",""encoder_source_sha256"":""34d8db6660b2e84708a8fb534f63c194f6f2b964e3693fcffc9dcaf21532ccfd"",""implementation"":""Sionna_5G_LDPC"",""power_protocol"":""fixed_constellation_average_Es2"",""precision"":""float32"",""rate_matching"":""Sionna RV0; filler removal, first2Z and tail puncturing; supported n only"",""scrambling"":""public_PCG64_SHA256_protocol_session_frame_group_counter_after_rate_matching_v1"",""torch"":""2.11.0+cu128"",""version"":""2.2.0""},""interleaver_sha256"":""bf8fa813ff3689b2a894fc28f67f6faf3c11087aa6a9118187aef3354b5422d5"",""k"":676,""k_filler"":44,""k_ldpc"":720,""layout_id"":""93412b9935764de31049a2a9ef3c20dc965f02fde66974710984ee70b5afc236"",""modulation_padding_bits"":0,""mother_bits"":3744,""n"":2680,""n_cb"":3600,""n_cb_comp"":3556,""power_protocol"":""fixed_constellation_average_Es2"",""puncturing_bits"":1020,""puncturing_first_2Z"":144,""puncturing_remaining"":876,""repetition_bits"":0,""scrambling"":""public_PCG64_SHA256_protocol_session_frame_group_counter_after_rate_matching_v1"",""shortening_bits"":44,""z"":72}",[1024]
QPSK,2/3,QPSK:r2/3,bf1eba891345cdcc18c4e2530888eccba85ad3ae5a54f0497397b11932b68a6e,756,16,0,772,800,28,4160,1158,579,0,0.6666666666666666,0.6528497409326425,"{""actual_effective_rate"":0.6666666666666666,""bg"":""bg2"",""bit_mapping"":""component_Gray_00_-3_01_-1_10_3_11_1_over_sqrt5;QPSK_0_plus1_1_minus1"",""code_blocks"":1,""decoder_config"":{""cn_schedule"":""flooding"",""cn_update"":""boxplus-phi"",""early_stop"":false,""hard_out"":true,""harq_mode"":false,""llr_max"":20.0,""num_iter"":20,""precision"":""single"",""prune_pcm"":true,""return_infobits"":true,""vn_update"":""sum""},""implementation"":{""bit_mapping"":""component_Gray_00_-3_01_-1_10_3_11_1_over_sqrt5;QPSK_0_plus1_1_minus1"",""cuda"":""12.8"",""decoder"":{""cn_schedule"":""flooding"",""cn_update"":""boxplus-phi"",""early_stop"":false,""hard_out"":true,""harq_mode"":false,""llr_max"":20.0,""num_iter"":20,""precision"":""single"",""prune_pcm"":true,""return_infobits"":true,""vn_update"":""sum""},""decoder_source_sha256"":""44d84b92b749e2970f94d92cd348a11648e2286b4d851faa0af8b21d08f0da23"",""encoder_source_sha256"":""34d8db6660b2e84708a8fb534f63c194f6f2b964e3693fcffc9dcaf21532ccfd"",""implementation"":""Sionna_5G_LDPC"",""power_protocol"":""fixed_constellation_average_Es2"",""precision"":""float32"",""rate_matching"":""Sionna RV0; filler removal, first2Z and tail puncturing; supported n only"",""scrambling"":""public_PCG64_SHA256_protocol_session_frame_group_counter_after_rate_matching_v1"",""torch"":""2.11.0+cu128"",""version"":""2.2.0""},""interleaver_sha256"":""823335347838cddd442c18afed1a1262e350c4170fe869073d8da83bdf55bf3f"",""k"":772,""k_filler"":28,""k_ldpc"":800,""layout_id"":""1a40af743f1ad102367f012ed7f35c8d62d5132218a5025e9a74254ff9dae70a"",""modulation_padding_bits"":0,""mother_bits"":4160,""n"":1158,""n_cb"":4000,""n_cb_comp"":3972,""power_protocol"":""fixed_constellation_average_Es2"",""puncturing_bits"":2974,""puncturing_first_2Z"":160,""puncturing_remaining"":2814,""repetition_bits"":0,""scrambling"":""public_PCG64_SHA256_protocol_session_frame_group_counter_after_rate_matching_v1"",""shortening_bits"":28,""z"":80}",[1024]
QPSK,1/2,QPSK:r1/2,bf33bef8ccfcff0fab80949a381d074c954359c339f0a9ca02993e3d403ae70e,360,16,0,376,480,104,2496,1410,705,0,0.26666666666666666,0.2553191489361702,"{""actual_effective_rate"":0.26666666666666666,""bg"":""bg2"",""bit_mapping"":""component_Gray_00_-3_01_-1_10_3_11_1_over_sqrt5;QPSK_0_plus1_1_minus1"",""code_blocks"":1,""decoder_config"":{""cn_schedule"":""flooding"",""cn_update"":""boxplus-phi"",""early_stop"":false,""hard_out"":true,""harq_mode"":false,""llr_max"":20.0,""num_iter"":20,""precision"":""single"",""prune_pcm"":true,""return_infobits"":true,""vn_update"":""sum""},""implementation"":{""bit_mapping"":""component_Gray_00_-3_01_-1_10_3_11_1_over_sqrt5;QPSK_0_plus1_1_minus1"",""cuda"":""12.8"",""decoder"":{""cn_schedule"":""flooding"",""cn_update"":""boxplus-phi"",""early_stop"":false,""hard_out"":true,""harq_mode"":false,""llr_max"":20.0,""num_iter"":20,""precision"":""single"",""prune_pcm"":true,""return_infobits"":true,""vn_update"":""sum""},""decoder_source_sha256"":""44d84b92b749e2970f94d92cd348a11648e2286b4d851faa0af8b21d08f0da23"",""encoder_source_sha256"":""34d8db6660b2e84708a8fb534f63c194f6f2b964e3693fcffc9dcaf21532ccfd"",""implementation"":""Sionna_5G_LDPC"",""power_protocol"":""fixed_constellation_average_Es2"",""precision"":""float32"",""rate_matching"":""Sionna RV0; filler removal, first2Z and tail puncturing; supported n only"",""scrambling"":""public_PCG64_SHA256_protocol_session_frame_group_counter_after_rate_matching_v1"",""torch"":""2.11.0+cu128"",""version"":""2.2.0""},""interleaver_sha256"":""cfd39f53764f5def07d63c91f320705379809874df47ffcbb4e95b8007f3728e"",""k"":376,""k_filler"":104,""k_ldpc"":480,""layout_id"":""d8f7ce13da9a23033839e951c9c71d6081a6c98b2edddac1b302af34440dd0c7"",""modulation_padding_bits"":0,""mother_bits"":2496,""n"":1410,""n_cb"":2400,""n_cb_comp"":2296,""power_protocol"":""fixed_constellation_average_Es2"",""puncturing_bits"":982,""puncturing_first_2Z"":96,""puncturing_remaining"":886,""repetition_bits"":0,""scrambling"":""public_PCG64_SHA256_protocol_session_frame_group_counter_after_rate_matching_v1"",""shortening_bits"":104,""z"":48}",[2048]
16QAM,3/4,16QAM:r3/4,bf36d8d2db99d1f3348ca7ee652489ebfa7874598f3ef385b625e0e3cadd138e,1860,16,0,1876,1936,60,5984,2564,641,0,0.7316692667706708,0.7254290171606864,"{""actual_effective_rate"":0.7316692667706708,""bg"":""bg1"",""bit_mapping"":""component_Gray_00_-3_01_-1_10_3_11_1_over_sqrt5;QPSK_0_plus1_1_minus1"",""code_blocks"":1,""decoder_config"":{""cn_schedule"":""flooding"",""cn_update"":""boxplus-phi"",""early_stop"":false,""hard_out"":true,""harq_mode"":false,""llr_max"":20.0,""num_iter"":20,""precision"":""single"",""prune_pcm"":true,""return_infobits"":true,""vn_update"":""sum""},""implementation"":{""bit_mapping"":""component_Gray_00_-3_01_-1_10_3_11_1_over_sqrt5;QPSK_0_plus1_1_minus1"",""cuda"":""12.8"",""decoder"":{""cn_schedule"":""flooding"",""cn_update"":""boxplus-phi"",""early_stop"":false,""hard_out"":true,""harq_mode"":false,""llr_max"":20.0,""num_iter"":20,""precision"":""single"",""prune_pcm"":true,""return_infobits"":true,""vn_update"":""sum""},""decoder_source_sha256"":""44d84b92b749e2970f94d92cd348a11648e2286b4d851faa0af8b21d08f0da23"",""encoder_source_sha256"":""34d8db6660b2e84708a8fb534f63c194f6f2b964e3693fcffc9dcaf21532ccfd"",""implementation"":""Sionna_5G_LDPC"",""power_protocol"":""fixed_constellation_average_Es2"",""precision"":""float32"",""rate_matching"":""Sionna RV0; filler removal, first2Z and tail puncturing; supported n only"",""scrambling"":""public_PCG64_SHA256_protocol_session_frame_group_counter_after_rate_matching_v1"",""torch"":""2.11.0+cu128"",""version"":""2.2.0""},""interleaver_sha256"":""0a34d29d4d525238ecafc5734cb2241784e6cf200768caf03ca6cebbad051643"",""k"":1876,""k_filler"":60,""k_ldpc"":1936,""layout_id"":""76682cefc93ade28b57b5e27a1433b2841cf459a1636c0efefbb4feba6725796"",""modulation_padding_bits"":0,""mother_bits"":5984,""n"":2564,""n_cb"":5808,""n_cb_comp"":5748,""power_protocol"":""fixed_constellation_average_Es2"",""puncturing_bits"":3360,""puncturing_first_2Z"":176,""puncturing_remaining"":3184,""repetition_bits"":0,""scrambling"":""public_PCG64_SHA256_protocol_session_frame_group_counter_after_rate_matching_v1"",""shortening_bits"":60,""z"":88}",[1024]
16QAM,3/4,16QAM:r3/4,bf37cfe2d8421acf0a980e22d5c81ab4fc7252c5978aebbf86647309a8c43719,1968,16,0,1984,2080,96,10816,5080,1270,0,0.3905511811023622,0.38740157480314963,"{""actual_effective_rate"":0.3905511811023622,""bg"":""bg2"",""bit_mapping"":""component_Gray_00_-3_01_-1_10_3_11_1_over_sqrt5;QPSK_0_plus1_1_minus1"",""code_blocks"":1,""decoder_config"":{""cn_schedule"":""flooding"",""cn_update"":""boxplus-phi"",""early_stop"":false,""hard_out"":true,""harq_mode"":false,""llr_max"":20.0,""num_iter"":20,""precision"":""single"",""prune_pcm"":true,""return_infobits"":true,""vn_update"":""sum""},""implementation"":{""bit_mapping"":""component_Gray_00_-3_01_-1_10_3_11_1_over_sqrt5;QPSK_0_plus1_1_minus1"",""cuda"":""12.8"",""decoder"":{""cn_schedule"":""flooding"",""cn_update"":""boxplus-phi"",""early_stop"":false,""hard_out"":true,""harq_mode"":false,""llr_max"":20.0,""num_iter"":20,""precision"":""single"",""prune_pcm"":true,""return_infobits"":true,""vn_update"":""sum""},""decoder_source_sha256"":""44d84b92b749e2970f94d92cd348a11648e2286b4d851faa0af8b21d08f0da23"",""encoder_source_sha256"":""34d8db6660b2e84708a8fb534f63c194f6f2b964e3693fcffc9dcaf21532ccfd"",""implementation"":""Sionna_5G_LDPC"",""power_protocol"":""fixed_constellation_average_Es2"",""precision"":""float32"",""rate_matching"":""Sionna RV0; filler removal, first2Z and tail puncturing; supported n only"",""scrambling"":""public_PCG64_SHA256_protocol_session_frame_group_counter_after_rate_matching_v1"",""torch"":""2.11.0+cu128"",""version"":""2.2.0""},""interleaver_sha256"":""713ce8a3653bf65a20bee29ec91141ec1736dc97bd5589dc4935d9417d34578f"",""k"":1984,""k_filler"":96,""k_ldpc"":2080,""layout_id"":""f62fab75db9bfc389a3726edc9a6495eaf325fc30a5dae23d42c9791c97685e2"",""modulation_padding_bits"":0,""mother_bits"":10816,""n"":5080,""n_cb"":10400,""n_cb_comp"":10304,""power_protocol"":""fixed_constellation_average_Es2"",""puncturing_bits"":5640,""puncturing_first_2Z"":416,""puncturing_remaining"":5224,""repetition_bits"":0,""scrambling"":""public_PCG64_SHA256_protocol_session_frame_group_counter_after_rate_matching_v1"",""shortening_bits"":96,""z"":208}",[2048]
QPSK,3/4,QPSK:r3/4,bf3ada7b4449d66adf5bbee86c9a9be4bc7f93107b8458f7c9b600b67a7e6f9a,2460,16,0,2476,2640,164,8160,3302,1651,0,0.7498485766202302,0.7450030284675954,"{""actual_effective_rate"":0.7498485766202302,""bg"":""bg1"",""bit_mapping"":""component_Gray_00_-3_01_-1_10_3_11_1_over_sqrt5;QPSK_0_plus1_1_minus1"",""code_blocks"":1,""decoder_config"":{""cn_schedule"":""flooding"",""cn_update"":""boxplus-phi"",""early_stop"":false,""hard_out"":true,""harq_mode"":false,""llr_max"":20.0,""num_iter"":20,""precision"":""single"",""prune_pcm"":true,""return_infobits"":true,""vn_update"":""sum""},""implementation"":{""bit_mapping"":""component_Gray_00_-3_01_-1_10_3_11_1_over_sqrt5;QPSK_0_plus1_1_minus1"",""cuda"":""12.8"",""decoder"":{""cn_schedule"":""flooding"",""cn_update"":""boxplus-phi"",""early_stop"":false,""hard_out"":true,""harq_mode"":false,""llr_max"":20.0,""num_iter"":20,""precision"":""single"",""prune_pcm"":true,""return_infobits"":true,""vn_update"":""sum""},""decoder_source_sha256"":""44d84b92b749e2970f94d92cd348a11648e2286b4d851faa0af8b21d08f0da23"",""encoder_source_sha256"":""34d8db6660b2e84708a8fb534f63c194f6f2b964e3693fcffc9dcaf21532ccfd"",""implementation"":""Sionna_5G_LDPC"",""power_protocol"":""fixed_constellation_average_Es2"",""precision"":""float32"",""rate_matching"":""Sionna RV0; filler removal, first2Z and tail puncturing; supported n only"",""scrambling"":""public_PCG64_SHA256_protocol_session_frame_group_counter_after_rate_matching_v1"",""torch"":""2.11.0+cu128"",""version"":""2.2.0""},""interleaver_sha256"":""033cd0fd3fb891cf523f72b4d2c591096b162c889c38594f3c1f6c20ba5b8930"",""k"":2476,""k_filler"":164,""k_ldpc"":2640,""layout_id"":""aebd808dc5514d494e2387e73595cfa502a2c31e87303df487734e5059dbdc10"",""modulation_padding_bits"":0,""mother_bits"":8160,""n"":3302,""n_cb"":7920,""n_cb_comp"":7756,""power_protocol"":""fixed_constellation_average_Es2"",""puncturing_bits"":4694,""puncturing_first_2Z"":240,""puncturing_remaining"":4454,""repetition_bits"":0,""scrambling"":""public_PCG64_SHA256_protocol_session_frame_group_counter_after_rate_matching_v1"",""shortening_bits"":164,""z"":120}",[2048]
16QAM,1/3,16QAM:r1/3,bf421d81d03e5f2bfd038be3e37ee45879e4f0f285d140d959b496d1b526daad,2100,16,0,2116,2240,124,11648,6528,1632,0,0.3241421568627451,0.32169117647058826,"{""actual_effective_rate"":0.3241421568627451,""bg"":""bg2"",""bit_mapping"":""component_Gray_00_-3_01_-1_10_3_11_1_over_sqrt5;QPSK_0_plus1_1_minus1"",""code_blocks"":1,""decoder_config"":{""cn_schedule"":""flooding"",""cn_update"":""boxplus-phi"",""early_stop"":false,""hard_out"":true,""harq_mode"":false,""llr_max"":20.0,""num_iter"":20,""precision"":""single"",""prune_pcm"":true,""return_infobits"":true,""vn_update"":""sum""},""implementation"":{""bit_mapping"":""component_Gray_00_-3_01_-1_10_3_11_1_over_sqrt5;QPSK_0_plus1_1_minus1"",""cuda"":""12.8"",""decoder"":{""cn_schedule"":""flooding"",""cn_update"":""boxplus-phi"",""early_stop"":false,""hard_out"":true,""harq_mode"":false,""llr_max"":20.0,""num_iter"":20,""precision"":""single"",""prune_pcm"":true,""return_infobits"":true,""vn_update"":""sum""},""decoder_source_sha256"":""44d84b92b749e2970f94d92cd348a11648e2286b4d851faa0af8b21d08f0da23"",""encoder_source_sha256"":""34d8db6660b2e84708a8fb534f63c194f6f2b964e3693fcffc9dcaf21532ccfd"",""implementation"":""Sionna_5G_LDPC"",""power_protocol"":""fixed_constellation_average_Es2"",""precision"":""float32"",""rate_matching"":""Sionna RV0; filler removal, first2Z and tail puncturing; supported n only"",""scrambling"":""public_PCG64_SHA256_protocol_session_frame_group_counter_after_rate_matching_v1"",""torch"":""2.11.0+cu128"",""version"":""2.2.0""},""interleaver_sha256"":""9a35a816f6e494b88977753223d2ce4aec43675c76e5a4bfa08712895b50ee47"",""k"":2116,""k_filler"":124,""k_ldpc"":2240,""layout_id"":""f30a8cfc8fde674c7323fa4ed3f13757595caf62436b5003af4988a59484bf13"",""modulation_padding_bits"":0,""mother_bits"":11648,""n"":6528,""n_cb"":11200,""n_cb_comp"":11076,""power_protocol"":""fixed_constellation_average_Es2"",""puncturing_bits"":4996,""puncturing_first_2Z"":448,""puncturing_remaining"":4548,""repetition_bits"":0,""scrambling"":""public_PCG64_SHA256_protocol_session_frame_group_counter_after_rate_matching_v1"",""shortening_bits"":124,""z"":224}",[2048]
16QAM,2/3,16QAM:r2/3,bf45f45e6558a193059a949779dea6a2dcfb5e7677fd2b924a5e9138d7e4bc9a,576,16,0,592,720,128,3744,1320,330,0,0.4484848484848485,0.43636363636363634,"{""actual_effective_rate"":0.4484848484848485,""bg"":""bg2"",""bit_mapping"":""component_Gray_00_-3_01_-1_10_3_11_1_over_sqrt5;QPSK_0_plus1_1_minus1"",""code_blocks"":1,""decoder_config"":{""cn_schedule"":""flooding"",""cn_update"":""boxplus-phi"",""early_stop"":false,""hard_out"":true,""harq_mode"":false,""llr_max"":20.0,""num_iter"":20,""precision"":""single"",""prune_pcm"":true,""return_infobits"":true,""vn_update"":""sum""},""implementation"":{""bit_mapping"":""component_Gray_00_-3_01_-1_10_3_11_1_over_sqrt5;QPSK_0_plus1_1_minus1"",""cuda"":""12.8"",""decoder"":{""cn_schedule"":""flooding"",""cn_update"":""boxplus-phi"",""early_stop"":false,""hard_out"":true,""harq_mode"":false,""llr_max"":20.0,""num_iter"":20,""precision"":""single"",""prune_pcm"":true,""return_infobits"":true,""vn_update"":""sum""},""decoder_source_sha256"":""44d84b92b749e2970f94d92cd348a11648e2286b4d851faa0af8b21d08f0da23"",""encoder_source_sha256"":""34d8db6660b2e84708a8fb534f63c194f6f2b964e3693fcffc9dcaf21532ccfd"",""implementation"":""Sionna_5G_LDPC"",""power_protocol"":""fixed_constellation_average_Es2"",""precision"":""float32"",""rate_matching"":""Sionna RV0; filler removal, first2Z and tail puncturing; supported n only"",""scrambling"":""public_PCG64_SHA256_protocol_session_frame_group_counter_after_rate_matching_v1"",""torch"":""2.11.0+cu128"",""version"":""2.2.0""},""interleaver_sha256"":""d691b2d2306e2baa45c66d79ad1db58010fc23829575f7f8591eb00807967833"",""k"":592,""k_filler"":128,""k_ldpc"":720,""layout_id"":""db9ab099027a5c8aa108d5203083c1f553dab1b0fef0570b91e6f981cf84a834"",""modulation_padding_bits"":0,""mother_bits"":3744,""n"":1320,""n_cb"":3600,""n_cb_comp"":3472,""power_protocol"":""fixed_constellation_average_Es2"",""puncturing_bits"":2296,""puncturing_first_2Z"":144,""puncturing_remaining"":2152,""repetition_bits"":0,""scrambling"":""public_PCG64_SHA256_protocol_session_frame_group_counter_after_rate_matching_v1"",""shortening_bits"":128,""z"":72}",[2048]
QPSK,3/4,QPSK:r3/4,bf4b7990fcbb7b0ba8cbac04a5b4264796dff58811b1aa5239de5959595085c3,900,16,0,916,960,44,4992,1838,919,0,0.49836779107725787,0.4896626768226333,"{""actual_effective_rate"":0.49836779107725787,""bg"":""bg2"",""bit_mapping"":""component_Gray_00_-3_01_-1_10_3_11_1_over_sqrt5;QPSK_0_plus1_1_minus1"",""code_blocks"":1,""decoder_config"":{""cn_schedule"":""flooding"",""cn_update"":""boxplus-phi"",""early_stop"":false,""hard_out"":true,""harq_mode"":false,""llr_max"":20.0,""num_iter"":20,""precision"":""single"",""prune_pcm"":true,""return_infobits"":true,""vn_update"":""sum""},""implementation"":{""bit_mapping"":""component_Gray_00_-3_01_-1_10_3_11_1_over_sqrt5;QPSK_0_plus1_1_minus1"",""cuda"":""12.8"",""decoder"":{""cn_schedule"":""flooding"",""cn_update"":""boxplus-phi"",""early_stop"":false,""hard_out"":true,""harq_mode"":false,""llr_max"":20.0,""num_iter"":20,""precision"":""single"",""prune_pcm"":true,""return_infobits"":true,""vn_update"":""sum""},""decoder_source_sha256"":""44d84b92b749e2970f94d92cd348a11648e2286b4d851faa0af8b21d08f0da23"",""encoder_source_sha256"":""34d8db6660b2e84708a8fb534f63c194f6f2b964e3693fcffc9dcaf21532ccfd"",""implementation"":""Sionna_5G_LDPC"",""power_protocol"":""fixed_constellation_average_Es2"",""precision"":""float32"",""rate_matching"":""Sionna RV0; filler removal, first2Z and tail puncturing; supported n only"",""scrambling"":""public_PCG64_SHA256_protocol_session_frame_group_counter_after_rate_matching_v1"",""torch"":""2.11.0+cu128"",""version"":""2.2.0""},""interleaver_sha256"":""c627acbf03b9d8e09bcf7bf19bab0fa1a018665e623933120600f263dba35fa4"",""k"":916,""k_filler"":44,""k_ldpc"":960,""layout_id"":""12463047bbf1cd0b9dcc480ca2465b3796b5bd986da507b0adca1a2323de6313"",""modulation_padding_bits"":0,""mother_bits"":4992,""n"":1838,""n_cb"":4800,""n_cb_comp"":4756,""power_protocol"":""fixed_constellation_average_Es2"",""puncturing_bits"":3110,""puncturing_first_2Z"":192,""puncturing_remaining"":2918,""repetition_bits"":0,""scrambling"":""public_PCG64_SHA256_protocol_session_frame_group_counter_after_rate_matching_v1"",""shortening_bits"":44,""z"":96}",[2048]
QPSK,3/4,QPSK:r3/4,bf53596f92b9a8d9183972147900fec2b4f15f5ef11767c2b2c651ae666f5f26,1800,16,0,1816,1920,104,9984,3426,1713,0,0.5300642148277875,0.5253940455341506,"{""actual_effective_rate"":0.5300642148277875,""bg"":""bg2"",""bit_mapping"":""component_Gray_00_-3_01_-1_10_3_11_1_over_sqrt5;QPSK_0_plus1_1_minus1"",""code_blocks"":1,""decoder_config"":{""cn_schedule"":""flooding"",""cn_update"":""boxplus-phi"",""early_stop"":false,""hard_out"":true,""harq_mode"":false,""llr_max"":20.0,""num_iter"":20,""precision"":""single"",""prune_pcm"":true,""return_infobits"":true,""vn_update"":""sum""},""implementation"":{""bit_mapping"":""component_Gray_00_-3_01_-1_10_3_11_1_over_sqrt5;QPSK_0_plus1_1_minus1"",""cuda"":""12.8"",""decoder"":{""cn_schedule"":""flooding"",""cn_update"":""boxplus-phi"",""early_stop"":false,""hard_out"":true,""harq_mode"":false,""llr_max"":20.0,""num_iter"":20,""precision"":""single"",""prune_pcm"":true,""return_infobits"":true,""vn_update"":""sum""},""decoder_source_sha256"":""44d84b92b749e2970f94d92cd348a11648e2286b4d851faa0af8b21d08f0da23"",""encoder_source_sha256"":""34d8db6660b2e84708a8fb534f63c194f6f2b964e3693fcffc9dcaf21532ccfd"",""implementation"":""Sionna_5G_LDPC"",""power_protocol"":""fixed_constellation_average_Es2"",""precision"":""float32"",""rate_matching"":""Sionna RV0; filler removal, first2Z and tail puncturing; supported n only"",""scrambling"":""public_PCG64_SHA256_protocol_session_frame_group_counter_after_rate_matching_v1"",""torch"":""2.11.0+cu128"",""version"":""2.2.0""},""interleaver_sha256"":""68c3312208c2120b6780e09ca82c5ba637373b96621909f7fa79a79b8d2a1c23"",""k"":1816,""k_filler"":104,""k_ldpc"":1920,""layout_id"":""a0074ec3c04e6903bd1521e94817593286ae59bbe2d86fbc4e54aaa8c83232bc"",""modulation_padding_bits"":0,""mother_bits"":9984,""n"":3426,""n_cb"":9600,""n_cb_comp"":9496,""power_protocol"":""fixed_constellation_average_Es2"",""puncturing_bits"":6454,""puncturing_first_2Z"":384,""puncturing_remaining"":6070,""repetition_bits"":0,""scrambling"":""public_PCG64_SHA256_protocol_session_frame_group_counter_after_rate_matching_v1"",""shortening_bits"":104,""z"":192}",[2048]
16QAM,3/4,16QAM:r3/4,bf53ddfcc4f70eee9294a018e44a6477a5d7eace9bd15219b0d768a8f4662937,660,16,0,676,720,44,3744,1620,405,0,0.41728395061728396,0.4074074074074074,"{""actual_effective_rate"":0.41728395061728396,""bg"":""bg2"",""bit_mapping"":""component_Gray_00_-3_01_-1_10_3_11_1_over_sqrt5;QPSK_0_plus1_1_minus1"",""code_blocks"":1,""decoder_config"":{""cn_schedule"":""flooding"",""cn_update"":""boxplus-phi"",""early_stop"":false,""hard_out"":true,""harq_mode"":false,""llr_max"":20.0,""num_iter"":20,""precision"":""single"",""prune_pcm"":true,""return_infobits"":true,""vn_update"":""sum""},""implementation"":{""bit_mapping"":""component_Gray_00_-3_01_-1_10_3_11_1_over_sqrt5;QPSK_0_plus1_1_minus1"",""cuda"":""12.8"",""decoder"":{""cn_schedule"":""flooding"",""cn_update"":""boxplus-phi"",""early_stop"":false,""hard_out"":true,""harq_mode"":false,""llr_max"":20.0,""num_iter"":20,""precision"":""single"",""prune_pcm"":true,""return_infobits"":true,""vn_update"":""sum""},""decoder_source_sha256"":""44d84b92b749e2970f94d92cd348a11648e2286b4d851faa0af8b21d08f0da23"",""encoder_source_sha256"":""34d8db6660b2e84708a8fb534f63c194f6f2b964e3693fcffc9dcaf21532ccfd"",""implementation"":""Sionna_5G_LDPC"",""power_protocol"":""fixed_constellation_average_Es2"",""precision"":""float32"",""rate_matching"":""Sionna RV0; filler removal, first2Z and tail puncturing; supported n only"",""scrambling"":""public_PCG64_SHA256_protocol_session_frame_group_counter_after_rate_matching_v1"",""torch"":""2.11.0+cu128"",""version"":""2.2.0""},""interleaver_sha256"":""c64de8400027e7a84fc8c07ca804cc8a8a693ee5776963d6f355f118aed32bad"",""k"":676,""k_filler"":44,""k_ldpc"":720,""layout_id"":""a6d41c7584a31ae30b51ff38ec454ffda6c0e2070115a6ac7cd06122dc3700cf"",""modulation_padding_bits"":0,""mother_bits"":3744,""n"":1620,""n_cb"":3600,""n_cb_comp"":3556,""power_protocol"":""fixed_constellation_average_Es2"",""puncturing_bits"":2080,""puncturing_first_2Z"":144,""puncturing_remaining"":1936,""repetition_bits"":0,""scrambling"":""public_PCG64_SHA256_protocol_session_frame_group_counter_after_rate_matching_v1"",""shortening_bits"":44,""z"":72}",[1024]
16QAM,2/3,16QAM:r2/3,bf5d3775015ef3b8db09b94e8722933a0664a1090d0745a7c04bf98b6c5281e9,1368,16,0,1384,1440,56,7488,2328,582,0,0.5945017182130584,0.5876288659793815,"{""actual_effective_rate"":0.5945017182130584,""bg"":""bg2"",""bit_mapping"":""component_Gray_00_-3_01_-1_10_3_11_1_over_sqrt5;QPSK_0_plus1_1_minus1"",""code_blocks"":1,""decoder_config"":{""cn_schedule"":""flooding"",""cn_update"":""boxplus-phi"",""early_stop"":false,""hard_out"":true,""harq_mode"":false,""llr_max"":20.0,""num_iter"":20,""precision"":""single"",""prune_pcm"":true,""return_infobits"":true,""vn_update"":""sum""},""implementation"":{""bit_mapping"":""component_Gray_00_-3_01_-1_10_3_11_1_over_sqrt5;QPSK_0_plus1_1_minus1"",""cuda"":""12.8"",""decoder"":{""cn_schedule"":""flooding"",""cn_update"":""boxplus-phi"",""early_stop"":false,""hard_out"":true,""harq_mode"":false,""llr_max"":20.0,""num_iter"":20,""precision"":""single"",""prune_pcm"":true,""return_infobits"":true,""vn_update"":""sum""},""decoder_source_sha256"":""44d84b92b749e2970f94d92cd348a11648e2286b4d851faa0af8b21d08f0da23"",""encoder_source_sha256"":""34d8db6660b2e84708a8fb534f63c194f6f2b964e3693fcffc9dcaf21532ccfd"",""implementation"":""Sionna_5G_LDPC"",""power_protocol"":""fixed_constellation_average_Es2"",""precision"":""float32"",""rate_matching"":""Sionna RV0; filler removal, first2Z and tail puncturing; supported n only"",""scrambling"":""public_PCG64_SHA256_protocol_session_frame_group_counter_after_rate_matching_v1"",""torch"":""2.11.0+cu128"",""version"":""2.2.0""},""interleaver_sha256"":""a73ad8af7c90a604d9f0bc66800ffd48606b361e74369130f864657273aa0954"",""k"":1384,""k_filler"":56,""k_ldpc"":1440,""layout_id"":""35427cbeb48de51e376c1e36681c0fbfe25350f3911f470fc664f2d6a5376c91"",""modulation_padding_bits"":0,""mother_bits"":7488,""n"":2328,""n_cb"":7200,""n_cb_comp"":7144,""power_protocol"":""fixed_constellation_average_Es2"",""puncturing_bits"":5104,""puncturing_first_2Z"":288,""puncturing_remaining"":4816,""repetition_bits"":0,""scrambling"":""public_PCG64_SHA256_protocol_session_frame_group_counter_after_rate_matching_v1"",""shortening_bits"":56,""z"":144}","[1024,2048]"
QPSK,2/3,QPSK:r2/3,bf5ed60e5d5703faec8701e9624c79e219dc855815594c4e1ec7b68f650893a3,384,16,0,400,520,120,2704,842,421,0,0.4750593824228028,0.45605700712589076,"{""actual_effective_rate"":0.4750593824228028,""bg"":""bg2"",""bit_mapping"":""component_Gray_00_-3_01_-1_10_3_11_1_over_sqrt5;QPSK_0_plus1_1_minus1"",""code_blocks"":1,""decoder_config"":{""cn_schedule"":""flooding"",""cn_update"":""boxplus-phi"",""early_stop"":false,""hard_out"":true,""harq_mode"":false,""llr_max"":20.0,""num_iter"":20,""precision"":""single"",""prune_pcm"":true,""return_infobits"":true,""vn_update"":""sum""},""implementation"":{""bit_mapping"":""component_Gray_00_-3_01_-1_10_3_11_1_over_sqrt5;QPSK_0_plus1_1_minus1"",""cuda"":""12.8"",""decoder"":{""cn_schedule"":""flooding"",""cn_update"":""boxplus-phi"",""early_stop"":false,""hard_out"":true,""harq_mode"":false,""llr_max"":20.0,""num_iter"":20,""precision"":""single"",""prune_pcm"":true,""return_infobits"":true,""vn_update"":""sum""},""decoder_source_sha256"":""44d84b92b749e2970f94d92cd348a11648e2286b4d851faa0af8b21d08f0da23"",""encoder_source_sha256"":""34d8db6660b2e84708a8fb534f63c194f6f2b964e3693fcffc9dcaf21532ccfd"",""implementation"":""Sionna_5G_LDPC"",""power_protocol"":""fixed_constellation_average_Es2"",""precision"":""float32"",""rate_matching"":""Sionna RV0; filler removal, first2Z and tail puncturing; supported n only"",""scrambling"":""public_PCG64_SHA256_protocol_session_frame_group_counter_after_rate_matching_v1"",""torch"":""2.11.0+cu128"",""version"":""2.2.0""},""interleaver_sha256"":""3f01d14585c8a9abf4d3918c90d240081c3d8db1db368d78e66617cbdc984ca2"",""k"":400,""k_filler"":120,""k_ldpc"":520,""layout_id"":""4222d8fa9d255510b0a963bc06060f028c18574ecd47733130559e08587099ad"",""modulation_padding_bits"":0,""mother_bits"":2704,""n"":842,""n_cb"":2600,""n_cb_comp"":2480,""power_protocol"":""fixed_constellation_average_Es2"",""puncturing_bits"":1742,""puncturing_first_2Z"":104,""puncturing_remaining"":1638,""repetition_bits"":0,""scrambling"":""public_PCG64_SHA256_protocol_session_frame_group_counter_after_rate_matching_v1"",""shortening_bits"":120,""z"":52}",[2048]
16QAM,2/3,16QAM:r2/3,bf62679b9e6a3220fbfea4434284ccd6c8e3cd6a06bac3cdbf6ec363b4cb9930,660,16,0,676,720,44,3744,1636,409,0,0.4132029339853301,0.4034229828850856,"{""actual_effective_rate"":0.4132029339853301,""bg"":""bg2"",""bit_mapping"":""component_Gray_00_-3_01_-1_10_3_11_1_over_sqrt5;QPSK_0_plus1_1_minus1"",""code_blocks"":1,""decoder_config"":{""cn_schedule"":""flooding"",""cn_update"":""boxplus-phi"",""early_stop"":false,""hard_out"":true,""harq_mode"":false,""llr_max"":20.0,""num_iter"":20,""precision"":""single"",""prune_pcm"":true,""return_infobits"":true,""vn_update"":""sum""},""implementation"":{""bit_mapping"":""component_Gray_00_-3_01_-1_10_3_11_1_over_sqrt5;QPSK_0_plus1_1_minus1"",""cuda"":""12.8"",""decoder"":{""cn_schedule"":""flooding"",""cn_update"":""boxplus-phi"",""early_stop"":false,""hard_out"":true,""harq_mode"":false,""llr_max"":20.0,""num_iter"":20,""precision"":""single"",""prune_pcm"":true,""return_infobits"":true,""vn_update"":""sum""},""decoder_source_sha256"":""44d84b92b749e2970f94d92cd348a11648e2286b4d851faa0af8b21d08f0da23"",""encoder_source_sha256"":""34d8db6660b2e84708a8fb534f63c194f6f2b964e3693fcffc9dcaf21532ccfd"",""implementation"":""Sionna_5G_LDPC"",""power_protocol"":""fixed_constellation_average_Es2"",""precision"":""float32"",""rate_matching"":""Sionna RV0; filler removal, first2Z and tail puncturing; supported n only"",""scrambling"":""public_PCG64_SHA256_protocol_session_frame_group_counter_after_rate_matching_v1"",""torch"":""2.11.0+cu128"",""version"":""2.2.0""},""interleaver_sha256"":""90109ab734c1b201d2bb954e205b898cc0f98ea4304cd571aed35aa442b4c2a9"",""k"":676,""k_filler"":44,""k_ldpc"":720,""layout_id"":""19a701492896d756dd8b16736b1af095676336a9258ffb8fcc4df86671eb48c6"",""modulation_padding_bits"":0,""mother_bits"":3744,""n"":1636,""n_cb"":3600,""n_cb_comp"":3556,""power_protocol"":""fixed_constellation_average_Es2"",""puncturing_bits"":2064,""puncturing_first_2Z"":144,""puncturing_remaining"":1920,""repetition_bits"":0,""scrambling"":""public_PCG64_SHA256_protocol_session_frame_group_counter_after_rate_matching_v1"",""shortening_bits"":44,""z"":72}",[1024]
QPSK,1/3,QPSK:r1/3,bf63814c0c40a7ff25ddb162fae4a6e3afb8473cdceecb908896c240a8f9fc58,1092,16,0,1108,1120,12,5824,3634,1817,0,0.30489818381948264,0.30049532195927353,"{""actual_effective_rate"":0.30489818381948264,""bg"":""bg2"",""bit_mapping"":""component_Gray_00_-3_01_-1_10_3_11_1_over_sqrt5;QPSK_0_plus1_1_minus1"",""code_blocks"":1,""decoder_config"":{""cn_schedule"":""flooding"",""cn_update"":""boxplus-phi"",""early_stop"":false,""hard_out"":true,""harq_mode"":false,""llr_max"":20.0,""num_iter"":20,""precision"":""single"",""prune_pcm"":true,""return_infobits"":true,""vn_update"":""sum""},""implementation"":{""bit_mapping"":""component_Gray_00_-3_01_-1_10_3_11_1_over_sqrt5;QPSK_0_plus1_1_minus1"",""cuda"":""12.8"",""decoder"":{""cn_schedule"":""flooding"",""cn_update"":""boxplus-phi"",""early_stop"":false,""hard_out"":true,""harq_mode"":false,""llr_max"":20.0,""num_iter"":20,""precision"":""single"",""prune_pcm"":true,""return_infobits"":true,""vn_update"":""sum""},""decoder_source_sha256"":""44d84b92b749e2970f94d92cd348a11648e2286b4d851faa0af8b21d08f0da23"",""encoder_source_sha256"":""34d8db6660b2e84708a8fb534f63c194f6f2b964e3693fcffc9dcaf21532ccfd"",""implementation"":""Sionna_5G_LDPC"",""power_protocol"":""fixed_constellation_average_Es2"",""precision"":""float32"",""rate_matching"":""Sionna RV0; filler removal, first2Z and tail puncturing; supported n only"",""scrambling"":""public_PCG64_SHA256_protocol_session_frame_group_counter_after_rate_matching_v1"",""torch"":""2.11.0+cu128"",""version"":""2.2.0""},""interleaver_sha256"":""8c48ae863855de15dac7c8c6913e91a2237edc96511c2eea70a0ff28f99d3584"",""k"":1108,""k_filler"":12,""k_ldpc"":1120,""layout_id"":""66af723d834a6bd4b72045e555e557d2bef5b1f06f8847f453c9b615e7514b73"",""modulation_padding_bits"":0,""mother_bits"":5824,""n"":3634,""n_cb"":5600,""n_cb_comp"":5588,""power_protocol"":""fixed_constellation_average_Es2"",""puncturing_bits"":2178,""puncturing_first_2Z"":224,""puncturing_remaining"":1954,""repetition_bits"":0,""scrambling"":""public_PCG64_SHA256_protocol_session_frame_group_counter_after_rate_matching_v1"",""shortening_bits"":12,""z"":112}",[2048]
QPSK,5/6,QPSK:r5/6,bf640f01ee5f8be8771478399ba58e36621b275cb36b68519bf3e0cd6c1cd8d4,2532,16,0,2548,2640,92,8160,3058,1529,0,0.8332243296272073,0.8279921517331589,"{""actual_effective_rate"":0.8332243296272073,""bg"":""bg1"",""bit_mapping"":""component_Gray_00_-3_01_-1_10_3_11_1_over_sqrt5;QPSK_0_plus1_1_minus1"",""code_blocks"":1,""decoder_config"":{""cn_schedule"":""flooding"",""cn_update"":""boxplus-phi"",""early_stop"":false,""hard_out"":true,""harq_mode"":false,""llr_max"":20.0,""num_iter"":20,""precision"":""single"",""prune_pcm"":true,""return_infobits"":true,""vn_update"":""sum""},""implementation"":{""bit_mapping"":""component_Gray_00_-3_01_-1_10_3_11_1_over_sqrt5;QPSK_0_plus1_1_minus1"",""cuda"":""12.8"",""decoder"":{""cn_schedule"":""flooding"",""cn_update"":""boxplus-phi"",""early_stop"":false,""hard_out"":true,""harq_mode"":false,""llr_max"":20.0,""num_iter"":20,""precision"":""single"",""prune_pcm"":true,""return_infobits"":true,""vn_update"":""sum""},""decoder_source_sha256"":""44d84b92b749e2970f94d92cd348a11648e2286b4d851faa0af8b21d08f0da23"",""encoder_source_sha256"":""34d8db6660b2e84708a8fb534f63c194f6f2b964e3693fcffc9dcaf21532ccfd"",""implementation"":""Sionna_5G_LDPC"",""power_protocol"":""fixed_constellation_average_Es2"",""precision"":""float32"",""rate_matching"":""Sionna RV0; filler removal, first2Z and tail puncturing; supported n only"",""scrambling"":""public_PCG64_SHA256_protocol_session_frame_group_counter_after_rate_matching_v1"",""torch"":""2.11.0+cu128"",""version"":""2.2.0""},""interleaver_sha256"":""aaa4be84729ffd899a553647e9521509f296bd4cac17610f7e61d320205abc61"",""k"":2548,""k_filler"":92,""k_ldpc"":2640,""layout_id"":""980a57cfa50c28bed2cef2d5bfb6cd283b7cd8d9258797544feaa88c7732b77d"",""modulation_padding_bits"":0,""mother_bits"":8160,""n"":3058,""n_cb"":7920,""n_cb_comp"":7828,""power_protocol"":""fixed_constellation_average_Es2"",""puncturing_bits"":5010,""puncturing_first_2Z"":240,""puncturing_remaining"":4770,""repetition_bits"":0,""scrambling"":""public_PCG64_SHA256_protocol_session_frame_group_counter_after_rate_matching_v1"",""shortening_bits"":92,""z"":120}",[2048]
16QAM,5/6,16QAM:r5/6,bf6ed14d8e7498f6556cdf4a554b7ccd5ef3c597b291f91d27efa892666bb8bf,660,16,0,676,720,44,3744,1596,399,0,0.42355889724310775,0.41353383458646614,"{""actual_effective_rate"":0.42355889724310775,""bg"":""bg2"",""bit_mapping"":""component_Gray_00_-3_01_-1_10_3_11_1_over_sqrt5;QPSK_0_plus1_1_minus1"",""code_blocks"":1,""decoder_config"":{""cn_schedule"":""flooding"",""cn_update"":""boxplus-phi"",""early_stop"":false,""hard_out"":true,""harq_mode"":false,""llr_max"":20.0,""num_iter"":20,""precision"":""single"",""prune_pcm"":true,""return_infobits"":true,""vn_update"":""sum""},""implementation"":{""bit_mapping"":""component_Gray_00_-3_01_-1_10_3_11_1_over_sqrt5;QPSK_0_plus1_1_minus1"",""cuda"":""12.8"",""decoder"":{""cn_schedule"":""flooding"",""cn_update"":""boxplus-phi"",""early_stop"":false,""hard_out"":true,""harq_mode"":false,""llr_max"":20.0,""num_iter"":20,""precision"":""single"",""prune_pcm"":true,""return_infobits"":true,""vn_update"":""sum""},""decoder_source_sha256"":""44d84b92b749e2970f94d92cd348a11648e2286b4d851faa0af8b21d08f0da23"",""encoder_source_sha256"":""34d8db6660b2e84708a8fb534f63c194f6f2b964e3693fcffc9dcaf21532ccfd"",""implementation"":""Sionna_5G_LDPC"",""power_protocol"":""fixed_constellation_average_Es2"",""precision"":""float32"",""rate_matching"":""Sionna RV0; filler removal, first2Z and tail puncturing; supported n only"",""scrambling"":""public_PCG64_SHA256_protocol_session_frame_group_counter_after_rate_matching_v1"",""torch"":""2.11.0+cu128"",""version"":""2.2.0""},""interleaver_sha256"":""463dd57694af3a2f0acf5a2f231ec543a9b2a4cf4a4b4f54f79f8631c2c37e4e"",""k"":676,""k_filler"":44,""k_ldpc"":720,""layout_id"":""1065a71ea54ed82c39a80a9ab43dbd47172f556aa3cf5bce52a1254c837055fe"",""modulation_padding_bits"":0,""mother_bits"":3744,""n"":1596,""n_cb"":3600,""n_cb_comp"":3556,""power_protocol"":""fixed_constellation_average_Es2"",""puncturing_bits"":2104,""puncturing_first_2Z"":144,""puncturing_remaining"":1960,""repetition_bits"":0,""scrambling"":""public_PCG64_SHA256_protocol_session_frame_group_counter_after_rate_matching_v1"",""shortening_bits"":44,""z"":72}",[2048]
16QAM,5/6,16QAM:r5/6,bf895dc4b1daee7ab5b47a7cd8f7f514b41f1d98c0e64865eed85acd070e225b,1368,16,0,1384,1440,56,7488,3396,849,0,0.4075382803297998,0.4028268551236749,"{""actual_effective_rate"":0.4075382803297998,""bg"":""bg2"",""bit_mapping"":""component_Gray_00_-3_01_-1_10_3_11_1_over_sqrt5;QPSK_0_plus1_1_minus1"",""code_blocks"":1,""decoder_config"":{""cn_schedule"":""flooding"",""cn_update"":""boxplus-phi"",""early_stop"":false,""hard_out"":true,""harq_mode"":false,""llr_max"":20.0,""num_iter"":20,""precision"":""single"",""prune_pcm"":true,""return_infobits"":true,""vn_update"":""sum""},""implementation"":{""bit_mapping"":""component_Gray_00_-3_01_-1_10_3_11_1_over_sqrt5;QPSK_0_plus1_1_minus1"",""cuda"":""12.8"",""decoder"":{""cn_schedule"":""flooding"",""cn_update"":""boxplus-phi"",""early_stop"":false,""hard_out"":true,""harq_mode"":false,""llr_max"":20.0,""num_iter"":20,""precision"":""single"",""prune_pcm"":true,""return_infobits"":true,""vn_update"":""sum""},""decoder_source_sha256"":""44d84b92b749e2970f94d92cd348a11648e2286b4d851faa0af8b21d08f0da23"",""encoder_source_sha256"":""34d8db6660b2e84708a8fb534f63c194f6f2b964e3693fcffc9dcaf21532ccfd"",""implementation"":""Sionna_5G_LDPC"",""power_protocol"":""fixed_constellation_average_Es2"",""precision"":""float32"",""rate_matching"":""Sionna RV0; filler removal, first2Z and tail puncturing; supported n only"",""scrambling"":""public_PCG64_SHA256_protocol_session_frame_group_counter_after_rate_matching_v1"",""torch"":""2.11.0+cu128"",""version"":""2.2.0""},""interleaver_sha256"":""9e04da1fe99b0aaf3147506a9816b18232af14eb10b51d3a52fa1bf83e0a7b28"",""k"":1384,""k_filler"":56,""k_ldpc"":1440,""layout_id"":""1f613791d27b5161ca60a9d6d2d123016b339a0c9277d03d1dc70c313f6b98da"",""modulation_padding_bits"":0,""mother_bits"":7488,""n"":3396,""n_cb"":7200,""n_cb_comp"":7144,""power_protocol"":""fixed_constellation_average_Es2"",""puncturing_bits"":4036,""puncturing_first_2Z"":288,""puncturing_remaining"":3748,""repetition_bits"":0,""scrambling"":""public_PCG64_SHA256_protocol_session_frame_group_counter_after_rate_matching_v1"",""shortening_bits"":56,""z"":144}",[2048]
16QAM,1/3,16QAM:r1/3,bf96de17fa0b9a9ebe66d200541300ee233a9be95ea77c31fc8ed111fb6c74d4,600,16,0,616,720,104,3744,2136,534,0,0.2883895131086142,0.2808988764044944,"{""actual_effective_rate"":0.2883895131086142,""bg"":""bg2"",""bit_mapping"":""component_Gray_00_-3_01_-1_10_3_11_1_over_sqrt5;QPSK_0_plus1_1_minus1"",""code_blocks"":1,""decoder_config"":{""cn_schedule"":""flooding"",""cn_update"":""boxplus-phi"",""early_stop"":false,""hard_out"":true,""harq_mode"":false,""llr_max"":20.0,""num_iter"":20,""precision"":""single"",""prune_pcm"":true,""return_infobits"":true,""vn_update"":""sum""},""implementation"":{""bit_mapping"":""component_Gray_00_-3_01_-1_10_3_11_1_over_sqrt5;QPSK_0_plus1_1_minus1"",""cuda"":""12.8"",""decoder"":{""cn_schedule"":""flooding"",""cn_update"":""boxplus-phi"",""early_stop"":false,""hard_out"":true,""harq_mode"":false,""llr_max"":20.0,""num_iter"":20,""precision"":""single"",""prune_pcm"":true,""return_infobits"":true,""vn_update"":""sum""},""decoder_source_sha256"":""44d84b92b749e2970f94d92cd348a11648e2286b4d851faa0af8b21d08f0da23"",""encoder_source_sha256"":""34d8db6660b2e84708a8fb534f63c194f6f2b964e3693fcffc9dcaf21532ccfd"",""implementation"":""Sionna_5G_LDPC"",""power_protocol"":""fixed_constellation_average_Es2"",""precision"":""float32"",""rate_matching"":""Sionna RV0; filler removal, first2Z and tail puncturing; supported n only"",""scrambling"":""public_PCG64_SHA256_protocol_session_frame_group_counter_after_rate_matching_v1"",""torch"":""2.11.0+cu128"",""version"":""2.2.0""},""interleaver_sha256"":""d01a7430033690062581a0a8ea70f99d37494f207e31b6399dbd7dbc919a87d3"",""k"":616,""k_filler"":104,""k_ldpc"":720,""layout_id"":""6818990939a267ee3e9a6b1fff9ca4526f72d4d93fd3bf5839e73ee12932ed3c"",""modulation_padding_bits"":0,""mother_bits"":3744,""n"":2136,""n_cb"":3600,""n_cb_comp"":3496,""power_protocol"":""fixed_constellation_average_Es2"",""puncturing_bits"":1504,""puncturing_first_2Z"":144,""puncturing_remaining"":1360,""repetition_bits"":0,""scrambling"":""public_PCG64_SHA256_protocol_session_frame_group_counter_after_rate_matching_v1"",""shortening_bits"":104,""z"":72}",[2048]
QPSK,5/6,QPSK:r5/6,bf98383bbbb09825c8912cf36f52e2fea8e8459649190088515a9943eea66d17,1092,16,0,1108,1120,12,5824,2486,1243,0,0.4456958970233307,0.43925985518905875,"{""actual_effective_rate"":0.4456958970233307,""bg"":""bg2"",""bit_mapping"":""component_Gray_00_-3_01_-1_10_3_11_1_over_sqrt5;QPSK_0_plus1_1_minus1"",""code_blocks"":1,""decoder_config"":{""cn_schedule"":""flooding"",""cn_update"":""boxplus-phi"",""early_stop"":false,""hard_out"":true,""harq_mode"":false,""llr_max"":20.0,""num_iter"":20,""precision"":""single"",""prune_pcm"":true,""return_infobits"":true,""vn_update"":""sum""},""implementation"":{""bit_mapping"":""component_Gray_00_-3_01_-1_10_3_11_1_over_sqrt5;QPSK_0_plus1_1_minus1"",""cuda"":""12.8"",""decoder"":{""cn_schedule"":""flooding"",""cn_update"":""boxplus-phi"",""early_stop"":false,""hard_out"":true,""harq_mode"":false,""llr_max"":20.0,""num_iter"":20,""precision"":""single"",""prune_pcm"":true,""return_infobits"":true,""vn_update"":""sum""},""decoder_source_sha256"":""44d84b92b749e2970f94d92cd348a11648e2286b4d851faa0af8b21d08f0da23"",""encoder_source_sha256"":""34d8db6660b2e84708a8fb534f63c194f6f2b964e3693fcffc9dcaf21532ccfd"",""implementation"":""Sionna_5G_LDPC"",""power_protocol"":""fixed_constellation_average_Es2"",""precision"":""float32"",""rate_matching"":""Sionna RV0; filler removal, first2Z and tail puncturing; supported n only"",""scrambling"":""public_PCG64_SHA256_protocol_session_frame_group_counter_after_rate_matching_v1"",""torch"":""2.11.0+cu128"",""version"":""2.2.0""},""interleaver_sha256"":""37dec73fa600dc52fb362a0274154351e94ed47eea85384eafd1765a5fd7781d"",""k"":1108,""k_filler"":12,""k_ldpc"":1120,""layout_id"":""36f8c81bf33cdb82225f12521dbd5a8ad2c9ba2262285e80e1d99b030b656820"",""modulation_padding_bits"":0,""mother_bits"":5824,""n"":2486,""n_cb"":5600,""n_cb_comp"":5588,""power_protocol"":""fixed_constellation_average_Es2"",""puncturing_bits"":3326,""puncturing_first_2Z"":224,""puncturing_remaining"":3102,""repetition_bits"":0,""scrambling"":""public_PCG64_SHA256_protocol_session_frame_group_counter_after_rate_matching_v1"",""shortening_bits"":12,""z"":112}",[2048]
16QAM,5/6,16QAM:r5/6,bfa27f2f83dca19ab583ba99fa54c0b1520eefb532ae137a87d84d916d69d270,2472,16,0,2488,2560,72,13312,5296,1324,0,0.4697885196374622,0.46676737160120846,"{""actual_effective_rate"":0.4697885196374622,""bg"":""bg2"",""bit_mapping"":""component_Gray_00_-3_01_-1_10_3_11_1_over_sqrt5;QPSK_0_plus1_1_minus1"",""code_blocks"":1,""decoder_config"":{""cn_schedule"":""flooding"",""cn_update"":""boxplus-phi"",""early_stop"":false,""hard_out"":true,""harq_mode"":false,""llr_max"":20.0,""num_iter"":20,""precision"":""single"",""prune_pcm"":true,""return_infobits"":true,""vn_update"":""sum""},""implementation"":{""bit_mapping"":""component_Gray_00_-3_01_-1_10_3_11_1_over_sqrt5;QPSK_0_plus1_1_minus1"",""cuda"":""12.8"",""decoder"":{""cn_schedule"":""flooding"",""cn_update"":""boxplus-phi"",""early_stop"":false,""hard_out"":true,""harq_mode"":false,""llr_max"":20.0,""num_iter"":20,""precision"":""single"",""prune_pcm"":true,""return_infobits"":true,""vn_update"":""sum""},""decoder_source_sha256"":""44d84b92b749e2970f94d92cd348a11648e2286b4d851faa0af8b21d08f0da23"",""encoder_source_sha256"":""34d8db6660b2e84708a8fb534f63c194f6f2b964e3693fcffc9dcaf21532ccfd"",""implementation"":""Sionna_5G_LDPC"",""power_protocol"":""fixed_constellation_average_Es2"",""precision"":""float32"",""rate_matching"":""Sionna RV0; filler removal, first2Z and tail puncturing; supported n only"",""scrambling"":""public_PCG64_SHA256_protocol_session_frame_group_counter_after_rate_matching_v1"",""torch"":""2.11.0+cu128"",""version"":""2.2.0""},""interleaver_sha256"":""67e31d8bece29e00b64ca63e07aee6e095977fcdf0bc3a9de1e9bef9c2dba21f"",""k"":2488,""k_filler"":72,""k_ldpc"":2560,""layout_id"":""d0f7eee2236616d52d72ba42a957f1193e07e3aec3172b0768a839ff2f1634de"",""modulation_padding_bits"":0,""mother_bits"":13312,""n"":5296,""n_cb"":12800,""n_cb_comp"":12728,""power_protocol"":""fixed_constellation_average_Es2"",""puncturing_bits"":7944,""puncturing_first_2Z"":512,""puncturing_remaining"":7432,""repetition_bits"":0,""scrambling"":""public_PCG64_SHA256_protocol_session_frame_group_counter_after_rate_matching_v1"",""shortening_bits"":72,""z"":256}",[2048]
QPSK,5/6,QPSK:r5/6,bfa7a9cb396acfd1726e4abdd6a24085ec6c9c40e8cf98cbf1a8df9a833c7a9d,3060,16,0,3076,3168,92,9792,3692,1846,0,0.8331527627302275,0.828819068255688,"{""actual_effective_rate"":0.8331527627302275,""bg"":""bg1"",""bit_mapping"":""component_Gray_00_-3_01_-1_10_3_11_1_over_sqrt5;QPSK_0_plus1_1_minus1"",""code_blocks"":1,""decoder_config"":{""cn_schedule"":""flooding"",""cn_update"":""boxplus-phi"",""early_stop"":false,""hard_out"":true,""harq_mode"":false,""llr_max"":20.0,""num_iter"":20,""precision"":""single"",""prune_pcm"":true,""return_infobits"":true,""vn_update"":""sum""},""implementation"":{""bit_mapping"":""component_Gray_00_-3_01_-1_10_3_11_1_over_sqrt5;QPSK_0_plus1_1_minus1"",""cuda"":""12.8"",""decoder"":{""cn_schedule"":""flooding"",""cn_update"":""boxplus-phi"",""early_stop"":false,""hard_out"":true,""harq_mode"":false,""llr_max"":20.0,""num_iter"":20,""precision"":""single"",""prune_pcm"":true,""return_infobits"":true,""vn_update"":""sum""},""decoder_source_sha256"":""44d84b92b749e2970f94d92cd348a11648e2286b4d851faa0af8b21d08f0da23"",""encoder_source_sha256"":""34d8db6660b2e84708a8fb534f63c194f6f2b964e3693fcffc9dcaf21532ccfd"",""implementation"":""Sionna_5G_LDPC"",""power_protocol"":""fixed_constellation_average_Es2"",""precision"":""float32"",""rate_matching"":""Sionna RV0; filler removal, first2Z and tail puncturing; supported n only"",""scrambling"":""public_PCG64_SHA256_protocol_session_frame_group_counter_after_rate_matching_v1"",""torch"":""2.11.0+cu128"",""version"":""2.2.0""},""interleaver_sha256"":""ae3c9548df87d123ef89499fb459f10c5586c42074a80b485e5022ccf9383e86"",""k"":3076,""k_filler"":92,""k_ldpc"":3168,""layout_id"":""ed2787f1cf5614ceea0f55c637de606553121998b2396efb242520e39494288b"",""modulation_padding_bits"":0,""mother_bits"":9792,""n"":3692,""n_cb"":9504,""n_cb_comp"":9412,""power_protocol"":""fixed_constellation_average_Es2"",""puncturing_bits"":6008,""puncturing_first_2Z"":288,""puncturing_remaining"":5720,""repetition_bits"":0,""scrambling"":""public_PCG64_SHA256_protocol_session_frame_group_counter_after_rate_matching_v1"",""shortening_bits"":92,""z"":144}",[2048]
QPSK,5/6,QPSK:r5/6,bfae2e895149ba8074d0a5e34a79844a0ba59bdbc5f0efba9d2e4e8597530256,192,16,0,208,260,52,1352,516,258,0,0.40310077519379844,0.37209302325581395,"{""actual_effective_rate"":0.40310077519379844,""bg"":""bg2"",""bit_mapping"":""component_Gray_00_-3_01_-1_10_3_11_1_over_sqrt5;QPSK_0_plus1_1_minus1"",""code_blocks"":1,""decoder_config"":{""cn_schedule"":""flooding"",""cn_update"":""boxplus-phi"",""early_stop"":false,""hard_out"":true,""harq_mode"":false,""llr_max"":20.0,""num_iter"":20,""precision"":""single"",""prune_pcm"":true,""return_infobits"":true,""vn_update"":""sum""},""implementation"":{""bit_mapping"":""component_Gray_00_-3_01_-1_10_3_11_1_over_sqrt5;QPSK_0_plus1_1_minus1"",""cuda"":""12.8"",""decoder"":{""cn_schedule"":""flooding"",""cn_update"":""boxplus-phi"",""early_stop"":false,""hard_out"":true,""harq_mode"":false,""llr_max"":20.0,""num_iter"":20,""precision"":""single"",""prune_pcm"":true,""return_infobits"":true,""vn_update"":""sum""},""decoder_source_sha256"":""44d84b92b749e2970f94d92cd348a11648e2286b4d851faa0af8b21d08f0da23"",""encoder_source_sha256"":""34d8db6660b2e84708a8fb534f63c194f6f2b964e3693fcffc9dcaf21532ccfd"",""implementation"":""Sionna_5G_LDPC"",""power_protocol"":""fixed_constellation_average_Es2"",""precision"":""float32"",""rate_matching"":""Sionna RV0; filler removal, first2Z and tail puncturing; supported n only"",""scrambling"":""public_PCG64_SHA256_protocol_session_frame_group_counter_after_rate_matching_v1"",""torch"":""2.11.0+cu128"",""version"":""2.2.0""},""interleaver_sha256"":""e6d02a9234b7f77c7ea253f33ad1d81df0e8e16dd2bdcd496ff7f45cba64e832"",""k"":208,""k_filler"":52,""k_ldpc"":260,""layout_id"":""6de8965bf5509a57ca8c85cc2d41b205b7cc3a45dec6ed08f00c9d53474378d5"",""modulation_padding_bits"":0,""mother_bits"":1352,""n"":516,""n_cb"":1300,""n_cb_comp"":1248,""power_protocol"":""fixed_constellation_average_Es2"",""puncturing_bits"":784,""puncturing_first_2Z"":52,""puncturing_remaining"":732,""repetition_bits"":0,""scrambling"":""public_PCG64_SHA256_protocol_session_frame_group_counter_after_rate_matching_v1"",""shortening_bits"":52,""z"":26}",[2048]
16QAM,3/4,16QAM:r3/4,bfc0d8a8179aa6aaa46e73619ce9ddd8bdf40540a20694e52b6531139cf3845c,660,16,0,676,720,44,3744,2936,734,0,0.23024523160762944,0.22479564032697547,"{""actual_effective_rate"":0.23024523160762944,""bg"":""bg2"",""bit_mapping"":""component_Gray_00_-3_01_-1_10_3_11_1_over_sqrt5;QPSK_0_plus1_1_minus1"",""code_blocks"":1,""decoder_config"":{""cn_schedule"":""flooding"",""cn_update"":""boxplus-phi"",""early_stop"":false,""hard_out"":true,""harq_mode"":false,""llr_max"":20.0,""num_iter"":20,""precision"":""single"",""prune_pcm"":true,""return_infobits"":true,""vn_update"":""sum""},""implementation"":{""bit_mapping"":""component_Gray_00_-3_01_-1_10_3_11_1_over_sqrt5;QPSK_0_plus1_1_minus1"",""cuda"":""12.8"",""decoder"":{""cn_schedule"":""flooding"",""cn_update"":""boxplus-phi"",""early_stop"":false,""hard_out"":true,""harq_mode"":false,""llr_max"":20.0,""num_iter"":20,""precision"":""single"",""prune_pcm"":true,""return_infobits"":true,""vn_update"":""sum""},""decoder_source_sha256"":""44d84b92b749e2970f94d92cd348a11648e2286b4d851faa0af8b21d08f0da23"",""encoder_source_sha256"":""34d8db6660b2e84708a8fb534f63c194f6f2b964e3693fcffc9dcaf21532ccfd"",""implementation"":""Sionna_5G_LDPC"",""power_protocol"":""fixed_constellation_average_Es2"",""precision"":""float32"",""rate_matching"":""Sionna RV0; filler removal, first2Z and tail puncturing; supported n only"",""scrambling"":""public_PCG64_SHA256_protocol_session_frame_group_counter_after_rate_matching_v1"",""torch"":""2.11.0+cu128"",""version"":""2.2.0""},""interleaver_sha256"":""f62b99e2dc225ee613209675728fe35a4b0ce1a798c7077b867e41f8e4f206de"",""k"":676,""k_filler"":44,""k_ldpc"":720,""layout_id"":""cf0b734f42185abe7503a047f4153f26d305038fabe6c87aa1290c5855db48bc"",""modulation_padding_bits"":0,""mother_bits"":3744,""n"":2936,""n_cb"":3600,""n_cb_comp"":3556,""power_protocol"":""fixed_constellation_average_Es2"",""puncturing_bits"":764,""puncturing_first_2Z"":144,""puncturing_remaining"":620,""repetition_bits"":0,""scrambling"":""public_PCG64_SHA256_protocol_session_frame_group_counter_after_rate_matching_v1"",""shortening_bits"":44,""z"":72}",[2048]
16QAM,1/3,16QAM:r1/3,bfc0fd4572d0eeebaf575ca0d7952177e9c97b57e7c6e263121ccfbd7d00c237,924,16,0,940,960,20,4992,4400,1100,0,0.21363636363636362,0.21,"{""actual_effective_rate"":0.21363636363636362,""bg"":""bg2"",""bit_mapping"":""component_Gray_00_-3_01_-1_10_3_11_1_over_sqrt5;QPSK_0_plus1_1_minus1"",""code_blocks"":1,""decoder_config"":{""cn_schedule"":""flooding"",""cn_update"":""boxplus-phi"",""early_stop"":false,""hard_out"":true,""harq_mode"":false,""llr_max"":20.0,""num_iter"":20,""precision"":""single"",""prune_pcm"":true,""return_infobits"":true,""vn_update"":""sum""},""implementation"":{""bit_mapping"":""component_Gray_00_-3_01_-1_10_3_11_1_over_sqrt5;QPSK_0_plus1_1_minus1"",""cuda"":""12.8"",""decoder"":{""cn_schedule"":""flooding"",""cn_update"":""boxplus-phi"",""early_stop"":false,""hard_out"":true,""harq_mode"":false,""llr_max"":20.0,""num_iter"":20,""precision"":""single"",""prune_pcm"":true,""return_infobits"":true,""vn_update"":""sum""},""decoder_source_sha256"":""44d84b92b749e2970f94d92cd348a11648e2286b4d851faa0af8b21d08f0da23"",""encoder_source_sha256"":""34d8db6660b2e84708a8fb534f63c194f6f2b964e3693fcffc9dcaf21532ccfd"",""implementation"":""Sionna_5G_LDPC"",""power_protocol"":""fixed_constellation_average_Es2"",""precision"":""float32"",""rate_matching"":""Sionna RV0; filler removal, first2Z and tail puncturing; supported n only"",""scrambling"":""public_PCG64_SHA256_protocol_session_frame_group_counter_after_rate_matching_v1"",""torch"":""2.11.0+cu128"",""version"":""2.2.0""},""interleaver_sha256"":""e22488f77f1140de9da8a3f51b318d3a1b848eaefa03e3fd12b86e5fa13a9060"",""k"":940,""k_filler"":20,""k_ldpc"":960,""layout_id"":""5c7f3dae063895ad7c35d84a65bddf9136cd4f322a1088c5df85a57d4ad048c9"",""modulation_padding_bits"":0,""mother_bits"":4992,""n"":4400,""n_cb"":4800,""n_cb_comp"":4780,""power_protocol"":""fixed_constellation_average_Es2"",""puncturing_bits"":572,""puncturing_first_2Z"":192,""puncturing_remaining"":380,""repetition_bits"":0,""scrambling"":""public_PCG64_SHA256_protocol_session_frame_group_counter_after_rate_matching_v1"",""shortening_bits"":20,""z"":96}",[2048]
QPSK,3/4,QPSK:r3/4,bfd905e5db2db0948c76472fdafec0500a57c7a24f7030353e23fba4abb8c47a,1308,16,0,1324,1440,116,7488,3000,1500,0,0.44133333333333336,0.436,"{""actual_effective_rate"":0.44133333333333336,""bg"":""bg2"",""bit_mapping"":""component_Gray_00_-3_01_-1_10_3_11_1_over_sqrt5;QPSK_0_plus1_1_minus1"",""code_blocks"":1,""decoder_config"":{""cn_schedule"":""flooding"",""cn_update"":""boxplus-phi"",""early_stop"":false,""hard_out"":true,""harq_mode"":false,""llr_max"":20.0,""num_iter"":20,""precision"":""single"",""prune_pcm"":true,""return_infobits"":true,""vn_update"":""sum""},""implementation"":{""bit_mapping"":""component_Gray_00_-3_01_-1_10_3_11_1_over_sqrt5;QPSK_0_plus1_1_minus1"",""cuda"":""12.8"",""decoder"":{""cn_schedule"":""flooding"",""cn_update"":""boxplus-phi"",""early_stop"":false,""hard_out"":true,""harq_mode"":false,""llr_max"":20.0,""num_iter"":20,""precision"":""single"",""prune_pcm"":true,""return_infobits"":true,""vn_update"":""sum""},""decoder_source_sha256"":""44d84b92b749e2970f94d92cd348a11648e2286b4d851faa0af8b21d08f0da23"",""encoder_source_sha256"":""34d8db6660b2e84708a8fb534f63c194f6f2b964e3693fcffc9dcaf21532ccfd"",""implementation"":""Sionna_5G_LDPC"",""power_protocol"":""fixed_constellation_average_Es2"",""precision"":""float32"",""rate_matching"":""Sionna RV0; filler removal, first2Z and tail puncturing; supported n only"",""scrambling"":""public_PCG64_SHA256_protocol_session_frame_group_counter_after_rate_matching_v1"",""torch"":""2.11.0+cu128"",""version"":""2.2.0""},""interleaver_sha256"":""41261a59fb2b6f0eab5ae284258dc27b3adafe2ab8804f5c1efc37e9ba40c4f3"",""k"":1324,""k_filler"":116,""k_ldpc"":1440,""layout_id"":""2a4af26cc0c364064dbb828eda07178dec371bb6bd2dd875da856c585403895b"",""modulation_padding_bits"":0,""mother_bits"":7488,""n"":3000,""n_cb"":7200,""n_cb_comp"":7084,""power_protocol"":""fixed_constellation_average_Es2"",""puncturing_bits"":4372,""puncturing_first_2Z"":288,""puncturing_remaining"":4084,""repetition_bits"":0,""scrambling"":""public_PCG64_SHA256_protocol_session_frame_group_counter_after_rate_matching_v1"",""shortening_bits"":116,""z"":144}",[2048]
16QAM,5/6,16QAM:r5/6,bfda0d737d2fda580439061699a73ceecfbd6454737bfdb9117f8e09850aa8cb,4428,16,0,4444,4576,132,14144,6316,1579,0,0.7036098796706777,0.7010766307789741,"{""actual_effective_rate"":0.7036098796706777,""bg"":""bg1"",""bit_mapping"":""component_Gray_00_-3_01_-1_10_3_11_1_over_sqrt5;QPSK_0_plus1_1_minus1"",""code_blocks"":1,""decoder_config"":{""cn_schedule"":""flooding"",""cn_update"":""boxplus-phi"",""early_stop"":false,""hard_out"":true,""harq_mode"":false,""llr_max"":20.0,""num_iter"":20,""precision"":""single"",""prune_pcm"":true,""return_infobits"":true,""vn_update"":""sum""},""implementation"":{""bit_mapping"":""component_Gray_00_-3_01_-1_10_3_11_1_over_sqrt5;QPSK_0_plus1_1_minus1"",""cuda"":""12.8"",""decoder"":{""cn_schedule"":""flooding"",""cn_update"":""boxplus-phi"",""early_stop"":false,""hard_out"":true,""harq_mode"":false,""llr_max"":20.0,""num_iter"":20,""precision"":""single"",""prune_pcm"":true,""return_infobits"":true,""vn_update"":""sum""},""decoder_source_sha256"":""44d84b92b749e2970f94d92cd348a11648e2286b4d851faa0af8b21d08f0da23"",""encoder_source_sha256"":""34d8db6660b2e84708a8fb534f63c194f6f2b964e3693fcffc9dcaf21532ccfd"",""implementation"":""Sionna_5G_LDPC"",""power_protocol"":""fixed_constellation_average_Es2"",""precision"":""float32"",""rate_matching"":""Sionna RV0; filler removal, first2Z and tail puncturing; supported n only"",""scrambling"":""public_PCG64_SHA256_protocol_session_frame_group_counter_after_rate_matching_v1"",""torch"":""2.11.0+cu128"",""version"":""2.2.0""},""interleaver_sha256"":""b284667534d5473b93ebd61740398f3451012f9f762fbdfcae4f1e739fc797a8"",""k"":4444,""k_filler"":132,""k_ldpc"":4576,""layout_id"":""f04ebd8cf8370dc3418c5fcbbd6cbd0a8afe8afbc9e8f13aa1e0f1c081b1c397"",""modulation_padding_bits"":0,""mother_bits"":14144,""n"":6316,""n_cb"":13728,""n_cb_comp"":13596,""power_protocol"":""fixed_constellation_average_Es2"",""puncturing_bits"":7696,""puncturing_first_2Z"":416,""puncturing_remaining"":7280,""repetition_bits"":0,""scrambling"":""public_PCG64_SHA256_protocol_session_frame_group_counter_after_rate_matching_v1"",""shortening_bits"":132,""z"":208}",[2048]
16QAM,1/2,16QAM:r1/2,bfda8ced3dc2a34a4a52ed3db42da2f9a3aaf3ba2e4b3a6c9716302c8ca3c748,624,16,0,640,720,80,3744,2140,535,0,0.29906542056074764,0.29158878504672897,"{""actual_effective_rate"":0.29906542056074764,""bg"":""bg2"",""bit_mapping"":""component_Gray_00_-3_01_-1_10_3_11_1_over_sqrt5;QPSK_0_plus1_1_minus1"",""code_blocks"":1,""decoder_config"":{""cn_schedule"":""flooding"",""cn_update"":""boxplus-phi"",""early_stop"":false,""hard_out"":true,""harq_mode"":false,""llr_max"":20.0,""num_iter"":20,""precision"":""single"",""prune_pcm"":true,""return_infobits"":true,""vn_update"":""sum""},""implementation"":{""bit_mapping"":""component_Gray_00_-3_01_-1_10_3_11_1_over_sqrt5;QPSK_0_plus1_1_minus1"",""cuda"":""12.8"",""decoder"":{""cn_schedule"":""flooding"",""cn_update"":""boxplus-phi"",""early_stop"":false,""hard_out"":true,""harq_mode"":false,""llr_max"":20.0,""num_iter"":20,""precision"":""single"",""prune_pcm"":true,""return_infobits"":true,""vn_update"":""sum""},""decoder_source_sha256"":""44d84b92b749e2970f94d92cd348a11648e2286b4d851faa0af8b21d08f0da23"",""encoder_source_sha256"":""34d8db6660b2e84708a8fb534f63c194f6f2b964e3693fcffc9dcaf21532ccfd"",""implementation"":""Sionna_5G_LDPC"",""power_protocol"":""fixed_constellation_average_Es2"",""precision"":""float32"",""rate_matching"":""Sionna RV0; filler removal, first2Z and tail puncturing; supported n only"",""scrambling"":""public_PCG64_SHA256_protocol_session_frame_group_counter_after_rate_matching_v1"",""torch"":""2.11.0+cu128"",""version"":""2.2.0""},""interleaver_sha256"":""eadb3d8c383f15f923d761e95fbc2ff0234abb5b5ffa89c7ee17563beb341ed0"",""k"":640,""k_filler"":80,""k_ldpc"":720,""layout_id"":""ad69962b90d104a6cd0dbfa58524a72d4651a570d55b364930e7bbbff5dff5d6"",""modulation_padding_bits"":0,""mother_bits"":3744,""n"":2140,""n_cb"":3600,""n_cb_comp"":3520,""power_protocol"":""fixed_constellation_average_Es2"",""puncturing_bits"":1524,""puncturing_first_2Z"":144,""puncturing_remaining"":1380,""repetition_bits"":0,""scrambling"":""public_PCG64_SHA256_protocol_session_frame_group_counter_after_rate_matching_v1"",""shortening_bits"":80,""z"":72}",[1024]
16QAM,3/4,16QAM:r3/4,bfdb57e07c6de12ee032d5595414b47c9ed3dc6d6796f3953645b6bc39c58cb2,3408,16,0,3424,3520,96,18304,6724,1681,0,0.5092207019631172,0.5068411659726353,"{""actual_effective_rate"":0.5092207019631172,""bg"":""bg2"",""bit_mapping"":""component_Gray_00_-3_01_-1_10_3_11_1_over_sqrt5;QPSK_0_plus1_1_minus1"",""code_blocks"":1,""decoder_config"":{""cn_schedule"":""flooding"",""cn_update"":""boxplus-phi"",""early_stop"":false,""hard_out"":true,""harq_mode"":false,""llr_max"":20.0,""num_iter"":20,""precision"":""single"",""prune_pcm"":true,""return_infobits"":true,""vn_update"":""sum""},""implementation"":{""bit_mapping"":""component_Gray_00_-3_01_-1_10_3_11_1_over_sqrt5;QPSK_0_plus1_1_minus1"",""cuda"":""12.8"",""decoder"":{""cn_schedule"":""flooding"",""cn_update"":""boxplus-phi"",""early_stop"":false,""hard_out"":true,""harq_mode"":false,""llr_max"":20.0,""num_iter"":20,""precision"":""single"",""prune_pcm"":true,""return_infobits"":true,""vn_update"":""sum""},""decoder_source_sha256"":""44d84b92b749e2970f94d92cd348a11648e2286b4d851faa0af8b21d08f0da23"",""encoder_source_sha256"":""34d8db6660b2e84708a8fb534f63c194f6f2b964e3693fcffc9dcaf21532ccfd"",""implementation"":""Sionna_5G_LDPC"",""power_protocol"":""fixed_constellation_average_Es2"",""precision"":""float32"",""rate_matching"":""Sionna RV0; filler removal, first2Z and tail puncturing; supported n only"",""scrambling"":""public_PCG64_SHA256_protocol_session_frame_group_counter_after_rate_matching_v1"",""torch"":""2.11.0+cu128"",""version"":""2.2.0""},""interleaver_sha256"":""9b344073e365a5e13b397465cc233d63bfe5b24c2eacac54219cb1b5579d1a9a"",""k"":3424,""k_filler"":96,""k_ldpc"":3520,""layout_id"":""1292b62bf37db0ce720482a831aae868f8fc67c2a4756eb39ca0a32bb8bd086e"",""modulation_padding_bits"":0,""mother_bits"":18304,""n"":6724,""n_cb"":17600,""n_cb_comp"":17504,""power_protocol"":""fixed_constellation_average_Es2"",""puncturing_bits"":11484,""puncturing_first_2Z"":704,""puncturing_remaining"":10780,""repetition_bits"":0,""scrambling"":""public_PCG64_SHA256_protocol_session_frame_group_counter_after_rate_matching_v1"",""shortening_bits"":96,""z"":352}",[2048]
QPSK,2/3,QPSK:r2/3,bfde0083116a748678869ef78e062de45e64ca051a75e9c3a7170faac1c15b36,360,16,0,376,480,104,2496,1746,873,0,0.21534936998854526,0.20618556701030927,"{""actual_effective_rate"":0.21534936998854526,""bg"":""bg2"",""bit_mapping"":""component_Gray_00_-3_01_-1_10_3_11_1_over_sqrt5;QPSK_0_plus1_1_minus1"",""code_blocks"":1,""decoder_config"":{""cn_schedule"":""flooding"",""cn_update"":""boxplus-phi"",""early_stop"":false,""hard_out"":true,""harq_mode"":false,""llr_max"":20.0,""num_iter"":20,""precision"":""single"",""prune_pcm"":true,""return_infobits"":true,""vn_update"":""sum""},""implementation"":{""bit_mapping"":""component_Gray_00_-3_01_-1_10_3_11_1_over_sqrt5;QPSK_0_plus1_1_minus1"",""cuda"":""12.8"",""decoder"":{""cn_schedule"":""flooding"",""cn_update"":""boxplus-phi"",""early_stop"":false,""hard_out"":true,""harq_mode"":false,""llr_max"":20.0,""num_iter"":20,""precision"":""single"",""prune_pcm"":true,""return_infobits"":true,""vn_update"":""sum""},""decoder_source_sha256"":""44d84b92b749e2970f94d92cd348a11648e2286b4d851faa0af8b21d08f0da23"",""encoder_source_sha256"":""34d8db6660b2e84708a8fb534f63c194f6f2b964e3693fcffc9dcaf21532ccfd"",""implementation"":""Sionna_5G_LDPC"",""power_protocol"":""fixed_constellation_average_Es2"",""precision"":""float32"",""rate_matching"":""Sionna RV0; filler removal, first2Z and tail puncturing; supported n only"",""scrambling"":""public_PCG64_SHA256_protocol_session_frame_group_counter_after_rate_matching_v1"",""torch"":""2.11.0+cu128"",""version"":""2.2.0""},""interleaver_sha256"":""8edd2ccebceb09f5239a5405028517fc3cb243ea331f0ef6a8c4aea1c8db24f3"",""k"":376,""k_filler"":104,""k_ldpc"":480,""layout_id"":""8478998eb50f238914aa3fdf6c4b40b969efc5554d5e97cced2d1f8f68aa8063"",""modulation_padding_bits"":0,""mother_bits"":2496,""n"":1746,""n_cb"":2400,""n_cb_comp"":2296,""power_protocol"":""fixed_constellation_average_Es2"",""puncturing_bits"":646,""puncturing_first_2Z"":96,""puncturing_remaining"":550,""repetition_bits"":0,""scrambling"":""public_PCG64_SHA256_protocol_session_frame_group_counter_after_rate_matching_v1"",""shortening_bits"":104,""z"":48}",[1024]
16QAM,5/6,16QAM:r5/6,bfe12eb719850c02b4ab6245899a0cd5f37cc04ac3c25f027da50f77cc61e16f,924,16,0,940,960,20,4992,2548,637,0,0.36891679748822603,0.3626373626373626,"{""actual_effective_rate"":0.36891679748822603,""bg"":""bg2"",""bit_mapping"":""component_Gray_00_-3_01_-1_10_3_11_1_over_sqrt5;QPSK_0_plus1_1_minus1"",""code_blocks"":1,""decoder_config"":{""cn_schedule"":""flooding"",""cn_update"":""boxplus-phi"",""early_stop"":false,""hard_out"":true,""harq_mode"":false,""llr_max"":20.0,""num_iter"":20,""precision"":""single"",""prune_pcm"":true,""return_infobits"":true,""vn_update"":""sum""},""implementation"":{""bit_mapping"":""component_Gray_00_-3_01_-1_10_3_11_1_over_sqrt5;QPSK_0_plus1_1_minus1"",""cuda"":""12.8"",""decoder"":{""cn_schedule"":""flooding"",""cn_update"":""boxplus-phi"",""early_stop"":false,""hard_out"":true,""harq_mode"":false,""llr_max"":20.0,""num_iter"":20,""precision"":""single"",""prune_pcm"":true,""return_infobits"":true,""vn_update"":""sum""},""decoder_source_sha256"":""44d84b92b749e2970f94d92cd348a11648e2286b4d851faa0af8b21d08f0da23"",""encoder_source_sha256"":""34d8db6660b2e84708a8fb534f63c194f6f2b964e3693fcffc9dcaf21532ccfd"",""implementation"":""Sionna_5G_LDPC"",""power_protocol"":""fixed_constellation_average_Es2"",""precision"":""float32"",""rate_matching"":""Sionna RV0; filler removal, first2Z and tail puncturing; supported n only"",""scrambling"":""public_PCG64_SHA256_protocol_session_frame_group_counter_after_rate_matching_v1"",""torch"":""2.11.0+cu128"",""version"":""2.2.0""},""interleaver_sha256"":""a38e01dd4eedbf8150be6287dc07c1a28d4ff2a11b56eb9772c3011670d67f76"",""k"":940,""k_filler"":20,""k_ldpc"":960,""layout_id"":""b38bea872b2b2a5c796f6cac57135fec948fb66bc39a91f0acbef3da040cef35"",""modulation_padding_bits"":0,""mother_bits"":4992,""n"":2548,""n_cb"":4800,""n_cb_comp"":4780,""power_protocol"":""fixed_constellation_average_Es2"",""puncturing_bits"":2424,""puncturing_first_2Z"":192,""puncturing_remaining"":2232,""repetition_bits"":0,""scrambling"":""public_PCG64_SHA256_protocol_session_frame_group_counter_after_rate_matching_v1"",""shortening_bits"":20,""z"":96}",[1024]
QPSK,5/6,QPSK:r5/6,bfe56d4ec3fbcbdd6bc4c677bd670800aa749e0f115b9308ee88e2d391befeac,144,16,0,160,280,120,1456,484,242,0,0.3305785123966942,0.2975206611570248,"{""actual_effective_rate"":0.3305785123966942,""bg"":""bg2"",""bit_mapping"":""component_Gray_00_-3_01_-1_10_3_11_1_over_sqrt5;QPSK_0_plus1_1_minus1"",""code_blocks"":1,""decoder_config"":{""cn_schedule"":""flooding"",""cn_update"":""boxplus-phi"",""early_stop"":false,""hard_out"":true,""harq_mode"":false,""llr_max"":20.0,""num_iter"":20,""precision"":""single"",""prune_pcm"":true,""return_infobits"":true,""vn_update"":""sum""},""implementation"":{""bit_mapping"":""component_Gray_00_-3_01_-1_10_3_11_1_over_sqrt5;QPSK_0_plus1_1_minus1"",""cuda"":""12.8"",""decoder"":{""cn_schedule"":""flooding"",""cn_update"":""boxplus-phi"",""early_stop"":false,""hard_out"":true,""harq_mode"":false,""llr_max"":20.0,""num_iter"":20,""precision"":""single"",""prune_pcm"":true,""return_infobits"":true,""vn_update"":""sum""},""decoder_source_sha256"":""44d84b92b749e2970f94d92cd348a11648e2286b4d851faa0af8b21d08f0da23"",""encoder_source_sha256"":""34d8db6660b2e84708a8fb534f63c194f6f2b964e3693fcffc9dcaf21532ccfd"",""implementation"":""Sionna_5G_LDPC"",""power_protocol"":""fixed_constellation_average_Es2"",""precision"":""float32"",""rate_matching"":""Sionna RV0; filler removal, first2Z and tail puncturing; supported n only"",""scrambling"":""public_PCG64_SHA256_protocol_session_frame_group_counter_after_rate_matching_v1"",""torch"":""2.11.0+cu128"",""version"":""2.2.0""},""interleaver_sha256"":""d98011b3f042f411aabfea83ec60a97ec1999a54fc4ea725aefdebe92204bfb3"",""k"":160,""k_filler"":120,""k_ldpc"":280,""layout_id"":""45cf10f82a614238107c5babf838f3d082ea897bc1f032c02eb00fa3695ca4bb"",""modulation_padding_bits"":0,""mother_bits"":1456,""n"":484,""n_cb"":1400,""n_cb_comp"":1280,""power_protocol"":""fixed_constellation_average_Es2"",""puncturing_bits"":852,""puncturing_first_2Z"":56,""puncturing_remaining"":796,""repetition_bits"":0,""scrambling"":""public_PCG64_SHA256_protocol_session_frame_group_counter_after_rate_matching_v1"",""shortening_bits"":120,""z"":28}",[1024]
16QAM,2/3,16QAM:r2/3,bff2c50b6fd727351325712bb76cf3ed1148e995add7e17178a1a943d3e5adcc,576,16,0,592,720,128,3744,1528,382,0,0.387434554973822,0.3769633507853403,"{""actual_effective_rate"":0.387434554973822,""bg"":""bg2"",""bit_mapping"":""component_Gray_00_-3_01_-1_10_3_11_1_over_sqrt5;QPSK_0_plus1_1_minus1"",""code_blocks"":1,""decoder_config"":{""cn_schedule"":""flooding"",""cn_update"":""boxplus-phi"",""early_stop"":false,""hard_out"":true,""harq_mode"":false,""llr_max"":20.0,""num_iter"":20,""precision"":""single"",""prune_pcm"":true,""return_infobits"":true,""vn_update"":""sum""},""implementation"":{""bit_mapping"":""component_Gray_00_-3_01_-1_10_3_11_1_over_sqrt5;QPSK_0_plus1_1_minus1"",""cuda"":""12.8"",""decoder"":{""cn_schedule"":""flooding"",""cn_update"":""boxplus-phi"",""early_stop"":false,""hard_out"":true,""harq_mode"":false,""llr_max"":20.0,""num_iter"":20,""precision"":""single"",""prune_pcm"":true,""return_infobits"":true,""vn_update"":""sum""},""decoder_source_sha256"":""44d84b92b749e2970f94d92cd348a11648e2286b4d851faa0af8b21d08f0da23"",""encoder_source_sha256"":""34d8db6660b2e84708a8fb534f63c194f6f2b964e3693fcffc9dcaf21532ccfd"",""implementation"":""Sionna_5G_LDPC"",""power_protocol"":""fixed_constellation_average_Es2"",""precision"":""float32"",""rate_matching"":""Sionna RV0; filler removal, first2Z and tail puncturing; supported n only"",""scrambling"":""public_PCG64_SHA256_protocol_session_frame_group_counter_after_rate_matching_v1"",""torch"":""2.11.0+cu128"",""version"":""2.2.0""},""interleaver_sha256"":""ef1be22d5dad7b779b71970f670f176b7b05fa8f462940493701247cbf01a9c3"",""k"":592,""k_filler"":128,""k_ldpc"":720,""layout_id"":""ef2213f4cac45a07cef0ca246bfe6e0635336d07b16f5896b47d718234b28b87"",""modulation_padding_bits"":0,""mother_bits"":3744,""n"":1528,""n_cb"":3600,""n_cb_comp"":3472,""power_protocol"":""fixed_constellation_average_Es2"",""puncturing_bits"":2088,""puncturing_first_2Z"":144,""puncturing_remaining"":1944,""repetition_bits"":0,""scrambling"":""public_PCG64_SHA256_protocol_session_frame_group_counter_after_rate_matching_v1"",""shortening_bits"":128,""z"":72}",[1024]
16QAM,1/2,16QAM:r1/2,bff2d59d7550570cc1ee37dff96db8cdda0d9ac021274c06d09ac644a0c43dfe,3204,16,0,3220,3520,300,18304,7400,1850,0,0.43513513513513513,0.432972972972973,"{""actual_effective_rate"":0.43513513513513513,""bg"":""bg2"",""bit_mapping"":""component_Gray_00_-3_01_-1_10_3_11_1_over_sqrt5;QPSK_0_plus1_1_minus1"",""code_blocks"":1,""decoder_config"":{""cn_schedule"":""flooding"",""cn_update"":""boxplus-phi"",""early_stop"":false,""hard_out"":true,""harq_mode"":false,""llr_max"":20.0,""num_iter"":20,""precision"":""single"",""prune_pcm"":true,""return_infobits"":true,""vn_update"":""sum""},""implementation"":{""bit_mapping"":""component_Gray_00_-3_01_-1_10_3_11_1_over_sqrt5;QPSK_0_plus1_1_minus1"",""cuda"":""12.8"",""decoder"":{""cn_schedule"":""flooding"",""cn_update"":""boxplus-phi"",""early_stop"":false,""hard_out"":true,""harq_mode"":false,""llr_max"":20.0,""num_iter"":20,""precision"":""single"",""prune_pcm"":true,""return_infobits"":true,""vn_update"":""sum""},""decoder_source_sha256"":""44d84b92b749e2970f94d92cd348a11648e2286b4d851faa0af8b21d08f0da23"",""encoder_source_sha256"":""34d8db6660b2e84708a8fb534f63c194f6f2b964e3693fcffc9dcaf21532ccfd"",""implementation"":""Sionna_5G_LDPC"",""power_protocol"":""fixed_constellation_average_Es2"",""precision"":""float32"",""rate_matching"":""Sionna RV0; filler removal, first2Z and tail puncturing; supported n only"",""scrambling"":""public_PCG64_SHA256_protocol_session_frame_group_counter_after_rate_matching_v1"",""torch"":""2.11.0+cu128"",""version"":""2.2.0""},""interleaver_sha256"":""748a3f2d70b054293c47553cb6671862732c152bc5035c1058277bf869c1c7fb"",""k"":3220,""k_filler"":300,""k_ldpc"":3520,""layout_id"":""9d0ce21a5c1d2eb356881b924f4965222266438e3237a3508669c20fc66553ce"",""modulation_padding_bits"":0,""mother_bits"":18304,""n"":7400,""n_cb"":17600,""n_cb_comp"":17300,""power_protocol"":""fixed_constellation_average_Es2"",""puncturing_bits"":10604,""puncturing_first_2Z"":704,""puncturing_remaining"":9900,""repetition_bits"":0,""scrambling"":""public_PCG64_SHA256_protocol_session_frame_group_counter_after_rate_matching_v1"",""shortening_bits"":300,""z"":352}",[2048]
QPSK,1/2,QPSK:r1/2,c015ac3b1170778243ae89a22e0ec809de6424c523f7b0d0907c75359133d5a5,516,16,0,532,720,188,3744,1510,755,0,0.352317880794702,0.34172185430463575,"{""actual_effective_rate"":0.352317880794702,""bg"":""bg2"",""bit_mapping"":""component_Gray_00_-3_01_-1_10_3_11_1_over_sqrt5;QPSK_0_plus1_1_minus1"",""code_blocks"":1,""decoder_config"":{""cn_schedule"":""flooding"",""cn_update"":""boxplus-phi"",""early_stop"":false,""hard_out"":true,""harq_mode"":false,""llr_max"":20.0,""num_iter"":20,""precision"":""single"",""prune_pcm"":true,""return_infobits"":true,""vn_update"":""sum""},""implementation"":{""bit_mapping"":""component_Gray_00_-3_01_-1_10_3_11_1_over_sqrt5;QPSK_0_plus1_1_minus1"",""cuda"":""12.8"",""decoder"":{""cn_schedule"":""flooding"",""cn_update"":""boxplus-phi"",""early_stop"":false,""hard_out"":true,""harq_mode"":false,""llr_max"":20.0,""num_iter"":20,""precision"":""single"",""prune_pcm"":true,""return_infobits"":true,""vn_update"":""sum""},""decoder_source_sha256"":""44d84b92b749e2970f94d92cd348a11648e2286b4d851faa0af8b21d08f0da23"",""encoder_source_sha256"":""34d8db6660b2e84708a8fb534f63c194f6f2b964e3693fcffc9dcaf21532ccfd"",""implementation"":""Sionna_5G_LDPC"",""power_protocol"":""fixed_constellation_average_Es2"",""precision"":""float32"",""rate_matching"":""Sionna RV0; filler removal, first2Z and tail puncturing; supported n only"",""scrambling"":""public_PCG64_SHA256_protocol_session_frame_group_counter_after_rate_matching_v1"",""torch"":""2.11.0+cu128"",""version"":""2.2.0""},""interleaver_sha256"":""67c8563edc62c5c2bccbaaf57cecc2dd43e5d71894196f751f5ff085744ec6f9"",""k"":532,""k_filler"":188,""k_ldpc"":720,""layout_id"":""98055de626084c1cdf47449a3fcaaa15bf5d5208b2d01689122ce52cc75b83a0"",""modulation_padding_bits"":0,""mother_bits"":3744,""n"":1510,""n_cb"":3600,""n_cb_comp"":3412,""power_protocol"":""fixed_constellation_average_Es2"",""puncturing_bits"":2046,""puncturing_first_2Z"":144,""puncturing_remaining"":1902,""repetition_bits"":0,""scrambling"":""public_PCG64_SHA256_protocol_session_frame_group_counter_after_rate_matching_v1"",""shortening_bits"":188,""z"":72}",[1024]
16QAM,3/4,16QAM:r3/4,c01edb61aa97b964a565c99e47b0c8bc0b26ae649553ba7278851eed550e2acc,4428,16,0,4444,4576,132,14144,5928,1482,0,0.7496626180836707,0.7469635627530364,"{""actual_effective_rate"":0.7496626180836707,""bg"":""bg1"",""bit_mapping"":""component_Gray_00_-3_01_-1_10_3_11_1_over_sqrt5;QPSK_0_plus1_1_minus1"",""code_blocks"":1,""decoder_config"":{""cn_schedule"":""flooding"",""cn_update"":""boxplus-phi"",""early_stop"":false,""hard_out"":true,""harq_mode"":false,""llr_max"":20.0,""num_iter"":20,""precision"":""single"",""prune_pcm"":true,""return_infobits"":true,""vn_update"":""sum""},""implementation"":{""bit_mapping"":""component_Gray_00_-3_01_-1_10_3_11_1_over_sqrt5;QPSK_0_plus1_1_minus1"",""cuda"":""12.8"",""decoder"":{""cn_schedule"":""flooding"",""cn_update"":""boxplus-phi"",""early_stop"":false,""hard_out"":true,""harq_mode"":false,""llr_max"":20.0,""num_iter"":20,""precision"":""single"",""prune_pcm"":true,""return_infobits"":true,""vn_update"":""sum""},""decoder_source_sha256"":""44d84b92b749e2970f94d92cd348a11648e2286b4d851faa0af8b21d08f0da23"",""encoder_source_sha256"":""34d8db6660b2e84708a8fb534f63c194f6f2b964e3693fcffc9dcaf21532ccfd"",""implementation"":""Sionna_5G_LDPC"",""power_protocol"":""fixed_constellation_average_Es2"",""precision"":""float32"",""rate_matching"":""Sionna RV0; filler removal, first2Z and tail puncturing; supported n only"",""scrambling"":""public_PCG64_SHA256_protocol_session_frame_group_counter_after_rate_matching_v1"",""torch"":""2.11.0+cu128"",""version"":""2.2.0""},""interleaver_sha256"":""e358830821965eda1a146b270b22f5195a72586ea8c24caba697f3cfc3d51b8c"",""k"":4444,""k_filler"":132,""k_ldpc"":4576,""layout_id"":""670c53137c47c6cfa86e7e05bd9c148fb44892d2b6394ac5ee091574a89e8cc5"",""modulation_padding_bits"":0,""mother_bits"":14144,""n"":5928,""n_cb"":13728,""n_cb_comp"":13596,""power_protocol"":""fixed_constellation_average_Es2"",""puncturing_bits"":8084,""puncturing_first_2Z"":416,""puncturing_remaining"":7668,""repetition_bits"":0,""scrambling"":""public_PCG64_SHA256_protocol_session_frame_group_counter_after_rate_matching_v1"",""shortening_bits"":132,""z"":208}",[2048]
16QAM,3/4,16QAM:r3/4,c01f26bfe5f2308dc058d8f99800a2657c338cf3d218b755eb01d7cd2de01a71,360,16,0,376,480,104,2496,776,194,0,0.4845360824742268,0.4639175257731959,"{""actual_effective_rate"":0.4845360824742268,""bg"":""bg2"",""bit_mapping"":""component_Gray_00_-3_01_-1_10_3_11_1_over_sqrt5;QPSK_0_plus1_1_minus1"",""code_blocks"":1,""decoder_config"":{""cn_schedule"":""flooding"",""cn_update"":""boxplus-phi"",""early_stop"":false,""hard_out"":true,""harq_mode"":false,""llr_max"":20.0,""num_iter"":20,""precision"":""single"",""prune_pcm"":true,""return_infobits"":true,""vn_update"":""sum""},""implementation"":{""bit_mapping"":""component_Gray_00_-3_01_-1_10_3_11_1_over_sqrt5;QPSK_0_plus1_1_minus1"",""cuda"":""12.8"",""decoder"":{""cn_schedule"":""flooding"",""cn_update"":""boxplus-phi"",""early_stop"":false,""hard_out"":true,""harq_mode"":false,""llr_max"":20.0,""num_iter"":20,""precision"":""single"",""prune_pcm"":true,""return_infobits"":true,""vn_update"":""sum""},""decoder_source_sha256"":""44d84b92b749e2970f94d92cd348a11648e2286b4d851faa0af8b21d08f0da23"",""encoder_source_sha256"":""34d8db6660b2e84708a8fb534f63c194f6f2b964e3693fcffc9dcaf21532ccfd"",""implementation"":""Sionna_5G_LDPC"",""power_protocol"":""fixed_constellation_average_Es2"",""precision"":""float32"",""rate_matching"":""Sionna RV0; filler removal, first2Z and tail puncturing; supported n only"",""scrambling"":""public_PCG64_SHA256_protocol_session_frame_group_counter_after_rate_matching_v1"",""torch"":""2.11.0+cu128"",""version"":""2.2.0""},""interleaver_sha256"":""6034f3bdd3752b680e9dea50a56cd6c83cf45df63b8e7f8c1bec9714babeba2c"",""k"":376,""k_filler"":104,""k_ldpc"":480,""layout_id"":""7972977d810eec9053135d5e22af4752952779c489a621b3afe318e130e81a36"",""modulation_padding_bits"":0,""mother_bits"":2496,""n"":776,""n_cb"":2400,""n_cb_comp"":2296,""power_protocol"":""fixed_constellation_average_Es2"",""puncturing_bits"":1616,""puncturing_first_2Z"":96,""puncturing_remaining"":1520,""repetition_bits"":0,""scrambling"":""public_PCG64_SHA256_protocol_session_frame_group_counter_after_rate_matching_v1"",""shortening_bits"":104,""z"":48}",[1024]
16QAM,3/4,16QAM:r3/4,c02ea79a6564f0708473572a818b1908c59d7328f8d2165d852927da32b907d3,1800,16,0,1816,1920,104,9984,5404,1351,0,0.3360473723168024,0.33308660251665434,"{""actual_effective_rate"":0.3360473723168024,""bg"":""bg2"",""bit_mapping"":""component_Gray_00_-3_01_-1_10_3_11_1_over_sqrt5;QPSK_0_plus1_1_minus1"",""code_blocks"":1,""decoder_config"":{""cn_schedule"":""flooding"",""cn_update"":""boxplus-phi"",""early_stop"":false,""hard_out"":true,""harq_mode"":false,""llr_max"":20.0,""num_iter"":20,""precision"":""single"",""prune_pcm"":true,""return_infobits"":true,""vn_update"":""sum""},""implementation"":{""bit_mapping"":""component_Gray_00_-3_01_-1_10_3_11_1_over_sqrt5;QPSK_0_plus1_1_minus1"",""cuda"":""12.8"",""decoder"":{""cn_schedule"":""flooding"",""cn_update"":""boxplus-phi"",""early_stop"":false,""hard_out"":true,""harq_mode"":false,""llr_max"":20.0,""num_iter"":20,""precision"":""single"",""prune_pcm"":true,""return_infobits"":true,""vn_update"":""sum""},""decoder_source_sha256"":""44d84b92b749e2970f94d92cd348a11648e2286b4d851faa0af8b21d08f0da23"",""encoder_source_sha256"":""34d8db6660b2e84708a8fb534f63c194f6f2b964e3693fcffc9dcaf21532ccfd"",""implementation"":""Sionna_5G_LDPC"",""power_protocol"":""fixed_constellation_average_Es2"",""precision"":""float32"",""rate_matching"":""Sionna RV0; filler removal, first2Z and tail puncturing; supported n only"",""scrambling"":""public_PCG64_SHA256_protocol_session_frame_group_counter_after_rate_matching_v1"",""torch"":""2.11.0+cu128"",""version"":""2.2.0""},""interleaver_sha256"":""03a69cf7d382faba97997d55265c773ae6c27ef335789cf3881ce637e5327a36"",""k"":1816,""k_filler"":104,""k_ldpc"":1920,""layout_id"":""8c90e823b19fd29f9c515fa697b3e0ef86b27ebc2837e74d6b45f0c0eadfe5ec"",""modulation_padding_bits"":0,""mother_bits"":9984,""n"":5404,""n_cb"":9600,""n_cb_comp"":9496,""power_protocol"":""fixed_constellation_average_Es2"",""puncturing_bits"":4476,""puncturing_first_2Z"":384,""puncturing_remaining"":4092,""repetition_bits"":0,""scrambling"":""public_PCG64_SHA256_protocol_session_frame_group_counter_after_rate_matching_v1"",""shortening_bits"":104,""z"":192}",[2048]
QPSK,1/2,QPSK:r1/2,c0542f901bf7f8685ea20e6e1985a1c086df5efa045979819cc28328f72eebf8,1092,16,0,1108,1120,12,5824,3700,1850,0,0.29945945945945945,0.2951351351351351,"{""actual_effective_rate"":0.29945945945945945,""bg"":""bg2"",""bit_mapping"":""component_Gray_00_-3_01_-1_10_3_11_1_over_sqrt5;QPSK_0_plus1_1_minus1"",""code_blocks"":1,""decoder_config"":{""cn_schedule"":""flooding"",""cn_update"":""boxplus-phi"",""early_stop"":false,""hard_out"":true,""harq_mode"":false,""llr_max"":20.0,""num_iter"":20,""precision"":""single"",""prune_pcm"":true,""return_infobits"":true,""vn_update"":""sum""},""implementation"":{""bit_mapping"":""component_Gray_00_-3_01_-1_10_3_11_1_over_sqrt5;QPSK_0_plus1_1_minus1"",""cuda"":""12.8"",""decoder"":{""cn_schedule"":""flooding"",""cn_update"":""boxplus-phi"",""early_stop"":false,""hard_out"":true,""harq_mode"":false,""llr_max"":20.0,""num_iter"":20,""precision"":""single"",""prune_pcm"":true,""return_infobits"":true,""vn_update"":""sum""},""decoder_source_sha256"":""44d84b92b749e2970f94d92cd348a11648e2286b4d851faa0af8b21d08f0da23"",""encoder_source_sha256"":""34d8db6660b2e84708a8fb534f63c194f6f2b964e3693fcffc9dcaf21532ccfd"",""implementation"":""Sionna_5G_LDPC"",""power_protocol"":""fixed_constellation_average_Es2"",""precision"":""float32"",""rate_matching"":""Sionna RV0; filler removal, first2Z and tail puncturing; supported n only"",""scrambling"":""public_PCG64_SHA256_protocol_session_frame_group_counter_after_rate_matching_v1"",""torch"":""2.11.0+cu128"",""version"":""2.2.0""},""interleaver_sha256"":""2417ec81f6576f6316f44f8365f13d054989b6add09b2b19987144fa787530c5"",""k"":1108,""k_filler"":12,""k_ldpc"":1120,""layout_id"":""bcf29ca167035bd3ed2e2b1c8302d45f34b3d4b2aaa570487d9734ca93bb7540"",""modulation_padding_bits"":0,""mother_bits"":5824,""n"":3700,""n_cb"":5600,""n_cb_comp"":5588,""power_protocol"":""fixed_constellation_average_Es2"",""puncturing_bits"":2112,""puncturing_first_2Z"":224,""puncturing_remaining"":1888,""repetition_bits"":0,""scrambling"":""public_PCG64_SHA256_protocol_session_frame_group_counter_after_rate_matching_v1"",""shortening_bits"":12,""z"":112}",[2048]
16QAM,3/4,16QAM:r3/4,c0558b30312947204f83eab18601aec89fab8026c44ee70251f7c3e0a0b48f83,1800,16,0,1816,1920,104,9984,5932,1483,0,0.306136210384356,0.30343897505057316,"{""actual_effective_rate"":0.306136210384356,""bg"":""bg2"",""bit_mapping"":""component_Gray_00_-3_01_-1_10_3_11_1_over_sqrt5;QPSK_0_plus1_1_minus1"",""code_blocks"":1,""decoder_config"":{""cn_schedule"":""flooding"",""cn_update"":""boxplus-phi"",""early_stop"":false,""hard_out"":true,""harq_mode"":false,""llr_max"":20.0,""num_iter"":20,""precision"":""single"",""prune_pcm"":true,""return_infobits"":true,""vn_update"":""sum""},""implementation"":{""bit_mapping"":""component_Gray_00_-3_01_-1_10_3_11_1_over_sqrt5;QPSK_0_plus1_1_minus1"",""cuda"":""12.8"",""decoder"":{""cn_schedule"":""flooding"",""cn_update"":""boxplus-phi"",""early_stop"":false,""hard_out"":true,""harq_mode"":false,""llr_max"":20.0,""num_iter"":20,""precision"":""single"",""prune_pcm"":true,""return_infobits"":true,""vn_update"":""sum""},""decoder_source_sha256"":""44d84b92b749e2970f94d92cd348a11648e2286b4d851faa0af8b21d08f0da23"",""encoder_source_sha256"":""34d8db6660b2e84708a8fb534f63c194f6f2b964e3693fcffc9dcaf21532ccfd"",""implementation"":""Sionna_5G_LDPC"",""power_protocol"":""fixed_constellation_average_Es2"",""precision"":""float32"",""rate_matching"":""Sionna RV0; filler removal, first2Z and tail puncturing; supported n only"",""scrambling"":""public_PCG64_SHA256_protocol_session_frame_group_counter_after_rate_matching_v1"",""torch"":""2.11.0+cu128"",""version"":""2.2.0""},""interleaver_sha256"":""5bc15196f52d827debb3548e2103f9dae0ebf8ec78899cd57cb0baf887244e9a"",""k"":1816,""k_filler"":104,""k_ldpc"":1920,""layout_id"":""1541f52b7f2a016447f0792555e81c0e285b6fc3a2bed7767e72a82c8ca9e77a"",""modulation_padding_bits"":0,""mother_bits"":9984,""n"":5932,""n_cb"":9600,""n_cb_comp"":9496,""power_protocol"":""fixed_constellation_average_Es2"",""puncturing_bits"":3948,""puncturing_first_2Z"":384,""puncturing_remaining"":3564,""repetition_bits"":0,""scrambling"":""public_PCG64_SHA256_protocol_session_frame_group_counter_after_rate_matching_v1"",""shortening_bits"":104,""z"":192}",[2048]
16QAM,5/6,16QAM:r5/6,c064a160c01be91b759538835f5f7ff547c776cd7f4c142b389450a0a143810e,360,16,0,376,480,104,2496,1192,298,0,0.31543624161073824,0.30201342281879195,"{""actual_effective_rate"":0.31543624161073824,""bg"":""bg2"",""bit_mapping"":""component_Gray_00_-3_01_-1_10_3_11_1_over_sqrt5;QPSK_0_plus1_1_minus1"",""code_blocks"":1,""decoder_config"":{""cn_schedule"":""flooding"",""cn_update"":""boxplus-phi"",""early_stop"":false,""hard_out"":true,""harq_mode"":false,""llr_max"":20.0,""num_iter"":20,""precision"":""single"",""prune_pcm"":true,""return_infobits"":true,""vn_update"":""sum""},""implementation"":{""bit_mapping"":""component_Gray_00_-3_01_-1_10_3_11_1_over_sqrt5;QPSK_0_plus1_1_minus1"",""cuda"":""12.8"",""decoder"":{""cn_schedule"":""flooding"",""cn_update"":""boxplus-phi"",""early_stop"":false,""hard_out"":true,""harq_mode"":false,""llr_max"":20.0,""num_iter"":20,""precision"":""single"",""prune_pcm"":true,""return_infobits"":true,""vn_update"":""sum""},""decoder_source_sha256"":""44d84b92b749e2970f94d92cd348a11648e2286b4d851faa0af8b21d08f0da23"",""encoder_source_sha256"":""34d8db6660b2e84708a8fb534f63c194f6f2b964e3693fcffc9dcaf21532ccfd"",""implementation"":""Sionna_5G_LDPC"",""power_protocol"":""fixed_constellation_average_Es2"",""precision"":""float32"",""rate_matching"":""Sionna RV0; filler removal, first2Z and tail puncturing; supported n only"",""scrambling"":""public_PCG64_SHA256_protocol_session_frame_group_counter_after_rate_matching_v1"",""torch"":""2.11.0+cu128"",""version"":""2.2.0""},""interleaver_sha256"":""ffb773fc63bab7b2db5b70767f0ab247a8b4c64206d795bcb36239a64ac13638"",""k"":376,""k_filler"":104,""k_ldpc"":480,""layout_id"":""0c87fd867f2e5b5857ecfae27294ed4445ba999e6b818ff983c4a4af91486004"",""modulation_padding_bits"":0,""mother_bits"":2496,""n"":1192,""n_cb"":2400,""n_cb_comp"":2296,""power_protocol"":""fixed_constellation_average_Es2"",""puncturing_bits"":1200,""puncturing_first_2Z"":96,""puncturing_remaining"":1104,""repetition_bits"":0,""scrambling"":""public_PCG64_SHA256_protocol_session_frame_group_counter_after_rate_matching_v1"",""shortening_bits"":104,""z"":48}",[1024]
QPSK,2/3,QPSK:r2/3,c0704f48237e0b658a4bd3c67d04ed9b79f665a913e886dbcf73255241d94642,816,16,0,832,880,48,4576,2986,1493,0,0.27863362357669125,0.2732752846617549,"{""actual_effective_rate"":0.27863362357669125,""bg"":""bg2"",""bit_mapping"":""component_Gray_00_-3_01_-1_10_3_11_1_over_sqrt5;QPSK_0_plus1_1_minus1"",""code_blocks"":1,""decoder_config"":{""cn_schedule"":""flooding"",""cn_update"":""boxplus-phi"",""early_stop"":false,""hard_out"":true,""harq_mode"":false,""llr_max"":20.0,""num_iter"":20,""precision"":""single"",""prune_pcm"":true,""return_infobits"":true,""vn_update"":""sum""},""implementation"":{""bit_mapping"":""component_Gray_00_-3_01_-1_10_3_11_1_over_sqrt5;QPSK_0_plus1_1_minus1"",""cuda"":""12.8"",""decoder"":{""cn_schedule"":""flooding"",""cn_update"":""boxplus-phi"",""early_stop"":false,""hard_out"":true,""harq_mode"":false,""llr_max"":20.0,""num_iter"":20,""precision"":""single"",""prune_pcm"":true,""return_infobits"":true,""vn_update"":""sum""},""decoder_source_sha256"":""44d84b92b749e2970f94d92cd348a11648e2286b4d851faa0af8b21d08f0da23"",""encoder_source_sha256"":""34d8db6660b2e84708a8fb534f63c194f6f2b964e3693fcffc9dcaf21532ccfd"",""implementation"":""Sionna_5G_LDPC"",""power_protocol"":""fixed_constellation_average_Es2"",""precision"":""float32"",""rate_matching"":""Sionna RV0; filler removal, first2Z and tail puncturing; supported n only"",""scrambling"":""public_PCG64_SHA256_protocol_session_frame_group_counter_after_rate_matching_v1"",""torch"":""2.11.0+cu128"",""version"":""2.2.0""},""interleaver_sha256"":""c9f156d6036b8091709d718f822de2ea0a1234fca0e0e6c2b6aaf98af9b8b1c5"",""k"":832,""k_filler"":48,""k_ldpc"":880,""layout_id"":""938498f41eb6f58e0dce0ed29528dded3792192596199ec8f3c913d864392488"",""modulation_padding_bits"":0,""mother_bits"":4576,""n"":2986,""n_cb"":4400,""n_cb_comp"":4352,""power_protocol"":""fixed_constellation_average_Es2"",""puncturing_bits"":1542,""puncturing_first_2Z"":176,""puncturing_remaining"":1366,""repetition_bits"":0,""scrambling"":""public_PCG64_SHA256_protocol_session_frame_group_counter_after_rate_matching_v1"",""shortening_bits"":48,""z"":88}",[2048]
16QAM,2/3,16QAM:r2/3,c098b2c76d51dfbf182aa96adc78b571d5edc041f42b5ba877b2d9f630bf2351,1092,16,0,1108,1120,12,5824,4860,1215,0,0.22798353909465022,0.22469135802469137,"{""actual_effective_rate"":0.22798353909465022,""bg"":""bg2"",""bit_mapping"":""component_Gray_00_-3_01_-1_10_3_11_1_over_sqrt5;QPSK_0_plus1_1_minus1"",""code_blocks"":1,""decoder_config"":{""cn_schedule"":""flooding"",""cn_update"":""boxplus-phi"",""early_stop"":false,""hard_out"":true,""harq_mode"":false,""llr_max"":20.0,""num_iter"":20,""precision"":""single"",""prune_pcm"":true,""return_infobits"":true,""vn_update"":""sum""},""implementation"":{""bit_mapping"":""component_Gray_00_-3_01_-1_10_3_11_1_over_sqrt5;QPSK_0_plus1_1_minus1"",""cuda"":""12.8"",""decoder"":{""cn_schedule"":""flooding"",""cn_update"":""boxplus-phi"",""early_stop"":false,""hard_out"":true,""harq_mode"":false,""llr_max"":20.0,""num_iter"":20,""precision"":""single"",""prune_pcm"":true,""return_infobits"":true,""vn_update"":""sum""},""decoder_source_sha256"":""44d84b92b749e2970f94d92cd348a11648e2286b4d851faa0af8b21d08f0da23"",""encoder_source_sha256"":""34d8db6660b2e84708a8fb534f63c194f6f2b964e3693fcffc9dcaf21532ccfd"",""implementation"":""Sionna_5G_LDPC"",""power_protocol"":""fixed_constellation_average_Es2"",""precision"":""float32"",""rate_matching"":""Sionna RV0; filler removal, first2Z and tail puncturing; supported n only"",""scrambling"":""public_PCG64_SHA256_protocol_session_frame_group_counter_after_rate_matching_v1"",""torch"":""2.11.0+cu128"",""version"":""2.2.0""},""interleaver_sha256"":""5745f232c8e3ba2b0a52476f0644d5b34b17e87feb959dc9878c68a3912381a9"",""k"":1108,""k_filler"":12,""k_ldpc"":1120,""layout_id"":""305234d82b23bccdc79314442886b344a84313901809503493331283d32ba25f"",""modulation_padding_bits"":0,""mother_bits"":5824,""n"":4860,""n_cb"":5600,""n_cb_comp"":5588,""power_protocol"":""fixed_constellation_average_Es2"",""puncturing_bits"":952,""puncturing_first_2Z"":224,""puncturing_remaining"":728,""repetition_bits"":0,""scrambling"":""public_PCG64_SHA256_protocol_session_frame_group_counter_after_rate_matching_v1"",""shortening_bits"":12,""z"":112}",[2048]
16QAM,5/6,16QAM:r5/6,c0a235a9a4ace7e06aaa730f2b18bce3cbef9455d72006f28409c26263aa9fd4,1860,16,0,1876,1936,60,5984,2260,565,0,0.8300884955752212,0.8230088495575221,"{""actual_effective_rate"":0.8300884955752212,""bg"":""bg1"",""bit_mapping"":""component_Gray_00_-3_01_-1_10_3_11_1_over_sqrt5;QPSK_0_plus1_1_minus1"",""code_blocks"":1,""decoder_config"":{""cn_schedule"":""flooding"",""cn_update"":""boxplus-phi"",""early_stop"":false,""hard_out"":true,""harq_mode"":false,""llr_max"":20.0,""num_iter"":20,""precision"":""single"",""prune_pcm"":true,""return_infobits"":true,""vn_update"":""sum""},""implementation"":{""bit_mapping"":""component_Gray_00_-3_01_-1_10_3_11_1_over_sqrt5;QPSK_0_plus1_1_minus1"",""cuda"":""12.8"",""decoder"":{""cn_schedule"":""flooding"",""cn_update"":""boxplus-phi"",""early_stop"":false,""hard_out"":true,""harq_mode"":false,""llr_max"":20.0,""num_iter"":20,""precision"":""single"",""prune_pcm"":true,""return_infobits"":true,""vn_update"":""sum""},""decoder_source_sha256"":""44d84b92b749e2970f94d92cd348a11648e2286b4d851faa0af8b21d08f0da23"",""encoder_source_sha256"":""34d8db6660b2e84708a8fb534f63c194f6f2b964e3693fcffc9dcaf21532ccfd"",""implementation"":""Sionna_5G_LDPC"",""power_protocol"":""fixed_constellation_average_Es2"",""precision"":""float32"",""rate_matching"":""Sionna RV0; filler removal, first2Z and tail puncturing; supported n only"",""scrambling"":""public_PCG64_SHA256_protocol_session_frame_group_counter_after_rate_matching_v1"",""torch"":""2.11.0+cu128"",""version"":""2.2.0""},""interleaver_sha256"":""6ab9930179e0216cf7d48ca9cc2368f0b37acfb15fd93a7aa99ed5cb1846b62b"",""k"":1876,""k_filler"":60,""k_ldpc"":1936,""layout_id"":""3f14e2483c664cdab21179e0c028d307cf69969b59f0f7fbd20bcf22c95316ea"",""modulation_padding_bits"":0,""mother_bits"":5984,""n"":2260,""n_cb"":5808,""n_cb_comp"":5748,""power_protocol"":""fixed_constellation_average_Es2"",""puncturing_bits"":3664,""puncturing_first_2Z"":176,""puncturing_remaining"":3488,""repetition_bits"":0,""scrambling"":""public_PCG64_SHA256_protocol_session_frame_group_counter_after_rate_matching_v1"",""shortening_bits"":60,""z"":88}","[1024,2048]"
16QAM,1/3,16QAM:r1/3,c0ae7c08fc48b209563f49c4d272072bcbbfcf4157d550b9d484d24b2b63b130,360,16,0,376,480,104,2496,1156,289,0,0.32525951557093424,0.31141868512110726,"{""actual_effective_rate"":0.32525951557093424,""bg"":""bg2"",""bit_mapping"":""component_Gray_00_-3_01_-1_10_3_11_1_over_sqrt5;QPSK_0_plus1_1_minus1"",""code_blocks"":1,""decoder_config"":{""cn_schedule"":""flooding"",""cn_update"":""boxplus-phi"",""early_stop"":false,""hard_out"":true,""harq_mode"":false,""llr_max"":20.0,""num_iter"":20,""precision"":""single"",""prune_pcm"":true,""return_infobits"":true,""vn_update"":""sum""},""implementation"":{""bit_mapping"":""component_Gray_00_-3_01_-1_10_3_11_1_over_sqrt5;QPSK_0_plus1_1_minus1"",""cuda"":""12.8"",""decoder"":{""cn_schedule"":""flooding"",""cn_update"":""boxplus-phi"",""early_stop"":false,""hard_out"":true,""harq_mode"":false,""llr_max"":20.0,""num_iter"":20,""precision"":""single"",""prune_pcm"":true,""return_infobits"":true,""vn_update"":""sum""},""decoder_source_sha256"":""44d84b92b749e2970f94d92cd348a11648e2286b4d851faa0af8b21d08f0da23"",""encoder_source_sha256"":""34d8db6660b2e84708a8fb534f63c194f6f2b964e3693fcffc9dcaf21532ccfd"",""implementation"":""Sionna_5G_LDPC"",""power_protocol"":""fixed_constellation_average_Es2"",""precision"":""float32"",""rate_matching"":""Sionna RV0; filler removal, first2Z and tail puncturing; supported n only"",""scrambling"":""public_PCG64_SHA256_protocol_session_frame_group_counter_after_rate_matching_v1"",""torch"":""2.11.0+cu128"",""version"":""2.2.0""},""interleaver_sha256"":""5d6b2662122f6ddce211cce8e113ffac5d40c9018be6151f6bfb4369b8a5cf09"",""k"":376,""k_filler"":104,""k_ldpc"":480,""layout_id"":""f93adb58c3508e5d44d4e972f88fe62faa2f8ecd555c47df836ce5ada556914b"",""modulation_padding_bits"":0,""mother_bits"":2496,""n"":1156,""n_cb"":2400,""n_cb_comp"":2296,""power_protocol"":""fixed_constellation_average_Es2"",""puncturing_bits"":1236,""puncturing_first_2Z"":96,""puncturing_remaining"":1140,""repetition_bits"":0,""scrambling"":""public_PCG64_SHA256_protocol_session_frame_group_counter_after_rate_matching_v1"",""shortening_bits"":104,""z"":48}",[2048]
QPSK,1/2,QPSK:r1/2,c0b03a62dea1c4a3d35e079c558e9ef70b5a69858851b8d051d938734558671b,816,16,0,832,880,48,4576,2660,1330,0,0.31278195488721805,0.3067669172932331,"{""actual_effective_rate"":0.31278195488721805,""bg"":""bg2"",""bit_mapping"":""component_Gray_00_-3_01_-1_10_3_11_1_over_sqrt5;QPSK_0_plus1_1_minus1"",""code_blocks"":1,""decoder_config"":{""cn_schedule"":""flooding"",""cn_update"":""boxplus-phi"",""early_stop"":false,""hard_out"":true,""harq_mode"":false,""llr_max"":20.0,""num_iter"":20,""precision"":""single"",""prune_pcm"":true,""return_infobits"":true,""vn_update"":""sum""},""implementation"":{""bit_mapping"":""component_Gray_00_-3_01_-1_10_3_11_1_over_sqrt5;QPSK_0_plus1_1_minus1"",""cuda"":""12.8"",""decoder"":{""cn_schedule"":""flooding"",""cn_update"":""boxplus-phi"",""early_stop"":false,""hard_out"":true,""harq_mode"":false,""llr_max"":20.0,""num_iter"":20,""precision"":""single"",""prune_pcm"":true,""return_infobits"":true,""vn_update"":""sum""},""decoder_source_sha256"":""44d84b92b749e2970f94d92cd348a11648e2286b4d851faa0af8b21d08f0da23"",""encoder_source_sha256"":""34d8db6660b2e84708a8fb534f63c194f6f2b964e3693fcffc9dcaf21532ccfd"",""implementation"":""Sionna_5G_LDPC"",""power_protocol"":""fixed_constellation_average_Es2"",""precision"":""float32"",""rate_matching"":""Sionna RV0; filler removal, first2Z and tail puncturing; supported n only"",""scrambling"":""public_PCG64_SHA256_protocol_session_frame_group_counter_after_rate_matching_v1"",""torch"":""2.11.0+cu128"",""version"":""2.2.0""},""interleaver_sha256"":""fd24403cfd801c63bdaa27192a46bae862cc06eca22ff5e9ede1e79b4ea097a3"",""k"":832,""k_filler"":48,""k_ldpc"":880,""layout_id"":""8e0d932844b40f221a1ab5125aba4fd5052df9d5e044f9e12f4143f742f98e6e"",""modulation_padding_bits"":0,""mother_bits"":4576,""n"":2660,""n_cb"":4400,""n_cb_comp"":4352,""power_protocol"":""fixed_constellation_average_Es2"",""puncturing_bits"":1868,""puncturing_first_2Z"":176,""puncturing_remaining"":1692,""repetition_bits"":0,""scrambling"":""public_PCG64_SHA256_protocol_session_frame_group_counter_after_rate_matching_v1"",""shortening_bits"":48,""z"":88}",[2048]
16QAM,2/3,16QAM:r2/3,c0bb73cd67ce2588186a445f62d43b2e4499d95544feea2786d139adeb42510a,660,16,0,676,720,44,3744,1736,434,0,0.38940092165898615,0.38018433179723504,"{""actual_effective_rate"":0.38940092165898615,""bg"":""bg2"",""bit_mapping"":""component_Gray_00_-3_01_-1_10_3_11_1_over_sqrt5;QPSK_0_plus1_1_minus1"",""code_blocks"":1,""decoder_config"":{""cn_schedule"":""flooding"",""cn_update"":""boxplus-phi"",""early_stop"":false,""hard_out"":true,""harq_mode"":false,""llr_max"":20.0,""num_iter"":20,""precision"":""single"",""prune_pcm"":true,""return_infobits"":true,""vn_update"":""sum""},""implementation"":{""bit_mapping"":""component_Gray_00_-3_01_-1_10_3_11_1_over_sqrt5;QPSK_0_plus1_1_minus1"",""cuda"":""12.8"",""decoder"":{""cn_schedule"":""flooding"",""cn_update"":""boxplus-phi"",""early_stop"":false,""hard_out"":true,""harq_mode"":false,""llr_max"":20.0,""num_iter"":20,""precision"":""single"",""prune_pcm"":true,""return_infobits"":true,""vn_update"":""sum""},""decoder_source_sha256"":""44d84b92b749e2970f94d92cd348a11648e2286b4d851faa0af8b21d08f0da23"",""encoder_source_sha256"":""34d8db6660b2e84708a8fb534f63c194f6f2b964e3693fcffc9dcaf21532ccfd"",""implementation"":""Sionna_5G_LDPC"",""power_protocol"":""fixed_constellation_average_Es2"",""precision"":""float32"",""rate_matching"":""Sionna RV0; filler removal, first2Z and tail puncturing; supported n only"",""scrambling"":""public_PCG64_SHA256_protocol_session_frame_group_counter_after_rate_matching_v1"",""torch"":""2.11.0+cu128"",""version"":""2.2.0""},""interleaver_sha256"":""add290e7243dd86a282300acf51baa8332d94700f0a2ddafe8f00e4f8a879da4"",""k"":676,""k_filler"":44,""k_ldpc"":720,""layout_id"":""c69a400098c6e6f1953562bf41c863b4792cb7eb6fccd418b943805f49f831dc"",""modulation_padding_bits"":0,""mother_bits"":3744,""n"":1736,""n_cb"":3600,""n_cb_comp"":3556,""power_protocol"":""fixed_constellation_average_Es2"",""puncturing_bits"":1964,""puncturing_first_2Z"":144,""puncturing_remaining"":1820,""repetition_bits"":0,""scrambling"":""public_PCG64_SHA256_protocol_session_frame_group_counter_after_rate_matching_v1"",""shortening_bits"":44,""z"":72}",[2048]
16QAM,3/4,16QAM:r3/4,c0bd26c0957b6f78ebb48777b93b03b94f53bdbdbf64f9319d0fc076cd2c709d,576,16,0,592,720,128,3744,2952,738,0,0.2005420054200542,0.1951219512195122,"{""actual_effective_rate"":0.2005420054200542,""bg"":""bg2"",""bit_mapping"":""component_Gray_00_-3_01_-1_10_3_11_1_over_sqrt5;QPSK_0_plus1_1_minus1"",""code_blocks"":1,""decoder_config"":{""cn_schedule"":""flooding"",""cn_update"":""boxplus-phi"",""early_stop"":false,""hard_out"":true,""harq_mode"":false,""llr_max"":20.0,""num_iter"":20,""precision"":""single"",""prune_pcm"":true,""return_infobits"":true,""vn_update"":""sum""},""implementation"":{""bit_mapping"":""component_Gray_00_-3_01_-1_10_3_11_1_over_sqrt5;QPSK_0_plus1_1_minus1"",""cuda"":""12.8"",""decoder"":{""cn_schedule"":""flooding"",""cn_update"":""boxplus-phi"",""early_stop"":false,""hard_out"":true,""harq_mode"":false,""llr_max"":20.0,""num_iter"":20,""precision"":""single"",""prune_pcm"":true,""return_infobits"":true,""vn_update"":""sum""},""decoder_source_sha256"":""44d84b92b749e2970f94d92cd348a11648e2286b4d851faa0af8b21d08f0da23"",""encoder_source_sha256"":""34d8db6660b2e84708a8fb534f63c194f6f2b964e3693fcffc9dcaf21532ccfd"",""implementation"":""Sionna_5G_LDPC"",""power_protocol"":""fixed_constellation_average_Es2"",""precision"":""float32"",""rate_matching"":""Sionna RV0; filler removal, first2Z and tail puncturing; supported n only"",""scrambling"":""public_PCG64_SHA256_protocol_session_frame_group_counter_after_rate_matching_v1"",""torch"":""2.11.0+cu128"",""version"":""2.2.0""},""interleaver_sha256"":""f0a47345020f2d473447c9c76a8811b763c36f3860de585f3a16d1ec7bb62153"",""k"":592,""k_filler"":128,""k_ldpc"":720,""layout_id"":""460721ba3617dc50351e8cf6351f79bd49175be04e48a4fbe4096fce20fb546d"",""modulation_padding_bits"":0,""mother_bits"":3744,""n"":2952,""n_cb"":3600,""n_cb_comp"":3472,""power_protocol"":""fixed_constellation_average_Es2"",""puncturing_bits"":664,""puncturing_first_2Z"":144,""puncturing_remaining"":520,""repetition_bits"":0,""scrambling"":""public_PCG64_SHA256_protocol_session_frame_group_counter_after_rate_matching_v1"",""shortening_bits"":128,""z"":72}",[2048]
QPSK,3/4,QPSK:r3/4,c0c4d23125e6570816bfed7c5c7a3d2ed3ce8a9a5bf477c25ab461d32760ecbe,660,16,0,676,720,44,3744,2778,1389,0,0.2433405327573794,0.23758099352051837,"{""actual_effective_rate"":0.2433405327573794,""bg"":""bg2"",""bit_mapping"":""component_Gray_00_-3_01_-1_10_3_11_1_over_sqrt5;QPSK_0_plus1_1_minus1"",""code_blocks"":1,""decoder_config"":{""cn_schedule"":""flooding"",""cn_update"":""boxplus-phi"",""early_stop"":false,""hard_out"":true,""harq_mode"":false,""llr_max"":20.0,""num_iter"":20,""precision"":""single"",""prune_pcm"":true,""return_infobits"":true,""vn_update"":""sum""},""implementation"":{""bit_mapping"":""component_Gray_00_-3_01_-1_10_3_11_1_over_sqrt5;QPSK_0_plus1_1_minus1"",""cuda"":""12.8"",""decoder"":{""cn_schedule"":""flooding"",""cn_update"":""boxplus-phi"",""early_stop"":false,""hard_out"":true,""harq_mode"":false,""llr_max"":20.0,""num_iter"":20,""precision"":""single"",""prune_pcm"":true,""return_infobits"":true,""vn_update"":""sum""},""decoder_source_sha256"":""44d84b92b749e2970f94d92cd348a11648e2286b4d851faa0af8b21d08f0da23"",""encoder_source_sha256"":""34d8db6660b2e84708a8fb534f63c194f6f2b964e3693fcffc9dcaf21532ccfd"",""implementation"":""Sionna_5G_LDPC"",""power_protocol"":""fixed_constellation_average_Es2"",""precision"":""float32"",""rate_matching"":""Sionna RV0; filler removal, first2Z and tail puncturing; supported n only"",""scrambling"":""public_PCG64_SHA256_protocol_session_frame_group_counter_after_rate_matching_v1"",""torch"":""2.11.0+cu128"",""version"":""2.2.0""},""interleaver_sha256"":""f3a22e5716feedbfc9078f535556f567dc3c089b0995de587c15dfa26f4d6001"",""k"":676,""k_filler"":44,""k_ldpc"":720,""layout_id"":""10b03a6c846289ad593743afa85c6473ab52c6a2162a3f529a2d664c92488be9"",""modulation_padding_bits"":0,""mother_bits"":3744,""n"":2778,""n_cb"":3600,""n_cb_comp"":3556,""power_protocol"":""fixed_constellation_average_Es2"",""puncturing_bits"":922,""puncturing_first_2Z"":144,""puncturing_remaining"":778,""repetition_bits"":0,""scrambling"":""public_PCG64_SHA256_protocol_session_frame_group_counter_after_rate_matching_v1"",""shortening_bits"":44,""z"":72}",[2048]
16QAM,2/3,16QAM:r2/3,c0c67a8b9ad19e6cddd3ae3b8398a618abe5df3b07b759cde9bf234c55029992,1092,16,0,1108,1120,12,5824,2440,610,0,0.4540983606557377,0.44754098360655736,"{""actual_effective_rate"":0.4540983606557377,""bg"":""bg2"",""bit_mapping"":""component_Gray_00_-3_01_-1_10_3_11_1_over_sqrt5;QPSK_0_plus1_1_minus1"",""code_blocks"":1,""decoder_config"":{""cn_schedule"":""flooding"",""cn_update"":""boxplus-phi"",""early_stop"":false,""hard_out"":true,""harq_mode"":false,""llr_max"":20.0,""num_iter"":20,""precision"":""single"",""prune_pcm"":true,""return_infobits"":true,""vn_update"":""sum""},""implementation"":{""bit_mapping"":""component_Gray_00_-3_01_-1_10_3_11_1_over_sqrt5;QPSK_0_plus1_1_minus1"",""cuda"":""12.8"",""decoder"":{""cn_schedule"":""flooding"",""cn_update"":""boxplus-phi"",""early_stop"":false,""hard_out"":true,""harq_mode"":false,""llr_max"":20.0,""num_iter"":20,""precision"":""single"",""prune_pcm"":true,""return_infobits"":true,""vn_update"":""sum""},""decoder_source_sha256"":""44d84b92b749e2970f94d92cd348a11648e2286b4d851faa0af8b21d08f0da23"",""encoder_source_sha256"":""34d8db6660b2e84708a8fb534f63c194f6f2b964e3693fcffc9dcaf21532ccfd"",""implementation"":""Sionna_5G_LDPC"",""power_protocol"":""fixed_constellation_average_Es2"",""precision"":""float32"",""rate_matching"":""Sionna RV0; filler removal, first2Z and tail puncturing; supported n only"",""scrambling"":""public_PCG64_SHA256_protocol_session_frame_group_counter_after_rate_matching_v1"",""torch"":""2.11.0+cu128"",""version"":""2.2.0""},""interleaver_sha256"":""f8053b0fc097601356d2296eb1b6df66765c44e3dc6e4cdaa8312fe377dbaa9a"",""k"":1108,""k_filler"":12,""k_ldpc"":1120,""layout_id"":""0f220ec0c442f7ce8d54351851ad30d6b699a327d5a772d076cd8871bf40bc19"",""modulation_padding_bits"":0,""mother_bits"":5824,""n"":2440,""n_cb"":5600,""n_cb_comp"":5588,""power_protocol"":""fixed_constellation_average_Es2"",""puncturing_bits"":3372,""puncturing_first_2Z"":224,""puncturing_remaining"":3148,""repetition_bits"":0,""scrambling"":""public_PCG64_SHA256_protocol_session_frame_group_counter_after_rate_matching_v1"",""shortening_bits"":12,""z"":112}","[1024,2048]"
16QAM,5/6,16QAM:r5/6,c0cad9c7170df6e39e0f9e40a297470ac1e9cffc4b5b44e8505c7798bf8527dc,660,16,0,676,720,44,3744,2060,515,0,0.32815533980582523,0.32038834951456313,"{""actual_effective_rate"":0.32815533980582523,""bg"":""bg2"",""bit_mapping"":""component_Gray_00_-3_01_-1_10_3_11_1_over_sqrt5;QPSK_0_plus1_1_minus1"",""code_blocks"":1,""decoder_config"":{""cn_schedule"":""flooding"",""cn_update"":""boxplus-phi"",""early_stop"":false,""hard_out"":true,""harq_mode"":false,""llr_max"":20.0,""num_iter"":20,""precision"":""single"",""prune_pcm"":true,""return_infobits"":true,""vn_update"":""sum""},""implementation"":{""bit_mapping"":""component_Gray_00_-3_01_-1_10_3_11_1_over_sqrt5;QPSK_0_plus1_1_minus1"",""cuda"":""12.8"",""decoder"":{""cn_schedule"":""flooding"",""cn_update"":""boxplus-phi"",""early_stop"":false,""hard_out"":true,""harq_mode"":false,""llr_max"":20.0,""num_iter"":20,""precision"":""single"",""prune_pcm"":true,""return_infobits"":true,""vn_update"":""sum""},""decoder_source_sha256"":""44d84b92b749e2970f94d92cd348a11648e2286b4d851faa0af8b21d08f0da23"",""encoder_source_sha256"":""34d8db6660b2e84708a8fb534f63c194f6f2b964e3693fcffc9dcaf21532ccfd"",""implementation"":""Sionna_5G_LDPC"",""power_protocol"":""fixed_constellation_average_Es2"",""precision"":""float32"",""rate_matching"":""Sionna RV0; filler removal, first2Z and tail puncturing; supported n only"",""scrambling"":""public_PCG64_SHA256_protocol_session_frame_group_counter_after_rate_matching_v1"",""torch"":""2.11.0+cu128"",""version"":""2.2.0""},""interleaver_sha256"":""0e58aea6f910f8b89df92c8e2639136fa0fef27b4eead16b2c909ab217400a2f"",""k"":676,""k_filler"":44,""k_ldpc"":720,""layout_id"":""81ed6e6d385ba24deed279467a4ec7d719d86f832f9a2cc2aae49439b904fa75"",""modulation_padding_bits"":0,""mother_bits"":3744,""n"":2060,""n_cb"":3600,""n_cb_comp"":3556,""power_protocol"":""fixed_constellation_average_Es2"",""puncturing_bits"":1640,""puncturing_first_2Z"":144,""puncturing_remaining"":1496,""repetition_bits"":0,""scrambling"":""public_PCG64_SHA256_protocol_session_frame_group_counter_after_rate_matching_v1"",""shortening_bits"":44,""z"":72}",[1024]
QPSK,5/6,QPSK:r5/6,c0d7e846f188232bd73e1dc2c37d9071383564e1f065c10acb409f32380710ee,360,16,0,376,396,20,1224,544,272,0,0.6911764705882353,0.6617647058823529,"{""actual_effective_rate"":0.6911764705882353,""bg"":""bg1"",""bit_mapping"":""component_Gray_00_-3_01_-1_10_3_11_1_over_sqrt5;QPSK_0_plus1_1_minus1"",""code_blocks"":1,""decoder_config"":{""cn_schedule"":""flooding"",""cn_update"":""boxplus-phi"",""early_stop"":false,""hard_out"":true,""harq_mode"":false,""llr_max"":20.0,""num_iter"":20,""precision"":""single"",""prune_pcm"":true,""return_infobits"":true,""vn_update"":""sum""},""implementation"":{""bit_mapping"":""component_Gray_00_-3_01_-1_10_3_11_1_over_sqrt5;QPSK_0_plus1_1_minus1"",""cuda"":""12.8"",""decoder"":{""cn_schedule"":""flooding"",""cn_update"":""boxplus-phi"",""early_stop"":false,""hard_out"":true,""harq_mode"":false,""llr_max"":20.0,""num_iter"":20,""precision"":""single"",""prune_pcm"":true,""return_infobits"":true,""vn_update"":""sum""},""decoder_source_sha256"":""44d84b92b749e2970f94d92cd348a11648e2286b4d851faa0af8b21d08f0da23"",""encoder_source_sha256"":""34d8db6660b2e84708a8fb534f63c194f6f2b964e3693fcffc9dcaf21532ccfd"",""implementation"":""Sionna_5G_LDPC"",""power_protocol"":""fixed_constellation_average_Es2"",""precision"":""float32"",""rate_matching"":""Sionna RV0; filler removal, first2Z and tail puncturing; supported n only"",""scrambling"":""public_PCG64_SHA256_protocol_session_frame_group_counter_after_rate_matching_v1"",""torch"":""2.11.0+cu128"",""version"":""2.2.0""},""interleaver_sha256"":""fbc0db695ec11e8c29b2df52f5962b68210266b61d1a8d72aac7d19fe88d6cc1"",""k"":376,""k_filler"":20,""k_ldpc"":396,""layout_id"":""41f2d45a55c8c58551550070ebafc27ae156b069773ceb32ddeeba833d7012ed"",""modulation_padding_bits"":0,""mother_bits"":1224,""n"":544,""n_cb"":1188,""n_cb_comp"":1168,""power_protocol"":""fixed_constellation_average_Es2"",""puncturing_bits"":660,""puncturing_first_2Z"":36,""puncturing_remaining"":624,""repetition_bits"":0,""scrambling"":""public_PCG64_SHA256_protocol_session_frame_group_counter_after_rate_matching_v1"",""shortening_bits"":20,""z"":18}","[1024,2048]"
QPSK,3/4,QPSK:r3/4,c0e4ea0046305a4839443b86353be765afcd40d92f1f8486c54b0830f6d4db2d,1092,16,0,1108,1144,36,3536,1480,740,0,0.7486486486486487,0.7378378378378379,"{""actual_effective_rate"":0.7486486486486487,""bg"":""bg1"",""bit_mapping"":""component_Gray_00_-3_01_-1_10_3_11_1_over_sqrt5;QPSK_0_plus1_1_minus1"",""code_blocks"":1,""decoder_config"":{""cn_schedule"":""flooding"",""cn_update"":""boxplus-phi"",""early_stop"":false,""hard_out"":true,""harq_mode"":false,""llr_max"":20.0,""num_iter"":20,""precision"":""single"",""prune_pcm"":true,""return_infobits"":true,""vn_update"":""sum""},""implementation"":{""bit_mapping"":""component_Gray_00_-3_01_-1_10_3_11_1_over_sqrt5;QPSK_0_plus1_1_minus1"",""cuda"":""12.8"",""decoder"":{""cn_schedule"":""flooding"",""cn_update"":""boxplus-phi"",""early_stop"":false,""hard_out"":true,""harq_mode"":false,""llr_max"":20.0,""num_iter"":20,""precision"":""single"",""prune_pcm"":true,""return_infobits"":true,""vn_update"":""sum""},""decoder_source_sha256"":""44d84b92b749e2970f94d92cd348a11648e2286b4d851faa0af8b21d08f0da23"",""encoder_source_sha256"":""34d8db6660b2e84708a8fb534f63c194f6f2b964e3693fcffc9dcaf21532ccfd"",""implementation"":""Sionna_5G_LDPC"",""power_protocol"":""fixed_constellation_average_Es2"",""precision"":""float32"",""rate_matching"":""Sionna RV0; filler removal, first2Z and tail puncturing; supported n only"",""scrambling"":""public_PCG64_SHA256_protocol_session_frame_group_counter_after_rate_matching_v1"",""torch"":""2.11.0+cu128"",""version"":""2.2.0""},""interleaver_sha256"":""db36391a788dc0b3695c730b6e893b4d2d3ab6ea27baf8615a0cf0cdd47adbeb"",""k"":1108,""k_filler"":36,""k_ldpc"":1144,""layout_id"":""487637204a7ecd9be6c96be3f6447e49064315b30976f3634a9fc6d911c7fd05"",""modulation_padding_bits"":0,""mother_bits"":3536,""n"":1480,""n_cb"":3432,""n_cb_comp"":3396,""power_protocol"":""fixed_constellation_average_Es2"",""puncturing_bits"":2020,""puncturing_first_2Z"":104,""puncturing_remaining"":1916,""repetition_bits"":0,""scrambling"":""public_PCG64_SHA256_protocol_session_frame_group_counter_after_rate_matching_v1"",""shortening_bits"":36,""z"":52}",[2048]
16QAM,2/3,16QAM:r2/3,c0ea69e56478b13d553ce99396ea3b6c57f884b8cd3566b7c31f62630550f6f9,144,16,0,160,280,120,1456,364,91,0,0.43956043956043955,0.3956043956043956,"{""actual_effective_rate"":0.43956043956043955,""bg"":""bg2"",""bit_mapping"":""component_Gray_00_-3_01_-1_10_3_11_1_over_sqrt5;QPSK_0_plus1_1_minus1"",""code_blocks"":1,""decoder_config"":{""cn_schedule"":""flooding"",""cn_update"":""boxplus-phi"",""early_stop"":false,""hard_out"":true,""harq_mode"":false,""llr_max"":20.0,""num_iter"":20,""precision"":""single"",""prune_pcm"":true,""return_infobits"":true,""vn_update"":""sum""},""implementation"":{""bit_mapping"":""component_Gray_00_-3_01_-1_10_3_11_1_over_sqrt5;QPSK_0_plus1_1_minus1"",""cuda"":""12.8"",""decoder"":{""cn_schedule"":""flooding"",""cn_update"":""boxplus-phi"",""early_stop"":false,""hard_out"":true,""harq_mode"":false,""llr_max"":20.0,""num_iter"":20,""precision"":""single"",""prune_pcm"":true,""return_infobits"":true,""vn_update"":""sum""},""decoder_source_sha256"":""44d84b92b749e2970f94d92cd348a11648e2286b4d851faa0af8b21d08f0da23"",""encoder_source_sha256"":""34d8db6660b2e84708a8fb534f63c194f6f2b964e3693fcffc9dcaf21532ccfd"",""implementation"":""Sionna_5G_LDPC"",""power_protocol"":""fixed_constellation_average_Es2"",""precision"":""float32"",""rate_matching"":""Sionna RV0; filler removal, first2Z and tail puncturing; supported n only"",""scrambling"":""public_PCG64_SHA256_protocol_session_frame_group_counter_after_rate_matching_v1"",""torch"":""2.11.0+cu128"",""version"":""2.2.0""},""interleaver_sha256"":""e431916dc0f002e0159f4e3f0363cf5af9ae07af1027ce205683b86d5e9d085e"",""k"":160,""k_filler"":120,""k_ldpc"":280,""layout_id"":""cf4f4c8367a9d20f4ff6c50ee3f5cd835e722192bb99f6da0e67543aa4854131"",""modulation_padding_bits"":0,""mother_bits"":1456,""n"":364,""n_cb"":1400,""n_cb_comp"":1280,""power_protocol"":""fixed_constellation_average_Es2"",""puncturing_bits"":972,""puncturing_first_2Z"":56,""puncturing_remaining"":916,""repetition_bits"":0,""scrambling"":""public_PCG64_SHA256_protocol_session_frame_group_counter_after_rate_matching_v1"",""shortening_bits"":120,""z"":28}",[1024]
QPSK,2/3,QPSK:r2/3,c0eb5c69d631927f4f37ce326a0dd145135c9ad5ada8d367e46fe8c048d3c08a,192,16,0,208,260,52,1352,362,181,0,0.574585635359116,0.5303867403314917,"{""actual_effective_rate"":0.574585635359116,""bg"":""bg2"",""bit_mapping"":""component_Gray_00_-3_01_-1_10_3_11_1_over_sqrt5;QPSK_0_plus1_1_minus1"",""code_blocks"":1,""decoder_config"":{""cn_schedule"":""flooding"",""cn_update"":""boxplus-phi"",""early_stop"":false,""hard_out"":true,""harq_mode"":false,""llr_max"":20.0,""num_iter"":20,""precision"":""single"",""prune_pcm"":true,""return_infobits"":true,""vn_update"":""sum""},""implementation"":{""bit_mapping"":""component_Gray_00_-3_01_-1_10_3_11_1_over_sqrt5;QPSK_0_plus1_1_minus1"",""cuda"":""12.8"",""decoder"":{""cn_schedule"":""flooding"",""cn_update"":""boxplus-phi"",""early_stop"":false,""hard_out"":true,""harq_mode"":false,""llr_max"":20.0,""num_iter"":20,""precision"":""single"",""prune_pcm"":true,""return_infobits"":true,""vn_update"":""sum""},""decoder_source_sha256"":""44d84b92b749e2970f94d92cd348a11648e2286b4d851faa0af8b21d08f0da23"",""encoder_source_sha256"":""34d8db6660b2e84708a8fb534f63c194f6f2b964e3693fcffc9dcaf21532ccfd"",""implementation"":""Sionna_5G_LDPC"",""power_protocol"":""fixed_constellation_average_Es2"",""precision"":""float32"",""rate_matching"":""Sionna RV0; filler removal, first2Z and tail puncturing; supported n only"",""scrambling"":""public_PCG64_SHA256_protocol_session_frame_group_counter_after_rate_matching_v1"",""torch"":""2.11.0+cu128"",""version"":""2.2.0""},""interleaver_sha256"":""6d119c018919ba57f4af2e7b9f5eabdd1ef68b2a892c55a965a2085fe5f141fb"",""k"":208,""k_filler"":52,""k_ldpc"":260,""layout_id"":""9cce90486b088ac49360580a119a50c8dfc5a9be224190ac43d1a6195a4ff29a"",""modulation_padding_bits"":0,""mother_bits"":1352,""n"":362,""n_cb"":1300,""n_cb_comp"":1248,""power_protocol"":""fixed_constellation_average_Es2"",""puncturing_bits"":938,""puncturing_first_2Z"":52,""puncturing_remaining"":886,""repetition_bits"":0,""scrambling"":""public_PCG64_SHA256_protocol_session_frame_group_counter_after_rate_matching_v1"",""shortening_bits"":52,""z"":26}",[1024]
QPSK,2/3,QPSK:r2/3,c0f1f3b03a3ac660947af77e218f60882564d1b60db8218f42ddf31f5ceab3e9,516,16,0,532,720,188,3744,798,399,0,0.6666666666666666,0.6466165413533834,"{""actual_effective_rate"":0.6666666666666666,""bg"":""bg2"",""bit_mapping"":""component_Gray_00_-3_01_-1_10_3_11_1_over_sqrt5;QPSK_0_plus1_1_minus1"",""code_blocks"":1,""decoder_config"":{""cn_schedule"":""flooding"",""cn_update"":""boxplus-phi"",""early_stop"":false,""hard_out"":true,""harq_mode"":false,""llr_max"":20.0,""num_iter"":20,""precision"":""single"",""prune_pcm"":true,""return_infobits"":true,""vn_update"":""sum""},""implementation"":{""bit_mapping"":""component_Gray_00_-3_01_-1_10_3_11_1_over_sqrt5;QPSK_0_plus1_1_minus1"",""cuda"":""12.8"",""decoder"":{""cn_schedule"":""flooding"",""cn_update"":""boxplus-phi"",""early_stop"":false,""hard_out"":true,""harq_mode"":false,""llr_max"":20.0,""num_iter"":20,""precision"":""single"",""prune_pcm"":true,""return_infobits"":true,""vn_update"":""sum""},""decoder_source_sha256"":""44d84b92b749e2970f94d92cd348a11648e2286b4d851faa0af8b21d08f0da23"",""encoder_source_sha256"":""34d8db6660b2e84708a8fb534f63c194f6f2b964e3693fcffc9dcaf21532ccfd"",""implementation"":""Sionna_5G_LDPC"",""power_protocol"":""fixed_constellation_average_Es2"",""precision"":""float32"",""rate_matching"":""Sionna RV0; filler removal, first2Z and tail puncturing; supported n only"",""scrambling"":""public_PCG64_SHA256_protocol_session_frame_group_counter_after_rate_matching_v1"",""torch"":""2.11.0+cu128"",""version"":""2.2.0""},""interleaver_sha256"":""5d2aa0077f89abd47708f076208f44681df0e7e595ed7ab23a4b0e4407093b8f"",""k"":532,""k_filler"":188,""k_ldpc"":720,""layout_id"":""a999550f81d1d1fcbdb00ea3f78c0d36ee3ad5b396d10b6bdc462cfb82ad6db0"",""modulation_padding_bits"":0,""mother_bits"":3744,""n"":798,""n_cb"":3600,""n_cb_comp"":3412,""power_protocol"":""fixed_constellation_average_Es2"",""puncturing_bits"":2758,""puncturing_first_2Z"":144,""puncturing_remaining"":2614,""repetition_bits"":0,""scrambling"":""public_PCG64_SHA256_protocol_session_frame_group_counter_after_rate_matching_v1"",""shortening_bits"":188,""z"":72}","[1024,2048]"
16QAM,5/6,16QAM:r5/6,c101a07dca1c4776b918285f156540e156c0a11ea1a5c17ab713e5056a729636,1500,16,0,1516,1600,84,8320,3976,994,0,0.3812877263581489,0.3772635814889336,"{""actual_effective_rate"":0.3812877263581489,""bg"":""bg2"",""bit_mapping"":""component_Gray_00_-3_01_-1_10_3_11_1_over_sqrt5;QPSK_0_plus1_1_minus1"",""code_blocks"":1,""decoder_config"":{""cn_schedule"":""flooding"",""cn_update"":""boxplus-phi"",""early_stop"":false,""hard_out"":true,""harq_mode"":false,""llr_max"":20.0,""num_iter"":20,""precision"":""single"",""prune_pcm"":true,""return_infobits"":true,""vn_update"":""sum""},""implementation"":{""bit_mapping"":""component_Gray_00_-3_01_-1_10_3_11_1_over_sqrt5;QPSK_0_plus1_1_minus1"",""cuda"":""12.8"",""decoder"":{""cn_schedule"":""flooding"",""cn_update"":""boxplus-phi"",""early_stop"":false,""hard_out"":true,""harq_mode"":false,""llr_max"":20.0,""num_iter"":20,""precision"":""single"",""prune_pcm"":true,""return_infobits"":true,""vn_update"":""sum""},""decoder_source_sha256"":""44d84b92b749e2970f94d92cd348a11648e2286b4d851faa0af8b21d08f0da23"",""encoder_source_sha256"":""34d8db6660b2e84708a8fb534f63c194f6f2b964e3693fcffc9dcaf21532ccfd"",""implementation"":""Sionna_5G_LDPC"",""power_protocol"":""fixed_constellation_average_Es2"",""precision"":""float32"",""rate_matching"":""Sionna RV0; filler removal, first2Z and tail puncturing; supported n only"",""scrambling"":""public_PCG64_SHA256_protocol_session_frame_group_counter_after_rate_matching_v1"",""torch"":""2.11.0+cu128"",""version"":""2.2.0""},""interleaver_sha256"":""14c139980942d1a4e51b66b9d12a29e11315e4a2c20c54303b4bc3698f99d70a"",""k"":1516,""k_filler"":84,""k_ldpc"":1600,""layout_id"":""0eeb87fe1e1edfa1226662ca2393967bdd27dbac07a19a777a4509d03586283a"",""modulation_padding_bits"":0,""mother_bits"":8320,""n"":3976,""n_cb"":8000,""n_cb_comp"":7916,""power_protocol"":""fixed_constellation_average_Es2"",""puncturing_bits"":4260,""puncturing_first_2Z"":320,""puncturing_remaining"":3940,""repetition_bits"":0,""scrambling"":""public_PCG64_SHA256_protocol_session_frame_group_counter_after_rate_matching_v1"",""shortening_bits"":84,""z"":160}",[2048]
16QAM,3/4,16QAM:r3/4,c1050ed38d9a2c1a9ea723886be3678f11b8c594fc83a62ba440979cd7024c90,1284,16,0,1300,1320,20,4080,1736,434,0,0.7488479262672811,0.7396313364055299,"{""actual_effective_rate"":0.7488479262672811,""bg"":""bg1"",""bit_mapping"":""component_Gray_00_-3_01_-1_10_3_11_1_over_sqrt5;QPSK_0_plus1_1_minus1"",""code_blocks"":1,""decoder_config"":{""cn_schedule"":""flooding"",""cn_update"":""boxplus-phi"",""early_stop"":false,""hard_out"":true,""harq_mode"":false,""llr_max"":20.0,""num_iter"":20,""precision"":""single"",""prune_pcm"":true,""return_infobits"":true,""vn_update"":""sum""},""implementation"":{""bit_mapping"":""component_Gray_00_-3_01_-1_10_3_11_1_over_sqrt5;QPSK_0_plus1_1_minus1"",""cuda"":""12.8"",""decoder"":{""cn_schedule"":""flooding"",""cn_update"":""boxplus-phi"",""early_stop"":false,""hard_out"":true,""harq_mode"":false,""llr_max"":20.0,""num_iter"":20,""precision"":""single"",""prune_pcm"":true,""return_infobits"":true,""vn_update"":""sum""},""decoder_source_sha256"":""44d84b92b749e2970f94d92cd348a11648e2286b4d851faa0af8b21d08f0da23"",""encoder_source_sha256"":""34d8db6660b2e84708a8fb534f63c194f6f2b964e3693fcffc9dcaf21532ccfd"",""implementation"":""Sionna_5G_LDPC"",""power_protocol"":""fixed_constellation_average_Es2"",""precision"":""float32"",""rate_matching"":""Sionna RV0; filler removal, first2Z and tail puncturing; supported n only"",""scrambling"":""public_PCG64_SHA256_protocol_session_frame_group_counter_after_rate_matching_v1"",""torch"":""2.11.0+cu128"",""version"":""2.2.0""},""interleaver_sha256"":""add290e7243dd86a282300acf51baa8332d94700f0a2ddafe8f00e4f8a879da4"",""k"":1300,""k_filler"":20,""k_ldpc"":1320,""layout_id"":""b305401ab635e1c77ae8b24ad3c5f99dd9e48bab107ab948e736ff3900ddc6cc"",""modulation_padding_bits"":0,""mother_bits"":4080,""n"":1736,""n_cb"":3960,""n_cb_comp"":3940,""power_protocol"":""fixed_constellation_average_Es2"",""puncturing_bits"":2324,""puncturing_first_2Z"":120,""puncturing_remaining"":2204,""repetition_bits"":0,""scrambling"":""public_PCG64_SHA256_protocol_session_frame_group_counter_after_rate_matching_v1"",""shortening_bits"":20,""z"":60}","[1024,2048]"
QPSK,3/4,QPSK:r3/4,c10bb431f83852ce232e8e56197bf7c75d684f920b4f7613acaae10668951df4,192,16,0,208,260,52,1352,330,165,0,0.6303030303030303,0.5818181818181818,"{""actual_effective_rate"":0.6303030303030303,""bg"":""bg2"",""bit_mapping"":""component_Gray_00_-3_01_-1_10_3_11_1_over_sqrt5;QPSK_0_plus1_1_minus1"",""code_blocks"":1,""decoder_config"":{""cn_schedule"":""flooding"",""cn_update"":""boxplus-phi"",""early_stop"":false,""hard_out"":true,""harq_mode"":false,""llr_max"":20.0,""num_iter"":20,""precision"":""single"",""prune_pcm"":true,""return_infobits"":true,""vn_update"":""sum""},""implementation"":{""bit_mapping"":""component_Gray_00_-3_01_-1_10_3_11_1_over_sqrt5;QPSK_0_plus1_1_minus1"",""cuda"":""12.8"",""decoder"":{""cn_schedule"":""flooding"",""cn_update"":""boxplus-phi"",""early_stop"":false,""hard_out"":true,""harq_mode"":false,""llr_max"":20.0,""num_iter"":20,""precision"":""single"",""prune_pcm"":true,""return_infobits"":true,""vn_update"":""sum""},""decoder_source_sha256"":""44d84b92b749e2970f94d92cd348a11648e2286b4d851faa0af8b21d08f0da23"",""encoder_source_sha256"":""34d8db6660b2e84708a8fb534f63c194f6f2b964e3693fcffc9dcaf21532ccfd"",""implementation"":""Sionna_5G_LDPC"",""power_protocol"":""fixed_constellation_average_Es2"",""precision"":""float32"",""rate_matching"":""Sionna RV0; filler removal, first2Z and tail puncturing; supported n only"",""scrambling"":""public_PCG64_SHA256_protocol_session_frame_group_counter_after_rate_matching_v1"",""torch"":""2.11.0+cu128"",""version"":""2.2.0""},""interleaver_sha256"":""3d3f1eede0c0903669fc816854fd0986488aa7ae98f5324b844d622048bcb074"",""k"":208,""k_filler"":52,""k_ldpc"":260,""layout_id"":""fca7c0b13ee8eb09cffdb11941bd1d2ff3a7a3407a674deff9cc844d56c80204"",""modulation_padding_bits"":0,""mother_bits"":1352,""n"":330,""n_cb"":1300,""n_cb_comp"":1248,""power_protocol"":""fixed_constellation_average_Es2"",""puncturing_bits"":970,""puncturing_first_2Z"":52,""puncturing_remaining"":918,""repetition_bits"":0,""scrambling"":""public_PCG64_SHA256_protocol_session_frame_group_counter_after_rate_matching_v1"",""shortening_bits"":52,""z"":26}",[1024]
QPSK,1/3,QPSK:r1/3,c1145472b2967b6f0e4d7facd298dcaace3c27cbcdde8e33b7a13124ebb8d4a3,816,16,0,832,880,48,4576,2908,1454,0,0.2861072902338377,0.28060522696011003,"{""actual_effective_rate"":0.2861072902338377,""bg"":""bg2"",""bit_mapping"":""component_Gray_00_-3_01_-1_10_3_11_1_over_sqrt5;QPSK_0_plus1_1_minus1"",""code_blocks"":1,""decoder_config"":{""cn_schedule"":""flooding"",""cn_update"":""boxplus-phi"",""early_stop"":false,""hard_out"":true,""harq_mode"":false,""llr_max"":20.0,""num_iter"":20,""precision"":""single"",""prune_pcm"":true,""return_infobits"":true,""vn_update"":""sum""},""implementation"":{""bit_mapping"":""component_Gray_00_-3_01_-1_10_3_11_1_over_sqrt5;QPSK_0_plus1_1_minus1"",""cuda"":""12.8"",""decoder"":{""cn_schedule"":""flooding"",""cn_update"":""boxplus-phi"",""early_stop"":false,""hard_out"":true,""harq_mode"":false,""llr_max"":20.0,""num_iter"":20,""precision"":""single"",""prune_pcm"":true,""return_infobits"":true,""vn_update"":""sum""},""decoder_source_sha256"":""44d84b92b749e2970f94d92cd348a11648e2286b4d851faa0af8b21d08f0da23"",""encoder_source_sha256"":""34d8db6660b2e84708a8fb534f63c194f6f2b964e3693fcffc9dcaf21532ccfd"",""implementation"":""Sionna_5G_LDPC"",""power_protocol"":""fixed_constellation_average_Es2"",""precision"":""float32"",""rate_matching"":""Sionna RV0; filler removal, first2Z and tail puncturing; supported n only"",""scrambling"":""public_PCG64_SHA256_protocol_session_frame_group_counter_after_rate_matching_v1"",""torch"":""2.11.0+cu128"",""version"":""2.2.0""},""interleaver_sha256"":""bd40c4f0df7916ba4f53b48c711c726a11ac2dc510725df9f0095d8a4a1e9e3d"",""k"":832,""k_filler"":48,""k_ldpc"":880,""layout_id"":""65f019fed950d6b000e17f4e95bf5c94e6ce0ce30103b239ac08870e53bf9d6d"",""modulation_padding_bits"":0,""mother_bits"":4576,""n"":2908,""n_cb"":4400,""n_cb_comp"":4352,""power_protocol"":""fixed_constellation_average_Es2"",""puncturing_bits"":1620,""puncturing_first_2Z"":176,""puncturing_remaining"":1444,""repetition_bits"":0,""scrambling"":""public_PCG64_SHA256_protocol_session_frame_group_counter_after_rate_matching_v1"",""shortening_bits"":48,""z"":88}",[2048]
QPSK,5/6,QPSK:r5/6,c1152181fb238659a41c332f288b4b5fd1deb0477624e15b05f14277e30f8fa0,2400,16,0,2416,2560,144,13312,3642,1821,0,0.6633717737506865,0.6589785831960461,"{""actual_effective_rate"":0.6633717737506865,""bg"":""bg2"",""bit_mapping"":""component_Gray_00_-3_01_-1_10_3_11_1_over_sqrt5;QPSK_0_plus1_1_minus1"",""code_blocks"":1,""decoder_config"":{""cn_schedule"":""flooding"",""cn_update"":""boxplus-phi"",""early_stop"":false,""hard_out"":true,""harq_mode"":false,""llr_max"":20.0,""num_iter"":20,""precision"":""single"",""prune_pcm"":true,""return_infobits"":true,""vn_update"":""sum""},""implementation"":{""bit_mapping"":""component_Gray_00_-3_01_-1_10_3_11_1_over_sqrt5;QPSK_0_plus1_1_minus1"",""cuda"":""12.8"",""decoder"":{""cn_schedule"":""flooding"",""cn_update"":""boxplus-phi"",""early_stop"":false,""hard_out"":true,""harq_mode"":false,""llr_max"":20.0,""num_iter"":20,""precision"":""single"",""prune_pcm"":true,""return_infobits"":true,""vn_update"":""sum""},""decoder_source_sha256"":""44d84b92b749e2970f94d92cd348a11648e2286b4d851faa0af8b21d08f0da23"",""encoder_source_sha256"":""34d8db6660b2e84708a8fb534f63c194f6f2b964e3693fcffc9dcaf21532ccfd"",""implementation"":""Sionna_5G_LDPC"",""power_protocol"":""fixed_constellation_average_Es2"",""precision"":""float32"",""rate_matching"":""Sionna RV0; filler removal, first2Z and tail puncturing; supported n only"",""scrambling"":""public_PCG64_SHA256_protocol_session_frame_group_counter_after_rate_matching_v1"",""torch"":""2.11.0+cu128"",""version"":""2.2.0""},""interleaver_sha256"":""88b5ae96f1f365d83307a0017cfd821f7668630b0624bd85122f62ac64f742dd"",""k"":2416,""k_filler"":144,""k_ldpc"":2560,""layout_id"":""8ef6733cfb4920826518c89583e3b96050a8463f760b9ad87fc581559a8b347f"",""modulation_padding_bits"":0,""mother_bits"":13312,""n"":3642,""n_cb"":12800,""n_cb_comp"":12656,""power_protocol"":""fixed_constellation_average_Es2"",""puncturing_bits"":9526,""puncturing_first_2Z"":512,""puncturing_remaining"":9014,""repetition_bits"":0,""scrambling"":""public_PCG64_SHA256_protocol_session_frame_group_counter_after_rate_matching_v1"",""shortening_bits"":144,""z"":256}",[2048]
16QAM,3/4,16QAM:r3/4,c11585801b8fe301dda7d96ec36c86f6f383d6ec6ee4604a0957ab7b6fe7f044,1848,16,0,1864,1936,72,5984,2488,622,0,0.7491961414790996,0.7427652733118971,"{""actual_effective_rate"":0.7491961414790996,""bg"":""bg1"",""bit_mapping"":""component_Gray_00_-3_01_-1_10_3_11_1_over_sqrt5;QPSK_0_plus1_1_minus1"",""code_blocks"":1,""decoder_config"":{""cn_schedule"":""flooding"",""cn_update"":""boxplus-phi"",""early_stop"":false,""hard_out"":true,""harq_mode"":false,""llr_max"":20.0,""num_iter"":20,""precision"":""single"",""prune_pcm"":true,""return_infobits"":true,""vn_update"":""sum""},""implementation"":{""bit_mapping"":""component_Gray_00_-3_01_-1_10_3_11_1_over_sqrt5;QPSK_0_plus1_1_minus1"",""cuda"":""12.8"",""decoder"":{""cn_schedule"":""flooding"",""cn_update"":""boxplus-phi"",""early_stop"":false,""hard_out"":true,""harq_mode"":false,""llr_max"":20.0,""num_iter"":20,""precision"":""single"",""prune_pcm"":true,""return_infobits"":true,""vn_update"":""sum""},""decoder_source_sha256"":""44d84b92b749e2970f94d92cd348a11648e2286b4d851faa0af8b21d08f0da23"",""encoder_source_sha256"":""34d8db6660b2e84708a8fb534f63c194f6f2b964e3693fcffc9dcaf21532ccfd"",""implementation"":""Sionna_5G_LDPC"",""power_protocol"":""fixed_constellation_average_Es2"",""precision"":""float32"",""rate_matching"":""Sionna RV0; filler removal, first2Z and tail puncturing; supported n only"",""scrambling"":""public_PCG64_SHA256_protocol_session_frame_group_counter_after_rate_matching_v1"",""torch"":""2.11.0+cu128"",""version"":""2.2.0""},""interleaver_sha256"":""7f443ce1cb63212e47b2b5ff8c34e9fadcc7944cce74914efb0ef7de3b3b6997"",""k"":1864,""k_filler"":72,""k_ldpc"":1936,""layout_id"":""8c3cd85630b9bfc16b7a70f319d3710e8b95b3cf71be7f1a363a40efaa84bb66"",""modulation_padding_bits"":0,""mother_bits"":5984,""n"":2488,""n_cb"":5808,""n_cb_comp"":5736,""power_protocol"":""fixed_constellation_average_Es2"",""puncturing_bits"":3424,""puncturing_first_2Z"":176,""puncturing_remaining"":3248,""repetition_bits"":0,""scrambling"":""public_PCG64_SHA256_protocol_session_frame_group_counter_after_rate_matching_v1"",""shortening_bits"":72,""z"":88}",[1024]
16QAM,5/6,16QAM:r5/6,c12a25abd3ae4b85b2632916b6eb0248cd4dbf81d89ce04f2949c7da1f625da6,1092,16,0,1108,1120,12,5824,2492,623,0,0.4446227929373997,0.43820224719101125,"{""actual_effective_rate"":0.4446227929373997,""bg"":""bg2"",""bit_mapping"":""component_Gray_00_-3_01_-1_10_3_11_1_over_sqrt5;QPSK_0_plus1_1_minus1"",""code_blocks"":1,""decoder_config"":{""cn_schedule"":""flooding"",""cn_update"":""boxplus-phi"",""early_stop"":false,""hard_out"":true,""harq_mode"":false,""llr_max"":20.0,""num_iter"":20,""precision"":""single"",""prune_pcm"":true,""return_infobits"":true,""vn_update"":""sum""},""implementation"":{""bit_mapping"":""component_Gray_00_-3_01_-1_10_3_11_1_over_sqrt5;QPSK_0_plus1_1_minus1"",""cuda"":""12.8"",""decoder"":{""cn_schedule"":""flooding"",""cn_update"":""boxplus-phi"",""early_stop"":false,""hard_out"":true,""harq_mode"":false,""llr_max"":20.0,""num_iter"":20,""precision"":""single"",""prune_pcm"":true,""return_infobits"":true,""vn_update"":""sum""},""decoder_source_sha256"":""44d84b92b749e2970f94d92cd348a11648e2286b4d851faa0af8b21d08f0da23"",""encoder_source_sha256"":""34d8db6660b2e84708a8fb534f63c194f6f2b964e3693fcffc9dcaf21532ccfd"",""implementation"":""Sionna_5G_LDPC"",""power_protocol"":""fixed_constellation_average_Es2"",""precision"":""float32"",""rate_matching"":""Sionna RV0; filler removal, first2Z and tail puncturing; supported n only"",""scrambling"":""public_PCG64_SHA256_protocol_session_frame_group_counter_after_rate_matching_v1"",""torch"":""2.11.0+cu128"",""version"":""2.2.0""},""interleaver_sha256"":""165785061e239803cd816148de3c3fd726cc2979a6a71f24fbb78bf03db0c8e5"",""k"":1108,""k_filler"":12,""k_ldpc"":1120,""layout_id"":""4362d6f12620d17873e1220564d8dc7dcb04c0f8a1f26142733cbb7d69cc7ce4"",""modulation_padding_bits"":0,""mother_bits"":5824,""n"":2492,""n_cb"":5600,""n_cb_comp"":5588,""power_protocol"":""fixed_constellation_average_Es2"",""puncturing_bits"":3320,""puncturing_first_2Z"":224,""puncturing_remaining"":3096,""repetition_bits"":0,""scrambling"":""public_PCG64_SHA256_protocol_session_frame_group_counter_after_rate_matching_v1"",""shortening_bits"":12,""z"":112}",[1024]
16QAM,3/4,16QAM:r3/4,c137052ffdebff622c12a42f06e27d7e6575eccb81d991a88929959030c88c50,432,16,0,448,560,112,2912,2136,534,0,0.20973782771535582,0.20224719101123595,"{""actual_effective_rate"":0.20973782771535582,""bg"":""bg2"",""bit_mapping"":""component_Gray_00_-3_01_-1_10_3_11_1_over_sqrt5;QPSK_0_plus1_1_minus1"",""code_blocks"":1,""decoder_config"":{""cn_schedule"":""flooding"",""cn_update"":""boxplus-phi"",""early_stop"":false,""hard_out"":true,""harq_mode"":false,""llr_max"":20.0,""num_iter"":20,""precision"":""single"",""prune_pcm"":true,""return_infobits"":true,""vn_update"":""sum""},""implementation"":{""bit_mapping"":""component_Gray_00_-3_01_-1_10_3_11_1_over_sqrt5;QPSK_0_plus1_1_minus1"",""cuda"":""12.8"",""decoder"":{""cn_schedule"":""flooding"",""cn_update"":""boxplus-phi"",""early_stop"":false,""hard_out"":true,""harq_mode"":false,""llr_max"":20.0,""num_iter"":20,""precision"":""single"",""prune_pcm"":true,""return_infobits"":true,""vn_update"":""sum""},""decoder_source_sha256"":""44d84b92b749e2970f94d92cd348a11648e2286b4d851faa0af8b21d08f0da23"",""encoder_source_sha256"":""34d8db6660b2e84708a8fb534f63c194f6f2b964e3693fcffc9dcaf21532ccfd"",""implementation"":""Sionna_5G_LDPC"",""power_protocol"":""fixed_constellation_average_Es2"",""precision"":""float32"",""rate_matching"":""Sionna RV0; filler removal, first2Z and tail puncturing; supported n only"",""scrambling"":""public_PCG64_SHA256_protocol_session_frame_group_counter_after_rate_matching_v1"",""torch"":""2.11.0+cu128"",""version"":""2.2.0""},""interleaver_sha256"":""d01a7430033690062581a0a8ea70f99d37494f207e31b6399dbd7dbc919a87d3"",""k"":448,""k_filler"":112,""k_ldpc"":560,""layout_id"":""d47be1f63e7dd3bac2e535c80440a078832e9ab7c4b2494455107c2d7b19aeda"",""modulation_padding_bits"":0,""mother_bits"":2912,""n"":2136,""n_cb"":2800,""n_cb_comp"":2688,""power_protocol"":""fixed_constellation_average_Es2"",""puncturing_bits"":664,""puncturing_first_2Z"":112,""puncturing_remaining"":552,""repetition_bits"":0,""scrambling"":""public_PCG64_SHA256_protocol_session_frame_group_counter_after_rate_matching_v1"",""shortening_bits"":112,""z"":56}",[2048]
16QAM,1/2,16QAM:r1/2,c1387bc9731d4e8fb808a0db8c880d6c5423bca9d5015b6e5c57919871b18bae,660,16,0,676,720,44,3744,1360,340,0,0.4970588235294118,0.4852941176470588,"{""actual_effective_rate"":0.4970588235294118,""bg"":""bg2"",""bit_mapping"":""component_Gray_00_-3_01_-1_10_3_11_1_over_sqrt5;QPSK_0_plus1_1_minus1"",""code_blocks"":1,""decoder_config"":{""cn_schedule"":""flooding"",""cn_update"":""boxplus-phi"",""early_stop"":false,""hard_out"":true,""harq_mode"":false,""llr_max"":20.0,""num_iter"":20,""precision"":""single"",""prune_pcm"":true,""return_infobits"":true,""vn_update"":""sum""},""implementation"":{""bit_mapping"":""component_Gray_00_-3_01_-1_10_3_11_1_over_sqrt5;QPSK_0_plus1_1_minus1"",""cuda"":""12.8"",""decoder"":{""cn_schedule"":""flooding"",""cn_update"":""boxplus-phi"",""early_stop"":false,""hard_out"":true,""harq_mode"":false,""llr_max"":20.0,""num_iter"":20,""precision"":""single"",""prune_pcm"":true,""return_infobits"":true,""vn_update"":""sum""},""decoder_source_sha256"":""44d84b92b749e2970f94d92cd348a11648e2286b4d851faa0af8b21d08f0da23"",""encoder_source_sha256"":""34d8db6660b2e84708a8fb534f63c194f6f2b964e3693fcffc9dcaf21532ccfd"",""implementation"":""Sionna_5G_LDPC"",""power_protocol"":""fixed_constellation_average_Es2"",""precision"":""float32"",""rate_matching"":""Sionna RV0; filler removal, first2Z and tail puncturing; supported n only"",""scrambling"":""public_PCG64_SHA256_protocol_session_frame_group_counter_after_rate_matching_v1"",""torch"":""2.11.0+cu128"",""version"":""2.2.0""},""interleaver_sha256"":""ffe4a91b2dbf3157aff76ff48d3d032b4a29063afcd92c2ae4f602b377946d9c"",""k"":676,""k_filler"":44,""k_ldpc"":720,""layout_id"":""bca61532748cf557fc97359be8f34e2b488f11eef4b01de891c69ed2d07ce89e"",""modulation_padding_bits"":0,""mother_bits"":3744,""n"":1360,""n_cb"":3600,""n_cb_comp"":3556,""power_protocol"":""fixed_constellation_average_Es2"",""puncturing_bits"":2340,""puncturing_first_2Z"":144,""puncturing_remaining"":2196,""repetition_bits"":0,""scrambling"":""public_PCG64_SHA256_protocol_session_frame_group_counter_after_rate_matching_v1"",""shortening_bits"":44,""z"":72}","[1024,2048]"
QPSK,2/3,QPSK:r2/3,c1477abf56d044af408d00b590296740533fb2ef71fddabe7fc1a0228f1a29b2,360,16,0,376,480,104,2496,1678,839,0,0.22407628128724671,0.21454112038140644,"{""actual_effective_rate"":0.22407628128724671,""bg"":""bg2"",""bit_mapping"":""component_Gray_00_-3_01_-1_10_3_11_1_over_sqrt5;QPSK_0_plus1_1_minus1"",""code_blocks"":1,""decoder_config"":{""cn_schedule"":""flooding"",""cn_update"":""boxplus-phi"",""early_stop"":false,""hard_out"":true,""harq_mode"":false,""llr_max"":20.0,""num_iter"":20,""precision"":""single"",""prune_pcm"":true,""return_infobits"":true,""vn_update"":""sum""},""implementation"":{""bit_mapping"":""component_Gray_00_-3_01_-1_10_3_11_1_over_sqrt5;QPSK_0_plus1_1_minus1"",""cuda"":""12.8"",""decoder"":{""cn_schedule"":""flooding"",""cn_update"":""boxplus-phi"",""early_stop"":false,""hard_out"":true,""harq_mode"":false,""llr_max"":20.0,""num_iter"":20,""precision"":""single"",""prune_pcm"":true,""return_infobits"":true,""vn_update"":""sum""},""decoder_source_sha256"":""44d84b92b749e2970f94d92cd348a11648e2286b4d851faa0af8b21d08f0da23"",""encoder_source_sha256"":""34d8db6660b2e84708a8fb534f63c194f6f2b964e3693fcffc9dcaf21532ccfd"",""implementation"":""Sionna_5G_LDPC"",""power_protocol"":""fixed_constellation_average_Es2"",""precision"":""float32"",""rate_matching"":""Sionna RV0; filler removal, first2Z and tail puncturing; supported n only"",""scrambling"":""public_PCG64_SHA256_protocol_session_frame_group_counter_after_rate_matching_v1"",""torch"":""2.11.0+cu128"",""version"":""2.2.0""},""interleaver_sha256"":""87baaceb5c8d3fd596fcee29eb69126884c0a8994247b631c36a39184e2376fc"",""k"":376,""k_filler"":104,""k_ldpc"":480,""layout_id"":""deab7b450cfacd93d14991e967308cd81e3af89b1e1cd36edb3b646bb17687ba"",""modulation_padding_bits"":0,""mother_bits"":2496,""n"":1678,""n_cb"":2400,""n_cb_comp"":2296,""power_protocol"":""fixed_constellation_average_Es2"",""puncturing_bits"":714,""puncturing_first_2Z"":96,""puncturing_remaining"":618,""repetition_bits"":0,""scrambling"":""public_PCG64_SHA256_protocol_session_frame_group_counter_after_rate_matching_v1"",""shortening_bits"":104,""z"":48}",[2048]
16QAM,5/6,16QAM:r5/6,c14faae70214842d1b4a4858771ea5ec62a04cc9b97c47cab21d6d19eb5e9969,1968,16,0,1984,2112,128,6528,2452,613,0,0.8091353996737357,0.802610114192496,"{""actual_effective_rate"":0.8091353996737357,""bg"":""bg1"",""bit_mapping"":""component_Gray_00_-3_01_-1_10_3_11_1_over_sqrt5;QPSK_0_plus1_1_minus1"",""code_blocks"":1,""decoder_config"":{""cn_schedule"":""flooding"",""cn_update"":""boxplus-phi"",""early_stop"":false,""hard_out"":true,""harq_mode"":false,""llr_max"":20.0,""num_iter"":20,""precision"":""single"",""prune_pcm"":true,""return_infobits"":true,""vn_update"":""sum""},""implementation"":{""bit_mapping"":""component_Gray_00_-3_01_-1_10_3_11_1_over_sqrt5;QPSK_0_plus1_1_minus1"",""cuda"":""12.8"",""decoder"":{""cn_schedule"":""flooding"",""cn_update"":""boxplus-phi"",""early_stop"":false,""hard_out"":true,""harq_mode"":false,""llr_max"":20.0,""num_iter"":20,""precision"":""single"",""prune_pcm"":true,""return_infobits"":true,""vn_update"":""sum""},""decoder_source_sha256"":""44d84b92b749e2970f94d92cd348a11648e2286b4d851faa0af8b21d08f0da23"",""encoder_source_sha256"":""34d8db6660b2e84708a8fb534f63c194f6f2b964e3693fcffc9dcaf21532ccfd"",""implementation"":""Sionna_5G_LDPC"",""power_protocol"":""fixed_constellation_average_Es2"",""precision"":""float32"",""rate_matching"":""Sionna RV0; filler removal, first2Z and tail puncturing; supported n only"",""scrambling"":""public_PCG64_SHA256_protocol_session_frame_group_counter_after_rate_matching_v1"",""torch"":""2.11.0+cu128"",""version"":""2.2.0""},""interleaver_sha256"":""774c12daa4f942ae99f62b90e19362c2df34e7d9da9ac68112f7c3eaee804a9d"",""k"":1984,""k_filler"":128,""k_ldpc"":2112,""layout_id"":""c5550495aab2f559922014bc4f237ed7316a63f5cb00fc90e53332a1c27a3499"",""modulation_padding_bits"":0,""mother_bits"":6528,""n"":2452,""n_cb"":6336,""n_cb_comp"":6208,""power_protocol"":""fixed_constellation_average_Es2"",""puncturing_bits"":3948,""puncturing_first_2Z"":192,""puncturing_remaining"":3756,""repetition_bits"":0,""scrambling"":""public_PCG64_SHA256_protocol_session_frame_group_counter_after_rate_matching_v1"",""shortening_bits"":128,""z"":96}",[1024]
16QAM,2/3,16QAM:r2/3,c16ede7e579580d4d872a7e3ecab4715be4e45a2389618d69eb59d6f488a71bf,924,16,0,940,960,20,4992,2816,704,0,0.3338068181818182,0.328125,"{""actual_effective_rate"":0.3338068181818182,""bg"":""bg2"",""bit_mapping"":""component_Gray_00_-3_01_-1_10_3_11_1_over_sqrt5;QPSK_0_plus1_1_minus1"",""code_blocks"":1,""decoder_config"":{""cn_schedule"":""flooding"",""cn_update"":""boxplus-phi"",""early_stop"":false,""hard_out"":true,""harq_mode"":false,""llr_max"":20.0,""num_iter"":20,""precision"":""single"",""prune_pcm"":true,""return_infobits"":true,""vn_update"":""sum""},""implementation"":{""bit_mapping"":""component_Gray_00_-3_01_-1_10_3_11_1_over_sqrt5;QPSK_0_plus1_1_minus1"",""cuda"":""12.8"",""decoder"":{""cn_schedule"":""flooding"",""cn_update"":""boxplus-phi"",""early_stop"":false,""hard_out"":true,""harq_mode"":false,""llr_max"":20.0,""num_iter"":20,""precision"":""single"",""prune_pcm"":true,""return_infobits"":true,""vn_update"":""sum""},""decoder_source_sha256"":""44d84b92b749e2970f94d92cd348a11648e2286b4d851faa0af8b21d08f0da23"",""encoder_source_sha256"":""34d8db6660b2e84708a8fb534f63c194f6f2b964e3693fcffc9dcaf21532ccfd"",""implementation"":""Sionna_5G_LDPC"",""power_protocol"":""fixed_constellation_average_Es2"",""precision"":""float32"",""rate_matching"":""Sionna RV0; filler removal, first2Z and tail puncturing; supported n only"",""scrambling"":""public_PCG64_SHA256_protocol_session_frame_group_counter_after_rate_matching_v1"",""torch"":""2.11.0+cu128"",""version"":""2.2.0""},""interleaver_sha256"":""99939f0902f8f191ed971cdef771cd6b9f8aac251c4c6aaaef122e94d4f7d40a"",""k"":940,""k_filler"":20,""k_ldpc"":960,""layout_id"":""4e0cc99c15acf6e24f908cda65f48e730043c3fcde7dac5f2b84cda8ed41c7b6"",""modulation_padding_bits"":0,""mother_bits"":4992,""n"":2816,""n_cb"":4800,""n_cb_comp"":4780,""power_protocol"":""fixed_constellation_average_Es2"",""puncturing_bits"":2156,""puncturing_first_2Z"":192,""puncturing_remaining"":1964,""repetition_bits"":0,""scrambling"":""public_PCG64_SHA256_protocol_session_frame_group_counter_after_rate_matching_v1"",""shortening_bits"":20,""z"":96}",[1024]
QPSK,5/6,QPSK:r5/6,c17cc8c093e13870aa52276c37262d1b08c3669e1a92e808dd74e56e48cdac31,1860,16,0,1876,1936,60,5984,2572,1286,0,0.7293934681181959,0.7231726283048211,"{""actual_effective_rate"":0.7293934681181959,""bg"":""bg1"",""bit_mapping"":""component_Gray_00_-3_01_-1_10_3_11_1_over_sqrt5;QPSK_0_plus1_1_minus1"",""code_blocks"":1,""decoder_config"":{""cn_schedule"":""flooding"",""cn_update"":""boxplus-phi"",""early_stop"":false,""hard_out"":true,""harq_mode"":false,""llr_max"":20.0,""num_iter"":20,""precision"":""single"",""prune_pcm"":true,""return_infobits"":true,""vn_update"":""sum""},""implementation"":{""bit_mapping"":""component_Gray_00_-3_01_-1_10_3_11_1_over_sqrt5;QPSK_0_plus1_1_minus1"",""cuda"":""12.8"",""decoder"":{""cn_schedule"":""flooding"",""cn_update"":""boxplus-phi"",""early_stop"":false,""hard_out"":true,""harq_mode"":false,""llr_max"":20.0,""num_iter"":20,""precision"":""single"",""prune_pcm"":true,""return_infobits"":true,""vn_update"":""sum""},""decoder_source_sha256"":""44d84b92b749e2970f94d92cd348a11648e2286b4d851faa0af8b21d08f0da23"",""encoder_source_sha256"":""34d8db6660b2e84708a8fb534f63c194f6f2b964e3693fcffc9dcaf21532ccfd"",""implementation"":""Sionna_5G_LDPC"",""power_protocol"":""fixed_constellation_average_Es2"",""precision"":""float32"",""rate_matching"":""Sionna RV0; filler removal, first2Z and tail puncturing; supported n only"",""scrambling"":""public_PCG64_SHA256_protocol_session_frame_group_counter_after_rate_matching_v1"",""torch"":""2.11.0+cu128"",""version"":""2.2.0""},""interleaver_sha256"":""ebb54ac336690828ac2759a1765405d1ac23a333af3241ae228089f8259b3666"",""k"":1876,""k_filler"":60,""k_ldpc"":1936,""layout_id"":""4a67acdebf373982860d9752257e03118bf056756eb49d64b459618e05b48fe1"",""modulation_padding_bits"":0,""mother_bits"":5984,""n"":2572,""n_cb"":5808,""n_cb_comp"":5748,""power_protocol"":""fixed_constellation_average_Es2"",""puncturing_bits"":3352,""puncturing_first_2Z"":176,""puncturing_remaining"":3176,""repetition_bits"":0,""scrambling"":""public_PCG64_SHA256_protocol_session_frame_group_counter_after_rate_matching_v1"",""shortening_bits"":60,""z"":88}",[2048]
16QAM,3/4,16QAM:r3/4,c18df4dc9db52b45d1d5879960910877c481907cc0d4063ca700f1c719ffe9c2,2100,16,0,2116,2240,124,11648,3248,812,0,0.6514778325123153,0.646551724137931,"{""actual_effective_rate"":0.6514778325123153,""bg"":""bg2"",""bit_mapping"":""component_Gray_00_-3_01_-1_10_3_11_1_over_sqrt5;QPSK_0_plus1_1_minus1"",""code_blocks"":1,""decoder_config"":{""cn_schedule"":""flooding"",""cn_update"":""boxplus-phi"",""early_stop"":false,""hard_out"":true,""harq_mode"":false,""llr_max"":20.0,""num_iter"":20,""precision"":""single"",""prune_pcm"":true,""return_infobits"":true,""vn_update"":""sum""},""implementation"":{""bit_mapping"":""component_Gray_00_-3_01_-1_10_3_11_1_over_sqrt5;QPSK_0_plus1_1_minus1"",""cuda"":""12.8"",""decoder"":{""cn_schedule"":""flooding"",""cn_update"":""boxplus-phi"",""early_stop"":false,""hard_out"":true,""harq_mode"":false,""llr_max"":20.0,""num_iter"":20,""precision"":""single"",""prune_pcm"":true,""return_infobits"":true,""vn_update"":""sum""},""decoder_source_sha256"":""44d84b92b749e2970f94d92cd348a11648e2286b4d851faa0af8b21d08f0da23"",""encoder_source_sha256"":""34d8db6660b2e84708a8fb534f63c194f6f2b964e3693fcffc9dcaf21532ccfd"",""implementation"":""Sionna_5G_LDPC"",""power_protocol"":""fixed_constellation_average_Es2"",""precision"":""float32"",""rate_matching"":""Sionna RV0; filler removal, first2Z and tail puncturing; supported n only"",""scrambling"":""public_PCG64_SHA256_protocol_session_frame_group_counter_after_rate_matching_v1"",""torch"":""2.11.0+cu128"",""version"":""2.2.0""},""interleaver_sha256"":""58a5952aead7dda796e5f3f5a06ba82d34fb596a65799bcc0b2d0ccdb86b3b4e"",""k"":2116,""k_filler"":124,""k_ldpc"":2240,""layout_id"":""18db93a7eb9c561bf56d431da86cb2ecf64efea5991d885db0d43aae483ec915"",""modulation_padding_bits"":0,""mother_bits"":11648,""n"":3248,""n_cb"":11200,""n_cb_comp"":11076,""power_protocol"":""fixed_constellation_average_Es2"",""puncturing_bits"":8276,""puncturing_first_2Z"":448,""puncturing_remaining"":7828,""repetition_bits"":0,""scrambling"":""public_PCG64_SHA256_protocol_session_frame_group_counter_after_rate_matching_v1"",""shortening_bits"":124,""z"":224}",[2048]
16QAM,5/6,16QAM:r5/6,c1b106d21b690e2635ec74cf42d4074f603d04cd93536a86ec36bb1e8036e970,1308,16,0,1324,1440,116,7488,2236,559,0,0.592128801431127,0.5849731663685152,"{""actual_effective_rate"":0.592128801431127,""bg"":""bg2"",""bit_mapping"":""component_Gray_00_-3_01_-1_10_3_11_1_over_sqrt5;QPSK_0_plus1_1_minus1"",""code_blocks"":1,""decoder_config"":{""cn_schedule"":""flooding"",""cn_update"":""boxplus-phi"",""early_stop"":false,""hard_out"":true,""harq_mode"":false,""llr_max"":20.0,""num_iter"":20,""precision"":""single"",""prune_pcm"":true,""return_infobits"":true,""vn_update"":""sum""},""implementation"":{""bit_mapping"":""component_Gray_00_-3_01_-1_10_3_11_1_over_sqrt5;QPSK_0_plus1_1_minus1"",""cuda"":""12.8"",""decoder"":{""cn_schedule"":""flooding"",""cn_update"":""boxplus-phi"",""early_stop"":false,""hard_out"":true,""harq_mode"":false,""llr_max"":20.0,""num_iter"":20,""precision"":""single"",""prune_pcm"":true,""return_infobits"":true,""vn_update"":""sum""},""decoder_source_sha256"":""44d84b92b749e2970f94d92cd348a11648e2286b4d851faa0af8b21d08f0da23"",""encoder_source_sha256"":""34d8db6660b2e84708a8fb534f63c194f6f2b964e3693fcffc9dcaf21532ccfd"",""implementation"":""Sionna_5G_LDPC"",""power_protocol"":""fixed_constellation_average_Es2"",""precision"":""float32"",""rate_matching"":""Sionna RV0; filler removal, first2Z and tail puncturing; supported n only"",""scrambling"":""public_PCG64_SHA256_protocol_session_frame_group_counter_after_rate_matching_v1"",""torch"":""2.11.0+cu128"",""version"":""2.2.0""},""interleaver_sha256"":""9ad279814b126800f89d6a54586342c2f8a034a4c2ec73e175ac7fab8fa3199f"",""k"":1324,""k_filler"":116,""k_ldpc"":1440,""layout_id"":""43ad60831a774817bcfaa4d05b9c5f79c8d0c1c2b569d431e067991f40cd09d6"",""modulation_padding_bits"":0,""mother_bits"":7488,""n"":2236,""n_cb"":7200,""n_cb_comp"":7084,""power_protocol"":""fixed_constellation_average_Es2"",""puncturing_bits"":5136,""puncturing_first_2Z"":288,""puncturing_remaining"":4848,""repetition_bits"":0,""scrambling"":""public_PCG64_SHA256_protocol_session_frame_group_counter_after_rate_matching_v1"",""shortening_bits"":116,""z"":144}",[1024]
16QAM,2/3,16QAM:r2/3,c1b12b562968aac10b2e2235ba6f4fa08457a9ab51e9eaf3135b9237b7467a4e,1008,16,0,1024,1040,16,5408,1856,464,0,0.5517241379310345,0.5431034482758621,"{""actual_effective_rate"":0.5517241379310345,""bg"":""bg2"",""bit_mapping"":""component_Gray_00_-3_01_-1_10_3_11_1_over_sqrt5;QPSK_0_plus1_1_minus1"",""code_blocks"":1,""decoder_config"":{""cn_schedule"":""flooding"",""cn_update"":""boxplus-phi"",""early_stop"":false,""hard_out"":true,""harq_mode"":false,""llr_max"":20.0,""num_iter"":20,""precision"":""single"",""prune_pcm"":true,""return_infobits"":true,""vn_update"":""sum""},""implementation"":{""bit_mapping"":""component_Gray_00_-3_01_-1_10_3_11_1_over_sqrt5;QPSK_0_plus1_1_minus1"",""cuda"":""12.8"",""decoder"":{""cn_schedule"":""flooding"",""cn_update"":""boxplus-phi"",""early_stop"":false,""hard_out"":true,""harq_mode"":false,""llr_max"":20.0,""num_iter"":20,""precision"":""single"",""prune_pcm"":true,""return_infobits"":true,""vn_update"":""sum""},""decoder_source_sha256"":""44d84b92b749e2970f94d92cd348a11648e2286b4d851faa0af8b21d08f0da23"",""encoder_source_sha256"":""34d8db6660b2e84708a8fb534f63c194f6f2b964e3693fcffc9dcaf21532ccfd"",""implementation"":""Sionna_5G_LDPC"",""power_protocol"":""fixed_constellation_average_Es2"",""precision"":""float32"",""rate_matching"":""Sionna RV0; filler removal, first2Z and tail puncturing; supported n only"",""scrambling"":""public_PCG64_SHA256_protocol_session_frame_group_counter_after_rate_matching_v1"",""torch"":""2.11.0+cu128"",""version"":""2.2.0""},""interleaver_sha256"":""bfbd8ca188a320d678c5b5443daa9c297749406ee766986f7a9f7268232083c9"",""k"":1024,""k_filler"":16,""k_ldpc"":1040,""layout_id"":""6c17f27afc162c81a4d517e6248306f7cb761d11fd16cd73a60c44d22f1fba70"",""modulation_padding_bits"":0,""mother_bits"":5408,""n"":1856,""n_cb"":5200,""n_cb_comp"":5184,""power_protocol"":""fixed_constellation_average_Es2"",""puncturing_bits"":3536,""puncturing_first_2Z"":208,""puncturing_remaining"":3328,""repetition_bits"":0,""scrambling"":""public_PCG64_SHA256_protocol_session_frame_group_counter_after_rate_matching_v1"",""shortening_bits"":16,""z"":104}",[1024]
16QAM,1/2,16QAM:r1/2,c1bb96dad0f7cea97df34d2f6aa3ee9ab01a429e1313fcf22f839554e1e5b960,924,16,0,940,960,20,4992,2124,531,0,0.4425612052730697,0.4350282485875706,"{""actual_effective_rate"":0.4425612052730697,""bg"":""bg2"",""bit_mapping"":""component_Gray_00_-3_01_-1_10_3_11_1_over_sqrt5;QPSK_0_plus1_1_minus1"",""code_blocks"":1,""decoder_config"":{""cn_schedule"":""flooding"",""cn_update"":""boxplus-phi"",""early_stop"":false,""hard_out"":true,""harq_mode"":false,""llr_max"":20.0,""num_iter"":20,""precision"":""single"",""prune_pcm"":true,""return_infobits"":true,""vn_update"":""sum""},""implementation"":{""bit_mapping"":""component_Gray_00_-3_01_-1_10_3_11_1_over_sqrt5;QPSK_0_plus1_1_minus1"",""cuda"":""12.8"",""decoder"":{""cn_schedule"":""flooding"",""cn_update"":""boxplus-phi"",""early_stop"":false,""hard_out"":true,""harq_mode"":false,""llr_max"":20.0,""num_iter"":20,""precision"":""single"",""prune_pcm"":true,""return_infobits"":true,""vn_update"":""sum""},""decoder_source_sha256"":""44d84b92b749e2970f94d92cd348a11648e2286b4d851faa0af8b21d08f0da23"",""encoder_source_sha256"":""34d8db6660b2e84708a8fb534f63c194f6f2b964e3693fcffc9dcaf21532ccfd"",""implementation"":""Sionna_5G_LDPC"",""power_protocol"":""fixed_constellation_average_Es2"",""precision"":""float32"",""rate_matching"":""Sionna RV0; filler removal, first2Z and tail puncturing; supported n only"",""scrambling"":""public_PCG64_SHA256_protocol_session_frame_group_counter_after_rate_matching_v1"",""torch"":""2.11.0+cu128"",""version"":""2.2.0""},""interleaver_sha256"":""a90c8827dc0652f408916d4c2ca55fb47311918911dad9913c3cf3ea0264a3af"",""k"":940,""k_filler"":20,""k_ldpc"":960,""layout_id"":""fb4833a228d018649b33148eb1d4854ed860b9719c4ddc867d9ed9257c91bfa7"",""modulation_padding_bits"":0,""mother_bits"":4992,""n"":2124,""n_cb"":4800,""n_cb_comp"":4780,""power_protocol"":""fixed_constellation_average_Es2"",""puncturing_bits"":2848,""puncturing_first_2Z"":192,""puncturing_remaining"":2656,""repetition_bits"":0,""scrambling"":""public_PCG64_SHA256_protocol_session_frame_group_counter_after_rate_matching_v1"",""shortening_bits"":20,""z"":96}",[1024]
16QAM,5/6,16QAM:r5/6,c1c180e6ca5ccd515d90b34c37d23f37a5872ef3416859d0251d6fea1d7e6545,1368,16,0,1384,1408,24,4352,1912,478,0,0.7238493723849372,0.7154811715481172,"{""actual_effective_rate"":0.7238493723849372,""bg"":""bg1"",""bit_mapping"":""component_Gray_00_-3_01_-1_10_3_11_1_over_sqrt5;QPSK_0_plus1_1_minus1"",""code_blocks"":1,""decoder_config"":{""cn_schedule"":""flooding"",""cn_update"":""boxplus-phi"",""early_stop"":false,""hard_out"":true,""harq_mode"":false,""llr_max"":20.0,""num_iter"":20,""precision"":""single"",""prune_pcm"":true,""return_infobits"":true,""vn_update"":""sum""},""implementation"":{""bit_mapping"":""component_Gray_00_-3_01_-1_10_3_11_1_over_sqrt5;QPSK_0_plus1_1_minus1"",""cuda"":""12.8"",""decoder"":{""cn_schedule"":""flooding"",""cn_update"":""boxplus-phi"",""early_stop"":false,""hard_out"":true,""harq_mode"":false,""llr_max"":20.0,""num_iter"":20,""precision"":""single"",""prune_pcm"":true,""return_infobits"":true,""vn_update"":""sum""},""decoder_source_sha256"":""44d84b92b749e2970f94d92cd348a11648e2286b4d851faa0af8b21d08f0da23"",""encoder_source_sha256"":""34d8db6660b2e84708a8fb534f63c194f6f2b964e3693fcffc9dcaf21532ccfd"",""implementation"":""Sionna_5G_LDPC"",""power_protocol"":""fixed_constellation_average_Es2"",""precision"":""float32"",""rate_matching"":""Sionna RV0; filler removal, first2Z and tail puncturing; supported n only"",""scrambling"":""public_PCG64_SHA256_protocol_session_frame_group_counter_after_rate_matching_v1"",""torch"":""2.11.0+cu128"",""version"":""2.2.0""},""interleaver_sha256"":""c087e1c12d0650d316a01e8f4d6d26613ea643a16bd0c3c73dc4c46318d9e3c3"",""k"":1384,""k_filler"":24,""k_ldpc"":1408,""layout_id"":""4aedbbfec8fb42915f426df8b6d64ef859ca1b6d7885c4a6041e0749179582bb"",""modulation_padding_bits"":0,""mother_bits"":4352,""n"":1912,""n_cb"":4224,""n_cb_comp"":4200,""power_protocol"":""fixed_constellation_average_Es2"",""puncturing_bits"":2416,""puncturing_first_2Z"":128,""puncturing_remaining"":2288,""repetition_bits"":0,""scrambling"":""public_PCG64_SHA256_protocol_session_frame_group_counter_after_rate_matching_v1"",""shortening_bits"":24,""z"":64}",[1024]
QPSK,3/4,QPSK:r3/4,c1e00e3738003d8c46a39cca5a9892e538a9338d2c813668cf1957924a952eea,360,16,0,376,480,104,2496,860,430,0,0.4372093023255814,0.4186046511627907,"{""actual_effective_rate"":0.4372093023255814,""bg"":""bg2"",""bit_mapping"":""component_Gray_00_-3_01_-1_10_3_11_1_over_sqrt5;QPSK_0_plus1_1_minus1"",""code_blocks"":1,""decoder_config"":{""cn_schedule"":""flooding"",""cn_update"":""boxplus-phi"",""early_stop"":false,""hard_out"":true,""harq_mode"":false,""llr_max"":20.0,""num_iter"":20,""precision"":""single"",""prune_pcm"":true,""return_infobits"":true,""vn_update"":""sum""},""implementation"":{""bit_mapping"":""component_Gray_00_-3_01_-1_10_3_11_1_over_sqrt5;QPSK_0_plus1_1_minus1"",""cuda"":""12.8"",""decoder"":{""cn_schedule"":""flooding"",""cn_update"":""boxplus-phi"",""early_stop"":false,""hard_out"":true,""harq_mode"":false,""llr_max"":20.0,""num_iter"":20,""precision"":""single"",""prune_pcm"":true,""return_infobits"":true,""vn_update"":""sum""},""decoder_source_sha256"":""44d84b92b749e2970f94d92cd348a11648e2286b4d851faa0af8b21d08f0da23"",""encoder_source_sha256"":""34d8db6660b2e84708a8fb534f63c194f6f2b964e3693fcffc9dcaf21532ccfd"",""implementation"":""Sionna_5G_LDPC"",""power_protocol"":""fixed_constellation_average_Es2"",""precision"":""float32"",""rate_matching"":""Sionna RV0; filler removal, first2Z and tail puncturing; supported n only"",""scrambling"":""public_PCG64_SHA256_protocol_session_frame_group_counter_after_rate_matching_v1"",""torch"":""2.11.0+cu128"",""version"":""2.2.0""},""interleaver_sha256"":""892428b65bbe5a8e1b6cd794e6a96ac55e88f005b266b1230683308e315b6fb3"",""k"":376,""k_filler"":104,""k_ldpc"":480,""layout_id"":""c1f5454355c6b7fbd9676658ddd73bc6a906f51dfb3e2f59c047aa7685d7f4d6"",""modulation_padding_bits"":0,""mother_bits"":2496,""n"":860,""n_cb"":2400,""n_cb_comp"":2296,""power_protocol"":""fixed_constellation_average_Es2"",""puncturing_bits"":1532,""puncturing_first_2Z"":96,""puncturing_remaining"":1436,""repetition_bits"":0,""scrambling"":""public_PCG64_SHA256_protocol_session_frame_group_counter_after_rate_matching_v1"",""shortening_bits"":104,""z"":48}",[2048]
16QAM,2/3,16QAM:r2/3,c1e499f5fdc98c735ea92a909ea2fb9b0e6453bbb9b2dc78badec78061839bbb,3996,16,0,4012,4224,212,13056,6020,1505,0,0.6664451827242525,0.6637873754152824,"{""actual_effective_rate"":0.6664451827242525,""bg"":""bg1"",""bit_mapping"":""component_Gray_00_-3_01_-1_10_3_11_1_over_sqrt5;QPSK_0_plus1_1_minus1"",""code_blocks"":1,""decoder_config"":{""cn_schedule"":""flooding"",""cn_update"":""boxplus-phi"",""early_stop"":false,""hard_out"":true,""harq_mode"":false,""llr_max"":20.0,""num_iter"":20,""precision"":""single"",""prune_pcm"":true,""return_infobits"":true,""vn_update"":""sum""},""implementation"":{""bit_mapping"":""component_Gray_00_-3_01_-1_10_3_11_1_over_sqrt5;QPSK_0_plus1_1_minus1"",""cuda"":""12.8"",""decoder"":{""cn_schedule"":""flooding"",""cn_update"":""boxplus-phi"",""early_stop"":false,""hard_out"":true,""harq_mode"":false,""llr_max"":20.0,""num_iter"":20,""precision"":""single"",""prune_pcm"":true,""return_infobits"":true,""vn_update"":""sum""},""decoder_source_sha256"":""44d84b92b749e2970f94d92cd348a11648e2286b4d851faa0af8b21d08f0da23"",""encoder_source_sha256"":""34d8db6660b2e84708a8fb534f63c194f6f2b964e3693fcffc9dcaf21532ccfd"",""implementation"":""Sionna_5G_LDPC"",""power_protocol"":""fixed_constellation_average_Es2"",""precision"":""float32"",""rate_matching"":""Sionna RV0; filler removal, first2Z and tail puncturing; supported n only"",""scrambling"":""public_PCG64_SHA256_protocol_session_frame_group_counter_after_rate_matching_v1"",""torch"":""2.11.0+cu128"",""version"":""2.2.0""},""interleaver_sha256"":""3c1efa0f692446fe22cf9c8ce39aca724a8271f73baa8ad376488fa03f124857"",""k"":4012,""k_filler"":212,""k_ldpc"":4224,""layout_id"":""3a3d7ff60b77990790e3793d8baaf0385055e57d56c6ba17d993bd5f6980ba88"",""modulation_padding_bits"":0,""mother_bits"":13056,""n"":6020,""n_cb"":12672,""n_cb_comp"":12460,""power_protocol"":""fixed_constellation_average_Es2"",""puncturing_bits"":6824,""puncturing_first_2Z"":384,""puncturing_remaining"":6440,""repetition_bits"":0,""scrambling"":""public_PCG64_SHA256_protocol_session_frame_group_counter_after_rate_matching_v1"",""shortening_bits"":212,""z"":192}",[2048]
16QAM,5/6,16QAM:r5/6,c1e552ad0b8f17f1849bf1b55e1d90be02a86423966f1f3d4fa0e20a7f01b28b,2880,16,0,2896,3168,272,9792,3480,870,0,0.832183908045977,0.8275862068965517,"{""actual_effective_rate"":0.832183908045977,""bg"":""bg1"",""bit_mapping"":""component_Gray_00_-3_01_-1_10_3_11_1_over_sqrt5;QPSK_0_plus1_1_minus1"",""code_blocks"":1,""decoder_config"":{""cn_schedule"":""flooding"",""cn_update"":""boxplus-phi"",""early_stop"":false,""hard_out"":true,""harq_mode"":false,""llr_max"":20.0,""num_iter"":20,""precision"":""single"",""prune_pcm"":true,""return_infobits"":true,""vn_update"":""sum""},""implementation"":{""bit_mapping"":""component_Gray_00_-3_01_-1_10_3_11_1_over_sqrt5;QPSK_0_plus1_1_minus1"",""cuda"":""12.8"",""decoder"":{""cn_schedule"":""flooding"",""cn_update"":""boxplus-phi"",""early_stop"":false,""hard_out"":true,""harq_mode"":false,""llr_max"":20.0,""num_iter"":20,""precision"":""single"",""prune_pcm"":true,""return_infobits"":true,""vn_update"":""sum""},""decoder_source_sha256"":""44d84b92b749e2970f94d92cd348a11648e2286b4d851faa0af8b21d08f0da23"",""encoder_source_sha256"":""34d8db6660b2e84708a8fb534f63c194f6f2b964e3693fcffc9dcaf21532ccfd"",""implementation"":""Sionna_5G_LDPC"",""power_protocol"":""fixed_constellation_average_Es2"",""precision"":""float32"",""rate_matching"":""Sionna RV0; filler removal, first2Z and tail puncturing; supported n only"",""scrambling"":""public_PCG64_SHA256_protocol_session_frame_group_counter_after_rate_matching_v1"",""torch"":""2.11.0+cu128"",""version"":""2.2.0""},""interleaver_sha256"":""127dc8c9d1d0df863b7f7af316353d67a7ed31871380eaee4ad889fef2ebb681"",""k"":2896,""k_filler"":272,""k_ldpc"":3168,""layout_id"":""f3339e9d36cb41b103897855884fbbf0e75d65735658431ec694815a17eb76d1"",""modulation_padding_bits"":0,""mother_bits"":9792,""n"":3480,""n_cb"":9504,""n_cb_comp"":9232,""power_protocol"":""fixed_constellation_average_Es2"",""puncturing_bits"":6040,""puncturing_first_2Z"":288,""puncturing_remaining"":5752,""repetition_bits"":0,""scrambling"":""public_PCG64_SHA256_protocol_session_frame_group_counter_after_rate_matching_v1"",""shortening_bits"":272,""z"":144}",[2048]
QPSK,5/6,QPSK:r5/6,c1e67afc9ca4b4ab804da9fd8b959371519babed8965e94359ab2528b8b512d0,432,16,0,448,560,112,2912,1372,686,0,0.32653061224489793,0.31486880466472306,"{""actual_effective_rate"":0.32653061224489793,""bg"":""bg2"",""bit_mapping"":""component_Gray_00_-3_01_-1_10_3_11_1_over_sqrt5;QPSK_0_plus1_1_minus1"",""code_blocks"":1,""decoder_config"":{""cn_schedule"":""flooding"",""cn_update"":""boxplus-phi"",""early_stop"":false,""hard_out"":true,""harq_mode"":false,""llr_max"":20.0,""num_iter"":20,""precision"":""single"",""prune_pcm"":true,""return_infobits"":true,""vn_update"":""sum""},""implementation"":{""bit_mapping"":""component_Gray_00_-3_01_-1_10_3_11_1_over_sqrt5;QPSK_0_plus1_1_minus1"",""cuda"":""12.8"",""decoder"":{""cn_schedule"":""flooding"",""cn_update"":""boxplus-phi"",""early_stop"":false,""hard_out"":true,""harq_mode"":false,""llr_max"":20.0,""num_iter"":20,""precision"":""single"",""prune_pcm"":true,""return_infobits"":true,""vn_update"":""sum""},""decoder_source_sha256"":""44d84b92b749e2970f94d92cd348a11648e2286b4d851faa0af8b21d08f0da23"",""encoder_source_sha256"":""34d8db6660b2e84708a8fb534f63c194f6f2b964e3693fcffc9dcaf21532ccfd"",""implementation"":""Sionna_5G_LDPC"",""power_protocol"":""fixed_constellation_average_Es2"",""precision"":""float32"",""rate_matching"":""Sionna RV0; filler removal, first2Z and tail puncturing; supported n only"",""scrambling"":""public_PCG64_SHA256_protocol_session_frame_group_counter_after_rate_matching_v1"",""torch"":""2.11.0+cu128"",""version"":""2.2.0""},""interleaver_sha256"":""3faaa27bd6a1180177eaa024b1ec638d95cc6c46e8ff5daa34a88c7fd2217c6c"",""k"":448,""k_filler"":112,""k_ldpc"":560,""layout_id"":""60d65aa8fffd0eacf7a8b5ad0b8a6ef1b5092ed0d1a5f2e1277c4bd70084c0d4"",""modulation_padding_bits"":0,""mother_bits"":2912,""n"":1372,""n_cb"":2800,""n_cb_comp"":2688,""power_protocol"":""fixed_constellation_average_Es2"",""puncturing_bits"":1428,""puncturing_first_2Z"":112,""puncturing_remaining"":1316,""repetition_bits"":0,""scrambling"":""public_PCG64_SHA256_protocol_session_frame_group_counter_after_rate_matching_v1"",""shortening_bits"":112,""z"":56}",[2048]
16QAM,1/3,16QAM:r1/3,c1ec2fb95fa3f834ea7fd0cbaa0ba65bb9fa618a6513756c3f9a481942d20308,924,16,0,940,960,20,4992,3184,796,0,0.2952261306532663,0.29020100502512564,"{""actual_effective_rate"":0.2952261306532663,""bg"":""bg2"",""bit_mapping"":""component_Gray_00_-3_01_-1_10_3_11_1_over_sqrt5;QPSK_0_plus1_1_minus1"",""code_blocks"":1,""decoder_config"":{""cn_schedule"":""flooding"",""cn_update"":""boxplus-phi"",""early_stop"":false,""hard_out"":true,""harq_mode"":false,""llr_max"":20.0,""num_iter"":20,""precision"":""single"",""prune_pcm"":true,""return_infobits"":true,""vn_update"":""sum""},""implementation"":{""bit_mapping"":""component_Gray_00_-3_01_-1_10_3_11_1_over_sqrt5;QPSK_0_plus1_1_minus1"",""cuda"":""12.8"",""decoder"":{""cn_schedule"":""flooding"",""cn_update"":""boxplus-phi"",""early_stop"":false,""hard_out"":true,""harq_mode"":false,""llr_max"":20.0,""num_iter"":20,""precision"":""single"",""prune_pcm"":true,""return_infobits"":true,""vn_update"":""sum""},""decoder_source_sha256"":""44d84b92b749e2970f94d92cd348a11648e2286b4d851faa0af8b21d08f0da23"",""encoder_source_sha256"":""34d8db6660b2e84708a8fb534f63c194f6f2b964e3693fcffc9dcaf21532ccfd"",""implementation"":""Sionna_5G_LDPC"",""power_protocol"":""fixed_constellation_average_Es2"",""precision"":""float32"",""rate_matching"":""Sionna RV0; filler removal, first2Z and tail puncturing; supported n only"",""scrambling"":""public_PCG64_SHA256_protocol_session_frame_group_counter_after_rate_matching_v1"",""torch"":""2.11.0+cu128"",""version"":""2.2.0""},""interleaver_sha256"":""cc30743ca41829194160970e6f7fc601e4468368b01eaeebe30026b5784bd855"",""k"":940,""k_filler"":20,""k_ldpc"":960,""layout_id"":""4f64e6e51a3537d6cebe6d060c3612e607c97750445c994ec1bf95654ec91c0d"",""modulation_padding_bits"":0,""mother_bits"":4992,""n"":3184,""n_cb"":4800,""n_cb_comp"":4780,""power_protocol"":""fixed_constellation_average_Es2"",""puncturing_bits"":1788,""puncturing_first_2Z"":192,""puncturing_remaining"":1596,""repetition_bits"":0,""scrambling"":""public_PCG64_SHA256_protocol_session_frame_group_counter_after_rate_matching_v1"",""shortening_bits"":20,""z"":96}",[1024]
QPSK,2/3,QPSK:r2/3,c1f0ee12febbba591dddabfa477f857d422b51bcf9592a3e5ab6072415b74df8,1860,16,0,1876,1920,44,9984,3402,1701,0,0.551440329218107,0.54673721340388,"{""actual_effective_rate"":0.551440329218107,""bg"":""bg2"",""bit_mapping"":""component_Gray_00_-3_01_-1_10_3_11_1_over_sqrt5;QPSK_0_plus1_1_minus1"",""code_blocks"":1,""decoder_config"":{""cn_schedule"":""flooding"",""cn_update"":""boxplus-phi"",""early_stop"":false,""hard_out"":true,""harq_mode"":false,""llr_max"":20.0,""num_iter"":20,""precision"":""single"",""prune_pcm"":true,""return_infobits"":true,""vn_update"":""sum""},""implementation"":{""bit_mapping"":""component_Gray_00_-3_01_-1_10_3_11_1_over_sqrt5;QPSK_0_plus1_1_minus1"",""cuda"":""12.8"",""decoder"":{""cn_schedule"":""flooding"",""cn_update"":""boxplus-phi"",""early_stop"":false,""hard_out"":true,""harq_mode"":false,""llr_max"":20.0,""num_iter"":20,""precision"":""single"",""prune_pcm"":true,""return_infobits"":true,""vn_update"":""sum""},""decoder_source_sha256"":""44d84b92b749e2970f94d92cd348a11648e2286b4d851faa0af8b21d08f0da23"",""encoder_source_sha256"":""34d8db6660b2e84708a8fb534f63c194f6f2b964e3693fcffc9dcaf21532ccfd"",""implementation"":""Sionna_5G_LDPC"",""power_protocol"":""fixed_constellation_average_Es2"",""precision"":""float32"",""rate_matching"":""Sionna RV0; filler removal, first2Z and tail puncturing; supported n only"",""scrambling"":""public_PCG64_SHA256_protocol_session_frame_group_counter_after_rate_matching_v1"",""torch"":""2.11.0+cu128"",""version"":""2.2.0""},""interleaver_sha256"":""989d9b8f895916fb2ee0337c73829d03c532196625b84084776b94eb97ff93a8"",""k"":1876,""k_filler"":44,""k_ldpc"":1920,""layout_id"":""7110768511509f9721e25ad7b6aafd8448d20073c1b59f729e230af5c8639104"",""modulation_padding_bits"":0,""mother_bits"":9984,""n"":3402,""n_cb"":9600,""n_cb_comp"":9556,""power_protocol"":""fixed_constellation_average_Es2"",""puncturing_bits"":6538,""puncturing_first_2Z"":384,""puncturing_remaining"":6154,""repetition_bits"":0,""scrambling"":""public_PCG64_SHA256_protocol_session_frame_group_counter_after_rate_matching_v1"",""shortening_bits"":44,""z"":192}",[2048]
16QAM,5/6,16QAM:r5/6,c201bb5af3fe3a1987d4d87b7e4846a468e5bff1dee2cd64d9b07d621c6cda93,948,16,0,964,968,4,2992,1160,290,0,0.8310344827586207,0.8172413793103448,"{""actual_effective_rate"":0.8310344827586207,""bg"":""bg1"",""bit_mapping"":""component_Gray_00_-3_01_-1_10_3_11_1_over_sqrt5;QPSK_0_plus1_1_minus1"",""code_blocks"":1,""decoder_config"":{""cn_schedule"":""flooding"",""cn_update"":""boxplus-phi"",""early_stop"":false,""hard_out"":true,""harq_mode"":false,""llr_max"":20.0,""num_iter"":20,""precision"":""single"",""prune_pcm"":true,""return_infobits"":true,""vn_update"":""sum""},""implementation"":{""bit_mapping"":""component_Gray_00_-3_01_-1_10_3_11_1_over_sqrt5;QPSK_0_plus1_1_minus1"",""cuda"":""12.8"",""decoder"":{""cn_schedule"":""flooding"",""cn_update"":""boxplus-phi"",""early_stop"":false,""hard_out"":true,""harq_mode"":false,""llr_max"":20.0,""num_iter"":20,""precision"":""single"",""prune_pcm"":true,""return_infobits"":true,""vn_update"":""sum""},""decoder_source_sha256"":""44d84b92b749e2970f94d92cd348a11648e2286b4d851faa0af8b21d08f0da23"",""encoder_source_sha256"":""34d8db6660b2e84708a8fb534f63c194f6f2b964e3693fcffc9dcaf21532ccfd"",""implementation"":""Sionna_5G_LDPC"",""power_protocol"":""fixed_constellation_average_Es2"",""precision"":""float32"",""rate_matching"":""Sionna RV0; filler removal, first2Z and tail puncturing; supported n only"",""scrambling"":""public_PCG64_SHA256_protocol_session_frame_group_counter_after_rate_matching_v1"",""torch"":""2.11.0+cu128"",""version"":""2.2.0""},""interleaver_sha256"":""27e865d174fd072020037dd4c446175d9c46773c07b062645985de6fd09e33a8"",""k"":964,""k_filler"":4,""k_ldpc"":968,""layout_id"":""9c35040b26e82a049d86f52817fe4a49905067490e69b3f4f91a43759394eee3"",""modulation_padding_bits"":0,""mother_bits"":2992,""n"":1160,""n_cb"":2904,""n_cb_comp"":2900,""power_protocol"":""fixed_constellation_average_Es2"",""puncturing_bits"":1828,""puncturing_first_2Z"":88,""puncturing_remaining"":1740,""repetition_bits"":0,""scrambling"":""public_PCG64_SHA256_protocol_session_frame_group_counter_after_rate_matching_v1"",""shortening_bits"":4,""z"":44}",[1024]
QPSK,1/2,QPSK:r1/2,c211a9f69663776007059f47564c7330e9728e63e25e459882b707dc54b03597,660,16,0,676,720,44,3744,2382,1191,0,0.2837951301427372,0.2770780856423174,"{""actual_effective_rate"":0.2837951301427372,""bg"":""bg2"",""bit_mapping"":""component_Gray_00_-3_01_-1_10_3_11_1_over_sqrt5;QPSK_0_plus1_1_minus1"",""code_blocks"":1,""decoder_config"":{""cn_schedule"":""flooding"",""cn_update"":""boxplus-phi"",""early_stop"":false,""hard_out"":true,""harq_mode"":false,""llr_max"":20.0,""num_iter"":20,""precision"":""single"",""prune_pcm"":true,""return_infobits"":true,""vn_update"":""sum""},""implementation"":{""bit_mapping"":""component_Gray_00_-3_01_-1_10_3_11_1_over_sqrt5;QPSK_0_plus1_1_minus1"",""cuda"":""12.8"",""decoder"":{""cn_schedule"":""flooding"",""cn_update"":""boxplus-phi"",""early_stop"":false,""hard_out"":true,""harq_mode"":false,""llr_max"":20.0,""num_iter"":20,""precision"":""single"",""prune_pcm"":true,""return_infobits"":true,""vn_update"":""sum""},""decoder_source_sha256"":""44d84b92b749e2970f94d92cd348a11648e2286b4d851faa0af8b21d08f0da23"",""encoder_source_sha256"":""34d8db6660b2e84708a8fb534f63c194f6f2b964e3693fcffc9dcaf21532ccfd"",""implementation"":""Sionna_5G_LDPC"",""power_protocol"":""fixed_constellation_average_Es2"",""precision"":""float32"",""rate_matching"":""Sionna RV0; filler removal, first2Z and tail puncturing; supported n only"",""scrambling"":""public_PCG64_SHA256_protocol_session_frame_group_counter_after_rate_matching_v1"",""torch"":""2.11.0+cu128"",""version"":""2.2.0""},""interleaver_sha256"":""f6616c41e1c4e63e149fb185d4f53797bd6a2296a70ad2c6f7bd2d4230563f66"",""k"":676,""k_filler"":44,""k_ldpc"":720,""layout_id"":""1942b51b84960aa7d5d2862d0be6bc3998b819434b41f5c2de59c53d5d00da82"",""modulation_padding_bits"":0,""mother_bits"":3744,""n"":2382,""n_cb"":3600,""n_cb_comp"":3556,""power_protocol"":""fixed_constellation_average_Es2"",""puncturing_bits"":1318,""puncturing_first_2Z"":144,""puncturing_remaining"":1174,""repetition_bits"":0,""scrambling"":""public_PCG64_SHA256_protocol_session_frame_group_counter_after_rate_matching_v1"",""shortening_bits"":44,""z"":72}",[2048]
QPSK,5/6,QPSK:r5/6,c2150a84fc51946fcb875c099ce27e0569edb57bd9ae3023fde1450a9801ec46,2940,16,0,2956,3168,212,9792,3552,1776,0,0.8322072072072072,0.8277027027027027,"{""actual_effective_rate"":0.8322072072072072,""bg"":""bg1"",""bit_mapping"":""component_Gray_00_-3_01_-1_10_3_11_1_over_sqrt5;QPSK_0_plus1_1_minus1"",""code_blocks"":1,""decoder_config"":{""cn_schedule"":""flooding"",""cn_update"":""boxplus-phi"",""early_stop"":false,""hard_out"":true,""harq_mode"":false,""llr_max"":20.0,""num_iter"":20,""precision"":""single"",""prune_pcm"":true,""return_infobits"":true,""vn_update"":""sum""},""implementation"":{""bit_mapping"":""component_Gray_00_-3_01_-1_10_3_11_1_over_sqrt5;QPSK_0_plus1_1_minus1"",""cuda"":""12.8"",""decoder"":{""cn_schedule"":""flooding"",""cn_update"":""boxplus-phi"",""early_stop"":false,""hard_out"":true,""harq_mode"":false,""llr_max"":20.0,""num_iter"":20,""precision"":""single"",""prune_pcm"":true,""return_infobits"":true,""vn_update"":""sum""},""decoder_source_sha256"":""44d84b92b749e2970f94d92cd348a11648e2286b4d851faa0af8b21d08f0da23"",""encoder_source_sha256"":""34d8db6660b2e84708a8fb534f63c194f6f2b964e3693fcffc9dcaf21532ccfd"",""implementation"":""Sionna_5G_LDPC"",""power_protocol"":""fixed_constellation_average_Es2"",""precision"":""float32"",""rate_matching"":""Sionna RV0; filler removal, first2Z and tail puncturing; supported n only"",""scrambling"":""public_PCG64_SHA256_protocol_session_frame_group_counter_after_rate_matching_v1"",""torch"":""2.11.0+cu128"",""version"":""2.2.0""},""interleaver_sha256"":""7d1f41c77714d085d5bcac93e0784dd932baca1dd63ba8f081bb2772dd59a863"",""k"":2956,""k_filler"":212,""k_ldpc"":3168,""layout_id"":""d9a00c36ab4b701d9b139fe5bb62c9200de56570f668d6d07b0b29c63a8fe9d0"",""modulation_padding_bits"":0,""mother_bits"":9792,""n"":3552,""n_cb"":9504,""n_cb_comp"":9292,""power_protocol"":""fixed_constellation_average_Es2"",""puncturing_bits"":6028,""puncturing_first_2Z"":288,""puncturing_remaining"":5740,""repetition_bits"":0,""scrambling"":""public_PCG64_SHA256_protocol_session_frame_group_counter_after_rate_matching_v1"",""shortening_bits"":212,""z"":144}",[2048]
16QAM,5/6,16QAM:r5/6,c2200757f9e8c2e040f549b1276418cc91ae869bb2239be8a154230c7aee4169,324,16,0,340,440,100,2288,1324,331,0,0.256797583081571,0.24471299093655588,"{""actual_effective_rate"":0.256797583081571,""bg"":""bg2"",""bit_mapping"":""component_Gray_00_-3_01_-1_10_3_11_1_over_sqrt5;QPSK_0_plus1_1_minus1"",""code_blocks"":1,""decoder_config"":{""cn_schedule"":""flooding"",""cn_update"":""boxplus-phi"",""early_stop"":false,""hard_out"":true,""harq_mode"":false,""llr_max"":20.0,""num_iter"":20,""precision"":""single"",""prune_pcm"":true,""return_infobits"":true,""vn_update"":""sum""},""implementation"":{""bit_mapping"":""component_Gray_00_-3_01_-1_10_3_11_1_over_sqrt5;QPSK_0_plus1_1_minus1"",""cuda"":""12.8"",""decoder"":{""cn_schedule"":""flooding"",""cn_update"":""boxplus-phi"",""early_stop"":false,""hard_out"":true,""harq_mode"":false,""llr_max"":20.0,""num_iter"":20,""precision"":""single"",""prune_pcm"":true,""return_infobits"":true,""vn_update"":""sum""},""decoder_source_sha256"":""44d84b92b749e2970f94d92cd348a11648e2286b4d851faa0af8b21d08f0da23"",""encoder_source_sha256"":""34d8db6660b2e84708a8fb534f63c194f6f2b964e3693fcffc9dcaf21532ccfd"",""implementation"":""Sionna_5G_LDPC"",""power_protocol"":""fixed_constellation_average_Es2"",""precision"":""float32"",""rate_matching"":""Sionna RV0; filler removal, first2Z and tail puncturing; supported n only"",""scrambling"":""public_PCG64_SHA256_protocol_session_frame_group_counter_after_rate_matching_v1"",""torch"":""2.11.0+cu128"",""version"":""2.2.0""},""interleaver_sha256"":""4b3ebc70121749dd4d28d0305a2558a3d1e2b64d593c753aaa964f10169e6a00"",""k"":340,""k_filler"":100,""k_ldpc"":440,""layout_id"":""8a2eeaa92288a7e2b00b5359920128207c1ac7ba43120e01aaaeeab058a4b36d"",""modulation_padding_bits"":0,""mother_bits"":2288,""n"":1324,""n_cb"":2200,""n_cb_comp"":2100,""power_protocol"":""fixed_constellation_average_Es2"",""puncturing_bits"":864,""puncturing_first_2Z"":88,""puncturing_remaining"":776,""repetition_bits"":0,""scrambling"":""public_PCG64_SHA256_protocol_session_frame_group_counter_after_rate_matching_v1"",""shortening_bits"":100,""z"":44}",[2048]
QPSK,2/3,QPSK:r2/3,c228f05563bb215af06b51073097f00a24304e89a5ccf2346fdb19dc3fcfd98d,360,16,0,376,480,104,2496,732,366,0,0.5136612021857924,0.4918032786885246,"{""actual_effective_rate"":0.5136612021857924,""bg"":""bg2"",""bit_mapping"":""component_Gray_00_-3_01_-1_10_3_11_1_over_sqrt5;QPSK_0_plus1_1_minus1"",""code_blocks"":1,""decoder_config"":{""cn_schedule"":""flooding"",""cn_update"":""boxplus-phi"",""early_stop"":false,""hard_out"":true,""harq_mode"":false,""llr_max"":20.0,""num_iter"":20,""precision"":""single"",""prune_pcm"":true,""return_infobits"":true,""vn_update"":""sum""},""implementation"":{""bit_mapping"":""component_Gray_00_-3_01_-1_10_3_11_1_over_sqrt5;QPSK_0_plus1_1_minus1"",""cuda"":""12.8"",""decoder"":{""cn_schedule"":""flooding"",""cn_update"":""boxplus-phi"",""early_stop"":false,""hard_out"":true,""harq_mode"":false,""llr_max"":20.0,""num_iter"":20,""precision"":""single"",""prune_pcm"":true,""return_infobits"":true,""vn_update"":""sum""},""decoder_source_sha256"":""44d84b92b749e2970f94d92cd348a11648e2286b4d851faa0af8b21d08f0da23"",""encoder_source_sha256"":""34d8db6660b2e84708a8fb534f63c194f6f2b964e3693fcffc9dcaf21532ccfd"",""implementation"":""Sionna_5G_LDPC"",""power_protocol"":""fixed_constellation_average_Es2"",""precision"":""float32"",""rate_matching"":""Sionna RV0; filler removal, first2Z and tail puncturing; supported n only"",""scrambling"":""public_PCG64_SHA256_protocol_session_frame_group_counter_after_rate_matching_v1"",""torch"":""2.11.0+cu128"",""version"":""2.2.0""},""interleaver_sha256"":""c584771f7ed110a481ed2f3cd0e0f4e82175576da9fc19628f4836d92f560c7d"",""k"":376,""k_filler"":104,""k_ldpc"":480,""layout_id"":""8d939c25efef01173d6d8f2461d9c965261e55d60a5780fd20e36f3d1dc5ab08"",""modulation_padding_bits"":0,""mother_bits"":2496,""n"":732,""n_cb"":2400,""n_cb_comp"":2296,""power_protocol"":""fixed_constellation_average_Es2"",""puncturing_bits"":1660,""puncturing_first_2Z"":96,""puncturing_remaining"":1564,""repetition_bits"":0,""scrambling"":""public_PCG64_SHA256_protocol_session_frame_group_counter_after_rate_matching_v1"",""shortening_bits"":104,""z"":48}",[1024]
16QAM,3/4,16QAM:r3/4,c22f579186b75c1af3bc65f8f0653a24117de3965ed5f8a55fdca3ed8e0fb9e5,816,16,0,832,880,48,4576,1552,388,0,0.5360824742268041,0.5257731958762887,"{""actual_effective_rate"":0.5360824742268041,""bg"":""bg2"",""bit_mapping"":""component_Gray_00_-3_01_-1_10_3_11_1_over_sqrt5;QPSK_0_plus1_1_minus1"",""code_blocks"":1,""decoder_config"":{""cn_schedule"":""flooding"",""cn_update"":""boxplus-phi"",""early_stop"":false,""hard_out"":true,""harq_mode"":false,""llr_max"":20.0,""num_iter"":20,""precision"":""single"",""prune_pcm"":true,""return_infobits"":true,""vn_update"":""sum""},""implementation"":{""bit_mapping"":""component_Gray_00_-3_01_-1_10_3_11_1_over_sqrt5;QPSK_0_plus1_1_minus1"",""cuda"":""12.8"",""decoder"":{""cn_schedule"":""flooding"",""cn_update"":""boxplus-phi"",""early_stop"":false,""hard_out"":true,""harq_mode"":false,""llr_max"":20.0,""num_iter"":20,""precision"":""single"",""prune_pcm"":true,""return_infobits"":true,""vn_update"":""sum""},""decoder_source_sha256"":""44d84b92b749e2970f94d92cd348a11648e2286b4d851faa0af8b21d08f0da23"",""encoder_source_sha256"":""34d8db6660b2e84708a8fb534f63c194f6f2b964e3693fcffc9dcaf21532ccfd"",""implementation"":""Sionna_5G_LDPC"",""power_protocol"":""fixed_constellation_average_Es2"",""precision"":""float32"",""rate_matching"":""Sionna RV0; filler removal, first2Z and tail puncturing; supported n only"",""scrambling"":""public_PCG64_SHA256_protocol_session_frame_group_counter_after_rate_matching_v1"",""torch"":""2.11.0+cu128"",""version"":""2.2.0""},""interleaver_sha256"":""bd990b43c4daa92a8226af788368d59a55fc7725321569be15314c5c6850da3d"",""k"":832,""k_filler"":48,""k_ldpc"":880,""layout_id"":""2f2fd2810c793b7ffb4c9a37808e617c733a4a1dd1fce831a5985c986385585b"",""modulation_padding_bits"":0,""mother_bits"":4576,""n"":1552,""n_cb"":4400,""n_cb_comp"":4352,""power_protocol"":""fixed_constellation_average_Es2"",""puncturing_bits"":2976,""puncturing_first_2Z"":176,""puncturing_remaining"":2800,""repetition_bits"":0,""scrambling"":""public_PCG64_SHA256_protocol_session_frame_group_counter_after_rate_matching_v1"",""shortening_bits"":48,""z"":88}",[1024]
QPSK,5/6,QPSK:r5/6,c233e7acf71fa26f59b391a97dcaf7ad4101030de0c15953dcb69a32c733de3c,1860,16,0,1876,1920,44,9984,3034,1517,0,0.6183256427158866,0.6130520764667106,"{""actual_effective_rate"":0.6183256427158866,""bg"":""bg2"",""bit_mapping"":""component_Gray_00_-3_01_-1_10_3_11_1_over_sqrt5;QPSK_0_plus1_1_minus1"",""code_blocks"":1,""decoder_config"":{""cn_schedule"":""flooding"",""cn_update"":""boxplus-phi"",""early_stop"":false,""hard_out"":true,""harq_mode"":false,""llr_max"":20.0,""num_iter"":20,""precision"":""single"",""prune_pcm"":true,""return_infobits"":true,""vn_update"":""sum""},""implementation"":{""bit_mapping"":""component_Gray_00_-3_01_-1_10_3_11_1_over_sqrt5;QPSK_0_plus1_1_minus1"",""cuda"":""12.8"",""decoder"":{""cn_schedule"":""flooding"",""cn_update"":""boxplus-phi"",""early_stop"":false,""hard_out"":true,""harq_mode"":false,""llr_max"":20.0,""num_iter"":20,""precision"":""single"",""prune_pcm"":true,""return_infobits"":true,""vn_update"":""sum""},""decoder_source_sha256"":""44d84b92b749e2970f94d92cd348a11648e2286b4d851faa0af8b21d08f0da23"",""encoder_source_sha256"":""34d8db6660b2e84708a8fb534f63c194f6f2b964e3693fcffc9dcaf21532ccfd"",""implementation"":""Sionna_5G_LDPC"",""power_protocol"":""fixed_constellation_average_Es2"",""precision"":""float32"",""rate_matching"":""Sionna RV0; filler removal, first2Z and tail puncturing; supported n only"",""scrambling"":""public_PCG64_SHA256_protocol_session_frame_group_counter_after_rate_matching_v1"",""torch"":""2.11.0+cu128"",""version"":""2.2.0""},""interleaver_sha256"":""13892fcb5703cf9bf0019452f6109363275e0be0b7ef1bc5f591142790e8eac2"",""k"":1876,""k_filler"":44,""k_ldpc"":1920,""layout_id"":""1329aa8fc290614c579e0362599e3c181cee407b2527a4388d03c96fa7866519"",""modulation_padding_bits"":0,""mother_bits"":9984,""n"":3034,""n_cb"":9600,""n_cb_comp"":9556,""power_protocol"":""fixed_constellation_average_Es2"",""puncturing_bits"":6906,""puncturing_first_2Z"":384,""puncturing_remaining"":6522,""repetition_bits"":0,""scrambling"":""public_PCG64_SHA256_protocol_session_frame_group_counter_after_rate_matching_v1"",""shortening_bits"":44,""z"":192}",[2048]
QPSK,1/2,QPSK:r1/2,c23cd0c16cae0698e3ecc7f16ab9d841e5b5873b44b3553e9eaee6420c6f78a9,1500,16,0,1516,1600,84,8320,3238,1619,0,0.46819024088943795,0.46324891908585547,"{""actual_effective_rate"":0.46819024088943795,""bg"":""bg2"",""bit_mapping"":""component_Gray_00_-3_01_-1_10_3_11_1_over_sqrt5;QPSK_0_plus1_1_minus1"",""code_blocks"":1,""decoder_config"":{""cn_schedule"":""flooding"",""cn_update"":""boxplus-phi"",""early_stop"":false,""hard_out"":true,""harq_mode"":false,""llr_max"":20.0,""num_iter"":20,""precision"":""single"",""prune_pcm"":true,""return_infobits"":true,""vn_update"":""sum""},""implementation"":{""bit_mapping"":""component_Gray_00_-3_01_-1_10_3_11_1_over_sqrt5;QPSK_0_plus1_1_minus1"",""cuda"":""12.8"",""decoder"":{""cn_schedule"":""flooding"",""cn_update"":""boxplus-phi"",""early_stop"":false,""hard_out"":true,""harq_mode"":false,""llr_max"":20.0,""num_iter"":20,""precision"":""single"",""prune_pcm"":true,""return_infobits"":true,""vn_update"":""sum""},""decoder_source_sha256"":""44d84b92b749e2970f94d92cd348a11648e2286b4d851faa0af8b21d08f0da23"",""encoder_source_sha256"":""34d8db6660b2e84708a8fb534f63c194f6f2b964e3693fcffc9dcaf21532ccfd"",""implementation"":""Sionna_5G_LDPC"",""power_protocol"":""fixed_constellation_average_Es2"",""precision"":""float32"",""rate_matching"":""Sionna RV0; filler removal, first2Z and tail puncturing; supported n only"",""scrambling"":""public_PCG64_SHA256_protocol_session_frame_group_counter_after_rate_matching_v1"",""torch"":""2.11.0+cu128"",""version"":""2.2.0""},""interleaver_sha256"":""9d6812ebb3cc4708d5a57cefdb345a4ae981ac832c65b5cc51a0f15c1c3f55e5"",""k"":1516,""k_filler"":84,""k_ldpc"":1600,""layout_id"":""02603024eae172c1288e7cc23633205c3137a6cb827d5b3cf5d243fbf6378da0"",""modulation_padding_bits"":0,""mother_bits"":8320,""n"":3238,""n_cb"":8000,""n_cb_comp"":7916,""power_protocol"":""fixed_constellation_average_Es2"",""puncturing_bits"":4998,""puncturing_first_2Z"":320,""puncturing_remaining"":4678,""repetition_bits"":0,""scrambling"":""public_PCG64_SHA256_protocol_session_frame_group_counter_after_rate_matching_v1"",""shortening_bits"":84,""z"":160}",[2048]
16QAM,2/3,16QAM:r2/3,c24239555dfa4145de46513850d787a9d18a84a11984930d9a051fed7308ad89,660,16,0,676,720,44,3744,1032,258,0,0.6550387596899225,0.6395348837209303,"{""actual_effective_rate"":0.6550387596899225,""bg"":""bg2"",""bit_mapping"":""component_Gray_00_-3_01_-1_10_3_11_1_over_sqrt5;QPSK_0_plus1_1_minus1"",""code_blocks"":1,""decoder_config"":{""cn_schedule"":""flooding"",""cn_update"":""boxplus-phi"",""early_stop"":false,""hard_out"":true,""harq_mode"":false,""llr_max"":20.0,""num_iter"":20,""precision"":""single"",""prune_pcm"":true,""return_infobits"":true,""vn_update"":""sum""},""implementation"":{""bit_mapping"":""component_Gray_00_-3_01_-1_10_3_11_1_over_sqrt5;QPSK_0_plus1_1_minus1"",""cuda"":""12.8"",""decoder"":{""cn_schedule"":""flooding"",""cn_update"":""boxplus-phi"",""early_stop"":false,""hard_out"":true,""harq_mode"":false,""llr_max"":20.0,""num_iter"":20,""precision"":""single"",""prune_pcm"":true,""return_infobits"":true,""vn_update"":""sum""},""decoder_source_sha256"":""44d84b92b749e2970f94d92cd348a11648e2286b4d851faa0af8b21d08f0da23"",""encoder_source_sha256"":""34d8db6660b2e84708a8fb534f63c194f6f2b964e3693fcffc9dcaf21532ccfd"",""implementation"":""Sionna_5G_LDPC"",""power_protocol"":""fixed_constellation_average_Es2"",""precision"":""float32"",""rate_matching"":""Sionna RV0; filler removal, first2Z and tail puncturing; supported n only"",""scrambling"":""public_PCG64_SHA256_protocol_session_frame_group_counter_after_rate_matching_v1"",""torch"":""2.11.0+cu128"",""version"":""2.2.0""},""interleaver_sha256"":""c46b3285916079515368b0fdac95c8c4d346074a73cb7499636c9d756f011443"",""k"":676,""k_filler"":44,""k_ldpc"":720,""layout_id"":""5504fd0b8850b4e2912f0abae8a9608ac98ea83a6737ad39ce94ca21856d7286"",""modulation_padding_bits"":0,""mother_bits"":3744,""n"":1032,""n_cb"":3600,""n_cb_comp"":3556,""power_protocol"":""fixed_constellation_average_Es2"",""puncturing_bits"":2668,""puncturing_first_2Z"":144,""puncturing_remaining"":2524,""repetition_bits"":0,""scrambling"":""public_PCG64_SHA256_protocol_session_frame_group_counter_after_rate_matching_v1"",""shortening_bits"":44,""z"":72}",[1024]
QPSK,1/2,QPSK:r1/2,c2447b950ad7cdaff9be3fd68fc08c7b4daa6cdef1e0ddff43eb11ebf73ab00b,660,16,0,676,720,44,3744,2876,1438,0,0.23504867872044508,0.22948539638386647,"{""actual_effective_rate"":0.23504867872044508,""bg"":""bg2"",""bit_mapping"":""component_Gray_00_-3_01_-1_10_3_11_1_over_sqrt5;QPSK_0_plus1_1_minus1"",""code_blocks"":1,""decoder_config"":{""cn_schedule"":""flooding"",""cn_update"":""boxplus-phi"",""early_stop"":false,""hard_out"":true,""harq_mode"":false,""llr_max"":20.0,""num_iter"":20,""precision"":""single"",""prune_pcm"":true,""return_infobits"":true,""vn_update"":""sum""},""implementation"":{""bit_mapping"":""component_Gray_00_-3_01_-1_10_3_11_1_over_sqrt5;QPSK_0_plus1_1_minus1"",""cuda"":""12.8"",""decoder"":{""cn_schedule"":""flooding"",""cn_update"":""boxplus-phi"",""early_stop"":false,""hard_out"":true,""harq_mode"":false,""llr_max"":20.0,""num_iter"":20,""precision"":""single"",""prune_pcm"":true,""return_infobits"":true,""vn_update"":""sum""},""decoder_source_sha256"":""44d84b92b749e2970f94d92cd348a11648e2286b4d851faa0af8b21d08f0da23"",""encoder_source_sha256"":""34d8db6660b2e84708a8fb534f63c194f6f2b964e3693fcffc9dcaf21532ccfd"",""implementation"":""Sionna_5G_LDPC"",""power_protocol"":""fixed_constellation_average_Es2"",""precision"":""float32"",""rate_matching"":""Sionna RV0; filler removal, first2Z and tail puncturing; supported n only"",""scrambling"":""public_PCG64_SHA256_protocol_session_frame_group_counter_after_rate_matching_v1"",""torch"":""2.11.0+cu128"",""version"":""2.2.0""},""interleaver_sha256"":""0682d53edd71bcfbd5daba573a14e22866a220a37b480dfa482439efab74a7ae"",""k"":676,""k_filler"":44,""k_ldpc"":720,""layout_id"":""e8f8446c49303038eb72e01ef654e5837d169c23026113cc3c352254b0049989"",""modulation_padding_bits"":0,""mother_bits"":3744,""n"":2876,""n_cb"":3600,""n_cb_comp"":3556,""power_protocol"":""fixed_constellation_average_Es2"",""puncturing_bits"":824,""puncturing_first_2Z"":144,""puncturing_remaining"":680,""repetition_bits"":0,""scrambling"":""public_PCG64_SHA256_protocol_session_frame_group_counter_after_rate_matching_v1"",""shortening_bits"":44,""z"":72}",[2048]
QPSK,5/6,QPSK:r5/6,c248746b6bd1d0daff2d5691cde802206a7f0880b0ec08e50810d50269246f8e,2400,16,0,2416,2464,48,7616,2900,1450,0,0.833103448275862,0.8275862068965517,"{""actual_effective_rate"":0.833103448275862,""bg"":""bg1"",""bit_mapping"":""component_Gray_00_-3_01_-1_10_3_11_1_over_sqrt5;QPSK_0_plus1_1_minus1"",""code_blocks"":1,""decoder_config"":{""cn_schedule"":""flooding"",""cn_update"":""boxplus-phi"",""early_stop"":false,""hard_out"":true,""harq_mode"":false,""llr_max"":20.0,""num_iter"":20,""precision"":""single"",""prune_pcm"":true,""return_infobits"":true,""vn_update"":""sum""},""implementation"":{""bit_mapping"":""component_Gray_00_-3_01_-1_10_3_11_1_over_sqrt5;QPSK_0_plus1_1_minus1"",""cuda"":""12.8"",""decoder"":{""cn_schedule"":""flooding"",""cn_update"":""boxplus-phi"",""early_stop"":false,""hard_out"":true,""harq_mode"":false,""llr_max"":20.0,""num_iter"":20,""precision"":""single"",""prune_pcm"":true,""return_infobits"":true,""vn_update"":""sum""},""decoder_source_sha256"":""44d84b92b749e2970f94d92cd348a11648e2286b4d851faa0af8b21d08f0da23"",""encoder_source_sha256"":""34d8db6660b2e84708a8fb534f63c194f6f2b964e3693fcffc9dcaf21532ccfd"",""implementation"":""Sionna_5G_LDPC"",""power_protocol"":""fixed_constellation_average_Es2"",""precision"":""float32"",""rate_matching"":""Sionna RV0; filler removal, first2Z and tail puncturing; supported n only"",""scrambling"":""public_PCG64_SHA256_protocol_session_frame_group_counter_after_rate_matching_v1"",""torch"":""2.11.0+cu128"",""version"":""2.2.0""},""interleaver_sha256"":""cc1a2a899e39f58c630bac9d85a6a59399bdd4833c4754ff631490f9858ea25a"",""k"":2416,""k_filler"":48,""k_ldpc"":2464,""layout_id"":""bbe464df39d875c557605cfe029b70fd5a3125676eedb8480a9f0e73ce0c4efe"",""modulation_padding_bits"":0,""mother_bits"":7616,""n"":2900,""n_cb"":7392,""n_cb_comp"":7344,""power_protocol"":""fixed_constellation_average_Es2"",""puncturing_bits"":4668,""puncturing_first_2Z"":224,""puncturing_remaining"":4444,""repetition_bits"":0,""scrambling"":""public_PCG64_SHA256_protocol_session_frame_group_counter_after_rate_matching_v1"",""shortening_bits"":48,""z"":112}",[2048]
QPSK,1/3,QPSK:r1/3,c24d307fec7ee0e0a362b61754d21de1a736cc3af3fb07ea3233288e9d26d569,1116,16,0,1132,1200,68,6240,3450,1725,0,0.32811594202898553,0.3234782608695652,"{""actual_effective_rate"":0.32811594202898553,""bg"":""bg2"",""bit_mapping"":""component_Gray_00_-3_01_-1_10_3_11_1_over_sqrt5;QPSK_0_plus1_1_minus1"",""code_blocks"":1,""decoder_config"":{""cn_schedule"":""flooding"",""cn_update"":""boxplus-phi"",""early_stop"":false,""hard_out"":true,""harq_mode"":false,""llr_max"":20.0,""num_iter"":20,""precision"":""single"",""prune_pcm"":true,""return_infobits"":true,""vn_update"":""sum""},""implementation"":{""bit_mapping"":""component_Gray_00_-3_01_-1_10_3_11_1_over_sqrt5;QPSK_0_plus1_1_minus1"",""cuda"":""12.8"",""decoder"":{""cn_schedule"":""flooding"",""cn_update"":""boxplus-phi"",""early_stop"":false,""hard_out"":true,""harq_mode"":false,""llr_max"":20.0,""num_iter"":20,""precision"":""single"",""prune_pcm"":true,""return_infobits"":true,""vn_update"":""sum""},""decoder_source_sha256"":""44d84b92b749e2970f94d92cd348a11648e2286b4d851faa0af8b21d08f0da23"",""encoder_source_sha256"":""34d8db6660b2e84708a8fb534f63c194f6f2b964e3693fcffc9dcaf21532ccfd"",""implementation"":""Sionna_5G_LDPC"",""power_protocol"":""fixed_constellation_average_Es2"",""precision"":""float32"",""rate_matching"":""Sionna RV0; filler removal, first2Z and tail puncturing; supported n only"",""scrambling"":""public_PCG64_SHA256_protocol_session_frame_group_counter_after_rate_matching_v1"",""torch"":""2.11.0+cu128"",""version"":""2.2.0""},""interleaver_sha256"":""60a4c437224bf8aeb8c71902eaaf518b5dc1edffbb435c5b697cb40f84d8cb51"",""k"":1132,""k_filler"":68,""k_ldpc"":1200,""layout_id"":""ab2e02e090e0e2283ea14a7f277107d02c7abc5886c049d42d033fa44589f1ed"",""modulation_padding_bits"":0,""mother_bits"":6240,""n"":3450,""n_cb"":6000,""n_cb_comp"":5932,""power_protocol"":""fixed_constellation_average_Es2"",""puncturing_bits"":2722,""puncturing_first_2Z"":240,""puncturing_remaining"":2482,""repetition_bits"":0,""scrambling"":""public_PCG64_SHA256_protocol_session_frame_group_counter_after_rate_matching_v1"",""shortening_bits"":68,""z"":120}",[2048]
16QAM,3/4,16QAM:r3/4,c256fb21c82da7fad377f44fc31eac832a72729036e1398222bb5db9c85d09f7,1008,16,0,1024,1040,16,5408,1920,480,0,0.5333333333333333,0.525,"{""actual_effective_rate"":0.5333333333333333,""bg"":""bg2"",""bit_mapping"":""component_Gray_00_-3_01_-1_10_3_11_1_over_sqrt5;QPSK_0_plus1_1_minus1"",""code_blocks"":1,""decoder_config"":{""cn_schedule"":""flooding"",""cn_update"":""boxplus-phi"",""early_stop"":false,""hard_out"":true,""harq_mode"":false,""llr_max"":20.0,""num_iter"":20,""precision"":""single"",""prune_pcm"":true,""return_infobits"":true,""vn_update"":""sum""},""implementation"":{""bit_mapping"":""component_Gray_00_-3_01_-1_10_3_11_1_over_sqrt5;QPSK_0_plus1_1_minus1"",""cuda"":""12.8"",""decoder"":{""cn_schedule"":""flooding"",""cn_update"":""boxplus-phi"",""early_stop"":false,""hard_out"":true,""harq_mode"":false,""llr_max"":20.0,""num_iter"":20,""precision"":""single"",""prune_pcm"":true,""return_infobits"":true,""vn_update"":""sum""},""decoder_source_sha256"":""44d84b92b749e2970f94d92cd348a11648e2286b4d851faa0af8b21d08f0da23"",""encoder_source_sha256"":""34d8db6660b2e84708a8fb534f63c194f6f2b964e3693fcffc9dcaf21532ccfd"",""implementation"":""Sionna_5G_LDPC"",""power_protocol"":""fixed_constellation_average_Es2"",""precision"":""float32"",""rate_matching"":""Sionna RV0; filler removal, first2Z and tail puncturing; supported n only"",""scrambling"":""public_PCG64_SHA256_protocol_session_frame_group_counter_after_rate_matching_v1"",""torch"":""2.11.0+cu128"",""version"":""2.2.0""},""interleaver_sha256"":""85cd3d4fe67d3003d311a4853c9ba2df859cfcafc9ed2eefaac2ef020f41f57e"",""k"":1024,""k_filler"":16,""k_ldpc"":1040,""layout_id"":""fd3b367613fc096c07fac3369165ef51517905c4d105d18859679db55331ee91"",""modulation_padding_bits"":0,""mother_bits"":5408,""n"":1920,""n_cb"":5200,""n_cb_comp"":5184,""power_protocol"":""fixed_constellation_average_Es2"",""puncturing_bits"":3472,""puncturing_first_2Z"":208,""puncturing_remaining"":3264,""repetition_bits"":0,""scrambling"":""public_PCG64_SHA256_protocol_session_frame_group_counter_after_rate_matching_v1"",""shortening_bits"":16,""z"":104}",[1024]
QPSK,1/2,QPSK:r1/2,c2581c103e745f2773560f4ea6bddea0843eb854ed99e6bb2170de7cb5f27d15,660,16,0,676,720,44,3744,3302,1651,0,0.2047244094488189,0.19987886129618412,"{""actual_effective_rate"":0.2047244094488189,""bg"":""bg2"",""bit_mapping"":""component_Gray_00_-3_01_-1_10_3_11_1_over_sqrt5;QPSK_0_plus1_1_minus1"",""code_blocks"":1,""decoder_config"":{""cn_schedule"":""flooding"",""cn_update"":""boxplus-phi"",""early_stop"":false,""hard_out"":true,""harq_mode"":false,""llr_max"":20.0,""num_iter"":20,""precision"":""single"",""prune_pcm"":true,""return_infobits"":true,""vn_update"":""sum""},""implementation"":{""bit_mapping"":""component_Gray_00_-3_01_-1_10_3_11_1_over_sqrt5;QPSK_0_plus1_1_minus1"",""cuda"":""12.8"",""decoder"":{""cn_schedule"":""flooding"",""cn_update"":""boxplus-phi"",""early_stop"":false,""hard_out"":true,""harq_mode"":false,""llr_max"":20.0,""num_iter"":20,""precision"":""single"",""prune_pcm"":true,""return_infobits"":true,""vn_update"":""sum""},""decoder_source_sha256"":""44d84b92b749e2970f94d92cd348a11648e2286b4d851faa0af8b21d08f0da23"",""encoder_source_sha256"":""34d8db6660b2e84708a8fb534f63c194f6f2b964e3693fcffc9dcaf21532ccfd"",""implementation"":""Sionna_5G_LDPC"",""power_protocol"":""fixed_constellation_average_Es2"",""precision"":""float32"",""rate_matching"":""Sionna RV0; filler removal, first2Z and tail puncturing; supported n only"",""scrambling"":""public_PCG64_SHA256_protocol_session_frame_group_counter_after_rate_matching_v1"",""torch"":""2.11.0+cu128"",""version"":""2.2.0""},""interleaver_sha256"":""033cd0fd3fb891cf523f72b4d2c591096b162c889c38594f3c1f6c20ba5b8930"",""k"":676,""k_filler"":44,""k_ldpc"":720,""layout_id"":""0951e43db75196cfa7cfef5c11a7c52dd443073846849f41c12c27c8af040003"",""modulation_padding_bits"":0,""mother_bits"":3744,""n"":3302,""n_cb"":3600,""n_cb_comp"":3556,""power_protocol"":""fixed_constellation_average_Es2"",""puncturing_bits"":398,""puncturing_first_2Z"":144,""puncturing_remaining"":254,""repetition_bits"":0,""scrambling"":""public_PCG64_SHA256_protocol_session_frame_group_counter_after_rate_matching_v1"",""shortening_bits"":44,""z"":72}",[2048]
16QAM,2/3,16QAM:r2/3,c2679b10587367c33fd2a7ca463240e72c838e3aa1d141fbb6061d00cb67d033,108,16,0,124,220,96,1144,596,149,0,0.2080536912751678,0.18120805369127516,"{""actual_effective_rate"":0.2080536912751678,""bg"":""bg2"",""bit_mapping"":""component_Gray_00_-3_01_-1_10_3_11_1_over_sqrt5;QPSK_0_plus1_1_minus1"",""code_blocks"":1,""decoder_config"":{""cn_schedule"":""flooding"",""cn_update"":""boxplus-phi"",""early_stop"":false,""hard_out"":true,""harq_mode"":false,""llr_max"":20.0,""num_iter"":20,""precision"":""single"",""prune_pcm"":true,""return_infobits"":true,""vn_update"":""sum""},""implementation"":{""bit_mapping"":""component_Gray_00_-3_01_-1_10_3_11_1_over_sqrt5;QPSK_0_plus1_1_minus1"",""cuda"":""12.8"",""decoder"":{""cn_schedule"":""flooding"",""cn_update"":""boxplus-phi"",""early_stop"":false,""hard_out"":true,""harq_mode"":false,""llr_max"":20.0,""num_iter"":20,""precision"":""single"",""prune_pcm"":true,""return_infobits"":true,""vn_update"":""sum""},""decoder_source_sha256"":""44d84b92b749e2970f94d92cd348a11648e2286b4d851faa0af8b21d08f0da23"",""encoder_source_sha256"":""34d8db6660b2e84708a8fb534f63c194f6f2b964e3693fcffc9dcaf21532ccfd"",""implementation"":""Sionna_5G_LDPC"",""power_protocol"":""fixed_constellation_average_Es2"",""precision"":""float32"",""rate_matching"":""Sionna RV0; filler removal, first2Z and tail puncturing; supported n only"",""scrambling"":""public_PCG64_SHA256_protocol_session_frame_group_counter_after_rate_matching_v1"",""torch"":""2.11.0+cu128"",""version"":""2.2.0""},""interleaver_sha256"":""1a61df686df8e8b23515f2561570b3f3e1ccc7c6e92479c8c1fe65f54b54b24d"",""k"":124,""k_filler"":96,""k_ldpc"":220,""layout_id"":""92ff2505c8e7d8db538de5d10988523c4eeb0b209901809709cf1f93dfdcbddb"",""modulation_padding_bits"":0,""mother_bits"":1144,""n"":596,""n_cb"":1100,""n_cb_comp"":1004,""power_protocol"":""fixed_constellation_average_Es2"",""puncturing_bits"":452,""puncturing_first_2Z"":44,""puncturing_remaining"":408,""repetition_bits"":0,""scrambling"":""public_PCG64_SHA256_protocol_session_frame_group_counter_after_rate_matching_v1"",""shortening_bits"":96,""z"":22}",[1024]
16QAM,1/3,16QAM:r1/3,c26cf41e7d491888668c50194ebd0e0d6db5ba42fdf3bb39391deea6a3ac43c6,660,16,0,676,720,44,3744,2644,661,0,0.2556732223903177,0.24962178517397882,"{""actual_effective_rate"":0.2556732223903177,""bg"":""bg2"",""bit_mapping"":""component_Gray_00_-3_01_-1_10_3_11_1_over_sqrt5;QPSK_0_plus1_1_minus1"",""code_blocks"":1,""decoder_config"":{""cn_schedule"":""flooding"",""cn_update"":""boxplus-phi"",""early_stop"":false,""hard_out"":true,""harq_mode"":false,""llr_max"":20.0,""num_iter"":20,""precision"":""single"",""prune_pcm"":true,""return_infobits"":true,""vn_update"":""sum""},""implementation"":{""bit_mapping"":""component_Gray_00_-3_01_-1_10_3_11_1_over_sqrt5;QPSK_0_plus1_1_minus1"",""cuda"":""12.8"",""decoder"":{""cn_schedule"":""flooding"",""cn_update"":""boxplus-phi"",""early_stop"":false,""hard_out"":true,""harq_mode"":false,""llr_max"":20.0,""num_iter"":20,""precision"":""single"",""prune_pcm"":true,""return_infobits"":true,""vn_update"":""sum""},""decoder_source_sha256"":""44d84b92b749e2970f94d92cd348a11648e2286b4d851faa0af8b21d08f0da23"",""encoder_source_sha256"":""34d8db6660b2e84708a8fb534f63c194f6f2b964e3693fcffc9dcaf21532ccfd"",""implementation"":""Sionna_5G_LDPC"",""power_protocol"":""fixed_constellation_average_Es2"",""precision"":""float32"",""rate_matching"":""Sionna RV0; filler removal, first2Z and tail puncturing; supported n only"",""scrambling"":""public_PCG64_SHA256_protocol_session_frame_group_counter_after_rate_matching_v1"",""torch"":""2.11.0+cu128"",""version"":""2.2.0""},""interleaver_sha256"":""2eb57525fb32a8f7183b27b5a21cdfa064d4fd5603d3ca78c4eeb8c8f9a2b204"",""k"":676,""k_filler"":44,""k_ldpc"":720,""layout_id"":""7aba8b434fcf4ba5d87a24f3155776fa1a6b1ff00b74689f772d2844594fd9aa"",""modulation_padding_bits"":0,""mother_bits"":3744,""n"":2644,""n_cb"":3600,""n_cb_comp"":3556,""power_protocol"":""fixed_constellation_average_Es2"",""puncturing_bits"":1056,""puncturing_first_2Z"":144,""puncturing_remaining"":912,""repetition_bits"":0,""scrambling"":""public_PCG64_SHA256_protocol_session_frame_group_counter_after_rate_matching_v1"",""shortening_bits"":44,""z"":72}",[1024]
QPSK,1/2,QPSK:r1/2,c26f6e40cb60af7027847d78ec4c64b139a0ce0780b56f18f44d157f5bb262f9,192,16,0,208,260,52,1352,416,208,0,0.5,0.46153846153846156,"{""actual_effective_rate"":0.5,""bg"":""bg2"",""bit_mapping"":""component_Gray_00_-3_01_-1_10_3_11_1_over_sqrt5;QPSK_0_plus1_1_minus1"",""code_blocks"":1,""decoder_config"":{""cn_schedule"":""flooding"",""cn_update"":""boxplus-phi"",""early_stop"":false,""hard_out"":true,""harq_mode"":false,""llr_max"":20.0,""num_iter"":20,""precision"":""single"",""prune_pcm"":true,""return_infobits"":true,""vn_update"":""sum""},""implementation"":{""bit_mapping"":""component_Gray_00_-3_01_-1_10_3_11_1_over_sqrt5;QPSK_0_plus1_1_minus1"",""cuda"":""12.8"",""decoder"":{""cn_schedule"":""flooding"",""cn_update"":""boxplus-phi"",""early_stop"":false,""hard_out"":true,""harq_mode"":false,""llr_max"":20.0,""num_iter"":20,""precision"":""single"",""prune_pcm"":true,""return_infobits"":true,""vn_update"":""sum""},""decoder_source_sha256"":""44d84b92b749e2970f94d92cd348a11648e2286b4d851faa0af8b21d08f0da23"",""encoder_source_sha256"":""34d8db6660b2e84708a8fb534f63c194f6f2b964e3693fcffc9dcaf21532ccfd"",""implementation"":""Sionna_5G_LDPC"",""power_protocol"":""fixed_constellation_average_Es2"",""precision"":""float32"",""rate_matching"":""Sionna RV0; filler removal, first2Z and tail puncturing; supported n only"",""scrambling"":""public_PCG64_SHA256_protocol_session_frame_group_counter_after_rate_matching_v1"",""torch"":""2.11.0+cu128"",""version"":""2.2.0""},""interleaver_sha256"":""12438e437f64fa0264147f58b9dee8b221c3a4fffbe14b61307cdc49f06b9a57"",""k"":208,""k_filler"":52,""k_ldpc"":260,""layout_id"":""ac98b964ce721efee0f8ba29f34fdba1cd4c487d0bc64b765a90dbbe1336f0ef"",""modulation_padding_bits"":0,""mother_bits"":1352,""n"":416,""n_cb"":1300,""n_cb_comp"":1248,""power_protocol"":""fixed_constellation_average_Es2"",""puncturing_bits"":884,""puncturing_first_2Z"":52,""puncturing_remaining"":832,""repetition_bits"":0,""scrambling"":""public_PCG64_SHA256_protocol_session_frame_group_counter_after_rate_matching_v1"",""shortening_bits"":52,""z"":26}","[1024,2048]"
16QAM,5/6,16QAM:r5/6,c27499a3abca85f3b9d939b821f7b22d8656cf92471c4b89d2329597c6953989,360,16,0,376,396,20,1224,528,132,0,0.7121212121212122,0.6818181818181818,"{""actual_effective_rate"":0.7121212121212122,""bg"":""bg1"",""bit_mapping"":""component_Gray_00_-3_01_-1_10_3_11_1_over_sqrt5;QPSK_0_plus1_1_minus1"",""code_blocks"":1,""decoder_config"":{""cn_schedule"":""flooding"",""cn_update"":""boxplus-phi"",""early_stop"":false,""hard_out"":true,""harq_mode"":false,""llr_max"":20.0,""num_iter"":20,""precision"":""single"",""prune_pcm"":true,""return_infobits"":true,""vn_update"":""sum""},""implementation"":{""bit_mapping"":""component_Gray_00_-3_01_-1_10_3_11_1_over_sqrt5;QPSK_0_plus1_1_minus1"",""cuda"":""12.8"",""decoder"":{""cn_schedule"":""flooding"",""cn_update"":""boxplus-phi"",""early_stop"":false,""hard_out"":true,""harq_mode"":false,""llr_max"":20.0,""num_iter"":20,""precision"":""single"",""prune_pcm"":true,""return_infobits"":true,""vn_update"":""sum""},""decoder_source_sha256"":""44d84b92b749e2970f94d92cd348a11648e2286b4d851faa0af8b21d08f0da23"",""encoder_source_sha256"":""34d8db6660b2e84708a8fb534f63c194f6f2b964e3693fcffc9dcaf21532ccfd"",""implementation"":""Sionna_5G_LDPC"",""power_protocol"":""fixed_constellation_average_Es2"",""precision"":""float32"",""rate_matching"":""Sionna RV0; filler removal, first2Z and tail puncturing; supported n only"",""scrambling"":""public_PCG64_SHA256_protocol_session_frame_group_counter_after_rate_matching_v1"",""torch"":""2.11.0+cu128"",""version"":""2.2.0""},""interleaver_sha256"":""b1c88e02f6c5f853fbc68dd2e7260921017c5093f65f18095bb1cc0bb9086a73"",""k"":376,""k_filler"":20,""k_ldpc"":396,""layout_id"":""39c0ed33761f224dcd697de89cd30ff7c2c32d2d76bb8281a1e8b2ed5362a770"",""modulation_padding_bits"":0,""mother_bits"":1224,""n"":528,""n_cb"":1188,""n_cb_comp"":1168,""power_protocol"":""fixed_constellation_average_Es2"",""puncturing_bits"":676,""puncturing_first_2Z"":36,""puncturing_remaining"":640,""repetition_bits"":0,""scrambling"":""public_PCG64_SHA256_protocol_session_frame_group_counter_after_rate_matching_v1"",""shortening_bits"":20,""z"":18}","[1024,2048]"
16QAM,5/6,16QAM:r5/6,c280e451e33fca10fcfd839b9c309e182a3662fdf5aad873d6a9efaa46dba610,768,16,0,784,792,8,2448,984,246,0,0.7967479674796748,0.7804878048780488,"{""actual_effective_rate"":0.7967479674796748,""bg"":""bg1"",""bit_mapping"":""component_Gray_00_-3_01_-1_10_3_11_1_over_sqrt5;QPSK_0_plus1_1_minus1"",""code_blocks"":1,""decoder_config"":{""cn_schedule"":""flooding"",""cn_update"":""boxplus-phi"",""early_stop"":false,""hard_out"":true,""harq_mode"":false,""llr_max"":20.0,""num_iter"":20,""precision"":""single"",""prune_pcm"":true,""return_infobits"":true,""vn_update"":""sum""},""implementation"":{""bit_mapping"":""component_Gray_00_-3_01_-1_10_3_11_1_over_sqrt5;QPSK_0_plus1_1_minus1"",""cuda"":""12.8"",""decoder"":{""cn_schedule"":""flooding"",""cn_update"":""boxplus-phi"",""early_stop"":false,""hard_out"":true,""harq_mode"":false,""llr_max"":20.0,""num_iter"":20,""precision"":""single"",""prune_pcm"":true,""return_infobits"":true,""vn_update"":""sum""},""decoder_source_sha256"":""44d84b92b749e2970f94d92cd348a11648e2286b4d851faa0af8b21d08f0da23"",""encoder_source_sha256"":""34d8db6660b2e84708a8fb534f63c194f6f2b964e3693fcffc9dcaf21532ccfd"",""implementation"":""Sionna_5G_LDPC"",""power_protocol"":""fixed_constellation_average_Es2"",""precision"":""float32"",""rate_matching"":""Sionna RV0; filler removal, first2Z and tail puncturing; supported n only"",""scrambling"":""public_PCG64_SHA256_protocol_session_frame_group_counter_after_rate_matching_v1"",""torch"":""2.11.0+cu128"",""version"":""2.2.0""},""interleaver_sha256"":""d2aa843569827ce29a56af380908a51668102f34ef40a98e743dce449c79c035"",""k"":784,""k_filler"":8,""k_ldpc"":792,""layout_id"":""04481d1131264947d1057bb613112a35a8ab5ca1bdb62779fb61035fd3390f70"",""modulation_padding_bits"":0,""mother_bits"":2448,""n"":984,""n_cb"":2376,""n_cb_comp"":2368,""power_protocol"":""fixed_constellation_average_Es2"",""puncturing_bits"":1456,""puncturing_first_2Z"":72,""puncturing_remaining"":1384,""repetition_bits"":0,""scrambling"":""public_PCG64_SHA256_protocol_session_frame_group_counter_after_rate_matching_v1"",""shortening_bits"":8,""z"":36}",[2048]
16QAM,3/4,16QAM:r3/4,c2907dbb0e61dfc502cac8938ca13f4ad82ceba38812ccf0a9f20b92221b4541,624,16,0,640,720,80,3744,1904,476,0,0.33613445378151263,0.3277310924369748,"{""actual_effective_rate"":0.33613445378151263,""bg"":""bg2"",""bit_mapping"":""component_Gray_00_-3_01_-1_10_3_11_1_over_sqrt5;QPSK_0_plus1_1_minus1"",""code_blocks"":1,""decoder_config"":{""cn_schedule"":""flooding"",""cn_update"":""boxplus-phi"",""early_stop"":false,""hard_out"":true,""harq_mode"":false,""llr_max"":20.0,""num_iter"":20,""precision"":""single"",""prune_pcm"":true,""return_infobits"":true,""vn_update"":""sum""},""implementation"":{""bit_mapping"":""component_Gray_00_-3_01_-1_10_3_11_1_over_sqrt5;QPSK_0_plus1_1_minus1"",""cuda"":""12.8"",""decoder"":{""cn_schedule"":""flooding"",""cn_update"":""boxplus-phi"",""early_stop"":false,""hard_out"":true,""harq_mode"":false,""llr_max"":20.0,""num_iter"":20,""precision"":""single"",""prune_pcm"":true,""return_infobits"":true,""vn_update"":""sum""},""decoder_source_sha256"":""44d84b92b749e2970f94d92cd348a11648e2286b4d851faa0af8b21d08f0da23"",""encoder_source_sha256"":""34d8db6660b2e84708a8fb534f63c194f6f2b964e3693fcffc9dcaf21532ccfd"",""implementation"":""Sionna_5G_LDPC"",""power_protocol"":""fixed_constellation_average_Es2"",""precision"":""float32"",""rate_matching"":""Sionna RV0; filler removal, first2Z and tail puncturing; supported n only"",""scrambling"":""public_PCG64_SHA256_protocol_session_frame_group_counter_after_rate_matching_v1"",""torch"":""2.11.0+cu128"",""version"":""2.2.0""},""interleaver_sha256"":""d301e0fb0d0aea4304f5778e5c8a225da35d8e887efe2dc9c9be107768f27ea9"",""k"":640,""k_filler"":80,""k_ldpc"":720,""layout_id"":""219a096e183ed5b8eed4479cbc0a66bd93578b95c207bca9c06d159991a8d861"",""modulation_padding_bits"":0,""mother_bits"":3744,""n"":1904,""n_cb"":3600,""n_cb_comp"":3520,""power_protocol"":""fixed_constellation_average_Es2"",""puncturing_bits"":1760,""puncturing_first_2Z"":144,""puncturing_remaining"":1616,""repetition_bits"":0,""scrambling"":""public_PCG64_SHA256_protocol_session_frame_group_counter_after_rate_matching_v1"",""shortening_bits"":80,""z"":72}",[2048]
QPSK,5/6,QPSK:r5/6,c297d739e8a89f5573f31bb562763bf621a52cbb0103e9c84c26c01accb125c2,432,16,0,448,560,112,2912,760,380,0,0.5894736842105263,0.5684210526315789,"{""actual_effective_rate"":0.5894736842105263,""bg"":""bg2"",""bit_mapping"":""component_Gray_00_-3_01_-1_10_3_11_1_over_sqrt5;QPSK_0_plus1_1_minus1"",""code_blocks"":1,""decoder_config"":{""cn_schedule"":""flooding"",""cn_update"":""boxplus-phi"",""early_stop"":false,""hard_out"":true,""harq_mode"":false,""llr_max"":20.0,""num_iter"":20,""precision"":""single"",""prune_pcm"":true,""return_infobits"":true,""vn_update"":""sum""},""implementation"":{""bit_mapping"":""component_Gray_00_-3_01_-1_10_3_11_1_over_sqrt5;QPSK_0_plus1_1_minus1"",""cuda"":""12.8"",""decoder"":{""cn_schedule"":""flooding"",""cn_update"":""boxplus-phi"",""early_stop"":false,""hard_out"":true,""harq_mode"":false,""llr_max"":20.0,""num_iter"":20,""precision"":""single"",""prune_pcm"":true,""return_infobits"":true,""vn_update"":""sum""},""decoder_source_sha256"":""44d84b92b749e2970f94d92cd348a11648e2286b4d851faa0af8b21d08f0da23"",""encoder_source_sha256"":""34d8db6660b2e84708a8fb534f63c194f6f2b964e3693fcffc9dcaf21532ccfd"",""implementation"":""Sionna_5G_LDPC"",""power_protocol"":""fixed_constellation_average_Es2"",""precision"":""float32"",""rate_matching"":""Sionna RV0; filler removal, first2Z and tail puncturing; supported n only"",""scrambling"":""public_PCG64_SHA256_protocol_session_frame_group_counter_after_rate_matching_v1"",""torch"":""2.11.0+cu128"",""version"":""2.2.0""},""interleaver_sha256"":""4e87ebfe7ec34dabaa160acfcab76039f273dfe7eed3497983fbdb5625c51f2b"",""k"":448,""k_filler"":112,""k_ldpc"":560,""layout_id"":""240289ad8d123d8dcab80fe1f16d604fe8499ed6301f113c108b8e8d54dfcb8a"",""modulation_padding_bits"":0,""mother_bits"":2912,""n"":760,""n_cb"":2800,""n_cb_comp"":2688,""power_protocol"":""fixed_constellation_average_Es2"",""puncturing_bits"":2040,""puncturing_first_2Z"":112,""puncturing_remaining"":1928,""repetition_bits"":0,""scrambling"":""public_PCG64_SHA256_protocol_session_frame_group_counter_after_rate_matching_v1"",""shortening_bits"":112,""z"":56}",[1024]
16QAM,3/4,16QAM:r3/4,c2a46ab98fee9bb80702c02a4ba4b6e85a45913f5c1bdba3d5fdcb5c70deb7ac,660,16,0,676,720,44,3744,2444,611,0,0.2765957446808511,0.2700490998363339,"{""actual_effective_rate"":0.2765957446808511,""bg"":""bg2"",""bit_mapping"":""component_Gray_00_-3_01_-1_10_3_11_1_over_sqrt5;QPSK_0_plus1_1_minus1"",""code_blocks"":1,""decoder_config"":{""cn_schedule"":""flooding"",""cn_update"":""boxplus-phi"",""early_stop"":false,""hard_out"":true,""harq_mode"":false,""llr_max"":20.0,""num_iter"":20,""precision"":""single"",""prune_pcm"":true,""return_infobits"":true,""vn_update"":""sum""},""implementation"":{""bit_mapping"":""component_Gray_00_-3_01_-1_10_3_11_1_over_sqrt5;QPSK_0_plus1_1_minus1"",""cuda"":""12.8"",""decoder"":{""cn_schedule"":""flooding"",""cn_update"":""boxplus-phi"",""early_stop"":false,""hard_out"":true,""harq_mode"":false,""llr_max"":20.0,""num_iter"":20,""precision"":""single"",""prune_pcm"":true,""return_infobits"":true,""vn_update"":""sum""},""decoder_source_sha256"":""44d84b92b749e2970f94d92cd348a11648e2286b4d851faa0af8b21d08f0da23"",""encoder_source_sha256"":""34d8db6660b2e84708a8fb534f63c194f6f2b964e3693fcffc9dcaf21532ccfd"",""implementation"":""Sionna_5G_LDPC"",""power_protocol"":""fixed_constellation_average_Es2"",""precision"":""float32"",""rate_matching"":""Sionna RV0; filler removal, first2Z and tail puncturing; supported n only"",""scrambling"":""public_PCG64_SHA256_protocol_session_frame_group_counter_after_rate_matching_v1"",""torch"":""2.11.0+cu128"",""version"":""2.2.0""},""interleaver_sha256"":""b72dc9432f0864c4d7aa7ae77fb202cdfb66df052e3caafaddb6f76148c3948a"",""k"":676,""k_filler"":44,""k_ldpc"":720,""layout_id"":""066ed944de624c71100e3bce773d4ed91c3a8d1e7e79aaf4682080c2e120f268"",""modulation_padding_bits"":0,""mother_bits"":3744,""n"":2444,""n_cb"":3600,""n_cb_comp"":3556,""power_protocol"":""fixed_constellation_average_Es2"",""puncturing_bits"":1256,""puncturing_first_2Z"":144,""puncturing_remaining"":1112,""repetition_bits"":0,""scrambling"":""public_PCG64_SHA256_protocol_session_frame_group_counter_after_rate_matching_v1"",""shortening_bits"":44,""z"":72}","[1024,2048]"
QPSK,3/4,QPSK:r3/4,c2a80985295ca01942059b0fae232ee82fcfabe37cfb4963da5650e0303c5bdf,660,16,0,676,720,44,3744,2858,1429,0,0.2365290412876137,0.23093072078376486,"{""actual_effective_rate"":0.2365290412876137,""bg"":""bg2"",""bit_mapping"":""component_Gray_00_-3_01_-1_10_3_11_1_over_sqrt5;QPSK_0_plus1_1_minus1"",""code_blocks"":1,""decoder_config"":{""cn_schedule"":""flooding"",""cn_update"":""boxplus-phi"",""early_stop"":false,""hard_out"":true,""harq_mode"":false,""llr_max"":20.0,""num_iter"":20,""precision"":""single"",""prune_pcm"":true,""return_infobits"":true,""vn_update"":""sum""},""implementation"":{""bit_mapping"":""component_Gray_00_-3_01_-1_10_3_11_1_over_sqrt5;QPSK_0_plus1_1_minus1"",""cuda"":""12.8"",""decoder"":{""cn_schedule"":""flooding"",""cn_update"":""boxplus-phi"",""early_stop"":false,""hard_out"":true,""harq_mode"":false,""llr_max"":20.0,""num_iter"":20,""precision"":""single"",""prune_pcm"":true,""return_infobits"":true,""vn_update"":""sum""},""decoder_source_sha256"":""44d84b92b749e2970f94d92cd348a11648e2286b4d851faa0af8b21d08f0da23"",""encoder_source_sha256"":""34d8db6660b2e84708a8fb534f63c194f6f2b964e3693fcffc9dcaf21532ccfd"",""implementation"":""Sionna_5G_LDPC"",""power_protocol"":""fixed_constellation_average_Es2"",""precision"":""float32"",""rate_matching"":""Sionna RV0; filler removal, first2Z and tail puncturing; supported n only"",""scrambling"":""public_PCG64_SHA256_protocol_session_frame_group_counter_after_rate_matching_v1"",""torch"":""2.11.0+cu128"",""version"":""2.2.0""},""interleaver_sha256"":""60d2ef5fe091fb417f5e3027905574da74bfa2b65f7ea2cdabf5118e1b42261e"",""k"":676,""k_filler"":44,""k_ldpc"":720,""layout_id"":""466fb2b000a2c9bde0d37d45e685c617d3aae06d00fc9252b74ccabe870f9228"",""modulation_padding_bits"":0,""mother_bits"":3744,""n"":2858,""n_cb"":3600,""n_cb_comp"":3556,""power_protocol"":""fixed_constellation_average_Es2"",""puncturing_bits"":842,""puncturing_first_2Z"":144,""puncturing_remaining"":698,""repetition_bits"":0,""scrambling"":""public_PCG64_SHA256_protocol_session_frame_group_counter_after_rate_matching_v1"",""shortening_bits"":44,""z"":72}",[2048]
16QAM,5/6,16QAM:r5/6,c2a9e679706fa8a4590370c259f5f3315eb2b63a20e6412ae2e28b56f70fd382,3204,16,0,3220,3520,300,18304,6128,1532,0,0.5254569190600522,0.5228459530026109,"{""actual_effective_rate"":0.5254569190600522,""bg"":""bg2"",""bit_mapping"":""component_Gray_00_-3_01_-1_10_3_11_1_over_sqrt5;QPSK_0_plus1_1_minus1"",""code_blocks"":1,""decoder_config"":{""cn_schedule"":""flooding"",""cn_update"":""boxplus-phi"",""early_stop"":false,""hard_out"":true,""harq_mode"":false,""llr_max"":20.0,""num_iter"":20,""precision"":""single"",""prune_pcm"":true,""return_infobits"":true,""vn_update"":""sum""},""implementation"":{""bit_mapping"":""component_Gray_00_-3_01_-1_10_3_11_1_over_sqrt5;QPSK_0_plus1_1_minus1"",""cuda"":""12.8"",""decoder"":{""cn_schedule"":""flooding"",""cn_update"":""boxplus-phi"",""early_stop"":false,""hard_out"":true,""harq_mode"":false,""llr_max"":20.0,""num_iter"":20,""precision"":""single"",""prune_pcm"":true,""return_infobits"":true,""vn_update"":""sum""},""decoder_source_sha256"":""44d84b92b749e2970f94d92cd348a11648e2286b4d851faa0af8b21d08f0da23"",""encoder_source_sha256"":""34d8db6660b2e84708a8fb534f63c194f6f2b964e3693fcffc9dcaf21532ccfd"",""implementation"":""Sionna_5G_LDPC"",""power_protocol"":""fixed_constellation_average_Es2"",""precision"":""float32"",""rate_matching"":""Sionna RV0; filler removal, first2Z and tail puncturing; supported n only"",""scrambling"":""public_PCG64_SHA256_protocol_session_frame_group_counter_after_rate_matching_v1"",""torch"":""2.11.0+cu128"",""version"":""2.2.0""},""interleaver_sha256"":""bd0b191dee6bda2be81b39033a7a80f08967be81cbda2cef2ea8b9f9f55eef37"",""k"":3220,""k_filler"":300,""k_ldpc"":3520,""layout_id"":""7e18d557772e7d08d4cacbb885c5188f3a11243eb726a5164aff7ba8246a7a8c"",""modulation_padding_bits"":0,""mother_bits"":18304,""n"":6128,""n_cb"":17600,""n_cb_comp"":17300,""power_protocol"":""fixed_constellation_average_Es2"",""puncturing_bits"":11876,""puncturing_first_2Z"":704,""puncturing_remaining"":11172,""repetition_bits"":0,""scrambling"":""public_PCG64_SHA256_protocol_session_frame_group_counter_after_rate_matching_v1"",""shortening_bits"":300,""z"":352}",[2048]
QPSK,2/3,QPSK:r2/3,c2b083aa4622e42f52e6a0e95f6014876b20a686399763a3fca87ee38f8c26e4,1500,16,0,1516,1600,84,8320,3602,1801,0,0.42087729039422545,0.416435313714603,"{""actual_effective_rate"":0.42087729039422545,""bg"":""bg2"",""bit_mapping"":""component_Gray_00_-3_01_-1_10_3_11_1_over_sqrt5;QPSK_0_plus1_1_minus1"",""code_blocks"":1,""decoder_config"":{""cn_schedule"":""flooding"",""cn_update"":""boxplus-phi"",""early_stop"":false,""hard_out"":true,""harq_mode"":false,""llr_max"":20.0,""num_iter"":20,""precision"":""single"",""prune_pcm"":true,""return_infobits"":true,""vn_update"":""sum""},""implementation"":{""bit_mapping"":""component_Gray_00_-3_01_-1_10_3_11_1_over_sqrt5;QPSK_0_plus1_1_minus1"",""cuda"":""12.8"",""decoder"":{""cn_schedule"":""flooding"",""cn_update"":""boxplus-phi"",""early_stop"":false,""hard_out"":true,""harq_mode"":false,""llr_max"":20.0,""num_iter"":20,""precision"":""single"",""prune_pcm"":true,""return_infobits"":true,""vn_update"":""sum""},""decoder_source_sha256"":""44d84b92b749e2970f94d92cd348a11648e2286b4d851faa0af8b21d08f0da23"",""encoder_source_sha256"":""34d8db6660b2e84708a8fb534f63c194f6f2b964e3693fcffc9dcaf21532ccfd"",""implementation"":""Sionna_5G_LDPC"",""power_protocol"":""fixed_constellation_average_Es2"",""precision"":""float32"",""rate_matching"":""Sionna RV0; filler removal, first2Z and tail puncturing; supported n only"",""scrambling"":""public_PCG64_SHA256_protocol_session_frame_group_counter_after_rate_matching_v1"",""torch"":""2.11.0+cu128"",""version"":""2.2.0""},""interleaver_sha256"":""145820bd9361d569e6fb1c8ee2608df1f0bcf2222e5ec4d9a955b554cb71e9ea"",""k"":1516,""k_filler"":84,""k_ldpc"":1600,""layout_id"":""04033d104950cd8348832eb3855a42050a76b8e21aca5582c65f0552f668d7ff"",""modulation_padding_bits"":0,""mother_bits"":8320,""n"":3602,""n_cb"":8000,""n_cb_comp"":7916,""power_protocol"":""fixed_constellation_average_Es2"",""puncturing_bits"":4634,""puncturing_first_2Z"":320,""puncturing_remaining"":4314,""repetition_bits"":0,""scrambling"":""public_PCG64_SHA256_protocol_session_frame_group_counter_after_rate_matching_v1"",""shortening_bits"":84,""z"":160}",[2048]
16QAM,1/3,16QAM:r1/3,c2b33dbae3c6f877d71af7eaac15538f736cfe222d7fd918088f6acf63055cee,1092,16,0,1108,1120,12,5824,3344,836,0,0.33133971291866027,0.326555023923445,"{""actual_effective_rate"":0.33133971291866027,""bg"":""bg2"",""bit_mapping"":""component_Gray_00_-3_01_-1_10_3_11_1_over_sqrt5;QPSK_0_plus1_1_minus1"",""code_blocks"":1,""decoder_config"":{""cn_schedule"":""flooding"",""cn_update"":""boxplus-phi"",""early_stop"":false,""hard_out"":true,""harq_mode"":false,""llr_max"":20.0,""num_iter"":20,""precision"":""single"",""prune_pcm"":true,""return_infobits"":true,""vn_update"":""sum""},""implementation"":{""bit_mapping"":""component_Gray_00_-3_01_-1_10_3_11_1_over_sqrt5;QPSK_0_plus1_1_minus1"",""cuda"":""12.8"",""decoder"":{""cn_schedule"":""flooding"",""cn_update"":""boxplus-phi"",""early_stop"":false,""hard_out"":true,""harq_mode"":false,""llr_max"":20.0,""num_iter"":20,""precision"":""single"",""prune_pcm"":true,""return_infobits"":true,""vn_update"":""sum""},""decoder_source_sha256"":""44d84b92b749e2970f94d92cd348a11648e2286b4d851faa0af8b21d08f0da23"",""encoder_source_sha256"":""34d8db6660b2e84708a8fb534f63c194f6f2b964e3693fcffc9dcaf21532ccfd"",""implementation"":""Sionna_5G_LDPC"",""power_protocol"":""fixed_constellation_average_Es2"",""precision"":""float32"",""rate_matching"":""Sionna RV0; filler removal, first2Z and tail puncturing; supported n only"",""scrambling"":""public_PCG64_SHA256_protocol_session_frame_group_counter_after_rate_matching_v1"",""torch"":""2.11.0+cu128"",""version"":""2.2.0""},""interleaver_sha256"":""07a39e3e7db8286f8463452cb5eabb872679123b9cabb38f8c647cec46f013cd"",""k"":1108,""k_filler"":12,""k_ldpc"":1120,""layout_id"":""80a5d09cfcd3b354e647360ad5a8e83069ff8e438e4c4e713ab798c6a8e8d6d7"",""modulation_padding_bits"":0,""mother_bits"":5824,""n"":3344,""n_cb"":5600,""n_cb_comp"":5588,""power_protocol"":""fixed_constellation_average_Es2"",""puncturing_bits"":2468,""puncturing_first_2Z"":224,""puncturing_remaining"":2244,""repetition_bits"":0,""scrambling"":""public_PCG64_SHA256_protocol_session_frame_group_counter_after_rate_matching_v1"",""shortening_bits"":12,""z"":112}",[1024]
QPSK,5/6,QPSK:r5/6,c2c026db5545e06fff521fb5bee4fd48c2c66b15ff3e9acd0c4e231b1929b00d,660,16,0,676,720,44,3744,1478,739,0,0.45737483085250336,0.4465493910690122,"{""actual_effective_rate"":0.45737483085250336,""bg"":""bg2"",""bit_mapping"":""component_Gray_00_-3_01_-1_10_3_11_1_over_sqrt5;QPSK_0_plus1_1_minus1"",""code_blocks"":1,""decoder_config"":{""cn_schedule"":""flooding"",""cn_update"":""boxplus-phi"",""early_stop"":false,""hard_out"":true,""harq_mode"":false,""llr_max"":20.0,""num_iter"":20,""precision"":""single"",""prune_pcm"":true,""return_infobits"":true,""vn_update"":""sum""},""implementation"":{""bit_mapping"":""component_Gray_00_-3_01_-1_10_3_11_1_over_sqrt5;QPSK_0_plus1_1_minus1"",""cuda"":""12.8"",""decoder"":{""cn_schedule"":""flooding"",""cn_update"":""boxplus-phi"",""early_stop"":false,""hard_out"":true,""harq_mode"":false,""llr_max"":20.0,""num_iter"":20,""precision"":""single"",""prune_pcm"":true,""return_infobits"":true,""vn_update"":""sum""},""decoder_source_sha256"":""44d84b92b749e2970f94d92cd348a11648e2286b4d851faa0af8b21d08f0da23"",""encoder_source_sha256"":""34d8db6660b2e84708a8fb534f63c194f6f2b964e3693fcffc9dcaf21532ccfd"",""implementation"":""Sionna_5G_LDPC"",""power_protocol"":""fixed_constellation_average_Es2"",""precision"":""float32"",""rate_matching"":""Sionna RV0; filler removal, first2Z and tail puncturing; supported n only"",""scrambling"":""public_PCG64_SHA256_protocol_session_frame_group_counter_after_rate_matching_v1"",""torch"":""2.11.0+cu128"",""version"":""2.2.0""},""interleaver_sha256"":""50233b50bdf08ba671fded93e0d031e469287384c85a720739cfbb7f7cad23d7"",""k"":676,""k_filler"":44,""k_ldpc"":720,""layout_id"":""d0059d1307be279672c853a5a12c6550dc09578564fd79f29c5bef6f27bdb3dd"",""modulation_padding_bits"":0,""mother_bits"":3744,""n"":1478,""n_cb"":3600,""n_cb_comp"":3556,""power_protocol"":""fixed_constellation_average_Es2"",""puncturing_bits"":2222,""puncturing_first_2Z"":144,""puncturing_remaining"":2078,""repetition_bits"":0,""scrambling"":""public_PCG64_SHA256_protocol_session_frame_group_counter_after_rate_matching_v1"",""shortening_bits"":44,""z"":72}",[2048]
QPSK,2/3,QPSK:r2/3,c2cd15a7c74527ab30378d4bd94635f4fc20ca8954e767f92654f5e9ec48905d,1860,16,0,1876,1920,44,9984,2988,1494,0,0.6278447121820616,0.6224899598393574,"{""actual_effective_rate"":0.6278447121820616,""bg"":""bg2"",""bit_mapping"":""component_Gray_00_-3_01_-1_10_3_11_1_over_sqrt5;QPSK_0_plus1_1_minus1"",""code_blocks"":1,""decoder_config"":{""cn_schedule"":""flooding"",""cn_update"":""boxplus-phi"",""early_stop"":false,""hard_out"":true,""harq_mode"":false,""llr_max"":20.0,""num_iter"":20,""precision"":""single"",""prune_pcm"":true,""return_infobits"":true,""vn_update"":""sum""},""implementation"":{""bit_mapping"":""component_Gray_00_-3_01_-1_10_3_11_1_over_sqrt5;QPSK_0_plus1_1_minus1"",""cuda"":""12.8"",""decoder"":{""cn_schedule"":""flooding"",""cn_update"":""boxplus-phi"",""early_stop"":false,""hard_out"":true,""harq_mode"":false,""llr_max"":20.0,""num_iter"":20,""precision"":""single"",""prune_pcm"":true,""return_infobits"":true,""vn_update"":""sum""},""decoder_source_sha256"":""44d84b92b749e2970f94d92cd348a11648e2286b4d851faa0af8b21d08f0da23"",""encoder_source_sha256"":""34d8db6660b2e84708a8fb534f63c194f6f2b964e3693fcffc9dcaf21532ccfd"",""implementation"":""Sionna_5G_LDPC"",""power_protocol"":""fixed_constellation_average_Es2"",""precision"":""float32"",""rate_matching"":""Sionna RV0; filler removal, first2Z and tail puncturing; supported n only"",""scrambling"":""public_PCG64_SHA256_protocol_session_frame_group_counter_after_rate_matching_v1"",""torch"":""2.11.0+cu128"",""version"":""2.2.0""},""interleaver_sha256"":""bf6d0d5fc6db37120c43d472d0809d9f2f11b18626942e3b8cfba2a4fdaabba5"",""k"":1876,""k_filler"":44,""k_ldpc"":1920,""layout_id"":""72a8c6021e5cb600f316692badf6baf7b01fe88acfccd47fbfc0850079280daf"",""modulation_padding_bits"":0,""mother_bits"":9984,""n"":2988,""n_cb"":9600,""n_cb_comp"":9556,""power_protocol"":""fixed_constellation_average_Es2"",""puncturing_bits"":6952,""puncturing_first_2Z"":384,""puncturing_remaining"":6568,""repetition_bits"":0,""scrambling"":""public_PCG64_SHA256_protocol_session_frame_group_counter_after_rate_matching_v1"",""shortening_bits"":44,""z"":192}",[2048]
16QAM,3/4,16QAM:r3/4,c2d327500b49f3c782b2a52013fc32e0be385184fdc8f597402346c3be3c7774,1968,16,0,1984,2080,96,10816,4308,1077,0,0.4605385329619313,0.4568245125348189,"{""actual_effective_rate"":0.4605385329619313,""bg"":""bg2"",""bit_mapping"":""component_Gray_00_-3_01_-1_10_3_11_1_over_sqrt5;QPSK_0_plus1_1_minus1"",""code_blocks"":1,""decoder_config"":{""cn_schedule"":""flooding"",""cn_update"":""boxplus-phi"",""early_stop"":false,""hard_out"":true,""harq_mode"":false,""llr_max"":20.0,""num_iter"":20,""precision"":""single"",""prune_pcm"":true,""return_infobits"":true,""vn_update"":""sum""},""implementation"":{""bit_mapping"":""component_Gray_00_-3_01_-1_10_3_11_1_over_sqrt5;QPSK_0_plus1_1_minus1"",""cuda"":""12.8"",""decoder"":{""cn_schedule"":""flooding"",""cn_update"":""boxplus-phi"",""early_stop"":false,""hard_out"":true,""harq_mode"":false,""llr_max"":20.0,""num_iter"":20,""precision"":""single"",""prune_pcm"":true,""return_infobits"":true,""vn_update"":""sum""},""decoder_source_sha256"":""44d84b92b749e2970f94d92cd348a11648e2286b4d851faa0af8b21d08f0da23"",""encoder_source_sha256"":""34d8db6660b2e84708a8fb534f63c194f6f2b964e3693fcffc9dcaf21532ccfd"",""implementation"":""Sionna_5G_LDPC"",""power_protocol"":""fixed_constellation_average_Es2"",""precision"":""float32"",""rate_matching"":""Sionna RV0; filler removal, first2Z and tail puncturing; supported n only"",""scrambling"":""public_PCG64_SHA256_protocol_session_frame_group_counter_after_rate_matching_v1"",""torch"":""2.11.0+cu128"",""version"":""2.2.0""},""interleaver_sha256"":""2fd179896f7a7a3a693f03d165def67859aee58f57f02984d5a1bfbff3eb5071"",""k"":1984,""k_filler"":96,""k_ldpc"":2080,""layout_id"":""8d9ccf3726a291973b063e8a7d80deaab70376318fc00dff52d4fe17a45883d5"",""modulation_padding_bits"":0,""mother_bits"":10816,""n"":4308,""n_cb"":10400,""n_cb_comp"":10304,""power_protocol"":""fixed_constellation_average_Es2"",""puncturing_bits"":6412,""puncturing_first_2Z"":416,""puncturing_remaining"":5996,""repetition_bits"":0,""scrambling"":""public_PCG64_SHA256_protocol_session_frame_group_counter_after_rate_matching_v1"",""shortening_bits"":96,""z"":208}",[2048]
QPSK,1/2,QPSK:r1/2,c2d746b323172a80519bc26496a8acd19c1c09b36faebb0dbf35f0186303636d,1092,16,0,1108,1120,12,5824,2986,1493,0,0.3710649698593436,0.36570663094440725,"{""actual_effective_rate"":0.3710649698593436,""bg"":""bg2"",""bit_mapping"":""component_Gray_00_-3_01_-1_10_3_11_1_over_sqrt5;QPSK_0_plus1_1_minus1"",""code_blocks"":1,""decoder_config"":{""cn_schedule"":""flooding"",""cn_update"":""boxplus-phi"",""early_stop"":false,""hard_out"":true,""harq_mode"":false,""llr_max"":20.0,""num_iter"":20,""precision"":""single"",""prune_pcm"":true,""return_infobits"":true,""vn_update"":""sum""},""implementation"":{""bit_mapping"":""component_Gray_00_-3_01_-1_10_3_11_1_over_sqrt5;QPSK_0_plus1_1_minus1"",""cuda"":""12.8"",""decoder"":{""cn_schedule"":""flooding"",""cn_update"":""boxplus-phi"",""early_stop"":false,""hard_out"":true,""harq_mode"":false,""llr_max"":20.0,""num_iter"":20,""precision"":""single"",""prune_pcm"":true,""return_infobits"":true,""vn_update"":""sum""},""decoder_source_sha256"":""44d84b92b749e2970f94d92cd348a11648e2286b4d851faa0af8b21d08f0da23"",""encoder_source_sha256"":""34d8db6660b2e84708a8fb534f63c194f6f2b964e3693fcffc9dcaf21532ccfd"",""implementation"":""Sionna_5G_LDPC"",""power_protocol"":""fixed_constellation_average_Es2"",""precision"":""float32"",""rate_matching"":""Sionna RV0; filler removal, first2Z and tail puncturing; supported n only"",""scrambling"":""public_PCG64_SHA256_protocol_session_frame_group_counter_after_rate_matching_v1"",""torch"":""2.11.0+cu128"",""version"":""2.2.0""},""interleaver_sha256"":""c9f156d6036b8091709d718f822de2ea0a1234fca0e0e6c2b6aaf98af9b8b1c5"",""k"":1108,""k_filler"":12,""k_ldpc"":1120,""layout_id"":""9fdc159f772de4584e2b3b879631bb58e9bfce716516e613f9c75083faf36b02"",""modulation_padding_bits"":0,""mother_bits"":5824,""n"":2986,""n_cb"":5600,""n_cb_comp"":5588,""power_protocol"":""fixed_constellation_average_Es2"",""puncturing_bits"":2826,""puncturing_first_2Z"":224,""puncturing_remaining"":2602,""repetition_bits"":0,""scrambling"":""public_PCG64_SHA256_protocol_session_frame_group_counter_after_rate_matching_v1"",""shortening_bits"":12,""z"":112}",[2048]
16QAM,5/6,16QAM:r5/6,c2dcaf29057a260f898d353fe739870f2b8f27bd34b6b8296ab221b8c93c7867,360,16,0,376,480,104,2496,1384,346,0,0.27167630057803466,0.26011560693641617,"{""actual_effective_rate"":0.27167630057803466,""bg"":""bg2"",""bit_mapping"":""component_Gray_00_-3_01_-1_10_3_11_1_over_sqrt5;QPSK_0_plus1_1_minus1"",""code_blocks"":1,""decoder_config"":{""cn_schedule"":""flooding"",""cn_update"":""boxplus-phi"",""early_stop"":false,""hard_out"":true,""harq_mode"":false,""llr_max"":20.0,""num_iter"":20,""precision"":""single"",""prune_pcm"":true,""return_infobits"":true,""vn_update"":""sum""},""implementation"":{""bit_mapping"":""component_Gray_00_-3_01_-1_10_3_11_1_over_sqrt5;QPSK_0_plus1_1_minus1"",""cuda"":""12.8"",""decoder"":{""cn_schedule"":""flooding"",""cn_update"":""boxplus-phi"",""early_stop"":false,""hard_out"":true,""harq_mode"":false,""llr_max"":20.0,""num_iter"":20,""precision"":""single"",""prune_pcm"":true,""return_infobits"":true,""vn_update"":""sum""},""decoder_source_sha256"":""44d84b92b749e2970f94d92cd348a11648e2286b4d851faa0af8b21d08f0da23"",""encoder_source_sha256"":""34d8db6660b2e84708a8fb534f63c194f6f2b964e3693fcffc9dcaf21532ccfd"",""implementation"":""Sionna_5G_LDPC"",""power_protocol"":""fixed_constellation_average_Es2"",""precision"":""float32"",""rate_matching"":""Sionna RV0; filler removal, first2Z and tail puncturing; supported n only"",""scrambling"":""public_PCG64_SHA256_protocol_session_frame_group_counter_after_rate_matching_v1"",""torch"":""2.11.0+cu128"",""version"":""2.2.0""},""interleaver_sha256"":""4980d55c3c5201889ed9f16706c15f1fa9c2d0324ce0fe3beceb62479ba45db9"",""k"":376,""k_filler"":104,""k_ldpc"":480,""layout_id"":""b616a304cb94b04f22736b8bb5541226f3d811d3c1fbc1bc6459bcd6fdfc0143"",""modulation_padding_bits"":0,""mother_bits"":2496,""n"":1384,""n_cb"":2400,""n_cb_comp"":2296,""power_protocol"":""fixed_constellation_average_Es2"",""puncturing_bits"":1008,""puncturing_first_2Z"":96,""puncturing_remaining"":912,""repetition_bits"":0,""scrambling"":""public_PCG64_SHA256_protocol_session_frame_group_counter_after_rate_matching_v1"",""shortening_bits"":104,""z"":48}",[1024]
QPSK,1/3,QPSK:r1/3,c2e9478b00d5a4e061ed9fdba0dd799fb8419d69ee725f0deb841ed9e376b4d1,360,16,0,376,480,104,2496,1432,716,0,0.26256983240223464,0.25139664804469275,"{""actual_effective_rate"":0.26256983240223464,""bg"":""bg2"",""bit_mapping"":""component_Gray_00_-3_01_-1_10_3_11_1_over_sqrt5;QPSK_0_plus1_1_minus1"",""code_blocks"":1,""decoder_config"":{""cn_schedule"":""flooding"",""cn_update"":""boxplus-phi"",""early_stop"":false,""hard_out"":true,""harq_mode"":false,""llr_max"":20.0,""num_iter"":20,""precision"":""single"",""prune_pcm"":true,""return_infobits"":true,""vn_update"":""sum""},""implementation"":{""bit_mapping"":""component_Gray_00_-3_01_-1_10_3_11_1_over_sqrt5;QPSK_0_plus1_1_minus1"",""cuda"":""12.8"",""decoder"":{""cn_schedule"":""flooding"",""cn_update"":""boxplus-phi"",""early_stop"":false,""hard_out"":true,""harq_mode"":false,""llr_max"":20.0,""num_iter"":20,""precision"":""single"",""prune_pcm"":true,""return_infobits"":true,""vn_update"":""sum""},""decoder_source_sha256"":""44d84b92b749e2970f94d92cd348a11648e2286b4d851faa0af8b21d08f0da23"",""encoder_source_sha256"":""34d8db6660b2e84708a8fb534f63c194f6f2b964e3693fcffc9dcaf21532ccfd"",""implementation"":""Sionna_5G_LDPC"",""power_protocol"":""fixed_constellation_average_Es2"",""precision"":""float32"",""rate_matching"":""Sionna RV0; filler removal, first2Z and tail puncturing; supported n only"",""scrambling"":""public_PCG64_SHA256_protocol_session_frame_group_counter_after_rate_matching_v1"",""torch"":""2.11.0+cu128"",""version"":""2.2.0""},""interleaver_sha256"":""d89d3d41c8077dc0e53c1b6c5960489dfefdc87d0e42f5926e31eca0d33b9149"",""k"":376,""k_filler"":104,""k_ldpc"":480,""layout_id"":""41682816ea66fd94b6f15b0fce00e4832ce164f5768ed9e6b35d8963d28fd529"",""modulation_padding_bits"":0,""mother_bits"":2496,""n"":1432,""n_cb"":2400,""n_cb_comp"":2296,""power_protocol"":""fixed_constellation_average_Es2"",""puncturing_bits"":960,""puncturing_first_2Z"":96,""puncturing_remaining"":864,""repetition_bits"":0,""scrambling"":""public_PCG64_SHA256_protocol_session_frame_group_counter_after_rate_matching_v1"",""shortening_bits"":104,""z"":48}","[1024,2048]"
QPSK,3/4,QPSK:r3/4,c2eb5b52256b82b367249d19cd9490335565f7a6247edeefb3e7cab8667170c1,1128,16,0,1144,1144,0,3536,1526,763,0,0.7496723460026212,0.7391874180865007,"{""actual_effective_rate"":0.7496723460026212,""bg"":""bg1"",""bit_mapping"":""component_Gray_00_-3_01_-1_10_3_11_1_over_sqrt5;QPSK_0_plus1_1_minus1"",""code_blocks"":1,""decoder_config"":{""cn_schedule"":""flooding"",""cn_update"":""boxplus-phi"",""early_stop"":false,""hard_out"":true,""harq_mode"":false,""llr_max"":20.0,""num_iter"":20,""precision"":""single"",""prune_pcm"":true,""return_infobits"":true,""vn_update"":""sum""},""implementation"":{""bit_mapping"":""component_Gray_00_-3_01_-1_10_3_11_1_over_sqrt5;QPSK_0_plus1_1_minus1"",""cuda"":""12.8"",""decoder"":{""cn_schedule"":""flooding"",""cn_update"":""boxplus-phi"",""early_stop"":false,""hard_out"":true,""harq_mode"":false,""llr_max"":20.0,""num_iter"":20,""precision"":""single"",""prune_pcm"":true,""return_infobits"":true,""vn_update"":""sum""},""decoder_source_sha256"":""44d84b92b749e2970f94d92cd348a11648e2286b4d851faa0af8b21d08f0da23"",""encoder_source_sha256"":""34d8db6660b2e84708a8fb534f63c194f6f2b964e3693fcffc9dcaf21532ccfd"",""implementation"":""Sionna_5G_LDPC"",""power_protocol"":""fixed_constellation_average_Es2"",""precision"":""float32"",""rate_matching"":""Sionna RV0; filler removal, first2Z and tail puncturing; supported n only"",""scrambling"":""public_PCG64_SHA256_protocol_session_frame_group_counter_after_rate_matching_v1"",""torch"":""2.11.0+cu128"",""version"":""2.2.0""},""interleaver_sha256"":""3e0a56f26b09bab70cc4c67438d5ab9fde5fa78ee15ad52b0bd60d89a5707476"",""k"":1144,""k_filler"":0,""k_ldpc"":1144,""layout_id"":""4c378d2f21cedf66d5721630ccdef9233271e0bee4ee6b45f95273038299e3c7"",""modulation_padding_bits"":0,""mother_bits"":3536,""n"":1526,""n_cb"":3432,""n_cb_comp"":3432,""power_protocol"":""fixed_constellation_average_Es2"",""puncturing_bits"":2010,""puncturing_first_2Z"":104,""puncturing_remaining"":1906,""repetition_bits"":0,""scrambling"":""public_PCG64_SHA256_protocol_session_frame_group_counter_after_rate_matching_v1"",""shortening_bits"":0,""z"":52}",[1024]
16QAM,1/2,16QAM:r1/2,c2eeaccd266dea33f3a7d98718e4cf2e4987bf64e05620453e5e7033a77b0620,660,16,0,676,720,44,3744,1920,480,0,0.35208333333333336,0.34375,"{""actual_effective_rate"":0.35208333333333336,""bg"":""bg2"",""bit_mapping"":""component_Gray_00_-3_01_-1_10_3_11_1_over_sqrt5;QPSK_0_plus1_1_minus1"",""code_blocks"":1,""decoder_config"":{""cn_schedule"":""flooding"",""cn_update"":""boxplus-phi"",""early_stop"":false,""hard_out"":true,""harq_mode"":false,""llr_max"":20.0,""num_iter"":20,""precision"":""single"",""prune_pcm"":true,""return_infobits"":true,""vn_update"":""sum""},""implementation"":{""bit_mapping"":""component_Gray_00_-3_01_-1_10_3_11_1_over_sqrt5;QPSK_0_plus1_1_minus1"",""cuda"":""12.8"",""decoder"":{""cn_schedule"":""flooding"",""cn_update"":""boxplus-phi"",""early_stop"":false,""hard_out"":true,""harq_mode"":false,""llr_max"":20.0,""num_iter"":20,""precision"":""single"",""prune_pcm"":true,""return_infobits"":true,""vn_update"":""sum""},""decoder_source_sha256"":""44d84b92b749e2970f94d92cd348a11648e2286b4d851faa0af8b21d08f0da23"",""encoder_source_sha256"":""34d8db6660b2e84708a8fb534f63c194f6f2b964e3693fcffc9dcaf21532ccfd"",""implementation"":""Sionna_5G_LDPC"",""power_protocol"":""fixed_constellation_average_Es2"",""precision"":""float32"",""rate_matching"":""Sionna RV0; filler removal, first2Z and tail puncturing; supported n only"",""scrambling"":""public_PCG64_SHA256_protocol_session_frame_group_counter_after_rate_matching_v1"",""torch"":""2.11.0+cu128"",""version"":""2.2.0""},""interleaver_sha256"":""85cd3d4fe67d3003d311a4853c9ba2df859cfcafc9ed2eefaac2ef020f41f57e"",""k"":676,""k_filler"":44,""k_ldpc"":720,""layout_id"":""73942be38ad03f004975283ea6b93c362666ac8149f5d82408a2ddeb2de90946"",""modulation_padding_bits"":0,""mother_bits"":3744,""n"":1920,""n_cb"":3600,""n_cb_comp"":3556,""power_protocol"":""fixed_constellation_average_Es2"",""puncturing_bits"":1780,""puncturing_first_2Z"":144,""puncturing_remaining"":1636,""repetition_bits"":0,""scrambling"":""public_PCG64_SHA256_protocol_session_frame_group_counter_after_rate_matching_v1"",""shortening_bits"":44,""z"":72}","[1024,2048]"
QPSK,2/3,QPSK:r2/3,c2f1af04bba6e075179aa17094d0dadf7f6c9638e5f82696af3a4814a065b027,144,16,0,160,280,120,1456,240,120,0,0.6666666666666666,0.6,"{""actual_effective_rate"":0.6666666666666666,""bg"":""bg2"",""bit_mapping"":""component_Gray_00_-3_01_-1_10_3_11_1_over_sqrt5;QPSK_0_plus1_1_minus1"",""code_blocks"":1,""decoder_config"":{""cn_schedule"":""flooding"",""cn_update"":""boxplus-phi"",""early_stop"":false,""hard_out"":true,""harq_mode"":false,""llr_max"":20.0,""num_iter"":20,""precision"":""single"",""prune_pcm"":true,""return_infobits"":true,""vn_update"":""sum""},""implementation"":{""bit_mapping"":""component_Gray_00_-3_01_-1_10_3_11_1_over_sqrt5;QPSK_0_plus1_1_minus1"",""cuda"":""12.8"",""decoder"":{""cn_schedule"":""flooding"",""cn_update"":""boxplus-phi"",""early_stop"":false,""hard_out"":true,""harq_mode"":false,""llr_max"":20.0,""num_iter"":20,""precision"":""single"",""prune_pcm"":true,""return_infobits"":true,""vn_update"":""sum""},""decoder_source_sha256"":""44d84b92b749e2970f94d92cd348a11648e2286b4d851faa0af8b21d08f0da23"",""encoder_source_sha256"":""34d8db6660b2e84708a8fb534f63c194f6f2b964e3693fcffc9dcaf21532ccfd"",""implementation"":""Sionna_5G_LDPC"",""power_protocol"":""fixed_constellation_average_Es2"",""precision"":""float32"",""rate_matching"":""Sionna RV0; filler removal, first2Z and tail puncturing; supported n only"",""scrambling"":""public_PCG64_SHA256_protocol_session_frame_group_counter_after_rate_matching_v1"",""torch"":""2.11.0+cu128"",""version"":""2.2.0""},""interleaver_sha256"":""9305c9411ddedec6fdc86299d03df85b5311ec49b9f9106c9df7daf69ad0ed42"",""k"":160,""k_filler"":120,""k_ldpc"":280,""layout_id"":""3479446bad13788810c5daf38254ebf59e037490169cb9df956f301955ea8634"",""modulation_padding_bits"":0,""mother_bits"":1456,""n"":240,""n_cb"":1400,""n_cb_comp"":1280,""power_protocol"":""fixed_constellation_average_Es2"",""puncturing_bits"":1096,""puncturing_first_2Z"":56,""puncturing_remaining"":1040,""repetition_bits"":0,""scrambling"":""public_PCG64_SHA256_protocol_session_frame_group_counter_after_rate_matching_v1"",""shortening_bits"":120,""z"":28}","[1024,2048]"
QPSK,1/2,QPSK:r1/2,c2f73aae73ba7ef977227d74f1b5f14ca50d7c7ba9e374d9e66e20812ea83f59,360,16,0,376,480,104,2496,1216,608,0,0.3092105263157895,0.29605263157894735,"{""actual_effective_rate"":0.3092105263157895,""bg"":""bg2"",""bit_mapping"":""component_Gray_00_-3_01_-1_10_3_11_1_over_sqrt5;QPSK_0_plus1_1_minus1"",""code_blocks"":1,""decoder_config"":{""cn_schedule"":""flooding"",""cn_update"":""boxplus-phi"",""early_stop"":false,""hard_out"":true,""harq_mode"":false,""llr_max"":20.0,""num_iter"":20,""precision"":""single"",""prune_pcm"":true,""return_infobits"":true,""vn_update"":""sum""},""implementation"":{""bit_mapping"":""component_Gray_00_-3_01_-1_10_3_11_1_over_sqrt5;QPSK_0_plus1_1_minus1"",""cuda"":""12.8"",""decoder"":{""cn_schedule"":""flooding"",""cn_update"":""boxplus-phi"",""early_stop"":false,""hard_out"":true,""harq_mode"":false,""llr_max"":20.0,""num_iter"":20,""precision"":""single"",""prune_pcm"":true,""return_infobits"":true,""vn_update"":""sum""},""decoder_source_sha256"":""44d84b92b749e2970f94d92cd348a11648e2286b4d851faa0af8b21d08f0da23"",""encoder_source_sha256"":""34d8db6660b2e84708a8fb534f63c194f6f2b964e3693fcffc9dcaf21532ccfd"",""implementation"":""Sionna_5G_LDPC"",""power_protocol"":""fixed_constellation_average_Es2"",""precision"":""float32"",""rate_matching"":""Sionna RV0; filler removal, first2Z and tail puncturing; supported n only"",""scrambling"":""public_PCG64_SHA256_protocol_session_frame_group_counter_after_rate_matching_v1"",""torch"":""2.11.0+cu128"",""version"":""2.2.0""},""interleaver_sha256"":""413e6e96f81a3f8b9b9e7c66dbd0756c1377470c8cbf2c1213bbb38346b93e42"",""k"":376,""k_filler"":104,""k_ldpc"":480,""layout_id"":""b9593007e3a8bcf5a259328fb3a4e749acbd516aa76e926cb582bf5699462e5e"",""modulation_padding_bits"":0,""mother_bits"":2496,""n"":1216,""n_cb"":2400,""n_cb_comp"":2296,""power_protocol"":""fixed_constellation_average_Es2"",""puncturing_bits"":1176,""puncturing_first_2Z"":96,""puncturing_remaining"":1080,""repetition_bits"":0,""scrambling"":""public_PCG64_SHA256_protocol_session_frame_group_counter_after_rate_matching_v1"",""shortening_bits"":104,""z"":48}",[2048]
QPSK,5/6,QPSK:r5/6,c300e4ab41f9054e04ea265fa2ecf4475fd0dc4582009cc52ae548ef7f34f9d4,216,16,0,232,300,68,1560,938,469,0,0.24733475479744135,0.2302771855010661,"{""actual_effective_rate"":0.24733475479744135,""bg"":""bg2"",""bit_mapping"":""component_Gray_00_-3_01_-1_10_3_11_1_over_sqrt5;QPSK_0_plus1_1_minus1"",""code_blocks"":1,""decoder_config"":{""cn_schedule"":""flooding"",""cn_update"":""boxplus-phi"",""early_stop"":false,""hard_out"":true,""harq_mode"":false,""llr_max"":20.0,""num_iter"":20,""precision"":""single"",""prune_pcm"":true,""return_infobits"":true,""vn_update"":""sum""},""implementation"":{""bit_mapping"":""component_Gray_00_-3_01_-1_10_3_11_1_over_sqrt5;QPSK_0_plus1_1_minus1"",""cuda"":""12.8"",""decoder"":{""cn_schedule"":""flooding"",""cn_update"":""boxplus-phi"",""early_stop"":false,""hard_out"":true,""harq_mode"":false,""llr_max"":20.0,""num_iter"":20,""precision"":""single"",""prune_pcm"":true,""return_infobits"":true,""vn_update"":""sum""},""decoder_source_sha256"":""44d84b92b749e2970f94d92cd348a11648e2286b4d851faa0af8b21d08f0da23"",""encoder_source_sha256"":""34d8db6660b2e84708a8fb534f63c194f6f2b964e3693fcffc9dcaf21532ccfd"",""implementation"":""Sionna_5G_LDPC"",""power_protocol"":""fixed_constellation_average_Es2"",""precision"":""float32"",""rate_matching"":""Sionna RV0; filler removal, first2Z and tail puncturing; supported n only"",""scrambling"":""public_PCG64_SHA256_protocol_session_frame_group_counter_after_rate_matching_v1"",""torch"":""2.11.0+cu128"",""version"":""2.2.0""},""interleaver_sha256"":""256189ffb58640bda08defbfb5e716823e75c5395201a5bdda3a4d969bdc9877"",""k"":232,""k_filler"":68,""k_ldpc"":300,""layout_id"":""801c5784f1738032c2e260c3d8347320bab5a8217543f39e39164580d8f8f5f4"",""modulation_padding_bits"":0,""mother_bits"":1560,""n"":938,""n_cb"":1500,""n_cb_comp"":1432,""power_protocol"":""fixed_constellation_average_Es2"",""puncturing_bits"":554,""puncturing_first_2Z"":60,""puncturing_remaining"":494,""repetition_bits"":0,""scrambling"":""public_PCG64_SHA256_protocol_session_frame_group_counter_after_rate_matching_v1"",""shortening_bits"":68,""z"":30}",[2048]
16QAM,5/6,16QAM:r5/6,c30f419c212253007b8116560691f787619b2ea9d50abe1f4879ecc071b6366e,660,16,0,676,720,44,3744,1180,295,0,0.5728813559322034,0.559322033898305,"{""actual_effective_rate"":0.5728813559322034,""bg"":""bg2"",""bit_mapping"":""component_Gray_00_-3_01_-1_10_3_11_1_over_sqrt5;QPSK_0_plus1_1_minus1"",""code_blocks"":1,""decoder_config"":{""cn_schedule"":""flooding"",""cn_update"":""boxplus-phi"",""early_stop"":false,""hard_out"":true,""harq_mode"":false,""llr_max"":20.0,""num_iter"":20,""precision"":""single"",""prune_pcm"":true,""return_infobits"":true,""vn_update"":""sum""},""implementation"":{""bit_mapping"":""component_Gray_00_-3_01_-1_10_3_11_1_over_sqrt5;QPSK_0_plus1_1_minus1"",""cuda"":""12.8"",""decoder"":{""cn_schedule"":""flooding"",""cn_update"":""boxplus-phi"",""early_stop"":false,""hard_out"":true,""harq_mode"":false,""llr_max"":20.0,""num_iter"":20,""precision"":""single"",""prune_pcm"":true,""return_infobits"":true,""vn_update"":""sum""},""decoder_source_sha256"":""44d84b92b749e2970f94d92cd348a11648e2286b4d851faa0af8b21d08f0da23"",""encoder_source_sha256"":""34d8db6660b2e84708a8fb534f63c194f6f2b964e3693fcffc9dcaf21532ccfd"",""implementation"":""Sionna_5G_LDPC"",""power_protocol"":""fixed_constellation_average_Es2"",""precision"":""float32"",""rate_matching"":""Sionna RV0; filler removal, first2Z and tail puncturing; supported n only"",""scrambling"":""public_PCG64_SHA256_protocol_session_frame_group_counter_after_rate_matching_v1"",""torch"":""2.11.0+cu128"",""version"":""2.2.0""},""interleaver_sha256"":""08d5b28feb85a2500ca70da55f23c4a25bb2b2cd1c9d878feb6d45380136530e"",""k"":676,""k_filler"":44,""k_ldpc"":720,""layout_id"":""7e4846f7580869f52ab333aad7439b92e84f7cd40ec73ce543b0b0c9fded1d02"",""modulation_padding_bits"":0,""mother_bits"":3744,""n"":1180,""n_cb"":3600,""n_cb_comp"":3556,""power_protocol"":""fixed_constellation_average_Es2"",""puncturing_bits"":2520,""puncturing_first_2Z"":144,""puncturing_remaining"":2376,""repetition_bits"":0,""scrambling"":""public_PCG64_SHA256_protocol_session_frame_group_counter_after_rate_matching_v1"",""shortening_bits"":44,""z"":72}",[1024]
16QAM,3/4,16QAM:r3/4,c312132fab8d276bec206952fcae18eaf1c8dd0c318a9d4b11fb5f9cbc2907bc,1860,16,0,1876,1920,44,9984,6116,1529,0,0.30673642903858733,0.30412034009156313,"{""actual_effective_rate"":0.30673642903858733,""bg"":""bg2"",""bit_mapping"":""component_Gray_00_-3_01_-1_10_3_11_1_over_sqrt5;QPSK_0_plus1_1_minus1"",""code_blocks"":1,""decoder_config"":{""cn_schedule"":""flooding"",""cn_update"":""boxplus-phi"",""early_stop"":false,""hard_out"":true,""harq_mode"":false,""llr_max"":20.0,""num_iter"":20,""precision"":""single"",""prune_pcm"":true,""return_infobits"":true,""vn_update"":""sum""},""implementation"":{""bit_mapping"":""component_Gray_00_-3_01_-1_10_3_11_1_over_sqrt5;QPSK_0_plus1_1_minus1"",""cuda"":""12.8"",""decoder"":{""cn_schedule"":""flooding"",""cn_update"":""boxplus-phi"",""early_stop"":false,""hard_out"":true,""harq_mode"":false,""llr_max"":20.0,""num_iter"":20,""precision"":""single"",""prune_pcm"":true,""return_infobits"":true,""vn_update"":""sum""},""decoder_source_sha256"":""44d84b92b749e2970f94d92cd348a11648e2286b4d851faa0af8b21d08f0da23"",""encoder_source_sha256"":""34d8db6660b2e84708a8fb534f63c194f6f2b964e3693fcffc9dcaf21532ccfd"",""implementation"":""Sionna_5G_LDPC"",""power_protocol"":""fixed_constellation_average_Es2"",""precision"":""float32"",""rate_matching"":""Sionna RV0; filler removal, first2Z and tail puncturing; supported n only"",""scrambling"":""public_PCG64_SHA256_protocol_session_frame_group_counter_after_rate_matching_v1"",""torch"":""2.11.0+cu128"",""version"":""2.2.0""},""interleaver_sha256"":""6f2bcc3848f7140b41fc7fefc46ccfcbb9f49e9d6918976395fc0708171309eb"",""k"":1876,""k_filler"":44,""k_ldpc"":1920,""layout_id"":""7109f252a4d54124dcc1ee35d4a3d4b25ba24670844147ff1b9739add62e71e9"",""modulation_padding_bits"":0,""mother_bits"":9984,""n"":6116,""n_cb"":9600,""n_cb_comp"":9556,""power_protocol"":""fixed_constellation_average_Es2"",""puncturing_bits"":3824,""puncturing_first_2Z"":384,""puncturing_remaining"":3440,""repetition_bits"":0,""scrambling"":""public_PCG64_SHA256_protocol_session_frame_group_counter_after_rate_matching_v1"",""shortening_bits"":44,""z"":192}",[2048]
QPSK,1/2,QPSK:r1/2,c312a797cb900942747e5a619f1040383c0b2377cb7811583f066595ca45787f,1704,16,0,1720,1760,40,9152,3450,1725,0,0.4985507246376812,0.49391304347826087,"{""actual_effective_rate"":0.4985507246376812,""bg"":""bg2"",""bit_mapping"":""component_Gray_00_-3_01_-1_10_3_11_1_over_sqrt5;QPSK_0_plus1_1_minus1"",""code_blocks"":1,""decoder_config"":{""cn_schedule"":""flooding"",""cn_update"":""boxplus-phi"",""early_stop"":false,""hard_out"":true,""harq_mode"":false,""llr_max"":20.0,""num_iter"":20,""precision"":""single"",""prune_pcm"":true,""return_infobits"":true,""vn_update"":""sum""},""implementation"":{""bit_mapping"":""component_Gray_00_-3_01_-1_10_3_11_1_over_sqrt5;QPSK_0_plus1_1_minus1"",""cuda"":""12.8"",""decoder"":{""cn_schedule"":""flooding"",""cn_update"":""boxplus-phi"",""early_stop"":false,""hard_out"":true,""harq_mode"":false,""llr_max"":20.0,""num_iter"":20,""precision"":""single"",""prune_pcm"":true,""return_infobits"":true,""vn_update"":""sum""},""decoder_source_sha256"":""44d84b92b749e2970f94d92cd348a11648e2286b4d851faa0af8b21d08f0da23"",""encoder_source_sha256"":""34d8db6660b2e84708a8fb534f63c194f6f2b964e3693fcffc9dcaf21532ccfd"",""implementation"":""Sionna_5G_LDPC"",""power_protocol"":""fixed_constellation_average_Es2"",""precision"":""float32"",""rate_matching"":""Sionna RV0; filler removal, first2Z and tail puncturing; supported n only"",""scrambling"":""public_PCG64_SHA256_protocol_session_frame_group_counter_after_rate_matching_v1"",""torch"":""2.11.0+cu128"",""version"":""2.2.0""},""interleaver_sha256"":""60a4c437224bf8aeb8c71902eaaf518b5dc1edffbb435c5b697cb40f84d8cb51"",""k"":1720,""k_filler"":40,""k_ldpc"":1760,""layout_id"":""ad43c6bc5555b62d7d3ae07e0776a518e1d9f155d221db92b6057b9f801d0de5"",""modulation_padding_bits"":0,""mother_bits"":9152,""n"":3450,""n_cb"":8800,""n_cb_comp"":8760,""power_protocol"":""fixed_constellation_average_Es2"",""puncturing_bits"":5662,""puncturing_first_2Z"":352,""puncturing_remaining"":5310,""repetition_bits"":0,""scrambling"":""public_PCG64_SHA256_protocol_session_frame_group_counter_after_rate_matching_v1"",""shortening_bits"":40,""z"":176}",[2048]
16QAM,2/3,16QAM:r2/3,c334fdc3161f27be2540f7e55e5ce9254e8e8dec0ef853e0a1cd9d41615296c8,1092,16,0,1108,1120,12,5824,3832,958,0,0.28914405010438415,0.2849686847599165,"{""actual_effective_rate"":0.28914405010438415,""bg"":""bg2"",""bit_mapping"":""component_Gray_00_-3_01_-1_10_3_11_1_over_sqrt5;QPSK_0_plus1_1_minus1"",""code_blocks"":1,""decoder_config"":{""cn_schedule"":""flooding"",""cn_update"":""boxplus-phi"",""early_stop"":false,""hard_out"":true,""harq_mode"":false,""llr_max"":20.0,""num_iter"":20,""precision"":""single"",""prune_pcm"":true,""return_infobits"":true,""vn_update"":""sum""},""implementation"":{""bit_mapping"":""component_Gray_00_-3_01_-1_10_3_11_1_over_sqrt5;QPSK_0_plus1_1_minus1"",""cuda"":""12.8"",""decoder"":{""cn_schedule"":""flooding"",""cn_update"":""boxplus-phi"",""early_stop"":false,""hard_out"":true,""harq_mode"":false,""llr_max"":20.0,""num_iter"":20,""precision"":""single"",""prune_pcm"":true,""return_infobits"":true,""vn_update"":""sum""},""decoder_source_sha256"":""44d84b92b749e2970f94d92cd348a11648e2286b4d851faa0af8b21d08f0da23"",""encoder_source_sha256"":""34d8db6660b2e84708a8fb534f63c194f6f2b964e3693fcffc9dcaf21532ccfd"",""implementation"":""Sionna_5G_LDPC"",""power_protocol"":""fixed_constellation_average_Es2"",""precision"":""float32"",""rate_matching"":""Sionna RV0; filler removal, first2Z and tail puncturing; supported n only"",""scrambling"":""public_PCG64_SHA256_protocol_session_frame_group_counter_after_rate_matching_v1"",""torch"":""2.11.0+cu128"",""version"":""2.2.0""},""interleaver_sha256"":""7764f44959a081ac20f5f2adaba87edd8b6d4c90bb40fd467b99921456a31cdf"",""k"":1108,""k_filler"":12,""k_ldpc"":1120,""layout_id"":""05711d33c9efe03ae4e41c4489a3ce1f6c1bf7eb90df785da5653d850abd419e"",""modulation_padding_bits"":0,""mother_bits"":5824,""n"":3832,""n_cb"":5600,""n_cb_comp"":5588,""power_protocol"":""fixed_constellation_average_Es2"",""puncturing_bits"":1980,""puncturing_first_2Z"":224,""puncturing_remaining"":1756,""repetition_bits"":0,""scrambling"":""public_PCG64_SHA256_protocol_session_frame_group_counter_after_rate_matching_v1"",""shortening_bits"":12,""z"":112}",[2048]
16QAM,5/6,16QAM:r5/6,c3361990d0c34a10ad85d99a1dda1796181b68bfb97dae55c1e231509cfeac86,3996,16,0,4012,4224,212,13056,4996,1249,0,0.8030424339471577,0.799839871897518,"{""actual_effective_rate"":0.8030424339471577,""bg"":""bg1"",""bit_mapping"":""component_Gray_00_-3_01_-1_10_3_11_1_over_sqrt5;QPSK_0_plus1_1_minus1"",""code_blocks"":1,""decoder_config"":{""cn_schedule"":""flooding"",""cn_update"":""boxplus-phi"",""early_stop"":false,""hard_out"":true,""harq_mode"":false,""llr_max"":20.0,""num_iter"":20,""precision"":""single"",""prune_pcm"":true,""return_infobits"":true,""vn_update"":""sum""},""implementation"":{""bit_mapping"":""component_Gray_00_-3_01_-1_10_3_11_1_over_sqrt5;QPSK_0_plus1_1_minus1"",""cuda"":""12.8"",""decoder"":{""cn_schedule"":""flooding"",""cn_update"":""boxplus-phi"",""early_stop"":false,""hard_out"":true,""harq_mode"":false,""llr_max"":20.0,""num_iter"":20,""precision"":""single"",""prune_pcm"":true,""return_infobits"":true,""vn_update"":""sum""},""decoder_source_sha256"":""44d84b92b749e2970f94d92cd348a11648e2286b4d851faa0af8b21d08f0da23"",""encoder_source_sha256"":""34d8db6660b2e84708a8fb534f63c194f6f2b964e3693fcffc9dcaf21532ccfd"",""implementation"":""Sionna_5G_LDPC"",""power_protocol"":""fixed_constellation_average_Es2"",""precision"":""float32"",""rate_matching"":""Sionna RV0; filler removal, first2Z and tail puncturing; supported n only"",""scrambling"":""public_PCG64_SHA256_protocol_session_frame_group_counter_after_rate_matching_v1"",""torch"":""2.11.0+cu128"",""version"":""2.2.0""},""interleaver_sha256"":""77a92820f8d51d8fe886f2fa7ecfd47f6f20ae4cab5319e791a89902d5357cc4"",""k"":4012,""k_filler"":212,""k_ldpc"":4224,""layout_id"":""4df42d1d89eb833242de06e3d3db30638f3575c07a697ec38f53d21eb6723d8c"",""modulation_padding_bits"":0,""mother_bits"":13056,""n"":4996,""n_cb"":12672,""n_cb_comp"":12460,""power_protocol"":""fixed_constellation_average_Es2"",""puncturing_bits"":7848,""puncturing_first_2Z"":384,""puncturing_remaining"":7464,""repetition_bits"":0,""scrambling"":""public_PCG64_SHA256_protocol_session_frame_group_counter_after_rate_matching_v1"",""shortening_bits"":212,""z"":192}",[2048]
16QAM,1/3,16QAM:r1/3,c3383aba0ae290e2905f36d7efd747f7c722c115640a081ffbf43eab13fad948,576,16,0,592,720,128,3744,1972,493,0,0.3002028397565923,0.2920892494929006,"{""actual_effective_rate"":0.3002028397565923,""bg"":""bg2"",""bit_mapping"":""component_Gray_00_-3_01_-1_10_3_11_1_over_sqrt5;QPSK_0_plus1_1_minus1"",""code_blocks"":1,""decoder_config"":{""cn_schedule"":""flooding"",""cn_update"":""boxplus-phi"",""early_stop"":false,""hard_out"":true,""harq_mode"":false,""llr_max"":20.0,""num_iter"":20,""precision"":""single"",""prune_pcm"":true,""return_infobits"":true,""vn_update"":""sum""},""implementation"":{""bit_mapping"":""component_Gray_00_-3_01_-1_10_3_11_1_over_sqrt5;QPSK_0_plus1_1_minus1"",""cuda"":""12.8"",""decoder"":{""cn_schedule"":""flooding"",""cn_update"":""boxplus-phi"",""early_stop"":false,""hard_out"":true,""harq_mode"":false,""llr_max"":20.0,""num_iter"":20,""precision"":""single"",""prune_pcm"":true,""return_infobits"":true,""vn_update"":""sum""},""decoder_source_sha256"":""44d84b92b749e2970f94d92cd348a11648e2286b4d851faa0af8b21d08f0da23"",""encoder_source_sha256"":""34d8db6660b2e84708a8fb534f63c194f6f2b964e3693fcffc9dcaf21532ccfd"",""implementation"":""Sionna_5G_LDPC"",""power_protocol"":""fixed_constellation_average_Es2"",""precision"":""float32"",""rate_matching"":""Sionna RV0; filler removal, first2Z and tail puncturing; supported n only"",""scrambling"":""public_PCG64_SHA256_protocol_session_frame_group_counter_after_rate_matching_v1"",""torch"":""2.11.0+cu128"",""version"":""2.2.0""},""interleaver_sha256"":""3daf343d0568050dbed5e6bf8470434ce437743b75891e766fb936540dda67b4"",""k"":592,""k_filler"":128,""k_ldpc"":720,""layout_id"":""750d98c4154722d6c10c9eadd1462b9d77ff32aa2ac59a71cb7340d51b25b4ae"",""modulation_padding_bits"":0,""mother_bits"":3744,""n"":1972,""n_cb"":3600,""n_cb_comp"":3472,""power_protocol"":""fixed_constellation_average_Es2"",""puncturing_bits"":1644,""puncturing_first_2Z"":144,""puncturing_remaining"":1500,""repetition_bits"":0,""scrambling"":""public_PCG64_SHA256_protocol_session_frame_group_counter_after_rate_matching_v1"",""shortening_bits"":128,""z"":72}",[1024]
16QAM,5/6,16QAM:r5/6,c338b11f064e0bfdedfe7df2a0a680ebfb1656390f6ac6f36bd81c956e3bee35,6156,16,0,6172,6336,164,19584,7408,1852,0,0.8331533477321814,0.8309935205183585,"{""actual_effective_rate"":0.8331533477321814,""bg"":""bg1"",""bit_mapping"":""component_Gray_00_-3_01_-1_10_3_11_1_over_sqrt5;QPSK_0_plus1_1_minus1"",""code_blocks"":1,""decoder_config"":{""cn_schedule"":""flooding"",""cn_update"":""boxplus-phi"",""early_stop"":false,""hard_out"":true,""harq_mode"":false,""llr_max"":20.0,""num_iter"":20,""precision"":""single"",""prune_pcm"":true,""return_infobits"":true,""vn_update"":""sum""},""implementation"":{""bit_mapping"":""component_Gray_00_-3_01_-1_10_3_11_1_over_sqrt5;QPSK_0_plus1_1_minus1"",""cuda"":""12.8"",""decoder"":{""cn_schedule"":""flooding"",""cn_update"":""boxplus-phi"",""early_stop"":false,""hard_out"":true,""harq_mode"":false,""llr_max"":20.0,""num_iter"":20,""precision"":""single"",""prune_pcm"":true,""return_infobits"":true,""vn_update"":""sum""},""decoder_source_sha256"":""44d84b92b749e2970f94d92cd348a11648e2286b4d851faa0af8b21d08f0da23"",""encoder_source_sha256"":""34d8db6660b2e84708a8fb534f63c194f6f2b964e3693fcffc9dcaf21532ccfd"",""implementation"":""Sionna_5G_LDPC"",""power_protocol"":""fixed_constellation_average_Es2"",""precision"":""float32"",""rate_matching"":""Sionna RV0; filler removal, first2Z and tail puncturing; supported n only"",""scrambling"":""public_PCG64_SHA256_protocol_session_frame_group_counter_after_rate_matching_v1"",""torch"":""2.11.0+cu128"",""version"":""2.2.0""},""interleaver_sha256"":""7215c12dd3fe0fcb9bc7320148ce7ae69e792b02f085568ca2d7dfd1691deaba"",""k"":6172,""k_filler"":164,""k_ldpc"":6336,""layout_id"":""8b2fea34d5fb87afad1260c4d339a3fd974a3a14afe8b9ea9dc96200df7215f7"",""modulation_padding_bits"":0,""mother_bits"":19584,""n"":7408,""n_cb"":19008,""n_cb_comp"":18844,""power_protocol"":""fixed_constellation_average_Es2"",""puncturing_bits"":12012,""puncturing_first_2Z"":576,""puncturing_remaining"":11436,""repetition_bits"":0,""scrambling"":""public_PCG64_SHA256_protocol_session_frame_group_counter_after_rate_matching_v1"",""shortening_bits"":164,""z"":288}",[2048]
16QAM,3/4,16QAM:r3/4,c341ede89790bfb20073837494aceaa9b520e2de7919f90ee5a54b6d23ced5ec,660,16,0,676,720,44,3744,1124,281,0,0.6014234875444839,0.5871886120996441,"{""actual_effective_rate"":0.6014234875444839,""bg"":""bg2"",""bit_mapping"":""component_Gray_00_-3_01_-1_10_3_11_1_over_sqrt5;QPSK_0_plus1_1_minus1"",""code_blocks"":1,""decoder_config"":{""cn_schedule"":""flooding"",""cn_update"":""boxplus-phi"",""early_stop"":false,""hard_out"":true,""harq_mode"":false,""llr_max"":20.0,""num_iter"":20,""precision"":""single"",""prune_pcm"":true,""return_infobits"":true,""vn_update"":""sum""},""implementation"":{""bit_mapping"":""component_Gray_00_-3_01_-1_10_3_11_1_over_sqrt5;QPSK_0_plus1_1_minus1"",""cuda"":""12.8"",""decoder"":{""cn_schedule"":""flooding"",""cn_update"":""boxplus-phi"",""early_stop"":false,""hard_out"":true,""harq_mode"":false,""llr_max"":20.0,""num_iter"":20,""precision"":""single"",""prune_pcm"":true,""return_infobits"":true,""vn_update"":""sum""},""decoder_source_sha256"":""44d84b92b749e2970f94d92cd348a11648e2286b4d851faa0af8b21d08f0da23"",""encoder_source_sha256"":""34d8db6660b2e84708a8fb534f63c194f6f2b964e3693fcffc9dcaf21532ccfd"",""implementation"":""Sionna_5G_LDPC"",""power_protocol"":""fixed_constellation_average_Es2"",""precision"":""float32"",""rate_matching"":""Sionna RV0; filler removal, first2Z and tail puncturing; supported n only"",""scrambling"":""public_PCG64_SHA256_protocol_session_frame_group_counter_after_rate_matching_v1"",""torch"":""2.11.0+cu128"",""version"":""2.2.0""},""interleaver_sha256"":""4235714b3be6bedd9e1eec169d5cdd91cffd46026e0bc842f71f4a8602085039"",""k"":676,""k_filler"":44,""k_ldpc"":720,""layout_id"":""025937fc6d42cf4ce977accc1c0e931b613f655d24b11813db57da899380c16c"",""modulation_padding_bits"":0,""mother_bits"":3744,""n"":1124,""n_cb"":3600,""n_cb_comp"":3556,""power_protocol"":""fixed_constellation_average_Es2"",""puncturing_bits"":2576,""puncturing_first_2Z"":144,""puncturing_remaining"":2432,""repetition_bits"":0,""scrambling"":""public_PCG64_SHA256_protocol_session_frame_group_counter_after_rate_matching_v1"",""shortening_bits"":44,""z"":72}","[1024,2048]"
16QAM,2/3,16QAM:r2/3,c34989798d901382714010edcd80d162885a36ca827fb5827036abb51a57753d,660,16,0,676,720,44,3744,2840,710,0,0.2380281690140845,0.2323943661971831,"{""actual_effective_rate"":0.2380281690140845,""bg"":""bg2"",""bit_mapping"":""component_Gray_00_-3_01_-1_10_3_11_1_over_sqrt5;QPSK_0_plus1_1_minus1"",""code_blocks"":1,""decoder_config"":{""cn_schedule"":""flooding"",""cn_update"":""boxplus-phi"",""early_stop"":false,""hard_out"":true,""harq_mode"":false,""llr_max"":20.0,""num_iter"":20,""precision"":""single"",""prune_pcm"":true,""return_infobits"":true,""vn_update"":""sum""},""implementation"":{""bit_mapping"":""component_Gray_00_-3_01_-1_10_3_11_1_over_sqrt5;QPSK_0_plus1_1_minus1"",""cuda"":""12.8"",""decoder"":{""cn_schedule"":""flooding"",""cn_update"":""boxplus-phi"",""early_stop"":false,""hard_out"":true,""harq_mode"":false,""llr_max"":20.0,""num_iter"":20,""precision"":""single"",""prune_pcm"":true,""return_infobits"":true,""vn_update"":""sum""},""decoder_source_sha256"":""44d84b92b749e2970f94d92cd348a11648e2286b4d851faa0af8b21d08f0da23"",""encoder_source_sha256"":""34d8db6660b2e84708a8fb534f63c194f6f2b964e3693fcffc9dcaf21532ccfd"",""implementation"":""Sionna_5G_LDPC"",""power_protocol"":""fixed_constellation_average_Es2"",""precision"":""float32"",""rate_matching"":""Sionna RV0; filler removal, first2Z and tail puncturing; supported n only"",""scrambling"":""public_PCG64_SHA256_protocol_session_frame_group_counter_after_rate_matching_v1"",""torch"":""2.11.0+cu128"",""version"":""2.2.0""},""interleaver_sha256"":""9aba5d2b85ade38158f0a29a19f8d0a069000be99020b3f786008c8ab782cd6a"",""k"":676,""k_filler"":44,""k_ldpc"":720,""layout_id"":""70929955ae861e383e9ae64f21d45e435b9161f76b7e2c49790ede5c3280a12b"",""modulation_padding_bits"":0,""mother_bits"":3744,""n"":2840,""n_cb"":3600,""n_cb_comp"":3556,""power_protocol"":""fixed_constellation_average_Es2"",""puncturing_bits"":860,""puncturing_first_2Z"":144,""puncturing_remaining"":716,""repetition_bits"":0,""scrambling"":""public_PCG64_SHA256_protocol_session_frame_group_counter_after_rate_matching_v1"",""shortening_bits"":44,""z"":72}",[2048]
16QAM,2/3,16QAM:r2/3,c34db982fca4ae7c667fdbc1de0c9f0f3b0749d9c4a43d0c8200cd0828092e99,2100,16,0,2116,2240,124,11648,6724,1681,0,0.31469363474122547,0.3123140987507436,"{""actual_effective_rate"":0.31469363474122547,""bg"":""bg2"",""bit_mapping"":""component_Gray_00_-3_01_-1_10_3_11_1_over_sqrt5;QPSK_0_plus1_1_minus1"",""code_blocks"":1,""decoder_config"":{""cn_schedule"":""flooding"",""cn_update"":""boxplus-phi"",""early_stop"":false,""hard_out"":true,""harq_mode"":false,""llr_max"":20.0,""num_iter"":20,""precision"":""single"",""prune_pcm"":true,""return_infobits"":true,""vn_update"":""sum""},""implementation"":{""bit_mapping"":""component_Gray_00_-3_01_-1_10_3_11_1_over_sqrt5;QPSK_0_plus1_1_minus1"",""cuda"":""12.8"",""decoder"":{""cn_schedule"":""flooding"",""cn_update"":""boxplus-phi"",""early_stop"":false,""hard_out"":true,""harq_mode"":false,""llr_max"":20.0,""num_iter"":20,""precision"":""single"",""prune_pcm"":true,""return_infobits"":true,""vn_update"":""sum""},""decoder_source_sha256"":""44d84b92b749e2970f94d92cd348a11648e2286b4d851faa0af8b21d08f0da23"",""encoder_source_sha256"":""34d8db6660b2e84708a8fb534f63c194f6f2b964e3693fcffc9dcaf21532ccfd"",""implementation"":""Sionna_5G_LDPC"",""power_protocol"":""fixed_constellation_average_Es2"",""precision"":""float32"",""rate_matching"":""Sionna RV0; filler removal, first2Z and tail puncturing; supported n only"",""scrambling"":""public_PCG64_SHA256_protocol_session_frame_group_counter_after_rate_matching_v1"",""torch"":""2.11.0+cu128"",""version"":""2.2.0""},""interleaver_sha256"":""9b344073e365a5e13b397465cc233d63bfe5b24c2eacac54219cb1b5579d1a9a"",""k"":2116,""k_filler"":124,""k_ldpc"":2240,""layout_id"":""58421703acec8d4596e97d73a0f2a4af1faae7be9e33277da850acb499364f18"",""modulation_padding_bits"":0,""mother_bits"":11648,""n"":6724,""n_cb"":11200,""n_cb_comp"":11076,""power_protocol"":""fixed_constellation_average_Es2"",""puncturing_bits"":4800,""puncturing_first_2Z"":448,""puncturing_remaining"":4352,""repetition_bits"":0,""scrambling"":""public_PCG64_SHA256_protocol_session_frame_group_counter_after_rate_matching_v1"",""shortening_bits"":124,""z"":224}",[2048]
16QAM,5/6,16QAM:r5/6,c3554bd48fd3ef0cae91f4b4e517edff15b2cb3b72aacf161fe070789e0ecb2b,3996,16,0,4012,4224,212,13056,6056,1514,0,0.6624834874504624,0.6598414795244386,"{""actual_effective_rate"":0.6624834874504624,""bg"":""bg1"",""bit_mapping"":""component_Gray_00_-3_01_-1_10_3_11_1_over_sqrt5;QPSK_0_plus1_1_minus1"",""code_blocks"":1,""decoder_config"":{""cn_schedule"":""flooding"",""cn_update"":""boxplus-phi"",""early_stop"":false,""hard_out"":true,""harq_mode"":false,""llr_max"":20.0,""num_iter"":20,""precision"":""single"",""prune_pcm"":true,""return_infobits"":true,""vn_update"":""sum""},""implementation"":{""bit_mapping"":""component_Gray_00_-3_01_-1_10_3_11_1_over_sqrt5;QPSK_0_plus1_1_minus1"",""cuda"":""12.8"",""decoder"":{""cn_schedule"":""flooding"",""cn_update"":""boxplus-phi"",""early_stop"":false,""hard_out"":true,""harq_mode"":false,""llr_max"":20.0,""num_iter"":20,""precision"":""single"",""prune_pcm"":true,""return_infobits"":true,""vn_update"":""sum""},""decoder_source_sha256"":""44d84b92b749e2970f94d92cd348a11648e2286b4d851faa0af8b21d08f0da23"",""encoder_source_sha256"":""34d8db6660b2e84708a8fb534f63c194f6f2b964e3693fcffc9dcaf21532ccfd"",""implementation"":""Sionna_5G_LDPC"",""power_protocol"":""fixed_constellation_average_Es2"",""precision"":""float32"",""rate_matching"":""Sionna RV0; filler removal, first2Z and tail puncturing; supported n only"",""scrambling"":""public_PCG64_SHA256_protocol_session_frame_group_counter_after_rate_matching_v1"",""torch"":""2.11.0+cu128"",""version"":""2.2.0""},""interleaver_sha256"":""d6bf55905634efed4860653879839cf4e653c1f42234c4109fcf009a1a117354"",""k"":4012,""k_filler"":212,""k_ldpc"":4224,""layout_id"":""b6d0e74294adc0fc5c95416d260b8bb4df23921dd6f591d016c8f7e381ae6456"",""modulation_padding_bits"":0,""mother_bits"":13056,""n"":6056,""n_cb"":12672,""n_cb_comp"":12460,""power_protocol"":""fixed_constellation_average_Es2"",""puncturing_bits"":6788,""puncturing_first_2Z"":384,""puncturing_remaining"":6404,""repetition_bits"":0,""scrambling"":""public_PCG64_SHA256_protocol_session_frame_group_counter_after_rate_matching_v1"",""shortening_bits"":212,""z"":192}",[2048]
16QAM,3/4,16QAM:r3/4,c35e0047a0787fa886e0b13aca518a8c34adbb27287bc781dc99302a623f23a8,3408,16,0,3424,3520,96,18304,5484,1371,0,0.62436177972283,0.6214442013129103,"{""actual_effective_rate"":0.62436177972283,""bg"":""bg2"",""bit_mapping"":""component_Gray_00_-3_01_-1_10_3_11_1_over_sqrt5;QPSK_0_plus1_1_minus1"",""code_blocks"":1,""decoder_config"":{""cn_schedule"":""flooding"",""cn_update"":""boxplus-phi"",""early_stop"":false,""hard_out"":true,""harq_mode"":false,""llr_max"":20.0,""num_iter"":20,""precision"":""single"",""prune_pcm"":true,""return_infobits"":true,""vn_update"":""sum""},""implementation"":{""bit_mapping"":""component_Gray_00_-3_01_-1_10_3_11_1_over_sqrt5;QPSK_0_plus1_1_minus1"",""cuda"":""12.8"",""decoder"":{""cn_schedule"":""flooding"",""cn_update"":""boxplus-phi"",""early_stop"":false,""hard_out"":true,""harq_mode"":false,""llr_max"":20.0,""num_iter"":20,""precision"":""single"",""prune_pcm"":true,""return_infobits"":true,""vn_update"":""sum""},""decoder_source_sha256"":""44d84b92b749e2970f94d92cd348a11648e2286b4d851faa0af8b21d08f0da23"",""encoder_source_sha256"":""34d8db6660b2e84708a8fb534f63c194f6f2b964e3693fcffc9dcaf21532ccfd"",""implementation"":""Sionna_5G_LDPC"",""power_protocol"":""fixed_constellation_average_Es2"",""precision"":""float32"",""rate_matching"":""Sionna RV0; filler removal, first2Z and tail puncturing; supported n only"",""scrambling"":""public_PCG64_SHA256_protocol_session_frame_group_counter_after_rate_matching_v1"",""torch"":""2.11.0+cu128"",""version"":""2.2.0""},""interleaver_sha256"":""a00bae02f80a74f94ef3bf24743561c67eefeb40e3fa34336f41548f4165c603"",""k"":3424,""k_filler"":96,""k_ldpc"":3520,""layout_id"":""fe7872e309f3609b4ba6f0712733e7090ac91c4d7fadaa38feb668855fb2689f"",""modulation_padding_bits"":0,""mother_bits"":18304,""n"":5484,""n_cb"":17600,""n_cb_comp"":17504,""power_protocol"":""fixed_constellation_average_Es2"",""puncturing_bits"":12724,""puncturing_first_2Z"":704,""puncturing_remaining"":12020,""repetition_bits"":0,""scrambling"":""public_PCG64_SHA256_protocol_session_frame_group_counter_after_rate_matching_v1"",""shortening_bits"":96,""z"":352}",[2048]
16QAM,5/6,16QAM:r5/6,c376d70f1ff5dfc64623435a74246e71a69d491faaa28f1d237b85db2b87fe41,660,16,0,676,704,28,2176,824,206,0,0.8203883495145631,0.8009708737864077,"{""actual_effective_rate"":0.8203883495145631,""bg"":""bg1"",""bit_mapping"":""component_Gray_00_-3_01_-1_10_3_11_1_over_sqrt5;QPSK_0_plus1_1_minus1"",""code_blocks"":1,""decoder_config"":{""cn_schedule"":""flooding"",""cn_update"":""boxplus-phi"",""early_stop"":false,""hard_out"":true,""harq_mode"":false,""llr_max"":20.0,""num_iter"":20,""precision"":""single"",""prune_pcm"":true,""return_infobits"":true,""vn_update"":""sum""},""implementation"":{""bit_mapping"":""component_Gray_00_-3_01_-1_10_3_11_1_over_sqrt5;QPSK_0_plus1_1_minus1"",""cuda"":""12.8"",""decoder"":{""cn_schedule"":""flooding"",""cn_update"":""boxplus-phi"",""early_stop"":false,""hard_out"":true,""harq_mode"":false,""llr_max"":20.0,""num_iter"":20,""precision"":""single"",""prune_pcm"":true,""return_infobits"":true,""vn_update"":""sum""},""decoder_source_sha256"":""44d84b92b749e2970f94d92cd348a11648e2286b4d851faa0af8b21d08f0da23"",""encoder_source_sha256"":""34d8db6660b2e84708a8fb534f63c194f6f2b964e3693fcffc9dcaf21532ccfd"",""implementation"":""Sionna_5G_LDPC"",""power_protocol"":""fixed_constellation_average_Es2"",""precision"":""float32"",""rate_matching"":""Sionna RV0; filler removal, first2Z and tail puncturing; supported n only"",""scrambling"":""public_PCG64_SHA256_protocol_session_frame_group_counter_after_rate_matching_v1"",""torch"":""2.11.0+cu128"",""version"":""2.2.0""},""interleaver_sha256"":""53cb030b8ae0007162914a119da4de0b7e5ee33976336d747d05a0d5c89d7183"",""k"":676,""k_filler"":28,""k_ldpc"":704,""layout_id"":""acb7fd74855762cfd2c55a47ced5d12815fa71d6aa73235e8b654887c55a2588"",""modulation_padding_bits"":0,""mother_bits"":2176,""n"":824,""n_cb"":2112,""n_cb_comp"":2084,""power_protocol"":""fixed_constellation_average_Es2"",""puncturing_bits"":1324,""puncturing_first_2Z"":64,""puncturing_remaining"":1260,""repetition_bits"":0,""scrambling"":""public_PCG64_SHA256_protocol_session_frame_group_counter_after_rate_matching_v1"",""shortening_bits"":28,""z"":32}",[2048]
16QAM,1/3,16QAM:r1/3,c391509bc69275cccb4a594a089012dbc0c2ee110bc4190aa766230769229934,1200,16,0,1216,1280,64,6656,3904,976,0,0.3114754098360656,0.3073770491803279,"{""actual_effective_rate"":0.3114754098360656,""bg"":""bg2"",""bit_mapping"":""component_Gray_00_-3_01_-1_10_3_11_1_over_sqrt5;QPSK_0_plus1_1_minus1"",""code_blocks"":1,""decoder_config"":{""cn_schedule"":""flooding"",""cn_update"":""boxplus-phi"",""early_stop"":false,""hard_out"":true,""harq_mode"":false,""llr_max"":20.0,""num_iter"":20,""precision"":""single"",""prune_pcm"":true,""return_infobits"":true,""vn_update"":""sum""},""implementation"":{""bit_mapping"":""component_Gray_00_-3_01_-1_10_3_11_1_over_sqrt5;QPSK_0_plus1_1_minus1"",""cuda"":""12.8"",""decoder"":{""cn_schedule"":""flooding"",""cn_update"":""boxplus-phi"",""early_stop"":false,""hard_out"":true,""harq_mode"":false,""llr_max"":20.0,""num_iter"":20,""precision"":""single"",""prune_pcm"":true,""return_infobits"":true,""vn_update"":""sum""},""decoder_source_sha256"":""44d84b92b749e2970f94d92cd348a11648e2286b4d851faa0af8b21d08f0da23"",""encoder_source_sha256"":""34d8db6660b2e84708a8fb534f63c194f6f2b964e3693fcffc9dcaf21532ccfd"",""implementation"":""Sionna_5G_LDPC"",""power_protocol"":""fixed_constellation_average_Es2"",""precision"":""float32"",""rate_matching"":""Sionna RV0; filler removal, first2Z and tail puncturing; supported n only"",""scrambling"":""public_PCG64_SHA256_protocol_session_frame_group_counter_after_rate_matching_v1"",""torch"":""2.11.0+cu128"",""version"":""2.2.0""},""interleaver_sha256"":""d1c579f53e36a7b3eb8153e674302137a2db245246491c648465d63aa8549f6e"",""k"":1216,""k_filler"":64,""k_ldpc"":1280,""layout_id"":""c3ef4c7b863285ed63a969f3a418d5471af9e854784d76138727d94d5cee7c90"",""modulation_padding_bits"":0,""mother_bits"":6656,""n"":3904,""n_cb"":6400,""n_cb_comp"":6336,""power_protocol"":""fixed_constellation_average_Es2"",""puncturing_bits"":2688,""puncturing_first_2Z"":256,""puncturing_remaining"":2432,""repetition_bits"":0,""scrambling"":""public_PCG64_SHA256_protocol_session_frame_group_counter_after_rate_matching_v1"",""shortening_bits"":64,""z"":128}",[2048]
QPSK,2/3,QPSK:r2/3,c39bff04791063705d5ff528f816f301a99486d4e7793c664bb3d9c7e725f17c,1248,16,0,1264,1280,16,6656,1912,956,0,0.6610878661087866,0.6527196652719666,"{""actual_effective_rate"":0.6610878661087866,""bg"":""bg2"",""bit_mapping"":""component_Gray_00_-3_01_-1_10_3_11_1_over_sqrt5;QPSK_0_plus1_1_minus1"",""code_blocks"":1,""decoder_config"":{""cn_schedule"":""flooding"",""cn_update"":""boxplus-phi"",""early_stop"":false,""hard_out"":true,""harq_mode"":false,""llr_max"":20.0,""num_iter"":20,""precision"":""single"",""prune_pcm"":true,""return_infobits"":true,""vn_update"":""sum""},""implementation"":{""bit_mapping"":""component_Gray_00_-3_01_-1_10_3_11_1_over_sqrt5;QPSK_0_plus1_1_minus1"",""cuda"":""12.8"",""decoder"":{""cn_schedule"":""flooding"",""cn_update"":""boxplus-phi"",""early_stop"":false,""hard_out"":true,""harq_mode"":false,""llr_max"":20.0,""num_iter"":20,""precision"":""single"",""prune_pcm"":true,""return_infobits"":true,""vn_update"":""sum""},""decoder_source_sha256"":""44d84b92b749e2970f94d92cd348a11648e2286b4d851faa0af8b21d08f0da23"",""encoder_source_sha256"":""34d8db6660b2e84708a8fb534f63c194f6f2b964e3693fcffc9dcaf21532ccfd"",""implementation"":""Sionna_5G_LDPC"",""power_protocol"":""fixed_constellation_average_Es2"",""precision"":""float32"",""rate_matching"":""Sionna RV0; filler removal, first2Z and tail puncturing; supported n only"",""scrambling"":""public_PCG64_SHA256_protocol_session_frame_group_counter_after_rate_matching_v1"",""torch"":""2.11.0+cu128"",""version"":""2.2.0""},""interleaver_sha256"":""6bf95bf2c0e2ecc0e051c11851f956a0c4628f53d98079936a61809b1b2704ba"",""k"":1264,""k_filler"":16,""k_ldpc"":1280,""layout_id"":""abeea618868f4649d47f37112ff08103c306bfb57135f248bf358f4cecf5ec8b"",""modulation_padding_bits"":0,""mother_bits"":6656,""n"":1912,""n_cb"":6400,""n_cb_comp"":6384,""power_protocol"":""fixed_constellation_average_Es2"",""puncturing_bits"":4728,""puncturing_first_2Z"":256,""puncturing_remaining"":4472,""repetition_bits"":0,""scrambling"":""public_PCG64_SHA256_protocol_session_frame_group_counter_after_rate_matching_v1"",""shortening_bits"":16,""z"":128}",[1024]
QPSK,5/6,QPSK:r5/6,c3a0227820257931300bfaacac63140f8a171ba5ec0c4cbff386d07e33aaddd7,1092,16,0,1108,1120,12,5824,1712,856,0,0.647196261682243,0.6378504672897196,"{""actual_effective_rate"":0.647196261682243,""bg"":""bg2"",""bit_mapping"":""component_Gray_00_-3_01_-1_10_3_11_1_over_sqrt5;QPSK_0_plus1_1_minus1"",""code_blocks"":1,""decoder_config"":{""cn_schedule"":""flooding"",""cn_update"":""boxplus-phi"",""early_stop"":false,""hard_out"":true,""harq_mode"":false,""llr_max"":20.0,""num_iter"":20,""precision"":""single"",""prune_pcm"":true,""return_infobits"":true,""vn_update"":""sum""},""implementation"":{""bit_mapping"":""component_Gray_00_-3_01_-1_10_3_11_1_over_sqrt5;QPSK_0_plus1_1_minus1"",""cuda"":""12.8"",""decoder"":{""cn_schedule"":""flooding"",""cn_update"":""boxplus-phi"",""early_stop"":false,""hard_out"":true,""harq_mode"":false,""llr_max"":20.0,""num_iter"":20,""precision"":""single"",""prune_pcm"":true,""return_infobits"":true,""vn_update"":""sum""},""decoder_source_sha256"":""44d84b92b749e2970f94d92cd348a11648e2286b4d851faa0af8b21d08f0da23"",""encoder_source_sha256"":""34d8db6660b2e84708a8fb534f63c194f6f2b964e3693fcffc9dcaf21532ccfd"",""implementation"":""Sionna_5G_LDPC"",""power_protocol"":""fixed_constellation_average_Es2"",""precision"":""float32"",""rate_matching"":""Sionna RV0; filler removal, first2Z and tail puncturing; supported n only"",""scrambling"":""public_PCG64_SHA256_protocol_session_frame_group_counter_after_rate_matching_v1"",""torch"":""2.11.0+cu128"",""version"":""2.2.0""},""interleaver_sha256"":""0e5c6b5b3e5c04567ec73bebab149eae6c68cf221fb6b341aa7d8d883279bc40"",""k"":1108,""k_filler"":12,""k_ldpc"":1120,""layout_id"":""0e688ab49f461f0d8ac8342a7548e122bc66c1d45e86c36a8137c7b0013d4685"",""modulation_padding_bits"":0,""mother_bits"":5824,""n"":1712,""n_cb"":5600,""n_cb_comp"":5588,""power_protocol"":""fixed_constellation_average_Es2"",""puncturing_bits"":4100,""puncturing_first_2Z"":224,""puncturing_remaining"":3876,""repetition_bits"":0,""scrambling"":""public_PCG64_SHA256_protocol_session_frame_group_counter_after_rate_matching_v1"",""shortening_bits"":12,""z"":112}",[1024]
QPSK,1/2,QPSK:r1/2,c3a3bfa8d68b19e42fb1a5775b5f12b08e6f45bab54995c1e9102fa9ce5925bb,660,16,0,676,720,44,3744,1704,852,0,0.3967136150234742,0.3873239436619718,"{""actual_effective_rate"":0.3967136150234742,""bg"":""bg2"",""bit_mapping"":""component_Gray_00_-3_01_-1_10_3_11_1_over_sqrt5;QPSK_0_plus1_1_minus1"",""code_blocks"":1,""decoder_config"":{""cn_schedule"":""flooding"",""cn_update"":""boxplus-phi"",""early_stop"":false,""hard_out"":true,""harq_mode"":false,""llr_max"":20.0,""num_iter"":20,""precision"":""single"",""prune_pcm"":true,""return_infobits"":true,""vn_update"":""sum""},""implementation"":{""bit_mapping"":""component_Gray_00_-3_01_-1_10_3_11_1_over_sqrt5;QPSK_0_plus1_1_minus1"",""cuda"":""12.8"",""decoder"":{""cn_schedule"":""flooding"",""cn_update"":""boxplus-phi"",""early_stop"":false,""hard_out"":true,""harq_mode"":false,""llr_max"":20.0,""num_iter"":20,""precision"":""single"",""prune_pcm"":true,""return_infobits"":true,""vn_update"":""sum""},""decoder_source_sha256"":""44d84b92b749e2970f94d92cd348a11648e2286b4d851faa0af8b21d08f0da23"",""encoder_source_sha256"":""34d8db6660b2e84708a8fb534f63c194f6f2b964e3693fcffc9dcaf21532ccfd"",""implementation"":""Sionna_5G_LDPC"",""power_protocol"":""fixed_constellation_average_Es2"",""precision"":""float32"",""rate_matching"":""Sionna RV0; filler removal, first2Z and tail puncturing; supported n only"",""scrambling"":""public_PCG64_SHA256_protocol_session_frame_group_counter_after_rate_matching_v1"",""torch"":""2.11.0+cu128"",""version"":""2.2.0""},""interleaver_sha256"":""682f711e8310ab077f3ba52bd47bc0b513150502759981b5bae268ce1189ec33"",""k"":676,""k_filler"":44,""k_ldpc"":720,""layout_id"":""e0cb46034ae0fcf602d7103213084154b0f1237707cbe90f78ded9d10dcc00dd"",""modulation_padding_bits"":0,""mother_bits"":3744,""n"":1704,""n_cb"":3600,""n_cb_comp"":3556,""power_protocol"":""fixed_constellation_average_Es2"",""puncturing_bits"":1996,""puncturing_first_2Z"":144,""puncturing_remaining"":1852,""repetition_bits"":0,""scrambling"":""public_PCG64_SHA256_protocol_session_frame_group_counter_after_rate_matching_v1"",""shortening_bits"":44,""z"":72}",[1024]
QPSK,5/6,QPSK:r5/6,c3ab412f22fe390d47381deb2adda713281ae12a17fba1a2a63dd9513a907dee,1668,16,0,1684,1760,76,5440,2172,1086,0,0.7753222836095764,0.7679558011049724,"{""actual_effective_rate"":0.7753222836095764,""bg"":""bg1"",""bit_mapping"":""component_Gray_00_-3_01_-1_10_3_11_1_over_sqrt5;QPSK_0_plus1_1_minus1"",""code_blocks"":1,""decoder_config"":{""cn_schedule"":""flooding"",""cn_update"":""boxplus-phi"",""early_stop"":false,""hard_out"":true,""harq_mode"":false,""llr_max"":20.0,""num_iter"":20,""precision"":""single"",""prune_pcm"":true,""return_infobits"":true,""vn_update"":""sum""},""implementation"":{""bit_mapping"":""component_Gray_00_-3_01_-1_10_3_11_1_over_sqrt5;QPSK_0_plus1_1_minus1"",""cuda"":""12.8"",""decoder"":{""cn_schedule"":""flooding"",""cn_update"":""boxplus-phi"",""early_stop"":false,""hard_out"":true,""harq_mode"":false,""llr_max"":20.0,""num_iter"":20,""precision"":""single"",""prune_pcm"":true,""return_infobits"":true,""vn_update"":""sum""},""decoder_source_sha256"":""44d84b92b749e2970f94d92cd348a11648e2286b4d851faa0af8b21d08f0da23"",""encoder_source_sha256"":""34d8db6660b2e84708a8fb534f63c194f6f2b964e3693fcffc9dcaf21532ccfd"",""implementation"":""Sionna_5G_LDPC"",""power_protocol"":""fixed_constellation_average_Es2"",""precision"":""float32"",""rate_matching"":""Sionna RV0; filler removal, first2Z and tail puncturing; supported n only"",""scrambling"":""public_PCG64_SHA256_protocol_session_frame_group_counter_after_rate_matching_v1"",""torch"":""2.11.0+cu128"",""version"":""2.2.0""},""interleaver_sha256"":""4b693aec1de9a4994ae489c11724203bec858432e814d9edf97f5ae7fd28b826"",""k"":1684,""k_filler"":76,""k_ldpc"":1760,""layout_id"":""3c5735a0e0d7b93d6e951bca65e6ac841deb717ba5269497ebaa44f79cb9e189"",""modulation_padding_bits"":0,""mother_bits"":5440,""n"":2172,""n_cb"":5280,""n_cb_comp"":5204,""power_protocol"":""fixed_constellation_average_Es2"",""puncturing_bits"":3192,""puncturing_first_2Z"":160,""puncturing_remaining"":3032,""repetition_bits"":0,""scrambling"":""public_PCG64_SHA256_protocol_session_frame_group_counter_after_rate_matching_v1"",""shortening_bits"":76,""z"":80}",[2048]
16QAM,5/6,16QAM:r5/6,c3b17d6e97f0922fd7d822f27dc739ac305fe491109c7e58f710c636bc5be124,360,16,0,376,480,104,2496,1488,372,0,0.25268817204301075,0.24193548387096775,"{""actual_effective_rate"":0.25268817204301075,""bg"":""bg2"",""bit_mapping"":""component_Gray_00_-3_01_-1_10_3_11_1_over_sqrt5;QPSK_0_plus1_1_minus1"",""code_blocks"":1,""decoder_config"":{""cn_schedule"":""flooding"",""cn_update"":""boxplus-phi"",""early_stop"":false,""hard_out"":true,""harq_mode"":false,""llr_max"":20.0,""num_iter"":20,""precision"":""single"",""prune_pcm"":true,""return_infobits"":true,""vn_update"":""sum""},""implementation"":{""bit_mapping"":""component_Gray_00_-3_01_-1_10_3_11_1_over_sqrt5;QPSK_0_plus1_1_minus1"",""cuda"":""12.8"",""decoder"":{""cn_schedule"":""flooding"",""cn_update"":""boxplus-phi"",""early_stop"":false,""hard_out"":true,""harq_mode"":false,""llr_max"":20.0,""num_iter"":20,""precision"":""single"",""prune_pcm"":true,""return_infobits"":true,""vn_update"":""sum""},""decoder_source_sha256"":""44d84b92b749e2970f94d92cd348a11648e2286b4d851faa0af8b21d08f0da23"",""encoder_source_sha256"":""34d8db6660b2e84708a8fb534f63c194f6f2b964e3693fcffc9dcaf21532ccfd"",""implementation"":""Sionna_5G_LDPC"",""power_protocol"":""fixed_constellation_average_Es2"",""precision"":""float32"",""rate_matching"":""Sionna RV0; filler removal, first2Z and tail puncturing; supported n only"",""scrambling"":""public_PCG64_SHA256_protocol_session_frame_group_counter_after_rate_matching_v1"",""torch"":""2.11.0+cu128"",""version"":""2.2.0""},""interleaver_sha256"":""fa1ffc92bd89878dc26501477bd3deabbd45398cf81237090ddd8a77e2efc81a"",""k"":376,""k_filler"":104,""k_ldpc"":480,""layout_id"":""43ac65846f5c725b6c92c13aa8e524748cf60008d724c91c97efba3990881657"",""modulation_padding_bits"":0,""mother_bits"":2496,""n"":1488,""n_cb"":2400,""n_cb_comp"":2296,""power_protocol"":""fixed_constellation_average_Es2"",""puncturing_bits"":904,""puncturing_first_2Z"":96,""puncturing_remaining"":808,""repetition_bits"":0,""scrambling"":""public_PCG64_SHA256_protocol_session_frame_group_counter_after_rate_matching_v1"",""shortening_bits"":104,""z"":48}","[1024,2048]"
16QAM,1/2,16QAM:r1/2,c3bb954e65cea2be7f0b093aec286214bf51c8ffbbdcf7c3b1a154087b34a9e7,1728,16,0,1744,1760,16,9152,3488,872,0,0.5,0.4954128440366973,"{""actual_effective_rate"":0.5,""bg"":""bg2"",""bit_mapping"":""component_Gray_00_-3_01_-1_10_3_11_1_over_sqrt5;QPSK_0_plus1_1_minus1"",""code_blocks"":1,""decoder_config"":{""cn_schedule"":""flooding"",""cn_update"":""boxplus-phi"",""early_stop"":false,""hard_out"":true,""harq_mode"":false,""llr_max"":20.0,""num_iter"":20,""precision"":""single"",""prune_pcm"":true,""return_infobits"":true,""vn_update"":""sum""},""implementation"":{""bit_mapping"":""component_Gray_00_-3_01_-1_10_3_11_1_over_sqrt5;QPSK_0_plus1_1_minus1"",""cuda"":""12.8"",""decoder"":{""cn_schedule"":""flooding"",""cn_update"":""boxplus-phi"",""early_stop"":false,""hard_out"":true,""harq_mode"":false,""llr_max"":20.0,""num_iter"":20,""precision"":""single"",""prune_pcm"":true,""return_infobits"":true,""vn_update"":""sum""},""decoder_source_sha256"":""44d84b92b749e2970f94d92cd348a11648e2286b4d851faa0af8b21d08f0da23"",""encoder_source_sha256"":""34d8db6660b2e84708a8fb534f63c194f6f2b964e3693fcffc9dcaf21532ccfd"",""implementation"":""Sionna_5G_LDPC"",""power_protocol"":""fixed_constellation_average_Es2"",""precision"":""float32"",""rate_matching"":""Sionna RV0; filler removal, first2Z and tail puncturing; supported n only"",""scrambling"":""public_PCG64_SHA256_protocol_session_frame_group_counter_after_rate_matching_v1"",""torch"":""2.11.0+cu128"",""version"":""2.2.0""},""interleaver_sha256"":""e82ffb667572904fe77ee61ef2f7af44cd23fa18505b460009d8bc05438a94fe"",""k"":1744,""k_filler"":16,""k_ldpc"":1760,""layout_id"":""ca1389955dbd6c64d34d3f8716037c4fbf3080bd47ad2ca62f79193754abc025"",""modulation_padding_bits"":0,""mother_bits"":9152,""n"":3488,""n_cb"":8800,""n_cb_comp"":8784,""power_protocol"":""fixed_constellation_average_Es2"",""puncturing_bits"":5648,""puncturing_first_2Z"":352,""puncturing_remaining"":5296,""repetition_bits"":0,""scrambling"":""public_PCG64_SHA256_protocol_session_frame_group_counter_after_rate_matching_v1"",""shortening_bits"":16,""z"":176}",[2048]
16QAM,2/3,16QAM:r2/3,c3c507c4d39bf0d3417fbdf02a66e8c537381fbb60ae8ff8fbcf9cfdcdaa3e51,1092,16,0,1108,1120,12,5824,3224,806,0,0.3436724565756824,0.3387096774193548,"{""actual_effective_rate"":0.3436724565756824,""bg"":""bg2"",""bit_mapping"":""component_Gray_00_-3_01_-1_10_3_11_1_over_sqrt5;QPSK_0_plus1_1_minus1"",""code_blocks"":1,""decoder_config"":{""cn_schedule"":""flooding"",""cn_update"":""boxplus-phi"",""early_stop"":false,""hard_out"":true,""harq_mode"":false,""llr_max"":20.0,""num_iter"":20,""precision"":""single"",""prune_pcm"":true,""return_infobits"":true,""vn_update"":""sum""},""implementation"":{""bit_mapping"":""component_Gray_00_-3_01_-1_10_3_11_1_over_sqrt5;QPSK_0_plus1_1_minus1"",""cuda"":""12.8"",""decoder"":{""cn_schedule"":""flooding"",""cn_update"":""boxplus-phi"",""early_stop"":false,""hard_out"":true,""harq_mode"":false,""llr_max"":20.0,""num_iter"":20,""precision"":""single"",""prune_pcm"":true,""return_infobits"":true,""vn_update"":""sum""},""decoder_source_sha256"":""44d84b92b749e2970f94d92cd348a11648e2286b4d851faa0af8b21d08f0da23"",""encoder_source_sha256"":""34d8db6660b2e84708a8fb534f63c194f6f2b964e3693fcffc9dcaf21532ccfd"",""implementation"":""Sionna_5G_LDPC"",""power_protocol"":""fixed_constellation_average_Es2"",""precision"":""float32"",""rate_matching"":""Sionna RV0; filler removal, first2Z and tail puncturing; supported n only"",""scrambling"":""public_PCG64_SHA256_protocol_session_frame_group_counter_after_rate_matching_v1"",""torch"":""2.11.0+cu128"",""version"":""2.2.0""},""interleaver_sha256"":""62e9ddf4b83f9bcf6c15ebe62712ee4e73f1f3d19e25ece1caa9bc38c9254aa9"",""k"":1108,""k_filler"":12,""k_ldpc"":1120,""layout_id"":""59367908bbcb662554df2b4084ab74ed3d3ff0a6ad6b04a319617a4d3c3e887f"",""modulation_padding_bits"":0,""mother_bits"":5824,""n"":3224,""n_cb"":5600,""n_cb_comp"":5588,""power_protocol"":""fixed_constellation_average_Es2"",""puncturing_bits"":2588,""puncturing_first_2Z"":224,""puncturing_remaining"":2364,""repetition_bits"":0,""scrambling"":""public_PCG64_SHA256_protocol_session_frame_group_counter_after_rate_matching_v1"",""shortening_bits"":12,""z"":112}",[1024]
QPSK,5/6,QPSK:r5/6,c3c7dacf5597c3ab387dbd07fbbcf562385de08e4f772e67040b9991de641049,360,16,0,376,396,20,1224,484,242,0,0.7768595041322314,0.743801652892562,"{""actual_effective_rate"":0.7768595041322314,""bg"":""bg1"",""bit_mapping"":""component_Gray_00_-3_01_-1_10_3_11_1_over_sqrt5;QPSK_0_plus1_1_minus1"",""code_blocks"":1,""decoder_config"":{""cn_schedule"":""flooding"",""cn_update"":""boxplus-phi"",""early_stop"":false,""hard_out"":true,""harq_mode"":false,""llr_max"":20.0,""num_iter"":20,""precision"":""single"",""prune_pcm"":true,""return_infobits"":true,""vn_update"":""sum""},""implementation"":{""bit_mapping"":""component_Gray_00_-3_01_-1_10_3_11_1_over_sqrt5;QPSK_0_plus1_1_minus1"",""cuda"":""12.8"",""decoder"":{""cn_schedule"":""flooding"",""cn_update"":""boxplus-phi"",""early_stop"":false,""hard_out"":true,""harq_mode"":false,""llr_max"":20.0,""num_iter"":20,""precision"":""single"",""prune_pcm"":true,""return_infobits"":true,""vn_update"":""sum""},""decoder_source_sha256"":""44d84b92b749e2970f94d92cd348a11648e2286b4d851faa0af8b21d08f0da23"",""encoder_source_sha256"":""34d8db6660b2e84708a8fb534f63c194f6f2b964e3693fcffc9dcaf21532ccfd"",""implementation"":""Sionna_5G_LDPC"",""power_protocol"":""fixed_constellation_average_Es2"",""precision"":""float32"",""rate_matching"":""Sionna RV0; filler removal, first2Z and tail puncturing; supported n only"",""scrambling"":""public_PCG64_SHA256_protocol_session_frame_group_counter_after_rate_matching_v1"",""torch"":""2.11.0+cu128"",""version"":""2.2.0""},""interleaver_sha256"":""d98011b3f042f411aabfea83ec60a97ec1999a54fc4ea725aefdebe92204bfb3"",""k"":376,""k_filler"":20,""k_ldpc"":396,""layout_id"":""9959a26445636d23f07397e6f19cfb24a4013a3c7383257aa187eced39c08f92"",""modulation_padding_bits"":0,""mother_bits"":1224,""n"":484,""n_cb"":1188,""n_cb_comp"":1168,""power_protocol"":""fixed_constellation_average_Es2"",""puncturing_bits"":720,""puncturing_first_2Z"":36,""puncturing_remaining"":684,""repetition_bits"":0,""scrambling"":""public_PCG64_SHA256_protocol_session_frame_group_counter_after_rate_matching_v1"",""shortening_bits"":20,""z"":18}",[2048]
16QAM,5/6,16QAM:r5/6,c3ea3206e58a1cbb200aaac2ad8c83b78f7b6422e2bef768ef1823339f01c3ba,1800,16,0,1816,1920,104,9984,4888,1222,0,0.37152209492635024,0.36824877250409166,"{""actual_effective_rate"":0.37152209492635024,""bg"":""bg2"",""bit_mapping"":""component_Gray_00_-3_01_-1_10_3_11_1_over_sqrt5;QPSK_0_plus1_1_minus1"",""code_blocks"":1,""decoder_config"":{""cn_schedule"":""flooding"",""cn_update"":""boxplus-phi"",""early_stop"":false,""hard_out"":true,""harq_mode"":false,""llr_max"":20.0,""num_iter"":20,""precision"":""single"",""prune_pcm"":true,""return_infobits"":true,""vn_update"":""sum""},""implementation"":{""bit_mapping"":""component_Gray_00_-3_01_-1_10_3_11_1_over_sqrt5;QPSK_0_plus1_1_minus1"",""cuda"":""12.8"",""decoder"":{""cn_schedule"":""flooding"",""cn_update"":""boxplus-phi"",""early_stop"":false,""hard_out"":true,""harq_mode"":false,""llr_max"":20.0,""num_iter"":20,""precision"":""single"",""prune_pcm"":true,""return_infobits"":true,""vn_update"":""sum""},""decoder_source_sha256"":""44d84b92b749e2970f94d92cd348a11648e2286b4d851faa0af8b21d08f0da23"",""encoder_source_sha256"":""34d8db6660b2e84708a8fb534f63c194f6f2b964e3693fcffc9dcaf21532ccfd"",""implementation"":""Sionna_5G_LDPC"",""power_protocol"":""fixed_constellation_average_Es2"",""precision"":""float32"",""rate_matching"":""Sionna RV0; filler removal, first2Z and tail puncturing; supported n only"",""scrambling"":""public_PCG64_SHA256_protocol_session_frame_group_counter_after_rate_matching_v1"",""torch"":""2.11.0+cu128"",""version"":""2.2.0""},""interleaver_sha256"":""fa5365f6521960322a846940e49773417d5efd23cd8aaaaabf0c24896163aed6"",""k"":1816,""k_filler"":104,""k_ldpc"":1920,""layout_id"":""7a31013585ce631b664dd80ff4905e94981021ceea65fca1baae1e9d9ea30e86"",""modulation_padding_bits"":0,""mother_bits"":9984,""n"":4888,""n_cb"":9600,""n_cb_comp"":9496,""power_protocol"":""fixed_constellation_average_Es2"",""puncturing_bits"":4992,""puncturing_first_2Z"":384,""puncturing_remaining"":4608,""repetition_bits"":0,""scrambling"":""public_PCG64_SHA256_protocol_session_frame_group_counter_after_rate_matching_v1"",""shortening_bits"":104,""z"":192}",[2048]
16QAM,1/2,16QAM:r1/2,c3f41eefb830e038cb261c14ff6abbfa422d5bb9f485e651dd4617838f17f3d0,660,16,0,676,720,44,3744,2288,572,0,0.29545454545454547,0.28846153846153844,"{""actual_effective_rate"":0.29545454545454547,""bg"":""bg2"",""bit_mapping"":""component_Gray_00_-3_01_-1_10_3_11_1_over_sqrt5;QPSK_0_plus1_1_minus1"",""code_blocks"":1,""decoder_config"":{""cn_schedule"":""flooding"",""cn_update"":""boxplus-phi"",""early_stop"":false,""hard_out"":true,""harq_mode"":false,""llr_max"":20.0,""num_iter"":20,""precision"":""single"",""prune_pcm"":true,""return_infobits"":true,""vn_update"":""sum""},""implementation"":{""bit_mapping"":""component_Gray_00_-3_01_-1_10_3_11_1_over_sqrt5;QPSK_0_plus1_1_minus1"",""cuda"":""12.8"",""decoder"":{""cn_schedule"":""flooding"",""cn_update"":""boxplus-phi"",""early_stop"":false,""hard_out"":true,""harq_mode"":false,""llr_max"":20.0,""num_iter"":20,""precision"":""single"",""prune_pcm"":true,""return_infobits"":true,""vn_update"":""sum""},""decoder_source_sha256"":""44d84b92b749e2970f94d92cd348a11648e2286b4d851faa0af8b21d08f0da23"",""encoder_source_sha256"":""34d8db6660b2e84708a8fb534f63c194f6f2b964e3693fcffc9dcaf21532ccfd"",""implementation"":""Sionna_5G_LDPC"",""power_protocol"":""fixed_constellation_average_Es2"",""precision"":""float32"",""rate_matching"":""Sionna RV0; filler removal, first2Z and tail puncturing; supported n only"",""scrambling"":""public_PCG64_SHA256_protocol_session_frame_group_counter_after_rate_matching_v1"",""torch"":""2.11.0+cu128"",""version"":""2.2.0""},""interleaver_sha256"":""d7cd0c7cc2a084f46afc04bb9dc088b422a5881c052575c22b3e6eb5c46361df"",""k"":676,""k_filler"":44,""k_ldpc"":720,""layout_id"":""7996b2ce90e1839089015d732265eb24f1731deeb7da4e374b6916b2aa9a0438"",""modulation_padding_bits"":0,""mother_bits"":3744,""n"":2288,""n_cb"":3600,""n_cb_comp"":3556,""power_protocol"":""fixed_constellation_average_Es2"",""puncturing_bits"":1412,""puncturing_first_2Z"":144,""puncturing_remaining"":1268,""repetition_bits"":0,""scrambling"":""public_PCG64_SHA256_protocol_session_frame_group_counter_after_rate_matching_v1"",""shortening_bits"":44,""z"":72}","[1024,2048]"
QPSK,3/4,QPSK:r3/4,c3fa0de80e7451b4236da4f14be0825b4ac7f7d4a67c6c2b5182a09ba9a30f7a,1092,16,0,1108,1120,12,5824,2534,1267,0,0.43725335438042623,0.430939226519337,"{""actual_effective_rate"":0.43725335438042623,""bg"":""bg2"",""bit_mapping"":""component_Gray_00_-3_01_-1_10_3_11_1_over_sqrt5;QPSK_0_plus1_1_minus1"",""code_blocks"":1,""decoder_config"":{""cn_schedule"":""flooding"",""cn_update"":""boxplus-phi"",""early_stop"":false,""hard_out"":true,""harq_mode"":false,""llr_max"":20.0,""num_iter"":20,""precision"":""single"",""prune_pcm"":true,""return_infobits"":true,""vn_update"":""sum""},""implementation"":{""bit_mapping"":""component_Gray_00_-3_01_-1_10_3_11_1_over_sqrt5;QPSK_0_plus1_1_minus1"",""cuda"":""12.8"",""decoder"":{""cn_schedule"":""flooding"",""cn_update"":""boxplus-phi"",""early_stop"":false,""hard_out"":true,""harq_mode"":false,""llr_max"":20.0,""num_iter"":20,""precision"":""single"",""prune_pcm"":true,""return_infobits"":true,""vn_update"":""sum""},""decoder_source_sha256"":""44d84b92b749e2970f94d92cd348a11648e2286b4d851faa0af8b21d08f0da23"",""encoder_source_sha256"":""34d8db6660b2e84708a8fb534f63c194f6f2b964e3693fcffc9dcaf21532ccfd"",""implementation"":""Sionna_5G_LDPC"",""power_protocol"":""fixed_constellation_average_Es2"",""precision"":""float32"",""rate_matching"":""Sionna RV0; filler removal, first2Z and tail puncturing; supported n only"",""scrambling"":""public_PCG64_SHA256_protocol_session_frame_group_counter_after_rate_matching_v1"",""torch"":""2.11.0+cu128"",""version"":""2.2.0""},""interleaver_sha256"":""d2173d60f482d37d09617e31073a2c6c636ea64f183fe89b0952cc3f7c79c9f3"",""k"":1108,""k_filler"":12,""k_ldpc"":1120,""layout_id"":""b8bc324a379cdfed0ea67116ba456dd5ba2eac33ec69ba9ffbde40ac90542bcc"",""modulation_padding_bits"":0,""mother_bits"":5824,""n"":2534,""n_cb"":5600,""n_cb_comp"":5588,""power_protocol"":""fixed_constellation_average_Es2"",""puncturing_bits"":3278,""puncturing_first_2Z"":224,""puncturing_remaining"":3054,""repetition_bits"":0,""scrambling"":""public_PCG64_SHA256_protocol_session_frame_group_counter_after_rate_matching_v1"",""shortening_bits"":12,""z"":112}",[2048]
QPSK,5/6,QPSK:r5/6,c3fc2a1112ff5de6b3ba13ae8c2acd50b724051c284aea94253b38db1f61cd80,660,16,0,676,720,44,3744,1300,650,0,0.52,0.5076923076923077,"{""actual_effective_rate"":0.52,""bg"":""bg2"",""bit_mapping"":""component_Gray_00_-3_01_-1_10_3_11_1_over_sqrt5;QPSK_0_plus1_1_minus1"",""code_blocks"":1,""decoder_config"":{""cn_schedule"":""flooding"",""cn_update"":""boxplus-phi"",""early_stop"":false,""hard_out"":true,""harq_mode"":false,""llr_max"":20.0,""num_iter"":20,""precision"":""single"",""prune_pcm"":true,""return_infobits"":true,""vn_update"":""sum""},""implementation"":{""bit_mapping"":""component_Gray_00_-3_01_-1_10_3_11_1_over_sqrt5;QPSK_0_plus1_1_minus1"",""cuda"":""12.8"",""decoder"":{""cn_schedule"":""flooding"",""cn_update"":""boxplus-phi"",""early_stop"":false,""hard_out"":true,""harq_mode"":false,""llr_max"":20.0,""num_iter"":20,""precision"":""single"",""prune_pcm"":true,""return_infobits"":true,""vn_update"":""sum""},""decoder_source_sha256"":""44d84b92b749e2970f94d92cd348a11648e2286b4d851faa0af8b21d08f0da23"",""encoder_source_sha256"":""34d8db6660b2e84708a8fb534f63c194f6f2b964e3693fcffc9dcaf21532ccfd"",""implementation"":""Sionna_5G_LDPC"",""power_protocol"":""fixed_constellation_average_Es2"",""precision"":""float32"",""rate_matching"":""Sionna RV0; filler removal, first2Z and tail puncturing; supported n only"",""scrambling"":""public_PCG64_SHA256_protocol_session_frame_group_counter_after_rate_matching_v1"",""torch"":""2.11.0+cu128"",""version"":""2.2.0""},""interleaver_sha256"":""b53a327b5dd22686d1e1dc234c53bdada45f878c1577618b84bbf6fd0358f768"",""k"":676,""k_filler"":44,""k_ldpc"":720,""layout_id"":""a3362dbf17ee3f089b402bb34b41b4079d858b56614872a1bdbf678b1d301a80"",""modulation_padding_bits"":0,""mother_bits"":3744,""n"":1300,""n_cb"":3600,""n_cb_comp"":3556,""power_protocol"":""fixed_constellation_average_Es2"",""puncturing_bits"":2400,""puncturing_first_2Z"":144,""puncturing_remaining"":2256,""repetition_bits"":0,""scrambling"":""public_PCG64_SHA256_protocol_session_frame_group_counter_after_rate_matching_v1"",""shortening_bits"":44,""z"":72}","[1024,2048]"
QPSK,1/3,QPSK:r1/3,c40b595ff2b9dda59ed1107efe6400108d3718e12d2780ea1e7ad09b6ad0b566,1008,16,0,1024,1040,16,5408,3452,1726,0,0.2966396292004635,0.29200463499420626,"{""actual_effective_rate"":0.2966396292004635,""bg"":""bg2"",""bit_mapping"":""component_Gray_00_-3_01_-1_10_3_11_1_over_sqrt5;QPSK_0_plus1_1_minus1"",""code_blocks"":1,""decoder_config"":{""cn_schedule"":""flooding"",""cn_update"":""boxplus-phi"",""early_stop"":false,""hard_out"":true,""harq_mode"":false,""llr_max"":20.0,""num_iter"":20,""precision"":""single"",""prune_pcm"":true,""return_infobits"":true,""vn_update"":""sum""},""implementation"":{""bit_mapping"":""component_Gray_00_-3_01_-1_10_3_11_1_over_sqrt5;QPSK_0_plus1_1_minus1"",""cuda"":""12.8"",""decoder"":{""cn_schedule"":""flooding"",""cn_update"":""boxplus-phi"",""early_stop"":false,""hard_out"":true,""harq_mode"":false,""llr_max"":20.0,""num_iter"":20,""precision"":""single"",""prune_pcm"":true,""return_infobits"":true,""vn_update"":""sum""},""decoder_source_sha256"":""44d84b92b749e2970f94d92cd348a11648e2286b4d851faa0af8b21d08f0da23"",""encoder_source_sha256"":""34d8db6660b2e84708a8fb534f63c194f6f2b964e3693fcffc9dcaf21532ccfd"",""implementation"":""Sionna_5G_LDPC"",""power_protocol"":""fixed_constellation_average_Es2"",""precision"":""float32"",""rate_matching"":""Sionna RV0; filler removal, first2Z and tail puncturing; supported n only"",""scrambling"":""public_PCG64_SHA256_protocol_session_frame_group_counter_after_rate_matching_v1"",""torch"":""2.11.0+cu128"",""version"":""2.2.0""},""interleaver_sha256"":""28368e1029b8dd61c7066e0e5d56459506e07f4c74522f5cb18942f911b134c9"",""k"":1024,""k_filler"":16,""k_ldpc"":1040,""layout_id"":""ac874a9ca6095ae962566c812d6cc034eab13db88cbfa5ac8647f7c533ded5c9"",""modulation_padding_bits"":0,""mother_bits"":5408,""n"":3452,""n_cb"":5200,""n_cb_comp"":5184,""power_protocol"":""fixed_constellation_average_Es2"",""puncturing_bits"":1940,""puncturing_first_2Z"":208,""puncturing_remaining"":1732,""repetition_bits"":0,""scrambling"":""public_PCG64_SHA256_protocol_session_frame_group_counter_after_rate_matching_v1"",""shortening_bits"":16,""z"":104}",[2048]
16QAM,2/3,16QAM:r2/3,c40be0bd6ec4a7cf04ab39df369b2f47448c17289e8ba66a029808c10e1ada80,1500,16,0,1516,1600,84,8320,2652,663,0,0.5716440422322775,0.5656108597285068,"{""actual_effective_rate"":0.5716440422322775,""bg"":""bg2"",""bit_mapping"":""component_Gray_00_-3_01_-1_10_3_11_1_over_sqrt5;QPSK_0_plus1_1_minus1"",""code_blocks"":1,""decoder_config"":{""cn_schedule"":""flooding"",""cn_update"":""boxplus-phi"",""early_stop"":false,""hard_out"":true,""harq_mode"":false,""llr_max"":20.0,""num_iter"":20,""precision"":""single"",""prune_pcm"":true,""return_infobits"":true,""vn_update"":""sum""},""implementation"":{""bit_mapping"":""component_Gray_00_-3_01_-1_10_3_11_1_over_sqrt5;QPSK_0_plus1_1_minus1"",""cuda"":""12.8"",""decoder"":{""cn_schedule"":""flooding"",""cn_update"":""boxplus-phi"",""early_stop"":false,""hard_out"":true,""harq_mode"":false,""llr_max"":20.0,""num_iter"":20,""precision"":""single"",""prune_pcm"":true,""return_infobits"":true,""vn_update"":""sum""},""decoder_source_sha256"":""44d84b92b749e2970f94d92cd348a11648e2286b4d851faa0af8b21d08f0da23"",""encoder_source_sha256"":""34d8db6660b2e84708a8fb534f63c194f6f2b964e3693fcffc9dcaf21532ccfd"",""implementation"":""Sionna_5G_LDPC"",""power_protocol"":""fixed_constellation_average_Es2"",""precision"":""float32"",""rate_matching"":""Sionna RV0; filler removal, first2Z and tail puncturing; supported n only"",""scrambling"":""public_PCG64_SHA256_protocol_session_frame_group_counter_after_rate_matching_v1"",""torch"":""2.11.0+cu128"",""version"":""2.2.0""},""interleaver_sha256"":""2c1c18957211cee518785c9c4bb046c27e70406019673995e6840d8c23aa199a"",""k"":1516,""k_filler"":84,""k_ldpc"":1600,""layout_id"":""410d5c61db74518ba626ec00615dc19f06caeacef34cc8e7871caf338ab519d4"",""modulation_padding_bits"":0,""mother_bits"":8320,""n"":2652,""n_cb"":8000,""n_cb_comp"":7916,""power_protocol"":""fixed_constellation_average_Es2"",""puncturing_bits"":5584,""puncturing_first_2Z"":320,""puncturing_remaining"":5264,""repetition_bits"":0,""scrambling"":""public_PCG64_SHA256_protocol_session_frame_group_counter_after_rate_matching_v1"",""shortening_bits"":84,""z"":160}",[1024]
16QAM,3/4,16QAM:r3/4,c40bfbfc5c681d615bde73da20217c31900243efed0a9a820ed5440d7580342b,1860,16,0,1876,1936,60,5984,2528,632,0,0.7420886075949367,0.7357594936708861,"{""actual_effective_rate"":0.7420886075949367,""bg"":""bg1"",""bit_mapping"":""component_Gray_00_-3_01_-1_10_3_11_1_over_sqrt5;QPSK_0_plus1_1_minus1"",""code_blocks"":1,""decoder_config"":{""cn_schedule"":""flooding"",""cn_update"":""boxplus-phi"",""early_stop"":false,""hard_out"":true,""harq_mode"":false,""llr_max"":20.0,""num_iter"":20,""precision"":""single"",""prune_pcm"":true,""return_infobits"":true,""vn_update"":""sum""},""implementation"":{""bit_mapping"":""component_Gray_00_-3_01_-1_10_3_11_1_over_sqrt5;QPSK_0_plus1_1_minus1"",""cuda"":""12.8"",""decoder"":{""cn_schedule"":""flooding"",""cn_update"":""boxplus-phi"",""early_stop"":false,""hard_out"":true,""harq_mode"":false,""llr_max"":20.0,""num_iter"":20,""precision"":""single"",""prune_pcm"":true,""return_infobits"":true,""vn_update"":""sum""},""decoder_source_sha256"":""44d84b92b749e2970f94d92cd348a11648e2286b4d851faa0af8b21d08f0da23"",""encoder_source_sha256"":""34d8db6660b2e84708a8fb534f63c194f6f2b964e3693fcffc9dcaf21532ccfd"",""implementation"":""Sionna_5G_LDPC"",""power_protocol"":""fixed_constellation_average_Es2"",""precision"":""float32"",""rate_matching"":""Sionna RV0; filler removal, first2Z and tail puncturing; supported n only"",""scrambling"":""public_PCG64_SHA256_protocol_session_frame_group_counter_after_rate_matching_v1"",""torch"":""2.11.0+cu128"",""version"":""2.2.0""},""interleaver_sha256"":""8aa990d5d8516e643d69a6c1dc05ee6fcb860d205dd8baef9b7b9220c02f1d3b"",""k"":1876,""k_filler"":60,""k_ldpc"":1936,""layout_id"":""cff0806456e7fd96eb5aeb3afd44a7b60992b140785a461d2c0ee8b0dcf1e425"",""modulation_padding_bits"":0,""mother_bits"":5984,""n"":2528,""n_cb"":5808,""n_cb_comp"":5748,""power_protocol"":""fixed_constellation_average_Es2"",""puncturing_bits"":3396,""puncturing_first_2Z"":176,""puncturing_remaining"":3220,""repetition_bits"":0,""scrambling"":""public_PCG64_SHA256_protocol_session_frame_group_counter_after_rate_matching_v1"",""shortening_bits"":60,""z"":88}",[2048]
QPSK,2/3,QPSK:r2/3,c414f891048c78f43e9990d72b7246a3b1e7be91c68776c65a7294ef889876d7,1500,16,0,1516,1600,84,8320,3398,1699,0,0.4461447910535609,0.44143613890523836,"{""actual_effective_rate"":0.4461447910535609,""bg"":""bg2"",""bit_mapping"":""component_Gray_00_-3_01_-1_10_3_11_1_over_sqrt5;QPSK_0_plus1_1_minus1"",""code_blocks"":1,""decoder_config"":{""cn_schedule"":""flooding"",""cn_update"":""boxplus-phi"",""early_stop"":false,""hard_out"":true,""harq_mode"":false,""llr_max"":20.0,""num_iter"":20,""precision"":""single"",""prune_pcm"":true,""return_infobits"":true,""vn_update"":""sum""},""implementation"":{""bit_mapping"":""component_Gray_00_-3_01_-1_10_3_11_1_over_sqrt5;QPSK_0_plus1_1_minus1"",""cuda"":""12.8"",""decoder"":{""cn_schedule"":""flooding"",""cn_update"":""boxplus-phi"",""early_stop"":false,""hard_out"":true,""harq_mode"":false,""llr_max"":20.0,""num_iter"":20,""precision"":""single"",""prune_pcm"":true,""return_infobits"":true,""vn_update"":""sum""},""decoder_source_sha256"":""44d84b92b749e2970f94d92cd348a11648e2286b4d851faa0af8b21d08f0da23"",""encoder_source_sha256"":""34d8db6660b2e84708a8fb534f63c194f6f2b964e3693fcffc9dcaf21532ccfd"",""implementation"":""Sionna_5G_LDPC"",""power_protocol"":""fixed_constellation_average_Es2"",""precision"":""float32"",""rate_matching"":""Sionna RV0; filler removal, first2Z and tail puncturing; supported n only"",""scrambling"":""public_PCG64_SHA256_protocol_session_frame_group_counter_after_rate_matching_v1"",""torch"":""2.11.0+cu128"",""version"":""2.2.0""},""interleaver_sha256"":""7769b5d06e5799b538fd662e93445bb8d9e3365ed5734e93965ffa38c471eb5a"",""k"":1516,""k_filler"":84,""k_ldpc"":1600,""layout_id"":""9e84a0aa54b9d502f799d37057eb358ff8ea8dc921e64b4a82dd78035fc12509"",""modulation_padding_bits"":0,""mother_bits"":8320,""n"":3398,""n_cb"":8000,""n_cb_comp"":7916,""power_protocol"":""fixed_constellation_average_Es2"",""puncturing_bits"":4838,""puncturing_first_2Z"":320,""puncturing_remaining"":4518,""repetition_bits"":0,""scrambling"":""public_PCG64_SHA256_protocol_session_frame_group_counter_after_rate_matching_v1"",""shortening_bits"":84,""z"":160}",[2048]
QPSK,3/4,QPSK:r3/4,c429d7d0933c844a42a8defb9b134f373d1fc27db470e8590b533b2c37a2106d,1368,16,0,1384,1440,56,7488,2910,1455,0,0.4756013745704467,0.47010309278350515,"{""actual_effective_rate"":0.4756013745704467,""bg"":""bg2"",""bit_mapping"":""component_Gray_00_-3_01_-1_10_3_11_1_over_sqrt5;QPSK_0_plus1_1_minus1"",""code_blocks"":1,""decoder_config"":{""cn_schedule"":""flooding"",""cn_update"":""boxplus-phi"",""early_stop"":false,""hard_out"":true,""harq_mode"":false,""llr_max"":20.0,""num_iter"":20,""precision"":""single"",""prune_pcm"":true,""return_infobits"":true,""vn_update"":""sum""},""implementation"":{""bit_mapping"":""component_Gray_00_-3_01_-1_10_3_11_1_over_sqrt5;QPSK_0_plus1_1_minus1"",""cuda"":""12.8"",""decoder"":{""cn_schedule"":""flooding"",""cn_update"":""boxplus-phi"",""early_stop"":false,""hard_out"":true,""harq_mode"":false,""llr_max"":20.0,""num_iter"":20,""precision"":""single"",""prune_pcm"":true,""return_infobits"":true,""vn_update"":""sum""},""decoder_source_sha256"":""44d84b92b749e2970f94d92cd348a11648e2286b4d851faa0af8b21d08f0da23"",""encoder_source_sha256"":""34d8db6660b2e84708a8fb534f63c194f6f2b964e3693fcffc9dcaf21532ccfd"",""implementation"":""Sionna_5G_LDPC"",""power_protocol"":""fixed_constellation_average_Es2"",""precision"":""float32"",""rate_matching"":""Sionna RV0; filler removal, first2Z and tail puncturing; supported n only"",""scrambling"":""public_PCG64_SHA256_protocol_session_frame_group_counter_after_rate_matching_v1"",""torch"":""2.11.0+cu128"",""version"":""2.2.0""},""interleaver_sha256"":""033606fe92cf90575bb00d03959aaed155e1cf40a84f9d62370288074db01bd1"",""k"":1384,""k_filler"":56,""k_ldpc"":1440,""layout_id"":""a0809819ec867c6c0b1df3516d96d0c9c38bda19c45fce04096e7f828e045dfa"",""modulation_padding_bits"":0,""mother_bits"":7488,""n"":2910,""n_cb"":7200,""n_cb_comp"":7144,""power_protocol"":""fixed_constellation_average_Es2"",""puncturing_bits"":4522,""puncturing_first_2Z"":288,""puncturing_remaining"":4234,""repetition_bits"":0,""scrambling"":""public_PCG64_SHA256_protocol_session_frame_group_counter_after_rate_matching_v1"",""shortening_bits"":56,""z"":144}",[2048]
16QAM,5/6,16QAM:r5/6,c4525defd06615fb18fee453474ef9069e392bda14e3ccc25c2deaf4ad6105ef,1092,16,0,1108,1120,12,5824,2296,574,0,0.48257839721254353,0.47560975609756095,"{""actual_effective_rate"":0.48257839721254353,""bg"":""bg2"",""bit_mapping"":""component_Gray_00_-3_01_-1_10_3_11_1_over_sqrt5;QPSK_0_plus1_1_minus1"",""code_blocks"":1,""decoder_config"":{""cn_schedule"":""flooding"",""cn_update"":""boxplus-phi"",""early_stop"":false,""hard_out"":true,""harq_mode"":false,""llr_max"":20.0,""num_iter"":20,""precision"":""single"",""prune_pcm"":true,""return_infobits"":true,""vn_update"":""sum""},""implementation"":{""bit_mapping"":""component_Gray_00_-3_01_-1_10_3_11_1_over_sqrt5;QPSK_0_plus1_1_minus1"",""cuda"":""12.8"",""decoder"":{""cn_schedule"":""flooding"",""cn_update"":""boxplus-phi"",""early_stop"":false,""hard_out"":true,""harq_mode"":false,""llr_max"":20.0,""num_iter"":20,""precision"":""single"",""prune_pcm"":true,""return_infobits"":true,""vn_update"":""sum""},""decoder_source_sha256"":""44d84b92b749e2970f94d92cd348a11648e2286b4d851faa0af8b21d08f0da23"",""encoder_source_sha256"":""34d8db6660b2e84708a8fb534f63c194f6f2b964e3693fcffc9dcaf21532ccfd"",""implementation"":""Sionna_5G_LDPC"",""power_protocol"":""fixed_constellation_average_Es2"",""precision"":""float32"",""rate_matching"":""Sionna RV0; filler removal, first2Z and tail puncturing; supported n only"",""scrambling"":""public_PCG64_SHA256_protocol_session_frame_group_counter_after_rate_matching_v1"",""torch"":""2.11.0+cu128"",""version"":""2.2.0""},""interleaver_sha256"":""da7533ad9ab2e067f89151e01271a4d5c6963b054dae58a9053a58cf87f818a7"",""k"":1108,""k_filler"":12,""k_ldpc"":1120,""layout_id"":""579f37fb17af8e72df75e6d6c972d37475135f418e59942ee977eea98579a447"",""modulation_padding_bits"":0,""mother_bits"":5824,""n"":2296,""n_cb"":5600,""n_cb_comp"":5588,""power_protocol"":""fixed_constellation_average_Es2"",""puncturing_bits"":3516,""puncturing_first_2Z"":224,""puncturing_remaining"":3292,""repetition_bits"":0,""scrambling"":""public_PCG64_SHA256_protocol_session_frame_group_counter_after_rate_matching_v1"",""shortening_bits"":12,""z"":112}",[1024]
QPSK,1/2,QPSK:r1/2,c4607f5d089c22925c17cb776f8e00a2784afaef4404b34bc1a744dd0ab3da8d,924,16,0,940,960,20,4992,3442,1721,0,0.27309703660662404,0.2684485764090645,"{""actual_effective_rate"":0.27309703660662404,""bg"":""bg2"",""bit_mapping"":""component_Gray_00_-3_01_-1_10_3_11_1_over_sqrt5;QPSK_0_plus1_1_minus1"",""code_blocks"":1,""decoder_config"":{""cn_schedule"":""flooding"",""cn_update"":""boxplus-phi"",""early_stop"":false,""hard_out"":true,""harq_mode"":false,""llr_max"":20.0,""num_iter"":20,""precision"":""single"",""prune_pcm"":true,""return_infobits"":true,""vn_update"":""sum""},""implementation"":{""bit_mapping"":""component_Gray_00_-3_01_-1_10_3_11_1_over_sqrt5;QPSK_0_plus1_1_minus1"",""cuda"":""12.8"",""decoder"":{""cn_schedule"":""flooding"",""cn_update"":""boxplus-phi"",""early_stop"":false,""hard_out"":true,""harq_mode"":false,""llr_max"":20.0,""num_iter"":20,""precision"":""single"",""prune_pcm"":true,""return_infobits"":true,""vn_update"":""sum""},""decoder_source_sha256"":""44d84b92b749e2970f94d92cd348a11648e2286b4d851faa0af8b21d08f0da23"",""encoder_source_sha256"":""34d8db6660b2e84708a8fb534f63c194f6f2b964e3693fcffc9dcaf21532ccfd"",""implementation"":""Sionna_5G_LDPC"",""power_protocol"":""fixed_constellation_average_Es2"",""precision"":""float32"",""rate_matching"":""Sionna RV0; filler removal, first2Z and tail puncturing; supported n only"",""scrambling"":""public_PCG64_SHA256_protocol_session_frame_group_counter_after_rate_matching_v1"",""torch"":""2.11.0+cu128"",""version"":""2.2.0""},""interleaver_sha256"":""e226e08fafb96b2a9274e5e97101ec3fd08bce7063d9b9cd23ac42d562c1c7e4"",""k"":940,""k_filler"":20,""k_ldpc"":960,""layout_id"":""8675f716dd0f14ed7f26e91efd73f8c1eb22a9c35b2c0c6d1059db0937c5bc56"",""modulation_padding_bits"":0,""mother_bits"":4992,""n"":3442,""n_cb"":4800,""n_cb_comp"":4780,""power_protocol"":""fixed_constellation_average_Es2"",""puncturing_bits"":1530,""puncturing_first_2Z"":192,""puncturing_remaining"":1338,""repetition_bits"":0,""scrambling"":""public_PCG64_SHA256_protocol_session_frame_group_counter_after_rate_matching_v1"",""shortening_bits"":20,""z"":96}",[2048]
QPSK,1/2,QPSK:r1/2,c486d80fd498cee957b9e5888039410cac543ee709a7962ad7c57aa53eb74df8,1392,16,0,1408,1440,32,7488,2816,1408,0,0.5,0.4943181818181818,"{""actual_effective_rate"":0.5,""bg"":""bg2"",""bit_mapping"":""component_Gray_00_-3_01_-1_10_3_11_1_over_sqrt5;QPSK_0_plus1_1_minus1"",""code_blocks"":1,""decoder_config"":{""cn_schedule"":""flooding"",""cn_update"":""boxplus-phi"",""early_stop"":false,""hard_out"":true,""harq_mode"":false,""llr_max"":20.0,""num_iter"":20,""precision"":""single"",""prune_pcm"":true,""return_infobits"":true,""vn_update"":""sum""},""implementation"":{""bit_mapping"":""component_Gray_00_-3_01_-1_10_3_11_1_over_sqrt5;QPSK_0_plus1_1_minus1"",""cuda"":""12.8"",""decoder"":{""cn_schedule"":""flooding"",""cn_update"":""boxplus-phi"",""early_stop"":false,""hard_out"":true,""harq_mode"":false,""llr_max"":20.0,""num_iter"":20,""precision"":""single"",""prune_pcm"":true,""return_infobits"":true,""vn_update"":""sum""},""decoder_source_sha256"":""44d84b92b749e2970f94d92cd348a11648e2286b4d851faa0af8b21d08f0da23"",""encoder_source_sha256"":""34d8db6660b2e84708a8fb534f63c194f6f2b964e3693fcffc9dcaf21532ccfd"",""implementation"":""Sionna_5G_LDPC"",""power_protocol"":""fixed_constellation_average_Es2"",""precision"":""float32"",""rate_matching"":""Sionna RV0; filler removal, first2Z and tail puncturing; supported n only"",""scrambling"":""public_PCG64_SHA256_protocol_session_frame_group_counter_after_rate_matching_v1"",""torch"":""2.11.0+cu128"",""version"":""2.2.0""},""interleaver_sha256"":""20970965d3aa292beecbae7a41a0fa3333ae25ec46e0438b7faa1b9c70863975"",""k"":1408,""k_filler"":32,""k_ldpc"":1440,""layout_id"":""47d93f76ca354bf1f783153ca02026886ba6382eb6ee973bf6012f1185aa787e"",""modulation_padding_bits"":0,""mother_bits"":7488,""n"":2816,""n_cb"":7200,""n_cb_comp"":7168,""power_protocol"":""fixed_constellation_average_Es2"",""puncturing_bits"":4640,""puncturing_first_2Z"":288,""puncturing_remaining"":4352,""repetition_bits"":0,""scrambling"":""public_PCG64_SHA256_protocol_session_frame_group_counter_after_rate_matching_v1"",""shortening_bits"":32,""z"":144}",[2048]
QPSK,3/4,QPSK:r3/4,c4a0896da37808303fc9bfab205945c4d6a62731628469584f21b92be76eff86,360,16,0,376,480,104,2496,662,331,0,0.56797583081571,0.5438066465256798,"{""actual_effective_rate"":0.56797583081571,""bg"":""bg2"",""bit_mapping"":""component_Gray_00_-3_01_-1_10_3_11_1_over_sqrt5;QPSK_0_plus1_1_minus1"",""code_blocks"":1,""decoder_config"":{""cn_schedule"":""flooding"",""cn_update"":""boxplus-phi"",""early_stop"":false,""hard_out"":true,""harq_mode"":false,""llr_max"":20.0,""num_iter"":20,""precision"":""single"",""prune_pcm"":true,""return_infobits"":true,""vn_update"":""sum""},""implementation"":{""bit_mapping"":""component_Gray_00_-3_01_-1_10_3_11_1_over_sqrt5;QPSK_0_plus1_1_minus1"",""cuda"":""12.8"",""decoder"":{""cn_schedule"":""flooding"",""cn_update"":""boxplus-phi"",""early_stop"":false,""hard_out"":true,""harq_mode"":false,""llr_max"":20.0,""num_iter"":20,""precision"":""single"",""prune_pcm"":true,""return_infobits"":true,""vn_update"":""sum""},""decoder_source_sha256"":""44d84b92b749e2970f94d92cd348a11648e2286b4d851faa0af8b21d08f0da23"",""encoder_source_sha256"":""34d8db6660b2e84708a8fb534f63c194f6f2b964e3693fcffc9dcaf21532ccfd"",""implementation"":""Sionna_5G_LDPC"",""power_protocol"":""fixed_constellation_average_Es2"",""precision"":""float32"",""rate_matching"":""Sionna RV0; filler removal, first2Z and tail puncturing; supported n only"",""scrambling"":""public_PCG64_SHA256_protocol_session_frame_group_counter_after_rate_matching_v1"",""torch"":""2.11.0+cu128"",""version"":""2.2.0""},""interleaver_sha256"":""3f6331244ffeeed3a0e3f73e4cfb309615eadbe1ba9118c07edc3a309f86e8fa"",""k"":376,""k_filler"":104,""k_ldpc"":480,""layout_id"":""c69332d03b9b6cc8285cf956bb3db49dc800ebb929bb338c5128fb9039976709"",""modulation_padding_bits"":0,""mother_bits"":2496,""n"":662,""n_cb"":2400,""n_cb_comp"":2296,""power_protocol"":""fixed_constellation_average_Es2"",""puncturing_bits"":1730,""puncturing_first_2Z"":96,""puncturing_remaining"":1634,""repetition_bits"":0,""scrambling"":""public_PCG64_SHA256_protocol_session_frame_group_counter_after_rate_matching_v1"",""shortening_bits"":104,""z"":48}",[1024]
QPSK,5/6,QPSK:r5/6,c4a0c5efb874b428710f9a01c68bb93ffc6bcbce65ac920ec2fd6f5f124aa7f9,432,16,0,448,560,112,2912,830,415,0,0.5397590361445783,0.5204819277108433,"{""actual_effective_rate"":0.5397590361445783,""bg"":""bg2"",""bit_mapping"":""component_Gray_00_-3_01_-1_10_3_11_1_over_sqrt5;QPSK_0_plus1_1_minus1"",""code_blocks"":1,""decoder_config"":{""cn_schedule"":""flooding"",""cn_update"":""boxplus-phi"",""early_stop"":false,""hard_out"":true,""harq_mode"":false,""llr_max"":20.0,""num_iter"":20,""precision"":""single"",""prune_pcm"":true,""return_infobits"":true,""vn_update"":""sum""},""implementation"":{""bit_mapping"":""component_Gray_00_-3_01_-1_10_3_11_1_over_sqrt5;QPSK_0_plus1_1_minus1"",""cuda"":""12.8"",""decoder"":{""cn_schedule"":""flooding"",""cn_update"":""boxplus-phi"",""early_stop"":false,""hard_out"":true,""harq_mode"":false,""llr_max"":20.0,""num_iter"":20,""precision"":""single"",""prune_pcm"":true,""return_infobits"":true,""vn_update"":""sum""},""decoder_source_sha256"":""44d84b92b749e2970f94d92cd348a11648e2286b4d851faa0af8b21d08f0da23"",""encoder_source_sha256"":""34d8db6660b2e84708a8fb534f63c194f6f2b964e3693fcffc9dcaf21532ccfd"",""implementation"":""Sionna_5G_LDPC"",""power_protocol"":""fixed_constellation_average_Es2"",""precision"":""float32"",""rate_matching"":""Sionna RV0; filler removal, first2Z and tail puncturing; supported n only"",""scrambling"":""public_PCG64_SHA256_protocol_session_frame_group_counter_after_rate_matching_v1"",""torch"":""2.11.0+cu128"",""version"":""2.2.0""},""interleaver_sha256"":""723fb2b1dc14a64205916efb9ce847526b3fce6a5d0fdba668df0a657c40bd12"",""k"":448,""k_filler"":112,""k_ldpc"":560,""layout_id"":""051e51c6eb62ceb2bf0c9254eab68bf7430341ddc32893f0bed805786972c707"",""modulation_padding_bits"":0,""mother_bits"":2912,""n"":830,""n_cb"":2800,""n_cb_comp"":2688,""power_protocol"":""fixed_constellation_average_Es2"",""puncturing_bits"":1970,""puncturing_first_2Z"":112,""puncturing_remaining"":1858,""repetition_bits"":0,""scrambling"":""public_PCG64_SHA256_protocol_session_frame_group_counter_after_rate_matching_v1"",""shortening_bits"":112,""z"":56}",[2048]
QPSK,1/2,QPSK:r1/2,c4a111729645a19f172e79da200a80272973e34b807aba0f9133ec6a0c79c646,84,16,0,100,180,80,936,200,100,0,0.5,0.42,"{""actual_effective_rate"":0.5,""bg"":""bg2"",""bit_mapping"":""component_Gray_00_-3_01_-1_10_3_11_1_over_sqrt5;QPSK_0_plus1_1_minus1"",""code_blocks"":1,""decoder_config"":{""cn_schedule"":""flooding"",""cn_update"":""boxplus-phi"",""early_stop"":false,""hard_out"":true,""harq_mode"":false,""llr_max"":20.0,""num_iter"":20,""precision"":""single"",""prune_pcm"":true,""return_infobits"":true,""vn_update"":""sum""},""implementation"":{""bit_mapping"":""component_Gray_00_-3_01_-1_10_3_11_1_over_sqrt5;QPSK_0_plus1_1_minus1"",""cuda"":""12.8"",""decoder"":{""cn_schedule"":""flooding"",""cn_update"":""boxplus-phi"",""early_stop"":false,""hard_out"":true,""harq_mode"":false,""llr_max"":20.0,""num_iter"":20,""precision"":""single"",""prune_pcm"":true,""return_infobits"":true,""vn_update"":""sum""},""decoder_source_sha256"":""44d84b92b749e2970f94d92cd348a11648e2286b4d851faa0af8b21d08f0da23"",""encoder_source_sha256"":""34d8db6660b2e84708a8fb534f63c194f6f2b964e3693fcffc9dcaf21532ccfd"",""implementation"":""Sionna_5G_LDPC"",""power_protocol"":""fixed_constellation_average_Es2"",""precision"":""float32"",""rate_matching"":""Sionna RV0; filler removal, first2Z and tail puncturing; supported n only"",""scrambling"":""public_PCG64_SHA256_protocol_session_frame_group_counter_after_rate_matching_v1"",""torch"":""2.11.0+cu128"",""version"":""2.2.0""},""interleaver_sha256"":""1734f52f45b89647e087bcfd49ae3256fa774cf0885fd87d327275a8e9e7bf3c"",""k"":100,""k_filler"":80,""k_ldpc"":180,""layout_id"":""095d0fc0a8519e64451f0705299d43a2f8d3c6975c6dae47621fd31fb47ca655"",""modulation_padding_bits"":0,""mother_bits"":936,""n"":200,""n_cb"":900,""n_cb_comp"":820,""power_protocol"":""fixed_constellation_average_Es2"",""puncturing_bits"":656,""puncturing_first_2Z"":36,""puncturing_remaining"":620,""repetition_bits"":0,""scrambling"":""public_PCG64_SHA256_protocol_session_frame_group_counter_after_rate_matching_v1"",""shortening_bits"":80,""z"":18}",[2048]
QPSK,3/4,QPSK:r3/4,c4a3d284f8f34085eaee96c91980cbe93c7a4de7148136beb99ecd4d894d28de,1968,16,0,1984,2112,128,6528,2790,1395,0,0.7111111111111111,0.7053763440860215,"{""actual_effective_rate"":0.7111111111111111,""bg"":""bg1"",""bit_mapping"":""component_Gray_00_-3_01_-1_10_3_11_1_over_sqrt5;QPSK_0_plus1_1_minus1"",""code_blocks"":1,""decoder_config"":{""cn_schedule"":""flooding"",""cn_update"":""boxplus-phi"",""early_stop"":false,""hard_out"":true,""harq_mode"":false,""llr_max"":20.0,""num_iter"":20,""precision"":""single"",""prune_pcm"":true,""return_infobits"":true,""vn_update"":""sum""},""implementation"":{""bit_mapping"":""component_Gray_00_-3_01_-1_10_3_11_1_over_sqrt5;QPSK_0_plus1_1_minus1"",""cuda"":""12.8"",""decoder"":{""cn_schedule"":""flooding"",""cn_update"":""boxplus-phi"",""early_stop"":false,""hard_out"":true,""harq_mode"":false,""llr_max"":20.0,""num_iter"":20,""precision"":""single"",""prune_pcm"":true,""return_infobits"":true,""vn_update"":""sum""},""decoder_source_sha256"":""44d84b92b749e2970f94d92cd348a11648e2286b4d851faa0af8b21d08f0da23"",""encoder_source_sha256"":""34d8db6660b2e84708a8fb534f63c194f6f2b964e3693fcffc9dcaf21532ccfd"",""implementation"":""Sionna_5G_LDPC"",""power_protocol"":""fixed_constellation_average_Es2"",""precision"":""float32"",""rate_matching"":""Sionna RV0; filler removal, first2Z and tail puncturing; supported n only"",""scrambling"":""public_PCG64_SHA256_protocol_session_frame_group_counter_after_rate_matching_v1"",""torch"":""2.11.0+cu128"",""version"":""2.2.0""},""interleaver_sha256"":""1302bae08da924e4beb916031f885a06127eb1c22a5b146c49dff7b9f668f15f"",""k"":1984,""k_filler"":128,""k_ldpc"":2112,""layout_id"":""efeb7dd5822aebc938f359adf84ea2f7e24e7a7d2dba1c6e377fb80a6aa2ca5d"",""modulation_padding_bits"":0,""mother_bits"":6528,""n"":2790,""n_cb"":6336,""n_cb_comp"":6208,""power_protocol"":""fixed_constellation_average_Es2"",""puncturing_bits"":3610,""puncturing_first_2Z"":192,""puncturing_remaining"":3418,""repetition_bits"":0,""scrambling"":""public_PCG64_SHA256_protocol_session_frame_group_counter_after_rate_matching_v1"",""shortening_bits"":128,""z"":96}",[2048]
16QAM,1/2,16QAM:r1/2,c4bb5e36ffa940e1b75e847db863c634511e94899232068f8c12e9cb9b60db9f,1200,16,0,1216,1280,64,6656,2784,696,0,0.4367816091954023,0.43103448275862066,"{""actual_effective_rate"":0.4367816091954023,""bg"":""bg2"",""bit_mapping"":""component_Gray_00_-3_01_-1_10_3_11_1_over_sqrt5;QPSK_0_plus1_1_minus1"",""code_blocks"":1,""decoder_config"":{""cn_schedule"":""flooding"",""cn_update"":""boxplus-phi"",""early_stop"":false,""hard_out"":true,""harq_mode"":false,""llr_max"":20.0,""num_iter"":20,""precision"":""single"",""prune_pcm"":true,""return_infobits"":true,""vn_update"":""sum""},""implementation"":{""bit_mapping"":""component_Gray_00_-3_01_-1_10_3_11_1_over_sqrt5;QPSK_0_plus1_1_minus1"",""cuda"":""12.8"",""decoder"":{""cn_schedule"":""flooding"",""cn_update"":""boxplus-phi"",""early_stop"":false,""hard_out"":true,""harq_mode"":false,""llr_max"":20.0,""num_iter"":20,""precision"":""single"",""prune_pcm"":true,""return_infobits"":true,""vn_update"":""sum""},""decoder_source_sha256"":""44d84b92b749e2970f94d92cd348a11648e2286b4d851faa0af8b21d08f0da23"",""encoder_source_sha256"":""34d8db6660b2e84708a8fb534f63c194f6f2b964e3693fcffc9dcaf21532ccfd"",""implementation"":""Sionna_5G_LDPC"",""power_protocol"":""fixed_constellation_average_Es2"",""precision"":""float32"",""rate_matching"":""Sionna RV0; filler removal, first2Z and tail puncturing; supported n only"",""scrambling"":""public_PCG64_SHA256_protocol_session_frame_group_counter_after_rate_matching_v1"",""torch"":""2.11.0+cu128"",""version"":""2.2.0""},""interleaver_sha256"":""94ebe16cb23242766cfb5950b451288e05e55fbb3fe8d4ff69c86930e3c8c814"",""k"":1216,""k_filler"":64,""k_ldpc"":1280,""layout_id"":""430839595c711acdb4a35ff0fe9e1fd75ff7868a3dbc7ba797e73253ad8a8bb9"",""modulation_padding_bits"":0,""mother_bits"":6656,""n"":2784,""n_cb"":6400,""n_cb_comp"":6336,""power_protocol"":""fixed_constellation_average_Es2"",""puncturing_bits"":3808,""puncturing_first_2Z"":256,""puncturing_remaining"":3552,""repetition_bits"":0,""scrambling"":""public_PCG64_SHA256_protocol_session_frame_group_counter_after_rate_matching_v1"",""shortening_bits"":64,""z"":128}",[1024]
16QAM,2/3,16QAM:r2/3,c4be4ecedc47d5172ae107441061ba9d05bfe83d7101039ca9da537e1d9409e1,216,16,0,232,300,68,1560,984,246,0,0.23577235772357724,0.21951219512195122,"{""actual_effective_rate"":0.23577235772357724,""bg"":""bg2"",""bit_mapping"":""component_Gray_00_-3_01_-1_10_3_11_1_over_sqrt5;QPSK_0_plus1_1_minus1"",""code_blocks"":1,""decoder_config"":{""cn_schedule"":""flooding"",""cn_update"":""boxplus-phi"",""early_stop"":false,""hard_out"":true,""harq_mode"":false,""llr_max"":20.0,""num_iter"":20,""precision"":""single"",""prune_pcm"":true,""return_infobits"":true,""vn_update"":""sum""},""implementation"":{""bit_mapping"":""component_Gray_00_-3_01_-1_10_3_11_1_over_sqrt5;QPSK_0_plus1_1_minus1"",""cuda"":""12.8"",""decoder"":{""cn_schedule"":""flooding"",""cn_update"":""boxplus-phi"",""early_stop"":false,""hard_out"":true,""harq_mode"":false,""llr_max"":20.0,""num_iter"":20,""precision"":""single"",""prune_pcm"":true,""return_infobits"":true,""vn_update"":""sum""},""decoder_source_sha256"":""44d84b92b749e2970f94d92cd348a11648e2286b4d851faa0af8b21d08f0da23"",""encoder_source_sha256"":""34d8db6660b2e84708a8fb534f63c194f6f2b964e3693fcffc9dcaf21532ccfd"",""implementation"":""Sionna_5G_LDPC"",""power_protocol"":""fixed_constellation_average_Es2"",""precision"":""float32"",""rate_matching"":""Sionna RV0; filler removal, first2Z and tail puncturing; supported n only"",""scrambling"":""public_PCG64_SHA256_protocol_session_frame_group_counter_after_rate_matching_v1"",""torch"":""2.11.0+cu128"",""version"":""2.2.0""},""interleaver_sha256"":""d2aa843569827ce29a56af380908a51668102f34ef40a98e743dce449c79c035"",""k"":232,""k_filler"":68,""k_ldpc"":300,""layout_id"":""986df55486d0b43cd002db467163212eab7af83d8894e4c168e22ea66c387ad2"",""modulation_padding_bits"":0,""mother_bits"":1560,""n"":984,""n_cb"":1500,""n_cb_comp"":1432,""power_protocol"":""fixed_constellation_average_Es2"",""puncturing_bits"":508,""puncturing_first_2Z"":60,""puncturing_remaining"":448,""repetition_bits"":0,""scrambling"":""public_PCG64_SHA256_protocol_session_frame_group_counter_after_rate_matching_v1"",""shortening_bits"":68,""z"":30}",[1024]
16QAM,3/4,16QAM:r3/4,c4c1f628c5123d008d422481780bfafc68276ea1af7ee1649de90ef8a9c62a4b,732,16,0,748,800,52,4160,1796,449,0,0.41648106904231624,0.40757238307349664,"{""actual_effective_rate"":0.41648106904231624,""bg"":""bg2"",""bit_mapping"":""component_Gray_00_-3_01_-1_10_3_11_1_over_sqrt5;QPSK_0_plus1_1_minus1"",""code_blocks"":1,""decoder_config"":{""cn_schedule"":""flooding"",""cn_update"":""boxplus-phi"",""early_stop"":false,""hard_out"":true,""harq_mode"":false,""llr_max"":20.0,""num_iter"":20,""precision"":""single"",""prune_pcm"":true,""return_infobits"":true,""vn_update"":""sum""},""implementation"":{""bit_mapping"":""component_Gray_00_-3_01_-1_10_3_11_1_over_sqrt5;QPSK_0_plus1_1_minus1"",""cuda"":""12.8"",""decoder"":{""cn_schedule"":""flooding"",""cn_update"":""boxplus-phi"",""early_stop"":false,""hard_out"":true,""harq_mode"":false,""llr_max"":20.0,""num_iter"":20,""precision"":""single"",""prune_pcm"":true,""return_infobits"":true,""vn_update"":""sum""},""decoder_source_sha256"":""44d84b92b749e2970f94d92cd348a11648e2286b4d851faa0af8b21d08f0da23"",""encoder_source_sha256"":""34d8db6660b2e84708a8fb534f63c194f6f2b964e3693fcffc9dcaf21532ccfd"",""implementation"":""Sionna_5G_LDPC"",""power_protocol"":""fixed_constellation_average_Es2"",""precision"":""float32"",""rate_matching"":""Sionna RV0; filler removal, first2Z and tail puncturing; supported n only"",""scrambling"":""public_PCG64_SHA256_protocol_session_frame_group_counter_after_rate_matching_v1"",""torch"":""2.11.0+cu128"",""version"":""2.2.0""},""interleaver_sha256"":""ba87d424016c37cf0d6008b76497901c098537a0cb9309228b43b73d927f3ea9"",""k"":748,""k_filler"":52,""k_ldpc"":800,""layout_id"":""a29a6eb560013c641ec34777c37bc1733be957e4da25ff8a6f7924171b4a7ca9"",""modulation_padding_bits"":0,""mother_bits"":4160,""n"":1796,""n_cb"":4000,""n_cb_comp"":3948,""power_protocol"":""fixed_constellation_average_Es2"",""puncturing_bits"":2312,""puncturing_first_2Z"":160,""puncturing_remaining"":2152,""repetition_bits"":0,""scrambling"":""public_PCG64_SHA256_protocol_session_frame_group_counter_after_rate_matching_v1"",""shortening_bits"":52,""z"":80}",[1024]
16QAM,2/3,16QAM:r2/3,c4c23b9a5be16783848e22f94dcc7de18052499270bc53eda4cc7680a7c034ba,924,16,0,940,960,20,4992,2896,724,0,0.324585635359116,0.319060773480663,"{""actual_effective_rate"":0.324585635359116,""bg"":""bg2"",""bit_mapping"":""component_Gray_00_-3_01_-1_10_3_11_1_over_sqrt5;QPSK_0_plus1_1_minus1"",""code_blocks"":1,""decoder_config"":{""cn_schedule"":""flooding"",""cn_update"":""boxplus-phi"",""early_stop"":false,""hard_out"":true,""harq_mode"":false,""llr_max"":20.0,""num_iter"":20,""precision"":""single"",""prune_pcm"":true,""return_infobits"":true,""vn_update"":""sum""},""implementation"":{""bit_mapping"":""component_Gray_00_-3_01_-1_10_3_11_1_over_sqrt5;QPSK_0_plus1_1_minus1"",""cuda"":""12.8"",""decoder"":{""cn_schedule"":""flooding"",""cn_update"":""boxplus-phi"",""early_stop"":false,""hard_out"":true,""harq_mode"":false,""llr_max"":20.0,""num_iter"":20,""precision"":""single"",""prune_pcm"":true,""return_infobits"":true,""vn_update"":""sum""},""decoder_source_sha256"":""44d84b92b749e2970f94d92cd348a11648e2286b4d851faa0af8b21d08f0da23"",""encoder_source_sha256"":""34d8db6660b2e84708a8fb534f63c194f6f2b964e3693fcffc9dcaf21532ccfd"",""implementation"":""Sionna_5G_LDPC"",""power_protocol"":""fixed_constellation_average_Es2"",""precision"":""float32"",""rate_matching"":""Sionna RV0; filler removal, first2Z and tail puncturing; supported n only"",""scrambling"":""public_PCG64_SHA256_protocol_session_frame_group_counter_after_rate_matching_v1"",""torch"":""2.11.0+cu128"",""version"":""2.2.0""},""interleaver_sha256"":""cadfcbed0c8a2a01e268e5d0d4c515d792c6e96c08d7ead0ec7910f16cd28894"",""k"":940,""k_filler"":20,""k_ldpc"":960,""layout_id"":""6eaa672081fbfdb006dbcbbbd5818328985d9b50f0057d854a4c0aa2413d8c79"",""modulation_padding_bits"":0,""mother_bits"":4992,""n"":2896,""n_cb"":4800,""n_cb_comp"":4780,""power_protocol"":""fixed_constellation_average_Es2"",""puncturing_bits"":2076,""puncturing_first_2Z"":192,""puncturing_remaining"":1884,""repetition_bits"":0,""scrambling"":""public_PCG64_SHA256_protocol_session_frame_group_counter_after_rate_matching_v1"",""shortening_bits"":20,""z"":96}",[1024]
16QAM,2/3,16QAM:r2/3,c4cc5526f69e701d73d4aa3f48a6c2e85d1ee413aee0eb1f1af798779f42c655,1308,16,0,1324,1440,116,7488,4508,1127,0,0.2937000887311446,0.290150842945874,"{""actual_effective_rate"":0.2937000887311446,""bg"":""bg2"",""bit_mapping"":""component_Gray_00_-3_01_-1_10_3_11_1_over_sqrt5;QPSK_0_plus1_1_minus1"",""code_blocks"":1,""decoder_config"":{""cn_schedule"":""flooding"",""cn_update"":""boxplus-phi"",""early_stop"":false,""hard_out"":true,""harq_mode"":false,""llr_max"":20.0,""num_iter"":20,""precision"":""single"",""prune_pcm"":true,""return_infobits"":true,""vn_update"":""sum""},""implementation"":{""bit_mapping"":""component_Gray_00_-3_01_-1_10_3_11_1_over_sqrt5;QPSK_0_plus1_1_minus1"",""cuda"":""12.8"",""decoder"":{""cn_schedule"":""flooding"",""cn_update"":""boxplus-phi"",""early_stop"":false,""hard_out"":true,""harq_mode"":false,""llr_max"":20.0,""num_iter"":20,""precision"":""single"",""prune_pcm"":true,""return_infobits"":true,""vn_update"":""sum""},""decoder_source_sha256"":""44d84b92b749e2970f94d92cd348a11648e2286b4d851faa0af8b21d08f0da23"",""encoder_source_sha256"":""34d8db6660b2e84708a8fb534f63c194f6f2b964e3693fcffc9dcaf21532ccfd"",""implementation"":""Sionna_5G_LDPC"",""power_protocol"":""fixed_constellation_average_Es2"",""precision"":""float32"",""rate_matching"":""Sionna RV0; filler removal, first2Z and tail puncturing; supported n only"",""scrambling"":""public_PCG64_SHA256_protocol_session_frame_group_counter_after_rate_matching_v1"",""torch"":""2.11.0+cu128"",""version"":""2.2.0""},""interleaver_sha256"":""e2dbb5a629f0162e2308ef5de73100626f820d631c39249508f4444935aacb51"",""k"":1324,""k_filler"":116,""k_ldpc"":1440,""layout_id"":""8b535f838928acbe86822c908bb871626bece3d1c3ffcef0b129661e39522479"",""modulation_padding_bits"":0,""mother_bits"":7488,""n"":4508,""n_cb"":7200,""n_cb_comp"":7084,""power_protocol"":""fixed_constellation_average_Es2"",""puncturing_bits"":2864,""puncturing_first_2Z"":288,""puncturing_remaining"":2576,""repetition_bits"":0,""scrambling"":""public_PCG64_SHA256_protocol_session_frame_group_counter_after_rate_matching_v1"",""shortening_bits"":116,""z"":144}",[2048]
QPSK,1/3,QPSK:r1/3,c4df0355b81dc1d4074c6e6d6f376e1a24a70afb411d0e75fc614bccacec0167,1092,16,0,1108,1120,12,5824,3468,1734,0,0.31949250288350634,0.314878892733564,"{""actual_effective_rate"":0.31949250288350634,""bg"":""bg2"",""bit_mapping"":""component_Gray_00_-3_01_-1_10_3_11_1_over_sqrt5;QPSK_0_plus1_1_minus1"",""code_blocks"":1,""decoder_config"":{""cn_schedule"":""flooding"",""cn_update"":""boxplus-phi"",""early_stop"":false,""hard_out"":true,""harq_mode"":false,""llr_max"":20.0,""num_iter"":20,""precision"":""single"",""prune_pcm"":true,""return_infobits"":true,""vn_update"":""sum""},""implementation"":{""bit_mapping"":""component_Gray_00_-3_01_-1_10_3_11_1_over_sqrt5;QPSK_0_plus1_1_minus1"",""cuda"":""12.8"",""decoder"":{""cn_schedule"":""flooding"",""cn_update"":""boxplus-phi"",""early_stop"":false,""hard_out"":true,""harq_mode"":false,""llr_max"":20.0,""num_iter"":20,""precision"":""single"",""prune_pcm"":true,""return_infobits"":true,""vn_update"":""sum""},""decoder_source_sha256"":""44d84b92b749e2970f94d92cd348a11648e2286b4d851faa0af8b21d08f0da23"",""encoder_source_sha256"":""34d8db6660b2e84708a8fb534f63c194f6f2b964e3693fcffc9dcaf21532ccfd"",""implementation"":""Sionna_5G_LDPC"",""power_protocol"":""fixed_constellation_average_Es2"",""precision"":""float32"",""rate_matching"":""Sionna RV0; filler removal, first2Z and tail puncturing; supported n only"",""scrambling"":""public_PCG64_SHA256_protocol_session_frame_group_counter_after_rate_matching_v1"",""torch"":""2.11.0+cu128"",""version"":""2.2.0""},""interleaver_sha256"":""c8f865952d5d1d9fec3f52e87d95ba3eca6e81a76dba65af8fe1890b2d0df76e"",""k"":1108,""k_filler"":12,""k_ldpc"":1120,""layout_id"":""0afafd1d0f626e40298baf1e717c2d4d5ac8a36fd625319a7e67f21e3e73d037"",""modulation_padding_bits"":0,""mother_bits"":5824,""n"":3468,""n_cb"":5600,""n_cb_comp"":5588,""power_protocol"":""fixed_constellation_average_Es2"",""puncturing_bits"":2344,""puncturing_first_2Z"":224,""puncturing_remaining"":2120,""repetition_bits"":0,""scrambling"":""public_PCG64_SHA256_protocol_session_frame_group_counter_after_rate_matching_v1"",""shortening_bits"":12,""z"":112}",[2048]
QPSK,2/3,QPSK:r2/3,c4e2a5b2682398992a975a769ac6379a60d352268762ea7ba81322598a0dd429,1200,16,0,1216,1280,64,6656,3172,1586,0,0.3833543505674653,0.37831021437578816,"{""actual_effective_rate"":0.3833543505674653,""bg"":""bg2"",""bit_mapping"":""component_Gray_00_-3_01_-1_10_3_11_1_over_sqrt5;QPSK_0_plus1_1_minus1"",""code_blocks"":1,""decoder_config"":{""cn_schedule"":""flooding"",""cn_update"":""boxplus-phi"",""early_stop"":false,""hard_out"":true,""harq_mode"":false,""llr_max"":20.0,""num_iter"":20,""precision"":""single"",""prune_pcm"":true,""return_infobits"":true,""vn_update"":""sum""},""implementation"":{""bit_mapping"":""component_Gray_00_-3_01_-1_10_3_11_1_over_sqrt5;QPSK_0_plus1_1_minus1"",""cuda"":""12.8"",""decoder"":{""cn_schedule"":""flooding"",""cn_update"":""boxplus-phi"",""early_stop"":false,""hard_out"":true,""harq_mode"":false,""llr_max"":20.0,""num_iter"":20,""precision"":""single"",""prune_pcm"":true,""return_infobits"":true,""vn_update"":""sum""},""decoder_source_sha256"":""44d84b92b749e2970f94d92cd348a11648e2286b4d851faa0af8b21d08f0da23"",""encoder_source_sha256"":""34d8db6660b2e84708a8fb534f63c194f6f2b964e3693fcffc9dcaf21532ccfd"",""implementation"":""Sionna_5G_LDPC"",""power_protocol"":""fixed_constellation_average_Es2"",""precision"":""float32"",""rate_matching"":""Sionna RV0; filler removal, first2Z and tail puncturing; supported n only"",""scrambling"":""public_PCG64_SHA256_protocol_session_frame_group_counter_after_rate_matching_v1"",""torch"":""2.11.0+cu128"",""version"":""2.2.0""},""interleaver_sha256"":""b4d81da01ac608c2ece6353cc92c540ec65d2dc181f9dec941d2e3d15ef0c63d"",""k"":1216,""k_filler"":64,""k_ldpc"":1280,""layout_id"":""f52a083a40cd16a082e12ee259236713e0d335a792d379f25bd9b77467f12e7f"",""modulation_padding_bits"":0,""mother_bits"":6656,""n"":3172,""n_cb"":6400,""n_cb_comp"":6336,""power_protocol"":""fixed_constellation_average_Es2"",""puncturing_bits"":3420,""puncturing_first_2Z"":256,""puncturing_remaining"":3164,""repetition_bits"":0,""scrambling"":""public_PCG64_SHA256_protocol_session_frame_group_counter_after_rate_matching_v1"",""shortening_bits"":64,""z"":128}",[2048]
16QAM,2/3,16QAM:r2/3,c4ee0097a000b3c0ed012cce9d0d3c317f41e5303d63cb30d9819dee5efe993f,1008,16,0,1024,1040,16,5408,2300,575,0,0.44521739130434784,0.43826086956521737,"{""actual_effective_rate"":0.44521739130434784,""bg"":""bg2"",""bit_mapping"":""component_Gray_00_-3_01_-1_10_3_11_1_over_sqrt5;QPSK_0_plus1_1_minus1"",""code_blocks"":1,""decoder_config"":{""cn_schedule"":""flooding"",""cn_update"":""boxplus-phi"",""early_stop"":false,""hard_out"":true,""harq_mode"":false,""llr_max"":20.0,""num_iter"":20,""precision"":""single"",""prune_pcm"":true,""return_infobits"":true,""vn_update"":""sum""},""implementation"":{""bit_mapping"":""component_Gray_00_-3_01_-1_10_3_11_1_over_sqrt5;QPSK_0_plus1_1_minus1"",""cuda"":""12.8"",""decoder"":{""cn_schedule"":""flooding"",""cn_update"":""boxplus-phi"",""early_stop"":false,""hard_out"":true,""harq_mode"":false,""llr_max"":20.0,""num_iter"":20,""precision"":""single"",""prune_pcm"":true,""return_infobits"":true,""vn_update"":""sum""},""decoder_source_sha256"":""44d84b92b749e2970f94d92cd348a11648e2286b4d851faa0af8b21d08f0da23"",""encoder_source_sha256"":""34d8db6660b2e84708a8fb534f63c194f6f2b964e3693fcffc9dcaf21532ccfd"",""implementation"":""Sionna_5G_LDPC"",""power_protocol"":""fixed_constellation_average_Es2"",""precision"":""float32"",""rate_matching"":""Sionna RV0; filler removal, first2Z and tail puncturing; supported n only"",""scrambling"":""public_PCG64_SHA256_protocol_session_frame_group_counter_after_rate_matching_v1"",""torch"":""2.11.0+cu128"",""version"":""2.2.0""},""interleaver_sha256"":""ad3b5eef353d36c4a8338bd7a4c96108ba26a4f31f4398d6426cad5a122b1eab"",""k"":1024,""k_filler"":16,""k_ldpc"":1040,""layout_id"":""d70d5093e4e6c817c041486a8d6800d9bc0910ad9d26e7039ca74c1b37562d33"",""modulation_padding_bits"":0,""mother_bits"":5408,""n"":2300,""n_cb"":5200,""n_cb_comp"":5184,""power_protocol"":""fixed_constellation_average_Es2"",""puncturing_bits"":3092,""puncturing_first_2Z"":208,""puncturing_remaining"":2884,""repetition_bits"":0,""scrambling"":""public_PCG64_SHA256_protocol_session_frame_group_counter_after_rate_matching_v1"",""shortening_bits"":16,""z"":104}",[1024]
QPSK,1/2,QPSK:r1/2,c5095684b62964aca001450d4c78d75b0a04ac014ad071a8bb474e25da65ece8,432,16,0,448,560,112,2912,1220,610,0,0.36721311475409835,0.3540983606557377,"{""actual_effective_rate"":0.36721311475409835,""bg"":""bg2"",""bit_mapping"":""component_Gray_00_-3_01_-1_10_3_11_1_over_sqrt5;QPSK_0_plus1_1_minus1"",""code_blocks"":1,""decoder_config"":{""cn_schedule"":""flooding"",""cn_update"":""boxplus-phi"",""early_stop"":false,""hard_out"":true,""harq_mode"":false,""llr_max"":20.0,""num_iter"":20,""precision"":""single"",""prune_pcm"":true,""return_infobits"":true,""vn_update"":""sum""},""implementation"":{""bit_mapping"":""component_Gray_00_-3_01_-1_10_3_11_1_over_sqrt5;QPSK_0_plus1_1_minus1"",""cuda"":""12.8"",""decoder"":{""cn_schedule"":""flooding"",""cn_update"":""boxplus-phi"",""early_stop"":false,""hard_out"":true,""harq_mode"":false,""llr_max"":20.0,""num_iter"":20,""precision"":""single"",""prune_pcm"":true,""return_infobits"":true,""vn_update"":""sum""},""decoder_source_sha256"":""44d84b92b749e2970f94d92cd348a11648e2286b4d851faa0af8b21d08f0da23"",""encoder_source_sha256"":""34d8db6660b2e84708a8fb534f63c194f6f2b964e3693fcffc9dcaf21532ccfd"",""implementation"":""Sionna_5G_LDPC"",""power_protocol"":""fixed_constellation_average_Es2"",""precision"":""float32"",""rate_matching"":""Sionna RV0; filler removal, first2Z and tail puncturing; supported n only"",""scrambling"":""public_PCG64_SHA256_protocol_session_frame_group_counter_after_rate_matching_v1"",""torch"":""2.11.0+cu128"",""version"":""2.2.0""},""interleaver_sha256"":""bb710efc1f3e30333586dffbf3c13026511bb59d60b2a7c84cbc4dfe10488967"",""k"":448,""k_filler"":112,""k_ldpc"":560,""layout_id"":""7b2c2e7ed6483b8a2abb4d6e926c21c99d2913d3e741fb70b3c21ce9b57cea61"",""modulation_padding_bits"":0,""mother_bits"":2912,""n"":1220,""n_cb"":2800,""n_cb_comp"":2688,""power_protocol"":""fixed_constellation_average_Es2"",""puncturing_bits"":1580,""puncturing_first_2Z"":112,""puncturing_remaining"":1468,""repetition_bits"":0,""scrambling"":""public_PCG64_SHA256_protocol_session_frame_group_counter_after_rate_matching_v1"",""shortening_bits"":112,""z"":56}",[1024]
QPSK,2/3,QPSK:r2/3,c5114c36c8fbddde59dde7be6201d4dc4cf63690f3f84cff6f482008115d51d1,1500,16,0,1516,1600,84,8320,2274,1137,0,0.6666666666666666,0.6596306068601583,"{""actual_effective_rate"":0.6666666666666666,""bg"":""bg2"",""bit_mapping"":""component_Gray_00_-3_01_-1_10_3_11_1_over_sqrt5;QPSK_0_plus1_1_minus1"",""code_blocks"":1,""decoder_config"":{""cn_schedule"":""flooding"",""cn_update"":""boxplus-phi"",""early_stop"":false,""hard_out"":true,""harq_mode"":false,""llr_max"":20.0,""num_iter"":20,""precision"":""single"",""prune_pcm"":true,""return_infobits"":true,""vn_update"":""sum""},""implementation"":{""bit_mapping"":""component_Gray_00_-3_01_-1_10_3_11_1_over_sqrt5;QPSK_0_plus1_1_minus1"",""cuda"":""12.8"",""decoder"":{""cn_schedule"":""flooding"",""cn_update"":""boxplus-phi"",""early_stop"":false,""hard_out"":true,""harq_mode"":false,""llr_max"":20.0,""num_iter"":20,""precision"":""single"",""prune_pcm"":true,""return_infobits"":true,""vn_update"":""sum""},""decoder_source_sha256"":""44d84b92b749e2970f94d92cd348a11648e2286b4d851faa0af8b21d08f0da23"",""encoder_source_sha256"":""34d8db6660b2e84708a8fb534f63c194f6f2b964e3693fcffc9dcaf21532ccfd"",""implementation"":""Sionna_5G_LDPC"",""power_protocol"":""fixed_constellation_average_Es2"",""precision"":""float32"",""rate_matching"":""Sionna RV0; filler removal, first2Z and tail puncturing; supported n only"",""scrambling"":""public_PCG64_SHA256_protocol_session_frame_group_counter_after_rate_matching_v1"",""torch"":""2.11.0+cu128"",""version"":""2.2.0""},""interleaver_sha256"":""906ee6d7f1e3d55ad4bcf061540a1d3d5e5d31e326f66c904b5c7f55d448fa7d"",""k"":1516,""k_filler"":84,""k_ldpc"":1600,""layout_id"":""44950ce9115f54bf2a95e097839684b3fce9949aadeb61ca0b2b5a4dc44b2852"",""modulation_padding_bits"":0,""mother_bits"":8320,""n"":2274,""n_cb"":8000,""n_cb_comp"":7916,""power_protocol"":""fixed_constellation_average_Es2"",""puncturing_bits"":5962,""puncturing_first_2Z"":320,""puncturing_remaining"":5642,""repetition_bits"":0,""scrambling"":""public_PCG64_SHA256_protocol_session_frame_group_counter_after_rate_matching_v1"",""shortening_bits"":84,""z"":160}",[2048]
QPSK,2/3,QPSK:r2/3,c51843c5b3edb1ff48b2cd215ffe069699b926f565e1c358431083d43dd1f32c,1500,16,0,1516,1600,84,8320,2834,1417,0,0.5349329569513056,0.529287226534933,"{""actual_effective_rate"":0.5349329569513056,""bg"":""bg2"",""bit_mapping"":""component_Gray_00_-3_01_-1_10_3_11_1_over_sqrt5;QPSK_0_plus1_1_minus1"",""code_blocks"":1,""decoder_config"":{""cn_schedule"":""flooding"",""cn_update"":""boxplus-phi"",""early_stop"":false,""hard_out"":true,""harq_mode"":false,""llr_max"":20.0,""num_iter"":20,""precision"":""single"",""prune_pcm"":true,""return_infobits"":true,""vn_update"":""sum""},""implementation"":{""bit_mapping"":""component_Gray_00_-3_01_-1_10_3_11_1_over_sqrt5;QPSK_0_plus1_1_minus1"",""cuda"":""12.8"",""decoder"":{""cn_schedule"":""flooding"",""cn_update"":""boxplus-phi"",""early_stop"":false,""hard_out"":true,""harq_mode"":false,""llr_max"":20.0,""num_iter"":20,""precision"":""single"",""prune_pcm"":true,""return_infobits"":true,""vn_update"":""sum""},""decoder_source_sha256"":""44d84b92b749e2970f94d92cd348a11648e2286b4d851faa0af8b21d08f0da23"",""encoder_source_sha256"":""34d8db6660b2e84708a8fb534f63c194f6f2b964e3693fcffc9dcaf21532ccfd"",""implementation"":""Sionna_5G_LDPC"",""power_protocol"":""fixed_constellation_average_Es2"",""precision"":""float32"",""rate_matching"":""Sionna RV0; filler removal, first2Z and tail puncturing; supported n only"",""scrambling"":""public_PCG64_SHA256_protocol_session_frame_group_counter_after_rate_matching_v1"",""torch"":""2.11.0+cu128"",""version"":""2.2.0""},""interleaver_sha256"":""644fbe4fdb98e6f0eabf80ef04598a5594e3964ccd5ece2d435522dc410b4fa8"",""k"":1516,""k_filler"":84,""k_ldpc"":1600,""layout_id"":""a0295831df19706f02819a2c12bf1a231c049509b894c90cbedde1b5a3af2628"",""modulation_padding_bits"":0,""mother_bits"":8320,""n"":2834,""n_cb"":8000,""n_cb_comp"":7916,""power_protocol"":""fixed_constellation_average_Es2"",""puncturing_bits"":5402,""puncturing_first_2Z"":320,""puncturing_remaining"":5082,""repetition_bits"":0,""scrambling"":""public_PCG64_SHA256_protocol_session_frame_group_counter_after_rate_matching_v1"",""shortening_bits"":84,""z"":160}",[2048]
QPSK,2/3,QPSK:r2/3,c51e0cc1c2fc4820c8f26ddcc1432b7a1c851279e1229502aa9bbc76ea28186a,192,16,0,208,260,52,1352,332,166,0,0.6265060240963856,0.5783132530120482,"{""actual_effective_rate"":0.6265060240963856,""bg"":""bg2"",""bit_mapping"":""component_Gray_00_-3_01_-1_10_3_11_1_over_sqrt5;QPSK_0_plus1_1_minus1"",""code_blocks"":1,""decoder_config"":{""cn_schedule"":""flooding"",""cn_update"":""boxplus-phi"",""early_stop"":false,""hard_out"":true,""harq_mode"":false,""llr_max"":20.0,""num_iter"":20,""precision"":""single"",""prune_pcm"":true,""return_infobits"":true,""vn_update"":""sum""},""implementation"":{""bit_mapping"":""component_Gray_00_-3_01_-1_10_3_11_1_over_sqrt5;QPSK_0_plus1_1_minus1"",""cuda"":""12.8"",""decoder"":{""cn_schedule"":""flooding"",""cn_update"":""boxplus-phi"",""early_stop"":false,""hard_out"":true,""harq_mode"":false,""llr_max"":20.0,""num_iter"":20,""precision"":""single"",""prune_pcm"":true,""return_infobits"":true,""vn_update"":""sum""},""decoder_source_sha256"":""44d84b92b749e2970f94d92cd348a11648e2286b4d851faa0af8b21d08f0da23"",""encoder_source_sha256"":""34d8db6660b2e84708a8fb534f63c194f6f2b964e3693fcffc9dcaf21532ccfd"",""implementation"":""Sionna_5G_LDPC"",""power_protocol"":""fixed_constellation_average_Es2"",""precision"":""float32"",""rate_matching"":""Sionna RV0; filler removal, first2Z and tail puncturing; supported n only"",""scrambling"":""public_PCG64_SHA256_protocol_session_frame_group_counter_after_rate_matching_v1"",""torch"":""2.11.0+cu128"",""version"":""2.2.0""},""interleaver_sha256"":""72aa134bf11ebfefa3b7fa3cce4b58ab4b40230998f935a53fa6968dc282e900"",""k"":208,""k_filler"":52,""k_ldpc"":260,""layout_id"":""38204c18f9dd81f59a3a66f1751d03b87742fc86bc59488b1c1c9d5efd33e423"",""modulation_padding_bits"":0,""mother_bits"":1352,""n"":332,""n_cb"":1300,""n_cb_comp"":1248,""power_protocol"":""fixed_constellation_average_Es2"",""puncturing_bits"":968,""puncturing_first_2Z"":52,""puncturing_remaining"":916,""repetition_bits"":0,""scrambling"":""public_PCG64_SHA256_protocol_session_frame_group_counter_after_rate_matching_v1"",""shortening_bits"":52,""z"":26}",[1024]
QPSK,3/4,QPSK:r3/4,c52d9f2bccf5c088c6c6c0dfbddfc40179479d6c6574f0c2556533ec70f4c005,624,16,0,640,720,80,3744,1066,533,0,0.600375234521576,0.5853658536585366,"{""actual_effective_rate"":0.600375234521576,""bg"":""bg2"",""bit_mapping"":""component_Gray_00_-3_01_-1_10_3_11_1_over_sqrt5;QPSK_0_plus1_1_minus1"",""code_blocks"":1,""decoder_config"":{""cn_schedule"":""flooding"",""cn_update"":""boxplus-phi"",""early_stop"":false,""hard_out"":true,""harq_mode"":false,""llr_max"":20.0,""num_iter"":20,""precision"":""single"",""prune_pcm"":true,""return_infobits"":true,""vn_update"":""sum""},""implementation"":{""bit_mapping"":""component_Gray_00_-3_01_-1_10_3_11_1_over_sqrt5;QPSK_0_plus1_1_minus1"",""cuda"":""12.8"",""decoder"":{""cn_schedule"":""flooding"",""cn_update"":""boxplus-phi"",""early_stop"":false,""hard_out"":true,""harq_mode"":false,""llr_max"":20.0,""num_iter"":20,""precision"":""single"",""prune_pcm"":true,""return_infobits"":true,""vn_update"":""sum""},""decoder_source_sha256"":""44d84b92b749e2970f94d92cd348a11648e2286b4d851faa0af8b21d08f0da23"",""encoder_source_sha256"":""34d8db6660b2e84708a8fb534f63c194f6f2b964e3693fcffc9dcaf21532ccfd"",""implementation"":""Sionna_5G_LDPC"",""power_protocol"":""fixed_constellation_average_Es2"",""precision"":""float32"",""rate_matching"":""Sionna RV0; filler removal, first2Z and tail puncturing; supported n only"",""scrambling"":""public_PCG64_SHA256_protocol_session_frame_group_counter_after_rate_matching_v1"",""torch"":""2.11.0+cu128"",""version"":""2.2.0""},""interleaver_sha256"":""d1d63e525fecfdc3e27a5314a1c511d192eb16e1ad7795634e3db01576f767f2"",""k"":640,""k_filler"":80,""k_ldpc"":720,""layout_id"":""1ed6bba81388b922342cba43ea98b429edb2d7e4a745055994349d83dc4c334c"",""modulation_padding_bits"":0,""mother_bits"":3744,""n"":1066,""n_cb"":3600,""n_cb_comp"":3520,""power_protocol"":""fixed_constellation_average_Es2"",""puncturing_bits"":2598,""puncturing_first_2Z"":144,""puncturing_remaining"":2454,""repetition_bits"":0,""scrambling"":""public_PCG64_SHA256_protocol_session_frame_group_counter_after_rate_matching_v1"",""shortening_bits"":80,""z"":72}",[1024]
16QAM,5/6,16QAM:r5/6,c52f6ec192f51328815d69f2a5f0f0e777601776e35f1e9fd7cdd31fbd883db2,1968,16,0,1984,2080,96,10816,3532,883,0,0.5617214043035108,0.5571913929784824,"{""actual_effective_rate"":0.5617214043035108,""bg"":""bg2"",""bit_mapping"":""component_Gray_00_-3_01_-1_10_3_11_1_over_sqrt5;QPSK_0_plus1_1_minus1"",""code_blocks"":1,""decoder_config"":{""cn_schedule"":""flooding"",""cn_update"":""boxplus-phi"",""early_stop"":false,""hard_out"":true,""harq_mode"":false,""llr_max"":20.0,""num_iter"":20,""precision"":""single"",""prune_pcm"":true,""return_infobits"":true,""vn_update"":""sum""},""implementation"":{""bit_mapping"":""component_Gray_00_-3_01_-1_10_3_11_1_over_sqrt5;QPSK_0_plus1_1_minus1"",""cuda"":""12.8"",""decoder"":{""cn_schedule"":""flooding"",""cn_update"":""boxplus-phi"",""early_stop"":false,""hard_out"":true,""harq_mode"":false,""llr_max"":20.0,""num_iter"":20,""precision"":""single"",""prune_pcm"":true,""return_infobits"":true,""vn_update"":""sum""},""decoder_source_sha256"":""44d84b92b749e2970f94d92cd348a11648e2286b4d851faa0af8b21d08f0da23"",""encoder_source_sha256"":""34d8db6660b2e84708a8fb534f63c194f6f2b964e3693fcffc9dcaf21532ccfd"",""implementation"":""Sionna_5G_LDPC"",""power_protocol"":""fixed_constellation_average_Es2"",""precision"":""float32"",""rate_matching"":""Sionna RV0; filler removal, first2Z and tail puncturing; supported n only"",""scrambling"":""public_PCG64_SHA256_protocol_session_frame_group_counter_after_rate_matching_v1"",""torch"":""2.11.0+cu128"",""version"":""2.2.0""},""interleaver_sha256"":""50a7db7958b0d33d2ea6bfae14469b0d6d3a378075dfe29d0087329ee4a7c228"",""k"":1984,""k_filler"":96,""k_ldpc"":2080,""layout_id"":""9cbec9d4ab7cb3ba1b5a00418f35f644a376b96775daca52058c867f766ac568"",""modulation_padding_bits"":0,""mother_bits"":10816,""n"":3532,""n_cb"":10400,""n_cb_comp"":10304,""power_protocol"":""fixed_constellation_average_Es2"",""puncturing_bits"":7188,""puncturing_first_2Z"":416,""puncturing_remaining"":6772,""repetition_bits"":0,""scrambling"":""public_PCG64_SHA256_protocol_session_frame_group_counter_after_rate_matching_v1"",""shortening_bits"":96,""z"":208}",[2048]
16QAM,3/4,16QAM:r3/4,c52f9e052ac7a8d5c96698043862ea0bed11f6e4f3569e411d49963ac8d5d3a5,4572,16,0,4588,4928,340,15232,7920,1980,0,0.5792929292929293,0.5772727272727273,"{""actual_effective_rate"":0.5792929292929293,""bg"":""bg1"",""bit_mapping"":""component_Gray_00_-3_01_-1_10_3_11_1_over_sqrt5;QPSK_0_plus1_1_minus1"",""code_blocks"":1,""decoder_config"":{""cn_schedule"":""flooding"",""cn_update"":""boxplus-phi"",""early_stop"":false,""hard_out"":true,""harq_mode"":false,""llr_max"":20.0,""num_iter"":20,""precision"":""single"",""prune_pcm"":true,""return_infobits"":true,""vn_update"":""sum""},""implementation"":{""bit_mapping"":""component_Gray_00_-3_01_-1_10_3_11_1_over_sqrt5;QPSK_0_plus1_1_minus1"",""cuda"":""12.8"",""decoder"":{""cn_schedule"":""flooding"",""cn_update"":""boxplus-phi"",""early_stop"":false,""hard_out"":true,""harq_mode"":false,""llr_max"":20.0,""num_iter"":20,""precision"":""single"",""prune_pcm"":true,""return_infobits"":true,""vn_update"":""sum""},""decoder_source_sha256"":""44d84b92b749e2970f94d92cd348a11648e2286b4d851faa0af8b21d08f0da23"",""encoder_source_sha256"":""34d8db6660b2e84708a8fb534f63c194f6f2b964e3693fcffc9dcaf21532ccfd"",""implementation"":""Sionna_5G_LDPC"",""power_protocol"":""fixed_constellation_average_Es2"",""precision"":""float32"",""rate_matching"":""Sionna RV0; filler removal, first2Z and tail puncturing; supported n only"",""scrambling"":""public_PCG64_SHA256_protocol_session_frame_group_counter_after_rate_matching_v1"",""torch"":""2.11.0+cu128"",""version"":""2.2.0""},""interleaver_sha256"":""bf29d57f104b46cfad97442eb8b05f15d543d1ba6069085098da1ce605aaeccb"",""k"":4588,""k_filler"":340,""k_ldpc"":4928,""layout_id"":""e5a392f6206418eed47d6594e44dc5dd3e1e40341f79a4acb15e7079b3ec132a"",""modulation_padding_bits"":0,""mother_bits"":15232,""n"":7920,""n_cb"":14784,""n_cb_comp"":14444,""power_protocol"":""fixed_constellation_average_Es2"",""puncturing_bits"":6972,""puncturing_first_2Z"":448,""puncturing_remaining"":6524,""repetition_bits"":0,""scrambling"":""public_PCG64_SHA256_protocol_session_frame_group_counter_after_rate_matching_v1"",""shortening_bits"":340,""z"":224}",[2048]
QPSK,5/6,QPSK:r5/6,c531ee24d4a8db95ebf5bb0d3faf9ab63b4572382e5cc9f2a30095e8a1cb213c,1860,16,0,1876,1936,60,5984,2302,1151,0,0.8149435273675065,0.8079930495221547,"{""actual_effective_rate"":0.8149435273675065,""bg"":""bg1"",""bit_mapping"":""component_Gray_00_-3_01_-1_10_3_11_1_over_sqrt5;QPSK_0_plus1_1_minus1"",""code_blocks"":1,""decoder_config"":{""cn_schedule"":""flooding"",""cn_update"":""boxplus-phi"",""early_stop"":false,""hard_out"":true,""harq_mode"":false,""llr_max"":20.0,""num_iter"":20,""precision"":""single"",""prune_pcm"":true,""return_infobits"":true,""vn_update"":""sum""},""implementation"":{""bit_mapping"":""component_Gray_00_-3_01_-1_10_3_11_1_over_sqrt5;QPSK_0_plus1_1_minus1"",""cuda"":""12.8"",""decoder"":{""cn_schedule"":""flooding"",""cn_update"":""boxplus-phi"",""early_stop"":false,""hard_out"":true,""harq_mode"":false,""llr_max"":20.0,""num_iter"":20,""precision"":""single"",""prune_pcm"":true,""return_infobits"":true,""vn_update"":""sum""},""decoder_source_sha256"":""44d84b92b749e2970f94d92cd348a11648e2286b4d851faa0af8b21d08f0da23"",""encoder_source_sha256"":""34d8db6660b2e84708a8fb534f63c194f6f2b964e3693fcffc9dcaf21532ccfd"",""implementation"":""Sionna_5G_LDPC"",""power_protocol"":""fixed_constellation_average_Es2"",""precision"":""float32"",""rate_matching"":""Sionna RV0; filler removal, first2Z and tail puncturing; supported n only"",""scrambling"":""public_PCG64_SHA256_protocol_session_frame_group_counter_after_rate_matching_v1"",""torch"":""2.11.0+cu128"",""version"":""2.2.0""},""interleaver_sha256"":""9cdf441ed32b7d42f62eeebb8e0fd7f31ac597592b5ac3401a263deb0231bbce"",""k"":1876,""k_filler"":60,""k_ldpc"":1936,""layout_id"":""39f362a6453c05bcd3300497cc7c2b3a970d02ae9020c3b9173b68df46e0f5e1"",""modulation_padding_bits"":0,""mother_bits"":5984,""n"":2302,""n_cb"":5808,""n_cb_comp"":5748,""power_protocol"":""fixed_constellation_average_Es2"",""puncturing_bits"":3622,""puncturing_first_2Z"":176,""puncturing_remaining"":3446,""repetition_bits"":0,""scrambling"":""public_PCG64_SHA256_protocol_session_frame_group_counter_after_rate_matching_v1"",""shortening_bits"":60,""z"":88}",[2048]
QPSK,2/3,QPSK:r2/3,c53d6ee0101f91e7b22c865af7e43651e3b0c53abc46a7622cfa3b8cfea5e364,660,16,0,676,720,44,3744,3056,1528,0,0.2212041884816754,0.21596858638743455,"{""actual_effective_rate"":0.2212041884816754,""bg"":""bg2"",""bit_mapping"":""component_Gray_00_-3_01_-1_10_3_11_1_over_sqrt5;QPSK_0_plus1_1_minus1"",""code_blocks"":1,""decoder_config"":{""cn_schedule"":""flooding"",""cn_update"":""boxplus-phi"",""early_stop"":false,""hard_out"":true,""harq_mode"":false,""llr_max"":20.0,""num_iter"":20,""precision"":""single"",""prune_pcm"":true,""return_infobits"":true,""vn_update"":""sum""},""implementation"":{""bit_mapping"":""component_Gray_00_-3_01_-1_10_3_11_1_over_sqrt5;QPSK_0_plus1_1_minus1"",""cuda"":""12.8"",""decoder"":{""cn_schedule"":""flooding"",""cn_update"":""boxplus-phi"",""early_stop"":false,""hard_out"":true,""harq_mode"":false,""llr_max"":20.0,""num_iter"":20,""precision"":""single"",""prune_pcm"":true,""return_infobits"":true,""vn_update"":""sum""},""decoder_source_sha256"":""44d84b92b749e2970f94d92cd348a11648e2286b4d851faa0af8b21d08f0da23"",""encoder_source_sha256"":""34d8db6660b2e84708a8fb534f63c194f6f2b964e3693fcffc9dcaf21532ccfd"",""implementation"":""Sionna_5G_LDPC"",""power_protocol"":""fixed_constellation_average_Es2"",""precision"":""float32"",""rate_matching"":""Sionna RV0; filler removal, first2Z and tail puncturing; supported n only"",""scrambling"":""public_PCG64_SHA256_protocol_session_frame_group_counter_after_rate_matching_v1"",""torch"":""2.11.0+cu128"",""version"":""2.2.0""},""interleaver_sha256"":""5ddb2766e6e90597fec7ea3903a7fcd79d9b14b56497eec25d6d24d3beb51315"",""k"":676,""k_filler"":44,""k_ldpc"":720,""layout_id"":""3b7f742e1ac6d1710da0b4721a417ae7f86180fc6da5ec95dc79ff304affb5bf"",""modulation_padding_bits"":0,""mother_bits"":3744,""n"":3056,""n_cb"":3600,""n_cb_comp"":3556,""power_protocol"":""fixed_constellation_average_Es2"",""puncturing_bits"":644,""puncturing_first_2Z"":144,""puncturing_remaining"":500,""repetition_bits"":0,""scrambling"":""public_PCG64_SHA256_protocol_session_frame_group_counter_after_rate_matching_v1"",""shortening_bits"":44,""z"":72}",[2048]
QPSK,3/4,QPSK:r3/4,c54159e84bd687f1062858441ebe839a9934cc67e0c4c24f8df7e61fb6153981,360,16,0,376,480,104,2496,632,316,0,0.5949367088607594,0.569620253164557,"{""actual_effective_rate"":0.5949367088607594,""bg"":""bg2"",""bit_mapping"":""component_Gray_00_-3_01_-1_10_3_11_1_over_sqrt5;QPSK_0_plus1_1_minus1"",""code_blocks"":1,""decoder_config"":{""cn_schedule"":""flooding"",""cn_update"":""boxplus-phi"",""early_stop"":false,""hard_out"":true,""harq_mode"":false,""llr_max"":20.0,""num_iter"":20,""precision"":""single"",""prune_pcm"":true,""return_infobits"":true,""vn_update"":""sum""},""implementation"":{""bit_mapping"":""component_Gray_00_-3_01_-1_10_3_11_1_over_sqrt5;QPSK_0_plus1_1_minus1"",""cuda"":""12.8"",""decoder"":{""cn_schedule"":""flooding"",""cn_update"":""boxplus-phi"",""early_stop"":false,""hard_out"":true,""harq_mode"":false,""llr_max"":20.0,""num_iter"":20,""precision"":""single"",""prune_pcm"":true,""return_infobits"":true,""vn_update"":""sum""},""decoder_source_sha256"":""44d84b92b749e2970f94d92cd348a11648e2286b4d851faa0af8b21d08f0da23"",""encoder_source_sha256"":""34d8db6660b2e84708a8fb534f63c194f6f2b964e3693fcffc9dcaf21532ccfd"",""implementation"":""Sionna_5G_LDPC"",""power_protocol"":""fixed_constellation_average_Es2"",""precision"":""float32"",""rate_matching"":""Sionna RV0; filler removal, first2Z and tail puncturing; supported n only"",""scrambling"":""public_PCG64_SHA256_protocol_session_frame_group_counter_after_rate_matching_v1"",""torch"":""2.11.0+cu128"",""version"":""2.2.0""},""interleaver_sha256"":""ff5caaef3327074ef80c541d723887ae20a981fbe7f4ffae8b7f2dba0aea2acf"",""k"":376,""k_filler"":104,""k_ldpc"":480,""layout_id"":""d0c3bc45bce0302882417939a04efb4a3f618e3b1673d4cd7a99539fb4af5b22"",""modulation_padding_bits"":0,""mother_bits"":2496,""n"":632,""n_cb"":2400,""n_cb_comp"":2296,""power_protocol"":""fixed_constellation_average_Es2"",""puncturing_bits"":1760,""puncturing_first_2Z"":96,""puncturing_remaining"":1664,""repetition_bits"":0,""scrambling"":""public_PCG64_SHA256_protocol_session_frame_group_counter_after_rate_matching_v1"",""shortening_bits"":104,""z"":48}",[2048]
QPSK,2/3,QPSK:r2/3,c54a458cd89ec855532b4dc5714c43a8e45545e2d412744f04d3980f710fc9bd,360,16,0,376,480,104,2496,790,395,0,0.4759493670886076,0.45569620253164556,"{""actual_effective_rate"":0.4759493670886076,""bg"":""bg2"",""bit_mapping"":""component_Gray_00_-3_01_-1_10_3_11_1_over_sqrt5;QPSK_0_plus1_1_minus1"",""code_blocks"":1,""decoder_config"":{""cn_schedule"":""flooding"",""cn_update"":""boxplus-phi"",""early_stop"":false,""hard_out"":true,""harq_mode"":false,""llr_max"":20.0,""num_iter"":20,""precision"":""single"",""prune_pcm"":true,""return_infobits"":true,""vn_update"":""sum""},""implementation"":{""bit_mapping"":""component_Gray_00_-3_01_-1_10_3_11_1_over_sqrt5;QPSK_0_plus1_1_minus1"",""cuda"":""12.8"",""decoder"":{""cn_schedule"":""flooding"",""cn_update"":""boxplus-phi"",""early_stop"":false,""hard_out"":true,""harq_mode"":false,""llr_max"":20.0,""num_iter"":20,""precision"":""single"",""prune_pcm"":true,""return_infobits"":true,""vn_update"":""sum""},""decoder_source_sha256"":""44d84b92b749e2970f94d92cd348a11648e2286b4d851faa0af8b21d08f0da23"",""encoder_source_sha256"":""34d8db6660b2e84708a8fb534f63c194f6f2b964e3693fcffc9dcaf21532ccfd"",""implementation"":""Sionna_5G_LDPC"",""power_protocol"":""fixed_constellation_average_Es2"",""precision"":""float32"",""rate_matching"":""Sionna RV0; filler removal, first2Z and tail puncturing; supported n only"",""scrambling"":""public_PCG64_SHA256_protocol_session_frame_group_counter_after_rate_matching_v1"",""torch"":""2.11.0+cu128"",""version"":""2.2.0""},""interleaver_sha256"":""824c5f975ee620d60ae68b0fbb4d465f45ee0c4a3ddcb34d23e3e30aeff7de57"",""k"":376,""k_filler"":104,""k_ldpc"":480,""layout_id"":""f0d4bf71ed906dc8e4ef3e131ff7199465a228f1ba26c4770c5c8c12bfe4c0c0"",""modulation_padding_bits"":0,""mother_bits"":2496,""n"":790,""n_cb"":2400,""n_cb_comp"":2296,""power_protocol"":""fixed_constellation_average_Es2"",""puncturing_bits"":1602,""puncturing_first_2Z"":96,""puncturing_remaining"":1506,""repetition_bits"":0,""scrambling"":""public_PCG64_SHA256_protocol_session_frame_group_counter_after_rate_matching_v1"",""shortening_bits"":104,""z"":48}",[2048]
QPSK,1/2,QPSK:r1/2,c55964ea875bf4c0d1ba52e36a7d2183e099225bcb607f3bba38f8223f641fa5,360,16,0,376,480,104,2496,1342,671,0,0.28017883755588674,0.26825633383010433,"{""actual_effective_rate"":0.28017883755588674,""bg"":""bg2"",""bit_mapping"":""component_Gray_00_-3_01_-1_10_3_11_1_over_sqrt5;QPSK_0_plus1_1_minus1"",""code_blocks"":1,""decoder_config"":{""cn_schedule"":""flooding"",""cn_update"":""boxplus-phi"",""early_stop"":false,""hard_out"":true,""harq_mode"":false,""llr_max"":20.0,""num_iter"":20,""precision"":""single"",""prune_pcm"":true,""return_infobits"":true,""vn_update"":""sum""},""implementation"":{""bit_mapping"":""component_Gray_00_-3_01_-1_10_3_11_1_over_sqrt5;QPSK_0_plus1_1_minus1"",""cuda"":""12.8"",""decoder"":{""cn_schedule"":""flooding"",""cn_update"":""boxplus-phi"",""early_stop"":false,""hard_out"":true,""harq_mode"":false,""llr_max"":20.0,""num_iter"":20,""precision"":""single"",""prune_pcm"":true,""return_infobits"":true,""vn_update"":""sum""},""decoder_source_sha256"":""44d84b92b749e2970f94d92cd348a11648e2286b4d851faa0af8b21d08f0da23"",""encoder_source_sha256"":""34d8db6660b2e84708a8fb534f63c194f6f2b964e3693fcffc9dcaf21532ccfd"",""implementation"":""Sionna_5G_LDPC"",""power_protocol"":""fixed_constellation_average_Es2"",""precision"":""float32"",""rate_matching"":""Sionna RV0; filler removal, first2Z and tail puncturing; supported n only"",""scrambling"":""public_PCG64_SHA256_protocol_session_frame_group_counter_after_rate_matching_v1"",""torch"":""2.11.0+cu128"",""version"":""2.2.0""},""interleaver_sha256"":""ba09d261e4df6e566f82998503032d87483ac85174983c64663d61260da14ee8"",""k"":376,""k_filler"":104,""k_ldpc"":480,""layout_id"":""54186cd079e2facaaf9d3a6cb3453a3291d241a809bdf84d70aefd012cee2e3d"",""modulation_padding_bits"":0,""mother_bits"":2496,""n"":1342,""n_cb"":2400,""n_cb_comp"":2296,""power_protocol"":""fixed_constellation_average_Es2"",""puncturing_bits"":1050,""puncturing_first_2Z"":96,""puncturing_remaining"":954,""repetition_bits"":0,""scrambling"":""public_PCG64_SHA256_protocol_session_frame_group_counter_after_rate_matching_v1"",""shortening_bits"":104,""z"":48}",[1024]
16QAM,2/3,16QAM:r2/3,c55befa184c385cce2a6643fd9eef5290af65b00b8429911638ce79123fbb84b,924,16,0,940,960,20,4992,2732,683,0,0.3440702781844802,0.33821376281112736,"{""actual_effective_rate"":0.3440702781844802,""bg"":""bg2"",""bit_mapping"":""component_Gray_00_-3_01_-1_10_3_11_1_over_sqrt5;QPSK_0_plus1_1_minus1"",""code_blocks"":1,""decoder_config"":{""cn_schedule"":""flooding"",""cn_update"":""boxplus-phi"",""early_stop"":false,""hard_out"":true,""harq_mode"":false,""llr_max"":20.0,""num_iter"":20,""precision"":""single"",""prune_pcm"":true,""return_infobits"":true,""vn_update"":""sum""},""implementation"":{""bit_mapping"":""component_Gray_00_-3_01_-1_10_3_11_1_over_sqrt5;QPSK_0_plus1_1_minus1"",""cuda"":""12.8"",""decoder"":{""cn_schedule"":""flooding"",""cn_update"":""boxplus-phi"",""early_stop"":false,""hard_out"":true,""harq_mode"":false,""llr_max"":20.0,""num_iter"":20,""precision"":""single"",""prune_pcm"":true,""return_infobits"":true,""vn_update"":""sum""},""decoder_source_sha256"":""44d84b92b749e2970f94d92cd348a11648e2286b4d851faa0af8b21d08f0da23"",""encoder_source_sha256"":""34d8db6660b2e84708a8fb534f63c194f6f2b964e3693fcffc9dcaf21532ccfd"",""implementation"":""Sionna_5G_LDPC"",""power_protocol"":""fixed_constellation_average_Es2"",""precision"":""float32"",""rate_matching"":""Sionna RV0; filler removal, first2Z and tail puncturing; supported n only"",""scrambling"":""public_PCG64_SHA256_protocol_session_frame_group_counter_after_rate_matching_v1"",""torch"":""2.11.0+cu128"",""version"":""2.2.0""},""interleaver_sha256"":""8e3bd98ff261284bf1dd47200b0ee84f97dd0b4b0c43b797bcca41312d23a50f"",""k"":940,""k_filler"":20,""k_ldpc"":960,""layout_id"":""6fc0fa603c60f4ccaa84ecbfdf8c45163cfcffc8566e4c756a57e922afeef8be"",""modulation_padding_bits"":0,""mother_bits"":4992,""n"":2732,""n_cb"":4800,""n_cb_comp"":4780,""power_protocol"":""fixed_constellation_average_Es2"",""puncturing_bits"":2240,""puncturing_first_2Z"":192,""puncturing_remaining"":2048,""repetition_bits"":0,""scrambling"":""public_PCG64_SHA256_protocol_session_frame_group_counter_after_rate_matching_v1"",""shortening_bits"":20,""z"":96}",[1024]
QPSK,2/3,QPSK:r2/3,c55d4193a4790c639159de224183c8edd67a7ee58f4cc4a7e869dce0620b8725,1884,16,0,1900,1920,20,9984,2850,1425,0,0.6666666666666666,0.6610526315789473,"{""actual_effective_rate"":0.6666666666666666,""bg"":""bg2"",""bit_mapping"":""component_Gray_00_-3_01_-1_10_3_11_1_over_sqrt5;QPSK_0_plus1_1_minus1"",""code_blocks"":1,""decoder_config"":{""cn_schedule"":""flooding"",""cn_update"":""boxplus-phi"",""early_stop"":false,""hard_out"":true,""harq_mode"":false,""llr_max"":20.0,""num_iter"":20,""precision"":""single"",""prune_pcm"":true,""return_infobits"":true,""vn_update"":""sum""},""implementation"":{""bit_mapping"":""component_Gray_00_-3_01_-1_10_3_11_1_over_sqrt5;QPSK_0_plus1_1_minus1"",""cuda"":""12.8"",""decoder"":{""cn_schedule"":""flooding"",""cn_update"":""boxplus-phi"",""early_stop"":false,""hard_out"":true,""harq_mode"":false,""llr_max"":20.0,""num_iter"":20,""precision"":""single"",""prune_pcm"":true,""return_infobits"":true,""vn_update"":""sum""},""decoder_source_sha256"":""44d84b92b749e2970f94d92cd348a11648e2286b4d851faa0af8b21d08f0da23"",""encoder_source_sha256"":""34d8db6660b2e84708a8fb534f63c194f6f2b964e3693fcffc9dcaf21532ccfd"",""implementation"":""Sionna_5G_LDPC"",""power_protocol"":""fixed_constellation_average_Es2"",""precision"":""float32"",""rate_matching"":""Sionna RV0; filler removal, first2Z and tail puncturing; supported n only"",""scrambling"":""public_PCG64_SHA256_protocol_session_frame_group_counter_after_rate_matching_v1"",""torch"":""2.11.0+cu128"",""version"":""2.2.0""},""interleaver_sha256"":""169bfd8d93eb6103a18e0436d594df292485fe55605ba0e58049bf8f158dfb59"",""k"":1900,""k_filler"":20,""k_ldpc"":1920,""layout_id"":""296e19a4f3684bf2657a2d1bfd4e9474ea9dec8f529ca40b5c12b0c44eda399b"",""modulation_padding_bits"":0,""mother_bits"":9984,""n"":2850,""n_cb"":9600,""n_cb_comp"":9580,""power_protocol"":""fixed_constellation_average_Es2"",""puncturing_bits"":7114,""puncturing_first_2Z"":384,""puncturing_remaining"":6730,""repetition_bits"":0,""scrambling"":""public_PCG64_SHA256_protocol_session_frame_group_counter_after_rate_matching_v1"",""shortening_bits"":20,""z"":192}",[2048]
16QAM,1/2,16QAM:r1/2,c5610769c786d25b15f0f0275f8d05c5599edbba4ba3ec7034b8ddc667f5c7f3,900,16,0,916,960,44,4992,3552,888,0,0.25788288288288286,0.2533783783783784,"{""actual_effective_rate"":0.25788288288288286,""bg"":""bg2"",""bit_mapping"":""component_Gray_00_-3_01_-1_10_3_11_1_over_sqrt5;QPSK_0_plus1_1_minus1"",""code_blocks"":1,""decoder_config"":{""cn_schedule"":""flooding"",""cn_update"":""boxplus-phi"",""early_stop"":false,""hard_out"":true,""harq_mode"":false,""llr_max"":20.0,""num_iter"":20,""precision"":""single"",""prune_pcm"":true,""return_infobits"":true,""vn_update"":""sum""},""implementation"":{""bit_mapping"":""component_Gray_00_-3_01_-1_10_3_11_1_over_sqrt5;QPSK_0_plus1_1_minus1"",""cuda"":""12.8"",""decoder"":{""cn_schedule"":""flooding"",""cn_update"":""boxplus-phi"",""early_stop"":false,""hard_out"":true,""harq_mode"":false,""llr_max"":20.0,""num_iter"":20,""precision"":""single"",""prune_pcm"":true,""return_infobits"":true,""vn_update"":""sum""},""decoder_source_sha256"":""44d84b92b749e2970f94d92cd348a11648e2286b4d851faa0af8b21d08f0da23"",""encoder_source_sha256"":""34d8db6660b2e84708a8fb534f63c194f6f2b964e3693fcffc9dcaf21532ccfd"",""implementation"":""Sionna_5G_LDPC"",""power_protocol"":""fixed_constellation_average_Es2"",""precision"":""float32"",""rate_matching"":""Sionna RV0; filler removal, first2Z and tail puncturing; supported n only"",""scrambling"":""public_PCG64_SHA256_protocol_session_frame_group_counter_after_rate_matching_v1"",""torch"":""2.11.0+cu128"",""version"":""2.2.0""},""interleaver_sha256"":""48cb8ec8f92f738b9a36994915445af91b6776700e08bab9e044715232ef26ba"",""k"":916,""k_filler"":44,""k_ldpc"":960,""layout_id"":""935ab8278d4852955de289b91ab1a23eb803123afe29891e138954cb4672e59c"",""modulation_padding_bits"":0,""mother_bits"":4992,""n"":3552,""n_cb"":4800,""n_cb_comp"":4756,""power_protocol"":""fixed_constellation_average_Es2"",""puncturing_bits"":1396,""puncturing_first_2Z"":192,""puncturing_remaining"":1204,""repetition_bits"":0,""scrambling"":""public_PCG64_SHA256_protocol_session_frame_group_counter_after_rate_matching_v1"",""shortening_bits"":44,""z"":96}",[2048]
16QAM,1/2,16QAM:r1/2,c5650827f02f4d1ba03e242efba50d22305b55a3d2d5a0cca3bb0f670b4e8415,1500,16,0,1516,1600,84,8320,3384,846,0,0.44799054373522457,0.4432624113475177,"{""actual_effective_rate"":0.44799054373522457,""bg"":""bg2"",""bit_mapping"":""component_Gray_00_-3_01_-1_10_3_11_1_over_sqrt5;QPSK_0_plus1_1_minus1"",""code_blocks"":1,""decoder_config"":{""cn_schedule"":""flooding"",""cn_update"":""boxplus-phi"",""early_stop"":false,""hard_out"":true,""harq_mode"":false,""llr_max"":20.0,""num_iter"":20,""precision"":""single"",""prune_pcm"":true,""return_infobits"":true,""vn_update"":""sum""},""implementation"":{""bit_mapping"":""component_Gray_00_-3_01_-1_10_3_11_1_over_sqrt5;QPSK_0_plus1_1_minus1"",""cuda"":""12.8"",""decoder"":{""cn_schedule"":""flooding"",""cn_update"":""boxplus-phi"",""early_stop"":false,""hard_out"":true,""harq_mode"":false,""llr_max"":20.0,""num_iter"":20,""precision"":""single"",""prune_pcm"":true,""return_infobits"":true,""vn_update"":""sum""},""decoder_source_sha256"":""44d84b92b749e2970f94d92cd348a11648e2286b4d851faa0af8b21d08f0da23"",""encoder_source_sha256"":""34d8db6660b2e84708a8fb534f63c194f6f2b964e3693fcffc9dcaf21532ccfd"",""implementation"":""Sionna_5G_LDPC"",""power_protocol"":""fixed_constellation_average_Es2"",""precision"":""float32"",""rate_matching"":""Sionna RV0; filler removal, first2Z and tail puncturing; supported n only"",""scrambling"":""public_PCG64_SHA256_protocol_session_frame_group_counter_after_rate_matching_v1"",""torch"":""2.11.0+cu128"",""version"":""2.2.0""},""interleaver_sha256"":""b2a9b98eceaafc26fe02fd3f521188494ed1b27f8e930d8fa125f39ea79fc1ab"",""k"":1516,""k_filler"":84,""k_ldpc"":1600,""layout_id"":""c1440655fafcf7918c82378dbf1601800ae81c2a9755d259562412a7df833978"",""modulation_padding_bits"":0,""mother_bits"":8320,""n"":3384,""n_cb"":8000,""n_cb_comp"":7916,""power_protocol"":""fixed_constellation_average_Es2"",""puncturing_bits"":4852,""puncturing_first_2Z"":320,""puncturing_remaining"":4532,""repetition_bits"":0,""scrambling"":""public_PCG64_SHA256_protocol_session_frame_group_counter_after_rate_matching_v1"",""shortening_bits"":84,""z"":160}",[2048]
QPSK,2/3,QPSK:r2/3,c5796d4a181dbd860a91bd8e21644104a5301d9118c418bc7178efdd0305019e,1092,16,0,1108,1120,12,5824,3262,1631,0,0.3396689147762109,0.33476394849785407,"{""actual_effective_rate"":0.3396689147762109,""bg"":""bg2"",""bit_mapping"":""component_Gray_00_-3_01_-1_10_3_11_1_over_sqrt5;QPSK_0_plus1_1_minus1"",""code_blocks"":1,""decoder_config"":{""cn_schedule"":""flooding"",""cn_update"":""boxplus-phi"",""early_stop"":false,""hard_out"":true,""harq_mode"":false,""llr_max"":20.0,""num_iter"":20,""precision"":""single"",""prune_pcm"":true,""return_infobits"":true,""vn_update"":""sum""},""implementation"":{""bit_mapping"":""component_Gray_00_-3_01_-1_10_3_11_1_over_sqrt5;QPSK_0_plus1_1_minus1"",""cuda"":""12.8"",""decoder"":{""cn_schedule"":""flooding"",""cn_update"":""boxplus-phi"",""early_stop"":false,""hard_out"":true,""harq_mode"":false,""llr_max"":20.0,""num_iter"":20,""precision"":""single"",""prune_pcm"":true,""return_infobits"":true,""vn_update"":""sum""},""decoder_source_sha256"":""44d84b92b749e2970f94d92cd348a11648e2286b4d851faa0af8b21d08f0da23"",""encoder_source_sha256"":""34d8db6660b2e84708a8fb534f63c194f6f2b964e3693fcffc9dcaf21532ccfd"",""implementation"":""Sionna_5G_LDPC"",""power_protocol"":""fixed_constellation_average_Es2"",""precision"":""float32"",""rate_matching"":""Sionna RV0; filler removal, first2Z and tail puncturing; supported n only"",""scrambling"":""public_PCG64_SHA256_protocol_session_frame_group_counter_after_rate_matching_v1"",""torch"":""2.11.0+cu128"",""version"":""2.2.0""},""interleaver_sha256"":""f7abcf3ec358b08a24ec9c36144119cfc4fe0f2e7df865a7f5ac5b0817e83e2f"",""k"":1108,""k_filler"":12,""k_ldpc"":1120,""layout_id"":""fe171cf38774760434736d98db38e24aa7737f13cc5ee7044b3f89fc3b0a9eea"",""modulation_padding_bits"":0,""mother_bits"":5824,""n"":3262,""n_cb"":5600,""n_cb_comp"":5588,""power_protocol"":""fixed_constellation_average_Es2"",""puncturing_bits"":2550,""puncturing_first_2Z"":224,""puncturing_remaining"":2326,""repetition_bits"":0,""scrambling"":""public_PCG64_SHA256_protocol_session_frame_group_counter_after_rate_matching_v1"",""shortening_bits"":12,""z"":112}",[2048]
16QAM,3/4,16QAM:r3/4,c57c63c8c566b8c6090d39e497aab71eefdc49737d3862240a8e1d0a19e3293f,768,16,0,784,800,16,4160,1512,378,0,0.5185185185185185,0.5079365079365079,"{""actual_effective_rate"":0.5185185185185185,""bg"":""bg2"",""bit_mapping"":""component_Gray_00_-3_01_-1_10_3_11_1_over_sqrt5;QPSK_0_plus1_1_minus1"",""code_blocks"":1,""decoder_config"":{""cn_schedule"":""flooding"",""cn_update"":""boxplus-phi"",""early_stop"":false,""hard_out"":true,""harq_mode"":false,""llr_max"":20.0,""num_iter"":20,""precision"":""single"",""prune_pcm"":true,""return_infobits"":true,""vn_update"":""sum""},""implementation"":{""bit_mapping"":""component_Gray_00_-3_01_-1_10_3_11_1_over_sqrt5;QPSK_0_plus1_1_minus1"",""cuda"":""12.8"",""decoder"":{""cn_schedule"":""flooding"",""cn_update"":""boxplus-phi"",""early_stop"":false,""hard_out"":true,""harq_mode"":false,""llr_max"":20.0,""num_iter"":20,""precision"":""single"",""prune_pcm"":true,""return_infobits"":true,""vn_update"":""sum""},""decoder_source_sha256"":""44d84b92b749e2970f94d92cd348a11648e2286b4d851faa0af8b21d08f0da23"",""encoder_source_sha256"":""34d8db6660b2e84708a8fb534f63c194f6f2b964e3693fcffc9dcaf21532ccfd"",""implementation"":""Sionna_5G_LDPC"",""power_protocol"":""fixed_constellation_average_Es2"",""precision"":""float32"",""rate_matching"":""Sionna RV0; filler removal, first2Z and tail puncturing; supported n only"",""scrambling"":""public_PCG64_SHA256_protocol_session_frame_group_counter_after_rate_matching_v1"",""torch"":""2.11.0+cu128"",""version"":""2.2.0""},""interleaver_sha256"":""a99825edbf97ee9294d24d982923988f789cc756cce7075ff7ff0603adefea2d"",""k"":784,""k_filler"":16,""k_ldpc"":800,""layout_id"":""24a653724dcd6f287c520da3f3b57a7604139c54417426afc3c2c4368f699add"",""modulation_padding_bits"":0,""mother_bits"":4160,""n"":1512,""n_cb"":4000,""n_cb_comp"":3984,""power_protocol"":""fixed_constellation_average_Es2"",""puncturing_bits"":2632,""puncturing_first_2Z"":160,""puncturing_remaining"":2472,""repetition_bits"":0,""scrambling"":""public_PCG64_SHA256_protocol_session_frame_group_counter_after_rate_matching_v1"",""shortening_bits"":16,""z"":80}",[2048]
16QAM,2/3,16QAM:r2/3,c5975aeb8e4bf6c8e25fba1019334b81872cb208203f866c7101586b1913ff0e,1092,16,0,1108,1120,12,5824,2748,687,0,0.4032023289665211,0.39737991266375544,"{""actual_effective_rate"":0.4032023289665211,""bg"":""bg2"",""bit_mapping"":""component_Gray_00_-3_01_-1_10_3_11_1_over_sqrt5;QPSK_0_plus1_1_minus1"",""code_blocks"":1,""decoder_config"":{""cn_schedule"":""flooding"",""cn_update"":""boxplus-phi"",""early_stop"":false,""hard_out"":true,""harq_mode"":false,""llr_max"":20.0,""num_iter"":20,""precision"":""single"",""prune_pcm"":true,""return_infobits"":true,""vn_update"":""sum""},""implementation"":{""bit_mapping"":""component_Gray_00_-3_01_-1_10_3_11_1_over_sqrt5;QPSK_0_plus1_1_minus1"",""cuda"":""12.8"",""decoder"":{""cn_schedule"":""flooding"",""cn_update"":""boxplus-phi"",""early_stop"":false,""hard_out"":true,""harq_mode"":false,""llr_max"":20.0,""num_iter"":20,""precision"":""single"",""prune_pcm"":true,""return_infobits"":true,""vn_update"":""sum""},""decoder_source_sha256"":""44d84b92b749e2970f94d92cd348a11648e2286b4d851faa0af8b21d08f0da23"",""encoder_source_sha256"":""34d8db6660b2e84708a8fb534f63c194f6f2b964e3693fcffc9dcaf21532ccfd"",""implementation"":""Sionna_5G_LDPC"",""power_protocol"":""fixed_constellation_average_Es2"",""precision"":""float32"",""rate_matching"":""Sionna RV0; filler removal, first2Z and tail puncturing; supported n only"",""scrambling"":""public_PCG64_SHA256_protocol_session_frame_group_counter_after_rate_matching_v1"",""torch"":""2.11.0+cu128"",""version"":""2.2.0""},""interleaver_sha256"":""01c18f48a129632c8b5709f30ca552a35167607a167adf08b497a3da42312b5a"",""k"":1108,""k_filler"":12,""k_ldpc"":1120,""layout_id"":""42aa95f21353bc140946b53e13ef2f82ea1a49918ed4001b1f03fd1bd419f29b"",""modulation_padding_bits"":0,""mother_bits"":5824,""n"":2748,""n_cb"":5600,""n_cb_comp"":5588,""power_protocol"":""fixed_constellation_average_Es2"",""puncturing_bits"":3064,""puncturing_first_2Z"":224,""puncturing_remaining"":2840,""repetition_bits"":0,""scrambling"":""public_PCG64_SHA256_protocol_session_frame_group_counter_after_rate_matching_v1"",""shortening_bits"":12,""z"":112}",[2048]
QPSK,2/3,QPSK:r2/3,c59dc0ebcedb8e6c732d5333ee4e3339320e878fe5b5c93b139750de4a2578ed,360,16,0,376,480,104,2496,1224,612,0,0.30718954248366015,0.29411764705882354,"{""actual_effective_rate"":0.30718954248366015,""bg"":""bg2"",""bit_mapping"":""component_Gray_00_-3_01_-1_10_3_11_1_over_sqrt5;QPSK_0_plus1_1_minus1"",""code_blocks"":1,""decoder_config"":{""cn_schedule"":""flooding"",""cn_update"":""boxplus-phi"",""early_stop"":false,""hard_out"":true,""harq_mode"":false,""llr_max"":20.0,""num_iter"":20,""precision"":""single"",""prune_pcm"":true,""return_infobits"":true,""vn_update"":""sum""},""implementation"":{""bit_mapping"":""component_Gray_00_-3_01_-1_10_3_11_1_over_sqrt5;QPSK_0_plus1_1_minus1"",""cuda"":""12.8"",""decoder"":{""cn_schedule"":""flooding"",""cn_update"":""boxplus-phi"",""early_stop"":false,""hard_out"":true,""harq_mode"":false,""llr_max"":20.0,""num_iter"":20,""precision"":""single"",""prune_pcm"":true,""return_infobits"":true,""vn_update"":""sum""},""decoder_source_sha256"":""44d84b92b749e2970f94d92cd348a11648e2286b4d851faa0af8b21d08f0da23"",""encoder_source_sha256"":""34d8db6660b2e84708a8fb534f63c194f6f2b964e3693fcffc9dcaf21532ccfd"",""implementation"":""Sionna_5G_LDPC"",""power_protocol"":""fixed_constellation_average_Es2"",""precision"":""float32"",""rate_matching"":""Sionna RV0; filler removal, first2Z and tail puncturing; supported n only"",""scrambling"":""public_PCG64_SHA256_protocol_session_frame_group_counter_after_rate_matching_v1"",""torch"":""2.11.0+cu128"",""version"":""2.2.0""},""interleaver_sha256"":""beb82260312408a860ed49966a1c3feea199adf6c50bb5a783b67e7ca153279d"",""k"":376,""k_filler"":104,""k_ldpc"":480,""layout_id"":""6418382b658506e09cdbed87933bb3c2f898e279adbcc7d79b362d7fe43ce335"",""modulation_padding_bits"":0,""mother_bits"":2496,""n"":1224,""n_cb"":2400,""n_cb_comp"":2296,""power_protocol"":""fixed_constellation_average_Es2"",""puncturing_bits"":1168,""puncturing_first_2Z"":96,""puncturing_remaining"":1072,""repetition_bits"":0,""scrambling"":""public_PCG64_SHA256_protocol_session_frame_group_counter_after_rate_matching_v1"",""shortening_bits"":104,""z"":48}","[1024,2048]"
16QAM,3/4,16QAM:r3/4,c5ab0f0de250488fe8563a192402480a3307ae994cbed824a34ccc259006a55c,2472,16,0,2488,2640,152,8160,3388,847,0,0.7343565525383707,0.7296340023612751,"{""actual_effective_rate"":0.7343565525383707,""bg"":""bg1"",""bit_mapping"":""component_Gray_00_-3_01_-1_10_3_11_1_over_sqrt5;QPSK_0_plus1_1_minus1"",""code_blocks"":1,""decoder_config"":{""cn_schedule"":""flooding"",""cn_update"":""boxplus-phi"",""early_stop"":false,""hard_out"":true,""harq_mode"":false,""llr_max"":20.0,""num_iter"":20,""precision"":""single"",""prune_pcm"":true,""return_infobits"":true,""vn_update"":""sum""},""implementation"":{""bit_mapping"":""component_Gray_00_-3_01_-1_10_3_11_1_over_sqrt5;QPSK_0_plus1_1_minus1"",""cuda"":""12.8"",""decoder"":{""cn_schedule"":""flooding"",""cn_update"":""boxplus-phi"",""early_stop"":false,""hard_out"":true,""harq_mode"":false,""llr_max"":20.0,""num_iter"":20,""precision"":""single"",""prune_pcm"":true,""return_infobits"":true,""vn_update"":""sum""},""decoder_source_sha256"":""44d84b92b749e2970f94d92cd348a11648e2286b4d851faa0af8b21d08f0da23"",""encoder_source_sha256"":""34d8db6660b2e84708a8fb534f63c194f6f2b964e3693fcffc9dcaf21532ccfd"",""implementation"":""Sionna_5G_LDPC"",""power_protocol"":""fixed_constellation_average_Es2"",""precision"":""float32"",""rate_matching"":""Sionna RV0; filler removal, first2Z and tail puncturing; supported n only"",""scrambling"":""public_PCG64_SHA256_protocol_session_frame_group_counter_after_rate_matching_v1"",""torch"":""2.11.0+cu128"",""version"":""2.2.0""},""interleaver_sha256"":""ae45a502af2a71d7feaec7a4208aed701326be0d1840bf1cf1b2f046b5d1bb79"",""k"":2488,""k_filler"":152,""k_ldpc"":2640,""layout_id"":""954f9300241db7e16306def82450d4e7606ce77515bf5b9420031e346541118a"",""modulation_padding_bits"":0,""mother_bits"":8160,""n"":3388,""n_cb"":7920,""n_cb_comp"":7768,""power_protocol"":""fixed_constellation_average_Es2"",""puncturing_bits"":4620,""puncturing_first_2Z"":240,""puncturing_remaining"":4380,""repetition_bits"":0,""scrambling"":""public_PCG64_SHA256_protocol_session_frame_group_counter_after_rate_matching_v1"",""shortening_bits"":152,""z"":120}",[2048]
QPSK,2/3,QPSK:r2/3,c5b4aff2fb5a15965a855960bee9fa7319e2a0bee8ef2ab565bff6bf65602309,2400,16,0,2416,2560,144,13312,3726,1863,0,0.6484165324745035,0.644122383252818,"{""actual_effective_rate"":0.6484165324745035,""bg"":""bg2"",""bit_mapping"":""component_Gray_00_-3_01_-1_10_3_11_1_over_sqrt5;QPSK_0_plus1_1_minus1"",""code_blocks"":1,""decoder_config"":{""cn_schedule"":""flooding"",""cn_update"":""boxplus-phi"",""early_stop"":false,""hard_out"":true,""harq_mode"":false,""llr_max"":20.0,""num_iter"":20,""precision"":""single"",""prune_pcm"":true,""return_infobits"":true,""vn_update"":""sum""},""implementation"":{""bit_mapping"":""component_Gray_00_-3_01_-1_10_3_11_1_over_sqrt5;QPSK_0_plus1_1_minus1"",""cuda"":""12.8"",""decoder"":{""cn_schedule"":""flooding"",""cn_update"":""boxplus-phi"",""early_stop"":false,""hard_out"":true,""harq_mode"":false,""llr_max"":20.0,""num_iter"":20,""precision"":""single"",""prune_pcm"":true,""return_infobits"":true,""vn_update"":""sum""},""decoder_source_sha256"":""44d84b92b749e2970f94d92cd348a11648e2286b4d851faa0af8b21d08f0da23"",""encoder_source_sha256"":""34d8db6660b2e84708a8fb534f63c194f6f2b964e3693fcffc9dcaf21532ccfd"",""implementation"":""Sionna_5G_LDPC"",""power_protocol"":""fixed_constellation_average_Es2"",""precision"":""float32"",""rate_matching"":""Sionna RV0; filler removal, first2Z and tail puncturing; supported n only"",""scrambling"":""public_PCG64_SHA256_protocol_session_frame_group_counter_after_rate_matching_v1"",""torch"":""2.11.0+cu128"",""version"":""2.2.0""},""interleaver_sha256"":""36e84ac831aabaec771b8fa2282cb7fb45ab2bd0d683cbe81f1cd08f986decfa"",""k"":2416,""k_filler"":144,""k_ldpc"":2560,""layout_id"":""5fd48649ede8e9a49f304dc6a3ee8454e0983781cef6f9737291bc5836ab538b"",""modulation_padding_bits"":0,""mother_bits"":13312,""n"":3726,""n_cb"":12800,""n_cb_comp"":12656,""power_protocol"":""fixed_constellation_average_Es2"",""puncturing_bits"":9442,""puncturing_first_2Z"":512,""puncturing_remaining"":8930,""repetition_bits"":0,""scrambling"":""public_PCG64_SHA256_protocol_session_frame_group_counter_after_rate_matching_v1"",""shortening_bits"":144,""z"":256}",[2048]
QPSK,3/4,QPSK:r3/4,c5b546ffac68e0c2b9687d555208de49bd8268b3ac1ef7c7800620bbbd1080a7,2100,16,0,2116,2288,172,7072,2912,1456,0,0.7266483516483516,0.7211538461538461,"{""actual_effective_rate"":0.7266483516483516,""bg"":""bg1"",""bit_mapping"":""component_Gray_00_-3_01_-1_10_3_11_1_over_sqrt5;QPSK_0_plus1_1_minus1"",""code_blocks"":1,""decoder_config"":{""cn_schedule"":""flooding"",""cn_update"":""boxplus-phi"",""early_stop"":false,""hard_out"":true,""harq_mode"":false,""llr_max"":20.0,""num_iter"":20,""precision"":""single"",""prune_pcm"":true,""return_infobits"":true,""vn_update"":""sum""},""implementation"":{""bit_mapping"":""component_Gray_00_-3_01_-1_10_3_11_1_over_sqrt5;QPSK_0_plus1_1_minus1"",""cuda"":""12.8"",""decoder"":{""cn_schedule"":""flooding"",""cn_update"":""boxplus-phi"",""early_stop"":false,""hard_out"":true,""harq_mode"":false,""llr_max"":20.0,""num_iter"":20,""precision"":""single"",""prune_pcm"":true,""return_infobits"":true,""vn_update"":""sum""},""decoder_source_sha256"":""44d84b92b749e2970f94d92cd348a11648e2286b4d851faa0af8b21d08f0da23"",""encoder_source_sha256"":""34d8db6660b2e84708a8fb534f63c194f6f2b964e3693fcffc9dcaf21532ccfd"",""implementation"":""Sionna_5G_LDPC"",""power_protocol"":""fixed_constellation_average_Es2"",""precision"":""float32"",""rate_matching"":""Sionna RV0; filler removal, first2Z and tail puncturing; supported n only"",""scrambling"":""public_PCG64_SHA256_protocol_session_frame_group_counter_after_rate_matching_v1"",""torch"":""2.11.0+cu128"",""version"":""2.2.0""},""interleaver_sha256"":""4d794e938b93da30b5e9050bffff4019d32c408da0ab44dbb6338ead4aacdedf"",""k"":2116,""k_filler"":172,""k_ldpc"":2288,""layout_id"":""aa20b1e13bbd45a77fd965dd7e83e21618fbbe2660bd77dcde37f167bf7464c3"",""modulation_padding_bits"":0,""mother_bits"":7072,""n"":2912,""n_cb"":6864,""n_cb_comp"":6692,""power_protocol"":""fixed_constellation_average_Es2"",""puncturing_bits"":3988,""puncturing_first_2Z"":208,""puncturing_remaining"":3780,""repetition_bits"":0,""scrambling"":""public_PCG64_SHA256_protocol_session_frame_group_counter_after_rate_matching_v1"",""shortening_bits"":172,""z"":104}",[2048]
QPSK,3/4,QPSK:r3/4,c5c00b8b6479aac6fb14ea27af825c9e16e53e4004f5e85657815fb1eaf53719,2328,16,0,2344,2464,120,7616,3126,1563,0,0.7498400511836213,0.744721689059501,"{""actual_effective_rate"":0.7498400511836213,""bg"":""bg1"",""bit_mapping"":""component_Gray_00_-3_01_-1_10_3_11_1_over_sqrt5;QPSK_0_plus1_1_minus1"",""code_blocks"":1,""decoder_config"":{""cn_schedule"":""flooding"",""cn_update"":""boxplus-phi"",""early_stop"":false,""hard_out"":true,""harq_mode"":false,""llr_max"":20.0,""num_iter"":20,""precision"":""single"",""prune_pcm"":true,""return_infobits"":true,""vn_update"":""sum""},""implementation"":{""bit_mapping"":""component_Gray_00_-3_01_-1_10_3_11_1_over_sqrt5;QPSK_0_plus1_1_minus1"",""cuda"":""12.8"",""decoder"":{""cn_schedule"":""flooding"",""cn_update"":""boxplus-phi"",""early_stop"":false,""hard_out"":true,""harq_mode"":false,""llr_max"":20.0,""num_iter"":20,""precision"":""single"",""prune_pcm"":true,""return_infobits"":true,""vn_update"":""sum""},""decoder_source_sha256"":""44d84b92b749e2970f94d92cd348a11648e2286b4d851faa0af8b21d08f0da23"",""encoder_source_sha256"":""34d8db6660b2e84708a8fb534f63c194f6f2b964e3693fcffc9dcaf21532ccfd"",""implementation"":""Sionna_5G_LDPC"",""power_protocol"":""fixed_constellation_average_Es2"",""precision"":""float32"",""rate_matching"":""Sionna RV0; filler removal, first2Z and tail puncturing; supported n only"",""scrambling"":""public_PCG64_SHA256_protocol_session_frame_group_counter_after_rate_matching_v1"",""torch"":""2.11.0+cu128"",""version"":""2.2.0""},""interleaver_sha256"":""6a9014a922dc4c8447841410020afbe417349710ffbf5340eaa00d47bb4e6997"",""k"":2344,""k_filler"":120,""k_ldpc"":2464,""layout_id"":""396520c5d0993951a474f348b5024329a44c13d76e6a88c5f2dba4c39cbb5a3a"",""modulation_padding_bits"":0,""mother_bits"":7616,""n"":3126,""n_cb"":7392,""n_cb_comp"":7272,""power_protocol"":""fixed_constellation_average_Es2"",""puncturing_bits"":4370,""puncturing_first_2Z"":224,""puncturing_remaining"":4146,""repetition_bits"":0,""scrambling"":""public_PCG64_SHA256_protocol_session_frame_group_counter_after_rate_matching_v1"",""shortening_bits"":120,""z"":112}",[2048]
16QAM,5/6,16QAM:r5/6,c5c0cb9f78cfefd8874f70f46c50c2e7197608477a9f1d1bd38b435faf837290,660,16,0,676,720,44,3744,2096,524,0,0.32251908396946566,0.3148854961832061,"{""actual_effective_rate"":0.32251908396946566,""bg"":""bg2"",""bit_mapping"":""component_Gray_00_-3_01_-1_10_3_11_1_over_sqrt5;QPSK_0_plus1_1_minus1"",""code_blocks"":1,""decoder_config"":{""cn_schedule"":""flooding"",""cn_update"":""boxplus-phi"",""early_stop"":false,""hard_out"":true,""harq_mode"":false,""llr_max"":20.0,""num_iter"":20,""precision"":""single"",""prune_pcm"":true,""return_infobits"":true,""vn_update"":""sum""},""implementation"":{""bit_mapping"":""component_Gray_00_-3_01_-1_10_3_11_1_over_sqrt5;QPSK_0_plus1_1_minus1"",""cuda"":""12.8"",""decoder"":{""cn_schedule"":""flooding"",""cn_update"":""boxplus-phi"",""early_stop"":false,""hard_out"":true,""harq_mode"":false,""llr_max"":20.0,""num_iter"":20,""precision"":""single"",""prune_pcm"":true,""return_infobits"":true,""vn_update"":""sum""},""decoder_source_sha256"":""44d84b92b749e2970f94d92cd348a11648e2286b4d851faa0af8b21d08f0da23"",""encoder_source_sha256"":""34d8db6660b2e84708a8fb534f63c194f6f2b964e3693fcffc9dcaf21532ccfd"",""implementation"":""Sionna_5G_LDPC"",""power_protocol"":""fixed_constellation_average_Es2"",""precision"":""float32"",""rate_matching"":""Sionna RV0; filler removal, first2Z and tail puncturing; supported n only"",""scrambling"":""public_PCG64_SHA256_protocol_session_frame_group_counter_after_rate_matching_v1"",""torch"":""2.11.0+cu128"",""version"":""2.2.0""},""interleaver_sha256"":""57514dfa48017264150b7d606422002200dfe7370a25db93b680adf5b3f5741d"",""k"":676,""k_filler"":44,""k_ldpc"":720,""layout_id"":""3b39c9d4a715fde51a5aef5738817ea9c2cb28d42ff47723dca55400cf9a909a"",""modulation_padding_bits"":0,""mother_bits"":3744,""n"":2096,""n_cb"":3600,""n_cb_comp"":3556,""power_protocol"":""fixed_constellation_average_Es2"",""puncturing_bits"":1604,""puncturing_first_2Z"":144,""puncturing_remaining"":1460,""repetition_bits"":0,""scrambling"":""public_PCG64_SHA256_protocol_session_frame_group_counter_after_rate_matching_v1"",""shortening_bits"":44,""z"":72}","[1024,2048]"
16QAM,3/4,16QAM:r3/4,c5c836c2fd7d82924a6fa12ab5d522936150762fe1d3373e73ed83b5b2c1d3f9,1008,16,0,1024,1040,16,5408,2396,599,0,0.4273789649415693,0.42070116861435725,"{""actual_effective_rate"":0.4273789649415693,""bg"":""bg2"",""bit_mapping"":""component_Gray_00_-3_01_-1_10_3_11_1_over_sqrt5;QPSK_0_plus1_1_minus1"",""code_blocks"":1,""decoder_config"":{""cn_schedule"":""flooding"",""cn_update"":""boxplus-phi"",""early_stop"":false,""hard_out"":true,""harq_mode"":false,""llr_max"":20.0,""num_iter"":20,""precision"":""single"",""prune_pcm"":true,""return_infobits"":true,""vn_update"":""sum""},""implementation"":{""bit_mapping"":""component_Gray_00_-3_01_-1_10_3_11_1_over_sqrt5;QPSK_0_plus1_1_minus1"",""cuda"":""12.8"",""decoder"":{""cn_schedule"":""flooding"",""cn_update"":""boxplus-phi"",""early_stop"":false,""hard_out"":true,""harq_mode"":false,""llr_max"":20.0,""num_iter"":20,""precision"":""single"",""prune_pcm"":true,""return_infobits"":true,""vn_update"":""sum""},""decoder_source_sha256"":""44d84b92b749e2970f94d92cd348a11648e2286b4d851faa0af8b21d08f0da23"",""encoder_source_sha256"":""34d8db6660b2e84708a8fb534f63c194f6f2b964e3693fcffc9dcaf21532ccfd"",""implementation"":""Sionna_5G_LDPC"",""power_protocol"":""fixed_constellation_average_Es2"",""precision"":""float32"",""rate_matching"":""Sionna RV0; filler removal, first2Z and tail puncturing; supported n only"",""scrambling"":""public_PCG64_SHA256_protocol_session_frame_group_counter_after_rate_matching_v1"",""torch"":""2.11.0+cu128"",""version"":""2.2.0""},""interleaver_sha256"":""bdd11338b757605b9cbe5ee30160fcf968ae93692a6b742b9fed082a799da5e3"",""k"":1024,""k_filler"":16,""k_ldpc"":1040,""layout_id"":""292b70d1925fa51f20a990a13f3579e318aa3aafd6902b9ac45132c3e5b5ac59"",""modulation_padding_bits"":0,""mother_bits"":5408,""n"":2396,""n_cb"":5200,""n_cb_comp"":5184,""power_protocol"":""fixed_constellation_average_Es2"",""puncturing_bits"":2996,""puncturing_first_2Z"":208,""puncturing_remaining"":2788,""repetition_bits"":0,""scrambling"":""public_PCG64_SHA256_protocol_session_frame_group_counter_after_rate_matching_v1"",""shortening_bits"":16,""z"":104}",[1024]
16QAM,2/3,16QAM:r2/3,c5c97075b59c8cb56acb85918c30d6b493363d5a6153ab35a52199a96657fcf2,1308,16,0,1324,1440,116,7488,3048,762,0,0.4343832020997375,0.42913385826771655,"{""actual_effective_rate"":0.4343832020997375,""bg"":""bg2"",""bit_mapping"":""component_Gray_00_-3_01_-1_10_3_11_1_over_sqrt5;QPSK_0_plus1_1_minus1"",""code_blocks"":1,""decoder_config"":{""cn_schedule"":""flooding"",""cn_update"":""boxplus-phi"",""early_stop"":false,""hard_out"":true,""harq_mode"":false,""llr_max"":20.0,""num_iter"":20,""precision"":""single"",""prune_pcm"":true,""return_infobits"":true,""vn_update"":""sum""},""implementation"":{""bit_mapping"":""component_Gray_00_-3_01_-1_10_3_11_1_over_sqrt5;QPSK_0_plus1_1_minus1"",""cuda"":""12.8"",""decoder"":{""cn_schedule"":""flooding"",""cn_update"":""boxplus-phi"",""early_stop"":false,""hard_out"":true,""harq_mode"":false,""llr_max"":20.0,""num_iter"":20,""precision"":""single"",""prune_pcm"":true,""return_infobits"":true,""vn_update"":""sum""},""decoder_source_sha256"":""44d84b92b749e2970f94d92cd348a11648e2286b4d851faa0af8b21d08f0da23"",""encoder_source_sha256"":""34d8db6660b2e84708a8fb534f63c194f6f2b964e3693fcffc9dcaf21532ccfd"",""implementation"":""Sionna_5G_LDPC"",""power_protocol"":""fixed_constellation_average_Es2"",""precision"":""float32"",""rate_matching"":""Sionna RV0; filler removal, first2Z and tail puncturing; supported n only"",""scrambling"":""public_PCG64_SHA256_protocol_session_frame_group_counter_after_rate_matching_v1"",""torch"":""2.11.0+cu128"",""version"":""2.2.0""},""interleaver_sha256"":""eb6ac043e10f6bc004ca15a5cf1c3ff2477ff5db8447f733f594db45bde623a9"",""k"":1324,""k_filler"":116,""k_ldpc"":1440,""layout_id"":""ebf9c461f03b9b7c0bcfa104a29df39f19933f7e4db7f36033f92474967ee80d"",""modulation_padding_bits"":0,""mother_bits"":7488,""n"":3048,""n_cb"":7200,""n_cb_comp"":7084,""power_protocol"":""fixed_constellation_average_Es2"",""puncturing_bits"":4324,""puncturing_first_2Z"":288,""puncturing_remaining"":4036,""repetition_bits"":0,""scrambling"":""public_PCG64_SHA256_protocol_session_frame_group_counter_after_rate_matching_v1"",""shortening_bits"":116,""z"":144}",[1024]
16QAM,5/6,16QAM:r5/6,c5d777978d0df52131b72a72604ecb4184e7c3ac15e37f3ca80944abbc0f9414,900,16,0,916,960,44,4992,1792,448,0,0.5111607142857143,0.5022321428571429,"{""actual_effective_rate"":0.5111607142857143,""bg"":""bg2"",""bit_mapping"":""component_Gray_00_-3_01_-1_10_3_11_1_over_sqrt5;QPSK_0_plus1_1_minus1"",""code_blocks"":1,""decoder_config"":{""cn_schedule"":""flooding"",""cn_update"":""boxplus-phi"",""early_stop"":false,""hard_out"":true,""harq_mode"":false,""llr_max"":20.0,""num_iter"":20,""precision"":""single"",""prune_pcm"":true,""return_infobits"":true,""vn_update"":""sum""},""implementation"":{""bit_mapping"":""component_Gray_00_-3_01_-1_10_3_11_1_over_sqrt5;QPSK_0_plus1_1_minus1"",""cuda"":""12.8"",""decoder"":{""cn_schedule"":""flooding"",""cn_update"":""boxplus-phi"",""early_stop"":false,""hard_out"":true,""harq_mode"":false,""llr_max"":20.0,""num_iter"":20,""precision"":""single"",""prune_pcm"":true,""return_infobits"":true,""vn_update"":""sum""},""decoder_source_sha256"":""44d84b92b749e2970f94d92cd348a11648e2286b4d851faa0af8b21d08f0da23"",""encoder_source_sha256"":""34d8db6660b2e84708a8fb534f63c194f6f2b964e3693fcffc9dcaf21532ccfd"",""implementation"":""Sionna_5G_LDPC"",""power_protocol"":""fixed_constellation_average_Es2"",""precision"":""float32"",""rate_matching"":""Sionna RV0; filler removal, first2Z and tail puncturing; supported n only"",""scrambling"":""public_PCG64_SHA256_protocol_session_frame_group_counter_after_rate_matching_v1"",""torch"":""2.11.0+cu128"",""version"":""2.2.0""},""interleaver_sha256"":""35315d7c82314cd3d65e8519f22337e111b7bfe7458335a3d1383575336dc120"",""k"":916,""k_filler"":44,""k_ldpc"":960,""layout_id"":""65a9c12e1883341499ad91e64ff6ca5d1d3bf64ea0342cbde776e5a879331f60"",""modulation_padding_bits"":0,""mother_bits"":4992,""n"":1792,""n_cb"":4800,""n_cb_comp"":4756,""power_protocol"":""fixed_constellation_average_Es2"",""puncturing_bits"":3156,""puncturing_first_2Z"":192,""puncturing_remaining"":2964,""repetition_bits"":0,""scrambling"":""public_PCG64_SHA256_protocol_session_frame_group_counter_after_rate_matching_v1"",""shortening_bits"":44,""z"":96}",[2048]
QPSK,3/4,QPSK:r3/4,c5e4fd6bf716a035fefd2098440a80dcab740d084b197bdfa59375311e3a2c65,1800,16,0,1816,1920,104,9984,3212,1606,0,0.5653798256537983,0.5603985056039851,"{""actual_effective_rate"":0.5653798256537983,""bg"":""bg2"",""bit_mapping"":""component_Gray_00_-3_01_-1_10_3_11_1_over_sqrt5;QPSK_0_plus1_1_minus1"",""code_blocks"":1,""decoder_config"":{""cn_schedule"":""flooding"",""cn_update"":""boxplus-phi"",""early_stop"":false,""hard_out"":true,""harq_mode"":false,""llr_max"":20.0,""num_iter"":20,""precision"":""single"",""prune_pcm"":true,""return_infobits"":true,""vn_update"":""sum""},""implementation"":{""bit_mapping"":""component_Gray_00_-3_01_-1_10_3_11_1_over_sqrt5;QPSK_0_plus1_1_minus1"",""cuda"":""12.8"",""decoder"":{""cn_schedule"":""flooding"",""cn_update"":""boxplus-phi"",""early_stop"":false,""hard_out"":true,""harq_mode"":false,""llr_max"":20.0,""num_iter"":20,""precision"":""single"",""prune_pcm"":true,""return_infobits"":true,""vn_update"":""sum""},""decoder_source_sha256"":""44d84b92b749e2970f94d92cd348a11648e2286b4d851faa0af8b21d08f0da23"",""encoder_source_sha256"":""34d8db6660b2e84708a8fb534f63c194f6f2b964e3693fcffc9dcaf21532ccfd"",""implementation"":""Sionna_5G_LDPC"",""power_protocol"":""fixed_constellation_average_Es2"",""precision"":""float32"",""rate_matching"":""Sionna RV0; filler removal, first2Z and tail puncturing; supported n only"",""scrambling"":""public_PCG64_SHA256_protocol_session_frame_group_counter_after_rate_matching_v1"",""torch"":""2.11.0+cu128"",""version"":""2.2.0""},""interleaver_sha256"":""3f4b304c699e7a7eed6e41758beed398a603ed3f965e6f41ead191cc6dcfad18"",""k"":1816,""k_filler"":104,""k_ldpc"":1920,""layout_id"":""0aaf97c2fbb4055e6379b957f2fdee395833e512b43a8c8b43f51bdd6c28fc8b"",""modulation_padding_bits"":0,""mother_bits"":9984,""n"":3212,""n_cb"":9600,""n_cb_comp"":9496,""power_protocol"":""fixed_constellation_average_Es2"",""puncturing_bits"":6668,""puncturing_first_2Z"":384,""puncturing_remaining"":6284,""repetition_bits"":0,""scrambling"":""public_PCG64_SHA256_protocol_session_frame_group_counter_after_rate_matching_v1"",""shortening_bits"":104,""z"":192}",[2048]
QPSK,5/6,QPSK:r5/6,c5e728688b18c27b5db9b0111d0f37fbf6a2741f616c45d86edf7c8af2968ffe,1476,16,0,1492,1584,92,4896,1912,956,0,0.7803347280334728,0.7719665271966527,"{""actual_effective_rate"":0.7803347280334728,""bg"":""bg1"",""bit_mapping"":""component_Gray_00_-3_01_-1_10_3_11_1_over_sqrt5;QPSK_0_plus1_1_minus1"",""code_blocks"":1,""decoder_config"":{""cn_schedule"":""flooding"",""cn_update"":""boxplus-phi"",""early_stop"":false,""hard_out"":true,""harq_mode"":false,""llr_max"":20.0,""num_iter"":20,""precision"":""single"",""prune_pcm"":true,""return_infobits"":true,""vn_update"":""sum""},""implementation"":{""bit_mapping"":""component_Gray_00_-3_01_-1_10_3_11_1_over_sqrt5;QPSK_0_plus1_1_minus1"",""cuda"":""12.8"",""decoder"":{""cn_schedule"":""flooding"",""cn_update"":""boxplus-phi"",""early_stop"":false,""hard_out"":true,""harq_mode"":false,""llr_max"":20.0,""num_iter"":20,""precision"":""single"",""prune_pcm"":true,""return_infobits"":true,""vn_update"":""sum""},""decoder_source_sha256"":""44d84b92b749e2970f94d92cd348a11648e2286b4d851faa0af8b21d08f0da23"",""encoder_source_sha256"":""34d8db6660b2e84708a8fb534f63c194f6f2b964e3693fcffc9dcaf21532ccfd"",""implementation"":""Sionna_5G_LDPC"",""power_protocol"":""fixed_constellation_average_Es2"",""precision"":""float32"",""rate_matching"":""Sionna RV0; filler removal, first2Z and tail puncturing; supported n only"",""scrambling"":""public_PCG64_SHA256_protocol_session_frame_group_counter_after_rate_matching_v1"",""torch"":""2.11.0+cu128"",""version"":""2.2.0""},""interleaver_sha256"":""6bf95bf2c0e2ecc0e051c11851f956a0c4628f53d98079936a61809b1b2704ba"",""k"":1492,""k_filler"":92,""k_ldpc"":1584,""layout_id"":""b3cd2a354529f9a949dc35f736dcaf42d74bad1b80f1b133f39e929b196f021d"",""modulation_padding_bits"":0,""mother_bits"":4896,""n"":1912,""n_cb"":4752,""n_cb_comp"":4660,""power_protocol"":""fixed_constellation_average_Es2"",""puncturing_bits"":2892,""puncturing_first_2Z"":144,""puncturing_remaining"":2748,""repetition_bits"":0,""scrambling"":""public_PCG64_SHA256_protocol_session_frame_group_counter_after_rate_matching_v1"",""shortening_bits"":92,""z"":72}",[1024]
16QAM,3/4,16QAM:r3/4,c5fdb691558d3b5f028e7c0e25a859109024d3e6fef68eae833bc0932e2041b2,2100,16,0,2116,2240,124,11648,5656,1414,0,0.3741159830268741,0.3712871287128713,"{""actual_effective_rate"":0.3741159830268741,""bg"":""bg2"",""bit_mapping"":""component_Gray_00_-3_01_-1_10_3_11_1_over_sqrt5;QPSK_0_plus1_1_minus1"",""code_blocks"":1,""decoder_config"":{""cn_schedule"":""flooding"",""cn_update"":""boxplus-phi"",""early_stop"":false,""hard_out"":true,""harq_mode"":false,""llr_max"":20.0,""num_iter"":20,""precision"":""single"",""prune_pcm"":true,""return_infobits"":true,""vn_update"":""sum""},""implementation"":{""bit_mapping"":""component_Gray_00_-3_01_-1_10_3_11_1_over_sqrt5;QPSK_0_plus1_1_minus1"",""cuda"":""12.8"",""decoder"":{""cn_schedule"":""flooding"",""cn_update"":""boxplus-phi"",""early_stop"":false,""hard_out"":true,""harq_mode"":false,""llr_max"":20.0,""num_iter"":20,""precision"":""single"",""prune_pcm"":true,""return_infobits"":true,""vn_update"":""sum""},""decoder_source_sha256"":""44d84b92b749e2970f94d92cd348a11648e2286b4d851faa0af8b21d08f0da23"",""encoder_source_sha256"":""34d8db6660b2e84708a8fb534f63c194f6f2b964e3693fcffc9dcaf21532ccfd"",""implementation"":""Sionna_5G_LDPC"",""power_protocol"":""fixed_constellation_average_Es2"",""precision"":""float32"",""rate_matching"":""Sionna RV0; filler removal, first2Z and tail puncturing; supported n only"",""scrambling"":""public_PCG64_SHA256_protocol_session_frame_group_counter_after_rate_matching_v1"",""torch"":""2.11.0+cu128"",""version"":""2.2.0""},""interleaver_sha256"":""beb096d1248e943e2d18e6a57f8a61da1e5ba73a036f0843b3823a8c70e39754"",""k"":2116,""k_filler"":124,""k_ldpc"":2240,""layout_id"":""1c096f5bea6182d59d3de8f09cca6dc66018417266147b24285b8d5279b88458"",""modulation_padding_bits"":0,""mother_bits"":11648,""n"":5656,""n_cb"":11200,""n_cb_comp"":11076,""power_protocol"":""fixed_constellation_average_Es2"",""puncturing_bits"":5868,""puncturing_first_2Z"":448,""puncturing_remaining"":5420,""repetition_bits"":0,""scrambling"":""public_PCG64_SHA256_protocol_session_frame_group_counter_after_rate_matching_v1"",""shortening_bits"":124,""z"":224}",[2048]
16QAM,3/4,16QAM:r3/4,c60008fbe8503ad45ad4864b506047084a5d9209e05ce87dac61efc13a567d91,1092,16,0,1108,1120,12,5824,1860,465,0,0.5956989247311828,0.5870967741935483,"{""actual_effective_rate"":0.5956989247311828,""bg"":""bg2"",""bit_mapping"":""component_Gray_00_-3_01_-1_10_3_11_1_over_sqrt5;QPSK_0_plus1_1_minus1"",""code_blocks"":1,""decoder_config"":{""cn_schedule"":""flooding"",""cn_update"":""boxplus-phi"",""early_stop"":false,""hard_out"":true,""harq_mode"":false,""llr_max"":20.0,""num_iter"":20,""precision"":""single"",""prune_pcm"":true,""return_infobits"":true,""vn_update"":""sum""},""implementation"":{""bit_mapping"":""component_Gray_00_-3_01_-1_10_3_11_1_over_sqrt5;QPSK_0_plus1_1_minus1"",""cuda"":""12.8"",""decoder"":{""cn_schedule"":""flooding"",""cn_update"":""boxplus-phi"",""early_stop"":false,""hard_out"":true,""harq_mode"":false,""llr_max"":20.0,""num_iter"":20,""precision"":""single"",""prune_pcm"":true,""return_infobits"":true,""vn_update"":""sum""},""decoder_source_sha256"":""44d84b92b749e2970f94d92cd348a11648e2286b4d851faa0af8b21d08f0da23"",""encoder_source_sha256"":""34d8db6660b2e84708a8fb534f63c194f6f2b964e3693fcffc9dcaf21532ccfd"",""implementation"":""Sionna_5G_LDPC"",""power_protocol"":""fixed_constellation_average_Es2"",""precision"":""float32"",""rate_matching"":""Sionna RV0; filler removal, first2Z and tail puncturing; supported n only"",""scrambling"":""public_PCG64_SHA256_protocol_session_frame_group_counter_after_rate_matching_v1"",""torch"":""2.11.0+cu128"",""version"":""2.2.0""},""interleaver_sha256"":""5a0e9c8fe301c304c2066a5cdfd25fd0b2e90c7a11d21c8b55d3c17e14074ee1"",""k"":1108,""k_filler"":12,""k_ldpc"":1120,""layout_id"":""fd9406f2832e9ca189e14d710a4cbe5ce0ea7e2df9497f37c6dc85aef4471d8c"",""modulation_padding_bits"":0,""mother_bits"":5824,""n"":1860,""n_cb"":5600,""n_cb_comp"":5588,""power_protocol"":""fixed_constellation_average_Es2"",""puncturing_bits"":3952,""puncturing_first_2Z"":224,""puncturing_remaining"":3728,""repetition_bits"":0,""scrambling"":""public_PCG64_SHA256_protocol_session_frame_group_counter_after_rate_matching_v1"",""shortening_bits"":12,""z"":112}",[1024]
16QAM,3/4,16QAM:r3/4,c60702f6ec23c84f94874ffa00a531e1fedefc93a18a8f779fc500955c2d5372,324,16,0,340,352,12,1088,456,114,0,0.7456140350877193,0.7105263157894737,"{""actual_effective_rate"":0.7456140350877193,""bg"":""bg1"",""bit_mapping"":""component_Gray_00_-3_01_-1_10_3_11_1_over_sqrt5;QPSK_0_plus1_1_minus1"",""code_blocks"":1,""decoder_config"":{""cn_schedule"":""flooding"",""cn_update"":""boxplus-phi"",""early_stop"":false,""hard_out"":true,""harq_mode"":false,""llr_max"":20.0,""num_iter"":20,""precision"":""single"",""prune_pcm"":true,""return_infobits"":true,""vn_update"":""sum""},""implementation"":{""bit_mapping"":""component_Gray_00_-3_01_-1_10_3_11_1_over_sqrt5;QPSK_0_plus1_1_minus1"",""cuda"":""12.8"",""decoder"":{""cn_schedule"":""flooding"",""cn_update"":""boxplus-phi"",""early_stop"":false,""hard_out"":true,""harq_mode"":false,""llr_max"":20.0,""num_iter"":20,""precision"":""single"",""prune_pcm"":true,""return_infobits"":true,""vn_update"":""sum""},""decoder_source_sha256"":""44d84b92b749e2970f94d92cd348a11648e2286b4d851faa0af8b21d08f0da23"",""encoder_source_sha256"":""34d8db6660b2e84708a8fb534f63c194f6f2b964e3693fcffc9dcaf21532ccfd"",""implementation"":""Sionna_5G_LDPC"",""power_protocol"":""fixed_constellation_average_Es2"",""precision"":""float32"",""rate_matching"":""Sionna RV0; filler removal, first2Z and tail puncturing; supported n only"",""scrambling"":""public_PCG64_SHA256_protocol_session_frame_group_counter_after_rate_matching_v1"",""torch"":""2.11.0+cu128"",""version"":""2.2.0""},""interleaver_sha256"":""e64ee1354f277550fcf3aa2659c8b29f4ad3be4866df9d6947ef284d0926e985"",""k"":340,""k_filler"":12,""k_ldpc"":352,""layout_id"":""037d9b1795697570cdb35774de63d9cffd9e4ccb0c55da214e085b03abbf422f"",""modulation_padding_bits"":0,""mother_bits"":1088,""n"":456,""n_cb"":1056,""n_cb_comp"":1044,""power_protocol"":""fixed_constellation_average_Es2"",""puncturing_bits"":620,""puncturing_first_2Z"":32,""puncturing_remaining"":588,""repetition_bits"":0,""scrambling"":""public_PCG64_SHA256_protocol_session_frame_group_counter_after_rate_matching_v1"",""shortening_bits"":12,""z"":16}","[1024,2048]"
16QAM,2/3,16QAM:r2/3,c6223b96367f7c06967bdcb2fa122119548fe171203cfe3c402e3256141de7b3,1092,16,0,1108,1120,12,5824,1728,432,0,0.6412037037037037,0.6319444444444444,"{""actual_effective_rate"":0.6412037037037037,""bg"":""bg2"",""bit_mapping"":""component_Gray_00_-3_01_-1_10_3_11_1_over_sqrt5;QPSK_0_plus1_1_minus1"",""code_blocks"":1,""decoder_config"":{""cn_schedule"":""flooding"",""cn_update"":""boxplus-phi"",""early_stop"":false,""hard_out"":true,""harq_mode"":false,""llr_max"":20.0,""num_iter"":20,""precision"":""single"",""prune_pcm"":true,""return_infobits"":true,""vn_update"":""sum""},""implementation"":{""bit_mapping"":""component_Gray_00_-3_01_-1_10_3_11_1_over_sqrt5;QPSK_0_plus1_1_minus1"",""cuda"":""12.8"",""decoder"":{""cn_schedule"":""flooding"",""cn_update"":""boxplus-phi"",""early_stop"":false,""hard_out"":true,""harq_mode"":false,""llr_max"":20.0,""num_iter"":20,""precision"":""single"",""prune_pcm"":true,""return_infobits"":true,""vn_update"":""sum""},""decoder_source_sha256"":""44d84b92b749e2970f94d92cd348a11648e2286b4d851faa0af8b21d08f0da23"",""encoder_source_sha256"":""34d8db6660b2e84708a8fb534f63c194f6f2b964e3693fcffc9dcaf21532ccfd"",""implementation"":""Sionna_5G_LDPC"",""power_protocol"":""fixed_constellation_average_Es2"",""precision"":""float32"",""rate_matching"":""Sionna RV0; filler removal, first2Z and tail puncturing; supported n only"",""scrambling"":""public_PCG64_SHA256_protocol_session_frame_group_counter_after_rate_matching_v1"",""torch"":""2.11.0+cu128"",""version"":""2.2.0""},""interleaver_sha256"":""bc0fd4039558841b30dede58f5d6986e4056113bd2a3a3a372285ac25e3dc685"",""k"":1108,""k_filler"":12,""k_ldpc"":1120,""layout_id"":""e029340aa8800a6065e41219d7142e1fa409f3a60f6b052a550e3cc901612685"",""modulation_padding_bits"":0,""mother_bits"":5824,""n"":1728,""n_cb"":5600,""n_cb_comp"":5588,""power_protocol"":""fixed_constellation_average_Es2"",""puncturing_bits"":4084,""puncturing_first_2Z"":224,""puncturing_remaining"":3860,""repetition_bits"":0,""scrambling"":""public_PCG64_SHA256_protocol_session_frame_group_counter_after_rate_matching_v1"",""shortening_bits"":12,""z"":112}","[1024,2048]"
16QAM,2/3,16QAM:r2/3,c628f6373250d574d19f57e3ef1d0b8a4a4767c19c63c626869f21e0e146044d,1092,16,0,1108,1120,12,5824,1668,417,0,0.6642685851318945,0.6546762589928058,"{""actual_effective_rate"":0.6642685851318945,""bg"":""bg2"",""bit_mapping"":""component_Gray_00_-3_01_-1_10_3_11_1_over_sqrt5;QPSK_0_plus1_1_minus1"",""code_blocks"":1,""decoder_config"":{""cn_schedule"":""flooding"",""cn_update"":""boxplus-phi"",""early_stop"":false,""hard_out"":true,""harq_mode"":false,""llr_max"":20.0,""num_iter"":20,""precision"":""single"",""prune_pcm"":true,""return_infobits"":true,""vn_update"":""sum""},""implementation"":{""bit_mapping"":""component_Gray_00_-3_01_-1_10_3_11_1_over_sqrt5;QPSK_0_plus1_1_minus1"",""cuda"":""12.8"",""decoder"":{""cn_schedule"":""flooding"",""cn_update"":""boxplus-phi"",""early_stop"":false,""hard_out"":true,""harq_mode"":false,""llr_max"":20.0,""num_iter"":20,""precision"":""single"",""prune_pcm"":true,""return_infobits"":true,""vn_update"":""sum""},""decoder_source_sha256"":""44d84b92b749e2970f94d92cd348a11648e2286b4d851faa0af8b21d08f0da23"",""encoder_source_sha256"":""34d8db6660b2e84708a8fb534f63c194f6f2b964e3693fcffc9dcaf21532ccfd"",""implementation"":""Sionna_5G_LDPC"",""power_protocol"":""fixed_constellation_average_Es2"",""precision"":""float32"",""rate_matching"":""Sionna RV0; filler removal, first2Z and tail puncturing; supported n only"",""scrambling"":""public_PCG64_SHA256_protocol_session_frame_group_counter_after_rate_matching_v1"",""torch"":""2.11.0+cu128"",""version"":""2.2.0""},""interleaver_sha256"":""87b8f9694a63dfd41936719cd480dc2a3027f76689934ba65582785a0ce6ee3f"",""k"":1108,""k_filler"":12,""k_ldpc"":1120,""layout_id"":""0401da552ec5d3af89d1117e835aa24ddfb75c04de9bd3f5c78c06c50c774522"",""modulation_padding_bits"":0,""mother_bits"":5824,""n"":1668,""n_cb"":5600,""n_cb_comp"":5588,""power_protocol"":""fixed_constellation_average_Es2"",""puncturing_bits"":4144,""puncturing_first_2Z"":224,""puncturing_remaining"":3920,""repetition_bits"":0,""scrambling"":""public_PCG64_SHA256_protocol_session_frame_group_counter_after_rate_matching_v1"",""shortening_bits"":12,""z"":112}","[1024,2048]"
QPSK,5/6,QPSK:r5/6,c62fecb418fa327f8b3de379160e514d4e0e712d0ec2488397895f21b90e1153,1800,16,0,1816,1920,104,9984,3338,1669,0,0.5440383463151588,0.5392450569203115,"{""actual_effective_rate"":0.5440383463151588,""bg"":""bg2"",""bit_mapping"":""component_Gray_00_-3_01_-1_10_3_11_1_over_sqrt5;QPSK_0_plus1_1_minus1"",""code_blocks"":1,""decoder_config"":{""cn_schedule"":""flooding"",""cn_update"":""boxplus-phi"",""early_stop"":false,""hard_out"":true,""harq_mode"":false,""llr_max"":20.0,""num_iter"":20,""precision"":""single"",""prune_pcm"":true,""return_infobits"":true,""vn_update"":""sum""},""implementation"":{""bit_mapping"":""component_Gray_00_-3_01_-1_10_3_11_1_over_sqrt5;QPSK_0_plus1_1_minus1"",""cuda"":""12.8"",""decoder"":{""cn_schedule"":""flooding"",""cn_update"":""boxplus-phi"",""early_stop"":false,""hard_out"":true,""harq_mode"":false,""llr_max"":20.0,""num_iter"":20,""precision"":""single"",""prune_pcm"":true,""return_infobits"":true,""vn_update"":""sum""},""decoder_source_sha256"":""44d84b92b749e2970f94d92cd348a11648e2286b4d851faa0af8b21d08f0da23"",""encoder_source_sha256"":""34d8db6660b2e84708a8fb534f63c194f6f2b964e3693fcffc9dcaf21532ccfd"",""implementation"":""Sionna_5G_LDPC"",""power_protocol"":""fixed_constellation_average_Es2"",""precision"":""float32"",""rate_matching"":""Sionna RV0; filler removal, first2Z and tail puncturing; supported n only"",""scrambling"":""public_PCG64_SHA256_protocol_session_frame_group_counter_after_rate_matching_v1"",""torch"":""2.11.0+cu128"",""version"":""2.2.0""},""interleaver_sha256"":""8d15271e3ef37d56ae3ef710db45790acfdf0efa4318584bd6f7027b4d5590e0"",""k"":1816,""k_filler"":104,""k_ldpc"":1920,""layout_id"":""97fbdda251b6305b0dc17c6fde8c66b2e5497d76f86b0178316c4e136074eb02"",""modulation_padding_bits"":0,""mother_bits"":9984,""n"":3338,""n_cb"":9600,""n_cb_comp"":9496,""power_protocol"":""fixed_constellation_average_Es2"",""puncturing_bits"":6542,""puncturing_first_2Z"":384,""puncturing_remaining"":6158,""repetition_bits"":0,""scrambling"":""public_PCG64_SHA256_protocol_session_frame_group_counter_after_rate_matching_v1"",""shortening_bits"":104,""z"":192}",[2048]
16QAM,5/6,16QAM:r5/6,c63bc2601d6ce46518bb84246a921bd549d7136130842165a2ed33a3a5c7f7f0,1092,16,0,1108,1120,12,5824,3160,790,0,0.35063291139240504,0.34556962025316457,"{""actual_effective_rate"":0.35063291139240504,""bg"":""bg2"",""bit_mapping"":""component_Gray_00_-3_01_-1_10_3_11_1_over_sqrt5;QPSK_0_plus1_1_minus1"",""code_blocks"":1,""decoder_config"":{""cn_schedule"":""flooding"",""cn_update"":""boxplus-phi"",""early_stop"":false,""hard_out"":true,""harq_mode"":false,""llr_max"":20.0,""num_iter"":20,""precision"":""single"",""prune_pcm"":true,""return_infobits"":true,""vn_update"":""sum""},""implementation"":{""bit_mapping"":""component_Gray_00_-3_01_-1_10_3_11_1_over_sqrt5;QPSK_0_plus1_1_minus1"",""cuda"":""12.8"",""decoder"":{""cn_schedule"":""flooding"",""cn_update"":""boxplus-phi"",""early_stop"":false,""hard_out"":true,""harq_mode"":false,""llr_max"":20.0,""num_iter"":20,""precision"":""single"",""prune_pcm"":true,""return_infobits"":true,""vn_update"":""sum""},""decoder_source_sha256"":""44d84b92b749e2970f94d92cd348a11648e2286b4d851faa0af8b21d08f0da23"",""encoder_source_sha256"":""34d8db6660b2e84708a8fb534f63c194f6f2b964e3693fcffc9dcaf21532ccfd"",""implementation"":""Sionna_5G_LDPC"",""power_protocol"":""fixed_constellation_average_Es2"",""precision"":""float32"",""rate_matching"":""Sionna RV0; filler removal, first2Z and tail puncturing; supported n only"",""scrambling"":""public_PCG64_SHA256_protocol_session_frame_group_counter_after_rate_matching_v1"",""torch"":""2.11.0+cu128"",""version"":""2.2.0""},""interleaver_sha256"":""3e8a53c4b2d18734c1c20f15ea74f99de4f6c45288142249e78729950884f688"",""k"":1108,""k_filler"":12,""k_ldpc"":1120,""layout_id"":""5cec71a3e5860f6b0c82fc1d628bfd059a7cca528605a777fbd3c0a351a72ef2"",""modulation_padding_bits"":0,""mother_bits"":5824,""n"":3160,""n_cb"":5600,""n_cb_comp"":5588,""power_protocol"":""fixed_constellation_average_Es2"",""puncturing_bits"":2652,""puncturing_first_2Z"":224,""puncturing_remaining"":2428,""repetition_bits"":0,""scrambling"":""public_PCG64_SHA256_protocol_session_frame_group_counter_after_rate_matching_v1"",""shortening_bits"":12,""z"":112}",[1024]
QPSK,5/6,QPSK:r5/6,c658da2117143b3d81647777420a18717403c308731efa2e329436cbf0a01191,1332,16,0,1348,1408,60,4352,1618,809,0,0.8331273176761433,0.823238566131026,"{""actual_effective_rate"":0.8331273176761433,""bg"":""bg1"",""bit_mapping"":""component_Gray_00_-3_01_-1_10_3_11_1_over_sqrt5;QPSK_0_plus1_1_minus1"",""code_blocks"":1,""decoder_config"":{""cn_schedule"":""flooding"",""cn_update"":""boxplus-phi"",""early_stop"":false,""hard_out"":true,""harq_mode"":false,""llr_max"":20.0,""num_iter"":20,""precision"":""single"",""prune_pcm"":true,""return_infobits"":true,""vn_update"":""sum""},""implementation"":{""bit_mapping"":""component_Gray_00_-3_01_-1_10_3_11_1_over_sqrt5;QPSK_0_plus1_1_minus1"",""cuda"":""12.8"",""decoder"":{""cn_schedule"":""flooding"",""cn_update"":""boxplus-phi"",""early_stop"":false,""hard_out"":true,""harq_mode"":false,""llr_max"":20.0,""num_iter"":20,""precision"":""single"",""prune_pcm"":true,""return_infobits"":true,""vn_update"":""sum""},""decoder_source_sha256"":""44d84b92b749e2970f94d92cd348a11648e2286b4d851faa0af8b21d08f0da23"",""encoder_source_sha256"":""34d8db6660b2e84708a8fb534f63c194f6f2b964e3693fcffc9dcaf21532ccfd"",""implementation"":""Sionna_5G_LDPC"",""power_protocol"":""fixed_constellation_average_Es2"",""precision"":""float32"",""rate_matching"":""Sionna RV0; filler removal, first2Z and tail puncturing; supported n only"",""scrambling"":""public_PCG64_SHA256_protocol_session_frame_group_counter_after_rate_matching_v1"",""torch"":""2.11.0+cu128"",""version"":""2.2.0""},""interleaver_sha256"":""fe7a685fc0c6c24ae98210ce230d3a7f607f9deb634259f5a087781d0a34c952"",""k"":1348,""k_filler"":60,""k_ldpc"":1408,""layout_id"":""25714a8d859e8bec09fe4be39f44d2caa70527653be4f527511ed9812667523a"",""modulation_padding_bits"":0,""mother_bits"":4352,""n"":1618,""n_cb"":4224,""n_cb_comp"":4164,""power_protocol"":""fixed_constellation_average_Es2"",""puncturing_bits"":2674,""puncturing_first_2Z"":128,""puncturing_remaining"":2546,""repetition_bits"":0,""scrambling"":""public_PCG64_SHA256_protocol_session_frame_group_counter_after_rate_matching_v1"",""shortening_bits"":60,""z"":64}",[1024]
16QAM,2/3,16QAM:r2/3,c67c43866a43538c8dcfb154990cd2062ba747274217552cc8e0300b6d2c6246,3408,16,0,3424,3520,96,18304,6016,1504,0,0.5691489361702128,0.5664893617021277,"{""actual_effective_rate"":0.5691489361702128,""bg"":""bg2"",""bit_mapping"":""component_Gray_00_-3_01_-1_10_3_11_1_over_sqrt5;QPSK_0_plus1_1_minus1"",""code_blocks"":1,""decoder_config"":{""cn_schedule"":""flooding"",""cn_update"":""boxplus-phi"",""early_stop"":false,""hard_out"":true,""harq_mode"":false,""llr_max"":20.0,""num_iter"":20,""precision"":""single"",""prune_pcm"":true,""return_infobits"":true,""vn_update"":""sum""},""implementation"":{""bit_mapping"":""component_Gray_00_-3_01_-1_10_3_11_1_over_sqrt5;QPSK_0_plus1_1_minus1"",""cuda"":""12.8"",""decoder"":{""cn_schedule"":""flooding"",""cn_update"":""boxplus-phi"",""early_stop"":false,""hard_out"":true,""harq_mode"":false,""llr_max"":20.0,""num_iter"":20,""precision"":""single"",""prune_pcm"":true,""return_infobits"":true,""vn_update"":""sum""},""decoder_source_sha256"":""44d84b92b749e2970f94d92cd348a11648e2286b4d851faa0af8b21d08f0da23"",""encoder_source_sha256"":""34d8db6660b2e84708a8fb534f63c194f6f2b964e3693fcffc9dcaf21532ccfd"",""implementation"":""Sionna_5G_LDPC"",""power_protocol"":""fixed_constellation_average_Es2"",""precision"":""float32"",""rate_matching"":""Sionna RV0; filler removal, first2Z and tail puncturing; supported n only"",""scrambling"":""public_PCG64_SHA256_protocol_session_frame_group_counter_after_rate_matching_v1"",""torch"":""2.11.0+cu128"",""version"":""2.2.0""},""interleaver_sha256"":""7d465d7850aa9cee93a83e661af8c99f55d7c92d00a8069bda3c39c8afdabcce"",""k"":3424,""k_filler"":96,""k_ldpc"":3520,""layout_id"":""0032c0525ff2937cdb679450396d3ad1c7769ae571ce502e95a250aadfaa96bb"",""modulation_padding_bits"":0,""mother_bits"":18304,""n"":6016,""n_cb"":17600,""n_cb_comp"":17504,""power_protocol"":""fixed_constellation_average_Es2"",""puncturing_bits"":12192,""puncturing_first_2Z"":704,""puncturing_remaining"":11488,""repetition_bits"":0,""scrambling"":""public_PCG64_SHA256_protocol_session_frame_group_counter_after_rate_matching_v1"",""shortening_bits"":96,""z"":352}",[2048]
16QAM,3/4,16QAM:r3/4,c682ff5cc98572472171e41a29d6daba3ce5fc9c3208361f9c5565d16b1ca0f9,360,16,0,376,396,20,1224,508,127,0,0.7401574803149606,0.7086614173228346,"{""actual_effective_rate"":0.7401574803149606,""bg"":""bg1"",""bit_mapping"":""component_Gray_00_-3_01_-1_10_3_11_1_over_sqrt5;QPSK_0_plus1_1_minus1"",""code_blocks"":1,""decoder_config"":{""cn_schedule"":""flooding"",""cn_update"":""boxplus-phi"",""early_stop"":false,""hard_out"":true,""harq_mode"":false,""llr_max"":20.0,""num_iter"":20,""precision"":""single"",""prune_pcm"":true,""return_infobits"":true,""vn_update"":""sum""},""implementation"":{""bit_mapping"":""component_Gray_00_-3_01_-1_10_3_11_1_over_sqrt5;QPSK_0_plus1_1_minus1"",""cuda"":""12.8"",""decoder"":{""cn_schedule"":""flooding"",""cn_update"":""boxplus-phi"",""early_stop"":false,""hard_out"":true,""harq_mode"":false,""llr_max"":20.0,""num_iter"":20,""precision"":""single"",""prune_pcm"":true,""return_infobits"":true,""vn_update"":""sum""},""decoder_source_sha256"":""44d84b92b749e2970f94d92cd348a11648e2286b4d851faa0af8b21d08f0da23"",""encoder_source_sha256"":""34d8db6660b2e84708a8fb534f63c194f6f2b964e3693fcffc9dcaf21532ccfd"",""implementation"":""Sionna_5G_LDPC"",""power_protocol"":""fixed_constellation_average_Es2"",""precision"":""float32"",""rate_matching"":""Sionna RV0; filler removal, first2Z and tail puncturing; supported n only"",""scrambling"":""public_PCG64_SHA256_protocol_session_frame_group_counter_after_rate_matching_v1"",""torch"":""2.11.0+cu128"",""version"":""2.2.0""},""interleaver_sha256"":""287f40e6719cb8df84498492d93f712f6aecaf992de0597f3becd2629a45ec51"",""k"":376,""k_filler"":20,""k_ldpc"":396,""layout_id"":""d0c337a88b18c552fe195c4df6d9412f5ff780f058766e667251cc498a02cce5"",""modulation_padding_bits"":0,""mother_bits"":1224,""n"":508,""n_cb"":1188,""n_cb_comp"":1168,""power_protocol"":""fixed_constellation_average_Es2"",""puncturing_bits"":696,""puncturing_first_2Z"":36,""puncturing_remaining"":660,""repetition_bits"":0,""scrambling"":""public_PCG64_SHA256_protocol_session_frame_group_counter_after_rate_matching_v1"",""shortening_bits"":20,""z"":18}","[1024,2048]"
QPSK,1/2,QPSK:r1/2,c68b0d9ea9990bc991c502a7d67c1543d34fdaa8021214ab9fd6c5a358feb622,1092,16,0,1108,1120,12,5824,2480,1240,0,0.4467741935483871,0.4403225806451613,"{""actual_effective_rate"":0.4467741935483871,""bg"":""bg2"",""bit_mapping"":""component_Gray_00_-3_01_-1_10_3_11_1_over_sqrt5;QPSK_0_plus1_1_minus1"",""code_blocks"":1,""decoder_config"":{""cn_schedule"":""flooding"",""cn_update"":""boxplus-phi"",""early_stop"":false,""hard_out"":true,""harq_mode"":false,""llr_max"":20.0,""num_iter"":20,""precision"":""single"",""prune_pcm"":true,""return_infobits"":true,""vn_update"":""sum""},""implementation"":{""bit_mapping"":""component_Gray_00_-3_01_-1_10_3_11_1_over_sqrt5;QPSK_0_plus1_1_minus1"",""cuda"":""12.8"",""decoder"":{""cn_schedule"":""flooding"",""cn_update"":""boxplus-phi"",""early_stop"":false,""hard_out"":true,""harq_mode"":false,""llr_max"":20.0,""num_iter"":20,""precision"":""single"",""prune_pcm"":true,""return_infobits"":true,""vn_update"":""sum""},""decoder_source_sha256"":""44d84b92b749e2970f94d92cd348a11648e2286b4d851faa0af8b21d08f0da23"",""encoder_source_sha256"":""34d8db6660b2e84708a8fb534f63c194f6f2b964e3693fcffc9dcaf21532ccfd"",""implementation"":""Sionna_5G_LDPC"",""power_protocol"":""fixed_constellation_average_Es2"",""precision"":""float32"",""rate_matching"":""Sionna RV0; filler removal, first2Z and tail puncturing; supported n only"",""scrambling"":""public_PCG64_SHA256_protocol_session_frame_group_counter_after_rate_matching_v1"",""torch"":""2.11.0+cu128"",""version"":""2.2.0""},""interleaver_sha256"":""83f9339fa7b4eea9a3e285fdebd03417b8050e16a0964480c1f29346520ffb88"",""k"":1108,""k_filler"":12,""k_ldpc"":1120,""layout_id"":""06a04bf20d471b4a78de2e576dbf5e6f2147254f9aac27655e07d913d38d4dde"",""modulation_padding_bits"":0,""mother_bits"":5824,""n"":2480,""n_cb"":5600,""n_cb_comp"":5588,""power_protocol"":""fixed_constellation_average_Es2"",""puncturing_bits"":3332,""puncturing_first_2Z"":224,""puncturing_remaining"":3108,""repetition_bits"":0,""scrambling"":""public_PCG64_SHA256_protocol_session_frame_group_counter_after_rate_matching_v1"",""shortening_bits"":12,""z"":112}",[2048]
16QAM,5/6,16QAM:r5/6,c6a89e9922a6150ecde1d9d92d8262589a2ed1718321ca20976e92f9a3bbe83b,1092,16,0,1108,1144,36,3536,1444,361,0,0.7673130193905817,0.7562326869806094,"{""actual_effective_rate"":0.7673130193905817,""bg"":""bg1"",""bit_mapping"":""component_Gray_00_-3_01_-1_10_3_11_1_over_sqrt5;QPSK_0_plus1_1_minus1"",""code_blocks"":1,""decoder_config"":{""cn_schedule"":""flooding"",""cn_update"":""boxplus-phi"",""early_stop"":false,""hard_out"":true,""harq_mode"":false,""llr_max"":20.0,""num_iter"":20,""precision"":""single"",""prune_pcm"":true,""return_infobits"":true,""vn_update"":""sum""},""implementation"":{""bit_mapping"":""component_Gray_00_-3_01_-1_10_3_11_1_over_sqrt5;QPSK_0_plus1_1_minus1"",""cuda"":""12.8"",""decoder"":{""cn_schedule"":""flooding"",""cn_update"":""boxplus-phi"",""early_stop"":false,""hard_out"":true,""harq_mode"":false,""llr_max"":20.0,""num_iter"":20,""precision"":""single"",""prune_pcm"":true,""return_infobits"":true,""vn_update"":""sum""},""decoder_source_sha256"":""44d84b92b749e2970f94d92cd348a11648e2286b4d851faa0af8b21d08f0da23"",""encoder_source_sha256"":""34d8db6660b2e84708a8fb534f63c194f6f2b964e3693fcffc9dcaf21532ccfd"",""implementation"":""Sionna_5G_LDPC"",""power_protocol"":""fixed_constellation_average_Es2"",""precision"":""float32"",""rate_matching"":""Sionna RV0; filler removal, first2Z and tail puncturing; supported n only"",""scrambling"":""public_PCG64_SHA256_protocol_session_frame_group_counter_after_rate_matching_v1"",""torch"":""2.11.0+cu128"",""version"":""2.2.0""},""interleaver_sha256"":""c1b91138ed7a8198cc5a80a03b629cfca100f635a4ba55c1c9c5e1cf6c1b0036"",""k"":1108,""k_filler"":36,""k_ldpc"":1144,""layout_id"":""61b105d0664a38a30b1b6c7c0b14aa4aade1bcbf4d1dbc77abc7379c6d2ed5fc"",""modulation_padding_bits"":0,""mother_bits"":3536,""n"":1444,""n_cb"":3432,""n_cb_comp"":3396,""power_protocol"":""fixed_constellation_average_Es2"",""puncturing_bits"":2056,""puncturing_first_2Z"":104,""puncturing_remaining"":1952,""repetition_bits"":0,""scrambling"":""public_PCG64_SHA256_protocol_session_frame_group_counter_after_rate_matching_v1"",""shortening_bits"":36,""z"":52}",[2048]
16QAM,1/3,16QAM:r1/3,c6b1e7a5db4358b1ef30b54c1d66d8e6ef36db856663151cef8225b32906150e,360,16,0,376,480,104,2496,1592,398,0,0.23618090452261306,0.22613065326633167,"{""actual_effective_rate"":0.23618090452261306,""bg"":""bg2"",""bit_mapping"":""component_Gray_00_-3_01_-1_10_3_11_1_over_sqrt5;QPSK_0_plus1_1_minus1"",""code_blocks"":1,""decoder_config"":{""cn_schedule"":""flooding"",""cn_update"":""boxplus-phi"",""early_stop"":false,""hard_out"":true,""harq_mode"":false,""llr_max"":20.0,""num_iter"":20,""precision"":""single"",""prune_pcm"":true,""return_infobits"":true,""vn_update"":""sum""},""implementation"":{""bit_mapping"":""component_Gray_00_-3_01_-1_10_3_11_1_over_sqrt5;QPSK_0_plus1_1_minus1"",""cuda"":""12.8"",""decoder"":{""cn_schedule"":""flooding"",""cn_update"":""boxplus-phi"",""early_stop"":false,""hard_out"":true,""harq_mode"":false,""llr_max"":20.0,""num_iter"":20,""precision"":""single"",""prune_pcm"":true,""return_infobits"":true,""vn_update"":""sum""},""decoder_source_sha256"":""44d84b92b749e2970f94d92cd348a11648e2286b4d851faa0af8b21d08f0da23"",""encoder_source_sha256"":""34d8db6660b2e84708a8fb534f63c194f6f2b964e3693fcffc9dcaf21532ccfd"",""implementation"":""Sionna_5G_LDPC"",""power_protocol"":""fixed_constellation_average_Es2"",""precision"":""float32"",""rate_matching"":""Sionna RV0; filler removal, first2Z and tail puncturing; supported n only"",""scrambling"":""public_PCG64_SHA256_protocol_session_frame_group_counter_after_rate_matching_v1"",""torch"":""2.11.0+cu128"",""version"":""2.2.0""},""interleaver_sha256"":""a515c34a206460d27b18c5141d103ec4507ea2c76fc2ed96c50a9af653d4389d"",""k"":376,""k_filler"":104,""k_ldpc"":480,""layout_id"":""53cd5368d342be9448a60b8a6d921d7ff39017919aba8dde4b5ceac855ccd0e2"",""modulation_padding_bits"":0,""mother_bits"":2496,""n"":1592,""n_cb"":2400,""n_cb_comp"":2296,""power_protocol"":""fixed_constellation_average_Es2"",""puncturing_bits"":800,""puncturing_first_2Z"":96,""puncturing_remaining"":704,""repetition_bits"":0,""scrambling"":""public_PCG64_SHA256_protocol_session_frame_group_counter_after_rate_matching_v1"",""shortening_bits"":104,""z"":48}",[2048]
16QAM,2/3,16QAM:r2/3,c6b52c1c4101e4ee0f6eb5716d723fffb1d00a0468e7a484f5d3c5f72ee4774d,408,16,0,424,560,136,2912,636,159,0,0.6666666666666666,0.6415094339622641,"{""actual_effective_rate"":0.6666666666666666,""bg"":""bg2"",""bit_mapping"":""component_Gray_00_-3_01_-1_10_3_11_1_over_sqrt5;QPSK_0_plus1_1_minus1"",""code_blocks"":1,""decoder_config"":{""cn_schedule"":""flooding"",""cn_update"":""boxplus-phi"",""early_stop"":false,""hard_out"":true,""harq_mode"":false,""llr_max"":20.0,""num_iter"":20,""precision"":""single"",""prune_pcm"":true,""return_infobits"":true,""vn_update"":""sum""},""implementation"":{""bit_mapping"":""component_Gray_00_-3_01_-1_10_3_11_1_over_sqrt5;QPSK_0_plus1_1_minus1"",""cuda"":""12.8"",""decoder"":{""cn_schedule"":""flooding"",""cn_update"":""boxplus-phi"",""early_stop"":false,""hard_out"":true,""harq_mode"":false,""llr_max"":20.0,""num_iter"":20,""precision"":""single"",""prune_pcm"":true,""return_infobits"":true,""vn_update"":""sum""},""decoder_source_sha256"":""44d84b92b749e2970f94d92cd348a11648e2286b4d851faa0af8b21d08f0da23"",""encoder_source_sha256"":""34d8db6660b2e84708a8fb534f63c194f6f2b964e3693fcffc9dcaf21532ccfd"",""implementation"":""Sionna_5G_LDPC"",""power_protocol"":""fixed_constellation_average_Es2"",""precision"":""float32"",""rate_matching"":""Sionna RV0; filler removal, first2Z and tail puncturing; supported n only"",""scrambling"":""public_PCG64_SHA256_protocol_session_frame_group_counter_after_rate_matching_v1"",""torch"":""2.11.0+cu128"",""version"":""2.2.0""},""interleaver_sha256"":""9ea28a2181c15bde18400552b741032ac7e405559a79a30f94cdb4f621905973"",""k"":424,""k_filler"":136,""k_ldpc"":560,""layout_id"":""5baa36fdef45431436dfcfde768432aaa965a16da5ea080d469badd14003ee2b"",""modulation_padding_bits"":0,""mother_bits"":2912,""n"":636,""n_cb"":2800,""n_cb_comp"":2664,""power_protocol"":""fixed_constellation_average_Es2"",""puncturing_bits"":2140,""puncturing_first_2Z"":112,""puncturing_remaining"":2028,""repetition_bits"":0,""scrambling"":""public_PCG64_SHA256_protocol_session_frame_group_counter_after_rate_matching_v1"",""shortening_bits"":136,""z"":56}","[1024,2048]"
QPSK,3/4,QPSK:r3/4,c6c3c654d5f6b6144345a980c22b673c3d87ab378f6d81442c699c4fc2ba03a3,2100,16,0,2116,2288,172,7072,2828,1414,0,0.7482319660537482,0.7425742574257426,"{""actual_effective_rate"":0.7482319660537482,""bg"":""bg1"",""bit_mapping"":""component_Gray_00_-3_01_-1_10_3_11_1_over_sqrt5;QPSK_0_plus1_1_minus1"",""code_blocks"":1,""decoder_config"":{""cn_schedule"":""flooding"",""cn_update"":""boxplus-phi"",""early_stop"":false,""hard_out"":true,""harq_mode"":false,""llr_max"":20.0,""num_iter"":20,""precision"":""single"",""prune_pcm"":true,""return_infobits"":true,""vn_update"":""sum""},""implementation"":{""bit_mapping"":""component_Gray_00_-3_01_-1_10_3_11_1_over_sqrt5;QPSK_0_plus1_1_minus1"",""cuda"":""12.8"",""decoder"":{""cn_schedule"":""flooding"",""cn_update"":""boxplus-phi"",""early_stop"":false,""hard_out"":true,""harq_mode"":false,""llr_max"":20.0,""num_iter"":20,""precision"":""single"",""prune_pcm"":true,""return_infobits"":true,""vn_update"":""sum""},""decoder_source_sha256"":""44d84b92b749e2970f94d92cd348a11648e2286b4d851faa0af8b21d08f0da23"",""encoder_source_sha256"":""34d8db6660b2e84708a8fb534f63c194f6f2b964e3693fcffc9dcaf21532ccfd"",""implementation"":""Sionna_5G_LDPC"",""power_protocol"":""fixed_constellation_average_Es2"",""precision"":""float32"",""rate_matching"":""Sionna RV0; filler removal, first2Z and tail puncturing; supported n only"",""scrambling"":""public_PCG64_SHA256_protocol_session_frame_group_counter_after_rate_matching_v1"",""torch"":""2.11.0+cu128"",""version"":""2.2.0""},""interleaver_sha256"":""591d226590277fe26c00504617219df9387dd3078dec684d74190a0c395a7fa3"",""k"":2116,""k_filler"":172,""k_ldpc"":2288,""layout_id"":""1c6b7b9d26204d831c9b2c5fc281be87183c5bcb405b14dd166959a987498faf"",""modulation_padding_bits"":0,""mother_bits"":7072,""n"":2828,""n_cb"":6864,""n_cb_comp"":6692,""power_protocol"":""fixed_constellation_average_Es2"",""puncturing_bits"":4072,""puncturing_first_2Z"":208,""puncturing_remaining"":3864,""repetition_bits"":0,""scrambling"":""public_PCG64_SHA256_protocol_session_frame_group_counter_after_rate_matching_v1"",""shortening_bits"":172,""z"":104}",[2048]
16QAM,2/3,16QAM:r2/3,c6df4d25c997292528b00ba0db41c56c0acc04284d6b162f15ea47fc436e9d11,1536,16,0,1552,1600,48,8320,2328,582,0,0.6666666666666666,0.6597938144329897,"{""actual_effective_rate"":0.6666666666666666,""bg"":""bg2"",""bit_mapping"":""component_Gray_00_-3_01_-1_10_3_11_1_over_sqrt5;QPSK_0_plus1_1_minus1"",""code_blocks"":1,""decoder_config"":{""cn_schedule"":""flooding"",""cn_update"":""boxplus-phi"",""early_stop"":false,""hard_out"":true,""harq_mode"":false,""llr_max"":20.0,""num_iter"":20,""precision"":""single"",""prune_pcm"":true,""return_infobits"":true,""vn_update"":""sum""},""implementation"":{""bit_mapping"":""component_Gray_00_-3_01_-1_10_3_11_1_over_sqrt5;QPSK_0_plus1_1_minus1"",""cuda"":""12.8"",""decoder"":{""cn_schedule"":""flooding"",""cn_update"":""boxplus-phi"",""early_stop"":false,""hard_out"":true,""harq_mode"":false,""llr_max"":20.0,""num_iter"":20,""precision"":""single"",""prune_pcm"":true,""return_infobits"":true,""vn_update"":""sum""},""decoder_source_sha256"":""44d84b92b749e2970f94d92cd348a11648e2286b4d851faa0af8b21d08f0da23"",""encoder_source_sha256"":""34d8db6660b2e84708a8fb534f63c194f6f2b964e3693fcffc9dcaf21532ccfd"",""implementation"":""Sionna_5G_LDPC"",""power_protocol"":""fixed_constellation_average_Es2"",""precision"":""float32"",""rate_matching"":""Sionna RV0; filler removal, first2Z and tail puncturing; supported n only"",""scrambling"":""public_PCG64_SHA256_protocol_session_frame_group_counter_after_rate_matching_v1"",""torch"":""2.11.0+cu128"",""version"":""2.2.0""},""interleaver_sha256"":""a73ad8af7c90a604d9f0bc66800ffd48606b361e74369130f864657273aa0954"",""k"":1552,""k_filler"":48,""k_ldpc"":1600,""layout_id"":""54993b701170f2465b99ae62b1476203d2333aa2c0e7ea704bce7be0131b9018"",""modulation_padding_bits"":0,""mother_bits"":8320,""n"":2328,""n_cb"":8000,""n_cb_comp"":7952,""power_protocol"":""fixed_constellation_average_Es2"",""puncturing_bits"":5944,""puncturing_first_2Z"":320,""puncturing_remaining"":5624,""repetition_bits"":0,""scrambling"":""public_PCG64_SHA256_protocol_session_frame_group_counter_after_rate_matching_v1"",""shortening_bits"":48,""z"":160}",[1024]
QPSK,1/2,QPSK:r1/2,c6dfbdc22228d65a72a2548f0c351b29062ad92dcff661bc56b0cf12785ef8f7,360,16,0,376,480,104,2496,752,376,0,0.5,0.4787234042553192,"{""actual_effective_rate"":0.5,""bg"":""bg2"",""bit_mapping"":""component_Gray_00_-3_01_-1_10_3_11_1_over_sqrt5;QPSK_0_plus1_1_minus1"",""code_blocks"":1,""decoder_config"":{""cn_schedule"":""flooding"",""cn_update"":""boxplus-phi"",""early_stop"":false,""hard_out"":true,""harq_mode"":false,""llr_max"":20.0,""num_iter"":20,""precision"":""single"",""prune_pcm"":true,""return_infobits"":true,""vn_update"":""sum""},""implementation"":{""bit_mapping"":""component_Gray_00_-3_01_-1_10_3_11_1_over_sqrt5;QPSK_0_plus1_1_minus1"",""cuda"":""12.8"",""decoder"":{""cn_schedule"":""flooding"",""cn_update"":""boxplus-phi"",""early_stop"":false,""hard_out"":true,""harq_mode"":false,""llr_max"":20.0,""num_iter"":20,""precision"":""single"",""prune_pcm"":true,""return_infobits"":true,""vn_update"":""sum""},""decoder_source_sha256"":""44d84b92b749e2970f94d92cd348a11648e2286b4d851faa0af8b21d08f0da23"",""encoder_source_sha256"":""34d8db6660b2e84708a8fb534f63c194f6f2b964e3693fcffc9dcaf21532ccfd"",""implementation"":""Sionna_5G_LDPC"",""power_protocol"":""fixed_constellation_average_Es2"",""precision"":""float32"",""rate_matching"":""Sionna RV0; filler removal, first2Z and tail puncturing; supported n only"",""scrambling"":""public_PCG64_SHA256_protocol_session_frame_group_counter_after_rate_matching_v1"",""torch"":""2.11.0+cu128"",""version"":""2.2.0""},""interleaver_sha256"":""78f70b2d3deaa9f6da35c0130b2f96d60b7cb411fa791a33256e998148e21abb"",""k"":376,""k_filler"":104,""k_ldpc"":480,""layout_id"":""6e621970dd493a6a342089ffdf5798896a82e70b1d54459d253f669b4b93e173"",""modulation_padding_bits"":0,""mother_bits"":2496,""n"":752,""n_cb"":2400,""n_cb_comp"":2296,""power_protocol"":""fixed_constellation_average_Es2"",""puncturing_bits"":1640,""puncturing_first_2Z"":96,""puncturing_remaining"":1544,""repetition_bits"":0,""scrambling"":""public_PCG64_SHA256_protocol_session_frame_group_counter_after_rate_matching_v1"",""shortening_bits"":104,""z"":48}","[1024,2048]"
16QAM,5/6,16QAM:r5/6,c6e157111d5496a1e9437e6d43cdd268de779b8089ba7afd6d5f518a6676a3e8,1092,16,0,1108,1144,36,3536,1368,342,0,0.8099415204678363,0.7982456140350878,"{""actual_effective_rate"":0.8099415204678363,""bg"":""bg1"",""bit_mapping"":""component_Gray_00_-3_01_-1_10_3_11_1_over_sqrt5;QPSK_0_plus1_1_minus1"",""code_blocks"":1,""decoder_config"":{""cn_schedule"":""flooding"",""cn_update"":""boxplus-phi"",""early_stop"":false,""hard_out"":true,""harq_mode"":false,""llr_max"":20.0,""num_iter"":20,""precision"":""single"",""prune_pcm"":true,""return_infobits"":true,""vn_update"":""sum""},""implementation"":{""bit_mapping"":""component_Gray_00_-3_01_-1_10_3_11_1_over_sqrt5;QPSK_0_plus1_1_minus1"",""cuda"":""12.8"",""decoder"":{""cn_schedule"":""flooding"",""cn_update"":""boxplus-phi"",""early_stop"":false,""hard_out"":true,""harq_mode"":false,""llr_max"":20.0,""num_iter"":20,""precision"":""single"",""prune_pcm"":true,""return_infobits"":true,""vn_update"":""sum""},""decoder_source_sha256"":""44d84b92b749e2970f94d92cd348a11648e2286b4d851faa0af8b21d08f0da23"",""encoder_source_sha256"":""34d8db6660b2e84708a8fb534f63c194f6f2b964e3693fcffc9dcaf21532ccfd"",""implementation"":""Sionna_5G_LDPC"",""power_protocol"":""fixed_constellation_average_Es2"",""precision"":""float32"",""rate_matching"":""Sionna RV0; filler removal, first2Z and tail puncturing; supported n only"",""scrambling"":""public_PCG64_SHA256_protocol_session_frame_group_counter_after_rate_matching_v1"",""torch"":""2.11.0+cu128"",""version"":""2.2.0""},""interleaver_sha256"":""4193f97bb9182bad044ad8b064abf53b105c7d93ec0aed1c809cbf3496c1ae9c"",""k"":1108,""k_filler"":36,""k_ldpc"":1144,""layout_id"":""4aa23d4ecc2ea1f53a5b09f7a0da6df79c5ff99e8cff84cd5c608f5e88d49459"",""modulation_padding_bits"":0,""mother_bits"":3536,""n"":1368,""n_cb"":3432,""n_cb_comp"":3396,""power_protocol"":""fixed_constellation_average_Es2"",""puncturing_bits"":2132,""puncturing_first_2Z"":104,""puncturing_remaining"":2028,""repetition_bits"":0,""scrambling"":""public_PCG64_SHA256_protocol_session_frame_group_counter_after_rate_matching_v1"",""shortening_bits"":36,""z"":52}",[1024]
QPSK,1/2,QPSK:r1/2,c6e2ea955449f149b4aa225bb5f187f640fa478ab64b65a2f89ce7835cb23cb0,360,16,0,376,480,104,2496,1096,548,0,0.34306569343065696,0.3284671532846715,"{""actual_effective_rate"":0.34306569343065696,""bg"":""bg2"",""bit_mapping"":""component_Gray_00_-3_01_-1_10_3_11_1_over_sqrt5;QPSK_0_plus1_1_minus1"",""code_blocks"":1,""decoder_config"":{""cn_schedule"":""flooding"",""cn_update"":""boxplus-phi"",""early_stop"":false,""hard_out"":true,""harq_mode"":false,""llr_max"":20.0,""num_iter"":20,""precision"":""single"",""prune_pcm"":true,""return_infobits"":true,""vn_update"":""sum""},""implementation"":{""bit_mapping"":""component_Gray_00_-3_01_-1_10_3_11_1_over_sqrt5;QPSK_0_plus1_1_minus1"",""cuda"":""12.8"",""decoder"":{""cn_schedule"":""flooding"",""cn_update"":""boxplus-phi"",""early_stop"":false,""hard_out"":true,""harq_mode"":false,""llr_max"":20.0,""num_iter"":20,""precision"":""single"",""prune_pcm"":true,""return_infobits"":true,""vn_update"":""sum""},""decoder_source_sha256"":""44d84b92b749e2970f94d92cd348a11648e2286b4d851faa0af8b21d08f0da23"",""encoder_source_sha256"":""34d8db6660b2e84708a8fb534f63c194f6f2b964e3693fcffc9dcaf21532ccfd"",""implementation"":""Sionna_5G_LDPC"",""power_protocol"":""fixed_constellation_average_Es2"",""precision"":""float32"",""rate_matching"":""Sionna RV0; filler removal, first2Z and tail puncturing; supported n only"",""scrambling"":""public_PCG64_SHA256_protocol_session_frame_group_counter_after_rate_matching_v1"",""torch"":""2.11.0+cu128"",""version"":""2.2.0""},""interleaver_sha256"":""2eeb4be3ea2f85848e166a9c89a175fef7fc664b05ae4adecc4620590a3bddca"",""k"":376,""k_filler"":104,""k_ldpc"":480,""layout_id"":""b15591fc7cae5ff9a6be62be881c5b34c7dea78d6322ccb6c2947f36bfe61d36"",""modulation_padding_bits"":0,""mother_bits"":2496,""n"":1096,""n_cb"":2400,""n_cb_comp"":2296,""power_protocol"":""fixed_constellation_average_Es2"",""puncturing_bits"":1296,""puncturing_first_2Z"":96,""puncturing_remaining"":1200,""repetition_bits"":0,""scrambling"":""public_PCG64_SHA256_protocol_session_frame_group_counter_after_rate_matching_v1"",""shortening_bits"":104,""z"":48}",[1024]
16QAM,5/6,16QAM:r5/6,c6e45b8c60ff64e0b15f549d4a1471a4f7de39baacf4691bc4529eadeb946228,2208,16,0,2224,2288,64,7072,3292,823,0,0.675577156743621,0.6707168894289186,"{""actual_effective_rate"":0.675577156743621,""bg"":""bg1"",""bit_mapping"":""component_Gray_00_-3_01_-1_10_3_11_1_over_sqrt5;QPSK_0_plus1_1_minus1"",""code_blocks"":1,""decoder_config"":{""cn_schedule"":""flooding"",""cn_update"":""boxplus-phi"",""early_stop"":false,""hard_out"":true,""harq_mode"":false,""llr_max"":20.0,""num_iter"":20,""precision"":""single"",""prune_pcm"":true,""return_infobits"":true,""vn_update"":""sum""},""implementation"":{""bit_mapping"":""component_Gray_00_-3_01_-1_10_3_11_1_over_sqrt5;QPSK_0_plus1_1_minus1"",""cuda"":""12.8"",""decoder"":{""cn_schedule"":""flooding"",""cn_update"":""boxplus-phi"",""early_stop"":false,""hard_out"":true,""harq_mode"":false,""llr_max"":20.0,""num_iter"":20,""precision"":""single"",""prune_pcm"":true,""return_infobits"":true,""vn_update"":""sum""},""decoder_source_sha256"":""44d84b92b749e2970f94d92cd348a11648e2286b4d851faa0af8b21d08f0da23"",""encoder_source_sha256"":""34d8db6660b2e84708a8fb534f63c194f6f2b964e3693fcffc9dcaf21532ccfd"",""implementation"":""Sionna_5G_LDPC"",""power_protocol"":""fixed_constellation_average_Es2"",""precision"":""float32"",""rate_matching"":""Sionna RV0; filler removal, first2Z and tail puncturing; supported n only"",""scrambling"":""public_PCG64_SHA256_protocol_session_frame_group_counter_after_rate_matching_v1"",""torch"":""2.11.0+cu128"",""version"":""2.2.0""},""interleaver_sha256"":""c7cfcb271fa54bce159517226fa00cc81c5d13555330ea463fd125e52f5e40b2"",""k"":2224,""k_filler"":64,""k_ldpc"":2288,""layout_id"":""de9353a11275a708f9979c2c0871f08d44cc61a0bc7782d577ae67c178790ab0"",""modulation_padding_bits"":0,""mother_bits"":7072,""n"":3292,""n_cb"":6864,""n_cb_comp"":6800,""power_protocol"":""fixed_constellation_average_Es2"",""puncturing_bits"":3716,""puncturing_first_2Z"":208,""puncturing_remaining"":3508,""repetition_bits"":0,""scrambling"":""public_PCG64_SHA256_protocol_session_frame_group_counter_after_rate_matching_v1"",""shortening_bits"":64,""z"":104}",[2048]
QPSK,5/6,QPSK:r5/6,c6f6a94588a711b7bf91c7d8fd13d473b2f37a86378470f4145862bf53db8f1a,660,16,0,676,720,44,3744,1234,617,0,0.5478119935170178,0.5348460291734197,"{""actual_effective_rate"":0.5478119935170178,""bg"":""bg2"",""bit_mapping"":""component_Gray_00_-3_01_-1_10_3_11_1_over_sqrt5;QPSK_0_plus1_1_minus1"",""code_blocks"":1,""decoder_config"":{""cn_schedule"":""flooding"",""cn_update"":""boxplus-phi"",""early_stop"":false,""hard_out"":true,""harq_mode"":false,""llr_max"":20.0,""num_iter"":20,""precision"":""single"",""prune_pcm"":true,""return_infobits"":true,""vn_update"":""sum""},""implementation"":{""bit_mapping"":""component_Gray_00_-3_01_-1_10_3_11_1_over_sqrt5;QPSK_0_plus1_1_minus1"",""cuda"":""12.8"",""decoder"":{""cn_schedule"":""flooding"",""cn_update"":""boxplus-phi"",""early_stop"":false,""hard_out"":true,""harq_mode"":false,""llr_max"":20.0,""num_iter"":20,""precision"":""single"",""prune_pcm"":true,""return_infobits"":true,""vn_update"":""sum""},""decoder_source_sha256"":""44d84b92b749e2970f94d92cd348a11648e2286b4d851faa0af8b21d08f0da23"",""encoder_source_sha256"":""34d8db6660b2e84708a8fb534f63c194f6f2b964e3693fcffc9dcaf21532ccfd"",""implementation"":""Sionna_5G_LDPC"",""power_protocol"":""fixed_constellation_average_Es2"",""precision"":""float32"",""rate_matching"":""Sionna RV0; filler removal, first2Z and tail puncturing; supported n only"",""scrambling"":""public_PCG64_SHA256_protocol_session_frame_group_counter_after_rate_matching_v1"",""torch"":""2.11.0+cu128"",""version"":""2.2.0""},""interleaver_sha256"":""f9dc5f3a95238bad3242a5915ed81bf3d726092d910fc5656be516937ff7237f"",""k"":676,""k_filler"":44,""k_ldpc"":720,""layout_id"":""5be726fbcbe2180aecc8de4d70151dec5e86931efb7db28a88ec78d334eb7174"",""modulation_padding_bits"":0,""mother_bits"":3744,""n"":1234,""n_cb"":3600,""n_cb_comp"":3556,""power_protocol"":""fixed_constellation_average_Es2"",""puncturing_bits"":2466,""puncturing_first_2Z"":144,""puncturing_remaining"":2322,""repetition_bits"":0,""scrambling"":""public_PCG64_SHA256_protocol_session_frame_group_counter_after_rate_matching_v1"",""shortening_bits"":44,""z"":72}",[1024]
16QAM,5/6,16QAM:r5/6,c6f7c1fff4202f04aa74209eecdda29c68f8dc2fc1def471e42fde3b28057349,3996,16,0,4012,4224,212,13056,5884,1471,0,0.681849082256968,0.6791298436437797,"{""actual_effective_rate"":0.681849082256968,""bg"":""bg1"",""bit_mapping"":""component_Gray_00_-3_01_-1_10_3_11_1_over_sqrt5;QPSK_0_plus1_1_minus1"",""code_blocks"":1,""decoder_config"":{""cn_schedule"":""flooding"",""cn_update"":""boxplus-phi"",""early_stop"":false,""hard_out"":true,""harq_mode"":false,""llr_max"":20.0,""num_iter"":20,""precision"":""single"",""prune_pcm"":true,""return_infobits"":true,""vn_update"":""sum""},""implementation"":{""bit_mapping"":""component_Gray_00_-3_01_-1_10_3_11_1_over_sqrt5;QPSK_0_plus1_1_minus1"",""cuda"":""12.8"",""decoder"":{""cn_schedule"":""flooding"",""cn_update"":""boxplus-phi"",""early_stop"":false,""hard_out"":true,""harq_mode"":false,""llr_max"":20.0,""num_iter"":20,""precision"":""single"",""prune_pcm"":true,""return_infobits"":true,""vn_update"":""sum""},""decoder_source_sha256"":""44d84b92b749e2970f94d92cd348a11648e2286b4d851faa0af8b21d08f0da23"",""encoder_source_sha256"":""34d8db6660b2e84708a8fb534f63c194f6f2b964e3693fcffc9dcaf21532ccfd"",""implementation"":""Sionna_5G_LDPC"",""power_protocol"":""fixed_constellation_average_Es2"",""precision"":""float32"",""rate_matching"":""Sionna RV0; filler removal, first2Z and tail puncturing; supported n only"",""scrambling"":""public_PCG64_SHA256_protocol_session_frame_group_counter_after_rate_matching_v1"",""torch"":""2.11.0+cu128"",""version"":""2.2.0""},""interleaver_sha256"":""bfb209b8c5d66cbe56f3c4c9d6dcd83d98052e78b18b4f41cbdc0a3ccd83664b"",""k"":4012,""k_filler"":212,""k_ldpc"":4224,""layout_id"":""8c61a4c4bbda78af840807468820014d200931bdcf31898ff52f2529076a9c71"",""modulation_padding_bits"":0,""mother_bits"":13056,""n"":5884,""n_cb"":12672,""n_cb_comp"":12460,""power_protocol"":""fixed_constellation_average_Es2"",""puncturing_bits"":6960,""puncturing_first_2Z"":384,""puncturing_remaining"":6576,""repetition_bits"":0,""scrambling"":""public_PCG64_SHA256_protocol_session_frame_group_counter_after_rate_matching_v1"",""shortening_bits"":212,""z"":192}",[2048]
16QAM,2/3,16QAM:r2/3,c6fe429296d8683e5a2877c1df7f5b2d62965f4fc94585f4cee2198662507f76,624,16,0,640,720,80,3744,960,240,0,0.6666666666666666,0.65,"{""actual_effective_rate"":0.6666666666666666,""bg"":""bg2"",""bit_mapping"":""component_Gray_00_-3_01_-1_10_3_11_1_over_sqrt5;QPSK_0_plus1_1_minus1"",""code_blocks"":1,""decoder_config"":{""cn_schedule"":""flooding"",""cn_update"":""boxplus-phi"",""early_stop"":false,""hard_out"":true,""harq_mode"":false,""llr_max"":20.0,""num_iter"":20,""precision"":""single"",""prune_pcm"":true,""return_infobits"":true,""vn_update"":""sum""},""implementation"":{""bit_mapping"":""component_Gray_00_-3_01_-1_10_3_11_1_over_sqrt5;QPSK_0_plus1_1_minus1"",""cuda"":""12.8"",""decoder"":{""cn_schedule"":""flooding"",""cn_update"":""boxplus-phi"",""early_stop"":false,""hard_out"":true,""harq_mode"":false,""llr_max"":20.0,""num_iter"":20,""precision"":""single"",""prune_pcm"":true,""return_infobits"":true,""vn_update"":""sum""},""decoder_source_sha256"":""44d84b92b749e2970f94d92cd348a11648e2286b4d851faa0af8b21d08f0da23"",""encoder_source_sha256"":""34d8db6660b2e84708a8fb534f63c194f6f2b964e3693fcffc9dcaf21532ccfd"",""implementation"":""Sionna_5G_LDPC"",""power_protocol"":""fixed_constellation_average_Es2"",""precision"":""float32"",""rate_matching"":""Sionna RV0; filler removal, first2Z and tail puncturing; supported n only"",""scrambling"":""public_PCG64_SHA256_protocol_session_frame_group_counter_after_rate_matching_v1"",""torch"":""2.11.0+cu128"",""version"":""2.2.0""},""interleaver_sha256"":""c11ab541c2737219a631458af1e58ec6d1ef8881c92d3e4569fe14b3e6729caa"",""k"":640,""k_filler"":80,""k_ldpc"":720,""layout_id"":""28c370becad836d109726c45b6ec63294b46f447e3076a383e10200d6d718a31"",""modulation_padding_bits"":0,""mother_bits"":3744,""n"":960,""n_cb"":3600,""n_cb_comp"":3520,""power_protocol"":""fixed_constellation_average_Es2"",""puncturing_bits"":2704,""puncturing_first_2Z"":144,""puncturing_remaining"":2560,""repetition_bits"":0,""scrambling"":""public_PCG64_SHA256_protocol_session_frame_group_counter_after_rate_matching_v1"",""shortening_bits"":80,""z"":72}","[1024,2048]"
QPSK,5/6,QPSK:r5/6,c708d44acb39381d6df43b74ec0022bc650bffeced39cac9f6fa6b90c82b6a01,300,16,0,316,400,84,2080,522,261,0,0.6053639846743295,0.5747126436781609,"{""actual_effective_rate"":0.6053639846743295,""bg"":""bg2"",""bit_mapping"":""component_Gray_00_-3_01_-1_10_3_11_1_over_sqrt5;QPSK_0_plus1_1_minus1"",""code_blocks"":1,""decoder_config"":{""cn_schedule"":""flooding"",""cn_update"":""boxplus-phi"",""early_stop"":false,""hard_out"":true,""harq_mode"":false,""llr_max"":20.0,""num_iter"":20,""precision"":""single"",""prune_pcm"":true,""return_infobits"":true,""vn_update"":""sum""},""implementation"":{""bit_mapping"":""component_Gray_00_-3_01_-1_10_3_11_1_over_sqrt5;QPSK_0_plus1_1_minus1"",""cuda"":""12.8"",""decoder"":{""cn_schedule"":""flooding"",""cn_update"":""boxplus-phi"",""early_stop"":false,""hard_out"":true,""harq_mode"":false,""llr_max"":20.0,""num_iter"":20,""precision"":""single"",""prune_pcm"":true,""return_infobits"":true,""vn_update"":""sum""},""decoder_source_sha256"":""44d84b92b749e2970f94d92cd348a11648e2286b4d851faa0af8b21d08f0da23"",""encoder_source_sha256"":""34d8db6660b2e84708a8fb534f63c194f6f2b964e3693fcffc9dcaf21532ccfd"",""implementation"":""Sionna_5G_LDPC"",""power_protocol"":""fixed_constellation_average_Es2"",""precision"":""float32"",""rate_matching"":""Sionna RV0; filler removal, first2Z and tail puncturing; supported n only"",""scrambling"":""public_PCG64_SHA256_protocol_session_frame_group_counter_after_rate_matching_v1"",""torch"":""2.11.0+cu128"",""version"":""2.2.0""},""interleaver_sha256"":""4d462b75fc34cd85bc81209521c141aa7890d8b5bfa76bed612caf20e0115ac8"",""k"":316,""k_filler"":84,""k_ldpc"":400,""layout_id"":""133e0bafa8d9b4ebc94f3531dc26f052ef7e9c27d3cbb0de4b92e4a1f9408806"",""modulation_padding_bits"":0,""mother_bits"":2080,""n"":522,""n_cb"":2000,""n_cb_comp"":1916,""power_protocol"":""fixed_constellation_average_Es2"",""puncturing_bits"":1474,""puncturing_first_2Z"":80,""puncturing_remaining"":1394,""repetition_bits"":0,""scrambling"":""public_PCG64_SHA256_protocol_session_frame_group_counter_after_rate_matching_v1"",""shortening_bits"":84,""z"":40}",[2048]
16QAM,1/2,16QAM:r1/2,c7100831b1179936ecb8b335f8308b757be12e12cce480aa72c319540f821e16,516,16,0,532,720,188,3744,1964,491,0,0.2708757637474542,0.26272912423625255,"{""actual_effective_rate"":0.2708757637474542,""bg"":""bg2"",""bit_mapping"":""component_Gray_00_-3_01_-1_10_3_11_1_over_sqrt5;QPSK_0_plus1_1_minus1"",""code_blocks"":1,""decoder_config"":{""cn_schedule"":""flooding"",""cn_update"":""boxplus-phi"",""early_stop"":false,""hard_out"":true,""harq_mode"":false,""llr_max"":20.0,""num_iter"":20,""precision"":""single"",""prune_pcm"":true,""return_infobits"":true,""vn_update"":""sum""},""implementation"":{""bit_mapping"":""component_Gray_00_-3_01_-1_10_3_11_1_over_sqrt5;QPSK_0_plus1_1_minus1"",""cuda"":""12.8"",""decoder"":{""cn_schedule"":""flooding"",""cn_update"":""boxplus-phi"",""early_stop"":false,""hard_out"":true,""harq_mode"":false,""llr_max"":20.0,""num_iter"":20,""precision"":""single"",""prune_pcm"":true,""return_infobits"":true,""vn_update"":""sum""},""decoder_source_sha256"":""44d84b92b749e2970f94d92cd348a11648e2286b4d851faa0af8b21d08f0da23"",""encoder_source_sha256"":""34d8db6660b2e84708a8fb534f63c194f6f2b964e3693fcffc9dcaf21532ccfd"",""implementation"":""Sionna_5G_LDPC"",""power_protocol"":""fixed_constellation_average_Es2"",""precision"":""float32"",""rate_matching"":""Sionna RV0; filler removal, first2Z and tail puncturing; supported n only"",""scrambling"":""public_PCG64_SHA256_protocol_session_frame_group_counter_after_rate_matching_v1"",""torch"":""2.11.0+cu128"",""version"":""2.2.0""},""interleaver_sha256"":""b1efd8556d47294e3ac578b461350e47152c87eef2087a6150e82c66aba8f81b"",""k"":532,""k_filler"":188,""k_ldpc"":720,""layout_id"":""061603bc4217f50df2b4bf4006ce6584b14da22cbbb6b8ea7ecc88f1d9130387"",""modulation_padding_bits"":0,""mother_bits"":3744,""n"":1964,""n_cb"":3600,""n_cb_comp"":3412,""power_protocol"":""fixed_constellation_average_Es2"",""puncturing_bits"":1592,""puncturing_first_2Z"":144,""puncturing_remaining"":1448,""repetition_bits"":0,""scrambling"":""public_PCG64_SHA256_protocol_session_frame_group_counter_after_rate_matching_v1"",""shortening_bits"":188,""z"":72}",[1024]
QPSK,5/6,QPSK:r5/6,c715c93df1f12a9fbba6c58c58fd8b2c062c0b0c028b6e2c520cac288c3c2639,660,16,0,676,704,28,2176,858,429,0,0.7878787878787878,0.7692307692307693,"{""actual_effective_rate"":0.7878787878787878,""bg"":""bg1"",""bit_mapping"":""component_Gray_00_-3_01_-1_10_3_11_1_over_sqrt5;QPSK_0_plus1_1_minus1"",""code_blocks"":1,""decoder_config"":{""cn_schedule"":""flooding"",""cn_update"":""boxplus-phi"",""early_stop"":false,""hard_out"":true,""harq_mode"":false,""llr_max"":20.0,""num_iter"":20,""precision"":""single"",""prune_pcm"":true,""return_infobits"":true,""vn_update"":""sum""},""implementation"":{""bit_mapping"":""component_Gray_00_-3_01_-1_10_3_11_1_over_sqrt5;QPSK_0_plus1_1_minus1"",""cuda"":""12.8"",""decoder"":{""cn_schedule"":""flooding"",""cn_update"":""boxplus-phi"",""early_stop"":false,""hard_out"":true,""harq_mode"":false,""llr_max"":20.0,""num_iter"":20,""precision"":""single"",""prune_pcm"":true,""return_infobits"":true,""vn_update"":""sum""},""decoder_source_sha256"":""44d84b92b749e2970f94d92cd348a11648e2286b4d851faa0af8b21d08f0da23"",""encoder_source_sha256"":""34d8db6660b2e84708a8fb534f63c194f6f2b964e3693fcffc9dcaf21532ccfd"",""implementation"":""Sionna_5G_LDPC"",""power_protocol"":""fixed_constellation_average_Es2"",""precision"":""float32"",""rate_matching"":""Sionna RV0; filler removal, first2Z and tail puncturing; supported n only"",""scrambling"":""public_PCG64_SHA256_protocol_session_frame_group_counter_after_rate_matching_v1"",""torch"":""2.11.0+cu128"",""version"":""2.2.0""},""interleaver_sha256"":""49b116fb13bf0c7258fcbee647bd5b38ae13b33b6681260352d0d4e47e54a12c"",""k"":676,""k_filler"":28,""k_ldpc"":704,""layout_id"":""8ad4a38dfd06938adf8c893a7054c63c4f4ef066595499be594f55b33af7cfc8"",""modulation_padding_bits"":0,""mother_bits"":2176,""n"":858,""n_cb"":2112,""n_cb_comp"":2084,""power_protocol"":""fixed_constellation_average_Es2"",""puncturing_bits"":1290,""puncturing_first_2Z"":64,""puncturing_remaining"":1226,""repetition_bits"":0,""scrambling"":""public_PCG64_SHA256_protocol_session_frame_group_counter_after_rate_matching_v1"",""shortening_bits"":28,""z"":32}",[1024]
QPSK,5/6,QPSK:r5/6,c71f75fc1cbf12eec912a662dbf1238481946529165993d6ffd0ade3d5e96e41,1116,16,0,1132,1144,12,3536,1434,717,0,0.7894002789400278,0.7782426778242678,"{""actual_effective_rate"":0.7894002789400278,""bg"":""bg1"",""bit_mapping"":""component_Gray_00_-3_01_-1_10_3_11_1_over_sqrt5;QPSK_0_plus1_1_minus1"",""code_blocks"":1,""decoder_config"":{""cn_schedule"":""flooding"",""cn_update"":""boxplus-phi"",""early_stop"":false,""hard_out"":true,""harq_mode"":false,""llr_max"":20.0,""num_iter"":20,""precision"":""single"",""prune_pcm"":true,""return_infobits"":true,""vn_update"":""sum""},""implementation"":{""bit_mapping"":""component_Gray_00_-3_01_-1_10_3_11_1_over_sqrt5;QPSK_0_plus1_1_minus1"",""cuda"":""12.8"",""decoder"":{""cn_schedule"":""flooding"",""cn_update"":""boxplus-phi"",""early_stop"":false,""hard_out"":true,""harq_mode"":false,""llr_max"":20.0,""num_iter"":20,""precision"":""single"",""prune_pcm"":true,""return_infobits"":true,""vn_update"":""sum""},""decoder_source_sha256"":""44d84b92b749e2970f94d92cd348a11648e2286b4d851faa0af8b21d08f0da23"",""encoder_source_sha256"":""34d8db6660b2e84708a8fb534f63c194f6f2b964e3693fcffc9dcaf21532ccfd"",""implementation"":""Sionna_5G_LDPC"",""power_protocol"":""fixed_constellation_average_Es2"",""precision"":""float32"",""rate_matching"":""Sionna RV0; filler removal, first2Z and tail puncturing; supported n only"",""scrambling"":""public_PCG64_SHA256_protocol_session_frame_group_counter_after_rate_matching_v1"",""torch"":""2.11.0+cu128"",""version"":""2.2.0""},""interleaver_sha256"":""0de363cd503f15c5978d085c66167ebde443b622af3a05887296422707e81245"",""k"":1132,""k_filler"":12,""k_ldpc"":1144,""layout_id"":""0e6b92477fcd8f77aea002614a85b331255196071f13b6e9d520b42e22703771"",""modulation_padding_bits"":0,""mother_bits"":3536,""n"":1434,""n_cb"":3432,""n_cb_comp"":3420,""power_protocol"":""fixed_constellation_average_Es2"",""puncturing_bits"":2090,""puncturing_first_2Z"":104,""puncturing_remaining"":1986,""repetition_bits"":0,""scrambling"":""public_PCG64_SHA256_protocol_session_frame_group_counter_after_rate_matching_v1"",""shortening_bits"":12,""z"":52}",[1024]
QPSK,1/2,QPSK:r1/2,c7399a25051dcf15b4b5b00cac5df59ee92b1f62b9cc57bdb832e3934ecfc800,1068,16,0,1084,1120,36,5824,2860,1430,0,0.37902097902097903,0.3734265734265734,"{""actual_effective_rate"":0.37902097902097903,""bg"":""bg2"",""bit_mapping"":""component_Gray_00_-3_01_-1_10_3_11_1_over_sqrt5;QPSK_0_plus1_1_minus1"",""code_blocks"":1,""decoder_config"":{""cn_schedule"":""flooding"",""cn_update"":""boxplus-phi"",""early_stop"":false,""hard_out"":true,""harq_mode"":false,""llr_max"":20.0,""num_iter"":20,""precision"":""single"",""prune_pcm"":true,""return_infobits"":true,""vn_update"":""sum""},""implementation"":{""bit_mapping"":""component_Gray_00_-3_01_-1_10_3_11_1_over_sqrt5;QPSK_0_plus1_1_minus1"",""cuda"":""12.8"",""decoder"":{""cn_schedule"":""flooding"",""cn_update"":""boxplus-phi"",""early_stop"":false,""hard_out"":true,""harq_mode"":false,""llr_max"":20.0,""num_iter"":20,""precision"":""single"",""prune_pcm"":true,""return_infobits"":true,""vn_update"":""sum""},""decoder_source_sha256"":""44d84b92b749e2970f94d92cd348a11648e2286b4d851faa0af8b21d08f0da23"",""encoder_source_sha256"":""34d8db6660b2e84708a8fb534f63c194f6f2b964e3693fcffc9dcaf21532ccfd"",""implementation"":""Sionna_5G_LDPC"",""power_protocol"":""fixed_constellation_average_Es2"",""precision"":""float32"",""rate_matching"":""Sionna RV0; filler removal, first2Z and tail puncturing; supported n only"",""scrambling"":""public_PCG64_SHA256_protocol_session_frame_group_counter_after_rate_matching_v1"",""torch"":""2.11.0+cu128"",""version"":""2.2.0""},""interleaver_sha256"":""8adab9c8446d11bfeb0ad3c007f1b356e893d4c5eb9567af2ee8330aff2b8e7c"",""k"":1084,""k_filler"":36,""k_ldpc"":1120,""layout_id"":""5a67a83095fb4f97d51f1b620c601b546bd0830f92cc6c2e4f6179e3334998dd"",""modulation_padding_bits"":0,""mother_bits"":5824,""n"":2860,""n_cb"":5600,""n_cb_comp"":5564,""power_protocol"":""fixed_constellation_average_Es2"",""puncturing_bits"":2928,""puncturing_first_2Z"":224,""puncturing_remaining"":2704,""repetition_bits"":0,""scrambling"":""public_PCG64_SHA256_protocol_session_frame_group_counter_after_rate_matching_v1"",""shortening_bits"":36,""z"":112}",[2048]
16QAM,5/6,16QAM:r5/6,c73d727b9039a606af40706417764509a4b4b1b18c05022be49794ccf854f6ed,696,16,0,712,792,80,2448,856,214,0,0.8317757009345794,0.8130841121495327,"{""actual_effective_rate"":0.8317757009345794,""bg"":""bg1"",""bit_mapping"":""component_Gray_00_-3_01_-1_10_3_11_1_over_sqrt5;QPSK_0_plus1_1_minus1"",""code_blocks"":1,""decoder_config"":{""cn_schedule"":""flooding"",""cn_update"":""boxplus-phi"",""early_stop"":false,""hard_out"":true,""harq_mode"":false,""llr_max"":20.0,""num_iter"":20,""precision"":""single"",""prune_pcm"":true,""return_infobits"":true,""vn_update"":""sum""},""implementation"":{""bit_mapping"":""component_Gray_00_-3_01_-1_10_3_11_1_over_sqrt5;QPSK_0_plus1_1_minus1"",""cuda"":""12.8"",""decoder"":{""cn_schedule"":""flooding"",""cn_update"":""boxplus-phi"",""early_stop"":false,""hard_out"":true,""harq_mode"":false,""llr_max"":20.0,""num_iter"":20,""precision"":""single"",""prune_pcm"":true,""return_infobits"":true,""vn_update"":""sum""},""decoder_source_sha256"":""44d84b92b749e2970f94d92cd348a11648e2286b4d851faa0af8b21d08f0da23"",""encoder_source_sha256"":""34d8db6660b2e84708a8fb534f63c194f6f2b964e3693fcffc9dcaf21532ccfd"",""implementation"":""Sionna_5G_LDPC"",""power_protocol"":""fixed_constellation_average_Es2"",""precision"":""float32"",""rate_matching"":""Sionna RV0; filler removal, first2Z and tail puncturing; supported n only"",""scrambling"":""public_PCG64_SHA256_protocol_session_frame_group_counter_after_rate_matching_v1"",""torch"":""2.11.0+cu128"",""version"":""2.2.0""},""interleaver_sha256"":""11dbef0d163ae13afa3e4cbd9cf1d336240eae6d804b405a0844cc5832e25eb9"",""k"":712,""k_filler"":80,""k_ldpc"":792,""layout_id"":""c834bee6920c6163a4d42676e2612211e94ac68ef447a0a6d3a8daa9f57b04cf"",""modulation_padding_bits"":0,""mother_bits"":2448,""n"":856,""n_cb"":2376,""n_cb_comp"":2296,""power_protocol"":""fixed_constellation_average_Es2"",""puncturing_bits"":1512,""puncturing_first_2Z"":72,""puncturing_remaining"":1440,""repetition_bits"":0,""scrambling"":""public_PCG64_SHA256_protocol_session_frame_group_counter_after_rate_matching_v1"",""shortening_bits"":80,""z"":36}",[1024]
16QAM,2/3,16QAM:r2/3,c749299a07fde46a265b2e1cb1c03a30881190278b3a2ae5c96dd4c2cfdc8c30,2100,16,0,2116,2240,124,11648,5240,1310,0,0.40381679389312974,0.40076335877862596,"{""actual_effective_rate"":0.40381679389312974,""bg"":""bg2"",""bit_mapping"":""component_Gray_00_-3_01_-1_10_3_11_1_over_sqrt5;QPSK_0_plus1_1_minus1"",""code_blocks"":1,""decoder_config"":{""cn_schedule"":""flooding"",""cn_update"":""boxplus-phi"",""early_stop"":false,""hard_out"":true,""harq_mode"":false,""llr_max"":20.0,""num_iter"":20,""precision"":""single"",""prune_pcm"":true,""return_infobits"":true,""vn_update"":""sum""},""implementation"":{""bit_mapping"":""component_Gray_00_-3_01_-1_10_3_11_1_over_sqrt5;QPSK_0_plus1_1_minus1"",""cuda"":""12.8"",""decoder"":{""cn_schedule"":""flooding"",""cn_update"":""boxplus-phi"",""early_stop"":false,""hard_out"":true,""harq_mode"":false,""llr_max"":20.0,""num_iter"":20,""precision"":""single"",""prune_pcm"":true,""return_infobits"":true,""vn_update"":""sum""},""decoder_source_sha256"":""44d84b92b749e2970f94d92cd348a11648e2286b4d851faa0af8b21d08f0da23"",""encoder_source_sha256"":""34d8db6660b2e84708a8fb534f63c194f6f2b964e3693fcffc9dcaf21532ccfd"",""implementation"":""Sionna_5G_LDPC"",""power_protocol"":""fixed_constellation_average_Es2"",""precision"":""float32"",""rate_matching"":""Sionna RV0; filler removal, first2Z and tail puncturing; supported n only"",""scrambling"":""public_PCG64_SHA256_protocol_session_frame_group_counter_after_rate_matching_v1"",""torch"":""2.11.0+cu128"",""version"":""2.2.0""},""interleaver_sha256"":""9cef0d1a6cec9bb0c9ef12e5b93e54d3c3c12f7d56052f6fbf734d71fadcb4ba"",""k"":2116,""k_filler"":124,""k_ldpc"":2240,""layout_id"":""665e18aec66f1590ba27e946e1b4cf1f42859b6797109db5d2b91bf0d3570397"",""modulation_padding_bits"":0,""mother_bits"":11648,""n"":5240,""n_cb"":11200,""n_cb_comp"":11076,""power_protocol"":""fixed_constellation_average_Es2"",""puncturing_bits"":6284,""puncturing_first_2Z"":448,""puncturing_remaining"":5836,""repetition_bits"":0,""scrambling"":""public_PCG64_SHA256_protocol_session_frame_group_counter_after_rate_matching_v1"",""shortening_bits"":124,""z"":224}",[2048]
QPSK,1/2,QPSK:r1/2,c7494615e1808ad396cf54d43144a37daab1fca45bd9a95f24a3f091053fe17b,300,16,0,316,400,84,2080,866,433,0,0.3648960739030023,0.3464203233256351,"{""actual_effective_rate"":0.3648960739030023,""bg"":""bg2"",""bit_mapping"":""component_Gray_00_-3_01_-1_10_3_11_1_over_sqrt5;QPSK_0_plus1_1_minus1"",""code_blocks"":1,""decoder_config"":{""cn_schedule"":""flooding"",""cn_update"":""boxplus-phi"",""early_stop"":false,""hard_out"":true,""harq_mode"":false,""llr_max"":20.0,""num_iter"":20,""precision"":""single"",""prune_pcm"":true,""return_infobits"":true,""vn_update"":""sum""},""implementation"":{""bit_mapping"":""component_Gray_00_-3_01_-1_10_3_11_1_over_sqrt5;QPSK_0_plus1_1_minus1"",""cuda"":""12.8"",""decoder"":{""cn_schedule"":""flooding"",""cn_update"":""boxplus-phi"",""early_stop"":false,""hard_out"":true,""harq_mode"":false,""llr_max"":20.0,""num_iter"":20,""precision"":""single"",""prune_pcm"":true,""return_infobits"":true,""vn_update"":""sum""},""decoder_source_sha256"":""44d84b92b749e2970f94d92cd348a11648e2286b4d851faa0af8b21d08f0da23"",""encoder_source_sha256"":""34d8db6660b2e84708a8fb534f63c194f6f2b964e3693fcffc9dcaf21532ccfd"",""implementation"":""Sionna_5G_LDPC"",""power_protocol"":""fixed_constellation_average_Es2"",""precision"":""float32"",""rate_matching"":""Sionna RV0; filler removal, first2Z and tail puncturing; supported n only"",""scrambling"":""public_PCG64_SHA256_protocol_session_frame_group_counter_after_rate_matching_v1"",""torch"":""2.11.0+cu128"",""version"":""2.2.0""},""interleaver_sha256"":""606349ddbe1f19cc2c6ccb35cf01567986e8baeda4b00ae18af55cde3018b3b3"",""k"":316,""k_filler"":84,""k_ldpc"":400,""layout_id"":""3984d0e3c283f68a59a6d1a0a5b04bce10d92f2714339c8aa166d2b0d8ea481e"",""modulation_padding_bits"":0,""mother_bits"":2080,""n"":866,""n_cb"":2000,""n_cb_comp"":1916,""power_protocol"":""fixed_constellation_average_Es2"",""puncturing_bits"":1130,""puncturing_first_2Z"":80,""puncturing_remaining"":1050,""repetition_bits"":0,""scrambling"":""public_PCG64_SHA256_protocol_session_frame_group_counter_after_rate_matching_v1"",""shortening_bits"":84,""z"":40}",[2048]
QPSK,5/6,QPSK:r5/6,c74ab8c50c533be950897e0f72eae4b789f7046d91dc2076511e9679a7881412,648,16,0,664,704,40,2176,798,399,0,0.8320802005012531,0.8120300751879699,"{""actual_effective_rate"":0.8320802005012531,""bg"":""bg1"",""bit_mapping"":""component_Gray_00_-3_01_-1_10_3_11_1_over_sqrt5;QPSK_0_plus1_1_minus1"",""code_blocks"":1,""decoder_config"":{""cn_schedule"":""flooding"",""cn_update"":""boxplus-phi"",""early_stop"":false,""hard_out"":true,""harq_mode"":false,""llr_max"":20.0,""num_iter"":20,""precision"":""single"",""prune_pcm"":true,""return_infobits"":true,""vn_update"":""sum""},""implementation"":{""bit_mapping"":""component_Gray_00_-3_01_-1_10_3_11_1_over_sqrt5;QPSK_0_plus1_1_minus1"",""cuda"":""12.8"",""decoder"":{""cn_schedule"":""flooding"",""cn_update"":""boxplus-phi"",""early_stop"":false,""hard_out"":true,""harq_mode"":false,""llr_max"":20.0,""num_iter"":20,""precision"":""single"",""prune_pcm"":true,""return_infobits"":true,""vn_update"":""sum""},""decoder_source_sha256"":""44d84b92b749e2970f94d92cd348a11648e2286b4d851faa0af8b21d08f0da23"",""encoder_source_sha256"":""34d8db6660b2e84708a8fb534f63c194f6f2b964e3693fcffc9dcaf21532ccfd"",""implementation"":""Sionna_5G_LDPC"",""power_protocol"":""fixed_constellation_average_Es2"",""precision"":""float32"",""rate_matching"":""Sionna RV0; filler removal, first2Z and tail puncturing; supported n only"",""scrambling"":""public_PCG64_SHA256_protocol_session_frame_group_counter_after_rate_matching_v1"",""torch"":""2.11.0+cu128"",""version"":""2.2.0""},""interleaver_sha256"":""5d2aa0077f89abd47708f076208f44681df0e7e595ed7ab23a4b0e4407093b8f"",""k"":664,""k_filler"":40,""k_ldpc"":704,""layout_id"":""9eb39aea0cc5c2b6cdb016e1f6818d81358d8dbd1d24d887952bf2abbb03ca7b"",""modulation_padding_bits"":0,""mother_bits"":2176,""n"":798,""n_cb"":2112,""n_cb_comp"":2072,""power_protocol"":""fixed_constellation_average_Es2"",""puncturing_bits"":1338,""puncturing_first_2Z"":64,""puncturing_remaining"":1274,""repetition_bits"":0,""scrambling"":""public_PCG64_SHA256_protocol_session_frame_group_counter_after_rate_matching_v1"",""shortening_bits"":40,""z"":32}",[1024]
QPSK,1/3,QPSK:r1/3,c75c89e0f2a0f21e1070862125c6191f62951bd5d3f15561914a1fb25106e20a,660,16,0,676,720,44,3744,2466,1233,0,0.27412814274128144,0.26763990267639903,"{""actual_effective_rate"":0.27412814274128144,""bg"":""bg2"",""bit_mapping"":""component_Gray_00_-3_01_-1_10_3_11_1_over_sqrt5;QPSK_0_plus1_1_minus1"",""code_blocks"":1,""decoder_config"":{""cn_schedule"":""flooding"",""cn_update"":""boxplus-phi"",""early_stop"":false,""hard_out"":true,""harq_mode"":false,""llr_max"":20.0,""num_iter"":20,""precision"":""single"",""prune_pcm"":true,""return_infobits"":true,""vn_update"":""sum""},""implementation"":{""bit_mapping"":""component_Gray_00_-3_01_-1_10_3_11_1_over_sqrt5;QPSK_0_plus1_1_minus1"",""cuda"":""12.8"",""decoder"":{""cn_schedule"":""flooding"",""cn_update"":""boxplus-phi"",""early_stop"":false,""hard_out"":true,""harq_mode"":false,""llr_max"":20.0,""num_iter"":20,""precision"":""single"",""prune_pcm"":true,""return_infobits"":true,""vn_update"":""sum""},""decoder_source_sha256"":""44d84b92b749e2970f94d92cd348a11648e2286b4d851faa0af8b21d08f0da23"",""encoder_source_sha256"":""34d8db6660b2e84708a8fb534f63c194f6f2b964e3693fcffc9dcaf21532ccfd"",""implementation"":""Sionna_5G_LDPC"",""power_protocol"":""fixed_constellation_average_Es2"",""precision"":""float32"",""rate_matching"":""Sionna RV0; filler removal, first2Z and tail puncturing; supported n only"",""scrambling"":""public_PCG64_SHA256_protocol_session_frame_group_counter_after_rate_matching_v1"",""torch"":""2.11.0+cu128"",""version"":""2.2.0""},""interleaver_sha256"":""501261550742bdae2100ecdd83a83541ed5aa24ceec80378713a56ef458a3cc8"",""k"":676,""k_filler"":44,""k_ldpc"":720,""layout_id"":""cfc633a1fcf22c43b903b80f38634d9656ddf3e6a6a7bc2a83da1a70a88a4365"",""modulation_padding_bits"":0,""mother_bits"":3744,""n"":2466,""n_cb"":3600,""n_cb_comp"":3556,""power_protocol"":""fixed_constellation_average_Es2"",""puncturing_bits"":1234,""puncturing_first_2Z"":144,""puncturing_remaining"":1090,""repetition_bits"":0,""scrambling"":""public_PCG64_SHA256_protocol_session_frame_group_counter_after_rate_matching_v1"",""shortening_bits"":44,""z"":72}",[2048]
QPSK,1/3,QPSK:r1/3,c76b2f8238c33c451be66390b101cf55dbf05e12f91eb0b20c6433b9d7c9d72e,1068,16,0,1084,1120,36,5824,3286,1643,0,0.32988435788192333,0.32501521606816797,"{""actual_effective_rate"":0.32988435788192333,""bg"":""bg2"",""bit_mapping"":""component_Gray_00_-3_01_-1_10_3_11_1_over_sqrt5;QPSK_0_plus1_1_minus1"",""code_blocks"":1,""decoder_config"":{""cn_schedule"":""flooding"",""cn_update"":""boxplus-phi"",""early_stop"":false,""hard_out"":true,""harq_mode"":false,""llr_max"":20.0,""num_iter"":20,""precision"":""single"",""prune_pcm"":true,""return_infobits"":true,""vn_update"":""sum""},""implementation"":{""bit_mapping"":""component_Gray_00_-3_01_-1_10_3_11_1_over_sqrt5;QPSK_0_plus1_1_minus1"",""cuda"":""12.8"",""decoder"":{""cn_schedule"":""flooding"",""cn_update"":""boxplus-phi"",""early_stop"":false,""hard_out"":true,""harq_mode"":false,""llr_max"":20.0,""num_iter"":20,""precision"":""single"",""prune_pcm"":true,""return_infobits"":true,""vn_update"":""sum""},""decoder_source_sha256"":""44d84b92b749e2970f94d92cd348a11648e2286b4d851faa0af8b21d08f0da23"",""encoder_source_sha256"":""34d8db6660b2e84708a8fb534f63c194f6f2b964e3693fcffc9dcaf21532ccfd"",""implementation"":""Sionna_5G_LDPC"",""power_protocol"":""fixed_constellation_average_Es2"",""precision"":""float32"",""rate_matching"":""Sionna RV0; filler removal, first2Z and tail puncturing; supported n only"",""scrambling"":""public_PCG64_SHA256_protocol_session_frame_group_counter_after_rate_matching_v1"",""torch"":""2.11.0+cu128"",""version"":""2.2.0""},""interleaver_sha256"":""cbac7313cffb59b723544450eb1aa0c2e590f2ff79682caf059d6e4ddc0e99f7"",""k"":1084,""k_filler"":36,""k_ldpc"":1120,""layout_id"":""a03f788bfd17123c9956cf74a1e6b525c3361fc7cc880c70863dbe3de8635a25"",""modulation_padding_bits"":0,""mother_bits"":5824,""n"":3286,""n_cb"":5600,""n_cb_comp"":5564,""power_protocol"":""fixed_constellation_average_Es2"",""puncturing_bits"":2502,""puncturing_first_2Z"":224,""puncturing_remaining"":2278,""repetition_bits"":0,""scrambling"":""public_PCG64_SHA256_protocol_session_frame_group_counter_after_rate_matching_v1"",""shortening_bits"":36,""z"":112}",[2048]
16QAM,2/3,16QAM:r2/3,c770873732a48ac62178963d0100d61e083e290d2c294ae42f6ca490a975d3e3,324,16,0,340,440,100,2288,512,128,0,0.6640625,0.6328125,"{""actual_effective_rate"":0.6640625,""bg"":""bg2"",""bit_mapping"":""component_Gray_00_-3_01_-1_10_3_11_1_over_sqrt5;QPSK_0_plus1_1_minus1"",""code_blocks"":1,""decoder_config"":{""cn_schedule"":""flooding"",""cn_update"":""boxplus-phi"",""early_stop"":false,""hard_out"":true,""harq_mode"":false,""llr_max"":20.0,""num_iter"":20,""precision"":""single"",""prune_pcm"":true,""return_infobits"":true,""vn_update"":""sum""},""implementation"":{""bit_mapping"":""component_Gray_00_-3_01_-1_10_3_11_1_over_sqrt5;QPSK_0_plus1_1_minus1"",""cuda"":""12.8"",""decoder"":{""cn_schedule"":""flooding"",""cn_update"":""boxplus-phi"",""early_stop"":false,""hard_out"":true,""harq_mode"":false,""llr_max"":20.0,""num_iter"":20,""precision"":""single"",""prune_pcm"":true,""return_infobits"":true,""vn_update"":""sum""},""decoder_source_sha256"":""44d84b92b749e2970f94d92cd348a11648e2286b4d851faa0af8b21d08f0da23"",""encoder_source_sha256"":""34d8db6660b2e84708a8fb534f63c194f6f2b964e3693fcffc9dcaf21532ccfd"",""implementation"":""Sionna_5G_LDPC"",""power_protocol"":""fixed_constellation_average_Es2"",""precision"":""float32"",""rate_matching"":""Sionna RV0; filler removal, first2Z and tail puncturing; supported n only"",""scrambling"":""public_PCG64_SHA256_protocol_session_frame_group_counter_after_rate_matching_v1"",""torch"":""2.11.0+cu128"",""version"":""2.2.0""},""interleaver_sha256"":""582bb87ec8971fbec453d107709d5365af5210c569a3018ed42895f3f081d1fb"",""k"":340,""k_filler"":100,""k_ldpc"":440,""layout_id"":""fecf36c7e0fe97ccb6fec06404e7d94551c130be83ea074b6a4b384958db6d83"",""modulation_padding_bits"":0,""mother_bits"":2288,""n"":512,""n_cb"":2200,""n_cb_comp"":2100,""power_protocol"":""fixed_constellation_average_Es2"",""puncturing_bits"":1676,""puncturing_first_2Z"":88,""puncturing_remaining"":1588,""repetition_bits"":0,""scrambling"":""public_PCG64_SHA256_protocol_session_frame_group_counter_after_rate_matching_v1"",""shortening_bits"":100,""z"":44}","[1024,2048]"
16QAM,1/3,16QAM:r1/3,c772358765c0084836bae3ac4b26fde49b81877162e313ae5027418d0010a21b,1092,16,0,1108,1120,12,5824,4796,1199,0,0.23102585487906588,0.22768974145120935,"{""actual_effective_rate"":0.23102585487906588,""bg"":""bg2"",""bit_mapping"":""component_Gray_00_-3_01_-1_10_3_11_1_over_sqrt5;QPSK_0_plus1_1_minus1"",""code_blocks"":1,""decoder_config"":{""cn_schedule"":""flooding"",""cn_update"":""boxplus-phi"",""early_stop"":false,""hard_out"":true,""harq_mode"":false,""llr_max"":20.0,""num_iter"":20,""precision"":""single"",""prune_pcm"":true,""return_infobits"":true,""vn_update"":""sum""},""implementation"":{""bit_mapping"":""component_Gray_00_-3_01_-1_10_3_11_1_over_sqrt5;QPSK_0_plus1_1_minus1"",""cuda"":""12.8"",""decoder"":{""cn_schedule"":""flooding"",""cn_update"":""boxplus-phi"",""early_stop"":false,""hard_out"":true,""harq_mode"":false,""llr_max"":20.0,""num_iter"":20,""precision"":""single"",""prune_pcm"":true,""return_infobits"":true,""vn_update"":""sum""},""decoder_source_sha256"":""44d84b92b749e2970f94d92cd348a11648e2286b4d851faa0af8b21d08f0da23"",""encoder_source_sha256"":""34d8db6660b2e84708a8fb534f63c194f6f2b964e3693fcffc9dcaf21532ccfd"",""implementation"":""Sionna_5G_LDPC"",""power_protocol"":""fixed_constellation_average_Es2"",""precision"":""float32"",""rate_matching"":""Sionna RV0; filler removal, first2Z and tail puncturing; supported n only"",""scrambling"":""public_PCG64_SHA256_protocol_session_frame_group_counter_after_rate_matching_v1"",""torch"":""2.11.0+cu128"",""version"":""2.2.0""},""interleaver_sha256"":""daa4dd14009cbf49add6d8c10f134bae42249b5e8659c15a3e380e70fca632f6"",""k"":1108,""k_filler"":12,""k_ldpc"":1120,""layout_id"":""e034bd93bc82b7a4979c36ef04ff20f73fc1bb2e317edf24a41b6f2ea5e1b8ca"",""modulation_padding_bits"":0,""mother_bits"":5824,""n"":4796,""n_cb"":5600,""n_cb_comp"":5588,""power_protocol"":""fixed_constellation_average_Es2"",""puncturing_bits"":1016,""puncturing_first_2Z"":224,""puncturing_remaining"":792,""repetition_bits"":0,""scrambling"":""public_PCG64_SHA256_protocol_session_frame_group_counter_after_rate_matching_v1"",""shortening_bits"":12,""z"":112}",[2048]
QPSK,2/3,QPSK:r2/3,c77408644b06f4c663b78ba83b1fb44ee373e7aaf7fa11b7c684cce236b83e54,360,16,0,376,480,104,2496,1144,572,0,0.32867132867132864,0.3146853146853147,"{""actual_effective_rate"":0.32867132867132864,""bg"":""bg2"",""bit_mapping"":""component_Gray_00_-3_01_-1_10_3_11_1_over_sqrt5;QPSK_0_plus1_1_minus1"",""code_blocks"":1,""decoder_config"":{""cn_schedule"":""flooding"",""cn_update"":""boxplus-phi"",""early_stop"":false,""hard_out"":true,""harq_mode"":false,""llr_max"":20.0,""num_iter"":20,""precision"":""single"",""prune_pcm"":true,""return_infobits"":true,""vn_update"":""sum""},""implementation"":{""bit_mapping"":""component_Gray_00_-3_01_-1_10_3_11_1_over_sqrt5;QPSK_0_plus1_1_minus1"",""cuda"":""12.8"",""decoder"":{""cn_schedule"":""flooding"",""cn_update"":""boxplus-phi"",""early_stop"":false,""hard_out"":true,""harq_mode"":false,""llr_max"":20.0,""num_iter"":20,""precision"":""single"",""prune_pcm"":true,""return_infobits"":true,""vn_update"":""sum""},""decoder_source_sha256"":""44d84b92b749e2970f94d92cd348a11648e2286b4d851faa0af8b21d08f0da23"",""encoder_source_sha256"":""34d8db6660b2e84708a8fb534f63c194f6f2b964e3693fcffc9dcaf21532ccfd"",""implementation"":""Sionna_5G_LDPC"",""power_protocol"":""fixed_constellation_average_Es2"",""precision"":""float32"",""rate_matching"":""Sionna RV0; filler removal, first2Z and tail puncturing; supported n only"",""scrambling"":""public_PCG64_SHA256_protocol_session_frame_group_counter_after_rate_matching_v1"",""torch"":""2.11.0+cu128"",""version"":""2.2.0""},""interleaver_sha256"":""69c5f1016c48b3e04474a07303c770604ba28e62efbf5318b80720b0755307ef"",""k"":376,""k_filler"":104,""k_ldpc"":480,""layout_id"":""dcdaedd2cc318e2a5572a2c53dad2e907425494900c58c16c8c6f9651857479d"",""modulation_padding_bits"":0,""mother_bits"":2496,""n"":1144,""n_cb"":2400,""n_cb_comp"":2296,""power_protocol"":""fixed_constellation_average_Es2"",""puncturing_bits"":1248,""puncturing_first_2Z"":96,""puncturing_remaining"":1152,""repetition_bits"":0,""scrambling"":""public_PCG64_SHA256_protocol_session_frame_group_counter_after_rate_matching_v1"",""shortening_bits"":104,""z"":48}",[1024]
16QAM,1/3,16QAM:r1/3,c777116219f365f8df965b37b1642577f179dafcdc5fd28b9f7372c2e39b032e,360,16,0,376,480,104,2496,1280,320,0,0.29375,0.28125,"{""actual_effective_rate"":0.29375,""bg"":""bg2"",""bit_mapping"":""component_Gray_00_-3_01_-1_10_3_11_1_over_sqrt5;QPSK_0_plus1_1_minus1"",""code_blocks"":1,""decoder_config"":{""cn_schedule"":""flooding"",""cn_update"":""boxplus-phi"",""early_stop"":false,""hard_out"":true,""harq_mode"":false,""llr_max"":20.0,""num_iter"":20,""precision"":""single"",""prune_pcm"":true,""return_infobits"":true,""vn_update"":""sum""},""implementation"":{""bit_mapping"":""component_Gray_00_-3_01_-1_10_3_11_1_over_sqrt5;QPSK_0_plus1_1_minus1"",""cuda"":""12.8"",""decoder"":{""cn_schedule"":""flooding"",""cn_update"":""boxplus-phi"",""early_stop"":false,""hard_out"":true,""harq_mode"":false,""llr_max"":20.0,""num_iter"":20,""precision"":""single"",""prune_pcm"":true,""return_infobits"":true,""vn_update"":""sum""},""decoder_source_sha256"":""44d84b92b749e2970f94d92cd348a11648e2286b4d851faa0af8b21d08f0da23"",""encoder_source_sha256"":""34d8db6660b2e84708a8fb534f63c194f6f2b964e3693fcffc9dcaf21532ccfd"",""implementation"":""Sionna_5G_LDPC"",""power_protocol"":""fixed_constellation_average_Es2"",""precision"":""float32"",""rate_matching"":""Sionna RV0; filler removal, first2Z and tail puncturing; supported n only"",""scrambling"":""public_PCG64_SHA256_protocol_session_frame_group_counter_after_rate_matching_v1"",""torch"":""2.11.0+cu128"",""version"":""2.2.0""},""interleaver_sha256"":""cf15ba5cab19853e34a5ebde8f89a3667fdfa402f74f696977ddf83b638a9a39"",""k"":376,""k_filler"":104,""k_ldpc"":480,""layout_id"":""6cecbede582771538e50394d125585a3b760012f41bd0c958cbfebaa92732d37"",""modulation_padding_bits"":0,""mother_bits"":2496,""n"":1280,""n_cb"":2400,""n_cb_comp"":2296,""power_protocol"":""fixed_constellation_average_Es2"",""puncturing_bits"":1112,""puncturing_first_2Z"":96,""puncturing_remaining"":1016,""repetition_bits"":0,""scrambling"":""public_PCG64_SHA256_protocol_session_frame_group_counter_after_rate_matching_v1"",""shortening_bits"":104,""z"":48}",[1024]
QPSK,1/2,QPSK:r1/2,c7773ad40f6c8f6da57fe0bf8d8863e95c6aae15c2fe93ceb50c84c8c881b548,360,16,0,376,480,104,2496,1474,737,0,0.25508819538670285,0.24423337856173677,"{""actual_effective_rate"":0.25508819538670285,""bg"":""bg2"",""bit_mapping"":""component_Gray_00_-3_01_-1_10_3_11_1_over_sqrt5;QPSK_0_plus1_1_minus1"",""code_blocks"":1,""decoder_config"":{""cn_schedule"":""flooding"",""cn_update"":""boxplus-phi"",""early_stop"":false,""hard_out"":true,""harq_mode"":false,""llr_max"":20.0,""num_iter"":20,""precision"":""single"",""prune_pcm"":true,""return_infobits"":true,""vn_update"":""sum""},""implementation"":{""bit_mapping"":""component_Gray_00_-3_01_-1_10_3_11_1_over_sqrt5;QPSK_0_plus1_1_minus1"",""cuda"":""12.8"",""decoder"":{""cn_schedule"":""flooding"",""cn_update"":""boxplus-phi"",""early_stop"":false,""hard_out"":true,""harq_mode"":false,""llr_max"":20.0,""num_iter"":20,""precision"":""single"",""prune_pcm"":true,""return_infobits"":true,""vn_update"":""sum""},""decoder_source_sha256"":""44d84b92b749e2970f94d92cd348a11648e2286b4d851faa0af8b21d08f0da23"",""encoder_source_sha256"":""34d8db6660b2e84708a8fb534f63c194f6f2b964e3693fcffc9dcaf21532ccfd"",""implementation"":""Sionna_5G_LDPC"",""power_protocol"":""fixed_constellation_average_Es2"",""precision"":""float32"",""rate_matching"":""Sionna RV0; filler removal, first2Z and tail puncturing; supported n only"",""scrambling"":""public_PCG64_SHA256_protocol_session_frame_group_counter_after_rate_matching_v1"",""torch"":""2.11.0+cu128"",""version"":""2.2.0""},""interleaver_sha256"":""8f3451b958456946bdef7e1fdaade2c37eb6c28be3b60ee7ce0f122c2f4deaa7"",""k"":376,""k_filler"":104,""k_ldpc"":480,""layout_id"":""d8dcdcd5101e873729767707bc58f5616688e3dc441d3e7ba97c8cb135af2ccc"",""modulation_padding_bits"":0,""mother_bits"":2496,""n"":1474,""n_cb"":2400,""n_cb_comp"":2296,""power_protocol"":""fixed_constellation_average_Es2"",""puncturing_bits"":918,""puncturing_first_2Z"":96,""puncturing_remaining"":822,""repetition_bits"":0,""scrambling"":""public_PCG64_SHA256_protocol_session_frame_group_counter_after_rate_matching_v1"",""shortening_bits"":104,""z"":48}",[2048]
QPSK,2/3,QPSK:r2/3,c78846ca2f001a75c0c04b0f2a514ffa912537a24182f08ea3452056da9a6014,2436,16,0,2452,2560,108,13312,3678,1839,0,0.6666666666666666,0.6623164763458401,"{""actual_effective_rate"":0.6666666666666666,""bg"":""bg2"",""bit_mapping"":""component_Gray_00_-3_01_-1_10_3_11_1_over_sqrt5;QPSK_0_plus1_1_minus1"",""code_blocks"":1,""decoder_config"":{""cn_schedule"":""flooding"",""cn_update"":""boxplus-phi"",""early_stop"":false,""hard_out"":true,""harq_mode"":false,""llr_max"":20.0,""num_iter"":20,""precision"":""single"",""prune_pcm"":true,""return_infobits"":true,""vn_update"":""sum""},""implementation"":{""bit_mapping"":""component_Gray_00_-3_01_-1_10_3_11_1_over_sqrt5;QPSK_0_plus1_1_minus1"",""cuda"":""12.8"",""decoder"":{""cn_schedule"":""flooding"",""cn_update"":""boxplus-phi"",""early_stop"":false,""hard_out"":true,""harq_mode"":false,""llr_max"":20.0,""num_iter"":20,""precision"":""single"",""prune_pcm"":true,""return_infobits"":true,""vn_update"":""sum""},""decoder_source_sha256"":""44d84b92b749e2970f94d92cd348a11648e2286b4d851faa0af8b21d08f0da23"",""encoder_source_sha256"":""34d8db6660b2e84708a8fb534f63c194f6f2b964e3693fcffc9dcaf21532ccfd"",""implementation"":""Sionna_5G_LDPC"",""power_protocol"":""fixed_constellation_average_Es2"",""precision"":""float32"",""rate_matching"":""Sionna RV0; filler removal, first2Z and tail puncturing; supported n only"",""scrambling"":""public_PCG64_SHA256_protocol_session_frame_group_counter_after_rate_matching_v1"",""torch"":""2.11.0+cu128"",""version"":""2.2.0""},""interleaver_sha256"":""160c6d053c68dd142e3eb20aa643baaf14648bb936ce927125307a4fc56476ee"",""k"":2452,""k_filler"":108,""k_ldpc"":2560,""layout_id"":""f0bce612fdde7598ee157fa318dfe20ce635395925d86f8362745326dcf02897"",""modulation_padding_bits"":0,""mother_bits"":13312,""n"":3678,""n_cb"":12800,""n_cb_comp"":12692,""power_protocol"":""fixed_constellation_average_Es2"",""puncturing_bits"":9526,""puncturing_first_2Z"":512,""puncturing_remaining"":9014,""repetition_bits"":0,""scrambling"":""public_PCG64_SHA256_protocol_session_frame_group_counter_after_rate_matching_v1"",""shortening_bits"":108,""z"":256}",[2048]
16QAM,3/4,16QAM:r3/4,c789f1ecfabfbc651f7a5b03e09eec059ea37ff259d3cc228e56f459d7dc2ebb,660,16,0,676,720,44,3744,2544,636,0,0.26572327044025157,0.25943396226415094,"{""actual_effective_rate"":0.26572327044025157,""bg"":""bg2"",""bit_mapping"":""component_Gray_00_-3_01_-1_10_3_11_1_over_sqrt5;QPSK_0_plus1_1_minus1"",""code_blocks"":1,""decoder_config"":{""cn_schedule"":""flooding"",""cn_update"":""boxplus-phi"",""early_stop"":false,""hard_out"":true,""harq_mode"":false,""llr_max"":20.0,""num_iter"":20,""precision"":""single"",""prune_pcm"":true,""return_infobits"":true,""vn_update"":""sum""},""implementation"":{""bit_mapping"":""component_Gray_00_-3_01_-1_10_3_11_1_over_sqrt5;QPSK_0_plus1_1_minus1"",""cuda"":""12.8"",""decoder"":{""cn_schedule"":""flooding"",""cn_update"":""boxplus-phi"",""early_stop"":false,""hard_out"":true,""harq_mode"":false,""llr_max"":20.0,""num_iter"":20,""precision"":""single"",""prune_pcm"":true,""return_infobits"":true,""vn_update"":""sum""},""decoder_source_sha256"":""44d84b92b749e2970f94d92cd348a11648e2286b4d851faa0af8b21d08f0da23"",""encoder_source_sha256"":""34d8db6660b2e84708a8fb534f63c194f6f2b964e3693fcffc9dcaf21532ccfd"",""implementation"":""Sionna_5G_LDPC"",""power_protocol"":""fixed_constellation_average_Es2"",""precision"":""float32"",""rate_matching"":""Sionna RV0; filler removal, first2Z and tail puncturing; supported n only"",""scrambling"":""public_PCG64_SHA256_protocol_session_frame_group_counter_after_rate_matching_v1"",""torch"":""2.11.0+cu128"",""version"":""2.2.0""},""interleaver_sha256"":""9019d2cd59ddb08ebaef120dbf34a333415827dce93850670dceabd5332824d7"",""k"":676,""k_filler"":44,""k_ldpc"":720,""layout_id"":""0ee5ebc1d095278b4a73ea53f6f56d52e0b605b7e34e915c1ba7aa3dd47cf407"",""modulation_padding_bits"":0,""mother_bits"":3744,""n"":2544,""n_cb"":3600,""n_cb_comp"":3556,""power_protocol"":""fixed_constellation_average_Es2"",""puncturing_bits"":1156,""puncturing_first_2Z"":144,""puncturing_remaining"":1012,""repetition_bits"":0,""scrambling"":""public_PCG64_SHA256_protocol_session_frame_group_counter_after_rate_matching_v1"",""shortening_bits"":44,""z"":72}",[1024]
16QAM,3/4,16QAM:r3/4,c79de762cd12274cbcd499c9e7216ae093aa03b07b99d8322664bb760f4653ac,1860,16,0,1876,1920,44,9984,5312,1328,0,0.35316265060240964,0.3501506024096386,"{""actual_effective_rate"":0.35316265060240964,""bg"":""bg2"",""bit_mapping"":""component_Gray_00_-3_01_-1_10_3_11_1_over_sqrt5;QPSK_0_plus1_1_minus1"",""code_blocks"":1,""decoder_config"":{""cn_schedule"":""flooding"",""cn_update"":""boxplus-phi"",""early_stop"":false,""hard_out"":true,""harq_mode"":false,""llr_max"":20.0,""num_iter"":20,""precision"":""single"",""prune_pcm"":true,""return_infobits"":true,""vn_update"":""sum""},""implementation"":{""bit_mapping"":""component_Gray_00_-3_01_-1_10_3_11_1_over_sqrt5;QPSK_0_plus1_1_minus1"",""cuda"":""12.8"",""decoder"":{""cn_schedule"":""flooding"",""cn_update"":""boxplus-phi"",""early_stop"":false,""hard_out"":true,""harq_mode"":false,""llr_max"":20.0,""num_iter"":20,""precision"":""single"",""prune_pcm"":true,""return_infobits"":true,""vn_update"":""sum""},""decoder_source_sha256"":""44d84b92b749e2970f94d92cd348a11648e2286b4d851faa0af8b21d08f0da23"",""encoder_source_sha256"":""34d8db6660b2e84708a8fb534f63c194f6f2b964e3693fcffc9dcaf21532ccfd"",""implementation"":""Sionna_5G_LDPC"",""power_protocol"":""fixed_constellation_average_Es2"",""precision"":""float32"",""rate_matching"":""Sionna RV0; filler removal, first2Z and tail puncturing; supported n only"",""scrambling"":""public_PCG64_SHA256_protocol_session_frame_group_counter_after_rate_matching_v1"",""torch"":""2.11.0+cu128"",""version"":""2.2.0""},""interleaver_sha256"":""5daff8326dd6f7f487ef0d97190fdb85b7f1b55c641077b85078ae73c39883a9"",""k"":1876,""k_filler"":44,""k_ldpc"":1920,""layout_id"":""8238093e8a19b6843b4786021a625c450cbf12454dbf492c2544b1565f37ab22"",""modulation_padding_bits"":0,""mother_bits"":9984,""n"":5312,""n_cb"":9600,""n_cb_comp"":9556,""power_protocol"":""fixed_constellation_average_Es2"",""puncturing_bits"":4628,""puncturing_first_2Z"":384,""puncturing_remaining"":4244,""repetition_bits"":0,""scrambling"":""public_PCG64_SHA256_protocol_session_frame_group_counter_after_rate_matching_v1"",""shortening_bits"":44,""z"":192}",[2048]
QPSK,1/2,QPSK:r1/2,c7ab9fc72beedb9cff734d9f6969f6cb8cea8be451567f5f1728824b81e2940f,216,16,0,232,300,68,1560,600,300,0,0.38666666666666666,0.36,"{""actual_effective_rate"":0.38666666666666666,""bg"":""bg2"",""bit_mapping"":""component_Gray_00_-3_01_-1_10_3_11_1_over_sqrt5;QPSK_0_plus1_1_minus1"",""code_blocks"":1,""decoder_config"":{""cn_schedule"":""flooding"",""cn_update"":""boxplus-phi"",""early_stop"":false,""hard_out"":true,""harq_mode"":false,""llr_max"":20.0,""num_iter"":20,""precision"":""single"",""prune_pcm"":true,""return_infobits"":true,""vn_update"":""sum""},""implementation"":{""bit_mapping"":""component_Gray_00_-3_01_-1_10_3_11_1_over_sqrt5;QPSK_0_plus1_1_minus1"",""cuda"":""12.8"",""decoder"":{""cn_schedule"":""flooding"",""cn_update"":""boxplus-phi"",""early_stop"":false,""hard_out"":true,""harq_mode"":false,""llr_max"":20.0,""num_iter"":20,""precision"":""single"",""prune_pcm"":true,""return_infobits"":true,""vn_update"":""sum""},""decoder_source_sha256"":""44d84b92b749e2970f94d92cd348a11648e2286b4d851faa0af8b21d08f0da23"",""encoder_source_sha256"":""34d8db6660b2e84708a8fb534f63c194f6f2b964e3693fcffc9dcaf21532ccfd"",""implementation"":""Sionna_5G_LDPC"",""power_protocol"":""fixed_constellation_average_Es2"",""precision"":""float32"",""rate_matching"":""Sionna RV0; filler removal, first2Z and tail puncturing; supported n only"",""scrambling"":""public_PCG64_SHA256_protocol_session_frame_group_counter_after_rate_matching_v1"",""torch"":""2.11.0+cu128"",""version"":""2.2.0""},""interleaver_sha256"":""63fedead3cc8b51838e6cfc32e6feb8f3df2524fe39f3f5bcc124734af6590bc"",""k"":232,""k_filler"":68,""k_ldpc"":300,""layout_id"":""11575140f4fa84c5b6df00555372f151f8f302e4654e287ade9659eb5002b2e7"",""modulation_padding_bits"":0,""mother_bits"":1560,""n"":600,""n_cb"":1500,""n_cb_comp"":1432,""power_protocol"":""fixed_constellation_average_Es2"",""puncturing_bits"":892,""puncturing_first_2Z"":60,""puncturing_remaining"":832,""repetition_bits"":0,""scrambling"":""public_PCG64_SHA256_protocol_session_frame_group_counter_after_rate_matching_v1"",""shortening_bits"":68,""z"":30}",[1024]
16QAM,1/2,16QAM:r1/2,c7acfe03ef1d52278087d064bd21843b517bb5a1b1d93a0ac43608afbed8ae09,1860,16,0,1876,1920,44,9984,5308,1327,0,0.35342878673700073,0.35041446872645066,"{""actual_effective_rate"":0.35342878673700073,""bg"":""bg2"",""bit_mapping"":""component_Gray_00_-3_01_-1_10_3_11_1_over_sqrt5;QPSK_0_plus1_1_minus1"",""code_blocks"":1,""decoder_config"":{""cn_schedule"":""flooding"",""cn_update"":""boxplus-phi"",""early_stop"":false,""hard_out"":true,""harq_mode"":false,""llr_max"":20.0,""num_iter"":20,""precision"":""single"",""prune_pcm"":true,""return_infobits"":true,""vn_update"":""sum""},""implementation"":{""bit_mapping"":""component_Gray_00_-3_01_-1_10_3_11_1_over_sqrt5;QPSK_0_plus1_1_minus1"",""cuda"":""12.8"",""decoder"":{""cn_schedule"":""flooding"",""cn_update"":""boxplus-phi"",""early_stop"":false,""hard_out"":true,""harq_mode"":false,""llr_max"":20.0,""num_iter"":20,""precision"":""single"",""prune_pcm"":true,""return_infobits"":true,""vn_update"":""sum""},""decoder_source_sha256"":""44d84b92b749e2970f94d92cd348a11648e2286b4d851faa0af8b21d08f0da23"",""encoder_source_sha256"":""34d8db6660b2e84708a8fb534f63c194f6f2b964e3693fcffc9dcaf21532ccfd"",""implementation"":""Sionna_5G_LDPC"",""power_protocol"":""fixed_constellation_average_Es2"",""precision"":""float32"",""rate_matching"":""Sionna RV0; filler removal, first2Z and tail puncturing; supported n only"",""scrambling"":""public_PCG64_SHA256_protocol_session_frame_group_counter_after_rate_matching_v1"",""torch"":""2.11.0+cu128"",""version"":""2.2.0""},""interleaver_sha256"":""93adb1ac017eb4b835cd3cce8674bc5e03fa0599f7f2504ce934d99d9c08521e"",""k"":1876,""k_filler"":44,""k_ldpc"":1920,""layout_id"":""5416ec59d15fd9cf528e720722ab578b5cc2165101323e2502feee95030a338c"",""modulation_padding_bits"":0,""mother_bits"":9984,""n"":5308,""n_cb"":9600,""n_cb_comp"":9556,""power_protocol"":""fixed_constellation_average_Es2"",""puncturing_bits"":4632,""puncturing_first_2Z"":384,""puncturing_remaining"":4248,""repetition_bits"":0,""scrambling"":""public_PCG64_SHA256_protocol_session_frame_group_counter_after_rate_matching_v1"",""shortening_bits"":44,""z"":192}",[2048]
16QAM,3/4,16QAM:r3/4,c7b183750c3e7f24e04f80b60c90e35e3609c2058955f01353a28ea577e2bfab,1092,16,0,1108,1120,12,5824,2444,611,0,0.4533551554828151,0.44680851063829785,"{""actual_effective_rate"":0.4533551554828151,""bg"":""bg2"",""bit_mapping"":""component_Gray_00_-3_01_-1_10_3_11_1_over_sqrt5;QPSK_0_plus1_1_minus1"",""code_blocks"":1,""decoder_config"":{""cn_schedule"":""flooding"",""cn_update"":""boxplus-phi"",""early_stop"":false,""hard_out"":true,""harq_mode"":false,""llr_max"":20.0,""num_iter"":20,""precision"":""single"",""prune_pcm"":true,""return_infobits"":true,""vn_update"":""sum""},""implementation"":{""bit_mapping"":""component_Gray_00_-3_01_-1_10_3_11_1_over_sqrt5;QPSK_0_plus1_1_minus1"",""cuda"":""12.8"",""decoder"":{""cn_schedule"":""flooding"",""cn_update"":""boxplus-phi"",""early_stop"":false,""hard_out"":true,""harq_mode"":false,""llr_max"":20.0,""num_iter"":20,""precision"":""single"",""prune_pcm"":true,""return_infobits"":true,""vn_update"":""sum""},""decoder_source_sha256"":""44d84b92b749e2970f94d92cd348a11648e2286b4d851faa0af8b21d08f0da23"",""encoder_source_sha256"":""34d8db6660b2e84708a8fb534f63c194f6f2b964e3693fcffc9dcaf21532ccfd"",""implementation"":""Sionna_5G_LDPC"",""power_protocol"":""fixed_constellation_average_Es2"",""precision"":""float32"",""rate_matching"":""Sionna RV0; filler removal, first2Z and tail puncturing; supported n only"",""scrambling"":""public_PCG64_SHA256_protocol_session_frame_group_counter_after_rate_matching_v1"",""torch"":""2.11.0+cu128"",""version"":""2.2.0""},""interleaver_sha256"":""b72dc9432f0864c4d7aa7ae77fb202cdfb66df052e3caafaddb6f76148c3948a"",""k"":1108,""k_filler"":12,""k_ldpc"":1120,""layout_id"":""24bf73832937ffc270c1271ff6b423d62f8ef475a076bd61a5a54d4a8364ba15"",""modulation_padding_bits"":0,""mother_bits"":5824,""n"":2444,""n_cb"":5600,""n_cb_comp"":5588,""power_protocol"":""fixed_constellation_average_Es2"",""puncturing_bits"":3368,""puncturing_first_2Z"":224,""puncturing_remaining"":3144,""repetition_bits"":0,""scrambling"":""public_PCG64_SHA256_protocol_session_frame_group_counter_after_rate_matching_v1"",""shortening_bits"":12,""z"":112}",[2048]
16QAM,1/3,16QAM:r1/3,c7b9fdacd3f968f39c739048eed9e6dd206681c2ac045ef1ff844351386d5c56,660,16,0,676,720,44,3744,3076,769,0,0.21976592977893367,0.21456436931079323,"{""actual_effective_rate"":0.21976592977893367,""bg"":""bg2"",""bit_mapping"":""component_Gray_00_-3_01_-1_10_3_11_1_over_sqrt5;QPSK_0_plus1_1_minus1"",""code_blocks"":1,""decoder_config"":{""cn_schedule"":""flooding"",""cn_update"":""boxplus-phi"",""early_stop"":false,""hard_out"":true,""harq_mode"":false,""llr_max"":20.0,""num_iter"":20,""precision"":""single"",""prune_pcm"":true,""return_infobits"":true,""vn_update"":""sum""},""implementation"":{""bit_mapping"":""component_Gray_00_-3_01_-1_10_3_11_1_over_sqrt5;QPSK_0_plus1_1_minus1"",""cuda"":""12.8"",""decoder"":{""cn_schedule"":""flooding"",""cn_update"":""boxplus-phi"",""early_stop"":false,""hard_out"":true,""harq_mode"":false,""llr_max"":20.0,""num_iter"":20,""precision"":""single"",""prune_pcm"":true,""return_infobits"":true,""vn_update"":""sum""},""decoder_source_sha256"":""44d84b92b749e2970f94d92cd348a11648e2286b4d851faa0af8b21d08f0da23"",""encoder_source_sha256"":""34d8db6660b2e84708a8fb534f63c194f6f2b964e3693fcffc9dcaf21532ccfd"",""implementation"":""Sionna_5G_LDPC"",""power_protocol"":""fixed_constellation_average_Es2"",""precision"":""float32"",""rate_matching"":""Sionna RV0; filler removal, first2Z and tail puncturing; supported n only"",""scrambling"":""public_PCG64_SHA256_protocol_session_frame_group_counter_after_rate_matching_v1"",""torch"":""2.11.0+cu128"",""version"":""2.2.0""},""interleaver_sha256"":""c8004f20bc55f2c8bc936b0cf4c59b1de52f2aea2be14fee6042bb24bb4b7e34"",""k"":676,""k_filler"":44,""k_ldpc"":720,""layout_id"":""23a4deb04d0ffdc1896e1a58ae4d44e2042fb7218ed60168e354e5880a03f63c"",""modulation_padding_bits"":0,""mother_bits"":3744,""n"":3076,""n_cb"":3600,""n_cb_comp"":3556,""power_protocol"":""fixed_constellation_average_Es2"",""puncturing_bits"":624,""puncturing_first_2Z"":144,""puncturing_remaining"":480,""repetition_bits"":0,""scrambling"":""public_PCG64_SHA256_protocol_session_frame_group_counter_after_rate_matching_v1"",""shortening_bits"":44,""z"":72}",[1024]
QPSK,3/4,QPSK:r3/4,c7c6278dd9e4f252227bfaa47acc05a73b5eb224ab52538bf71e188485f08979,2640,16,0,2656,2816,160,8704,3552,1776,0,0.7477477477477478,0.7432432432432432,"{""actual_effective_rate"":0.7477477477477478,""bg"":""bg1"",""bit_mapping"":""component_Gray_00_-3_01_-1_10_3_11_1_over_sqrt5;QPSK_0_plus1_1_minus1"",""code_blocks"":1,""decoder_config"":{""cn_schedule"":""flooding"",""cn_update"":""boxplus-phi"",""early_stop"":false,""hard_out"":true,""harq_mode"":false,""llr_max"":20.0,""num_iter"":20,""precision"":""single"",""prune_pcm"":true,""return_infobits"":true,""vn_update"":""sum""},""implementation"":{""bit_mapping"":""component_Gray_00_-3_01_-1_10_3_11_1_over_sqrt5;QPSK_0_plus1_1_minus1"",""cuda"":""12.8"",""decoder"":{""cn_schedule"":""flooding"",""cn_update"":""boxplus-phi"",""early_stop"":false,""hard_out"":true,""harq_mode"":false,""llr_max"":20.0,""num_iter"":20,""precision"":""single"",""prune_pcm"":true,""return_infobits"":true,""vn_update"":""sum""},""decoder_source_sha256"":""44d84b92b749e2970f94d92cd348a11648e2286b4d851faa0af8b21d08f0da23"",""encoder_source_sha256"":""34d8db6660b2e84708a8fb534f63c194f6f2b964e3693fcffc9dcaf21532ccfd"",""implementation"":""Sionna_5G_LDPC"",""power_protocol"":""fixed_constellation_average_Es2"",""precision"":""float32"",""rate_matching"":""Sionna RV0; filler removal, first2Z and tail puncturing; supported n only"",""scrambling"":""public_PCG64_SHA256_protocol_session_frame_group_counter_after_rate_matching_v1"",""torch"":""2.11.0+cu128"",""version"":""2.2.0""},""interleaver_sha256"":""7d1f41c77714d085d5bcac93e0784dd932baca1dd63ba8f081bb2772dd59a863"",""k"":2656,""k_filler"":160,""k_ldpc"":2816,""layout_id"":""2adf51985d0bb29e31b5766b775c161487afe32d3e9a9809f6fc0a1723715c1f"",""modulation_padding_bits"":0,""mother_bits"":8704,""n"":3552,""n_cb"":8448,""n_cb_comp"":8288,""power_protocol"":""fixed_constellation_average_Es2"",""puncturing_bits"":4992,""puncturing_first_2Z"":256,""puncturing_remaining"":4736,""repetition_bits"":0,""scrambling"":""public_PCG64_SHA256_protocol_session_frame_group_counter_after_rate_matching_v1"",""shortening_bits"":160,""z"":128}",[2048]
QPSK,3/4,QPSK:r3/4,c7c894e446bb831cb5ae28c89385350517316a7939f2b41e3a74465d24418f23,1968,16,0,1984,2080,96,10816,3012,1506,0,0.6586985391766268,0.6533864541832669,"{""actual_effective_rate"":0.6586985391766268,""bg"":""bg2"",""bit_mapping"":""component_Gray_00_-3_01_-1_10_3_11_1_over_sqrt5;QPSK_0_plus1_1_minus1"",""code_blocks"":1,""decoder_config"":{""cn_schedule"":""flooding"",""cn_update"":""boxplus-phi"",""early_stop"":false,""hard_out"":true,""harq_mode"":false,""llr_max"":20.0,""num_iter"":20,""precision"":""single"",""prune_pcm"":true,""return_infobits"":true,""vn_update"":""sum""},""implementation"":{""bit_mapping"":""component_Gray_00_-3_01_-1_10_3_11_1_over_sqrt5;QPSK_0_plus1_1_minus1"",""cuda"":""12.8"",""decoder"":{""cn_schedule"":""flooding"",""cn_update"":""boxplus-phi"",""early_stop"":false,""hard_out"":true,""harq_mode"":false,""llr_max"":20.0,""num_iter"":20,""precision"":""single"",""prune_pcm"":true,""return_infobits"":true,""vn_update"":""sum""},""decoder_source_sha256"":""44d84b92b749e2970f94d92cd348a11648e2286b4d851faa0af8b21d08f0da23"",""encoder_source_sha256"":""34d8db6660b2e84708a8fb534f63c194f6f2b964e3693fcffc9dcaf21532ccfd"",""implementation"":""Sionna_5G_LDPC"",""power_protocol"":""fixed_constellation_average_Es2"",""precision"":""float32"",""rate_matching"":""Sionna RV0; filler removal, first2Z and tail puncturing; supported n only"",""scrambling"":""public_PCG64_SHA256_protocol_session_frame_group_counter_after_rate_matching_v1"",""torch"":""2.11.0+cu128"",""version"":""2.2.0""},""interleaver_sha256"":""814f7cd040782bd1a1f1c6423ca61238c13849dca18f41b35018b224b7c2b491"",""k"":1984,""k_filler"":96,""k_ldpc"":2080,""layout_id"":""fc9a897f90b39bfba61de94f8fa45807fcdd707636581f09994c8249fac84ffe"",""modulation_padding_bits"":0,""mother_bits"":10816,""n"":3012,""n_cb"":10400,""n_cb_comp"":10304,""power_protocol"":""fixed_constellation_average_Es2"",""puncturing_bits"":7708,""puncturing_first_2Z"":416,""puncturing_remaining"":7292,""repetition_bits"":0,""scrambling"":""public_PCG64_SHA256_protocol_session_frame_group_counter_after_rate_matching_v1"",""shortening_bits"":96,""z"":208}",[2048]
16QAM,2/3,16QAM:r2/3,c7d718b5e62147294cc3bfbe6e99833bf19c6092fdc8646df29993599dc45401,2904,16,0,2920,3200,280,16640,5776,1444,0,0.5055401662049861,0.502770083102493,"{""actual_effective_rate"":0.5055401662049861,""bg"":""bg2"",""bit_mapping"":""component_Gray_00_-3_01_-1_10_3_11_1_over_sqrt5;QPSK_0_plus1_1_minus1"",""code_blocks"":1,""decoder_config"":{""cn_schedule"":""flooding"",""cn_update"":""boxplus-phi"",""early_stop"":false,""hard_out"":true,""harq_mode"":false,""llr_max"":20.0,""num_iter"":20,""precision"":""single"",""prune_pcm"":true,""return_infobits"":true,""vn_update"":""sum""},""implementation"":{""bit_mapping"":""component_Gray_00_-3_01_-1_10_3_11_1_over_sqrt5;QPSK_0_plus1_1_minus1"",""cuda"":""12.8"",""decoder"":{""cn_schedule"":""flooding"",""cn_update"":""boxplus-phi"",""early_stop"":false,""hard_out"":true,""harq_mode"":false,""llr_max"":20.0,""num_iter"":20,""precision"":""single"",""prune_pcm"":true,""return_infobits"":true,""vn_update"":""sum""},""decoder_source_sha256"":""44d84b92b749e2970f94d92cd348a11648e2286b4d851faa0af8b21d08f0da23"",""encoder_source_sha256"":""34d8db6660b2e84708a8fb534f63c194f6f2b964e3693fcffc9dcaf21532ccfd"",""implementation"":""Sionna_5G_LDPC"",""power_protocol"":""fixed_constellation_average_Es2"",""precision"":""float32"",""rate_matching"":""Sionna RV0; filler removal, first2Z and tail puncturing; supported n only"",""scrambling"":""public_PCG64_SHA256_protocol_session_frame_group_counter_after_rate_matching_v1"",""torch"":""2.11.0+cu128"",""version"":""2.2.0""},""interleaver_sha256"":""5e085e50cc5298eb49d411c4016badb8d40396a7319575aa4bb8f015d2eaab90"",""k"":2920,""k_filler"":280,""k_ldpc"":3200,""layout_id"":""98ea7254bae4ac0037726be5628404e9491b94ab4b7a54478e434385730b07fd"",""modulation_padding_bits"":0,""mother_bits"":16640,""n"":5776,""n_cb"":16000,""n_cb_comp"":15720,""power_protocol"":""fixed_constellation_average_Es2"",""puncturing_bits"":10584,""puncturing_first_2Z"":640,""puncturing_remaining"":9944,""repetition_bits"":0,""scrambling"":""public_PCG64_SHA256_protocol_session_frame_group_counter_after_rate_matching_v1"",""shortening_bits"":280,""z"":320}",[2048]
16QAM,3/4,16QAM:r3/4,c7ebebcce9ec22336487935b5f1bbaa90843b66bbb08b0679e533267cada9cfa,1668,16,0,1684,1760,76,9152,4772,1193,0,0.3528918692372171,0.3495389773679799,"{""actual_effective_rate"":0.3528918692372171,""bg"":""bg2"",""bit_mapping"":""component_Gray_00_-3_01_-1_10_3_11_1_over_sqrt5;QPSK_0_plus1_1_minus1"",""code_blocks"":1,""decoder_config"":{""cn_schedule"":""flooding"",""cn_update"":""boxplus-phi"",""early_stop"":false,""hard_out"":true,""harq_mode"":false,""llr_max"":20.0,""num_iter"":20,""precision"":""single"",""prune_pcm"":true,""return_infobits"":true,""vn_update"":""sum""},""implementation"":{""bit_mapping"":""component_Gray_00_-3_01_-1_10_3_11_1_over_sqrt5;QPSK_0_plus1_1_minus1"",""cuda"":""12.8"",""decoder"":{""cn_schedule"":""flooding"",""cn_update"":""boxplus-phi"",""early_stop"":false,""hard_out"":true,""harq_mode"":false,""llr_max"":20.0,""num_iter"":20,""precision"":""single"",""prune_pcm"":true,""return_infobits"":true,""vn_update"":""sum""},""decoder_source_sha256"":""44d84b92b749e2970f94d92cd348a11648e2286b4d851faa0af8b21d08f0da23"",""encoder_source_sha256"":""34d8db6660b2e84708a8fb534f63c194f6f2b964e3693fcffc9dcaf21532ccfd"",""implementation"":""Sionna_5G_LDPC"",""power_protocol"":""fixed_constellation_average_Es2"",""precision"":""float32"",""rate_matching"":""Sionna RV0; filler removal, first2Z and tail puncturing; supported n only"",""scrambling"":""public_PCG64_SHA256_protocol_session_frame_group_counter_after_rate_matching_v1"",""torch"":""2.11.0+cu128"",""version"":""2.2.0""},""interleaver_sha256"":""76e0ab0216c53b9d745f58445930f6e0b102718e5ff82e1e08dc51caa7f3f857"",""k"":1684,""k_filler"":76,""k_ldpc"":1760,""layout_id"":""2c4318d41af314394116d98c405bb9817d45298fc88da67939a9500109dbd386"",""modulation_padding_bits"":0,""mother_bits"":9152,""n"":4772,""n_cb"":8800,""n_cb_comp"":8724,""power_protocol"":""fixed_constellation_average_Es2"",""puncturing_bits"":4304,""puncturing_first_2Z"":352,""puncturing_remaining"":3952,""repetition_bits"":0,""scrambling"":""public_PCG64_SHA256_protocol_session_frame_group_counter_after_rate_matching_v1"",""shortening_bits"":76,""z"":176}",[2048]
QPSK,1/2,QPSK:r1/2,c7ef93e8e9c348c1648bbd943aad3c5892cd4941e93268389299bb95801dd0f2,1200,16,0,1216,1280,64,6656,3274,1637,0,0.371411117898595,0.3665241295051924,"{""actual_effective_rate"":0.371411117898595,""bg"":""bg2"",""bit_mapping"":""component_Gray_00_-3_01_-1_10_3_11_1_over_sqrt5;QPSK_0_plus1_1_minus1"",""code_blocks"":1,""decoder_config"":{""cn_schedule"":""flooding"",""cn_update"":""boxplus-phi"",""early_stop"":false,""hard_out"":true,""harq_mode"":false,""llr_max"":20.0,""num_iter"":20,""precision"":""single"",""prune_pcm"":true,""return_infobits"":true,""vn_update"":""sum""},""implementation"":{""bit_mapping"":""component_Gray_00_-3_01_-1_10_3_11_1_over_sqrt5;QPSK_0_plus1_1_minus1"",""cuda"":""12.8"",""decoder"":{""cn_schedule"":""flooding"",""cn_update"":""boxplus-phi"",""early_stop"":false,""hard_out"":true,""harq_mode"":false,""llr_max"":20.0,""num_iter"":20,""precision"":""single"",""prune_pcm"":true,""return_infobits"":true,""vn_update"":""sum""},""decoder_source_sha256"":""44d84b92b749e2970f94d92cd348a11648e2286b4d851faa0af8b21d08f0da23"",""encoder_source_sha256"":""34d8db6660b2e84708a8fb534f63c194f6f2b964e3693fcffc9dcaf21532ccfd"",""implementation"":""Sionna_5G_LDPC"",""power_protocol"":""fixed_constellation_average_Es2"",""precision"":""float32"",""rate_matching"":""Sionna RV0; filler removal, first2Z and tail puncturing; supported n only"",""scrambling"":""public_PCG64_SHA256_protocol_session_frame_group_counter_after_rate_matching_v1"",""torch"":""2.11.0+cu128"",""version"":""2.2.0""},""interleaver_sha256"":""81e6eba3a9a733416cbd9422059480705bc67a2b1d4a3773093d91ee7592af9d"",""k"":1216,""k_filler"":64,""k_ldpc"":1280,""layout_id"":""20c7e7813a9a73d117b2e6b36ddc6c03c4cd7d649a9f439d2002ad4a94cb11ae"",""modulation_padding_bits"":0,""mother_bits"":6656,""n"":3274,""n_cb"":6400,""n_cb_comp"":6336,""power_protocol"":""fixed_constellation_average_Es2"",""puncturing_bits"":3318,""puncturing_first_2Z"":256,""puncturing_remaining"":3062,""repetition_bits"":0,""scrambling"":""public_PCG64_SHA256_protocol_session_frame_group_counter_after_rate_matching_v1"",""shortening_bits"":64,""z"":128}",[2048]
16QAM,5/6,16QAM:r5/6,c7f7187ab76d9f547e872b233afef2196eb3f0cfac78d3f2ccb6d7cc87f45599,3204,16,0,3220,3520,300,18304,5700,1425,0,0.5649122807017544,0.5621052631578948,"{""actual_effective_rate"":0.5649122807017544,""bg"":""bg2"",""bit_mapping"":""component_Gray_00_-3_01_-1_10_3_11_1_over_sqrt5;QPSK_0_plus1_1_minus1"",""code_blocks"":1,""decoder_config"":{""cn_schedule"":""flooding"",""cn_update"":""boxplus-phi"",""early_stop"":false,""hard_out"":true,""harq_mode"":false,""llr_max"":20.0,""num_iter"":20,""precision"":""single"",""prune_pcm"":true,""return_infobits"":true,""vn_update"":""sum""},""implementation"":{""bit_mapping"":""component_Gray_00_-3_01_-1_10_3_11_1_over_sqrt5;QPSK_0_plus1_1_minus1"",""cuda"":""12.8"",""decoder"":{""cn_schedule"":""flooding"",""cn_update"":""boxplus-phi"",""early_stop"":false,""hard_out"":true,""harq_mode"":false,""llr_max"":20.0,""num_iter"":20,""precision"":""single"",""prune_pcm"":true,""return_infobits"":true,""vn_update"":""sum""},""decoder_source_sha256"":""44d84b92b749e2970f94d92cd348a11648e2286b4d851faa0af8b21d08f0da23"",""encoder_source_sha256"":""34d8db6660b2e84708a8fb534f63c194f6f2b964e3693fcffc9dcaf21532ccfd"",""implementation"":""Sionna_5G_LDPC"",""power_protocol"":""fixed_constellation_average_Es2"",""precision"":""float32"",""rate_matching"":""Sionna RV0; filler removal, first2Z and tail puncturing; supported n only"",""scrambling"":""public_PCG64_SHA256_protocol_session_frame_group_counter_after_rate_matching_v1"",""torch"":""2.11.0+cu128"",""version"":""2.2.0""},""interleaver_sha256"":""266f42dc7574cdba14d2804104b730e89179a857608573c817593bef892ddd72"",""k"":3220,""k_filler"":300,""k_ldpc"":3520,""layout_id"":""d100f66e754ffdc6657352e0da7e43b3026332b0a193afaf0eb6dad7bf9e1cae"",""modulation_padding_bits"":0,""mother_bits"":18304,""n"":5700,""n_cb"":17600,""n_cb_comp"":17300,""power_protocol"":""fixed_constellation_average_Es2"",""puncturing_bits"":12304,""puncturing_first_2Z"":704,""puncturing_remaining"":11600,""repetition_bits"":0,""scrambling"":""public_PCG64_SHA256_protocol_session_frame_group_counter_after_rate_matching_v1"",""shortening_bits"":300,""z"":352}",[2048]
16QAM,3/4,16QAM:r3/4,c7fd65ecbced6137a664b50ab4a0db9f7843faa3753ab0b26feb5038036a1017,768,16,0,784,800,16,4160,3484,871,0,0.22502870264064295,0.22043628013777267,"{""actual_effective_rate"":0.22502870264064295,""bg"":""bg2"",""bit_mapping"":""component_Gray_00_-3_01_-1_10_3_11_1_over_sqrt5;QPSK_0_plus1_1_minus1"",""code_blocks"":1,""decoder_config"":{""cn_schedule"":""flooding"",""cn_update"":""boxplus-phi"",""early_stop"":false,""hard_out"":true,""harq_mode"":false,""llr_max"":20.0,""num_iter"":20,""precision"":""single"",""prune_pcm"":true,""return_infobits"":true,""vn_update"":""sum""},""implementation"":{""bit_mapping"":""component_Gray_00_-3_01_-1_10_3_11_1_over_sqrt5;QPSK_0_plus1_1_minus1"",""cuda"":""12.8"",""decoder"":{""cn_schedule"":""flooding"",""cn_update"":""boxplus-phi"",""early_stop"":false,""hard_out"":true,""harq_mode"":false,""llr_max"":20.0,""num_iter"":20,""precision"":""single"",""prune_pcm"":true,""return_infobits"":true,""vn_update"":""sum""},""decoder_source_sha256"":""44d84b92b749e2970f94d92cd348a11648e2286b4d851faa0af8b21d08f0da23"",""encoder_source_sha256"":""34d8db6660b2e84708a8fb534f63c194f6f2b964e3693fcffc9dcaf21532ccfd"",""implementation"":""Sionna_5G_LDPC"",""power_protocol"":""fixed_constellation_average_Es2"",""precision"":""float32"",""rate_matching"":""Sionna RV0; filler removal, first2Z and tail puncturing; supported n only"",""scrambling"":""public_PCG64_SHA256_protocol_session_frame_group_counter_after_rate_matching_v1"",""torch"":""2.11.0+cu128"",""version"":""2.2.0""},""interleaver_sha256"":""0a5c76110938c227c6a8cbe9767e2a10d0bff1b28412717e73b5d087c1ee6175"",""k"":784,""k_filler"":16,""k_ldpc"":800,""layout_id"":""92a22177143cd1155de1c4127676a0308e69fa5f8667f0fdee8541402193f531"",""modulation_padding_bits"":0,""mother_bits"":4160,""n"":3484,""n_cb"":4000,""n_cb_comp"":3984,""power_protocol"":""fixed_constellation_average_Es2"",""puncturing_bits"":660,""puncturing_first_2Z"":160,""puncturing_remaining"":500,""repetition_bits"":0,""scrambling"":""public_PCG64_SHA256_protocol_session_frame_group_counter_after_rate_matching_v1"",""shortening_bits"":16,""z"":80}",[2048]
QPSK,1/3,QPSK:r1/3,c8011a67573f328602c382bc0041fae8a71cd356414e9e98db3985cf4a70603c,660,16,0,676,720,44,3744,3244,1622,0,0.20838471023427868,0.2034525277435265,"{""actual_effective_rate"":0.20838471023427868,""bg"":""bg2"",""bit_mapping"":""component_Gray_00_-3_01_-1_10_3_11_1_over_sqrt5;QPSK_0_plus1_1_minus1"",""code_blocks"":1,""decoder_config"":{""cn_schedule"":""flooding"",""cn_update"":""boxplus-phi"",""early_stop"":false,""hard_out"":true,""harq_mode"":false,""llr_max"":20.0,""num_iter"":20,""precision"":""single"",""prune_pcm"":true,""return_infobits"":true,""vn_update"":""sum""},""implementation"":{""bit_mapping"":""component_Gray_00_-3_01_-1_10_3_11_1_over_sqrt5;QPSK_0_plus1_1_minus1"",""cuda"":""12.8"",""decoder"":{""cn_schedule"":""flooding"",""cn_update"":""boxplus-phi"",""early_stop"":false,""hard_out"":true,""harq_mode"":false,""llr_max"":20.0,""num_iter"":20,""precision"":""single"",""prune_pcm"":true,""return_infobits"":true,""vn_update"":""sum""},""decoder_source_sha256"":""44d84b92b749e2970f94d92cd348a11648e2286b4d851faa0af8b21d08f0da23"",""encoder_source_sha256"":""34d8db6660b2e84708a8fb534f63c194f6f2b964e3693fcffc9dcaf21532ccfd"",""implementation"":""Sionna_5G_LDPC"",""power_protocol"":""fixed_constellation_average_Es2"",""precision"":""float32"",""rate_matching"":""Sionna RV0; filler removal, first2Z and tail puncturing; supported n only"",""scrambling"":""public_PCG64_SHA256_protocol_session_frame_group_counter_after_rate_matching_v1"",""torch"":""2.11.0+cu128"",""version"":""2.2.0""},""interleaver_sha256"":""3eee1beca31615cdb84d4cfce27be56b8322bd89c60262331a629f3327816ff7"",""k"":676,""k_filler"":44,""k_ldpc"":720,""layout_id"":""b3026eb525aacb06f0b413191cbfeaae71fc81dd20b9128aef73fa00b72f2dd9"",""modulation_padding_bits"":0,""mother_bits"":3744,""n"":3244,""n_cb"":3600,""n_cb_comp"":3556,""power_protocol"":""fixed_constellation_average_Es2"",""puncturing_bits"":456,""puncturing_first_2Z"":144,""puncturing_remaining"":312,""repetition_bits"":0,""scrambling"":""public_PCG64_SHA256_protocol_session_frame_group_counter_after_rate_matching_v1"",""shortening_bits"":44,""z"":72}",[2048]
16QAM,3/4,16QAM:r3/4,c806f945617fde213e931bebc5effb0f2095809ba496b908eb937bf3a1275b82,900,16,0,916,968,52,2992,1224,306,0,0.7483660130718954,0.7352941176470589,"{""actual_effective_rate"":0.7483660130718954,""bg"":""bg1"",""bit_mapping"":""component_Gray_00_-3_01_-1_10_3_11_1_over_sqrt5;QPSK_0_plus1_1_minus1"",""code_blocks"":1,""decoder_config"":{""cn_schedule"":""flooding"",""cn_update"":""boxplus-phi"",""early_stop"":false,""hard_out"":true,""harq_mode"":false,""llr_max"":20.0,""num_iter"":20,""precision"":""single"",""prune_pcm"":true,""return_infobits"":true,""vn_update"":""sum""},""implementation"":{""bit_mapping"":""component_Gray_00_-3_01_-1_10_3_11_1_over_sqrt5;QPSK_0_plus1_1_minus1"",""cuda"":""12.8"",""decoder"":{""cn_schedule"":""flooding"",""cn_update"":""boxplus-phi"",""early_stop"":false,""hard_out"":true,""harq_mode"":false,""llr_max"":20.0,""num_iter"":20,""precision"":""single"",""prune_pcm"":true,""return_infobits"":true,""vn_update"":""sum""},""decoder_source_sha256"":""44d84b92b749e2970f94d92cd348a11648e2286b4d851faa0af8b21d08f0da23"",""encoder_source_sha256"":""34d8db6660b2e84708a8fb534f63c194f6f2b964e3693fcffc9dcaf21532ccfd"",""implementation"":""Sionna_5G_LDPC"",""power_protocol"":""fixed_constellation_average_Es2"",""precision"":""float32"",""rate_matching"":""Sionna RV0; filler removal, first2Z and tail puncturing; supported n only"",""scrambling"":""public_PCG64_SHA256_protocol_session_frame_group_counter_after_rate_matching_v1"",""torch"":""2.11.0+cu128"",""version"":""2.2.0""},""interleaver_sha256"":""cdec7e15591fed207e2f402f50e44686fbc78aee21902dec65b44e0a8dcd92ca"",""k"":916,""k_filler"":52,""k_ldpc"":968,""layout_id"":""16f634682866dbfac6792eef7b992b847a01b10acd02bf7da629daa0fce026de"",""modulation_padding_bits"":0,""mother_bits"":2992,""n"":1224,""n_cb"":2904,""n_cb_comp"":2852,""power_protocol"":""fixed_constellation_average_Es2"",""puncturing_bits"":1716,""puncturing_first_2Z"":88,""puncturing_remaining"":1628,""repetition_bits"":0,""scrambling"":""public_PCG64_SHA256_protocol_session_frame_group_counter_after_rate_matching_v1"",""shortening_bits"":52,""z"":44}","[1024,2048]"
16QAM,5/6,16QAM:r5/6,c8112e02e8908d846f0d9178cc16f7a0663570e1e39cc56a9bc0e38b2a681625,624,16,0,640,720,80,3744,2540,635,0,0.25196850393700787,0.24566929133858267,"{""actual_effective_rate"":0.25196850393700787,""bg"":""bg2"",""bit_mapping"":""component_Gray_00_-3_01_-1_10_3_11_1_over_sqrt5;QPSK_0_plus1_1_minus1"",""code_blocks"":1,""decoder_config"":{""cn_schedule"":""flooding"",""cn_update"":""boxplus-phi"",""early_stop"":false,""hard_out"":true,""harq_mode"":false,""llr_max"":20.0,""num_iter"":20,""precision"":""single"",""prune_pcm"":true,""return_infobits"":true,""vn_update"":""sum""},""implementation"":{""bit_mapping"":""component_Gray_00_-3_01_-1_10_3_11_1_over_sqrt5;QPSK_0_plus1_1_minus1"",""cuda"":""12.8"",""decoder"":{""cn_schedule"":""flooding"",""cn_update"":""boxplus-phi"",""early_stop"":false,""hard_out"":true,""harq_mode"":false,""llr_max"":20.0,""num_iter"":20,""precision"":""single"",""prune_pcm"":true,""return_infobits"":true,""vn_update"":""sum""},""decoder_source_sha256"":""44d84b92b749e2970f94d92cd348a11648e2286b4d851faa0af8b21d08f0da23"",""encoder_source_sha256"":""34d8db6660b2e84708a8fb534f63c194f6f2b964e3693fcffc9dcaf21532ccfd"",""implementation"":""Sionna_5G_LDPC"",""power_protocol"":""fixed_constellation_average_Es2"",""precision"":""float32"",""rate_matching"":""Sionna RV0; filler removal, first2Z and tail puncturing; supported n only"",""scrambling"":""public_PCG64_SHA256_protocol_session_frame_group_counter_after_rate_matching_v1"",""torch"":""2.11.0+cu128"",""version"":""2.2.0""},""interleaver_sha256"":""a2491f9d7a1ffd3d1e9aad95eef1d330a86e8b3d18d66c2cb17c286d1f08a5e3"",""k"":640,""k_filler"":80,""k_ldpc"":720,""layout_id"":""695a8339a52917a94de47db7ce62c6572e8bbeea5e42697b66bd29306722c434"",""modulation_padding_bits"":0,""mother_bits"":3744,""n"":2540,""n_cb"":3600,""n_cb_comp"":3520,""power_protocol"":""fixed_constellation_average_Es2"",""puncturing_bits"":1124,""puncturing_first_2Z"":144,""puncturing_remaining"":980,""repetition_bits"":0,""scrambling"":""public_PCG64_SHA256_protocol_session_frame_group_counter_after_rate_matching_v1"",""shortening_bits"":80,""z"":72}",[2048]
QPSK,5/6,QPSK:r5/6,c81a5d4fdf29a806ea8d4581a8be423e1a970ad895639cd8a304479d7f123a68,1092,16,0,1108,1120,12,5824,3296,1648,0,0.33616504854368934,0.3313106796116505,"{""actual_effective_rate"":0.33616504854368934,""bg"":""bg2"",""bit_mapping"":""component_Gray_00_-3_01_-1_10_3_11_1_over_sqrt5;QPSK_0_plus1_1_minus1"",""code_blocks"":1,""decoder_config"":{""cn_schedule"":""flooding"",""cn_update"":""boxplus-phi"",""early_stop"":false,""hard_out"":true,""harq_mode"":false,""llr_max"":20.0,""num_iter"":20,""precision"":""single"",""prune_pcm"":true,""return_infobits"":true,""vn_update"":""sum""},""implementation"":{""bit_mapping"":""component_Gray_00_-3_01_-1_10_3_11_1_over_sqrt5;QPSK_0_plus1_1_minus1"",""cuda"":""12.8"",""decoder"":{""cn_schedule"":""flooding"",""cn_update"":""boxplus-phi"",""early_stop"":false,""hard_out"":true,""harq_mode"":false,""llr_max"":20.0,""num_iter"":20,""precision"":""single"",""prune_pcm"":true,""return_infobits"":true,""vn_update"":""sum""},""decoder_source_sha256"":""44d84b92b749e2970f94d92cd348a11648e2286b4d851faa0af8b21d08f0da23"",""encoder_source_sha256"":""34d8db6660b2e84708a8fb534f63c194f6f2b964e3693fcffc9dcaf21532ccfd"",""implementation"":""Sionna_5G_LDPC"",""power_protocol"":""fixed_constellation_average_Es2"",""precision"":""float32"",""rate_matching"":""Sionna RV0; filler removal, first2Z and tail puncturing; supported n only"",""scrambling"":""public_PCG64_SHA256_protocol_session_frame_group_counter_after_rate_matching_v1"",""torch"":""2.11.0+cu128"",""version"":""2.2.0""},""interleaver_sha256"":""4a449e49f3e3bbb58495f47b2fe118abf05b34f0feb0704e26751eb870e1db19"",""k"":1108,""k_filler"":12,""k_ldpc"":1120,""layout_id"":""4eb61c49b7d531f70e2b59301e5f8b7fa1714d6320ee7d3c47b9faece7f3a721"",""modulation_padding_bits"":0,""mother_bits"":5824,""n"":3296,""n_cb"":5600,""n_cb_comp"":5588,""power_protocol"":""fixed_constellation_average_Es2"",""puncturing_bits"":2516,""puncturing_first_2Z"":224,""puncturing_remaining"":2292,""repetition_bits"":0,""scrambling"":""public_PCG64_SHA256_protocol_session_frame_group_counter_after_rate_matching_v1"",""shortening_bits"":12,""z"":112}",[2048]
QPSK,1/3,QPSK:r1/3,c821bcda5417025696854d154e475978edc25e43735f7ec05972b665f4ecb512,1092,16,0,1108,1120,12,5824,3536,1768,0,0.31334841628959276,0.3088235294117647,"{""actual_effective_rate"":0.31334841628959276,""bg"":""bg2"",""bit_mapping"":""component_Gray_00_-3_01_-1_10_3_11_1_over_sqrt5;QPSK_0_plus1_1_minus1"",""code_blocks"":1,""decoder_config"":{""cn_schedule"":""flooding"",""cn_update"":""boxplus-phi"",""early_stop"":false,""hard_out"":true,""harq_mode"":false,""llr_max"":20.0,""num_iter"":20,""precision"":""single"",""prune_pcm"":true,""return_infobits"":true,""vn_update"":""sum""},""implementation"":{""bit_mapping"":""component_Gray_00_-3_01_-1_10_3_11_1_over_sqrt5;QPSK_0_plus1_1_minus1"",""cuda"":""12.8"",""decoder"":{""cn_schedule"":""flooding"",""cn_update"":""boxplus-phi"",""early_stop"":false,""hard_out"":true,""harq_mode"":false,""llr_max"":20.0,""num_iter"":20,""precision"":""single"",""prune_pcm"":true,""return_infobits"":true,""vn_update"":""sum""},""decoder_source_sha256"":""44d84b92b749e2970f94d92cd348a11648e2286b4d851faa0af8b21d08f0da23"",""encoder_source_sha256"":""34d8db6660b2e84708a8fb534f63c194f6f2b964e3693fcffc9dcaf21532ccfd"",""implementation"":""Sionna_5G_LDPC"",""power_protocol"":""fixed_constellation_average_Es2"",""precision"":""float32"",""rate_matching"":""Sionna RV0; filler removal, first2Z and tail puncturing; supported n only"",""scrambling"":""public_PCG64_SHA256_protocol_session_frame_group_counter_after_rate_matching_v1"",""torch"":""2.11.0+cu128"",""version"":""2.2.0""},""interleaver_sha256"":""ba44ba20aabf84f29471a0fba4728993cb7829eb1c08f4d14c6e8ba54c8833cc"",""k"":1108,""k_filler"":12,""k_ldpc"":1120,""layout_id"":""6060adce1c84ebc352877e4c948f4917063c2180f30ec2e46f3370a4d5ba02ea"",""modulation_padding_bits"":0,""mother_bits"":5824,""n"":3536,""n_cb"":5600,""n_cb_comp"":5588,""power_protocol"":""fixed_constellation_average_Es2"",""puncturing_bits"":2276,""puncturing_first_2Z"":224,""puncturing_remaining"":2052,""repetition_bits"":0,""scrambling"":""public_PCG64_SHA256_protocol_session_frame_group_counter_after_rate_matching_v1"",""shortening_bits"":12,""z"":112}",[2048]
QPSK,2/3,QPSK:r2/3,c84f75881f3ecd83896ef68078bd67fcb4aac5f8e920b48ef0b1faaf9ec6fc66,300,16,0,316,400,84,2080,1086,543,0,0.29097605893186,0.27624309392265195,"{""actual_effective_rate"":0.29097605893186,""bg"":""bg2"",""bit_mapping"":""component_Gray_00_-3_01_-1_10_3_11_1_over_sqrt5;QPSK_0_plus1_1_minus1"",""code_blocks"":1,""decoder_config"":{""cn_schedule"":""flooding"",""cn_update"":""boxplus-phi"",""early_stop"":false,""hard_out"":true,""harq_mode"":false,""llr_max"":20.0,""num_iter"":20,""precision"":""single"",""prune_pcm"":true,""return_infobits"":true,""vn_update"":""sum""},""implementation"":{""bit_mapping"":""component_Gray_00_-3_01_-1_10_3_11_1_over_sqrt5;QPSK_0_plus1_1_minus1"",""cuda"":""12.8"",""decoder"":{""cn_schedule"":""flooding"",""cn_update"":""boxplus-phi"",""early_stop"":false,""hard_out"":true,""harq_mode"":false,""llr_max"":20.0,""num_iter"":20,""precision"":""single"",""prune_pcm"":true,""return_infobits"":true,""vn_update"":""sum""},""decoder_source_sha256"":""44d84b92b749e2970f94d92cd348a11648e2286b4d851faa0af8b21d08f0da23"",""encoder_source_sha256"":""34d8db6660b2e84708a8fb534f63c194f6f2b964e3693fcffc9dcaf21532ccfd"",""implementation"":""Sionna_5G_LDPC"",""power_protocol"":""fixed_constellation_average_Es2"",""precision"":""float32"",""rate_matching"":""Sionna RV0; filler removal, first2Z and tail puncturing; supported n only"",""scrambling"":""public_PCG64_SHA256_protocol_session_frame_group_counter_after_rate_matching_v1"",""torch"":""2.11.0+cu128"",""version"":""2.2.0""},""interleaver_sha256"":""c629076cdfeb4a65198fdeb79af4668aa58fa0fb51aa2b7462d4b946993d0dc2"",""k"":316,""k_filler"":84,""k_ldpc"":400,""layout_id"":""6218f486a52126335ea9c970043db7eef0462e9bfd1d5cc151c50020fbbe4dea"",""modulation_padding_bits"":0,""mother_bits"":2080,""n"":1086,""n_cb"":2000,""n_cb_comp"":1916,""power_protocol"":""fixed_constellation_average_Es2"",""puncturing_bits"":910,""puncturing_first_2Z"":80,""puncturing_remaining"":830,""repetition_bits"":0,""scrambling"":""public_PCG64_SHA256_protocol_session_frame_group_counter_after_rate_matching_v1"",""shortening_bits"":84,""z"":40}",[2048]
16QAM,3/4,16QAM:r3/4,c85414ba51f296ccaacf2dcbb9b7d2394944d64e6753c8daa77c74d39c529cbf,3408,16,0,3424,3520,96,18304,6108,1527,0,0.5605762933857237,0.5579567779960707,"{""actual_effective_rate"":0.5605762933857237,""bg"":""bg2"",""bit_mapping"":""component_Gray_00_-3_01_-1_10_3_11_1_over_sqrt5;QPSK_0_plus1_1_minus1"",""code_blocks"":1,""decoder_config"":{""cn_schedule"":""flooding"",""cn_update"":""boxplus-phi"",""early_stop"":false,""hard_out"":true,""harq_mode"":false,""llr_max"":20.0,""num_iter"":20,""precision"":""single"",""prune_pcm"":true,""return_infobits"":true,""vn_update"":""sum""},""implementation"":{""bit_mapping"":""component_Gray_00_-3_01_-1_10_3_11_1_over_sqrt5;QPSK_0_plus1_1_minus1"",""cuda"":""12.8"",""decoder"":{""cn_schedule"":""flooding"",""cn_update"":""boxplus-phi"",""early_stop"":false,""hard_out"":true,""harq_mode"":false,""llr_max"":20.0,""num_iter"":20,""precision"":""single"",""prune_pcm"":true,""return_infobits"":true,""vn_update"":""sum""},""decoder_source_sha256"":""44d84b92b749e2970f94d92cd348a11648e2286b4d851faa0af8b21d08f0da23"",""encoder_source_sha256"":""34d8db6660b2e84708a8fb534f63c194f6f2b964e3693fcffc9dcaf21532ccfd"",""implementation"":""Sionna_5G_LDPC"",""power_protocol"":""fixed_constellation_average_Es2"",""precision"":""float32"",""rate_matching"":""Sionna RV0; filler removal, first2Z and tail puncturing; supported n only"",""scrambling"":""public_PCG64_SHA256_protocol_session_frame_group_counter_after_rate_matching_v1"",""torch"":""2.11.0+cu128"",""version"":""2.2.0""},""interleaver_sha256"":""1e8b745f0a933f65b34e6f1efa5c083d608f071c221310cdac9d521c4c71c4d9"",""k"":3424,""k_filler"":96,""k_ldpc"":3520,""layout_id"":""208a5cf3ef0a60293a7c37c188797148b784880ba587701994b59c10b6d27eed"",""modulation_padding_bits"":0,""mother_bits"":18304,""n"":6108,""n_cb"":17600,""n_cb_comp"":17504,""power_protocol"":""fixed_constellation_average_Es2"",""puncturing_bits"":12100,""puncturing_first_2Z"":704,""puncturing_remaining"":11396,""repetition_bits"":0,""scrambling"":""public_PCG64_SHA256_protocol_session_frame_group_counter_after_rate_matching_v1"",""shortening_bits"":96,""z"":352}",[2048]
16QAM,2/3,16QAM:r2/3,c86a36df27d66be0b98a7c9572885a2af4a848c6b6c9bbe608030bfb77118b8e,1092,16,0,1108,1120,12,5824,2496,624,0,0.4439102564102564,0.4375,"{""actual_effective_rate"":0.4439102564102564,""bg"":""bg2"",""bit_mapping"":""component_Gray_00_-3_01_-1_10_3_11_1_over_sqrt5;QPSK_0_plus1_1_minus1"",""code_blocks"":1,""decoder_config"":{""cn_schedule"":""flooding"",""cn_update"":""boxplus-phi"",""early_stop"":false,""hard_out"":true,""harq_mode"":false,""llr_max"":20.0,""num_iter"":20,""precision"":""single"",""prune_pcm"":true,""return_infobits"":true,""vn_update"":""sum""},""implementation"":{""bit_mapping"":""component_Gray_00_-3_01_-1_10_3_11_1_over_sqrt5;QPSK_0_plus1_1_minus1"",""cuda"":""12.8"",""decoder"":{""cn_schedule"":""flooding"",""cn_update"":""boxplus-phi"",""early_stop"":false,""hard_out"":true,""harq_mode"":false,""llr_max"":20.0,""num_iter"":20,""precision"":""single"",""prune_pcm"":true,""return_infobits"":true,""vn_update"":""sum""},""decoder_source_sha256"":""44d84b92b749e2970f94d92cd348a11648e2286b4d851faa0af8b21d08f0da23"",""encoder_source_sha256"":""34d8db6660b2e84708a8fb534f63c194f6f2b964e3693fcffc9dcaf21532ccfd"",""implementation"":""Sionna_5G_LDPC"",""power_protocol"":""fixed_constellation_average_Es2"",""precision"":""float32"",""rate_matching"":""Sionna RV0; filler removal, first2Z and tail puncturing; supported n only"",""scrambling"":""public_PCG64_SHA256_protocol_session_frame_group_counter_after_rate_matching_v1"",""torch"":""2.11.0+cu128"",""version"":""2.2.0""},""interleaver_sha256"":""867bce44f7a17c724f728698d2963fa90b52b0506837eb02bddaa1f35142bcc4"",""k"":1108,""k_filler"":12,""k_ldpc"":1120,""layout_id"":""6cee2cbdc784add493f372ea7993c72e8044c57ef36af708356cd326faa60072"",""modulation_padding_bits"":0,""mother_bits"":5824,""n"":2496,""n_cb"":5600,""n_cb_comp"":5588,""power_protocol"":""fixed_constellation_average_Es2"",""puncturing_bits"":3316,""puncturing_first_2Z"":224,""puncturing_remaining"":3092,""repetition_bits"":0,""scrambling"":""public_PCG64_SHA256_protocol_session_frame_group_counter_after_rate_matching_v1"",""shortening_bits"":12,""z"":112}","[1024,2048]"
16QAM,1/3,16QAM:r1/3,c87c3022ed7f57d1e9083320435b882fdb9a5a776dfa3dfc628622afdc6c01c3,576,16,0,592,720,128,3744,2184,546,0,0.27106227106227104,0.26373626373626374,"{""actual_effective_rate"":0.27106227106227104,""bg"":""bg2"",""bit_mapping"":""component_Gray_00_-3_01_-1_10_3_11_1_over_sqrt5;QPSK_0_plus1_1_minus1"",""code_blocks"":1,""decoder_config"":{""cn_schedule"":""flooding"",""cn_update"":""boxplus-phi"",""early_stop"":false,""hard_out"":true,""harq_mode"":false,""llr_max"":20.0,""num_iter"":20,""precision"":""single"",""prune_pcm"":true,""return_infobits"":true,""vn_update"":""sum""},""implementation"":{""bit_mapping"":""component_Gray_00_-3_01_-1_10_3_11_1_over_sqrt5;QPSK_0_plus1_1_minus1"",""cuda"":""12.8"",""decoder"":{""cn_schedule"":""flooding"",""cn_update"":""boxplus-phi"",""early_stop"":false,""hard_out"":true,""harq_mode"":false,""llr_max"":20.0,""num_iter"":20,""precision"":""single"",""prune_pcm"":true,""return_infobits"":true,""vn_update"":""sum""},""decoder_source_sha256"":""44d84b92b749e2970f94d92cd348a11648e2286b4d851faa0af8b21d08f0da23"",""encoder_source_sha256"":""34d8db6660b2e84708a8fb534f63c194f6f2b964e3693fcffc9dcaf21532ccfd"",""implementation"":""Sionna_5G_LDPC"",""power_protocol"":""fixed_constellation_average_Es2"",""precision"":""float32"",""rate_matching"":""Sionna RV0; filler removal, first2Z and tail puncturing; supported n only"",""scrambling"":""public_PCG64_SHA256_protocol_session_frame_group_counter_after_rate_matching_v1"",""torch"":""2.11.0+cu128"",""version"":""2.2.0""},""interleaver_sha256"":""bd4f1418ccce41319029264ecdf4d67855257d41b5bd43b089271ad641f178d5"",""k"":592,""k_filler"":128,""k_ldpc"":720,""layout_id"":""9b379a5cd6521bda95b811e3ac32f7a781cacb2a54c6dfcd7781451ddc094c7e"",""modulation_padding_bits"":0,""mother_bits"":3744,""n"":2184,""n_cb"":3600,""n_cb_comp"":3472,""power_protocol"":""fixed_constellation_average_Es2"",""puncturing_bits"":1432,""puncturing_first_2Z"":144,""puncturing_remaining"":1288,""repetition_bits"":0,""scrambling"":""public_PCG64_SHA256_protocol_session_frame_group_counter_after_rate_matching_v1"",""shortening_bits"":128,""z"":72}",[1024]
16QAM,3/4,16QAM:r3/4,c8847082c29681674d19db8c8c8d9fedc291980483eef31c0775dc99aaeb8f3e,3912,16,0,3928,4224,296,13056,5240,1310,0,0.749618320610687,0.7465648854961832,"{""actual_effective_rate"":0.749618320610687,""bg"":""bg1"",""bit_mapping"":""component_Gray_00_-3_01_-1_10_3_11_1_over_sqrt5;QPSK_0_plus1_1_minus1"",""code_blocks"":1,""decoder_config"":{""cn_schedule"":""flooding"",""cn_update"":""boxplus-phi"",""early_stop"":false,""hard_out"":true,""harq_mode"":false,""llr_max"":20.0,""num_iter"":20,""precision"":""single"",""prune_pcm"":true,""return_infobits"":true,""vn_update"":""sum""},""implementation"":{""bit_mapping"":""component_Gray_00_-3_01_-1_10_3_11_1_over_sqrt5;QPSK_0_plus1_1_minus1"",""cuda"":""12.8"",""decoder"":{""cn_schedule"":""flooding"",""cn_update"":""boxplus-phi"",""early_stop"":false,""hard_out"":true,""harq_mode"":false,""llr_max"":20.0,""num_iter"":20,""precision"":""single"",""prune_pcm"":true,""return_infobits"":true,""vn_update"":""sum""},""decoder_source_sha256"":""44d84b92b749e2970f94d92cd348a11648e2286b4d851faa0af8b21d08f0da23"",""encoder_source_sha256"":""34d8db6660b2e84708a8fb534f63c194f6f2b964e3693fcffc9dcaf21532ccfd"",""implementation"":""Sionna_5G_LDPC"",""power_protocol"":""fixed_constellation_average_Es2"",""precision"":""float32"",""rate_matching"":""Sionna RV0; filler removal, first2Z and tail puncturing; supported n only"",""scrambling"":""public_PCG64_SHA256_protocol_session_frame_group_counter_after_rate_matching_v1"",""torch"":""2.11.0+cu128"",""version"":""2.2.0""},""interleaver_sha256"":""9cef0d1a6cec9bb0c9ef12e5b93e54d3c3c12f7d56052f6fbf734d71fadcb4ba"",""k"":3928,""k_filler"":296,""k_ldpc"":4224,""layout_id"":""583fd435bffcd37536e4cfb4f2ff175afdd9d09fe8bcda9f3a76c67aba47a8d4"",""modulation_padding_bits"":0,""mother_bits"":13056,""n"":5240,""n_cb"":12672,""n_cb_comp"":12376,""power_protocol"":""fixed_constellation_average_Es2"",""puncturing_bits"":7520,""puncturing_first_2Z"":384,""puncturing_remaining"":7136,""repetition_bits"":0,""scrambling"":""public_PCG64_SHA256_protocol_session_frame_group_counter_after_rate_matching_v1"",""shortening_bits"":296,""z"":192}",[2048]
16QAM,1/2,16QAM:r1/2,c8856ff39e13dee2337618c0cae075515a774ff8d633df4aef82274b5014e5ac,108,16,0,124,220,96,1144,248,62,0,0.5,0.43548387096774194,"{""actual_effective_rate"":0.5,""bg"":""bg2"",""bit_mapping"":""component_Gray_00_-3_01_-1_10_3_11_1_over_sqrt5;QPSK_0_plus1_1_minus1"",""code_blocks"":1,""decoder_config"":{""cn_schedule"":""flooding"",""cn_update"":""boxplus-phi"",""early_stop"":false,""hard_out"":true,""harq_mode"":false,""llr_max"":20.0,""num_iter"":20,""precision"":""single"",""prune_pcm"":true,""return_infobits"":true,""vn_update"":""sum""},""implementation"":{""bit_mapping"":""component_Gray_00_-3_01_-1_10_3_11_1_over_sqrt5;QPSK_0_plus1_1_minus1"",""cuda"":""12.8"",""decoder"":{""cn_schedule"":""flooding"",""cn_update"":""boxplus-phi"",""early_stop"":false,""hard_out"":true,""harq_mode"":false,""llr_max"":20.0,""num_iter"":20,""precision"":""single"",""prune_pcm"":true,""return_infobits"":true,""vn_update"":""sum""},""decoder_source_sha256"":""44d84b92b749e2970f94d92cd348a11648e2286b4d851faa0af8b21d08f0da23"",""encoder_source_sha256"":""34d8db6660b2e84708a8fb534f63c194f6f2b964e3693fcffc9dcaf21532ccfd"",""implementation"":""Sionna_5G_LDPC"",""power_protocol"":""fixed_constellation_average_Es2"",""precision"":""float32"",""rate_matching"":""Sionna RV0; filler removal, first2Z and tail puncturing; supported n only"",""scrambling"":""public_PCG64_SHA256_protocol_session_frame_group_counter_after_rate_matching_v1"",""torch"":""2.11.0+cu128"",""version"":""2.2.0""},""interleaver_sha256"":""b11171f08f20dda504e06e94439b434b9efe81116924b4875bad339a38415447"",""k"":124,""k_filler"":96,""k_ldpc"":220,""layout_id"":""c4a2e634f7448f3f6ac3c91e100e2b2b03f1ebb4166d4df1fa1e85c769374cef"",""modulation_padding_bits"":0,""mother_bits"":1144,""n"":248,""n_cb"":1100,""n_cb_comp"":1004,""power_protocol"":""fixed_constellation_average_Es2"",""puncturing_bits"":800,""puncturing_first_2Z"":44,""puncturing_remaining"":756,""repetition_bits"":0,""scrambling"":""public_PCG64_SHA256_protocol_session_frame_group_counter_after_rate_matching_v1"",""shortening_bits"":96,""z"":22}","[1024,2048]"
QPSK,1/3,QPSK:r1/3,c888161b2a5540dcbe2b0c1953c1d7148e700b400b1755a1c63e55a96ee2afd2,1044,16,0,1060,1120,60,5824,3202,1601,0,0.3310430980637102,0.32604622111180515,"{""actual_effective_rate"":0.3310430980637102,""bg"":""bg2"",""bit_mapping"":""component_Gray_00_-3_01_-1_10_3_11_1_over_sqrt5;QPSK_0_plus1_1_minus1"",""code_blocks"":1,""decoder_config"":{""cn_schedule"":""flooding"",""cn_update"":""boxplus-phi"",""early_stop"":false,""hard_out"":true,""harq_mode"":false,""llr_max"":20.0,""num_iter"":20,""precision"":""single"",""prune_pcm"":true,""return_infobits"":true,""vn_update"":""sum""},""implementation"":{""bit_mapping"":""component_Gray_00_-3_01_-1_10_3_11_1_over_sqrt5;QPSK_0_plus1_1_minus1"",""cuda"":""12.8"",""decoder"":{""cn_schedule"":""flooding"",""cn_update"":""boxplus-phi"",""early_stop"":false,""hard_out"":true,""harq_mode"":false,""llr_max"":20.0,""num_iter"":20,""precision"":""single"",""prune_pcm"":true,""return_infobits"":true,""vn_update"":""sum""},""decoder_source_sha256"":""44d84b92b749e2970f94d92cd348a11648e2286b4d851faa0af8b21d08f0da23"",""encoder_source_sha256"":""34d8db6660b2e84708a8fb534f63c194f6f2b964e3693fcffc9dcaf21532ccfd"",""implementation"":""Sionna_5G_LDPC"",""power_protocol"":""fixed_constellation_average_Es2"",""precision"":""float32"",""rate_matching"":""Sionna RV0; filler removal, first2Z and tail puncturing; supported n only"",""scrambling"":""public_PCG64_SHA256_protocol_session_frame_group_counter_after_rate_matching_v1"",""torch"":""2.11.0+cu128"",""version"":""2.2.0""},""interleaver_sha256"":""3f99923050d782bb3ef62e3a7c37c8d0e87c3fe476b2c73c254d936d81a59e5e"",""k"":1060,""k_filler"":60,""k_ldpc"":1120,""layout_id"":""34c46205adc77ab26b78ea8c59943cd2126839cc0447dae9f949b1c75a496607"",""modulation_padding_bits"":0,""mother_bits"":5824,""n"":3202,""n_cb"":5600,""n_cb_comp"":5540,""power_protocol"":""fixed_constellation_average_Es2"",""puncturing_bits"":2562,""puncturing_first_2Z"":224,""puncturing_remaining"":2338,""repetition_bits"":0,""scrambling"":""public_PCG64_SHA256_protocol_session_frame_group_counter_after_rate_matching_v1"",""shortening_bits"":60,""z"":112}",[2048]
QPSK,3/4,QPSK:r3/4,c88ebf2fb41a73ce5fc4e39a618b2d67bf8dbcbf21d6cf88aa7e37f49d3727ed,1956,16,0,1972,2112,140,6528,2630,1315,0,0.749809885931559,0.7437262357414449,"{""actual_effective_rate"":0.749809885931559,""bg"":""bg1"",""bit_mapping"":""component_Gray_00_-3_01_-1_10_3_11_1_over_sqrt5;QPSK_0_plus1_1_minus1"",""code_blocks"":1,""decoder_config"":{""cn_schedule"":""flooding"",""cn_update"":""boxplus-phi"",""early_stop"":false,""hard_out"":true,""harq_mode"":false,""llr_max"":20.0,""num_iter"":20,""precision"":""single"",""prune_pcm"":true,""return_infobits"":true,""vn_update"":""sum""},""implementation"":{""bit_mapping"":""component_Gray_00_-3_01_-1_10_3_11_1_over_sqrt5;QPSK_0_plus1_1_minus1"",""cuda"":""12.8"",""decoder"":{""cn_schedule"":""flooding"",""cn_update"":""boxplus-phi"",""early_stop"":false,""hard_out"":true,""harq_mode"":false,""llr_max"":20.0,""num_iter"":20,""precision"":""single"",""prune_pcm"":true,""return_infobits"":true,""vn_update"":""sum""},""decoder_source_sha256"":""44d84b92b749e2970f94d92cd348a11648e2286b4d851faa0af8b21d08f0da23"",""encoder_source_sha256"":""34d8db6660b2e84708a8fb534f63c194f6f2b964e3693fcffc9dcaf21532ccfd"",""implementation"":""Sionna_5G_LDPC"",""power_protocol"":""fixed_constellation_average_Es2"",""precision"":""float32"",""rate_matching"":""Sionna RV0; filler removal, first2Z and tail puncturing; supported n only"",""scrambling"":""public_PCG64_SHA256_protocol_session_frame_group_counter_after_rate_matching_v1"",""torch"":""2.11.0+cu128"",""version"":""2.2.0""},""interleaver_sha256"":""efe641cd9c17db5582dd32fff23f0d4fa5b0f000c89a64bf3f0adc8121251f15"",""k"":1972,""k_filler"":140,""k_ldpc"":2112,""layout_id"":""d2c3946f5a21816b6107eef46d053c56a93fd2aa208f6d85edde933c294b6fcf"",""modulation_padding_bits"":0,""mother_bits"":6528,""n"":2630,""n_cb"":6336,""n_cb_comp"":6196,""power_protocol"":""fixed_constellation_average_Es2"",""puncturing_bits"":3758,""puncturing_first_2Z"":192,""puncturing_remaining"":3566,""repetition_bits"":0,""scrambling"":""public_PCG64_SHA256_protocol_session_frame_group_counter_after_rate_matching_v1"",""shortening_bits"":140,""z"":96}",[2048]
QPSK,3/4,QPSK:r3/4,c891bf7f9509ff60b66b10cc5a7545fbc7ea4eef038fe5019d2d3524a3eddf4d,192,16,0,208,260,52,1352,478,239,0,0.4351464435146444,0.401673640167364,"{""actual_effective_rate"":0.4351464435146444,""bg"":""bg2"",""bit_mapping"":""component_Gray_00_-3_01_-1_10_3_11_1_over_sqrt5;QPSK_0_plus1_1_minus1"",""code_blocks"":1,""decoder_config"":{""cn_schedule"":""flooding"",""cn_update"":""boxplus-phi"",""early_stop"":false,""hard_out"":true,""harq_mode"":false,""llr_max"":20.0,""num_iter"":20,""precision"":""single"",""prune_pcm"":true,""return_infobits"":true,""vn_update"":""sum""},""implementation"":{""bit_mapping"":""component_Gray_00_-3_01_-1_10_3_11_1_over_sqrt5;QPSK_0_plus1_1_minus1"",""cuda"":""12.8"",""decoder"":{""cn_schedule"":""flooding"",""cn_update"":""boxplus-phi"",""early_stop"":false,""hard_out"":true,""harq_mode"":false,""llr_max"":20.0,""num_iter"":20,""precision"":""single"",""prune_pcm"":true,""return_infobits"":true,""vn_update"":""sum""},""decoder_source_sha256"":""44d84b92b749e2970f94d92cd348a11648e2286b4d851faa0af8b21d08f0da23"",""encoder_source_sha256"":""34d8db6660b2e84708a8fb534f63c194f6f2b964e3693fcffc9dcaf21532ccfd"",""implementation"":""Sionna_5G_LDPC"",""power_protocol"":""fixed_constellation_average_Es2"",""precision"":""float32"",""rate_matching"":""Sionna RV0; filler removal, first2Z and tail puncturing; supported n only"",""scrambling"":""public_PCG64_SHA256_protocol_session_frame_group_counter_after_rate_matching_v1"",""torch"":""2.11.0+cu128"",""version"":""2.2.0""},""interleaver_sha256"":""ff0bbe61d007914014f1e9e625a2b34f435ddffe5919a2d8d63f616e3a8f0887"",""k"":208,""k_filler"":52,""k_ldpc"":260,""layout_id"":""431ae7ed0d6acef46799b86b06b3b0cb337545c9f53007560ca2167f659ac9a3"",""modulation_padding_bits"":0,""mother_bits"":1352,""n"":478,""n_cb"":1300,""n_cb_comp"":1248,""power_protocol"":""fixed_constellation_average_Es2"",""puncturing_bits"":822,""puncturing_first_2Z"":52,""puncturing_remaining"":770,""repetition_bits"":0,""scrambling"":""public_PCG64_SHA256_protocol_session_frame_group_counter_after_rate_matching_v1"",""shortening_bits"":52,""z"":26}",[1024]
16QAM,3/4,16QAM:r3/4,c89961b1e9807ded517b2094992f6fac621e785c9fdcf3106b22660f160e7fbc,1092,16,0,1108,1120,12,5824,3300,825,0,0.33575757575757575,0.33090909090909093,"{""actual_effective_rate"":0.33575757575757575,""bg"":""bg2"",""bit_mapping"":""component_Gray_00_-3_01_-1_10_3_11_1_over_sqrt5;QPSK_0_plus1_1_minus1"",""code_blocks"":1,""decoder_config"":{""cn_schedule"":""flooding"",""cn_update"":""boxplus-phi"",""early_stop"":false,""hard_out"":true,""harq_mode"":false,""llr_max"":20.0,""num_iter"":20,""precision"":""single"",""prune_pcm"":true,""return_infobits"":true,""vn_update"":""sum""},""implementation"":{""bit_mapping"":""component_Gray_00_-3_01_-1_10_3_11_1_over_sqrt5;QPSK_0_plus1_1_minus1"",""cuda"":""12.8"",""decoder"":{""cn_schedule"":""flooding"",""cn_update"":""boxplus-phi"",""early_stop"":false,""hard_out"":true,""harq_mode"":false,""llr_max"":20.0,""num_iter"":20,""precision"":""single"",""prune_pcm"":true,""return_infobits"":true,""vn_update"":""sum""},""decoder_source_sha256"":""44d84b92b749e2970f94d92cd348a11648e2286b4d851faa0af8b21d08f0da23"",""encoder_source_sha256"":""34d8db6660b2e84708a8fb534f63c194f6f2b964e3693fcffc9dcaf21532ccfd"",""implementation"":""Sionna_5G_LDPC"",""power_protocol"":""fixed_constellation_average_Es2"",""precision"":""float32"",""rate_matching"":""Sionna RV0; filler removal, first2Z and tail puncturing; supported n only"",""scrambling"":""public_PCG64_SHA256_protocol_session_frame_group_counter_after_rate_matching_v1"",""torch"":""2.11.0+cu128"",""version"":""2.2.0""},""interleaver_sha256"":""d4bb7e97f7b7aad7c0d987865bdbf24eb96256049cc08b8f00e20c724e9063e9"",""k"":1108,""k_filler"":12,""k_ldpc"":1120,""layout_id"":""9e41d87b36d7e5d4e4016b496011c8b9327b568f8325227076ccd32041cbfc1a"",""modulation_padding_bits"":0,""mother_bits"":5824,""n"":3300,""n_cb"":5600,""n_cb_comp"":5588,""power_protocol"":""fixed_constellation_average_Es2"",""puncturing_bits"":2512,""puncturing_first_2Z"":224,""puncturing_remaining"":2288,""repetition_bits"":0,""scrambling"":""public_PCG64_SHA256_protocol_session_frame_group_counter_after_rate_matching_v1"",""shortening_bits"":12,""z"":112}",[2048]
16QAM,2/3,16QAM:r2/3,c8a566aa84daa2b7f25ded623b43c2aa7effb7044fd68ae4c838e6a04e87665a,1200,16,0,1216,1280,64,6656,5292,1323,0,0.22978080120937264,0.22675736961451248,"{""actual_effective_rate"":0.22978080120937264,""bg"":""bg2"",""bit_mapping"":""component_Gray_00_-3_01_-1_10_3_11_1_over_sqrt5;QPSK_0_plus1_1_minus1"",""code_blocks"":1,""decoder_config"":{""cn_schedule"":""flooding"",""cn_update"":""boxplus-phi"",""early_stop"":false,""hard_out"":true,""harq_mode"":false,""llr_max"":20.0,""num_iter"":20,""precision"":""single"",""prune_pcm"":true,""return_infobits"":true,""vn_update"":""sum""},""implementation"":{""bit_mapping"":""component_Gray_00_-3_01_-1_10_3_11_1_over_sqrt5;QPSK_0_plus1_1_minus1"",""cuda"":""12.8"",""decoder"":{""cn_schedule"":""flooding"",""cn_update"":""boxplus-phi"",""early_stop"":false,""hard_out"":true,""harq_mode"":false,""llr_max"":20.0,""num_iter"":20,""precision"":""single"",""prune_pcm"":true,""return_infobits"":true,""vn_update"":""sum""},""decoder_source_sha256"":""44d84b92b749e2970f94d92cd348a11648e2286b4d851faa0af8b21d08f0da23"",""encoder_source_sha256"":""34d8db6660b2e84708a8fb534f63c194f6f2b964e3693fcffc9dcaf21532ccfd"",""implementation"":""Sionna_5G_LDPC"",""power_protocol"":""fixed_constellation_average_Es2"",""precision"":""float32"",""rate_matching"":""Sionna RV0; filler removal, first2Z and tail puncturing; supported n only"",""scrambling"":""public_PCG64_SHA256_protocol_session_frame_group_counter_after_rate_matching_v1"",""torch"":""2.11.0+cu128"",""version"":""2.2.0""},""interleaver_sha256"":""b66f293bca4b3f4ffa918c0c43ee41ec17b6c3bea2ee3e594c7e1a229ce5ed6e"",""k"":1216,""k_filler"":64,""k_ldpc"":1280,""layout_id"":""b1d13f03f3438b88f7fdec0eba337f98c6b149a09b12921e472c460d5486d0d2"",""modulation_padding_bits"":0,""mother_bits"":6656,""n"":5292,""n_cb"":6400,""n_cb_comp"":6336,""power_protocol"":""fixed_constellation_average_Es2"",""puncturing_bits"":1300,""puncturing_first_2Z"":256,""puncturing_remaining"":1044,""repetition_bits"":0,""scrambling"":""public_PCG64_SHA256_protocol_session_frame_group_counter_after_rate_matching_v1"",""shortening_bits"":64,""z"":128}",[2048]
16QAM,3/4,16QAM:r3/4,c8ae0769e62ffa28b6ef5ac3ef96daa74f3ccb698e2f86c923f9ae8307c68577,4224,16,0,4240,4576,336,14144,5656,1414,0,0.7496463932107497,0.7468175388967468,"{""actual_effective_rate"":0.7496463932107497,""bg"":""bg1"",""bit_mapping"":""component_Gray_00_-3_01_-1_10_3_11_1_over_sqrt5;QPSK_0_plus1_1_minus1"",""code_blocks"":1,""decoder_config"":{""cn_schedule"":""flooding"",""cn_update"":""boxplus-phi"",""early_stop"":false,""hard_out"":true,""harq_mode"":false,""llr_max"":20.0,""num_iter"":20,""precision"":""single"",""prune_pcm"":true,""return_infobits"":true,""vn_update"":""sum""},""implementation"":{""bit_mapping"":""component_Gray_00_-3_01_-1_10_3_11_1_over_sqrt5;QPSK_0_plus1_1_minus1"",""cuda"":""12.8"",""decoder"":{""cn_schedule"":""flooding"",""cn_update"":""boxplus-phi"",""early_stop"":false,""hard_out"":true,""harq_mode"":false,""llr_max"":20.0,""num_iter"":20,""precision"":""single"",""prune_pcm"":true,""return_infobits"":true,""vn_update"":""sum""},""decoder_source_sha256"":""44d84b92b749e2970f94d92cd348a11648e2286b4d851faa0af8b21d08f0da23"",""encoder_source_sha256"":""34d8db6660b2e84708a8fb534f63c194f6f2b964e3693fcffc9dcaf21532ccfd"",""implementation"":""Sionna_5G_LDPC"",""power_protocol"":""fixed_constellation_average_Es2"",""precision"":""float32"",""rate_matching"":""Sionna RV0; filler removal, first2Z and tail puncturing; supported n only"",""scrambling"":""public_PCG64_SHA256_protocol_session_frame_group_counter_after_rate_matching_v1"",""torch"":""2.11.0+cu128"",""version"":""2.2.0""},""interleaver_sha256"":""beb096d1248e943e2d18e6a57f8a61da1e5ba73a036f0843b3823a8c70e39754"",""k"":4240,""k_filler"":336,""k_ldpc"":4576,""layout_id"":""6885892c8bc001a43ba5f01a217672481317a44db803ba3ec337647c9d607ca1"",""modulation_padding_bits"":0,""mother_bits"":14144,""n"":5656,""n_cb"":13728,""n_cb_comp"":13392,""power_protocol"":""fixed_constellation_average_Es2"",""puncturing_bits"":8152,""puncturing_first_2Z"":416,""puncturing_remaining"":7736,""repetition_bits"":0,""scrambling"":""public_PCG64_SHA256_protocol_session_frame_group_counter_after_rate_matching_v1"",""shortening_bits"":336,""z"":208}",[2048]
QPSK,5/6,QPSK:r5/6,c8bd05eaee121c03b6034e376d2727cc8c17b5382888981b233c672acb9bc95b,216,16,0,232,300,68,1560,560,280,0,0.4142857142857143,0.38571428571428573,"{""actual_effective_rate"":0.4142857142857143,""bg"":""bg2"",""bit_mapping"":""component_Gray_00_-3_01_-1_10_3_11_1_over_sqrt5;QPSK_0_plus1_1_minus1"",""code_blocks"":1,""decoder_config"":{""cn_schedule"":""flooding"",""cn_update"":""boxplus-phi"",""early_stop"":false,""hard_out"":true,""harq_mode"":false,""llr_max"":20.0,""num_iter"":20,""precision"":""single"",""prune_pcm"":true,""return_infobits"":true,""vn_update"":""sum""},""implementation"":{""bit_mapping"":""component_Gray_00_-3_01_-1_10_3_11_1_over_sqrt5;QPSK_0_plus1_1_minus1"",""cuda"":""12.8"",""decoder"":{""cn_schedule"":""flooding"",""cn_update"":""boxplus-phi"",""early_stop"":false,""hard_out"":true,""harq_mode"":false,""llr_max"":20.0,""num_iter"":20,""precision"":""single"",""prune_pcm"":true,""return_infobits"":true,""vn_update"":""sum""},""decoder_source_sha256"":""44d84b92b749e2970f94d92cd348a11648e2286b4d851faa0af8b21d08f0da23"",""encoder_source_sha256"":""34d8db6660b2e84708a8fb534f63c194f6f2b964e3693fcffc9dcaf21532ccfd"",""implementation"":""Sionna_5G_LDPC"",""power_protocol"":""fixed_constellation_average_Es2"",""precision"":""float32"",""rate_matching"":""Sionna RV0; filler removal, first2Z and tail puncturing; supported n only"",""scrambling"":""public_PCG64_SHA256_protocol_session_frame_group_counter_after_rate_matching_v1"",""torch"":""2.11.0+cu128"",""version"":""2.2.0""},""interleaver_sha256"":""da7d206a45f83a825a77ec4d4cc87a0f58b7aecf6ae04ff69e5f96f091fc6617"",""k"":232,""k_filler"":68,""k_ldpc"":300,""layout_id"":""923bae81246db97a612b5f87cd62e86f0863b54e6ad0e1213e6e5c029529ab44"",""modulation_padding_bits"":0,""mother_bits"":1560,""n"":560,""n_cb"":1500,""n_cb_comp"":1432,""power_protocol"":""fixed_constellation_average_Es2"",""puncturing_bits"":932,""puncturing_first_2Z"":60,""puncturing_remaining"":872,""repetition_bits"":0,""scrambling"":""public_PCG64_SHA256_protocol_session_frame_group_counter_after_rate_matching_v1"",""shortening_bits"":68,""z"":30}",[1024]
16QAM,5/6,16QAM:r5/6,c8c4c899b456eb408eb336a1d8d2a56f6e31c8d1b07e2aaa15c8e2010479f964,1092,16,0,1108,1144,36,3536,1380,345,0,0.8028985507246377,0.7913043478260869,"{""actual_effective_rate"":0.8028985507246377,""bg"":""bg1"",""bit_mapping"":""component_Gray_00_-3_01_-1_10_3_11_1_over_sqrt5;QPSK_0_plus1_1_minus1"",""code_blocks"":1,""decoder_config"":{""cn_schedule"":""flooding"",""cn_update"":""boxplus-phi"",""early_stop"":false,""hard_out"":true,""harq_mode"":false,""llr_max"":20.0,""num_iter"":20,""precision"":""single"",""prune_pcm"":true,""return_infobits"":true,""vn_update"":""sum""},""implementation"":{""bit_mapping"":""component_Gray_00_-3_01_-1_10_3_11_1_over_sqrt5;QPSK_0_plus1_1_minus1"",""cuda"":""12.8"",""decoder"":{""cn_schedule"":""flooding"",""cn_update"":""boxplus-phi"",""early_stop"":false,""hard_out"":true,""harq_mode"":false,""llr_max"":20.0,""num_iter"":20,""precision"":""single"",""prune_pcm"":true,""return_infobits"":true,""vn_update"":""sum""},""decoder_source_sha256"":""44d84b92b749e2970f94d92cd348a11648e2286b4d851faa0af8b21d08f0da23"",""encoder_source_sha256"":""34d8db6660b2e84708a8fb534f63c194f6f2b964e3693fcffc9dcaf21532ccfd"",""implementation"":""Sionna_5G_LDPC"",""power_protocol"":""fixed_constellation_average_Es2"",""precision"":""float32"",""rate_matching"":""Sionna RV0; filler removal, first2Z and tail puncturing; supported n only"",""scrambling"":""public_PCG64_SHA256_protocol_session_frame_group_counter_after_rate_matching_v1"",""torch"":""2.11.0+cu128"",""version"":""2.2.0""},""interleaver_sha256"":""ea287256f2b35280a101b689ddbb90de137ace92a437299c5bfe698392504644"",""k"":1108,""k_filler"":36,""k_ldpc"":1144,""layout_id"":""d48606c3f217f06b9ead1bf22b64bbfa0fc9da6a86f97a422cb5db812c1a4fe3"",""modulation_padding_bits"":0,""mother_bits"":3536,""n"":1380,""n_cb"":3432,""n_cb_comp"":3396,""power_protocol"":""fixed_constellation_average_Es2"",""puncturing_bits"":2120,""puncturing_first_2Z"":104,""puncturing_remaining"":2016,""repetition_bits"":0,""scrambling"":""public_PCG64_SHA256_protocol_session_frame_group_counter_after_rate_matching_v1"",""shortening_bits"":36,""z"":52}",[1024]
16QAM,5/6,16QAM:r5/6,c8cb8afec3226cb01e3be979abc46c22ba3bafe1f689d3492e9fedaec3dd6062,5496,16,0,5512,5632,120,17408,6616,1654,0,0.8331318016928658,0.8307134220072552,"{""actual_effective_rate"":0.8331318016928658,""bg"":""bg1"",""bit_mapping"":""component_Gray_00_-3_01_-1_10_3_11_1_over_sqrt5;QPSK_0_plus1_1_minus1"",""code_blocks"":1,""decoder_config"":{""cn_schedule"":""flooding"",""cn_update"":""boxplus-phi"",""early_stop"":false,""hard_out"":true,""harq_mode"":false,""llr_max"":20.0,""num_iter"":20,""precision"":""single"",""prune_pcm"":true,""return_infobits"":true,""vn_update"":""sum""},""implementation"":{""bit_mapping"":""component_Gray_00_-3_01_-1_10_3_11_1_over_sqrt5;QPSK_0_plus1_1_minus1"",""cuda"":""12.8"",""decoder"":{""cn_schedule"":""flooding"",""cn_update"":""boxplus-phi"",""early_stop"":false,""hard_out"":true,""harq_mode"":false,""llr_max"":20.0,""num_iter"":20,""precision"":""single"",""prune_pcm"":true,""return_infobits"":true,""vn_update"":""sum""},""decoder_source_sha256"":""44d84b92b749e2970f94d92cd348a11648e2286b4d851faa0af8b21d08f0da23"",""encoder_source_sha256"":""34d8db6660b2e84708a8fb534f63c194f6f2b964e3693fcffc9dcaf21532ccfd"",""implementation"":""Sionna_5G_LDPC"",""power_protocol"":""fixed_constellation_average_Es2"",""precision"":""float32"",""rate_matching"":""Sionna RV0; filler removal, first2Z and tail puncturing; supported n only"",""scrambling"":""public_PCG64_SHA256_protocol_session_frame_group_counter_after_rate_matching_v1"",""torch"":""2.11.0+cu128"",""version"":""2.2.0""},""interleaver_sha256"":""f5225bfb48c41a909f01c6c63b34abe5bcc826f743babac0a1e8d21a8114b9cd"",""k"":5512,""k_filler"":120,""k_ldpc"":5632,""layout_id"":""e6809dcd7f7668da9b6805fece41b8b6589dfa6fc1bdd7fe83c5b9fc1cc93c68"",""modulation_padding_bits"":0,""mother_bits"":17408,""n"":6616,""n_cb"":16896,""n_cb_comp"":16776,""power_protocol"":""fixed_constellation_average_Es2"",""puncturing_bits"":10672,""puncturing_first_2Z"":512,""puncturing_remaining"":10160,""repetition_bits"":0,""scrambling"":""public_PCG64_SHA256_protocol_session_frame_group_counter_after_rate_matching_v1"",""shortening_bits"":120,""z"":256}",[2048]
QPSK,5/6,QPSK:r5/6,c8cd6a903721ad21fbe75f6cca9ba8edbcbd42c6e248f0eb43bc1fceb628cfb2,660,16,0,676,704,28,2176,956,478,0,0.7071129707112971,0.6903765690376569,"{""actual_effective_rate"":0.7071129707112971,""bg"":""bg1"",""bit_mapping"":""component_Gray_00_-3_01_-1_10_3_11_1_over_sqrt5;QPSK_0_plus1_1_minus1"",""code_blocks"":1,""decoder_config"":{""cn_schedule"":""flooding"",""cn_update"":""boxplus-phi"",""early_stop"":false,""hard_out"":true,""harq_mode"":false,""llr_max"":20.0,""num_iter"":20,""precision"":""single"",""prune_pcm"":true,""return_infobits"":true,""vn_update"":""sum""},""implementation"":{""bit_mapping"":""component_Gray_00_-3_01_-1_10_3_11_1_over_sqrt5;QPSK_0_plus1_1_minus1"",""cuda"":""12.8"",""decoder"":{""cn_schedule"":""flooding"",""cn_update"":""boxplus-phi"",""early_stop"":false,""hard_out"":true,""harq_mode"":false,""llr_max"":20.0,""num_iter"":20,""precision"":""single"",""prune_pcm"":true,""return_infobits"":true,""vn_update"":""sum""},""decoder_source_sha256"":""44d84b92b749e2970f94d92cd348a11648e2286b4d851faa0af8b21d08f0da23"",""encoder_source_sha256"":""34d8db6660b2e84708a8fb534f63c194f6f2b964e3693fcffc9dcaf21532ccfd"",""implementation"":""Sionna_5G_LDPC"",""power_protocol"":""fixed_constellation_average_Es2"",""precision"":""float32"",""rate_matching"":""Sionna RV0; filler removal, first2Z and tail puncturing; supported n only"",""scrambling"":""public_PCG64_SHA256_protocol_session_frame_group_counter_after_rate_matching_v1"",""torch"":""2.11.0+cu128"",""version"":""2.2.0""},""interleaver_sha256"":""e41470bfa7125b8b5da2fb646a123058d04780acea0f9f1b01807ae57838e957"",""k"":676,""k_filler"":28,""k_ldpc"":704,""layout_id"":""e0a32a55870c3a0f1f45fda2358fbd581f2944c60bd11ffb24336ad7047b8650"",""modulation_padding_bits"":0,""mother_bits"":2176,""n"":956,""n_cb"":2112,""n_cb_comp"":2084,""power_protocol"":""fixed_constellation_average_Es2"",""puncturing_bits"":1192,""puncturing_first_2Z"":64,""puncturing_remaining"":1128,""repetition_bits"":0,""scrambling"":""public_PCG64_SHA256_protocol_session_frame_group_counter_after_rate_matching_v1"",""shortening_bits"":28,""z"":32}",[1024]
16QAM,3/4,16QAM:r3/4,c8cec1ab2b0e842ca96e5ce0c0e8a41dfcc7430fdfdca338f76be580c6d8977c,2400,16,0,2416,2560,144,13312,5264,1316,0,0.45896656534954405,0.45592705167173253,"{""actual_effective_rate"":0.45896656534954405,""bg"":""bg2"",""bit_mapping"":""component_Gray_00_-3_01_-1_10_3_11_1_over_sqrt5;QPSK_0_plus1_1_minus1"",""code_blocks"":1,""decoder_config"":{""cn_schedule"":""flooding"",""cn_update"":""boxplus-phi"",""early_stop"":false,""hard_out"":true,""harq_mode"":false,""llr_max"":20.0,""num_iter"":20,""precision"":""single"",""prune_pcm"":true,""return_infobits"":true,""vn_update"":""sum""},""implementation"":{""bit_mapping"":""component_Gray_00_-3_01_-1_10_3_11_1_over_sqrt5;QPSK_0_plus1_1_minus1"",""cuda"":""12.8"",""decoder"":{""cn_schedule"":""flooding"",""cn_update"":""boxplus-phi"",""early_stop"":false,""hard_out"":true,""harq_mode"":false,""llr_max"":20.0,""num_iter"":20,""precision"":""single"",""prune_pcm"":true,""return_infobits"":true,""vn_update"":""sum""},""decoder_source_sha256"":""44d84b92b749e2970f94d92cd348a11648e2286b4d851faa0af8b21d08f0da23"",""encoder_source_sha256"":""34d8db6660b2e84708a8fb534f63c194f6f2b964e3693fcffc9dcaf21532ccfd"",""implementation"":""Sionna_5G_LDPC"",""power_protocol"":""fixed_constellation_average_Es2"",""precision"":""float32"",""rate_matching"":""Sionna RV0; filler removal, first2Z and tail puncturing; supported n only"",""scrambling"":""public_PCG64_SHA256_protocol_session_frame_group_counter_after_rate_matching_v1"",""torch"":""2.11.0+cu128"",""version"":""2.2.0""},""interleaver_sha256"":""e1fc41bcd66b3e6fbff5dd4fe4a87e8628cdd74b9e98e95f1117c33cace585d1"",""k"":2416,""k_filler"":144,""k_ldpc"":2560,""layout_id"":""898e93e2092760d559b023286badb995fca4667e69eb3a0605379992c1b171c8"",""modulation_padding_bits"":0,""mother_bits"":13312,""n"":5264,""n_cb"":12800,""n_cb_comp"":12656,""power_protocol"":""fixed_constellation_average_Es2"",""puncturing_bits"":7904,""puncturing_first_2Z"":512,""puncturing_remaining"":7392,""repetition_bits"":0,""scrambling"":""public_PCG64_SHA256_protocol_session_frame_group_counter_after_rate_matching_v1"",""shortening_bits"":144,""z"":256}",[2048]
16QAM,5/6,16QAM:r5/6,c8d19799e9f454ff06b1118680a4ee676fbad2b594867f1dfbd49875f0ce6a0b,1860,16,0,1876,1920,44,9984,4368,1092,0,0.42948717948717946,0.4258241758241758,"{""actual_effective_rate"":0.42948717948717946,""bg"":""bg2"",""bit_mapping"":""component_Gray_00_-3_01_-1_10_3_11_1_over_sqrt5;QPSK_0_plus1_1_minus1"",""code_blocks"":1,""decoder_config"":{""cn_schedule"":""flooding"",""cn_update"":""boxplus-phi"",""early_stop"":false,""hard_out"":true,""harq_mode"":false,""llr_max"":20.0,""num_iter"":20,""precision"":""single"",""prune_pcm"":true,""return_infobits"":true,""vn_update"":""sum""},""implementation"":{""bit_mapping"":""component_Gray_00_-3_01_-1_10_3_11_1_over_sqrt5;QPSK_0_plus1_1_minus1"",""cuda"":""12.8"",""decoder"":{""cn_schedule"":""flooding"",""cn_update"":""boxplus-phi"",""early_stop"":false,""hard_out"":true,""harq_mode"":false,""llr_max"":20.0,""num_iter"":20,""precision"":""single"",""prune_pcm"":true,""return_infobits"":true,""vn_update"":""sum""},""decoder_source_sha256"":""44d84b92b749e2970f94d92cd348a11648e2286b4d851faa0af8b21d08f0da23"",""encoder_source_sha256"":""34d8db6660b2e84708a8fb534f63c194f6f2b964e3693fcffc9dcaf21532ccfd"",""implementation"":""Sionna_5G_LDPC"",""power_protocol"":""fixed_constellation_average_Es2"",""precision"":""float32"",""rate_matching"":""Sionna RV0; filler removal, first2Z and tail puncturing; supported n only"",""scrambling"":""public_PCG64_SHA256_protocol_session_frame_group_counter_after_rate_matching_v1"",""torch"":""2.11.0+cu128"",""version"":""2.2.0""},""interleaver_sha256"":""b04dc0c769a9f204db99fc76c6bfb2d1fc60e7216e1f95a3beb0aa1659624204"",""k"":1876,""k_filler"":44,""k_ldpc"":1920,""layout_id"":""45464bf9cf1f1d627de01bd9c08875860ad6fd55a3b7a69e8e124164741a5758"",""modulation_padding_bits"":0,""mother_bits"":9984,""n"":4368,""n_cb"":9600,""n_cb_comp"":9556,""power_protocol"":""fixed_constellation_average_Es2"",""puncturing_bits"":5572,""puncturing_first_2Z"":384,""puncturing_remaining"":5188,""repetition_bits"":0,""scrambling"":""public_PCG64_SHA256_protocol_session_frame_group_counter_after_rate_matching_v1"",""shortening_bits"":44,""z"":192}",[2048]
QPSK,1/2,QPSK:r1/2,c8d8f4cea510abcc14a320ca421e4a6a91c27082b36d1aaf538af88e2e97aa49,1500,16,0,1516,1600,84,8320,3338,1669,0,0.4541641701617735,0.44937088076692633,"{""actual_effective_rate"":0.4541641701617735,""bg"":""bg2"",""bit_mapping"":""component_Gray_00_-3_01_-1_10_3_11_1_over_sqrt5;QPSK_0_plus1_1_minus1"",""code_blocks"":1,""decoder_config"":{""cn_schedule"":""flooding"",""cn_update"":""boxplus-phi"",""early_stop"":false,""hard_out"":true,""harq_mode"":false,""llr_max"":20.0,""num_iter"":20,""precision"":""single"",""prune_pcm"":true,""return_infobits"":true,""vn_update"":""sum""},""implementation"":{""bit_mapping"":""component_Gray_00_-3_01_-1_10_3_11_1_over_sqrt5;QPSK_0_plus1_1_minus1"",""cuda"":""12.8"",""decoder"":{""cn_schedule"":""flooding"",""cn_update"":""boxplus-phi"",""early_stop"":false,""hard_out"":true,""harq_mode"":false,""llr_max"":20.0,""num_iter"":20,""precision"":""single"",""prune_pcm"":true,""return_infobits"":true,""vn_update"":""sum""},""decoder_source_sha256"":""44d84b92b749e2970f94d92cd348a11648e2286b4d851faa0af8b21d08f0da23"",""encoder_source_sha256"":""34d8db6660b2e84708a8fb534f63c194f6f2b964e3693fcffc9dcaf21532ccfd"",""implementation"":""Sionna_5G_LDPC"",""power_protocol"":""fixed_constellation_average_Es2"",""precision"":""float32"",""rate_matching"":""Sionna RV0; filler removal, first2Z and tail puncturing; supported n only"",""scrambling"":""public_PCG64_SHA256_protocol_session_frame_group_counter_after_rate_matching_v1"",""torch"":""2.11.0+cu128"",""version"":""2.2.0""},""interleaver_sha256"":""8d15271e3ef37d56ae3ef710db45790acfdf0efa4318584bd6f7027b4d5590e0"",""k"":1516,""k_filler"":84,""k_ldpc"":1600,""layout_id"":""7e3f46a6d05ce47cc0f25489ee8c3bd724d18e74d335a128f2ce4ee95ed8fe30"",""modulation_padding_bits"":0,""mother_bits"":8320,""n"":3338,""n_cb"":8000,""n_cb_comp"":7916,""power_protocol"":""fixed_constellation_average_Es2"",""puncturing_bits"":4898,""puncturing_first_2Z"":320,""puncturing_remaining"":4578,""repetition_bits"":0,""scrambling"":""public_PCG64_SHA256_protocol_session_frame_group_counter_after_rate_matching_v1"",""shortening_bits"":84,""z"":160}",[2048]
16QAM,1/2,16QAM:r1/2,c8e0e17d98ca3c742db1b97e25bf112200311dda4498e4d2ceb739e853c04213,1092,16,0,1108,1120,12,5824,3700,925,0,0.29945945945945945,0.2951351351351351,"{""actual_effective_rate"":0.29945945945945945,""bg"":""bg2"",""bit_mapping"":""component_Gray_00_-3_01_-1_10_3_11_1_over_sqrt5;QPSK_0_plus1_1_minus1"",""code_blocks"":1,""decoder_config"":{""cn_schedule"":""flooding"",""cn_update"":""boxplus-phi"",""early_stop"":false,""hard_out"":true,""harq_mode"":false,""llr_max"":20.0,""num_iter"":20,""precision"":""single"",""prune_pcm"":true,""return_infobits"":true,""vn_update"":""sum""},""implementation"":{""bit_mapping"":""component_Gray_00_-3_01_-1_10_3_11_1_over_sqrt5;QPSK_0_plus1_1_minus1"",""cuda"":""12.8"",""decoder"":{""cn_schedule"":""flooding"",""cn_update"":""boxplus-phi"",""early_stop"":false,""hard_out"":true,""harq_mode"":false,""llr_max"":20.0,""num_iter"":20,""precision"":""single"",""prune_pcm"":true,""return_infobits"":true,""vn_update"":""sum""},""decoder_source_sha256"":""44d84b92b749e2970f94d92cd348a11648e2286b4d851faa0af8b21d08f0da23"",""encoder_source_sha256"":""34d8db6660b2e84708a8fb534f63c194f6f2b964e3693fcffc9dcaf21532ccfd"",""implementation"":""Sionna_5G_LDPC"",""power_protocol"":""fixed_constellation_average_Es2"",""precision"":""float32"",""rate_matching"":""Sionna RV0; filler removal, first2Z and tail puncturing; supported n only"",""scrambling"":""public_PCG64_SHA256_protocol_session_frame_group_counter_after_rate_matching_v1"",""torch"":""2.11.0+cu128"",""version"":""2.2.0""},""interleaver_sha256"":""b7136fe3b6dab75338c2df3ca533aab409a5f4ae0948f71488fc3490527e0fe3"",""k"":1108,""k_filler"":12,""k_ldpc"":1120,""layout_id"":""1a5b854b8f667416a6ceab16c0f0a64fc25fae17a0ca54c51c5b11a2f56958ef"",""modulation_padding_bits"":0,""mother_bits"":5824,""n"":3700,""n_cb"":5600,""n_cb_comp"":5588,""power_protocol"":""fixed_constellation_average_Es2"",""puncturing_bits"":2112,""puncturing_first_2Z"":224,""puncturing_remaining"":1888,""repetition_bits"":0,""scrambling"":""public_PCG64_SHA256_protocol_session_frame_group_counter_after_rate_matching_v1"",""shortening_bits"":12,""z"":112}",[2048]
16QAM,2/3,16QAM:r2/3,c8e37ed2bb50e3448b34be0eece697f4c0de4baac0e6a0960228a9d0d8d4d573,1176,16,0,1192,1200,8,6240,1788,447,0,0.6666666666666666,0.6577181208053692,"{""actual_effective_rate"":0.6666666666666666,""bg"":""bg2"",""bit_mapping"":""component_Gray_00_-3_01_-1_10_3_11_1_over_sqrt5;QPSK_0_plus1_1_minus1"",""code_blocks"":1,""decoder_config"":{""cn_schedule"":""flooding"",""cn_update"":""boxplus-phi"",""early_stop"":false,""hard_out"":true,""harq_mode"":false,""llr_max"":20.0,""num_iter"":20,""precision"":""single"",""prune_pcm"":true,""return_infobits"":true,""vn_update"":""sum""},""implementation"":{""bit_mapping"":""component_Gray_00_-3_01_-1_10_3_11_1_over_sqrt5;QPSK_0_plus1_1_minus1"",""cuda"":""12.8"",""decoder"":{""cn_schedule"":""flooding"",""cn_update"":""boxplus-phi"",""early_stop"":false,""hard_out"":true,""harq_mode"":false,""llr_max"":20.0,""num_iter"":20,""precision"":""single"",""prune_pcm"":true,""return_infobits"":true,""vn_update"":""sum""},""decoder_source_sha256"":""44d84b92b749e2970f94d92cd348a11648e2286b4d851faa0af8b21d08f0da23"",""encoder_source_sha256"":""34d8db6660b2e84708a8fb534f63c194f6f2b964e3693fcffc9dcaf21532ccfd"",""implementation"":""Sionna_5G_LDPC"",""power_protocol"":""fixed_constellation_average_Es2"",""precision"":""float32"",""rate_matching"":""Sionna RV0; filler removal, first2Z and tail puncturing; supported n only"",""scrambling"":""public_PCG64_SHA256_protocol_session_frame_group_counter_after_rate_matching_v1"",""torch"":""2.11.0+cu128"",""version"":""2.2.0""},""interleaver_sha256"":""bfdeb65dadcb0590fd29de72e39833aed1d126d5b25aa1d43f473f557120f941"",""k"":1192,""k_filler"":8,""k_ldpc"":1200,""layout_id"":""fad26cf4b39819db23d5bf2c069d243e295529bd4920215dc5c486f2ffa29dbc"",""modulation_padding_bits"":0,""mother_bits"":6240,""n"":1788,""n_cb"":6000,""n_cb_comp"":5992,""power_protocol"":""fixed_constellation_average_Es2"",""puncturing_bits"":4444,""puncturing_first_2Z"":240,""puncturing_remaining"":4204,""repetition_bits"":0,""scrambling"":""public_PCG64_SHA256_protocol_session_frame_group_counter_after_rate_matching_v1"",""shortening_bits"":8,""z"":120}",[1024]
QPSK,2/3,QPSK:r2/3,c8e4c18a90fc4844a2a326673bc2bb03d2c20cfda164606036adb5d986b48cc7,1092,16,0,1108,1120,12,5824,2090,1045,0,0.5301435406698565,0.522488038277512,"{""actual_effective_rate"":0.5301435406698565,""bg"":""bg2"",""bit_mapping"":""component_Gray_00_-3_01_-1_10_3_11_1_over_sqrt5;QPSK_0_plus1_1_minus1"",""code_blocks"":1,""decoder_config"":{""cn_schedule"":""flooding"",""cn_update"":""boxplus-phi"",""early_stop"":false,""hard_out"":true,""harq_mode"":false,""llr_max"":20.0,""num_iter"":20,""precision"":""single"",""prune_pcm"":true,""return_infobits"":true,""vn_update"":""sum""},""implementation"":{""bit_mapping"":""component_Gray_00_-3_01_-1_10_3_11_1_over_sqrt5;QPSK_0_plus1_1_minus1"",""cuda"":""12.8"",""decoder"":{""cn_schedule"":""flooding"",""cn_update"":""boxplus-phi"",""early_stop"":false,""hard_out"":true,""harq_mode"":false,""llr_max"":20.0,""num_iter"":20,""precision"":""single"",""prune_pcm"":true,""return_infobits"":true,""vn_update"":""sum""},""decoder_source_sha256"":""44d84b92b749e2970f94d92cd348a11648e2286b4d851faa0af8b21d08f0da23"",""encoder_source_sha256"":""34d8db6660b2e84708a8fb534f63c194f6f2b964e3693fcffc9dcaf21532ccfd"",""implementation"":""Sionna_5G_LDPC"",""power_protocol"":""fixed_constellation_average_Es2"",""precision"":""float32"",""rate_matching"":""Sionna RV0; filler removal, first2Z and tail puncturing; supported n only"",""scrambling"":""public_PCG64_SHA256_protocol_session_frame_group_counter_after_rate_matching_v1"",""torch"":""2.11.0+cu128"",""version"":""2.2.0""},""interleaver_sha256"":""1e0c3921bdd175d9e887125bdba183b54fceb9bdc3039a818563714dc454028c"",""k"":1108,""k_filler"":12,""k_ldpc"":1120,""layout_id"":""8b5ecfe9eb34bc8792f77b20beae92d3f1c464a94ca7eed243e5b26cabe52f0c"",""modulation_padding_bits"":0,""mother_bits"":5824,""n"":2090,""n_cb"":5600,""n_cb_comp"":5588,""power_protocol"":""fixed_constellation_average_Es2"",""puncturing_bits"":3722,""puncturing_first_2Z"":224,""puncturing_remaining"":3498,""repetition_bits"":0,""scrambling"":""public_PCG64_SHA256_protocol_session_frame_group_counter_after_rate_matching_v1"",""shortening_bits"":12,""z"":112}",[2048]
QPSK,5/6,QPSK:r5/6,c8f1234d439f98745423fc3f7eaecf392d8005523cd672a7db718bb6240e0465,1968,16,0,1984,2080,96,10816,3020,1510,0,0.6569536423841059,0.6516556291390728,"{""actual_effective_rate"":0.6569536423841059,""bg"":""bg2"",""bit_mapping"":""component_Gray_00_-3_01_-1_10_3_11_1_over_sqrt5;QPSK_0_plus1_1_minus1"",""code_blocks"":1,""decoder_config"":{""cn_schedule"":""flooding"",""cn_update"":""boxplus-phi"",""early_stop"":false,""hard_out"":true,""harq_mode"":false,""llr_max"":20.0,""num_iter"":20,""precision"":""single"",""prune_pcm"":true,""return_infobits"":true,""vn_update"":""sum""},""implementation"":{""bit_mapping"":""component_Gray_00_-3_01_-1_10_3_11_1_over_sqrt5;QPSK_0_plus1_1_minus1"",""cuda"":""12.8"",""decoder"":{""cn_schedule"":""flooding"",""cn_update"":""boxplus-phi"",""early_stop"":false,""hard_out"":true,""harq_mode"":false,""llr_max"":20.0,""num_iter"":20,""precision"":""single"",""prune_pcm"":true,""return_infobits"":true,""vn_update"":""sum""},""decoder_source_sha256"":""44d84b92b749e2970f94d92cd348a11648e2286b4d851faa0af8b21d08f0da23"",""encoder_source_sha256"":""34d8db6660b2e84708a8fb534f63c194f6f2b964e3693fcffc9dcaf21532ccfd"",""implementation"":""Sionna_5G_LDPC"",""power_protocol"":""fixed_constellation_average_Es2"",""precision"":""float32"",""rate_matching"":""Sionna RV0; filler removal, first2Z and tail puncturing; supported n only"",""scrambling"":""public_PCG64_SHA256_protocol_session_frame_group_counter_after_rate_matching_v1"",""torch"":""2.11.0+cu128"",""version"":""2.2.0""},""interleaver_sha256"":""788317190ac36bcb369176591980823caa53b46550e4ef55baa9ba878bc078fc"",""k"":1984,""k_filler"":96,""k_ldpc"":2080,""layout_id"":""6987cd5ae5257a01e7e934ac60ec9c6d841c4ee6eb9c4ae0a77e969c2079ea88"",""modulation_padding_bits"":0,""mother_bits"":10816,""n"":3020,""n_cb"":10400,""n_cb_comp"":10304,""power_protocol"":""fixed_constellation_average_Es2"",""puncturing_bits"":7700,""puncturing_first_2Z"":416,""puncturing_remaining"":7284,""repetition_bits"":0,""scrambling"":""public_PCG64_SHA256_protocol_session_frame_group_counter_after_rate_matching_v1"",""shortening_bits"":96,""z"":208}",[2048]
16QAM,1/3,16QAM:r1/3,c8f2b19a1e3e886d2cd3b48a1e767962fb5f74a03ccbc3c2ec210cf1556a5067,660,16,0,676,720,44,3744,2292,573,0,0.2949389179755672,0.2879581151832461,"{""actual_effective_rate"":0.2949389179755672,""bg"":""bg2"",""bit_mapping"":""component_Gray_00_-3_01_-1_10_3_11_1_over_sqrt5;QPSK_0_plus1_1_minus1"",""code_blocks"":1,""decoder_config"":{""cn_schedule"":""flooding"",""cn_update"":""boxplus-phi"",""early_stop"":false,""hard_out"":true,""harq_mode"":false,""llr_max"":20.0,""num_iter"":20,""precision"":""single"",""prune_pcm"":true,""return_infobits"":true,""vn_update"":""sum""},""implementation"":{""bit_mapping"":""component_Gray_00_-3_01_-1_10_3_11_1_over_sqrt5;QPSK_0_plus1_1_minus1"",""cuda"":""12.8"",""decoder"":{""cn_schedule"":""flooding"",""cn_update"":""boxplus-phi"",""early_stop"":false,""hard_out"":true,""harq_mode"":false,""llr_max"":20.0,""num_iter"":20,""precision"":""single"",""prune_pcm"":true,""return_infobits"":true,""vn_update"":""sum""},""decoder_source_sha256"":""44d84b92b749e2970f94d92cd348a11648e2286b4d851faa0af8b21d08f0da23"",""encoder_source_sha256"":""34d8db6660b2e84708a8fb534f63c194f6f2b964e3693fcffc9dcaf21532ccfd"",""implementation"":""Sionna_5G_LDPC"",""power_protocol"":""fixed_constellation_average_Es2"",""precision"":""float32"",""rate_matching"":""Sionna RV0; filler removal, first2Z and tail puncturing; supported n only"",""scrambling"":""public_PCG64_SHA256_protocol_session_frame_group_counter_after_rate_matching_v1"",""torch"":""2.11.0+cu128"",""version"":""2.2.0""},""interleaver_sha256"":""070f4d7595bb60adef546cd9863361b4aa1555cb7f84c2fa9c26ad3a2922ae06"",""k"":676,""k_filler"":44,""k_ldpc"":720,""layout_id"":""5716279ad41010c7443be0a7369ede25c4aef04bfe3a52f4f13ac3309d11fa69"",""modulation_padding_bits"":0,""mother_bits"":3744,""n"":2292,""n_cb"":3600,""n_cb_comp"":3556,""power_protocol"":""fixed_constellation_average_Es2"",""puncturing_bits"":1408,""puncturing_first_2Z"":144,""puncturing_remaining"":1264,""repetition_bits"":0,""scrambling"":""public_PCG64_SHA256_protocol_session_frame_group_counter_after_rate_matching_v1"",""shortening_bits"":44,""z"":72}","[1024,2048]"
QPSK,2/3,QPSK:r2/3,c8f429236eb75d6642b4b71cfada0377a3a489e50c911e276a62a84b703fa444,72,16,0,88,150,62,780,284,142,0,0.30985915492957744,0.2535211267605634,"{""actual_effective_rate"":0.30985915492957744,""bg"":""bg2"",""bit_mapping"":""component_Gray_00_-3_01_-1_10_3_11_1_over_sqrt5;QPSK_0_plus1_1_minus1"",""code_blocks"":1,""decoder_config"":{""cn_schedule"":""flooding"",""cn_update"":""boxplus-phi"",""early_stop"":false,""hard_out"":true,""harq_mode"":false,""llr_max"":20.0,""num_iter"":20,""precision"":""single"",""prune_pcm"":true,""return_infobits"":true,""vn_update"":""sum""},""implementation"":{""bit_mapping"":""component_Gray_00_-3_01_-1_10_3_11_1_over_sqrt5;QPSK_0_plus1_1_minus1"",""cuda"":""12.8"",""decoder"":{""cn_schedule"":""flooding"",""cn_update"":""boxplus-phi"",""early_stop"":false,""hard_out"":true,""harq_mode"":false,""llr_max"":20.0,""num_iter"":20,""precision"":""single"",""prune_pcm"":true,""return_infobits"":true,""vn_update"":""sum""},""decoder_source_sha256"":""44d84b92b749e2970f94d92cd348a11648e2286b4d851faa0af8b21d08f0da23"",""encoder_source_sha256"":""34d8db6660b2e84708a8fb534f63c194f6f2b964e3693fcffc9dcaf21532ccfd"",""implementation"":""Sionna_5G_LDPC"",""power_protocol"":""fixed_constellation_average_Es2"",""precision"":""float32"",""rate_matching"":""Sionna RV0; filler removal, first2Z and tail puncturing; supported n only"",""scrambling"":""public_PCG64_SHA256_protocol_session_frame_group_counter_after_rate_matching_v1"",""torch"":""2.11.0+cu128"",""version"":""2.2.0""},""interleaver_sha256"":""02c64c0c5b5ffab10fb64c070af7e74d08acf803ffe2f5682c9e0ee59293f0c8"",""k"":88,""k_filler"":62,""k_ldpc"":150,""layout_id"":""f7f1069b060abf765b29acceca9b0ec1750e91c1638a1e1bd9a2b729dbf25d9f"",""modulation_padding_bits"":0,""mother_bits"":780,""n"":284,""n_cb"":750,""n_cb_comp"":688,""power_protocol"":""fixed_constellation_average_Es2"",""puncturing_bits"":434,""puncturing_first_2Z"":30,""puncturing_remaining"":404,""repetition_bits"":0,""scrambling"":""public_PCG64_SHA256_protocol_session_frame_group_counter_after_rate_matching_v1"",""shortening_bits"":62,""z"":15}",[1024]
16QAM,1/3,16QAM:r1/3,c9098a10cd0fdfefaf27a6d8b023817ae363b3bcd90d750302282a3314620044,1800,16,0,1816,1920,104,9984,6684,1671,0,0.27169359664871334,0.26929982046678635,"{""actual_effective_rate"":0.27169359664871334,""bg"":""bg2"",""bit_mapping"":""component_Gray_00_-3_01_-1_10_3_11_1_over_sqrt5;QPSK_0_plus1_1_minus1"",""code_blocks"":1,""decoder_config"":{""cn_schedule"":""flooding"",""cn_update"":""boxplus-phi"",""early_stop"":false,""hard_out"":true,""harq_mode"":false,""llr_max"":20.0,""num_iter"":20,""precision"":""single"",""prune_pcm"":true,""return_infobits"":true,""vn_update"":""sum""},""implementation"":{""bit_mapping"":""component_Gray_00_-3_01_-1_10_3_11_1_over_sqrt5;QPSK_0_plus1_1_minus1"",""cuda"":""12.8"",""decoder"":{""cn_schedule"":""flooding"",""cn_update"":""boxplus-phi"",""early_stop"":false,""hard_out"":true,""harq_mode"":false,""llr_max"":20.0,""num_iter"":20,""precision"":""single"",""prune_pcm"":true,""return_infobits"":true,""vn_update"":""sum""},""decoder_source_sha256"":""44d84b92b749e2970f94d92cd348a11648e2286b4d851faa0af8b21d08f0da23"",""encoder_source_sha256"":""34d8db6660b2e84708a8fb534f63c194f6f2b964e3693fcffc9dcaf21532ccfd"",""implementation"":""Sionna_5G_LDPC"",""power_protocol"":""fixed_constellation_average_Es2"",""precision"":""float32"",""rate_matching"":""Sionna RV0; filler removal, first2Z and tail puncturing; supported n only"",""scrambling"":""public_PCG64_SHA256_protocol_session_frame_group_counter_after_rate_matching_v1"",""torch"":""2.11.0+cu128"",""version"":""2.2.0""},""interleaver_sha256"":""1b0be673f781acad748b84056cbd06fff2550090c2a88684fe9acd5fbb421283"",""k"":1816,""k_filler"":104,""k_ldpc"":1920,""layout_id"":""13c04096449a07535e23c406740fab4b1234b8d152ad8fd7fe292f4ea3bd5fdf"",""modulation_padding_bits"":0,""mother_bits"":9984,""n"":6684,""n_cb"":9600,""n_cb_comp"":9496,""power_protocol"":""fixed_constellation_average_Es2"",""puncturing_bits"":3196,""puncturing_first_2Z"":384,""puncturing_remaining"":2812,""repetition_bits"":0,""scrambling"":""public_PCG64_SHA256_protocol_session_frame_group_counter_after_rate_matching_v1"",""shortening_bits"":104,""z"":192}",[2048]
16QAM,3/4,16QAM:r3/4,c9135acc7b08d380a20b09d54c1cc8a599199db4a7d4ff81ad48dc463768fa92,1500,16,0,1516,1600,84,8320,5084,1271,0,0.2981904012588513,0.2950432730133753,"{""actual_effective_rate"":0.2981904012588513,""bg"":""bg2"",""bit_mapping"":""component_Gray_00_-3_01_-1_10_3_11_1_over_sqrt5;QPSK_0_plus1_1_minus1"",""code_blocks"":1,""decoder_config"":{""cn_schedule"":""flooding"",""cn_update"":""boxplus-phi"",""early_stop"":false,""hard_out"":true,""harq_mode"":false,""llr_max"":20.0,""num_iter"":20,""precision"":""single"",""prune_pcm"":true,""return_infobits"":true,""vn_update"":""sum""},""implementation"":{""bit_mapping"":""component_Gray_00_-3_01_-1_10_3_11_1_over_sqrt5;QPSK_0_plus1_1_minus1"",""cuda"":""12.8"",""decoder"":{""cn_schedule"":""flooding"",""cn_update"":""boxplus-phi"",""early_stop"":false,""hard_out"":true,""harq_mode"":false,""llr_max"":20.0,""num_iter"":20,""precision"":""single"",""prune_pcm"":true,""return_infobits"":true,""vn_update"":""sum""},""decoder_source_sha256"":""44d84b92b749e2970f94d92cd348a11648e2286b4d851faa0af8b21d08f0da23"",""encoder_source_sha256"":""34d8db6660b2e84708a8fb534f63c194f6f2b964e3693fcffc9dcaf21532ccfd"",""implementation"":""Sionna_5G_LDPC"",""power_protocol"":""fixed_constellation_average_Es2"",""precision"":""float32"",""rate_matching"":""Sionna RV0; filler removal, first2Z and tail puncturing; supported n only"",""scrambling"":""public_PCG64_SHA256_protocol_session_frame_group_counter_after_rate_matching_v1"",""torch"":""2.11.0+cu128"",""version"":""2.2.0""},""interleaver_sha256"":""e00ab88c69fef242db0391dda85c53e5faf9e149b906a09c1bcf3a39d785c508"",""k"":1516,""k_filler"":84,""k_ldpc"":1600,""layout_id"":""71d49019aba61702a9fa84b8d4115e05c3c5862bfe5981255edfb7b5d1a98417"",""modulation_padding_bits"":0,""mother_bits"":8320,""n"":5084,""n_cb"":8000,""n_cb_comp"":7916,""power_protocol"":""fixed_constellation_average_Es2"",""puncturing_bits"":3152,""puncturing_first_2Z"":320,""puncturing_remaining"":2832,""repetition_bits"":0,""scrambling"":""public_PCG64_SHA256_protocol_session_frame_group_counter_after_rate_matching_v1"",""shortening_bits"":84,""z"":160}",[2048]
16QAM,3/4,16QAM:r3/4,c91565a63db978ce5aeb034c2df6420551a0c3fd9fc299f45c89737589a6834d,5916,16,0,5932,6336,404,19584,7920,1980,0,0.748989898989899,0.746969696969697,"{""actual_effective_rate"":0.748989898989899,""bg"":""bg1"",""bit_mapping"":""component_Gray_00_-3_01_-1_10_3_11_1_over_sqrt5;QPSK_0_plus1_1_minus1"",""code_blocks"":1,""decoder_config"":{""cn_schedule"":""flooding"",""cn_update"":""boxplus-phi"",""early_stop"":false,""hard_out"":true,""harq_mode"":false,""llr_max"":20.0,""num_iter"":20,""precision"":""single"",""prune_pcm"":true,""return_infobits"":true,""vn_update"":""sum""},""implementation"":{""bit_mapping"":""component_Gray_00_-3_01_-1_10_3_11_1_over_sqrt5;QPSK_0_plus1_1_minus1"",""cuda"":""12.8"",""decoder"":{""cn_schedule"":""flooding"",""cn_update"":""boxplus-phi"",""early_stop"":false,""hard_out"":true,""harq_mode"":false,""llr_max"":20.0,""num_iter"":20,""precision"":""single"",""prune_pcm"":true,""return_infobits"":true,""vn_update"":""sum""},""decoder_source_sha256"":""44d84b92b749e2970f94d92cd348a11648e2286b4d851faa0af8b21d08f0da23"",""encoder_source_sha256"":""34d8db6660b2e84708a8fb534f63c194f6f2b964e3693fcffc9dcaf21532ccfd"",""implementation"":""Sionna_5G_LDPC"",""power_protocol"":""fixed_constellation_average_Es2"",""precision"":""float32"",""rate_matching"":""Sionna RV0; filler removal, first2Z and tail puncturing; supported n only"",""scrambling"":""public_PCG64_SHA256_protocol_session_frame_group_counter_after_rate_matching_v1"",""torch"":""2.11.0+cu128"",""version"":""2.2.0""},""interleaver_sha256"":""bf29d57f104b46cfad97442eb8b05f15d543d1ba6069085098da1ce605aaeccb"",""k"":5932,""k_filler"":404,""k_ldpc"":6336,""layout_id"":""29e215ce37501c3882d48279d5d44179594b0e61596db6e4ef2bfcc7d1ba3a7e"",""modulation_padding_bits"":0,""mother_bits"":19584,""n"":7920,""n_cb"":19008,""n_cb_comp"":18604,""power_protocol"":""fixed_constellation_average_Es2"",""puncturing_bits"":11260,""puncturing_first_2Z"":576,""puncturing_remaining"":10684,""repetition_bits"":0,""scrambling"":""public_PCG64_SHA256_protocol_session_frame_group_counter_after_rate_matching_v1"",""shortening_bits"":404,""z"":288}",[2048]
QPSK,1/3,QPSK:r1/3,c93e05fd950d43a62b4732a181770e328723b5ba8554eb5e45e4f02df1ca3fd7,360,16,0,376,480,104,2496,1164,582,0,0.3230240549828179,0.30927835051546393,"{""actual_effective_rate"":0.3230240549828179,""bg"":""bg2"",""bit_mapping"":""component_Gray_00_-3_01_-1_10_3_11_1_over_sqrt5;QPSK_0_plus1_1_minus1"",""code_blocks"":1,""decoder_config"":{""cn_schedule"":""flooding"",""cn_update"":""boxplus-phi"",""early_stop"":false,""hard_out"":true,""harq_mode"":false,""llr_max"":20.0,""num_iter"":20,""precision"":""single"",""prune_pcm"":true,""return_infobits"":true,""vn_update"":""sum""},""implementation"":{""bit_mapping"":""component_Gray_00_-3_01_-1_10_3_11_1_over_sqrt5;QPSK_0_plus1_1_minus1"",""cuda"":""12.8"",""decoder"":{""cn_schedule"":""flooding"",""cn_update"":""boxplus-phi"",""early_stop"":false,""hard_out"":true,""harq_mode"":false,""llr_max"":20.0,""num_iter"":20,""precision"":""single"",""prune_pcm"":true,""return_infobits"":true,""vn_update"":""sum""},""decoder_source_sha256"":""44d84b92b749e2970f94d92cd348a11648e2286b4d851faa0af8b21d08f0da23"",""encoder_source_sha256"":""34d8db6660b2e84708a8fb534f63c194f6f2b964e3693fcffc9dcaf21532ccfd"",""implementation"":""Sionna_5G_LDPC"",""power_protocol"":""fixed_constellation_average_Es2"",""precision"":""float32"",""rate_matching"":""Sionna RV0; filler removal, first2Z and tail puncturing; supported n only"",""scrambling"":""public_PCG64_SHA256_protocol_session_frame_group_counter_after_rate_matching_v1"",""torch"":""2.11.0+cu128"",""version"":""2.2.0""},""interleaver_sha256"":""748fe2e5e3ba36561805e6deae5fce417485cf0d912033532c069669d4a89498"",""k"":376,""k_filler"":104,""k_ldpc"":480,""layout_id"":""828c6d629d45824d062860f3b746ac487c369c24d6d6224e64b54cfc11cdaf65"",""modulation_padding_bits"":0,""mother_bits"":2496,""n"":1164,""n_cb"":2400,""n_cb_comp"":2296,""power_protocol"":""fixed_constellation_average_Es2"",""puncturing_bits"":1228,""puncturing_first_2Z"":96,""puncturing_remaining"":1132,""repetition_bits"":0,""scrambling"":""public_PCG64_SHA256_protocol_session_frame_group_counter_after_rate_matching_v1"",""shortening_bits"":104,""z"":48}",[2048]
QPSK,5/6,QPSK:r5/6,c941b4dc5dd2a86445a55efe28d644c8c7d4da175f7f273244946ecabd165c46,108,16,0,124,220,96,1144,298,149,0,0.4161073825503356,0.3624161073825503,"{""actual_effective_rate"":0.4161073825503356,""bg"":""bg2"",""bit_mapping"":""component_Gray_00_-3_01_-1_10_3_11_1_over_sqrt5;QPSK_0_plus1_1_minus1"",""code_blocks"":1,""decoder_config"":{""cn_schedule"":""flooding"",""cn_update"":""boxplus-phi"",""early_stop"":false,""hard_out"":true,""harq_mode"":false,""llr_max"":20.0,""num_iter"":20,""precision"":""single"",""prune_pcm"":true,""return_infobits"":true,""vn_update"":""sum""},""implementation"":{""bit_mapping"":""component_Gray_00_-3_01_-1_10_3_11_1_over_sqrt5;QPSK_0_plus1_1_minus1"",""cuda"":""12.8"",""decoder"":{""cn_schedule"":""flooding"",""cn_update"":""boxplus-phi"",""early_stop"":false,""hard_out"":true,""harq_mode"":false,""llr_max"":20.0,""num_iter"":20,""precision"":""single"",""prune_pcm"":true,""return_infobits"":true,""vn_update"":""sum""},""decoder_source_sha256"":""44d84b92b749e2970f94d92cd348a11648e2286b4d851faa0af8b21d08f0da23"",""encoder_source_sha256"":""34d8db6660b2e84708a8fb534f63c194f6f2b964e3693fcffc9dcaf21532ccfd"",""implementation"":""Sionna_5G_LDPC"",""power_protocol"":""fixed_constellation_average_Es2"",""precision"":""float32"",""rate_matching"":""Sionna RV0; filler removal, first2Z and tail puncturing; supported n only"",""scrambling"":""public_PCG64_SHA256_protocol_session_frame_group_counter_after_rate_matching_v1"",""torch"":""2.11.0+cu128"",""version"":""2.2.0""},""interleaver_sha256"":""a3ef8ce4d56ea608899f066fdf9b22d93c5cf82974cab0aaccd5b730e2bb53bb"",""k"":124,""k_filler"":96,""k_ldpc"":220,""layout_id"":""c0205a1b3211071251fdedfbfa9b9e685068e93aabb978357390ab82a3a71448"",""modulation_padding_bits"":0,""mother_bits"":1144,""n"":298,""n_cb"":1100,""n_cb_comp"":1004,""power_protocol"":""fixed_constellation_average_Es2"",""puncturing_bits"":750,""puncturing_first_2Z"":44,""puncturing_remaining"":706,""repetition_bits"":0,""scrambling"":""public_PCG64_SHA256_protocol_session_frame_group_counter_after_rate_matching_v1"",""shortening_bits"":96,""z"":22}",[1024]
QPSK,3/4,QPSK:r3/4,c945b05a47d5af7a82e2448cf540a1a7496548f52ea673b332206d4c1fccd816,816,16,0,832,880,48,4576,2716,1358,0,0.30633284241531666,0.3004418262150221,"{""actual_effective_rate"":0.30633284241531666,""bg"":""bg2"",""bit_mapping"":""component_Gray_00_-3_01_-1_10_3_11_1_over_sqrt5;QPSK_0_plus1_1_minus1"",""code_blocks"":1,""decoder_config"":{""cn_schedule"":""flooding"",""cn_update"":""boxplus-phi"",""early_stop"":false,""hard_out"":true,""harq_mode"":false,""llr_max"":20.0,""num_iter"":20,""precision"":""single"",""prune_pcm"":true,""return_infobits"":true,""vn_update"":""sum""},""implementation"":{""bit_mapping"":""component_Gray_00_-3_01_-1_10_3_11_1_over_sqrt5;QPSK_0_plus1_1_minus1"",""cuda"":""12.8"",""decoder"":{""cn_schedule"":""flooding"",""cn_update"":""boxplus-phi"",""early_stop"":false,""hard_out"":true,""harq_mode"":false,""llr_max"":20.0,""num_iter"":20,""precision"":""single"",""prune_pcm"":true,""return_infobits"":true,""vn_update"":""sum""},""decoder_source_sha256"":""44d84b92b749e2970f94d92cd348a11648e2286b4d851faa0af8b21d08f0da23"",""encoder_source_sha256"":""34d8db6660b2e84708a8fb534f63c194f6f2b964e3693fcffc9dcaf21532ccfd"",""implementation"":""Sionna_5G_LDPC"",""power_protocol"":""fixed_constellation_average_Es2"",""precision"":""float32"",""rate_matching"":""Sionna RV0; filler removal, first2Z and tail puncturing; supported n only"",""scrambling"":""public_PCG64_SHA256_protocol_session_frame_group_counter_after_rate_matching_v1"",""torch"":""2.11.0+cu128"",""version"":""2.2.0""},""interleaver_sha256"":""d01b62b03ee4ec93ef816d28866475f40c7f67b3b06c334aead04244d13bd11a"",""k"":832,""k_filler"":48,""k_ldpc"":880,""layout_id"":""588a8d154a2d82686ddf214ad5019e1e13c065e065cb2bcb88e67fac01412baa"",""modulation_padding_bits"":0,""mother_bits"":4576,""n"":2716,""n_cb"":4400,""n_cb_comp"":4352,""power_protocol"":""fixed_constellation_average_Es2"",""puncturing_bits"":1812,""puncturing_first_2Z"":176,""puncturing_remaining"":1636,""repetition_bits"":0,""scrambling"":""public_PCG64_SHA256_protocol_session_frame_group_counter_after_rate_matching_v1"",""shortening_bits"":48,""z"":88}",[2048]
QPSK,1/2,QPSK:r1/2,c9619e908f8f5ca59ad7b49c9e8c1ec67cfb92f6cf24edfaa1b66b2b03b1d2d5,360,16,0,376,480,104,2496,1308,654,0,0.2874617737003058,0.27522935779816515,"{""actual_effective_rate"":0.2874617737003058,""bg"":""bg2"",""bit_mapping"":""component_Gray_00_-3_01_-1_10_3_11_1_over_sqrt5;QPSK_0_plus1_1_minus1"",""code_blocks"":1,""decoder_config"":{""cn_schedule"":""flooding"",""cn_update"":""boxplus-phi"",""early_stop"":false,""hard_out"":true,""harq_mode"":false,""llr_max"":20.0,""num_iter"":20,""precision"":""single"",""prune_pcm"":true,""return_infobits"":true,""vn_update"":""sum""},""implementation"":{""bit_mapping"":""component_Gray_00_-3_01_-1_10_3_11_1_over_sqrt5;QPSK_0_plus1_1_minus1"",""cuda"":""12.8"",""decoder"":{""cn_schedule"":""flooding"",""cn_update"":""boxplus-phi"",""early_stop"":false,""hard_out"":true,""harq_mode"":false,""llr_max"":20.0,""num_iter"":20,""precision"":""single"",""prune_pcm"":true,""return_infobits"":true,""vn_update"":""sum""},""decoder_source_sha256"":""44d84b92b749e2970f94d92cd348a11648e2286b4d851faa0af8b21d08f0da23"",""encoder_source_sha256"":""34d8db6660b2e84708a8fb534f63c194f6f2b964e3693fcffc9dcaf21532ccfd"",""implementation"":""Sionna_5G_LDPC"",""power_protocol"":""fixed_constellation_average_Es2"",""precision"":""float32"",""rate_matching"":""Sionna RV0; filler removal, first2Z and tail puncturing; supported n only"",""scrambling"":""public_PCG64_SHA256_protocol_session_frame_group_counter_after_rate_matching_v1"",""torch"":""2.11.0+cu128"",""version"":""2.2.0""},""interleaver_sha256"":""ab1e3923e20a16434d1056841a05b7b73bbadc7232b3dbf512755510742352a9"",""k"":376,""k_filler"":104,""k_ldpc"":480,""layout_id"":""013bbd397ae21f6cb56ade807a455bd83b5a1c226877e5efde2e973cdca3108c"",""modulation_padding_bits"":0,""mother_bits"":2496,""n"":1308,""n_cb"":2400,""n_cb_comp"":2296,""power_protocol"":""fixed_constellation_average_Es2"",""puncturing_bits"":1084,""puncturing_first_2Z"":96,""puncturing_remaining"":988,""repetition_bits"":0,""scrambling"":""public_PCG64_SHA256_protocol_session_frame_group_counter_after_rate_matching_v1"",""shortening_bits"":104,""z"":48}",[1024]
16QAM,5/6,16QAM:r5/6,c96811e8778ae33f042c115ce2dd1fda02d20e60c876f7dba1bed708639dfdd0,1092,16,0,1108,1144,36,3536,1436,359,0,0.7715877437325905,0.7604456824512534,"{""actual_effective_rate"":0.7715877437325905,""bg"":""bg1"",""bit_mapping"":""component_Gray_00_-3_01_-1_10_3_11_1_over_sqrt5;QPSK_0_plus1_1_minus1"",""code_blocks"":1,""decoder_config"":{""cn_schedule"":""flooding"",""cn_update"":""boxplus-phi"",""early_stop"":false,""hard_out"":true,""harq_mode"":false,""llr_max"":20.0,""num_iter"":20,""precision"":""single"",""prune_pcm"":true,""return_infobits"":true,""vn_update"":""sum""},""implementation"":{""bit_mapping"":""component_Gray_00_-3_01_-1_10_3_11_1_over_sqrt5;QPSK_0_plus1_1_minus1"",""cuda"":""12.8"",""decoder"":{""cn_schedule"":""flooding"",""cn_update"":""boxplus-phi"",""early_stop"":false,""hard_out"":true,""harq_mode"":false,""llr_max"":20.0,""num_iter"":20,""precision"":""single"",""prune_pcm"":true,""return_infobits"":true,""vn_update"":""sum""},""decoder_source_sha256"":""44d84b92b749e2970f94d92cd348a11648e2286b4d851faa0af8b21d08f0da23"",""encoder_source_sha256"":""34d8db6660b2e84708a8fb534f63c194f6f2b964e3693fcffc9dcaf21532ccfd"",""implementation"":""Sionna_5G_LDPC"",""power_protocol"":""fixed_constellation_average_Es2"",""precision"":""float32"",""rate_matching"":""Sionna RV0; filler removal, first2Z and tail puncturing; supported n only"",""scrambling"":""public_PCG64_SHA256_protocol_session_frame_group_counter_after_rate_matching_v1"",""torch"":""2.11.0+cu128"",""version"":""2.2.0""},""interleaver_sha256"":""69535138f400b9fb3cb414d16727e07c7bac3efb45d0dcc8418118b81b0af1b9"",""k"":1108,""k_filler"":36,""k_ldpc"":1144,""layout_id"":""59eb3b7d013c311229d2262895e51a2d480eb1e54db3149f5b69dc5a1dba0872"",""modulation_padding_bits"":0,""mother_bits"":3536,""n"":1436,""n_cb"":3432,""n_cb_comp"":3396,""power_protocol"":""fixed_constellation_average_Es2"",""puncturing_bits"":2064,""puncturing_first_2Z"":104,""puncturing_remaining"":1960,""repetition_bits"":0,""scrambling"":""public_PCG64_SHA256_protocol_session_frame_group_counter_after_rate_matching_v1"",""shortening_bits"":36,""z"":52}",[2048]
16QAM,2/3,16QAM:r2/3,c9698193383ff90c6b8d119a8fdbf402425638ce747ab2142ded7da816db13f2,624,16,0,640,720,80,3744,1228,307,0,0.5211726384364821,0.50814332247557,"{""actual_effective_rate"":0.5211726384364821,""bg"":""bg2"",""bit_mapping"":""component_Gray_00_-3_01_-1_10_3_11_1_over_sqrt5;QPSK_0_plus1_1_minus1"",""code_blocks"":1,""decoder_config"":{""cn_schedule"":""flooding"",""cn_update"":""boxplus-phi"",""early_stop"":false,""hard_out"":true,""harq_mode"":false,""llr_max"":20.0,""num_iter"":20,""precision"":""single"",""prune_pcm"":true,""return_infobits"":true,""vn_update"":""sum""},""implementation"":{""bit_mapping"":""component_Gray_00_-3_01_-1_10_3_11_1_over_sqrt5;QPSK_0_plus1_1_minus1"",""cuda"":""12.8"",""decoder"":{""cn_schedule"":""flooding"",""cn_update"":""boxplus-phi"",""early_stop"":false,""hard_out"":true,""harq_mode"":false,""llr_max"":20.0,""num_iter"":20,""precision"":""single"",""prune_pcm"":true,""return_infobits"":true,""vn_update"":""sum""},""decoder_source_sha256"":""44d84b92b749e2970f94d92cd348a11648e2286b4d851faa0af8b21d08f0da23"",""encoder_source_sha256"":""34d8db6660b2e84708a8fb534f63c194f6f2b964e3693fcffc9dcaf21532ccfd"",""implementation"":""Sionna_5G_LDPC"",""power_protocol"":""fixed_constellation_average_Es2"",""precision"":""float32"",""rate_matching"":""Sionna RV0; filler removal, first2Z and tail puncturing; supported n only"",""scrambling"":""public_PCG64_SHA256_protocol_session_frame_group_counter_after_rate_matching_v1"",""torch"":""2.11.0+cu128"",""version"":""2.2.0""},""interleaver_sha256"":""b1f7a47fa5f70d7e1386f63019f3ca90238bb96b42267abbe901642a642010f1"",""k"":640,""k_filler"":80,""k_ldpc"":720,""layout_id"":""e43b07a772c711447edf2f57887a74054ee75bb57a583778c7e8cd41bbd4dba9"",""modulation_padding_bits"":0,""mother_bits"":3744,""n"":1228,""n_cb"":3600,""n_cb_comp"":3520,""power_protocol"":""fixed_constellation_average_Es2"",""puncturing_bits"":2436,""puncturing_first_2Z"":144,""puncturing_remaining"":2292,""repetition_bits"":0,""scrambling"":""public_PCG64_SHA256_protocol_session_frame_group_counter_after_rate_matching_v1"",""shortening_bits"":80,""z"":72}",[1024]
16QAM,5/6,16QAM:r5/6,c96e06c53b1d0c8602fbe19df39886ae85dc216b51c109cc9e95508c126ff32e,660,16,0,676,704,28,2176,820,205,0,0.824390243902439,0.8048780487804879,"{""actual_effective_rate"":0.824390243902439,""bg"":""bg1"",""bit_mapping"":""component_Gray_00_-3_01_-1_10_3_11_1_over_sqrt5;QPSK_0_plus1_1_minus1"",""code_blocks"":1,""decoder_config"":{""cn_schedule"":""flooding"",""cn_update"":""boxplus-phi"",""early_stop"":false,""hard_out"":true,""harq_mode"":false,""llr_max"":20.0,""num_iter"":20,""precision"":""single"",""prune_pcm"":true,""return_infobits"":true,""vn_update"":""sum""},""implementation"":{""bit_mapping"":""component_Gray_00_-3_01_-1_10_3_11_1_over_sqrt5;QPSK_0_plus1_1_minus1"",""cuda"":""12.8"",""decoder"":{""cn_schedule"":""flooding"",""cn_update"":""boxplus-phi"",""early_stop"":false,""hard_out"":true,""harq_mode"":false,""llr_max"":20.0,""num_iter"":20,""precision"":""single"",""prune_pcm"":true,""return_infobits"":true,""vn_update"":""sum""},""decoder_source_sha256"":""44d84b92b749e2970f94d92cd348a11648e2286b4d851faa0af8b21d08f0da23"",""encoder_source_sha256"":""34d8db6660b2e84708a8fb534f63c194f6f2b964e3693fcffc9dcaf21532ccfd"",""implementation"":""Sionna_5G_LDPC"",""power_protocol"":""fixed_constellation_average_Es2"",""precision"":""float32"",""rate_matching"":""Sionna RV0; filler removal, first2Z and tail puncturing; supported n only"",""scrambling"":""public_PCG64_SHA256_protocol_session_frame_group_counter_after_rate_matching_v1"",""torch"":""2.11.0+cu128"",""version"":""2.2.0""},""interleaver_sha256"":""ce129f51f37f6b58177702d9b8c5340cb0aee936a207d8dfb1fc91f6b5ea4b25"",""k"":676,""k_filler"":28,""k_ldpc"":704,""layout_id"":""f36c83b9e48ed03e0cec6f8b30cefe756182f71bb20c979ecc1b48cf1f98f6a8"",""modulation_padding_bits"":0,""mother_bits"":2176,""n"":820,""n_cb"":2112,""n_cb_comp"":2084,""power_protocol"":""fixed_constellation_average_Es2"",""puncturing_bits"":1328,""puncturing_first_2Z"":64,""puncturing_remaining"":1264,""repetition_bits"":0,""scrambling"":""public_PCG64_SHA256_protocol_session_frame_group_counter_after_rate_matching_v1"",""shortening_bits"":28,""z"":32}",[1024]
16QAM,2/3,16QAM:r2/3,c970e0002f03ab2a65e86b053012ea82ab7b601bba6d384f16100087f2f45a78,1092,16,0,1108,1120,12,5824,2592,648,0,0.42746913580246915,0.4212962962962963,"{""actual_effective_rate"":0.42746913580246915,""bg"":""bg2"",""bit_mapping"":""component_Gray_00_-3_01_-1_10_3_11_1_over_sqrt5;QPSK_0_plus1_1_minus1"",""code_blocks"":1,""decoder_config"":{""cn_schedule"":""flooding"",""cn_update"":""boxplus-phi"",""early_stop"":false,""hard_out"":true,""harq_mode"":false,""llr_max"":20.0,""num_iter"":20,""precision"":""single"",""prune_pcm"":true,""return_infobits"":true,""vn_update"":""sum""},""implementation"":{""bit_mapping"":""component_Gray_00_-3_01_-1_10_3_11_1_over_sqrt5;QPSK_0_plus1_1_minus1"",""cuda"":""12.8"",""decoder"":{""cn_schedule"":""flooding"",""cn_update"":""boxplus-phi"",""early_stop"":false,""hard_out"":true,""harq_mode"":false,""llr_max"":20.0,""num_iter"":20,""precision"":""single"",""prune_pcm"":true,""return_infobits"":true,""vn_update"":""sum""},""decoder_source_sha256"":""44d84b92b749e2970f94d92cd348a11648e2286b4d851faa0af8b21d08f0da23"",""encoder_source_sha256"":""34d8db6660b2e84708a8fb534f63c194f6f2b964e3693fcffc9dcaf21532ccfd"",""implementation"":""Sionna_5G_LDPC"",""power_protocol"":""fixed_constellation_average_Es2"",""precision"":""float32"",""rate_matching"":""Sionna RV0; filler removal, first2Z and tail puncturing; supported n only"",""scrambling"":""public_PCG64_SHA256_protocol_session_frame_group_counter_after_rate_matching_v1"",""torch"":""2.11.0+cu128"",""version"":""2.2.0""},""interleaver_sha256"":""e2c0d8906ea4f761cc1bc1174b1de448e1cff1bf945bc841aee6ec407e893fb8"",""k"":1108,""k_filler"":12,""k_ldpc"":1120,""layout_id"":""6b777ae42e05ae4c6f76780c88bb1a4184c80ba716f9cb0f9278401fb82310e1"",""modulation_padding_bits"":0,""mother_bits"":5824,""n"":2592,""n_cb"":5600,""n_cb_comp"":5588,""power_protocol"":""fixed_constellation_average_Es2"",""puncturing_bits"":3220,""puncturing_first_2Z"":224,""puncturing_remaining"":2996,""repetition_bits"":0,""scrambling"":""public_PCG64_SHA256_protocol_session_frame_group_counter_after_rate_matching_v1"",""shortening_bits"":12,""z"":112}",[1024]
QPSK,1/3,QPSK:r1/3,c9783940e4e388f31b7cee384bdf9adfdaae346482e5e5e56cab709066471051,1092,16,0,1108,1120,12,5824,3326,1663,0,0.33313289236319904,0.32832230907997595,"{""actual_effective_rate"":0.33313289236319904,""bg"":""bg2"",""bit_mapping"":""component_Gray_00_-3_01_-1_10_3_11_1_over_sqrt5;QPSK_0_plus1_1_minus1"",""code_blocks"":1,""decoder_config"":{""cn_schedule"":""flooding"",""cn_update"":""boxplus-phi"",""early_stop"":false,""hard_out"":true,""harq_mode"":false,""llr_max"":20.0,""num_iter"":20,""precision"":""single"",""prune_pcm"":true,""return_infobits"":true,""vn_update"":""sum""},""implementation"":{""bit_mapping"":""component_Gray_00_-3_01_-1_10_3_11_1_over_sqrt5;QPSK_0_plus1_1_minus1"",""cuda"":""12.8"",""decoder"":{""cn_schedule"":""flooding"",""cn_update"":""boxplus-phi"",""early_stop"":false,""hard_out"":true,""harq_mode"":false,""llr_max"":20.0,""num_iter"":20,""precision"":""single"",""prune_pcm"":true,""return_infobits"":true,""vn_update"":""sum""},""decoder_source_sha256"":""44d84b92b749e2970f94d92cd348a11648e2286b4d851faa0af8b21d08f0da23"",""encoder_source_sha256"":""34d8db6660b2e84708a8fb534f63c194f6f2b964e3693fcffc9dcaf21532ccfd"",""implementation"":""Sionna_5G_LDPC"",""power_protocol"":""fixed_constellation_average_Es2"",""precision"":""float32"",""rate_matching"":""Sionna RV0; filler removal, first2Z and tail puncturing; supported n only"",""scrambling"":""public_PCG64_SHA256_protocol_session_frame_group_counter_after_rate_matching_v1"",""torch"":""2.11.0+cu128"",""version"":""2.2.0""},""interleaver_sha256"":""99f436906cd4445a10972084b0b04cfac5669e4f399c343444c1d00b15250f29"",""k"":1108,""k_filler"":12,""k_ldpc"":1120,""layout_id"":""b05d6d5a2da5878a59abfe07382c7777fbdfc20187233568abda544a89c7a550"",""modulation_padding_bits"":0,""mother_bits"":5824,""n"":3326,""n_cb"":5600,""n_cb_comp"":5588,""power_protocol"":""fixed_constellation_average_Es2"",""puncturing_bits"":2486,""puncturing_first_2Z"":224,""puncturing_remaining"":2262,""repetition_bits"":0,""scrambling"":""public_PCG64_SHA256_protocol_session_frame_group_counter_after_rate_matching_v1"",""shortening_bits"":12,""z"":112}",[2048]
16QAM,1/2,16QAM:r1/2,c97a1edcca92c954c70ff90e57ed744de2e5f2b8516f2c58d1615437ed6ffc0e,360,16,0,376,480,104,2496,1044,261,0,0.36015325670498083,0.3448275862068966,"{""actual_effective_rate"":0.36015325670498083,""bg"":""bg2"",""bit_mapping"":""component_Gray_00_-3_01_-1_10_3_11_1_over_sqrt5;QPSK_0_plus1_1_minus1"",""code_blocks"":1,""decoder_config"":{""cn_schedule"":""flooding"",""cn_update"":""boxplus-phi"",""early_stop"":false,""hard_out"":true,""harq_mode"":false,""llr_max"":20.0,""num_iter"":20,""precision"":""single"",""prune_pcm"":true,""return_infobits"":true,""vn_update"":""sum""},""implementation"":{""bit_mapping"":""component_Gray_00_-3_01_-1_10_3_11_1_over_sqrt5;QPSK_0_plus1_1_minus1"",""cuda"":""12.8"",""decoder"":{""cn_schedule"":""flooding"",""cn_update"":""boxplus-phi"",""early_stop"":false,""hard_out"":true,""harq_mode"":false,""llr_max"":20.0,""num_iter"":20,""precision"":""single"",""prune_pcm"":true,""return_infobits"":true,""vn_update"":""sum""},""decoder_source_sha256"":""44d84b92b749e2970f94d92cd348a11648e2286b4d851faa0af8b21d08f0da23"",""encoder_source_sha256"":""34d8db6660b2e84708a8fb534f63c194f6f2b964e3693fcffc9dcaf21532ccfd"",""implementation"":""Sionna_5G_LDPC"",""power_protocol"":""fixed_constellation_average_Es2"",""precision"":""float32"",""rate_matching"":""Sionna RV0; filler removal, first2Z and tail puncturing; supported n only"",""scrambling"":""public_PCG64_SHA256_protocol_session_frame_group_counter_after_rate_matching_v1"",""torch"":""2.11.0+cu128"",""version"":""2.2.0""},""interleaver_sha256"":""46f8e706812b0bd40a5cde666d4c252d1c633150867e5c68c026271c5b94c591"",""k"":376,""k_filler"":104,""k_ldpc"":480,""layout_id"":""f3ecb0ca1191829f6204a06ba4f28db6c350d5c3471aef033ade3fa1d560e1b9"",""modulation_padding_bits"":0,""mother_bits"":2496,""n"":1044,""n_cb"":2400,""n_cb_comp"":2296,""power_protocol"":""fixed_constellation_average_Es2"",""puncturing_bits"":1348,""puncturing_first_2Z"":96,""puncturing_remaining"":1252,""repetition_bits"":0,""scrambling"":""public_PCG64_SHA256_protocol_session_frame_group_counter_after_rate_matching_v1"",""shortening_bits"":104,""z"":48}",[2048]
16QAM,5/6,16QAM:r5/6,c998f3871c941f27b6b54d621b4188784e31e27c8b67edba827c89fefc02a0c3,624,16,0,640,720,80,3744,2308,577,0,0.2772963604852686,0.2703639514731369,"{""actual_effective_rate"":0.2772963604852686,""bg"":""bg2"",""bit_mapping"":""component_Gray_00_-3_01_-1_10_3_11_1_over_sqrt5;QPSK_0_plus1_1_minus1"",""code_blocks"":1,""decoder_config"":{""cn_schedule"":""flooding"",""cn_update"":""boxplus-phi"",""early_stop"":false,""hard_out"":true,""harq_mode"":false,""llr_max"":20.0,""num_iter"":20,""precision"":""single"",""prune_pcm"":true,""return_infobits"":true,""vn_update"":""sum""},""implementation"":{""bit_mapping"":""component_Gray_00_-3_01_-1_10_3_11_1_over_sqrt5;QPSK_0_plus1_1_minus1"",""cuda"":""12.8"",""decoder"":{""cn_schedule"":""flooding"",""cn_update"":""boxplus-phi"",""early_stop"":false,""hard_out"":true,""harq_mode"":false,""llr_max"":20.0,""num_iter"":20,""precision"":""single"",""prune_pcm"":true,""return_infobits"":true,""vn_update"":""sum""},""decoder_source_sha256"":""44d84b92b749e2970f94d92cd348a11648e2286b4d851faa0af8b21d08f0da23"",""encoder_source_sha256"":""34d8db6660b2e84708a8fb534f63c194f6f2b964e3693fcffc9dcaf21532ccfd"",""implementation"":""Sionna_5G_LDPC"",""power_protocol"":""fixed_constellation_average_Es2"",""precision"":""float32"",""rate_matching"":""Sionna RV0; filler removal, first2Z and tail puncturing; supported n only"",""scrambling"":""public_PCG64_SHA256_protocol_session_frame_group_counter_after_rate_matching_v1"",""torch"":""2.11.0+cu128"",""version"":""2.2.0""},""interleaver_sha256"":""4c759c8fa6ab90646efa6eeae58f5bf643665b4c32842980b4b9148c7493ea22"",""k"":640,""k_filler"":80,""k_ldpc"":720,""layout_id"":""8e19ee9282dd078b0a916db0a206c391c7cc17a9ece9fc9474a83f307a45b64d"",""modulation_padding_bits"":0,""mother_bits"":3744,""n"":2308,""n_cb"":3600,""n_cb_comp"":3520,""power_protocol"":""fixed_constellation_average_Es2"",""puncturing_bits"":1356,""puncturing_first_2Z"":144,""puncturing_remaining"":1212,""repetition_bits"":0,""scrambling"":""public_PCG64_SHA256_protocol_session_frame_group_counter_after_rate_matching_v1"",""shortening_bits"":80,""z"":72}",[1024]
16QAM,2/3,16QAM:r2/3,c99b558a62a90ebc0e640b3c7732736a7a1c1186bcdc2ebe201ca4dc8cffb61d,2400,16,0,2416,2560,144,13312,6852,1713,0,0.3525977816695855,0.3502626970227671,"{""actual_effective_rate"":0.3525977816695855,""bg"":""bg2"",""bit_mapping"":""component_Gray_00_-3_01_-1_10_3_11_1_over_sqrt5;QPSK_0_plus1_1_minus1"",""code_blocks"":1,""decoder_config"":{""cn_schedule"":""flooding"",""cn_update"":""boxplus-phi"",""early_stop"":false,""hard_out"":true,""harq_mode"":false,""llr_max"":20.0,""num_iter"":20,""precision"":""single"",""prune_pcm"":true,""return_infobits"":true,""vn_update"":""sum""},""implementation"":{""bit_mapping"":""component_Gray_00_-3_01_-1_10_3_11_1_over_sqrt5;QPSK_0_plus1_1_minus1"",""cuda"":""12.8"",""decoder"":{""cn_schedule"":""flooding"",""cn_update"":""boxplus-phi"",""early_stop"":false,""hard_out"":true,""harq_mode"":false,""llr_max"":20.0,""num_iter"":20,""precision"":""single"",""prune_pcm"":true,""return_infobits"":true,""vn_update"":""sum""},""decoder_source_sha256"":""44d84b92b749e2970f94d92cd348a11648e2286b4d851faa0af8b21d08f0da23"",""encoder_source_sha256"":""34d8db6660b2e84708a8fb534f63c194f6f2b964e3693fcffc9dcaf21532ccfd"",""implementation"":""Sionna_5G_LDPC"",""power_protocol"":""fixed_constellation_average_Es2"",""precision"":""float32"",""rate_matching"":""Sionna RV0; filler removal, first2Z and tail puncturing; supported n only"",""scrambling"":""public_PCG64_SHA256_protocol_session_frame_group_counter_after_rate_matching_v1"",""torch"":""2.11.0+cu128"",""version"":""2.2.0""},""interleaver_sha256"":""a76d837ba1ad4175228c0d74b96edce9b269abeb0b621d30502b217ef6c7a2fb"",""k"":2416,""k_filler"":144,""k_ldpc"":2560,""layout_id"":""6bd26da92033b5f7ba7c20f1d19ac953f3457bfadeb9506aaf5b2aabb2ffd0c3"",""modulation_padding_bits"":0,""mother_bits"":13312,""n"":6852,""n_cb"":12800,""n_cb_comp"":12656,""power_protocol"":""fixed_constellation_average_Es2"",""puncturing_bits"":6316,""puncturing_first_2Z"":512,""puncturing_remaining"":5804,""repetition_bits"":0,""scrambling"":""public_PCG64_SHA256_protocol_session_frame_group_counter_after_rate_matching_v1"",""shortening_bits"":144,""z"":256}",[2048]
QPSK,5/6,QPSK:r5/6,c99ddf946015fc363ed657824649bed406d071622459a2ecf9062c8b6b52f9ac,732,16,0,748,800,52,4160,1174,587,0,0.637137989778535,0.6235093696763203,"{""actual_effective_rate"":0.637137989778535,""bg"":""bg2"",""bit_mapping"":""component_Gray_00_-3_01_-1_10_3_11_1_over_sqrt5;QPSK_0_plus1_1_minus1"",""code_blocks"":1,""decoder_config"":{""cn_schedule"":""flooding"",""cn_update"":""boxplus-phi"",""early_stop"":false,""hard_out"":true,""harq_mode"":false,""llr_max"":20.0,""num_iter"":20,""precision"":""single"",""prune_pcm"":true,""return_infobits"":true,""vn_update"":""sum""},""implementation"":{""bit_mapping"":""component_Gray_00_-3_01_-1_10_3_11_1_over_sqrt5;QPSK_0_plus1_1_minus1"",""cuda"":""12.8"",""decoder"":{""cn_schedule"":""flooding"",""cn_update"":""boxplus-phi"",""early_stop"":false,""hard_out"":true,""harq_mode"":false,""llr_max"":20.0,""num_iter"":20,""precision"":""single"",""prune_pcm"":true,""return_infobits"":true,""vn_update"":""sum""},""decoder_source_sha256"":""44d84b92b749e2970f94d92cd348a11648e2286b4d851faa0af8b21d08f0da23"",""encoder_source_sha256"":""34d8db6660b2e84708a8fb534f63c194f6f2b964e3693fcffc9dcaf21532ccfd"",""implementation"":""Sionna_5G_LDPC"",""power_protocol"":""fixed_constellation_average_Es2"",""precision"":""float32"",""rate_matching"":""Sionna RV0; filler removal, first2Z and tail puncturing; supported n only"",""scrambling"":""public_PCG64_SHA256_protocol_session_frame_group_counter_after_rate_matching_v1"",""torch"":""2.11.0+cu128"",""version"":""2.2.0""},""interleaver_sha256"":""c921630b9632ddc9d9a7b76fe2bc378b411eb2b221715923c15e2f3b26dfcc04"",""k"":748,""k_filler"":52,""k_ldpc"":800,""layout_id"":""b81619df0234b6f277f6bfd0eddedaaa0369b26879bee198c35f03679023edae"",""modulation_padding_bits"":0,""mother_bits"":4160,""n"":1174,""n_cb"":4000,""n_cb_comp"":3948,""power_protocol"":""fixed_constellation_average_Es2"",""puncturing_bits"":2934,""puncturing_first_2Z"":160,""puncturing_remaining"":2774,""repetition_bits"":0,""scrambling"":""public_PCG64_SHA256_protocol_session_frame_group_counter_after_rate_matching_v1"",""shortening_bits"":52,""z"":80}",[1024]
16QAM,5/6,16QAM:r5/6,c99e59005402107ee09a88c1d46e2ca773cabe537d21155d86d1cfaedeade605,660,16,0,676,720,44,3744,2716,679,0,0.24889543446244478,0.24300441826215022,"{""actual_effective_rate"":0.24889543446244478,""bg"":""bg2"",""bit_mapping"":""component_Gray_00_-3_01_-1_10_3_11_1_over_sqrt5;QPSK_0_plus1_1_minus1"",""code_blocks"":1,""decoder_config"":{""cn_schedule"":""flooding"",""cn_update"":""boxplus-phi"",""early_stop"":false,""hard_out"":true,""harq_mode"":false,""llr_max"":20.0,""num_iter"":20,""precision"":""single"",""prune_pcm"":true,""return_infobits"":true,""vn_update"":""sum""},""implementation"":{""bit_mapping"":""component_Gray_00_-3_01_-1_10_3_11_1_over_sqrt5;QPSK_0_plus1_1_minus1"",""cuda"":""12.8"",""decoder"":{""cn_schedule"":""flooding"",""cn_update"":""boxplus-phi"",""early_stop"":false,""hard_out"":true,""harq_mode"":false,""llr_max"":20.0,""num_iter"":20,""precision"":""single"",""prune_pcm"":true,""return_infobits"":true,""vn_update"":""sum""},""decoder_source_sha256"":""44d84b92b749e2970f94d92cd348a11648e2286b4d851faa0af8b21d08f0da23"",""encoder_source_sha256"":""34d8db6660b2e84708a8fb534f63c194f6f2b964e3693fcffc9dcaf21532ccfd"",""implementation"":""Sionna_5G_LDPC"",""power_protocol"":""fixed_constellation_average_Es2"",""precision"":""float32"",""rate_matching"":""Sionna RV0; filler removal, first2Z and tail puncturing; supported n only"",""scrambling"":""public_PCG64_SHA256_protocol_session_frame_group_counter_after_rate_matching_v1"",""torch"":""2.11.0+cu128"",""version"":""2.2.0""},""interleaver_sha256"":""32d736b852a90e9502b671a1ebff657ac883a3b052e932e1b9bf6e6355cbd93e"",""k"":676,""k_filler"":44,""k_ldpc"":720,""layout_id"":""5f58e77ad8166274e7b65f34b93b07d273fb30efc00ff9800be864402016685c"",""modulation_padding_bits"":0,""mother_bits"":3744,""n"":2716,""n_cb"":3600,""n_cb_comp"":3556,""power_protocol"":""fixed_constellation_average_Es2"",""puncturing_bits"":984,""puncturing_first_2Z"":144,""puncturing_remaining"":840,""repetition_bits"":0,""scrambling"":""public_PCG64_SHA256_protocol_session_frame_group_counter_after_rate_matching_v1"",""shortening_bits"":44,""z"":72}",[1024]
QPSK,1/2,QPSK:r1/2,c9abe99b1eee6bfaad6a0670100f5b0870296a21971c5f28ba9ee4d81003547d,360,16,0,376,480,104,2496,1650,825,0,0.22787878787878788,0.21818181818181817,"{""actual_effective_rate"":0.22787878787878788,""bg"":""bg2"",""bit_mapping"":""component_Gray_00_-3_01_-1_10_3_11_1_over_sqrt5;QPSK_0_plus1_1_minus1"",""code_blocks"":1,""decoder_config"":{""cn_schedule"":""flooding"",""cn_update"":""boxplus-phi"",""early_stop"":false,""hard_out"":true,""harq_mode"":false,""llr_max"":20.0,""num_iter"":20,""precision"":""single"",""prune_pcm"":true,""return_infobits"":true,""vn_update"":""sum""},""implementation"":{""bit_mapping"":""component_Gray_00_-3_01_-1_10_3_11_1_over_sqrt5;QPSK_0_plus1_1_minus1"",""cuda"":""12.8"",""decoder"":{""cn_schedule"":""flooding"",""cn_update"":""boxplus-phi"",""early_stop"":false,""hard_out"":true,""harq_mode"":false,""llr_max"":20.0,""num_iter"":20,""precision"":""single"",""prune_pcm"":true,""return_infobits"":true,""vn_update"":""sum""},""decoder_source_sha256"":""44d84b92b749e2970f94d92cd348a11648e2286b4d851faa0af8b21d08f0da23"",""encoder_source_sha256"":""34d8db6660b2e84708a8fb534f63c194f6f2b964e3693fcffc9dcaf21532ccfd"",""implementation"":""Sionna_5G_LDPC"",""power_protocol"":""fixed_constellation_average_Es2"",""precision"":""float32"",""rate_matching"":""Sionna RV0; filler removal, first2Z and tail puncturing; supported n only"",""scrambling"":""public_PCG64_SHA256_protocol_session_frame_group_counter_after_rate_matching_v1"",""torch"":""2.11.0+cu128"",""version"":""2.2.0""},""interleaver_sha256"":""ba02391a87240d9b8e0acbb74dd15f4881b5d7876aa26ba2e51d48083f21b13c"",""k"":376,""k_filler"":104,""k_ldpc"":480,""layout_id"":""db91e2acbf01fb96c682c405f25086e5149d2700f78266dedc3868c2f5a363b6"",""modulation_padding_bits"":0,""mother_bits"":2496,""n"":1650,""n_cb"":2400,""n_cb_comp"":2296,""power_protocol"":""fixed_constellation_average_Es2"",""puncturing_bits"":742,""puncturing_first_2Z"":96,""puncturing_remaining"":646,""repetition_bits"":0,""scrambling"":""public_PCG64_SHA256_protocol_session_frame_group_counter_after_rate_matching_v1"",""shortening_bits"":104,""z"":48}",[1024]
QPSK,2/3,QPSK:r2/3,c9ae876f48ba8a48c4255460c86c77d28912dc27bc47a67d9658db9877c82552,360,16,0,376,480,104,2496,1874,937,0,0.2006403415154749,0.192102454642476,"{""actual_effective_rate"":0.2006403415154749,""bg"":""bg2"",""bit_mapping"":""component_Gray_00_-3_01_-1_10_3_11_1_over_sqrt5;QPSK_0_plus1_1_minus1"",""code_blocks"":1,""decoder_config"":{""cn_schedule"":""flooding"",""cn_update"":""boxplus-phi"",""early_stop"":false,""hard_out"":true,""harq_mode"":false,""llr_max"":20.0,""num_iter"":20,""precision"":""single"",""prune_pcm"":true,""return_infobits"":true,""vn_update"":""sum""},""implementation"":{""bit_mapping"":""component_Gray_00_-3_01_-1_10_3_11_1_over_sqrt5;QPSK_0_plus1_1_minus1"",""cuda"":""12.8"",""decoder"":{""cn_schedule"":""flooding"",""cn_update"":""boxplus-phi"",""early_stop"":false,""hard_out"":true,""harq_mode"":false,""llr_max"":20.0,""num_iter"":20,""precision"":""single"",""prune_pcm"":true,""return_infobits"":true,""vn_update"":""sum""},""decoder_source_sha256"":""44d84b92b749e2970f94d92cd348a11648e2286b4d851faa0af8b21d08f0da23"",""encoder_source_sha256"":""34d8db6660b2e84708a8fb534f63c194f6f2b964e3693fcffc9dcaf21532ccfd"",""implementation"":""Sionna_5G_LDPC"",""power_protocol"":""fixed_constellation_average_Es2"",""precision"":""float32"",""rate_matching"":""Sionna RV0; filler removal, first2Z and tail puncturing; supported n only"",""scrambling"":""public_PCG64_SHA256_protocol_session_frame_group_counter_after_rate_matching_v1"",""torch"":""2.11.0+cu128"",""version"":""2.2.0""},""interleaver_sha256"":""c63cfec7b73b8931bf5fb1ad9898aba5c4d9a7be7769f009cae3b2682e0f9571"",""k"":376,""k_filler"":104,""k_ldpc"":480,""layout_id"":""2f40de8a73c0b1bba442898745a707dee015204ba7855a0733cbb59fa47bbfeb"",""modulation_padding_bits"":0,""mother_bits"":2496,""n"":1874,""n_cb"":2400,""n_cb_comp"":2296,""power_protocol"":""fixed_constellation_average_Es2"",""puncturing_bits"":518,""puncturing_first_2Z"":96,""puncturing_remaining"":422,""repetition_bits"":0,""scrambling"":""public_PCG64_SHA256_protocol_session_frame_group_counter_after_rate_matching_v1"",""shortening_bits"":104,""z"":48}",[2048]
QPSK,1/2,QPSK:r1/2,c9baeaf4a225891c6848d329b4ea4fbbabf1e38b6eb456be6e9dd3355cf749fb,1092,16,0,1108,1120,12,5824,2828,1414,0,0.3917963224893918,0.38613861386138615,"{""actual_effective_rate"":0.3917963224893918,""bg"":""bg2"",""bit_mapping"":""component_Gray_00_-3_01_-1_10_3_11_1_over_sqrt5;QPSK_0_plus1_1_minus1"",""code_blocks"":1,""decoder_config"":{""cn_schedule"":""flooding"",""cn_update"":""boxplus-phi"",""early_stop"":false,""hard_out"":true,""harq_mode"":false,""llr_max"":20.0,""num_iter"":20,""precision"":""single"",""prune_pcm"":true,""return_infobits"":true,""vn_update"":""sum""},""implementation"":{""bit_mapping"":""component_Gray_00_-3_01_-1_10_3_11_1_over_sqrt5;QPSK_0_plus1_1_minus1"",""cuda"":""12.8"",""decoder"":{""cn_schedule"":""flooding"",""cn_update"":""boxplus-phi"",""early_stop"":false,""hard_out"":true,""harq_mode"":false,""llr_max"":20.0,""num_iter"":20,""precision"":""single"",""prune_pcm"":true,""return_infobits"":true,""vn_update"":""sum""},""decoder_source_sha256"":""44d84b92b749e2970f94d92cd348a11648e2286b4d851faa0af8b21d08f0da23"",""encoder_source_sha256"":""34d8db6660b2e84708a8fb534f63c194f6f2b964e3693fcffc9dcaf21532ccfd"",""implementation"":""Sionna_5G_LDPC"",""power_protocol"":""fixed_constellation_average_Es2"",""precision"":""float32"",""rate_matching"":""Sionna RV0; filler removal, first2Z and tail puncturing; supported n only"",""scrambling"":""public_PCG64_SHA256_protocol_session_frame_group_counter_after_rate_matching_v1"",""torch"":""2.11.0+cu128"",""version"":""2.2.0""},""interleaver_sha256"":""591d226590277fe26c00504617219df9387dd3078dec684d74190a0c395a7fa3"",""k"":1108,""k_filler"":12,""k_ldpc"":1120,""layout_id"":""460137c3f8a4a09b4632383aa70d120ce82c8beff40bac3a9db66c34821b8e2d"",""modulation_padding_bits"":0,""mother_bits"":5824,""n"":2828,""n_cb"":5600,""n_cb_comp"":5588,""power_protocol"":""fixed_constellation_average_Es2"",""puncturing_bits"":2984,""puncturing_first_2Z"":224,""puncturing_remaining"":2760,""repetition_bits"":0,""scrambling"":""public_PCG64_SHA256_protocol_session_frame_group_counter_after_rate_matching_v1"",""shortening_bits"":12,""z"":112}",[2048]
QPSK,1/2,QPSK:r1/2,c9c34e2dad19426f0870d774d405ca994beefc0dd2b6338a8c5937bfdc590642,1116,16,0,1132,1200,68,6240,3300,1650,0,0.343030303030303,0.3381818181818182,"{""actual_effective_rate"":0.343030303030303,""bg"":""bg2"",""bit_mapping"":""component_Gray_00_-3_01_-1_10_3_11_1_over_sqrt5;QPSK_0_plus1_1_minus1"",""code_blocks"":1,""decoder_config"":{""cn_schedule"":""flooding"",""cn_update"":""boxplus-phi"",""early_stop"":false,""hard_out"":true,""harq_mode"":false,""llr_max"":20.0,""num_iter"":20,""precision"":""single"",""prune_pcm"":true,""return_infobits"":true,""vn_update"":""sum""},""implementation"":{""bit_mapping"":""component_Gray_00_-3_01_-1_10_3_11_1_over_sqrt5;QPSK_0_plus1_1_minus1"",""cuda"":""12.8"",""decoder"":{""cn_schedule"":""flooding"",""cn_update"":""boxplus-phi"",""early_stop"":false,""hard_out"":true,""harq_mode"":false,""llr_max"":20.0,""num_iter"":20,""precision"":""single"",""prune_pcm"":true,""return_infobits"":true,""vn_update"":""sum""},""decoder_source_sha256"":""44d84b92b749e2970f94d92cd348a11648e2286b4d851faa0af8b21d08f0da23"",""encoder_source_sha256"":""34d8db6660b2e84708a8fb534f63c194f6f2b964e3693fcffc9dcaf21532ccfd"",""implementation"":""Sionna_5G_LDPC"",""power_protocol"":""fixed_constellation_average_Es2"",""precision"":""float32"",""rate_matching"":""Sionna RV0; filler removal, first2Z and tail puncturing; supported n only"",""scrambling"":""public_PCG64_SHA256_protocol_session_frame_group_counter_after_rate_matching_v1"",""torch"":""2.11.0+cu128"",""version"":""2.2.0""},""interleaver_sha256"":""ef15e8783d705858836fe41f9c396442495a30cca8e2a15f34cc217a15ea27dc"",""k"":1132,""k_filler"":68,""k_ldpc"":1200,""layout_id"":""8a4a1785e1efc3ce6a1d89c391181cc46c2691cec6a7a7785a2eb57a734945f6"",""modulation_padding_bits"":0,""mother_bits"":6240,""n"":3300,""n_cb"":6000,""n_cb_comp"":5932,""power_protocol"":""fixed_constellation_average_Es2"",""puncturing_bits"":2872,""puncturing_first_2Z"":240,""puncturing_remaining"":2632,""repetition_bits"":0,""scrambling"":""public_PCG64_SHA256_protocol_session_frame_group_counter_after_rate_matching_v1"",""shortening_bits"":68,""z"":120}",[2048]
QPSK,1/2,QPSK:r1/2,c9e01a8e3ce6a6ea0429d1de775a87ac93221bbdcf3300ed7980acd4df61c196,624,16,0,640,720,80,3744,3006,1503,0,0.21290751829673984,0.20758483033932135,"{""actual_effective_rate"":0.21290751829673984,""bg"":""bg2"",""bit_mapping"":""component_Gray_00_-3_01_-1_10_3_11_1_over_sqrt5;QPSK_0_plus1_1_minus1"",""code_blocks"":1,""decoder_config"":{""cn_schedule"":""flooding"",""cn_update"":""boxplus-phi"",""early_stop"":false,""hard_out"":true,""harq_mode"":false,""llr_max"":20.0,""num_iter"":20,""precision"":""single"",""prune_pcm"":true,""return_infobits"":true,""vn_update"":""sum""},""implementation"":{""bit_mapping"":""component_Gray_00_-3_01_-1_10_3_11_1_over_sqrt5;QPSK_0_plus1_1_minus1"",""cuda"":""12.8"",""decoder"":{""cn_schedule"":""flooding"",""cn_update"":""boxplus-phi"",""early_stop"":false,""hard_out"":true,""harq_mode"":false,""llr_max"":20.0,""num_iter"":20,""precision"":""single"",""prune_pcm"":true,""return_infobits"":true,""vn_update"":""sum""},""decoder_source_sha256"":""44d84b92b749e2970f94d92cd348a11648e2286b4d851faa0af8b21d08f0da23"",""encoder_source_sha256"":""34d8db6660b2e84708a8fb534f63c194f6f2b964e3693fcffc9dcaf21532ccfd"",""implementation"":""Sionna_5G_LDPC"",""power_protocol"":""fixed_constellation_average_Es2"",""precision"":""float32"",""rate_matching"":""Sionna RV0; filler removal, first2Z and tail puncturing; supported n only"",""scrambling"":""public_PCG64_SHA256_protocol_session_frame_group_counter_after_rate_matching_v1"",""torch"":""2.11.0+cu128"",""version"":""2.2.0""},""interleaver_sha256"":""68b025e3b49174d035e9a6e0d28c5ddf210bb6f9a9bd304bb139ce52ed81becd"",""k"":640,""k_filler"":80,""k_ldpc"":720,""layout_id"":""81c0d058d4279bfeef4e20e69b0f429226618b804b336deef2a05cbc3bfbc159"",""modulation_padding_bits"":0,""mother_bits"":3744,""n"":3006,""n_cb"":3600,""n_cb_comp"":3520,""power_protocol"":""fixed_constellation_average_Es2"",""puncturing_bits"":658,""puncturing_first_2Z"":144,""puncturing_remaining"":514,""repetition_bits"":0,""scrambling"":""public_PCG64_SHA256_protocol_session_frame_group_counter_after_rate_matching_v1"",""shortening_bits"":80,""z"":72}",[2048]
16QAM,1/2,16QAM:r1/2,c9e41b7f4354400c5bc61310e1480ee1e195b64ccb353199ee383cb79b7db8f4,108,16,0,124,220,96,1144,504,126,0,0.24603174603174602,0.21428571428571427,"{""actual_effective_rate"":0.24603174603174602,""bg"":""bg2"",""bit_mapping"":""component_Gray_00_-3_01_-1_10_3_11_1_over_sqrt5;QPSK_0_plus1_1_minus1"",""code_blocks"":1,""decoder_config"":{""cn_schedule"":""flooding"",""cn_update"":""boxplus-phi"",""early_stop"":false,""hard_out"":true,""harq_mode"":false,""llr_max"":20.0,""num_iter"":20,""precision"":""single"",""prune_pcm"":true,""return_infobits"":true,""vn_update"":""sum""},""implementation"":{""bit_mapping"":""component_Gray_00_-3_01_-1_10_3_11_1_over_sqrt5;QPSK_0_plus1_1_minus1"",""cuda"":""12.8"",""decoder"":{""cn_schedule"":""flooding"",""cn_update"":""boxplus-phi"",""early_stop"":false,""hard_out"":true,""harq_mode"":false,""llr_max"":20.0,""num_iter"":20,""precision"":""single"",""prune_pcm"":true,""return_infobits"":true,""vn_update"":""sum""},""decoder_source_sha256"":""44d84b92b749e2970f94d92cd348a11648e2286b4d851faa0af8b21d08f0da23"",""encoder_source_sha256"":""34d8db6660b2e84708a8fb534f63c194f6f2b964e3693fcffc9dcaf21532ccfd"",""implementation"":""Sionna_5G_LDPC"",""power_protocol"":""fixed_constellation_average_Es2"",""precision"":""float32"",""rate_matching"":""Sionna RV0; filler removal, first2Z and tail puncturing; supported n only"",""scrambling"":""public_PCG64_SHA256_protocol_session_frame_group_counter_after_rate_matching_v1"",""torch"":""2.11.0+cu128"",""version"":""2.2.0""},""interleaver_sha256"":""f0bf5c02fae082fdc6cfef61735d50eef9806d9a05ba4e12d4536bf478bd015a"",""k"":124,""k_filler"":96,""k_ldpc"":220,""layout_id"":""2ed61376c274d33c8d7508d864014615369340f211663ce10446c48fede7165d"",""modulation_padding_bits"":0,""mother_bits"":1144,""n"":504,""n_cb"":1100,""n_cb_comp"":1004,""power_protocol"":""fixed_constellation_average_Es2"",""puncturing_bits"":544,""puncturing_first_2Z"":44,""puncturing_remaining"":500,""repetition_bits"":0,""scrambling"":""public_PCG64_SHA256_protocol_session_frame_group_counter_after_rate_matching_v1"",""shortening_bits"":96,""z"":22}",[1024]
QPSK,3/4,QPSK:r3/4,c9f6a9049858b959ad7e5a2f1dc4b8ad593996f02d8d25c5929ff6a188d9f260,108,16,0,124,220,96,1144,614,307,0,0.20195439739413681,0.1758957654723127,"{""actual_effective_rate"":0.20195439739413681,""bg"":""bg2"",""bit_mapping"":""component_Gray_00_-3_01_-1_10_3_11_1_over_sqrt5;QPSK_0_plus1_1_minus1"",""code_blocks"":1,""decoder_config"":{""cn_schedule"":""flooding"",""cn_update"":""boxplus-phi"",""early_stop"":false,""hard_out"":true,""harq_mode"":false,""llr_max"":20.0,""num_iter"":20,""precision"":""single"",""prune_pcm"":true,""return_infobits"":true,""vn_update"":""sum""},""implementation"":{""bit_mapping"":""component_Gray_00_-3_01_-1_10_3_11_1_over_sqrt5;QPSK_0_plus1_1_minus1"",""cuda"":""12.8"",""decoder"":{""cn_schedule"":""flooding"",""cn_update"":""boxplus-phi"",""early_stop"":false,""hard_out"":true,""harq_mode"":false,""llr_max"":20.0,""num_iter"":20,""precision"":""single"",""prune_pcm"":true,""return_infobits"":true,""vn_update"":""sum""},""decoder_source_sha256"":""44d84b92b749e2970f94d92cd348a11648e2286b4d851faa0af8b21d08f0da23"",""encoder_source_sha256"":""34d8db6660b2e84708a8fb534f63c194f6f2b964e3693fcffc9dcaf21532ccfd"",""implementation"":""Sionna_5G_LDPC"",""power_protocol"":""fixed_constellation_average_Es2"",""precision"":""float32"",""rate_matching"":""Sionna RV0; filler removal, first2Z and tail puncturing; supported n only"",""scrambling"":""public_PCG64_SHA256_protocol_session_frame_group_counter_after_rate_matching_v1"",""torch"":""2.11.0+cu128"",""version"":""2.2.0""},""interleaver_sha256"":""3e3cea2ef2035b25d67409df323c4fbe532452bb60dc3278cd0974668c2e551d"",""k"":124,""k_filler"":96,""k_ldpc"":220,""layout_id"":""ae6ae2cc5dae40b8077f1108264607d2e8a6d1a4134bb05c1cde2a476522fdc7"",""modulation_padding_bits"":0,""mother_bits"":1144,""n"":614,""n_cb"":1100,""n_cb_comp"":1004,""power_protocol"":""fixed_constellation_average_Es2"",""puncturing_bits"":434,""puncturing_first_2Z"":44,""puncturing_remaining"":390,""repetition_bits"":0,""scrambling"":""public_PCG64_SHA256_protocol_session_frame_group_counter_after_rate_matching_v1"",""shortening_bits"":96,""z"":22}",[2048]
QPSK,5/6,QPSK:r5/6,ca012023be1801995f8f56c708fa7bee38ed4980152f1ca6b72f354d97768bf0,192,16,0,208,260,52,1352,400,200,0,0.52,0.48,"{""actual_effective_rate"":0.52,""bg"":""bg2"",""bit_mapping"":""component_Gray_00_-3_01_-1_10_3_11_1_over_sqrt5;QPSK_0_plus1_1_minus1"",""code_blocks"":1,""decoder_config"":{""cn_schedule"":""flooding"",""cn_update"":""boxplus-phi"",""early_stop"":false,""hard_out"":true,""harq_mode"":false,""llr_max"":20.0,""num_iter"":20,""precision"":""single"",""prune_pcm"":true,""return_infobits"":true,""vn_update"":""sum""},""implementation"":{""bit_mapping"":""component_Gray_00_-3_01_-1_10_3_11_1_over_sqrt5;QPSK_0_plus1_1_minus1"",""cuda"":""12.8"",""decoder"":{""cn_schedule"":""flooding"",""cn_update"":""boxplus-phi"",""early_stop"":false,""hard_out"":true,""harq_mode"":false,""llr_max"":20.0,""num_iter"":20,""precision"":""single"",""prune_pcm"":true,""return_infobits"":true,""vn_update"":""sum""},""decoder_source_sha256"":""44d84b92b749e2970f94d92cd348a11648e2286b4d851faa0af8b21d08f0da23"",""encoder_source_sha256"":""34d8db6660b2e84708a8fb534f63c194f6f2b964e3693fcffc9dcaf21532ccfd"",""implementation"":""Sionna_5G_LDPC"",""power_protocol"":""fixed_constellation_average_Es2"",""precision"":""float32"",""rate_matching"":""Sionna RV0; filler removal, first2Z and tail puncturing; supported n only"",""scrambling"":""public_PCG64_SHA256_protocol_session_frame_group_counter_after_rate_matching_v1"",""torch"":""2.11.0+cu128"",""version"":""2.2.0""},""interleaver_sha256"":""54e28243cd2cd3ecee397b52f21b1b4dce2d5ca474aaf9406f90f5190760f62a"",""k"":208,""k_filler"":52,""k_ldpc"":260,""layout_id"":""a19b54bcb9018fe0577620c1250891c714c33e519b1115bb741047804a57c623"",""modulation_padding_bits"":0,""mother_bits"":1352,""n"":400,""n_cb"":1300,""n_cb_comp"":1248,""power_protocol"":""fixed_constellation_average_Es2"",""puncturing_bits"":900,""puncturing_first_2Z"":52,""puncturing_remaining"":848,""repetition_bits"":0,""scrambling"":""public_PCG64_SHA256_protocol_session_frame_group_counter_after_rate_matching_v1"",""shortening_bits"":52,""z"":26}",[2048]
16QAM,3/4,16QAM:r3/4,ca07f51a28f12400ace9510de41e8537582ba5a1c34009e9104f760856dee6e5,3996,16,0,4012,4224,212,13056,5600,1400,0,0.7164285714285714,0.7135714285714285,"{""actual_effective_rate"":0.7164285714285714,""bg"":""bg1"",""bit_mapping"":""component_Gray_00_-3_01_-1_10_3_11_1_over_sqrt5;QPSK_0_plus1_1_minus1"",""code_blocks"":1,""decoder_config"":{""cn_schedule"":""flooding"",""cn_update"":""boxplus-phi"",""early_stop"":false,""hard_out"":true,""harq_mode"":false,""llr_max"":20.0,""num_iter"":20,""precision"":""single"",""prune_pcm"":true,""return_infobits"":true,""vn_update"":""sum""},""implementation"":{""bit_mapping"":""component_Gray_00_-3_01_-1_10_3_11_1_over_sqrt5;QPSK_0_plus1_1_minus1"",""cuda"":""12.8"",""decoder"":{""cn_schedule"":""flooding"",""cn_update"":""boxplus-phi"",""early_stop"":false,""hard_out"":true,""harq_mode"":false,""llr_max"":20.0,""num_iter"":20,""precision"":""single"",""prune_pcm"":true,""return_infobits"":true,""vn_update"":""sum""},""decoder_source_sha256"":""44d84b92b749e2970f94d92cd348a11648e2286b4d851faa0af8b21d08f0da23"",""encoder_source_sha256"":""34d8db6660b2e84708a8fb534f63c194f6f2b964e3693fcffc9dcaf21532ccfd"",""implementation"":""Sionna_5G_LDPC"",""power_protocol"":""fixed_constellation_average_Es2"",""precision"":""float32"",""rate_matching"":""Sionna RV0; filler removal, first2Z and tail puncturing; supported n only"",""scrambling"":""public_PCG64_SHA256_protocol_session_frame_group_counter_after_rate_matching_v1"",""torch"":""2.11.0+cu128"",""version"":""2.2.0""},""interleaver_sha256"":""567e5ca486eab6c251c0b73376d39c2b060e92cf41ecad6fcada4df10d73c190"",""k"":4012,""k_filler"":212,""k_ldpc"":4224,""layout_id"":""198b18f0c122071c5dec079fddefee355c326c033446ffd739a48d82e779ef38"",""modulation_padding_bits"":0,""mother_bits"":13056,""n"":5600,""n_cb"":12672,""n_cb_comp"":12460,""power_protocol"":""fixed_constellation_average_Es2"",""puncturing_bits"":7244,""puncturing_first_2Z"":384,""puncturing_remaining"":6860,""repetition_bits"":0,""scrambling"":""public_PCG64_SHA256_protocol_session_frame_group_counter_after_rate_matching_v1"",""shortening_bits"":212,""z"":192}",[2048]
16QAM,2/3,16QAM:r2/3,ca19328beff4f337a64b18ee110fefe5c4e552c02b299491a6a810d7109cfca4,1860,16,0,1876,1920,44,9984,6240,1560,0,0.3006410256410256,0.2980769230769231,"{""actual_effective_rate"":0.3006410256410256,""bg"":""bg2"",""bit_mapping"":""component_Gray_00_-3_01_-1_10_3_11_1_over_sqrt5;QPSK_0_plus1_1_minus1"",""code_blocks"":1,""decoder_config"":{""cn_schedule"":""flooding"",""cn_update"":""boxplus-phi"",""early_stop"":false,""hard_out"":true,""harq_mode"":false,""llr_max"":20.0,""num_iter"":20,""precision"":""single"",""prune_pcm"":true,""return_infobits"":true,""vn_update"":""sum""},""implementation"":{""bit_mapping"":""component_Gray_00_-3_01_-1_10_3_11_1_over_sqrt5;QPSK_0_plus1_1_minus1"",""cuda"":""12.8"",""decoder"":{""cn_schedule"":""flooding"",""cn_update"":""boxplus-phi"",""early_stop"":false,""hard_out"":true,""harq_mode"":false,""llr_max"":20.0,""num_iter"":20,""precision"":""single"",""prune_pcm"":true,""return_infobits"":true,""vn_update"":""sum""},""decoder_source_sha256"":""44d84b92b749e2970f94d92cd348a11648e2286b4d851faa0af8b21d08f0da23"",""encoder_source_sha256"":""34d8db6660b2e84708a8fb534f63c194f6f2b964e3693fcffc9dcaf21532ccfd"",""implementation"":""Sionna_5G_LDPC"",""power_protocol"":""fixed_constellation_average_Es2"",""precision"":""float32"",""rate_matching"":""Sionna RV0; filler removal, first2Z and tail puncturing; supported n only"",""scrambling"":""public_PCG64_SHA256_protocol_session_frame_group_counter_after_rate_matching_v1"",""torch"":""2.11.0+cu128"",""version"":""2.2.0""},""interleaver_sha256"":""8a922eb2c6a1ec754ff7c9d29f0469fdd781b7a055a3eb465433cdf64c611834"",""k"":1876,""k_filler"":44,""k_ldpc"":1920,""layout_id"":""c08e6822178397aa29eb4e59c515887e6a234d45fe43dca32d745f8dbd7d11b6"",""modulation_padding_bits"":0,""mother_bits"":9984,""n"":6240,""n_cb"":9600,""n_cb_comp"":9556,""power_protocol"":""fixed_constellation_average_Es2"",""puncturing_bits"":3700,""puncturing_first_2Z"":384,""puncturing_remaining"":3316,""repetition_bits"":0,""scrambling"":""public_PCG64_SHA256_protocol_session_frame_group_counter_after_rate_matching_v1"",""shortening_bits"":44,""z"":192}",[2048]
QPSK,5/6,QPSK:r5/6,ca1c0ebb883ec2f6170c67b7c384eb441204e0e151735a2c5a16dcc87a080670,384,16,0,400,520,120,2704,752,376,0,0.5319148936170213,0.5106382978723404,"{""actual_effective_rate"":0.5319148936170213,""bg"":""bg2"",""bit_mapping"":""component_Gray_00_-3_01_-1_10_3_11_1_over_sqrt5;QPSK_0_plus1_1_minus1"",""code_blocks"":1,""decoder_config"":{""cn_schedule"":""flooding"",""cn_update"":""boxplus-phi"",""early_stop"":false,""hard_out"":true,""harq_mode"":false,""llr_max"":20.0,""num_iter"":20,""precision"":""single"",""prune_pcm"":true,""return_infobits"":true,""vn_update"":""sum""},""implementation"":{""bit_mapping"":""component_Gray_00_-3_01_-1_10_3_11_1_over_sqrt5;QPSK_0_plus1_1_minus1"",""cuda"":""12.8"",""decoder"":{""cn_schedule"":""flooding"",""cn_update"":""boxplus-phi"",""early_stop"":false,""hard_out"":true,""harq_mode"":false,""llr_max"":20.0,""num_iter"":20,""precision"":""single"",""prune_pcm"":true,""return_infobits"":true,""vn_update"":""sum""},""decoder_source_sha256"":""44d84b92b749e2970f94d92cd348a11648e2286b4d851faa0af8b21d08f0da23"",""encoder_source_sha256"":""34d8db6660b2e84708a8fb534f63c194f6f2b964e3693fcffc9dcaf21532ccfd"",""implementation"":""Sionna_5G_LDPC"",""power_protocol"":""fixed_constellation_average_Es2"",""precision"":""float32"",""rate_matching"":""Sionna RV0; filler removal, first2Z and tail puncturing; supported n only"",""scrambling"":""public_PCG64_SHA256_protocol_session_frame_group_counter_after_rate_matching_v1"",""torch"":""2.11.0+cu128"",""version"":""2.2.0""},""interleaver_sha256"":""78f70b2d3deaa9f6da35c0130b2f96d60b7cb411fa791a33256e998148e21abb"",""k"":400,""k_filler"":120,""k_ldpc"":520,""layout_id"":""c969dd6cd1c6b5d6c51f78f5b8f9e8ce8326915b754634df0f00ab72ffcd048e"",""modulation_padding_bits"":0,""mother_bits"":2704,""n"":752,""n_cb"":2600,""n_cb_comp"":2480,""power_protocol"":""fixed_constellation_average_Es2"",""puncturing_bits"":1832,""puncturing_first_2Z"":104,""puncturing_remaining"":1728,""repetition_bits"":0,""scrambling"":""public_PCG64_SHA256_protocol_session_frame_group_counter_after_rate_matching_v1"",""shortening_bits"":120,""z"":52}",[1024]
16QAM,1/2,16QAM:r1/2,ca278c5ac0b56bc3a159ad5818fac45bed55bebe99a07163e021bad175e01210,2808,16,0,2824,2880,56,14976,5660,1415,0,0.4989399293286219,0.496113074204947,"{""actual_effective_rate"":0.4989399293286219,""bg"":""bg2"",""bit_mapping"":""component_Gray_00_-3_01_-1_10_3_11_1_over_sqrt5;QPSK_0_plus1_1_minus1"",""code_blocks"":1,""decoder_config"":{""cn_schedule"":""flooding"",""cn_update"":""boxplus-phi"",""early_stop"":false,""hard_out"":true,""harq_mode"":false,""llr_max"":20.0,""num_iter"":20,""precision"":""single"",""prune_pcm"":true,""return_infobits"":true,""vn_update"":""sum""},""implementation"":{""bit_mapping"":""component_Gray_00_-3_01_-1_10_3_11_1_over_sqrt5;QPSK_0_plus1_1_minus1"",""cuda"":""12.8"",""decoder"":{""cn_schedule"":""flooding"",""cn_update"":""boxplus-phi"",""early_stop"":false,""hard_out"":true,""harq_mode"":false,""llr_max"":20.0,""num_iter"":20,""precision"":""single"",""prune_pcm"":true,""return_infobits"":true,""vn_update"":""sum""},""decoder_source_sha256"":""44d84b92b749e2970f94d92cd348a11648e2286b4d851faa0af8b21d08f0da23"",""encoder_source_sha256"":""34d8db6660b2e84708a8fb534f63c194f6f2b964e3693fcffc9dcaf21532ccfd"",""implementation"":""Sionna_5G_LDPC"",""power_protocol"":""fixed_constellation_average_Es2"",""precision"":""float32"",""rate_matching"":""Sionna RV0; filler removal, first2Z and tail puncturing; supported n only"",""scrambling"":""public_PCG64_SHA256_protocol_session_frame_group_counter_after_rate_matching_v1"",""torch"":""2.11.0+cu128"",""version"":""2.2.0""},""interleaver_sha256"":""a08c11d64af3d13050cd8eac408ef9f791322a09d05adac0c653c34612b90ad4"",""k"":2824,""k_filler"":56,""k_ldpc"":2880,""layout_id"":""15eb76e843e6dce8452f3678b123dbf5f593f6f1cb7edccf39de10c9188c2411"",""modulation_padding_bits"":0,""mother_bits"":14976,""n"":5660,""n_cb"":14400,""n_cb_comp"":14344,""power_protocol"":""fixed_constellation_average_Es2"",""puncturing_bits"":9260,""puncturing_first_2Z"":576,""puncturing_remaining"":8684,""repetition_bits"":0,""scrambling"":""public_PCG64_SHA256_protocol_session_frame_group_counter_after_rate_matching_v1"",""shortening_bits"":56,""z"":288}",[2048]
16QAM,2/3,16QAM:r2/3,ca35d66b803677b3eb5c72b6d854b46897e5926d05795f9b2b8f74f1a41ae5b5,360,16,0,376,480,104,2496,1272,318,0,0.29559748427672955,0.2830188679245283,"{""actual_effective_rate"":0.29559748427672955,""bg"":""bg2"",""bit_mapping"":""component_Gray_00_-3_01_-1_10_3_11_1_over_sqrt5;QPSK_0_plus1_1_minus1"",""code_blocks"":1,""decoder_config"":{""cn_schedule"":""flooding"",""cn_update"":""boxplus-phi"",""early_stop"":false,""hard_out"":true,""harq_mode"":false,""llr_max"":20.0,""num_iter"":20,""precision"":""single"",""prune_pcm"":true,""return_infobits"":true,""vn_update"":""sum""},""implementation"":{""bit_mapping"":""component_Gray_00_-3_01_-1_10_3_11_1_over_sqrt5;QPSK_0_plus1_1_minus1"",""cuda"":""12.8"",""decoder"":{""cn_schedule"":""flooding"",""cn_update"":""boxplus-phi"",""early_stop"":false,""hard_out"":true,""harq_mode"":false,""llr_max"":20.0,""num_iter"":20,""precision"":""single"",""prune_pcm"":true,""return_infobits"":true,""vn_update"":""sum""},""decoder_source_sha256"":""44d84b92b749e2970f94d92cd348a11648e2286b4d851faa0af8b21d08f0da23"",""encoder_source_sha256"":""34d8db6660b2e84708a8fb534f63c194f6f2b964e3693fcffc9dcaf21532ccfd"",""implementation"":""Sionna_5G_LDPC"",""power_protocol"":""fixed_constellation_average_Es2"",""precision"":""float32"",""rate_matching"":""Sionna RV0; filler removal, first2Z and tail puncturing; supported n only"",""scrambling"":""public_PCG64_SHA256_protocol_session_frame_group_counter_after_rate_matching_v1"",""torch"":""2.11.0+cu128"",""version"":""2.2.0""},""interleaver_sha256"":""6aca393acc6f20ed858f1069f4f57bb8314e9f763c5998829d486cd243298c64"",""k"":376,""k_filler"":104,""k_ldpc"":480,""layout_id"":""822712f10acf5617e7d8ff171af43f32e3958c3a9ea4be822883263ad08b9406"",""modulation_padding_bits"":0,""mother_bits"":2496,""n"":1272,""n_cb"":2400,""n_cb_comp"":2296,""power_protocol"":""fixed_constellation_average_Es2"",""puncturing_bits"":1120,""puncturing_first_2Z"":96,""puncturing_remaining"":1024,""repetition_bits"":0,""scrambling"":""public_PCG64_SHA256_protocol_session_frame_group_counter_after_rate_matching_v1"",""shortening_bits"":104,""z"":48}",[1024]
QPSK,3/4,QPSK:r3/4,ca35f738d9066644cac1227f2df9cbad9cd74b80fd00a79c1362f65bd158ed14,660,16,0,676,704,28,2176,952,476,0,0.7100840336134454,0.6932773109243697,"{""actual_effective_rate"":0.7100840336134454,""bg"":""bg1"",""bit_mapping"":""component_Gray_00_-3_01_-1_10_3_11_1_over_sqrt5;QPSK_0_plus1_1_minus1"",""code_blocks"":1,""decoder_config"":{""cn_schedule"":""flooding"",""cn_update"":""boxplus-phi"",""early_stop"":false,""hard_out"":true,""harq_mode"":false,""llr_max"":20.0,""num_iter"":20,""precision"":""single"",""prune_pcm"":true,""return_infobits"":true,""vn_update"":""sum""},""implementation"":{""bit_mapping"":""component_Gray_00_-3_01_-1_10_3_11_1_over_sqrt5;QPSK_0_plus1_1_minus1"",""cuda"":""12.8"",""decoder"":{""cn_schedule"":""flooding"",""cn_update"":""boxplus-phi"",""early_stop"":false,""hard_out"":true,""harq_mode"":false,""llr_max"":20.0,""num_iter"":20,""precision"":""single"",""prune_pcm"":true,""return_infobits"":true,""vn_update"":""sum""},""decoder_source_sha256"":""44d84b92b749e2970f94d92cd348a11648e2286b4d851faa0af8b21d08f0da23"",""encoder_source_sha256"":""34d8db6660b2e84708a8fb534f63c194f6f2b964e3693fcffc9dcaf21532ccfd"",""implementation"":""Sionna_5G_LDPC"",""power_protocol"":""fixed_constellation_average_Es2"",""precision"":""float32"",""rate_matching"":""Sionna RV0; filler removal, first2Z and tail puncturing; supported n only"",""scrambling"":""public_PCG64_SHA256_protocol_session_frame_group_counter_after_rate_matching_v1"",""torch"":""2.11.0+cu128"",""version"":""2.2.0""},""interleaver_sha256"":""b52e506a1beeb626497132040cba2395631211f55a438ec831b2a4543eb432d8"",""k"":676,""k_filler"":28,""k_ldpc"":704,""layout_id"":""ac0acd2d93c8cf4dd286948cbe1728991ec2c4f4717cf0ee6f110a42af030165"",""modulation_padding_bits"":0,""mother_bits"":2176,""n"":952,""n_cb"":2112,""n_cb_comp"":2084,""power_protocol"":""fixed_constellation_average_Es2"",""puncturing_bits"":1196,""puncturing_first_2Z"":64,""puncturing_remaining"":1132,""repetition_bits"":0,""scrambling"":""public_PCG64_SHA256_protocol_session_frame_group_counter_after_rate_matching_v1"",""shortening_bits"":28,""z"":32}","[1024,2048]"
QPSK,1/2,QPSK:r1/2,ca4044adf1b0f8e627541fe8003782871793f48ab56c441ccf762d02bc99302c,1092,16,0,1108,1120,12,5824,2588,1294,0,0.4281298299845441,0.42194744976816073,"{""actual_effective_rate"":0.4281298299845441,""bg"":""bg2"",""bit_mapping"":""component_Gray_00_-3_01_-1_10_3_11_1_over_sqrt5;QPSK_0_plus1_1_minus1"",""code_blocks"":1,""decoder_config"":{""cn_schedule"":""flooding"",""cn_update"":""boxplus-phi"",""early_stop"":false,""hard_out"":true,""harq_mode"":false,""llr_max"":20.0,""num_iter"":20,""precision"":""single"",""prune_pcm"":true,""return_infobits"":true,""vn_update"":""sum""},""implementation"":{""bit_mapping"":""component_Gray_00_-3_01_-1_10_3_11_1_over_sqrt5;QPSK_0_plus1_1_minus1"",""cuda"":""12.8"",""decoder"":{""cn_schedule"":""flooding"",""cn_update"":""boxplus-phi"",""early_stop"":false,""hard_out"":true,""harq_mode"":false,""llr_max"":20.0,""num_iter"":20,""precision"":""single"",""prune_pcm"":true,""return_infobits"":true,""vn_update"":""sum""},""decoder_source_sha256"":""44d84b92b749e2970f94d92cd348a11648e2286b4d851faa0af8b21d08f0da23"",""encoder_source_sha256"":""34d8db6660b2e84708a8fb534f63c194f6f2b964e3693fcffc9dcaf21532ccfd"",""implementation"":""Sionna_5G_LDPC"",""power_protocol"":""fixed_constellation_average_Es2"",""precision"":""float32"",""rate_matching"":""Sionna RV0; filler removal, first2Z and tail puncturing; supported n only"",""scrambling"":""public_PCG64_SHA256_protocol_session_frame_group_counter_after_rate_matching_v1"",""torch"":""2.11.0+cu128"",""version"":""2.2.0""},""interleaver_sha256"":""ef98178f9912edb111a192fe1bc02093b4be4fe092e4f1fe0d44426ba9d20e70"",""k"":1108,""k_filler"":12,""k_ldpc"":1120,""layout_id"":""bba0cbf57ad271fa67c4a5c0af8990bc113564c9b0f89f6bb3cb44d0532084ce"",""modulation_padding_bits"":0,""mother_bits"":5824,""n"":2588,""n_cb"":5600,""n_cb_comp"":5588,""power_protocol"":""fixed_constellation_average_Es2"",""puncturing_bits"":3224,""puncturing_first_2Z"":224,""puncturing_remaining"":3000,""repetition_bits"":0,""scrambling"":""public_PCG64_SHA256_protocol_session_frame_group_counter_after_rate_matching_v1"",""shortening_bits"":12,""z"":112}",[2048]
16QAM,1/2,16QAM:r1/2,ca41b34f3b482cbd18e2c9cc4a5c7baa38175999e4b804e68ac5d321aba30ecd,360,16,0,376,480,104,2496,1088,272,0,0.34558823529411764,0.33088235294117646,"{""actual_effective_rate"":0.34558823529411764,""bg"":""bg2"",""bit_mapping"":""component_Gray_00_-3_01_-1_10_3_11_1_over_sqrt5;QPSK_0_plus1_1_minus1"",""code_blocks"":1,""decoder_config"":{""cn_schedule"":""flooding"",""cn_update"":""boxplus-phi"",""early_stop"":false,""hard_out"":true,""harq_mode"":false,""llr_max"":20.0,""num_iter"":20,""precision"":""single"",""prune_pcm"":true,""return_infobits"":true,""vn_update"":""sum""},""implementation"":{""bit_mapping"":""component_Gray_00_-3_01_-1_10_3_11_1_over_sqrt5;QPSK_0_plus1_1_minus1"",""cuda"":""12.8"",""decoder"":{""cn_schedule"":""flooding"",""cn_update"":""boxplus-phi"",""early_stop"":false,""hard_out"":true,""harq_mode"":false,""llr_max"":20.0,""num_iter"":20,""precision"":""single"",""prune_pcm"":true,""return_infobits"":true,""vn_update"":""sum""},""decoder_source_sha256"":""44d84b92b749e2970f94d92cd348a11648e2286b4d851faa0af8b21d08f0da23"",""encoder_source_sha256"":""34d8db6660b2e84708a8fb534f63c194f6f2b964e3693fcffc9dcaf21532ccfd"",""implementation"":""Sionna_5G_LDPC"",""power_protocol"":""fixed_constellation_average_Es2"",""precision"":""float32"",""rate_matching"":""Sionna RV0; filler removal, first2Z and tail puncturing; supported n only"",""scrambling"":""public_PCG64_SHA256_protocol_session_frame_group_counter_after_rate_matching_v1"",""torch"":""2.11.0+cu128"",""version"":""2.2.0""},""interleaver_sha256"":""cfaa0696a8b34f28766414ac9fc6c2afeb34c59fd6e5bdc7ad9a03bc8b428c63"",""k"":376,""k_filler"":104,""k_ldpc"":480,""layout_id"":""d36e6dccc75fa4f3480afa76c23c72b47ffcd1506c99f51bd8c227f05e36d301"",""modulation_padding_bits"":0,""mother_bits"":2496,""n"":1088,""n_cb"":2400,""n_cb_comp"":2296,""power_protocol"":""fixed_constellation_average_Es2"",""puncturing_bits"":1304,""puncturing_first_2Z"":96,""puncturing_remaining"":1208,""repetition_bits"":0,""scrambling"":""public_PCG64_SHA256_protocol_session_frame_group_counter_after_rate_matching_v1"",""shortening_bits"":104,""z"":48}","[1024,2048]"
QPSK,3/4,QPSK:r3/4,ca5277a1db95b295d8fe57fcd1f9ceb592ed31ccc0a184fb1d01f9b54daf383c,1308,16,0,1324,1408,84,4352,1766,883,0,0.7497168742921857,0.7406568516421291,"{""actual_effective_rate"":0.7497168742921857,""bg"":""bg1"",""bit_mapping"":""component_Gray_00_-3_01_-1_10_3_11_1_over_sqrt5;QPSK_0_plus1_1_minus1"",""code_blocks"":1,""decoder_config"":{""cn_schedule"":""flooding"",""cn_update"":""boxplus-phi"",""early_stop"":false,""hard_out"":true,""harq_mode"":false,""llr_max"":20.0,""num_iter"":20,""precision"":""single"",""prune_pcm"":true,""return_infobits"":true,""vn_update"":""sum""},""implementation"":{""bit_mapping"":""component_Gray_00_-3_01_-1_10_3_11_1_over_sqrt5;QPSK_0_plus1_1_minus1"",""cuda"":""12.8"",""decoder"":{""cn_schedule"":""flooding"",""cn_update"":""boxplus-phi"",""early_stop"":false,""hard_out"":true,""harq_mode"":false,""llr_max"":20.0,""num_iter"":20,""precision"":""single"",""prune_pcm"":true,""return_infobits"":true,""vn_update"":""sum""},""decoder_source_sha256"":""44d84b92b749e2970f94d92cd348a11648e2286b4d851faa0af8b21d08f0da23"",""encoder_source_sha256"":""34d8db6660b2e84708a8fb534f63c194f6f2b964e3693fcffc9dcaf21532ccfd"",""implementation"":""Sionna_5G_LDPC"",""power_protocol"":""fixed_constellation_average_Es2"",""precision"":""float32"",""rate_matching"":""Sionna RV0; filler removal, first2Z and tail puncturing; supported n only"",""scrambling"":""public_PCG64_SHA256_protocol_session_frame_group_counter_after_rate_matching_v1"",""torch"":""2.11.0+cu128"",""version"":""2.2.0""},""interleaver_sha256"":""d90d0a69b3de39eae610f29ed8535ef0bcae2570d8970130380636ecf0f492ba"",""k"":1324,""k_filler"":84,""k_ldpc"":1408,""layout_id"":""e412b1b9987abc3dbc549a76b94835e86a513f63b87aea024a331e4842f4e8d7"",""modulation_padding_bits"":0,""mother_bits"":4352,""n"":1766,""n_cb"":4224,""n_cb_comp"":4140,""power_protocol"":""fixed_constellation_average_Es2"",""puncturing_bits"":2502,""puncturing_first_2Z"":128,""puncturing_remaining"":2374,""repetition_bits"":0,""scrambling"":""public_PCG64_SHA256_protocol_session_frame_group_counter_after_rate_matching_v1"",""shortening_bits"":84,""z"":64}",[2048]
QPSK,3/4,QPSK:r3/4,ca5ca8fe5075cf842a7d389ab22bed91b64ff90f22154347b6cb5779f9b09205,408,16,0,424,560,136,2912,1322,661,0,0.3207261724659607,0.3086232980332829,"{""actual_effective_rate"":0.3207261724659607,""bg"":""bg2"",""bit_mapping"":""component_Gray_00_-3_01_-1_10_3_11_1_over_sqrt5;QPSK_0_plus1_1_minus1"",""code_blocks"":1,""decoder_config"":{""cn_schedule"":""flooding"",""cn_update"":""boxplus-phi"",""early_stop"":false,""hard_out"":true,""harq_mode"":false,""llr_max"":20.0,""num_iter"":20,""precision"":""single"",""prune_pcm"":true,""return_infobits"":true,""vn_update"":""sum""},""implementation"":{""bit_mapping"":""component_Gray_00_-3_01_-1_10_3_11_1_over_sqrt5;QPSK_0_plus1_1_minus1"",""cuda"":""12.8"",""decoder"":{""cn_schedule"":""flooding"",""cn_update"":""boxplus-phi"",""early_stop"":false,""hard_out"":true,""harq_mode"":false,""llr_max"":20.0,""num_iter"":20,""precision"":""single"",""prune_pcm"":true,""return_infobits"":true,""vn_update"":""sum""},""decoder_source_sha256"":""44d84b92b749e2970f94d92cd348a11648e2286b4d851faa0af8b21d08f0da23"",""encoder_source_sha256"":""34d8db6660b2e84708a8fb534f63c194f6f2b964e3693fcffc9dcaf21532ccfd"",""implementation"":""Sionna_5G_LDPC"",""power_protocol"":""fixed_constellation_average_Es2"",""precision"":""float32"",""rate_matching"":""Sionna RV0; filler removal, first2Z and tail puncturing; supported n only"",""scrambling"":""public_PCG64_SHA256_protocol_session_frame_group_counter_after_rate_matching_v1"",""torch"":""2.11.0+cu128"",""version"":""2.2.0""},""interleaver_sha256"":""f8d47936f9eceb9923416a26cda7d00db3c3a287f9a837a781abb97e3c16e24f"",""k"":424,""k_filler"":136,""k_ldpc"":560,""layout_id"":""9783c6ce5177cb829b59ba277ed9503df52795065d043a164babbebc21be51ee"",""modulation_padding_bits"":0,""mother_bits"":2912,""n"":1322,""n_cb"":2800,""n_cb_comp"":2664,""power_protocol"":""fixed_constellation_average_Es2"",""puncturing_bits"":1454,""puncturing_first_2Z"":112,""puncturing_remaining"":1342,""repetition_bits"":0,""scrambling"":""public_PCG64_SHA256_protocol_session_frame_group_counter_after_rate_matching_v1"",""shortening_bits"":136,""z"":56}",[1024]
16QAM,3/4,16QAM:r3/4,ca5e711d8d9032eac16f800e59519689e2906ee35cb82804e9006e4933370cfd,1704,16,0,1720,1760,40,5440,2488,622,0,0.6913183279742765,0.684887459807074,"{""actual_effective_rate"":0.6913183279742765,""bg"":""bg1"",""bit_mapping"":""component_Gray_00_-3_01_-1_10_3_11_1_over_sqrt5;QPSK_0_plus1_1_minus1"",""code_blocks"":1,""decoder_config"":{""cn_schedule"":""flooding"",""cn_update"":""boxplus-phi"",""early_stop"":false,""hard_out"":true,""harq_mode"":false,""llr_max"":20.0,""num_iter"":20,""precision"":""single"",""prune_pcm"":true,""return_infobits"":true,""vn_update"":""sum""},""implementation"":{""bit_mapping"":""component_Gray_00_-3_01_-1_10_3_11_1_over_sqrt5;QPSK_0_plus1_1_minus1"",""cuda"":""12.8"",""decoder"":{""cn_schedule"":""flooding"",""cn_update"":""boxplus-phi"",""early_stop"":false,""hard_out"":true,""harq_mode"":false,""llr_max"":20.0,""num_iter"":20,""precision"":""single"",""prune_pcm"":true,""return_infobits"":true,""vn_update"":""sum""},""decoder_source_sha256"":""44d84b92b749e2970f94d92cd348a11648e2286b4d851faa0af8b21d08f0da23"",""encoder_source_sha256"":""34d8db6660b2e84708a8fb534f63c194f6f2b964e3693fcffc9dcaf21532ccfd"",""implementation"":""Sionna_5G_LDPC"",""power_protocol"":""fixed_constellation_average_Es2"",""precision"":""float32"",""rate_matching"":""Sionna RV0; filler removal, first2Z and tail puncturing; supported n only"",""scrambling"":""public_PCG64_SHA256_protocol_session_frame_group_counter_after_rate_matching_v1"",""torch"":""2.11.0+cu128"",""version"":""2.2.0""},""interleaver_sha256"":""7f443ce1cb63212e47b2b5ff8c34e9fadcc7944cce74914efb0ef7de3b3b6997"",""k"":1720,""k_filler"":40,""k_ldpc"":1760,""layout_id"":""a55a06e78b80d57a9f9c8e410cfd5ce66ed5832f94ca8d14a9d948e0801ed95f"",""modulation_padding_bits"":0,""mother_bits"":5440,""n"":2488,""n_cb"":5280,""n_cb_comp"":5240,""power_protocol"":""fixed_constellation_average_Es2"",""puncturing_bits"":2912,""puncturing_first_2Z"":160,""puncturing_remaining"":2752,""repetition_bits"":0,""scrambling"":""public_PCG64_SHA256_protocol_session_frame_group_counter_after_rate_matching_v1"",""shortening_bits"":40,""z"":80}",[2048]
QPSK,5/6,QPSK:r5/6,ca5ee9d237623329ac1feff9a54131a2e188c5f04d988858235ac548fcfde964,324,16,0,340,352,12,1088,408,204,0,0.8333333333333334,0.7941176470588235,"{""actual_effective_rate"":0.8333333333333334,""bg"":""bg1"",""bit_mapping"":""component_Gray_00_-3_01_-1_10_3_11_1_over_sqrt5;QPSK_0_plus1_1_minus1"",""code_blocks"":1,""decoder_config"":{""cn_schedule"":""flooding"",""cn_update"":""boxplus-phi"",""early_stop"":false,""hard_out"":true,""harq_mode"":false,""llr_max"":20.0,""num_iter"":20,""precision"":""single"",""prune_pcm"":true,""return_infobits"":true,""vn_update"":""sum""},""implementation"":{""bit_mapping"":""component_Gray_00_-3_01_-1_10_3_11_1_over_sqrt5;QPSK_0_plus1_1_minus1"",""cuda"":""12.8"",""decoder"":{""cn_schedule"":""flooding"",""cn_update"":""boxplus-phi"",""early_stop"":false,""hard_out"":true,""harq_mode"":false,""llr_max"":20.0,""num_iter"":20,""precision"":""single"",""prune_pcm"":true,""return_infobits"":true,""vn_update"":""sum""},""decoder_source_sha256"":""44d84b92b749e2970f94d92cd348a11648e2286b4d851faa0af8b21d08f0da23"",""encoder_source_sha256"":""34d8db6660b2e84708a8fb534f63c194f6f2b964e3693fcffc9dcaf21532ccfd"",""implementation"":""Sionna_5G_LDPC"",""power_protocol"":""fixed_constellation_average_Es2"",""precision"":""float32"",""rate_matching"":""Sionna RV0; filler removal, first2Z and tail puncturing; supported n only"",""scrambling"":""public_PCG64_SHA256_protocol_session_frame_group_counter_after_rate_matching_v1"",""torch"":""2.11.0+cu128"",""version"":""2.2.0""},""interleaver_sha256"":""1b0f13261bb2c234134de67fd4ffce402cfa5d9a037040ae904b608acabd395e"",""k"":340,""k_filler"":12,""k_ldpc"":352,""layout_id"":""00e61480456296c85cd9ed2f2d3dfcf495b418d359acc4f5066c513b87ec2c7f"",""modulation_padding_bits"":0,""mother_bits"":1088,""n"":408,""n_cb"":1056,""n_cb_comp"":1044,""power_protocol"":""fixed_constellation_average_Es2"",""puncturing_bits"":668,""puncturing_first_2Z"":32,""puncturing_remaining"":636,""repetition_bits"":0,""scrambling"":""public_PCG64_SHA256_protocol_session_frame_group_counter_after_rate_matching_v1"",""shortening_bits"":12,""z"":16}","[1024,2048]"
QPSK,5/6,QPSK:r5/6,ca725dde7aafabcd1f7a6a3785df929c668a8fd3dec524ae18ef80c7f34daa48,2100,16,0,2116,2240,124,11648,3448,1724,0,0.6136890951276102,0.6090487238979119,"{""actual_effective_rate"":0.6136890951276102,""bg"":""bg2"",""bit_mapping"":""component_Gray_00_-3_01_-1_10_3_11_1_over_sqrt5;QPSK_0_plus1_1_minus1"",""code_blocks"":1,""decoder_config"":{""cn_schedule"":""flooding"",""cn_update"":""boxplus-phi"",""early_stop"":false,""hard_out"":true,""harq_mode"":false,""llr_max"":20.0,""num_iter"":20,""precision"":""single"",""prune_pcm"":true,""return_infobits"":true,""vn_update"":""sum""},""implementation"":{""bit_mapping"":""component_Gray_00_-3_01_-1_10_3_11_1_over_sqrt5;QPSK_0_plus1_1_minus1"",""cuda"":""12.8"",""decoder"":{""cn_schedule"":""flooding"",""cn_update"":""boxplus-phi"",""early_stop"":false,""hard_out"":true,""harq_mode"":false,""llr_max"":20.0,""num_iter"":20,""precision"":""single"",""prune_pcm"":true,""return_infobits"":true,""vn_update"":""sum""},""decoder_source_sha256"":""44d84b92b749e2970f94d92cd348a11648e2286b4d851faa0af8b21d08f0da23"",""encoder_source_sha256"":""34d8db6660b2e84708a8fb534f63c194f6f2b964e3693fcffc9dcaf21532ccfd"",""implementation"":""Sionna_5G_LDPC"",""power_protocol"":""fixed_constellation_average_Es2"",""precision"":""float32"",""rate_matching"":""Sionna RV0; filler removal, first2Z and tail puncturing; supported n only"",""scrambling"":""public_PCG64_SHA256_protocol_session_frame_group_counter_after_rate_matching_v1"",""torch"":""2.11.0+cu128"",""version"":""2.2.0""},""interleaver_sha256"":""e9131e227f6b379a2e928a0e7f996aa198ad4f6ad7f731e64f94b9fb33c968a2"",""k"":2116,""k_filler"":124,""k_ldpc"":2240,""layout_id"":""fa796b645dad3d0c2fc2dd4048f942ccb432e03151534b767ef7c7d768446047"",""modulation_padding_bits"":0,""mother_bits"":11648,""n"":3448,""n_cb"":11200,""n_cb_comp"":11076,""power_protocol"":""fixed_constellation_average_Es2"",""puncturing_bits"":8076,""puncturing_first_2Z"":448,""puncturing_remaining"":7628,""repetition_bits"":0,""scrambling"":""public_PCG64_SHA256_protocol_session_frame_group_counter_after_rate_matching_v1"",""shortening_bits"":124,""z"":224}",[2048]
16QAM,3/4,16QAM:r3/4,ca7f364e8ae1cb6d55fa7b41fbcb5e6ed10aa7d77790513d5cf2f56d7cf2ca6d,360,16,0,376,480,104,2496,1604,401,0,0.2344139650872818,0.22443890274314215,"{""actual_effective_rate"":0.2344139650872818,""bg"":""bg2"",""bit_mapping"":""component_Gray_00_-3_01_-1_10_3_11_1_over_sqrt5;QPSK_0_plus1_1_minus1"",""code_blocks"":1,""decoder_config"":{""cn_schedule"":""flooding"",""cn_update"":""boxplus-phi"",""early_stop"":false,""hard_out"":true,""harq_mode"":false,""llr_max"":20.0,""num_iter"":20,""precision"":""single"",""prune_pcm"":true,""return_infobits"":true,""vn_update"":""sum""},""implementation"":{""bit_mapping"":""component_Gray_00_-3_01_-1_10_3_11_1_over_sqrt5;QPSK_0_plus1_1_minus1"",""cuda"":""12.8"",""decoder"":{""cn_schedule"":""flooding"",""cn_update"":""boxplus-phi"",""early_stop"":false,""hard_out"":true,""harq_mode"":false,""llr_max"":20.0,""num_iter"":20,""precision"":""single"",""prune_pcm"":true,""return_infobits"":true,""vn_update"":""sum""},""decoder_source_sha256"":""44d84b92b749e2970f94d92cd348a11648e2286b4d851faa0af8b21d08f0da23"",""encoder_source_sha256"":""34d8db6660b2e84708a8fb534f63c194f6f2b964e3693fcffc9dcaf21532ccfd"",""implementation"":""Sionna_5G_LDPC"",""power_protocol"":""fixed_constellation_average_Es2"",""precision"":""float32"",""rate_matching"":""Sionna RV0; filler removal, first2Z and tail puncturing; supported n only"",""scrambling"":""public_PCG64_SHA256_protocol_session_frame_group_counter_after_rate_matching_v1"",""torch"":""2.11.0+cu128"",""version"":""2.2.0""},""interleaver_sha256"":""5f21c10305bef978f3d830f92b4e168a98dd2964db437bed25a309327c5753f5"",""k"":376,""k_filler"":104,""k_ldpc"":480,""layout_id"":""10fcb24ade7ff1fe45d98054b14101c7af4eeddc941048e5ec03e108bdd0fec3"",""modulation_padding_bits"":0,""mother_bits"":2496,""n"":1604,""n_cb"":2400,""n_cb_comp"":2296,""power_protocol"":""fixed_constellation_average_Es2"",""puncturing_bits"":788,""puncturing_first_2Z"":96,""puncturing_remaining"":692,""repetition_bits"":0,""scrambling"":""public_PCG64_SHA256_protocol_session_frame_group_counter_after_rate_matching_v1"",""shortening_bits"":104,""z"":48}",[2048]
QPSK,3/4,QPSK:r3/4,ca8629693a8faf80f5bb6ce6da535232be8c3508dbff349dae774f22e45b456e,1092,16,0,1108,1120,12,5824,2186,1093,0,0.5068618481244281,0.49954254345837146,"{""actual_effective_rate"":0.5068618481244281,""bg"":""bg2"",""bit_mapping"":""component_Gray_00_-3_01_-1_10_3_11_1_over_sqrt5;QPSK_0_plus1_1_minus1"",""code_blocks"":1,""decoder_config"":{""cn_schedule"":""flooding"",""cn_update"":""boxplus-phi"",""early_stop"":false,""hard_out"":true,""harq_mode"":false,""llr_max"":20.0,""num_iter"":20,""precision"":""single"",""prune_pcm"":true,""return_infobits"":true,""vn_update"":""sum""},""implementation"":{""bit_mapping"":""component_Gray_00_-3_01_-1_10_3_11_1_over_sqrt5;QPSK_0_plus1_1_minus1"",""cuda"":""12.8"",""decoder"":{""cn_schedule"":""flooding"",""cn_update"":""boxplus-phi"",""early_stop"":false,""hard_out"":true,""harq_mode"":false,""llr_max"":20.0,""num_iter"":20,""precision"":""single"",""prune_pcm"":true,""return_infobits"":true,""vn_update"":""sum""},""decoder_source_sha256"":""44d84b92b749e2970f94d92cd348a11648e2286b4d851faa0af8b21d08f0da23"",""encoder_source_sha256"":""34d8db6660b2e84708a8fb534f63c194f6f2b964e3693fcffc9dcaf21532ccfd"",""implementation"":""Sionna_5G_LDPC"",""power_protocol"":""fixed_constellation_average_Es2"",""precision"":""float32"",""rate_matching"":""Sionna RV0; filler removal, first2Z and tail puncturing; supported n only"",""scrambling"":""public_PCG64_SHA256_protocol_session_frame_group_counter_after_rate_matching_v1"",""torch"":""2.11.0+cu128"",""version"":""2.2.0""},""interleaver_sha256"":""e8af75b0de2966b6b06095d04df868a5315927a2672b2bb5fcc6878e751e0d2a"",""k"":1108,""k_filler"":12,""k_ldpc"":1120,""layout_id"":""6c13305fecf589a5b945b32ed76f2f426231a48ee91394f51480a0f85a319b6d"",""modulation_padding_bits"":0,""mother_bits"":5824,""n"":2186,""n_cb"":5600,""n_cb_comp"":5588,""power_protocol"":""fixed_constellation_average_Es2"",""puncturing_bits"":3626,""puncturing_first_2Z"":224,""puncturing_remaining"":3402,""repetition_bits"":0,""scrambling"":""public_PCG64_SHA256_protocol_session_frame_group_counter_after_rate_matching_v1"",""shortening_bits"":12,""z"":112}",[2048]
QPSK,2/3,QPSK:r2/3,ca88a777cf0290eb0366ed2ee5831e8e695e948b474216f2ad99fb7b42d8e4c1,360,16,0,376,480,104,2496,1862,931,0,0.20193340494092374,0.1933404940923738,"{""actual_effective_rate"":0.20193340494092374,""bg"":""bg2"",""bit_mapping"":""component_Gray_00_-3_01_-1_10_3_11_1_over_sqrt5;QPSK_0_plus1_1_minus1"",""code_blocks"":1,""decoder_config"":{""cn_schedule"":""flooding"",""cn_update"":""boxplus-phi"",""early_stop"":false,""hard_out"":true,""harq_mode"":false,""llr_max"":20.0,""num_iter"":20,""precision"":""single"",""prune_pcm"":true,""return_infobits"":true,""vn_update"":""sum""},""implementation"":{""bit_mapping"":""component_Gray_00_-3_01_-1_10_3_11_1_over_sqrt5;QPSK_0_plus1_1_minus1"",""cuda"":""12.8"",""decoder"":{""cn_schedule"":""flooding"",""cn_update"":""boxplus-phi"",""early_stop"":false,""hard_out"":true,""harq_mode"":false,""llr_max"":20.0,""num_iter"":20,""precision"":""single"",""prune_pcm"":true,""return_infobits"":true,""vn_update"":""sum""},""decoder_source_sha256"":""44d84b92b749e2970f94d92cd348a11648e2286b4d851faa0af8b21d08f0da23"",""encoder_source_sha256"":""34d8db6660b2e84708a8fb534f63c194f6f2b964e3693fcffc9dcaf21532ccfd"",""implementation"":""Sionna_5G_LDPC"",""power_protocol"":""fixed_constellation_average_Es2"",""precision"":""float32"",""rate_matching"":""Sionna RV0; filler removal, first2Z and tail puncturing; supported n only"",""scrambling"":""public_PCG64_SHA256_protocol_session_frame_group_counter_after_rate_matching_v1"",""torch"":""2.11.0+cu128"",""version"":""2.2.0""},""interleaver_sha256"":""473dd574ae19fb56b6541b70a00e5bed43651f26088c8eb7a110493a59b4fa99"",""k"":376,""k_filler"":104,""k_ldpc"":480,""layout_id"":""425abe45257f9e68a87d1d2c755a92f6ef3ae63446645839a8ba86ecf8135bdf"",""modulation_padding_bits"":0,""mother_bits"":2496,""n"":1862,""n_cb"":2400,""n_cb_comp"":2296,""power_protocol"":""fixed_constellation_average_Es2"",""puncturing_bits"":530,""puncturing_first_2Z"":96,""puncturing_remaining"":434,""repetition_bits"":0,""scrambling"":""public_PCG64_SHA256_protocol_session_frame_group_counter_after_rate_matching_v1"",""shortening_bits"":104,""z"":48}",[2048]
QPSK,5/6,QPSK:r5/6,ca968e549d6ea8c50885b8795fc90bca1a89cbbe5229468747b4074b3b96120e,324,16,0,340,440,100,2288,906,453,0,0.37527593818984545,0.3576158940397351,"{""actual_effective_rate"":0.37527593818984545,""bg"":""bg2"",""bit_mapping"":""component_Gray_00_-3_01_-1_10_3_11_1_over_sqrt5;QPSK_0_plus1_1_minus1"",""code_blocks"":1,""decoder_config"":{""cn_schedule"":""flooding"",""cn_update"":""boxplus-phi"",""early_stop"":false,""hard_out"":true,""harq_mode"":false,""llr_max"":20.0,""num_iter"":20,""precision"":""single"",""prune_pcm"":true,""return_infobits"":true,""vn_update"":""sum""},""implementation"":{""bit_mapping"":""component_Gray_00_-3_01_-1_10_3_11_1_over_sqrt5;QPSK_0_plus1_1_minus1"",""cuda"":""12.8"",""decoder"":{""cn_schedule"":""flooding"",""cn_update"":""boxplus-phi"",""early_stop"":false,""hard_out"":true,""harq_mode"":false,""llr_max"":20.0,""num_iter"":20,""precision"":""single"",""prune_pcm"":true,""return_infobits"":true,""vn_update"":""sum""},""decoder_source_sha256"":""44d84b92b749e2970f94d92cd348a11648e2286b4d851faa0af8b21d08f0da23"",""encoder_source_sha256"":""34d8db6660b2e84708a8fb534f63c194f6f2b964e3693fcffc9dcaf21532ccfd"",""implementation"":""Sionna_5G_LDPC"",""power_protocol"":""fixed_constellation_average_Es2"",""precision"":""float32"",""rate_matching"":""Sionna RV0; filler removal, first2Z and tail puncturing; supported n only"",""scrambling"":""public_PCG64_SHA256_protocol_session_frame_group_counter_after_rate_matching_v1"",""torch"":""2.11.0+cu128"",""version"":""2.2.0""},""interleaver_sha256"":""0cb0de3d3e21fba6bc5de7fdff6bbbc5031bb0186bea4b63b674826aa6b2cd88"",""k"":340,""k_filler"":100,""k_ldpc"":440,""layout_id"":""4f2af4580931145a364b502317c20c34cd43e5508b4d8fc64b8b80dda0adfae5"",""modulation_padding_bits"":0,""mother_bits"":2288,""n"":906,""n_cb"":2200,""n_cb_comp"":2100,""power_protocol"":""fixed_constellation_average_Es2"",""puncturing_bits"":1282,""puncturing_first_2Z"":88,""puncturing_remaining"":1194,""repetition_bits"":0,""scrambling"":""public_PCG64_SHA256_protocol_session_frame_group_counter_after_rate_matching_v1"",""shortening_bits"":100,""z"":44}",[1024]
QPSK,2/3,QPSK:r2/3,ca973770164af1c4434234b782fd644cc64afbc4681a92250b0e0ad02c68a91b,408,16,0,424,560,136,2912,1368,684,0,0.30994152046783624,0.2982456140350877,"{""actual_effective_rate"":0.30994152046783624,""bg"":""bg2"",""bit_mapping"":""component_Gray_00_-3_01_-1_10_3_11_1_over_sqrt5;QPSK_0_plus1_1_minus1"",""code_blocks"":1,""decoder_config"":{""cn_schedule"":""flooding"",""cn_update"":""boxplus-phi"",""early_stop"":false,""hard_out"":true,""harq_mode"":false,""llr_max"":20.0,""num_iter"":20,""precision"":""single"",""prune_pcm"":true,""return_infobits"":true,""vn_update"":""sum""},""implementation"":{""bit_mapping"":""component_Gray_00_-3_01_-1_10_3_11_1_over_sqrt5;QPSK_0_plus1_1_minus1"",""cuda"":""12.8"",""decoder"":{""cn_schedule"":""flooding"",""cn_update"":""boxplus-phi"",""early_stop"":false,""hard_out"":true,""harq_mode"":false,""llr_max"":20.0,""num_iter"":20,""precision"":""single"",""prune_pcm"":true,""return_infobits"":true,""vn_update"":""sum""},""decoder_source_sha256"":""44d84b92b749e2970f94d92cd348a11648e2286b4d851faa0af8b21d08f0da23"",""encoder_source_sha256"":""34d8db6660b2e84708a8fb534f63c194f6f2b964e3693fcffc9dcaf21532ccfd"",""implementation"":""Sionna_5G_LDPC"",""power_protocol"":""fixed_constellation_average_Es2"",""precision"":""float32"",""rate_matching"":""Sionna RV0; filler removal, first2Z and tail puncturing; supported n only"",""scrambling"":""public_PCG64_SHA256_protocol_session_frame_group_counter_after_rate_matching_v1"",""torch"":""2.11.0+cu128"",""version"":""2.2.0""},""interleaver_sha256"":""e4fbc0a20cb8ba8ccf76a9580c945977c1d081bb1c99be2c4cfa410a9aa8df8f"",""k"":424,""k_filler"":136,""k_ldpc"":560,""layout_id"":""e4858edae1d4e8763a9b9d30188bfa4db0448b636d465db322078918a9764a69"",""modulation_padding_bits"":0,""mother_bits"":2912,""n"":1368,""n_cb"":2800,""n_cb_comp"":2664,""power_protocol"":""fixed_constellation_average_Es2"",""puncturing_bits"":1408,""puncturing_first_2Z"":112,""puncturing_remaining"":1296,""repetition_bits"":0,""scrambling"":""public_PCG64_SHA256_protocol_session_frame_group_counter_after_rate_matching_v1"",""shortening_bits"":136,""z"":56}",[1024]
16QAM,1/3,16QAM:r1/3,ca9dad5f0ae9af72052ccf076b48a068c98250dc51e4ce569b278a666f239239,1860,16,0,1876,1920,44,9984,6292,1573,0,0.29815638906548,0.2956134774316593,"{""actual_effective_rate"":0.29815638906548,""bg"":""bg2"",""bit_mapping"":""component_Gray_00_-3_01_-1_10_3_11_1_over_sqrt5;QPSK_0_plus1_1_minus1"",""code_blocks"":1,""decoder_config"":{""cn_schedule"":""flooding"",""cn_update"":""boxplus-phi"",""early_stop"":false,""hard_out"":true,""harq_mode"":false,""llr_max"":20.0,""num_iter"":20,""precision"":""single"",""prune_pcm"":true,""return_infobits"":true,""vn_update"":""sum""},""implementation"":{""bit_mapping"":""component_Gray_00_-3_01_-1_10_3_11_1_over_sqrt5;QPSK_0_plus1_1_minus1"",""cuda"":""12.8"",""decoder"":{""cn_schedule"":""flooding"",""cn_update"":""boxplus-phi"",""early_stop"":false,""hard_out"":true,""harq_mode"":false,""llr_max"":20.0,""num_iter"":20,""precision"":""single"",""prune_pcm"":true,""return_infobits"":true,""vn_update"":""sum""},""decoder_source_sha256"":""44d84b92b749e2970f94d92cd348a11648e2286b4d851faa0af8b21d08f0da23"",""encoder_source_sha256"":""34d8db6660b2e84708a8fb534f63c194f6f2b964e3693fcffc9dcaf21532ccfd"",""implementation"":""Sionna_5G_LDPC"",""power_protocol"":""fixed_constellation_average_Es2"",""precision"":""float32"",""rate_matching"":""Sionna RV0; filler removal, first2Z and tail puncturing; supported n only"",""scrambling"":""public_PCG64_SHA256_protocol_session_frame_group_counter_after_rate_matching_v1"",""torch"":""2.11.0+cu128"",""version"":""2.2.0""},""interleaver_sha256"":""efef3405c9601b4ac392b02a1861478fa16e8c97fc12dd6ceac5211506962f30"",""k"":1876,""k_filler"":44,""k_ldpc"":1920,""layout_id"":""221d2ebea7ddb4d5bc08a17335ef045440212d82d1d76813a1fd03cb71d7025e"",""modulation_padding_bits"":0,""mother_bits"":9984,""n"":6292,""n_cb"":9600,""n_cb_comp"":9556,""power_protocol"":""fixed_constellation_average_Es2"",""puncturing_bits"":3648,""puncturing_first_2Z"":384,""puncturing_remaining"":3264,""repetition_bits"":0,""scrambling"":""public_PCG64_SHA256_protocol_session_frame_group_counter_after_rate_matching_v1"",""shortening_bits"":44,""z"":192}",[2048]
16QAM,2/3,16QAM:r2/3,cab019760d5aeb22caab1b83e75fe6c2e7ebb0d1e527e972219c0da351b6d1fd,2232,16,0,2248,2400,152,12480,3372,843,0,0.6666666666666666,0.6619217081850534,"{""actual_effective_rate"":0.6666666666666666,""bg"":""bg2"",""bit_mapping"":""component_Gray_00_-3_01_-1_10_3_11_1_over_sqrt5;QPSK_0_plus1_1_minus1"",""code_blocks"":1,""decoder_config"":{""cn_schedule"":""flooding"",""cn_update"":""boxplus-phi"",""early_stop"":false,""hard_out"":true,""harq_mode"":false,""llr_max"":20.0,""num_iter"":20,""precision"":""single"",""prune_pcm"":true,""return_infobits"":true,""vn_update"":""sum""},""implementation"":{""bit_mapping"":""component_Gray_00_-3_01_-1_10_3_11_1_over_sqrt5;QPSK_0_plus1_1_minus1"",""cuda"":""12.8"",""decoder"":{""cn_schedule"":""flooding"",""cn_update"":""boxplus-phi"",""early_stop"":false,""hard_out"":true,""harq_mode"":false,""llr_max"":20.0,""num_iter"":20,""precision"":""single"",""prune_pcm"":true,""return_infobits"":true,""vn_update"":""sum""},""decoder_source_sha256"":""44d84b92b749e2970f94d92cd348a11648e2286b4d851faa0af8b21d08f0da23"",""encoder_source_sha256"":""34d8db6660b2e84708a8fb534f63c194f6f2b964e3693fcffc9dcaf21532ccfd"",""implementation"":""Sionna_5G_LDPC"",""power_protocol"":""fixed_constellation_average_Es2"",""precision"":""float32"",""rate_matching"":""Sionna RV0; filler removal, first2Z and tail puncturing; supported n only"",""scrambling"":""public_PCG64_SHA256_protocol_session_frame_group_counter_after_rate_matching_v1"",""torch"":""2.11.0+cu128"",""version"":""2.2.0""},""interleaver_sha256"":""a9bf0640d6955bb8588009d9f1f18dfb94c1d32f98c679f040ea620debf49d99"",""k"":2248,""k_filler"":152,""k_ldpc"":2400,""layout_id"":""a1da59ec30fc5b450c15839e248100b451b6c40b52e96219487915456ccf73b4"",""modulation_padding_bits"":0,""mother_bits"":12480,""n"":3372,""n_cb"":12000,""n_cb_comp"":11848,""power_protocol"":""fixed_constellation_average_Es2"",""puncturing_bits"":8956,""puncturing_first_2Z"":480,""puncturing_remaining"":8476,""repetition_bits"":0,""scrambling"":""public_PCG64_SHA256_protocol_session_frame_group_counter_after_rate_matching_v1"",""shortening_bits"":152,""z"":240}",[1024]
QPSK,5/6,QPSK:r5/6,cab546a3a877f99073c848729e5a39dfb4f8ab585f1f78bcf29188586f58b44f,924,16,0,940,960,20,4992,1528,764,0,0.6151832460732984,0.6047120418848168,"{""actual_effective_rate"":0.6151832460732984,""bg"":""bg2"",""bit_mapping"":""component_Gray_00_-3_01_-1_10_3_11_1_over_sqrt5;QPSK_0_plus1_1_minus1"",""code_blocks"":1,""decoder_config"":{""cn_schedule"":""flooding"",""cn_update"":""boxplus-phi"",""early_stop"":false,""hard_out"":true,""harq_mode"":false,""llr_max"":20.0,""num_iter"":20,""precision"":""single"",""prune_pcm"":true,""return_infobits"":true,""vn_update"":""sum""},""implementation"":{""bit_mapping"":""component_Gray_00_-3_01_-1_10_3_11_1_over_sqrt5;QPSK_0_plus1_1_minus1"",""cuda"":""12.8"",""decoder"":{""cn_schedule"":""flooding"",""cn_update"":""boxplus-phi"",""early_stop"":false,""hard_out"":true,""harq_mode"":false,""llr_max"":20.0,""num_iter"":20,""precision"":""single"",""prune_pcm"":true,""return_infobits"":true,""vn_update"":""sum""},""decoder_source_sha256"":""44d84b92b749e2970f94d92cd348a11648e2286b4d851faa0af8b21d08f0da23"",""encoder_source_sha256"":""34d8db6660b2e84708a8fb534f63c194f6f2b964e3693fcffc9dcaf21532ccfd"",""implementation"":""Sionna_5G_LDPC"",""power_protocol"":""fixed_constellation_average_Es2"",""precision"":""float32"",""rate_matching"":""Sionna RV0; filler removal, first2Z and tail puncturing; supported n only"",""scrambling"":""public_PCG64_SHA256_protocol_session_frame_group_counter_after_rate_matching_v1"",""torch"":""2.11.0+cu128"",""version"":""2.2.0""},""interleaver_sha256"":""b12c27aaa0f85dab823c4aaaa1f1c349bb07f5b680c9388857f69dd8cb861821"",""k"":940,""k_filler"":20,""k_ldpc"":960,""layout_id"":""ce262d609045ba3af2f0c9bea42e2bf358d55f6306af7326eb6a34e42372e53e"",""modulation_padding_bits"":0,""mother_bits"":4992,""n"":1528,""n_cb"":4800,""n_cb_comp"":4780,""power_protocol"":""fixed_constellation_average_Es2"",""puncturing_bits"":3444,""puncturing_first_2Z"":192,""puncturing_remaining"":3252,""repetition_bits"":0,""scrambling"":""public_PCG64_SHA256_protocol_session_frame_group_counter_after_rate_matching_v1"",""shortening_bits"":20,""z"":96}",[1024]
16QAM,1/2,16QAM:r1/2,cac8efdfd4fca67c44334ffc5d407260e2ed274fdd5a0b9bb4808227d61d3609,1860,16,0,1876,1920,44,9984,3756,939,0,0.4994675186368477,0.4952076677316294,"{""actual_effective_rate"":0.4994675186368477,""bg"":""bg2"",""bit_mapping"":""component_Gray_00_-3_01_-1_10_3_11_1_over_sqrt5;QPSK_0_plus1_1_minus1"",""code_blocks"":1,""decoder_config"":{""cn_schedule"":""flooding"",""cn_update"":""boxplus-phi"",""early_stop"":false,""hard_out"":true,""harq_mode"":false,""llr_max"":20.0,""num_iter"":20,""precision"":""single"",""prune_pcm"":true,""return_infobits"":true,""vn_update"":""sum""},""implementation"":{""bit_mapping"":""component_Gray_00_-3_01_-1_10_3_11_1_over_sqrt5;QPSK_0_plus1_1_minus1"",""cuda"":""12.8"",""decoder"":{""cn_schedule"":""flooding"",""cn_update"":""boxplus-phi"",""early_stop"":false,""hard_out"":true,""harq_mode"":false,""llr_max"":20.0,""num_iter"":20,""precision"":""single"",""prune_pcm"":true,""return_infobits"":true,""vn_update"":""sum""},""decoder_source_sha256"":""44d84b92b749e2970f94d92cd348a11648e2286b4d851faa0af8b21d08f0da23"",""encoder_source_sha256"":""34d8db6660b2e84708a8fb534f63c194f6f2b964e3693fcffc9dcaf21532ccfd"",""implementation"":""Sionna_5G_LDPC"",""power_protocol"":""fixed_constellation_average_Es2"",""precision"":""float32"",""rate_matching"":""Sionna RV0; filler removal, first2Z and tail puncturing; supported n only"",""scrambling"":""public_PCG64_SHA256_protocol_session_frame_group_counter_after_rate_matching_v1"",""torch"":""2.11.0+cu128"",""version"":""2.2.0""},""interleaver_sha256"":""f7d34a4fa4e1ddd231849d96d317064b354bf369236851fe48f7e5a6818a4682"",""k"":1876,""k_filler"":44,""k_ldpc"":1920,""layout_id"":""c937950709c981146ea6714cc50aaada8f58de0aaa42fa776800e4fe6fbdfe5d"",""modulation_padding_bits"":0,""mother_bits"":9984,""n"":3756,""n_cb"":9600,""n_cb_comp"":9556,""power_protocol"":""fixed_constellation_average_Es2"",""puncturing_bits"":6184,""puncturing_first_2Z"":384,""puncturing_remaining"":5800,""repetition_bits"":0,""scrambling"":""public_PCG64_SHA256_protocol_session_frame_group_counter_after_rate_matching_v1"",""shortening_bits"":44,""z"":192}","[1024,2048]"
QPSK,3/4,QPSK:r3/4,cad1cabbfeaa83be1c41804c72118666b8a82c1990c70d0c559cced7edd76e98,660,16,0,676,720,44,3744,1272,636,0,0.5314465408805031,0.5188679245283019,"{""actual_effective_rate"":0.5314465408805031,""bg"":""bg2"",""bit_mapping"":""component_Gray_00_-3_01_-1_10_3_11_1_over_sqrt5;QPSK_0_plus1_1_minus1"",""code_blocks"":1,""decoder_config"":{""cn_schedule"":""flooding"",""cn_update"":""boxplus-phi"",""early_stop"":false,""hard_out"":true,""harq_mode"":false,""llr_max"":20.0,""num_iter"":20,""precision"":""single"",""prune_pcm"":true,""return_infobits"":true,""vn_update"":""sum""},""implementation"":{""bit_mapping"":""component_Gray_00_-3_01_-1_10_3_11_1_over_sqrt5;QPSK_0_plus1_1_minus1"",""cuda"":""12.8"",""decoder"":{""cn_schedule"":""flooding"",""cn_update"":""boxplus-phi"",""early_stop"":false,""hard_out"":true,""harq_mode"":false,""llr_max"":20.0,""num_iter"":20,""precision"":""single"",""prune_pcm"":true,""return_infobits"":true,""vn_update"":""sum""},""decoder_source_sha256"":""44d84b92b749e2970f94d92cd348a11648e2286b4d851faa0af8b21d08f0da23"",""encoder_source_sha256"":""34d8db6660b2e84708a8fb534f63c194f6f2b964e3693fcffc9dcaf21532ccfd"",""implementation"":""Sionna_5G_LDPC"",""power_protocol"":""fixed_constellation_average_Es2"",""precision"":""float32"",""rate_matching"":""Sionna RV0; filler removal, first2Z and tail puncturing; supported n only"",""scrambling"":""public_PCG64_SHA256_protocol_session_frame_group_counter_after_rate_matching_v1"",""torch"":""2.11.0+cu128"",""version"":""2.2.0""},""interleaver_sha256"":""0cfa1f03a35dea5dc2236d190cf6b4ad27ae0a43a71ec27699599a2106d5c86c"",""k"":676,""k_filler"":44,""k_ldpc"":720,""layout_id"":""e7b480bec8186beb1d31a486c10c9b9936536682e69b82468b25719d7521f2e5"",""modulation_padding_bits"":0,""mother_bits"":3744,""n"":1272,""n_cb"":3600,""n_cb_comp"":3556,""power_protocol"":""fixed_constellation_average_Es2"",""puncturing_bits"":2428,""puncturing_first_2Z"":144,""puncturing_remaining"":2284,""repetition_bits"":0,""scrambling"":""public_PCG64_SHA256_protocol_session_frame_group_counter_after_rate_matching_v1"",""shortening_bits"":44,""z"":72}",[1024]
QPSK,3/4,QPSK:r3/4,caf17e8db5ddb54e43cec7d7d1f72f3f6ad4f4e8b4cfe707811bcb039c760a16,660,16,0,676,720,44,3744,1646,823,0,0.4106925880923451,0.40097205346294046,"{""actual_effective_rate"":0.4106925880923451,""bg"":""bg2"",""bit_mapping"":""component_Gray_00_-3_01_-1_10_3_11_1_over_sqrt5;QPSK_0_plus1_1_minus1"",""code_blocks"":1,""decoder_config"":{""cn_schedule"":""flooding"",""cn_update"":""boxplus-phi"",""early_stop"":false,""hard_out"":true,""harq_mode"":false,""llr_max"":20.0,""num_iter"":20,""precision"":""single"",""prune_pcm"":true,""return_infobits"":true,""vn_update"":""sum""},""implementation"":{""bit_mapping"":""component_Gray_00_-3_01_-1_10_3_11_1_over_sqrt5;QPSK_0_plus1_1_minus1"",""cuda"":""12.8"",""decoder"":{""cn_schedule"":""flooding"",""cn_update"":""boxplus-phi"",""early_stop"":false,""hard_out"":true,""harq_mode"":false,""llr_max"":20.0,""num_iter"":20,""precision"":""single"",""prune_pcm"":true,""return_infobits"":true,""vn_update"":""sum""},""decoder_source_sha256"":""44d84b92b749e2970f94d92cd348a11648e2286b4d851faa0af8b21d08f0da23"",""encoder_source_sha256"":""34d8db6660b2e84708a8fb534f63c194f6f2b964e3693fcffc9dcaf21532ccfd"",""implementation"":""Sionna_5G_LDPC"",""power_protocol"":""fixed_constellation_average_Es2"",""precision"":""float32"",""rate_matching"":""Sionna RV0; filler removal, first2Z and tail puncturing; supported n only"",""scrambling"":""public_PCG64_SHA256_protocol_session_frame_group_counter_after_rate_matching_v1"",""torch"":""2.11.0+cu128"",""version"":""2.2.0""},""interleaver_sha256"":""585f5b758d182049a4720ba2999f7cb1441c38144bab6281f4035fa37dc4304d"",""k"":676,""k_filler"":44,""k_ldpc"":720,""layout_id"":""0c8f4798e813799a3b8b878ff31134162a2368e0a45efd0517324784e6316768"",""modulation_padding_bits"":0,""mother_bits"":3744,""n"":1646,""n_cb"":3600,""n_cb_comp"":3556,""power_protocol"":""fixed_constellation_average_Es2"",""puncturing_bits"":2054,""puncturing_first_2Z"":144,""puncturing_remaining"":1910,""repetition_bits"":0,""scrambling"":""public_PCG64_SHA256_protocol_session_frame_group_counter_after_rate_matching_v1"",""shortening_bits"":44,""z"":72}",[2048]
16QAM,1/2,16QAM:r1/2,caf8bbf1ef774df80450bab64e3fec85b9c5ce28cbfdeff77d01c23301492a85,360,16,0,376,480,104,2496,1000,250,0,0.376,0.36,"{""actual_effective_rate"":0.376,""bg"":""bg2"",""bit_mapping"":""component_Gray_00_-3_01_-1_10_3_11_1_over_sqrt5;QPSK_0_plus1_1_minus1"",""code_blocks"":1,""decoder_config"":{""cn_schedule"":""flooding"",""cn_update"":""boxplus-phi"",""early_stop"":false,""hard_out"":true,""harq_mode"":false,""llr_max"":20.0,""num_iter"":20,""precision"":""single"",""prune_pcm"":true,""return_infobits"":true,""vn_update"":""sum""},""implementation"":{""bit_mapping"":""component_Gray_00_-3_01_-1_10_3_11_1_over_sqrt5;QPSK_0_plus1_1_minus1"",""cuda"":""12.8"",""decoder"":{""cn_schedule"":""flooding"",""cn_update"":""boxplus-phi"",""early_stop"":false,""hard_out"":true,""harq_mode"":false,""llr_max"":20.0,""num_iter"":20,""precision"":""single"",""prune_pcm"":true,""return_infobits"":true,""vn_update"":""sum""},""decoder_source_sha256"":""44d84b92b749e2970f94d92cd348a11648e2286b4d851faa0af8b21d08f0da23"",""encoder_source_sha256"":""34d8db6660b2e84708a8fb534f63c194f6f2b964e3693fcffc9dcaf21532ccfd"",""implementation"":""Sionna_5G_LDPC"",""power_protocol"":""fixed_constellation_average_Es2"",""precision"":""float32"",""rate_matching"":""Sionna RV0; filler removal, first2Z and tail puncturing; supported n only"",""scrambling"":""public_PCG64_SHA256_protocol_session_frame_group_counter_after_rate_matching_v1"",""torch"":""2.11.0+cu128"",""version"":""2.2.0""},""interleaver_sha256"":""5aef179cd8b3641fb7b475b8c3b99d4577092447f62803b7d728a5ff7b15aeda"",""k"":376,""k_filler"":104,""k_ldpc"":480,""layout_id"":""33254ccd746f1c09edbe4efbcb4cbc3bb2ac339c6075ace1bc5fdc0348eb689d"",""modulation_padding_bits"":0,""mother_bits"":2496,""n"":1000,""n_cb"":2400,""n_cb_comp"":2296,""power_protocol"":""fixed_constellation_average_Es2"",""puncturing_bits"":1392,""puncturing_first_2Z"":96,""puncturing_remaining"":1296,""repetition_bits"":0,""scrambling"":""public_PCG64_SHA256_protocol_session_frame_group_counter_after_rate_matching_v1"",""shortening_bits"":104,""z"":48}",[1024]
QPSK,5/6,QPSK:r5/6,cb040f4c141b51951d165e85e679502ce85cac2785ffb681b94e130e81777104,108,16,0,124,220,96,1144,272,136,0,0.45588235294117646,0.39705882352941174,"{""actual_effective_rate"":0.45588235294117646,""bg"":""bg2"",""bit_mapping"":""component_Gray_00_-3_01_-1_10_3_11_1_over_sqrt5;QPSK_0_plus1_1_minus1"",""code_blocks"":1,""decoder_config"":{""cn_schedule"":""flooding"",""cn_update"":""boxplus-phi"",""early_stop"":false,""hard_out"":true,""harq_mode"":false,""llr_max"":20.0,""num_iter"":20,""precision"":""single"",""prune_pcm"":true,""return_infobits"":true,""vn_update"":""sum""},""implementation"":{""bit_mapping"":""component_Gray_00_-3_01_-1_10_3_11_1_over_sqrt5;QPSK_0_plus1_1_minus1"",""cuda"":""12.8"",""decoder"":{""cn_schedule"":""flooding"",""cn_update"":""boxplus-phi"",""early_stop"":false,""hard_out"":true,""harq_mode"":false,""llr_max"":20.0,""num_iter"":20,""precision"":""single"",""prune_pcm"":true,""return_infobits"":true,""vn_update"":""sum""},""decoder_source_sha256"":""44d84b92b749e2970f94d92cd348a11648e2286b4d851faa0af8b21d08f0da23"",""encoder_source_sha256"":""34d8db6660b2e84708a8fb534f63c194f6f2b964e3693fcffc9dcaf21532ccfd"",""implementation"":""Sionna_5G_LDPC"",""power_protocol"":""fixed_constellation_average_Es2"",""precision"":""float32"",""rate_matching"":""Sionna RV0; filler removal, first2Z and tail puncturing; supported n only"",""scrambling"":""public_PCG64_SHA256_protocol_session_frame_group_counter_after_rate_matching_v1"",""torch"":""2.11.0+cu128"",""version"":""2.2.0""},""interleaver_sha256"":""36e3b48312a30e473710c68250e908d63acb99f14458fa0fa089d732c0715c85"",""k"":124,""k_filler"":96,""k_ldpc"":220,""layout_id"":""d827dc2d88f38e1ecb9c4b853e38bb16f629a7a62474561b16867d696801e9e6"",""modulation_padding_bits"":0,""mother_bits"":1144,""n"":272,""n_cb"":1100,""n_cb_comp"":1004,""power_protocol"":""fixed_constellation_average_Es2"",""puncturing_bits"":776,""puncturing_first_2Z"":44,""puncturing_remaining"":732,""repetition_bits"":0,""scrambling"":""public_PCG64_SHA256_protocol_session_frame_group_counter_after_rate_matching_v1"",""shortening_bits"":96,""z"":22}",[1024]
QPSK,1/2,QPSK:r1/2,cb06e95aa2c19aad05a6bb0fde8d8aa3c743eaec4b4339464d17f40878f6e2ff,408,16,0,424,560,136,2912,1434,717,0,0.29567642956764295,0.28451882845188287,"{""actual_effective_rate"":0.29567642956764295,""bg"":""bg2"",""bit_mapping"":""component_Gray_00_-3_01_-1_10_3_11_1_over_sqrt5;QPSK_0_plus1_1_minus1"",""code_blocks"":1,""decoder_config"":{""cn_schedule"":""flooding"",""cn_update"":""boxplus-phi"",""early_stop"":false,""hard_out"":true,""harq_mode"":false,""llr_max"":20.0,""num_iter"":20,""precision"":""single"",""prune_pcm"":true,""return_infobits"":true,""vn_update"":""sum""},""implementation"":{""bit_mapping"":""component_Gray_00_-3_01_-1_10_3_11_1_over_sqrt5;QPSK_0_plus1_1_minus1"",""cuda"":""12.8"",""decoder"":{""cn_schedule"":""flooding"",""cn_update"":""boxplus-phi"",""early_stop"":false,""hard_out"":true,""harq_mode"":false,""llr_max"":20.0,""num_iter"":20,""precision"":""single"",""prune_pcm"":true,""return_infobits"":true,""vn_update"":""sum""},""decoder_source_sha256"":""44d84b92b749e2970f94d92cd348a11648e2286b4d851faa0af8b21d08f0da23"",""encoder_source_sha256"":""34d8db6660b2e84708a8fb534f63c194f6f2b964e3693fcffc9dcaf21532ccfd"",""implementation"":""Sionna_5G_LDPC"",""power_protocol"":""fixed_constellation_average_Es2"",""precision"":""float32"",""rate_matching"":""Sionna RV0; filler removal, first2Z and tail puncturing; supported n only"",""scrambling"":""public_PCG64_SHA256_protocol_session_frame_group_counter_after_rate_matching_v1"",""torch"":""2.11.0+cu128"",""version"":""2.2.0""},""interleaver_sha256"":""0de363cd503f15c5978d085c66167ebde443b622af3a05887296422707e81245"",""k"":424,""k_filler"":136,""k_ldpc"":560,""layout_id"":""31aa3f2bfa07982cad03b3d31578f776fd79940b0c47ecce9a011a355ac3cddf"",""modulation_padding_bits"":0,""mother_bits"":2912,""n"":1434,""n_cb"":2800,""n_cb_comp"":2664,""power_protocol"":""fixed_constellation_average_Es2"",""puncturing_bits"":1342,""puncturing_first_2Z"":112,""puncturing_remaining"":1230,""repetition_bits"":0,""scrambling"":""public_PCG64_SHA256_protocol_session_frame_group_counter_after_rate_matching_v1"",""shortening_bits"":136,""z"":56}",[1024]
16QAM,3/4,16QAM:r3/4,cb24d3da19561a7096d40edb087e61856257cfaf30671c9e62341942dde34b72,324,16,0,340,440,100,2288,964,241,0,0.35269709543568467,0.3360995850622407,"{""actual_effective_rate"":0.35269709543568467,""bg"":""bg2"",""bit_mapping"":""component_Gray_00_-3_01_-1_10_3_11_1_over_sqrt5;QPSK_0_plus1_1_minus1"",""code_blocks"":1,""decoder_config"":{""cn_schedule"":""flooding"",""cn_update"":""boxplus-phi"",""early_stop"":false,""hard_out"":true,""harq_mode"":false,""llr_max"":20.0,""num_iter"":20,""precision"":""single"",""prune_pcm"":true,""return_infobits"":true,""vn_update"":""sum""},""implementation"":{""bit_mapping"":""component_Gray_00_-3_01_-1_10_3_11_1_over_sqrt5;QPSK_0_plus1_1_minus1"",""cuda"":""12.8"",""decoder"":{""cn_schedule"":""flooding"",""cn_update"":""boxplus-phi"",""early_stop"":false,""hard_out"":true,""harq_mode"":false,""llr_max"":20.0,""num_iter"":20,""precision"":""single"",""prune_pcm"":true,""return_infobits"":true,""vn_update"":""sum""},""decoder_source_sha256"":""44d84b92b749e2970f94d92cd348a11648e2286b4d851faa0af8b21d08f0da23"",""encoder_source_sha256"":""34d8db6660b2e84708a8fb534f63c194f6f2b964e3693fcffc9dcaf21532ccfd"",""implementation"":""Sionna_5G_LDPC"",""power_protocol"":""fixed_constellation_average_Es2"",""precision"":""float32"",""rate_matching"":""Sionna RV0; filler removal, first2Z and tail puncturing; supported n only"",""scrambling"":""public_PCG64_SHA256_protocol_session_frame_group_counter_after_rate_matching_v1"",""torch"":""2.11.0+cu128"",""version"":""2.2.0""},""interleaver_sha256"":""e5e28fe48f701a5c51b0a56b0ff0c99984e16d2562bfec1b7cc934c61368bf4e"",""k"":340,""k_filler"":100,""k_ldpc"":440,""layout_id"":""d85a8e229b60f2b8807d2a788f27f92d4aaae226b2092cb4af7c18d5af6c7f59"",""modulation_padding_bits"":0,""mother_bits"":2288,""n"":964,""n_cb"":2200,""n_cb_comp"":2100,""power_protocol"":""fixed_constellation_average_Es2"",""puncturing_bits"":1224,""puncturing_first_2Z"":88,""puncturing_remaining"":1136,""repetition_bits"":0,""scrambling"":""public_PCG64_SHA256_protocol_session_frame_group_counter_after_rate_matching_v1"",""shortening_bits"":100,""z"":44}",[1024]
16QAM,5/6,16QAM:r5/6,cb24f6c47334d3b4714ec6bc567e60e0d33fca56e55b22ad2125aeadc91766ad,2208,16,0,2224,2288,64,7072,2672,668,0,0.8323353293413174,0.8263473053892215,"{""actual_effective_rate"":0.8323353293413174,""bg"":""bg1"",""bit_mapping"":""component_Gray_00_-3_01_-1_10_3_11_1_over_sqrt5;QPSK_0_plus1_1_minus1"",""code_blocks"":1,""decoder_config"":{""cn_schedule"":""flooding"",""cn_update"":""boxplus-phi"",""early_stop"":false,""hard_out"":true,""harq_mode"":false,""llr_max"":20.0,""num_iter"":20,""precision"":""single"",""prune_pcm"":true,""return_infobits"":true,""vn_update"":""sum""},""implementation"":{""bit_mapping"":""component_Gray_00_-3_01_-1_10_3_11_1_over_sqrt5;QPSK_0_plus1_1_minus1"",""cuda"":""12.8"",""decoder"":{""cn_schedule"":""flooding"",""cn_update"":""boxplus-phi"",""early_stop"":false,""hard_out"":true,""harq_mode"":false,""llr_max"":20.0,""num_iter"":20,""precision"":""single"",""prune_pcm"":true,""return_infobits"":true,""vn_update"":""sum""},""decoder_source_sha256"":""44d84b92b749e2970f94d92cd348a11648e2286b4d851faa0af8b21d08f0da23"",""encoder_source_sha256"":""34d8db6660b2e84708a8fb534f63c194f6f2b964e3693fcffc9dcaf21532ccfd"",""implementation"":""Sionna_5G_LDPC"",""power_protocol"":""fixed_constellation_average_Es2"",""precision"":""float32"",""rate_matching"":""Sionna RV0; filler removal, first2Z and tail puncturing; supported n only"",""scrambling"":""public_PCG64_SHA256_protocol_session_frame_group_counter_after_rate_matching_v1"",""torch"":""2.11.0+cu128"",""version"":""2.2.0""},""interleaver_sha256"":""90e345d0e61e22559127d3acddfca328a6b43d3eae947ab47d0573f9a3dc5a21"",""k"":2224,""k_filler"":64,""k_ldpc"":2288,""layout_id"":""2d6888bf95d05c497a1d6bd20af40ceaa4d6d09eb46b33ff2c1675f0a224a04a"",""modulation_padding_bits"":0,""mother_bits"":7072,""n"":2672,""n_cb"":6864,""n_cb_comp"":6800,""power_protocol"":""fixed_constellation_average_Es2"",""puncturing_bits"":4336,""puncturing_first_2Z"":208,""puncturing_remaining"":4128,""repetition_bits"":0,""scrambling"":""public_PCG64_SHA256_protocol_session_frame_group_counter_after_rate_matching_v1"",""shortening_bits"":64,""z"":104}",[2048]
16QAM,3/4,16QAM:r3/4,cb27fc6495baceac7d8d9e16055907e29eeeaf0c1eac1a9b2919136ba7c0e299,1092,16,0,1108,1120,12,5824,3268,817,0,0.3390452876376989,0.33414932680538556,"{""actual_effective_rate"":0.3390452876376989,""bg"":""bg2"",""bit_mapping"":""component_Gray_00_-3_01_-1_10_3_11_1_over_sqrt5;QPSK_0_plus1_1_minus1"",""code_blocks"":1,""decoder_config"":{""cn_schedule"":""flooding"",""cn_update"":""boxplus-phi"",""early_stop"":false,""hard_out"":true,""harq_mode"":false,""llr_max"":20.0,""num_iter"":20,""precision"":""single"",""prune_pcm"":true,""return_infobits"":true,""vn_update"":""sum""},""implementation"":{""bit_mapping"":""component_Gray_00_-3_01_-1_10_3_11_1_over_sqrt5;QPSK_0_plus1_1_minus1"",""cuda"":""12.8"",""decoder"":{""cn_schedule"":""flooding"",""cn_update"":""boxplus-phi"",""early_stop"":false,""hard_out"":true,""harq_mode"":false,""llr_max"":20.0,""num_iter"":20,""precision"":""single"",""prune_pcm"":true,""return_infobits"":true,""vn_update"":""sum""},""decoder_source_sha256"":""44d84b92b749e2970f94d92cd348a11648e2286b4d851faa0af8b21d08f0da23"",""encoder_source_sha256"":""34d8db6660b2e84708a8fb534f63c194f6f2b964e3693fcffc9dcaf21532ccfd"",""implementation"":""Sionna_5G_LDPC"",""power_protocol"":""fixed_constellation_average_Es2"",""precision"":""float32"",""rate_matching"":""Sionna RV0; filler removal, first2Z and tail puncturing; supported n only"",""scrambling"":""public_PCG64_SHA256_protocol_session_frame_group_counter_after_rate_matching_v1"",""torch"":""2.11.0+cu128"",""version"":""2.2.0""},""interleaver_sha256"":""b7beb03d937027f370e20f726b52883f7ece9faa3692516206fdd5cdd68850b2"",""k"":1108,""k_filler"":12,""k_ldpc"":1120,""layout_id"":""1e96f5b94e96bf3d6b3838c39af482670cf96368c479d820a588eb9589d52e04"",""modulation_padding_bits"":0,""mother_bits"":5824,""n"":3268,""n_cb"":5600,""n_cb_comp"":5588,""power_protocol"":""fixed_constellation_average_Es2"",""puncturing_bits"":2544,""puncturing_first_2Z"":224,""puncturing_remaining"":2320,""repetition_bits"":0,""scrambling"":""public_PCG64_SHA256_protocol_session_frame_group_counter_after_rate_matching_v1"",""shortening_bits"":12,""z"":112}",[1024]
16QAM,3/4,16QAM:r3/4,cb30ba76ee33ef2d2b13159ce60b1107ceac32bb6443db91b02e35ef196066ff,360,16,0,376,480,104,2496,1716,429,0,0.2191142191142191,0.2097902097902098,"{""actual_effective_rate"":0.2191142191142191,""bg"":""bg2"",""bit_mapping"":""component_Gray_00_-3_01_-1_10_3_11_1_over_sqrt5;QPSK_0_plus1_1_minus1"",""code_blocks"":1,""decoder_config"":{""cn_schedule"":""flooding"",""cn_update"":""boxplus-phi"",""early_stop"":false,""hard_out"":true,""harq_mode"":false,""llr_max"":20.0,""num_iter"":20,""precision"":""single"",""prune_pcm"":true,""return_infobits"":true,""vn_update"":""sum""},""implementation"":{""bit_mapping"":""component_Gray_00_-3_01_-1_10_3_11_1_over_sqrt5;QPSK_0_plus1_1_minus1"",""cuda"":""12.8"",""decoder"":{""cn_schedule"":""flooding"",""cn_update"":""boxplus-phi"",""early_stop"":false,""hard_out"":true,""harq_mode"":false,""llr_max"":20.0,""num_iter"":20,""precision"":""single"",""prune_pcm"":true,""return_infobits"":true,""vn_update"":""sum""},""decoder_source_sha256"":""44d84b92b749e2970f94d92cd348a11648e2286b4d851faa0af8b21d08f0da23"",""encoder_source_sha256"":""34d8db6660b2e84708a8fb534f63c194f6f2b964e3693fcffc9dcaf21532ccfd"",""implementation"":""Sionna_5G_LDPC"",""power_protocol"":""fixed_constellation_average_Es2"",""precision"":""float32"",""rate_matching"":""Sionna RV0; filler removal, first2Z and tail puncturing; supported n only"",""scrambling"":""public_PCG64_SHA256_protocol_session_frame_group_counter_after_rate_matching_v1"",""torch"":""2.11.0+cu128"",""version"":""2.2.0""},""interleaver_sha256"":""2e6a09e1e264d07222ce14ae1c6dd9f6b9a86cb743cf24d297aad3637bbc00a2"",""k"":376,""k_filler"":104,""k_ldpc"":480,""layout_id"":""9220548dd41300743aab49e733b999ab1e6ace2af4a270511556a0d17489f5fd"",""modulation_padding_bits"":0,""mother_bits"":2496,""n"":1716,""n_cb"":2400,""n_cb_comp"":2296,""power_protocol"":""fixed_constellation_average_Es2"",""puncturing_bits"":676,""puncturing_first_2Z"":96,""puncturing_remaining"":580,""repetition_bits"":0,""scrambling"":""public_PCG64_SHA256_protocol_session_frame_group_counter_after_rate_matching_v1"",""shortening_bits"":104,""z"":48}","[1024,2048]"
16QAM,3/4,16QAM:r3/4,cb385245ab50f72e82312d6bc5719b22abfcefb9daf4a6ad77f4c3b11aa3e7c3,660,16,0,676,720,44,3744,1192,298,0,0.5671140939597316,0.5536912751677853,"{""actual_effective_rate"":0.5671140939597316,""bg"":""bg2"",""bit_mapping"":""component_Gray_00_-3_01_-1_10_3_11_1_over_sqrt5;QPSK_0_plus1_1_minus1"",""code_blocks"":1,""decoder_config"":{""cn_schedule"":""flooding"",""cn_update"":""boxplus-phi"",""early_stop"":false,""hard_out"":true,""harq_mode"":false,""llr_max"":20.0,""num_iter"":20,""precision"":""single"",""prune_pcm"":true,""return_infobits"":true,""vn_update"":""sum""},""implementation"":{""bit_mapping"":""component_Gray_00_-3_01_-1_10_3_11_1_over_sqrt5;QPSK_0_plus1_1_minus1"",""cuda"":""12.8"",""decoder"":{""cn_schedule"":""flooding"",""cn_update"":""boxplus-phi"",""early_stop"":false,""hard_out"":true,""harq_mode"":false,""llr_max"":20.0,""num_iter"":20,""precision"":""single"",""prune_pcm"":true,""return_infobits"":true,""vn_update"":""sum""},""decoder_source_sha256"":""44d84b92b749e2970f94d92cd348a11648e2286b4d851faa0af8b21d08f0da23"",""encoder_source_sha256"":""34d8db6660b2e84708a8fb534f63c194f6f2b964e3693fcffc9dcaf21532ccfd"",""implementation"":""Sionna_5G_LDPC"",""power_protocol"":""fixed_constellation_average_Es2"",""precision"":""float32"",""rate_matching"":""Sionna RV0; filler removal, first2Z and tail puncturing; supported n only"",""scrambling"":""public_PCG64_SHA256_protocol_session_frame_group_counter_after_rate_matching_v1"",""torch"":""2.11.0+cu128"",""version"":""2.2.0""},""interleaver_sha256"":""ffb773fc63bab7b2db5b70767f0ab247a8b4c64206d795bcb36239a64ac13638"",""k"":676,""k_filler"":44,""k_ldpc"":720,""layout_id"":""41effce86e425afb4568839be42ad6e7da46fd75175d64eb6d218f73f6a45d64"",""modulation_padding_bits"":0,""mother_bits"":3744,""n"":1192,""n_cb"":3600,""n_cb_comp"":3556,""power_protocol"":""fixed_constellation_average_Es2"",""puncturing_bits"":2508,""puncturing_first_2Z"":144,""puncturing_remaining"":2364,""repetition_bits"":0,""scrambling"":""public_PCG64_SHA256_protocol_session_frame_group_counter_after_rate_matching_v1"",""shortening_bits"":44,""z"":72}",[1024]
QPSK,1/3,QPSK:r1/3,cb5a9abbf3275b700b8fab865c4eafdc8232774a8d1ec6a057f741a44fe73d54,120,16,0,136,240,104,1248,408,204,0,0.3333333333333333,0.29411764705882354,"{""actual_effective_rate"":0.3333333333333333,""bg"":""bg2"",""bit_mapping"":""component_Gray_00_-3_01_-1_10_3_11_1_over_sqrt5;QPSK_0_plus1_1_minus1"",""code_blocks"":1,""decoder_config"":{""cn_schedule"":""flooding"",""cn_update"":""boxplus-phi"",""early_stop"":false,""hard_out"":true,""harq_mode"":false,""llr_max"":20.0,""num_iter"":20,""precision"":""single"",""prune_pcm"":true,""return_infobits"":true,""vn_update"":""sum""},""implementation"":{""bit_mapping"":""component_Gray_00_-3_01_-1_10_3_11_1_over_sqrt5;QPSK_0_plus1_1_minus1"",""cuda"":""12.8"",""decoder"":{""cn_schedule"":""flooding"",""cn_update"":""boxplus-phi"",""early_stop"":false,""hard_out"":true,""harq_mode"":false,""llr_max"":20.0,""num_iter"":20,""precision"":""single"",""prune_pcm"":true,""return_infobits"":true,""vn_update"":""sum""},""decoder_source_sha256"":""44d84b92b749e2970f94d92cd348a11648e2286b4d851faa0af8b21d08f0da23"",""encoder_source_sha256"":""34d8db6660b2e84708a8fb534f63c194f6f2b964e3693fcffc9dcaf21532ccfd"",""implementation"":""Sionna_5G_LDPC"",""power_protocol"":""fixed_constellation_average_Es2"",""precision"":""float32"",""rate_matching"":""Sionna RV0; filler removal, first2Z and tail puncturing; supported n only"",""scrambling"":""public_PCG64_SHA256_protocol_session_frame_group_counter_after_rate_matching_v1"",""torch"":""2.11.0+cu128"",""version"":""2.2.0""},""interleaver_sha256"":""1b0f13261bb2c234134de67fd4ffce402cfa5d9a037040ae904b608acabd395e"",""k"":136,""k_filler"":104,""k_ldpc"":240,""layout_id"":""64a484f103e1fc36dc7b87bd1675bf42b40efd27a8876d00578f229380fa7eaf"",""modulation_padding_bits"":0,""mother_bits"":1248,""n"":408,""n_cb"":1200,""n_cb_comp"":1096,""power_protocol"":""fixed_constellation_average_Es2"",""puncturing_bits"":736,""puncturing_first_2Z"":48,""puncturing_remaining"":688,""repetition_bits"":0,""scrambling"":""public_PCG64_SHA256_protocol_session_frame_group_counter_after_rate_matching_v1"",""shortening_bits"":104,""z"":24}",[1024]
QPSK,1/3,QPSK:r1/3,cb702b4f9a8263e6adebec201ba747b3b10549525e98cfb02b90ffa141f8a2ca,216,16,0,232,300,68,1560,1158,579,0,0.2003454231433506,0.18652849740932642,"{""actual_effective_rate"":0.2003454231433506,""bg"":""bg2"",""bit_mapping"":""component_Gray_00_-3_01_-1_10_3_11_1_over_sqrt5;QPSK_0_plus1_1_minus1"",""code_blocks"":1,""decoder_config"":{""cn_schedule"":""flooding"",""cn_update"":""boxplus-phi"",""early_stop"":false,""hard_out"":true,""harq_mode"":false,""llr_max"":20.0,""num_iter"":20,""precision"":""single"",""prune_pcm"":true,""return_infobits"":true,""vn_update"":""sum""},""implementation"":{""bit_mapping"":""component_Gray_00_-3_01_-1_10_3_11_1_over_sqrt5;QPSK_0_plus1_1_minus1"",""cuda"":""12.8"",""decoder"":{""cn_schedule"":""flooding"",""cn_update"":""boxplus-phi"",""early_stop"":false,""hard_out"":true,""harq_mode"":false,""llr_max"":20.0,""num_iter"":20,""precision"":""single"",""prune_pcm"":true,""return_infobits"":true,""vn_update"":""sum""},""decoder_source_sha256"":""44d84b92b749e2970f94d92cd348a11648e2286b4d851faa0af8b21d08f0da23"",""encoder_source_sha256"":""34d8db6660b2e84708a8fb534f63c194f6f2b964e3693fcffc9dcaf21532ccfd"",""implementation"":""Sionna_5G_LDPC"",""power_protocol"":""fixed_constellation_average_Es2"",""precision"":""float32"",""rate_matching"":""Sionna RV0; filler removal, first2Z and tail puncturing; supported n only"",""scrambling"":""public_PCG64_SHA256_protocol_session_frame_group_counter_after_rate_matching_v1"",""torch"":""2.11.0+cu128"",""version"":""2.2.0""},""interleaver_sha256"":""823335347838cddd442c18afed1a1262e350c4170fe869073d8da83bdf55bf3f"",""k"":232,""k_filler"":68,""k_ldpc"":300,""layout_id"":""1203929a3f4df1e8e726c5fd3cd3495d6d6e5588f55b0c7dcaf580ba158938f0"",""modulation_padding_bits"":0,""mother_bits"":1560,""n"":1158,""n_cb"":1500,""n_cb_comp"":1432,""power_protocol"":""fixed_constellation_average_Es2"",""puncturing_bits"":334,""puncturing_first_2Z"":60,""puncturing_remaining"":274,""repetition_bits"":0,""scrambling"":""public_PCG64_SHA256_protocol_session_frame_group_counter_after_rate_matching_v1"",""shortening_bits"":68,""z"":30}",[1024]
QPSK,5/6,QPSK:r5/6,cb71a5adefd5e9e848267a9a981d6c7c9b220f5150924e49fc17615619d473e0,1356,16,0,1372,1408,36,4352,1648,824,0,0.8325242718446602,0.8228155339805825,"{""actual_effective_rate"":0.8325242718446602,""bg"":""bg1"",""bit_mapping"":""component_Gray_00_-3_01_-1_10_3_11_1_over_sqrt5;QPSK_0_plus1_1_minus1"",""code_blocks"":1,""decoder_config"":{""cn_schedule"":""flooding"",""cn_update"":""boxplus-phi"",""early_stop"":false,""hard_out"":true,""harq_mode"":false,""llr_max"":20.0,""num_iter"":20,""precision"":""single"",""prune_pcm"":true,""return_infobits"":true,""vn_update"":""sum""},""implementation"":{""bit_mapping"":""component_Gray_00_-3_01_-1_10_3_11_1_over_sqrt5;QPSK_0_plus1_1_minus1"",""cuda"":""12.8"",""decoder"":{""cn_schedule"":""flooding"",""cn_update"":""boxplus-phi"",""early_stop"":false,""hard_out"":true,""harq_mode"":false,""llr_max"":20.0,""num_iter"":20,""precision"":""single"",""prune_pcm"":true,""return_infobits"":true,""vn_update"":""sum""},""decoder_source_sha256"":""44d84b92b749e2970f94d92cd348a11648e2286b4d851faa0af8b21d08f0da23"",""encoder_source_sha256"":""34d8db6660b2e84708a8fb534f63c194f6f2b964e3693fcffc9dcaf21532ccfd"",""implementation"":""Sionna_5G_LDPC"",""power_protocol"":""fixed_constellation_average_Es2"",""precision"":""float32"",""rate_matching"":""Sionna RV0; filler removal, first2Z and tail puncturing; supported n only"",""scrambling"":""public_PCG64_SHA256_protocol_session_frame_group_counter_after_rate_matching_v1"",""torch"":""2.11.0+cu128"",""version"":""2.2.0""},""interleaver_sha256"":""c7a90fc775ad7564af7fbe793c715a8c4dc41ffbde0ade9fd258a3939ed02b7c"",""k"":1372,""k_filler"":36,""k_ldpc"":1408,""layout_id"":""6598c8ab2c2fb041918f663642163b1f679a48bb63a3cfb84ceb47f8e8e3afa6"",""modulation_padding_bits"":0,""mother_bits"":4352,""n"":1648,""n_cb"":4224,""n_cb_comp"":4188,""power_protocol"":""fixed_constellation_average_Es2"",""puncturing_bits"":2668,""puncturing_first_2Z"":128,""puncturing_remaining"":2540,""repetition_bits"":0,""scrambling"":""public_PCG64_SHA256_protocol_session_frame_group_counter_after_rate_matching_v1"",""shortening_bits"":36,""z"":64}",[1024]
QPSK,5/6,QPSK:r5/6,cb7606a46fc141592e55d4636124462372bbff45c04bc12877db030dec1e3c72,1500,16,0,1516,1600,84,8320,3094,1547,0,0.48998060762766643,0.4848093083387201,"{""actual_effective_rate"":0.48998060762766643,""bg"":""bg2"",""bit_mapping"":""component_Gray_00_-3_01_-1_10_3_11_1_over_sqrt5;QPSK_0_plus1_1_minus1"",""code_blocks"":1,""decoder_config"":{""cn_schedule"":""flooding"",""cn_update"":""boxplus-phi"",""early_stop"":false,""hard_out"":true,""harq_mode"":false,""llr_max"":20.0,""num_iter"":20,""precision"":""single"",""prune_pcm"":true,""return_infobits"":true,""vn_update"":""sum""},""implementation"":{""bit_mapping"":""component_Gray_00_-3_01_-1_10_3_11_1_over_sqrt5;QPSK_0_plus1_1_minus1"",""cuda"":""12.8"",""decoder"":{""cn_schedule"":""flooding"",""cn_update"":""boxplus-phi"",""early_stop"":false,""hard_out"":true,""harq_mode"":false,""llr_max"":20.0,""num_iter"":20,""precision"":""single"",""prune_pcm"":true,""return_infobits"":true,""vn_update"":""sum""},""decoder_source_sha256"":""44d84b92b749e2970f94d92cd348a11648e2286b4d851faa0af8b21d08f0da23"",""encoder_source_sha256"":""34d8db6660b2e84708a8fb534f63c194f6f2b964e3693fcffc9dcaf21532ccfd"",""implementation"":""Sionna_5G_LDPC"",""power_protocol"":""fixed_constellation_average_Es2"",""precision"":""float32"",""rate_matching"":""Sionna RV0; filler removal, first2Z and tail puncturing; supported n only"",""scrambling"":""public_PCG64_SHA256_protocol_session_frame_group_counter_after_rate_matching_v1"",""torch"":""2.11.0+cu128"",""version"":""2.2.0""},""interleaver_sha256"":""0d8cee6695239941b31cfd2792a5a4d7478259247f8dd07c9398cb8aff72e19a"",""k"":1516,""k_filler"":84,""k_ldpc"":1600,""layout_id"":""d227f1bf34d1a34f353324296d3a0842e8833492daff9d38ed23c57babfe963d"",""modulation_padding_bits"":0,""mother_bits"":8320,""n"":3094,""n_cb"":8000,""n_cb_comp"":7916,""power_protocol"":""fixed_constellation_average_Es2"",""puncturing_bits"":5142,""puncturing_first_2Z"":320,""puncturing_remaining"":4822,""repetition_bits"":0,""scrambling"":""public_PCG64_SHA256_protocol_session_frame_group_counter_after_rate_matching_v1"",""shortening_bits"":84,""z"":160}",[2048]
QPSK,5/6,QPSK:r5/6,cb77a8a43fc998757cf1488e3a503dde15d8be358025fc563a79f60027e7462e,1800,16,0,1816,1936,120,5984,2180,1090,0,0.8330275229357799,0.8256880733944955,"{""actual_effective_rate"":0.8330275229357799,""bg"":""bg1"",""bit_mapping"":""component_Gray_00_-3_01_-1_10_3_11_1_over_sqrt5;QPSK_0_plus1_1_minus1"",""code_blocks"":1,""decoder_config"":{""cn_schedule"":""flooding"",""cn_update"":""boxplus-phi"",""early_stop"":false,""hard_out"":true,""harq_mode"":false,""llr_max"":20.0,""num_iter"":20,""precision"":""single"",""prune_pcm"":true,""return_infobits"":true,""vn_update"":""sum""},""implementation"":{""bit_mapping"":""component_Gray_00_-3_01_-1_10_3_11_1_over_sqrt5;QPSK_0_plus1_1_minus1"",""cuda"":""12.8"",""decoder"":{""cn_schedule"":""flooding"",""cn_update"":""boxplus-phi"",""early_stop"":false,""hard_out"":true,""harq_mode"":false,""llr_max"":20.0,""num_iter"":20,""precision"":""single"",""prune_pcm"":true,""return_infobits"":true,""vn_update"":""sum""},""decoder_source_sha256"":""44d84b92b749e2970f94d92cd348a11648e2286b4d851faa0af8b21d08f0da23"",""encoder_source_sha256"":""34d8db6660b2e84708a8fb534f63c194f6f2b964e3693fcffc9dcaf21532ccfd"",""implementation"":""Sionna_5G_LDPC"",""power_protocol"":""fixed_constellation_average_Es2"",""precision"":""float32"",""rate_matching"":""Sionna RV0; filler removal, first2Z and tail puncturing; supported n only"",""scrambling"":""public_PCG64_SHA256_protocol_session_frame_group_counter_after_rate_matching_v1"",""torch"":""2.11.0+cu128"",""version"":""2.2.0""},""interleaver_sha256"":""e2a4b379fb44c145a737ed546b81030e83ce343750f674269e72b68f18c97063"",""k"":1816,""k_filler"":120,""k_ldpc"":1936,""layout_id"":""f586499a9d6d296d182043ecd86cee8ae0c2d6a2c9c1ee9c0ca26faa8af68165"",""modulation_padding_bits"":0,""mother_bits"":5984,""n"":2180,""n_cb"":5808,""n_cb_comp"":5688,""power_protocol"":""fixed_constellation_average_Es2"",""puncturing_bits"":3684,""puncturing_first_2Z"":176,""puncturing_remaining"":3508,""repetition_bits"":0,""scrambling"":""public_PCG64_SHA256_protocol_session_frame_group_counter_after_rate_matching_v1"",""shortening_bits"":120,""z"":88}",[2048]
QPSK,5/6,QPSK:r5/6,cb80d677d4274fae04be125b618b87bb5a8a8f03491492a71095019abdddc7c5,1092,16,0,1108,1120,12,5824,3584,1792,0,0.3091517857142857,0.3046875,"{""actual_effective_rate"":0.3091517857142857,""bg"":""bg2"",""bit_mapping"":""component_Gray_00_-3_01_-1_10_3_11_1_over_sqrt5;QPSK_0_plus1_1_minus1"",""code_blocks"":1,""decoder_config"":{""cn_schedule"":""flooding"",""cn_update"":""boxplus-phi"",""early_stop"":false,""hard_out"":true,""harq_mode"":false,""llr_max"":20.0,""num_iter"":20,""precision"":""single"",""prune_pcm"":true,""return_infobits"":true,""vn_update"":""sum""},""implementation"":{""bit_mapping"":""component_Gray_00_-3_01_-1_10_3_11_1_over_sqrt5;QPSK_0_plus1_1_minus1"",""cuda"":""12.8"",""decoder"":{""cn_schedule"":""flooding"",""cn_update"":""boxplus-phi"",""early_stop"":false,""hard_out"":true,""harq_mode"":false,""llr_max"":20.0,""num_iter"":20,""precision"":""single"",""prune_pcm"":true,""return_infobits"":true,""vn_update"":""sum""},""decoder_source_sha256"":""44d84b92b749e2970f94d92cd348a11648e2286b4d851faa0af8b21d08f0da23"",""encoder_source_sha256"":""34d8db6660b2e84708a8fb534f63c194f6f2b964e3693fcffc9dcaf21532ccfd"",""implementation"":""Sionna_5G_LDPC"",""power_protocol"":""fixed_constellation_average_Es2"",""precision"":""float32"",""rate_matching"":""Sionna RV0; filler removal, first2Z and tail puncturing; supported n only"",""scrambling"":""public_PCG64_SHA256_protocol_session_frame_group_counter_after_rate_matching_v1"",""torch"":""2.11.0+cu128"",""version"":""2.2.0""},""interleaver_sha256"":""b544726d0ad31bc3d0d6ef828b8b4fa629a6cc77673aaaf4cbcff39fe9a10d6d"",""k"":1108,""k_filler"":12,""k_ldpc"":1120,""layout_id"":""7ef68c37b83acc38b666f19b16aa82c51bbcbf18fea12039ea4f81e521942cec"",""modulation_padding_bits"":0,""mother_bits"":5824,""n"":3584,""n_cb"":5600,""n_cb_comp"":5588,""power_protocol"":""fixed_constellation_average_Es2"",""puncturing_bits"":2228,""puncturing_first_2Z"":224,""puncturing_remaining"":2004,""repetition_bits"":0,""scrambling"":""public_PCG64_SHA256_protocol_session_frame_group_counter_after_rate_matching_v1"",""shortening_bits"":12,""z"":112}",[2048]
16QAM,5/6,16QAM:r5/6,cb8db1d261932ff80c9e7893c3e89485a46f6f5fd960ab9f75f730d8b7067690,1092,16,0,1108,1120,12,5824,2028,507,0,0.5463510848126233,0.5384615384615384,"{""actual_effective_rate"":0.5463510848126233,""bg"":""bg2"",""bit_mapping"":""component_Gray_00_-3_01_-1_10_3_11_1_over_sqrt5;QPSK_0_plus1_1_minus1"",""code_blocks"":1,""decoder_config"":{""cn_schedule"":""flooding"",""cn_update"":""boxplus-phi"",""early_stop"":false,""hard_out"":true,""harq_mode"":false,""llr_max"":20.0,""num_iter"":20,""precision"":""single"",""prune_pcm"":true,""return_infobits"":true,""vn_update"":""sum""},""implementation"":{""bit_mapping"":""component_Gray_00_-3_01_-1_10_3_11_1_over_sqrt5;QPSK_0_plus1_1_minus1"",""cuda"":""12.8"",""decoder"":{""cn_schedule"":""flooding"",""cn_update"":""boxplus-phi"",""early_stop"":false,""hard_out"":true,""harq_mode"":false,""llr_max"":20.0,""num_iter"":20,""precision"":""single"",""prune_pcm"":true,""return_infobits"":true,""vn_update"":""sum""},""decoder_source_sha256"":""44d84b92b749e2970f94d92cd348a11648e2286b4d851faa0af8b21d08f0da23"",""encoder_source_sha256"":""34d8db6660b2e84708a8fb534f63c194f6f2b964e3693fcffc9dcaf21532ccfd"",""implementation"":""Sionna_5G_LDPC"",""power_protocol"":""fixed_constellation_average_Es2"",""precision"":""float32"",""rate_matching"":""Sionna RV0; filler removal, first2Z and tail puncturing; supported n only"",""scrambling"":""public_PCG64_SHA256_protocol_session_frame_group_counter_after_rate_matching_v1"",""torch"":""2.11.0+cu128"",""version"":""2.2.0""},""interleaver_sha256"":""5179211f23cf1cf72f3c8ee83d947999a8114cd4d6c5d05d0f69492be1614192"",""k"":1108,""k_filler"":12,""k_ldpc"":1120,""layout_id"":""6fdc284c59c3befac8d608c3701c328a2b3911340c55066425f2d69235cc7e89"",""modulation_padding_bits"":0,""mother_bits"":5824,""n"":2028,""n_cb"":5600,""n_cb_comp"":5588,""power_protocol"":""fixed_constellation_average_Es2"",""puncturing_bits"":3784,""puncturing_first_2Z"":224,""puncturing_remaining"":3560,""repetition_bits"":0,""scrambling"":""public_PCG64_SHA256_protocol_session_frame_group_counter_after_rate_matching_v1"",""shortening_bits"":12,""z"":112}",[1024]
QPSK,1/3,QPSK:r1/3,cb9ec3a76e4f93cace1220d8c4886f6e1fcbde2ea0cb2fcf269c04424248225e,660,16,0,676,720,44,3744,2688,1344,0,0.25148809523809523,0.24553571428571427,"{""actual_effective_rate"":0.25148809523809523,""bg"":""bg2"",""bit_mapping"":""component_Gray_00_-3_01_-1_10_3_11_1_over_sqrt5;QPSK_0_plus1_1_minus1"",""code_blocks"":1,""decoder_config"":{""cn_schedule"":""flooding"",""cn_update"":""boxplus-phi"",""early_stop"":false,""hard_out"":true,""harq_mode"":false,""llr_max"":20.0,""num_iter"":20,""precision"":""single"",""prune_pcm"":true,""return_infobits"":true,""vn_update"":""sum""},""implementation"":{""bit_mapping"":""component_Gray_00_-3_01_-1_10_3_11_1_over_sqrt5;QPSK_0_plus1_1_minus1"",""cuda"":""12.8"",""decoder"":{""cn_schedule"":""flooding"",""cn_update"":""boxplus-phi"",""early_stop"":false,""hard_out"":true,""harq_mode"":false,""llr_max"":20.0,""num_iter"":20,""precision"":""single"",""prune_pcm"":true,""return_infobits"":true,""vn_update"":""sum""},""decoder_source_sha256"":""44d84b92b749e2970f94d92cd348a11648e2286b4d851faa0af8b21d08f0da23"",""encoder_source_sha256"":""34d8db6660b2e84708a8fb534f63c194f6f2b964e3693fcffc9dcaf21532ccfd"",""implementation"":""Sionna_5G_LDPC"",""power_protocol"":""fixed_constellation_average_Es2"",""precision"":""float32"",""rate_matching"":""Sionna RV0; filler removal, first2Z and tail puncturing; supported n only"",""scrambling"":""public_PCG64_SHA256_protocol_session_frame_group_counter_after_rate_matching_v1"",""torch"":""2.11.0+cu128"",""version"":""2.2.0""},""interleaver_sha256"":""fb575aeda89ff75285afd5c544adc228f91cac0b781e008b5cd629d3481c0fb2"",""k"":676,""k_filler"":44,""k_ldpc"":720,""layout_id"":""da4acefbce095457f294945afdd95c88eda7d0dd5d573b968c371f4ecb861d12"",""modulation_padding_bits"":0,""mother_bits"":3744,""n"":2688,""n_cb"":3600,""n_cb_comp"":3556,""power_protocol"":""fixed_constellation_average_Es2"",""puncturing_bits"":1012,""puncturing_first_2Z"":144,""puncturing_remaining"":868,""repetition_bits"":0,""scrambling"":""public_PCG64_SHA256_protocol_session_frame_group_counter_after_rate_matching_v1"",""shortening_bits"":44,""z"":72}",[2048]
QPSK,3/4,QPSK:r3/4,cbb8b2aa07f7446221d19f21be591bf067b65deface8248774f7742b2e0325c8,1068,16,0,1084,1144,60,3536,1446,723,0,0.7496542185338866,0.7385892116182573,"{""actual_effective_rate"":0.7496542185338866,""bg"":""bg1"",""bit_mapping"":""component_Gray_00_-3_01_-1_10_3_11_1_over_sqrt5;QPSK_0_plus1_1_minus1"",""code_blocks"":1,""decoder_config"":{""cn_schedule"":""flooding"",""cn_update"":""boxplus-phi"",""early_stop"":false,""hard_out"":true,""harq_mode"":false,""llr_max"":20.0,""num_iter"":20,""precision"":""single"",""prune_pcm"":true,""return_infobits"":true,""vn_update"":""sum""},""implementation"":{""bit_mapping"":""component_Gray_00_-3_01_-1_10_3_11_1_over_sqrt5;QPSK_0_plus1_1_minus1"",""cuda"":""12.8"",""decoder"":{""cn_schedule"":""flooding"",""cn_update"":""boxplus-phi"",""early_stop"":false,""hard_out"":true,""harq_mode"":false,""llr_max"":20.0,""num_iter"":20,""precision"":""single"",""prune_pcm"":true,""return_infobits"":true,""vn_update"":""sum""},""decoder_source_sha256"":""44d84b92b749e2970f94d92cd348a11648e2286b4d851faa0af8b21d08f0da23"",""encoder_source_sha256"":""34d8db6660b2e84708a8fb534f63c194f6f2b964e3693fcffc9dcaf21532ccfd"",""implementation"":""Sionna_5G_LDPC"",""power_protocol"":""fixed_constellation_average_Es2"",""precision"":""float32"",""rate_matching"":""Sionna RV0; filler removal, first2Z and tail puncturing; supported n only"",""scrambling"":""public_PCG64_SHA256_protocol_session_frame_group_counter_after_rate_matching_v1"",""torch"":""2.11.0+cu128"",""version"":""2.2.0""},""interleaver_sha256"":""5c676597d578bc605ca1ddfebfc2722d71c54bf260f0990c7289f0133dd9be26"",""k"":1084,""k_filler"":60,""k_ldpc"":1144,""layout_id"":""73f29dcb70ac02fef012c4e5673aedf11e7494ae4a606bb174a1f73a20521c91"",""modulation_padding_bits"":0,""mother_bits"":3536,""n"":1446,""n_cb"":3432,""n_cb_comp"":3372,""power_protocol"":""fixed_constellation_average_Es2"",""puncturing_bits"":2030,""puncturing_first_2Z"":104,""puncturing_remaining"":1926,""repetition_bits"":0,""scrambling"":""public_PCG64_SHA256_protocol_session_frame_group_counter_after_rate_matching_v1"",""shortening_bits"":60,""z"":52}","[1024,2048]"
16QAM,1/2,16QAM:r1/2,cbbfbee401aefd5ffdec0cbc00a0ce0e4478aad22d462ca808dc5ff2f74794f0,660,16,0,676,720,44,3744,2064,516,0,0.32751937984496127,0.31976744186046513,"{""actual_effective_rate"":0.32751937984496127,""bg"":""bg2"",""bit_mapping"":""component_Gray_00_-3_01_-1_10_3_11_1_over_sqrt5;QPSK_0_plus1_1_minus1"",""code_blocks"":1,""decoder_config"":{""cn_schedule"":""flooding"",""cn_update"":""boxplus-phi"",""early_stop"":false,""hard_out"":true,""harq_mode"":false,""llr_max"":20.0,""num_iter"":20,""precision"":""single"",""prune_pcm"":true,""return_infobits"":true,""vn_update"":""sum""},""implementation"":{""bit_mapping"":""component_Gray_00_-3_01_-1_10_3_11_1_over_sqrt5;QPSK_0_plus1_1_minus1"",""cuda"":""12.8"",""decoder"":{""cn_schedule"":""flooding"",""cn_update"":""boxplus-phi"",""early_stop"":false,""hard_out"":true,""harq_mode"":false,""llr_max"":20.0,""num_iter"":20,""precision"":""single"",""prune_pcm"":true,""return_infobits"":true,""vn_update"":""sum""},""decoder_source_sha256"":""44d84b92b749e2970f94d92cd348a11648e2286b4d851faa0af8b21d08f0da23"",""encoder_source_sha256"":""34d8db6660b2e84708a8fb534f63c194f6f2b964e3693fcffc9dcaf21532ccfd"",""implementation"":""Sionna_5G_LDPC"",""power_protocol"":""fixed_constellation_average_Es2"",""precision"":""float32"",""rate_matching"":""Sionna RV0; filler removal, first2Z and tail puncturing; supported n only"",""scrambling"":""public_PCG64_SHA256_protocol_session_frame_group_counter_after_rate_matching_v1"",""torch"":""2.11.0+cu128"",""version"":""2.2.0""},""interleaver_sha256"":""ca594fcdc8c4da2bb421c4a56299bb42878bbf55cefef7cddfe083b3ad405eb2"",""k"":676,""k_filler"":44,""k_ldpc"":720,""layout_id"":""0fe16d5bd66265bd9cf04c37f51aebba922270c63a251cc5d84dde40fc53e58f"",""modulation_padding_bits"":0,""mother_bits"":3744,""n"":2064,""n_cb"":3600,""n_cb_comp"":3556,""power_protocol"":""fixed_constellation_average_Es2"",""puncturing_bits"":1636,""puncturing_first_2Z"":144,""puncturing_remaining"":1492,""repetition_bits"":0,""scrambling"":""public_PCG64_SHA256_protocol_session_frame_group_counter_after_rate_matching_v1"",""shortening_bits"":44,""z"":72}",[2048]
QPSK,3/4,QPSK:r3/4,cbc2ea55c66ab1ad62f57afa57a5d817d6febfb62dd25e22b003faada133ebc6,804,16,0,820,880,60,2720,1094,547,0,0.7495429616087751,0.7349177330895795,"{""actual_effective_rate"":0.7495429616087751,""bg"":""bg1"",""bit_mapping"":""component_Gray_00_-3_01_-1_10_3_11_1_over_sqrt5;QPSK_0_plus1_1_minus1"",""code_blocks"":1,""decoder_config"":{""cn_schedule"":""flooding"",""cn_update"":""boxplus-phi"",""early_stop"":false,""hard_out"":true,""harq_mode"":false,""llr_max"":20.0,""num_iter"":20,""precision"":""single"",""prune_pcm"":true,""return_infobits"":true,""vn_update"":""sum""},""implementation"":{""bit_mapping"":""component_Gray_00_-3_01_-1_10_3_11_1_over_sqrt5;QPSK_0_plus1_1_minus1"",""cuda"":""12.8"",""decoder"":{""cn_schedule"":""flooding"",""cn_update"":""boxplus-phi"",""early_stop"":false,""hard_out"":true,""harq_mode"":false,""llr_max"":20.0,""num_iter"":20,""precision"":""single"",""prune_pcm"":true,""return_infobits"":true,""vn_update"":""sum""},""decoder_source_sha256"":""44d84b92b749e2970f94d92cd348a11648e2286b4d851faa0af8b21d08f0da23"",""encoder_source_sha256"":""34d8db6660b2e84708a8fb534f63c194f6f2b964e3693fcffc9dcaf21532ccfd"",""implementation"":""Sionna_5G_LDPC"",""power_protocol"":""fixed_constellation_average_Es2"",""precision"":""float32"",""rate_matching"":""Sionna RV0; filler removal, first2Z and tail puncturing; supported n only"",""scrambling"":""public_PCG64_SHA256_protocol_session_frame_group_counter_after_rate_matching_v1"",""torch"":""2.11.0+cu128"",""version"":""2.2.0""},""interleaver_sha256"":""ee5d54458b7e18362d1e05633676e737ca91b60dd6638efcc49a2e2cfeb403a5"",""k"":820,""k_filler"":60,""k_ldpc"":880,""layout_id"":""2c5365a64bb665484c7a235bbfddc1ec967e076f0b4f75a14180410371977886"",""modulation_padding_bits"":0,""mother_bits"":2720,""n"":1094,""n_cb"":2640,""n_cb_comp"":2580,""power_protocol"":""fixed_constellation_average_Es2"",""puncturing_bits"":1566,""puncturing_first_2Z"":80,""puncturing_remaining"":1486,""repetition_bits"":0,""scrambling"":""public_PCG64_SHA256_protocol_session_frame_group_counter_after_rate_matching_v1"",""shortening_bits"":60,""z"":40}",[1024]
QPSK,1/2,QPSK:r1/2,cbc99b53b74753c3aeb91cec3f9ca3511a42dca3618e6893d5b2a88ef00f2271,660,16,0,676,720,44,3744,1544,772,0,0.4378238341968912,0.4274611398963731,"{""actual_effective_rate"":0.4378238341968912,""bg"":""bg2"",""bit_mapping"":""component_Gray_00_-3_01_-1_10_3_11_1_over_sqrt5;QPSK_0_plus1_1_minus1"",""code_blocks"":1,""decoder_config"":{""cn_schedule"":""flooding"",""cn_update"":""boxplus-phi"",""early_stop"":false,""hard_out"":true,""harq_mode"":false,""llr_max"":20.0,""num_iter"":20,""precision"":""single"",""prune_pcm"":true,""return_infobits"":true,""vn_update"":""sum""},""implementation"":{""bit_mapping"":""component_Gray_00_-3_01_-1_10_3_11_1_over_sqrt5;QPSK_0_plus1_1_minus1"",""cuda"":""12.8"",""decoder"":{""cn_schedule"":""flooding"",""cn_update"":""boxplus-phi"",""early_stop"":false,""hard_out"":true,""harq_mode"":false,""llr_max"":20.0,""num_iter"":20,""precision"":""single"",""prune_pcm"":true,""return_infobits"":true,""vn_update"":""sum""},""decoder_source_sha256"":""44d84b92b749e2970f94d92cd348a11648e2286b4d851faa0af8b21d08f0da23"",""encoder_source_sha256"":""34d8db6660b2e84708a8fb534f63c194f6f2b964e3693fcffc9dcaf21532ccfd"",""implementation"":""Sionna_5G_LDPC"",""power_protocol"":""fixed_constellation_average_Es2"",""precision"":""float32"",""rate_matching"":""Sionna RV0; filler removal, first2Z and tail puncturing; supported n only"",""scrambling"":""public_PCG64_SHA256_protocol_session_frame_group_counter_after_rate_matching_v1"",""torch"":""2.11.0+cu128"",""version"":""2.2.0""},""interleaver_sha256"":""a63c7ff99b968d9866c4b186e07e4e6f7a756f8f6f3cff32693d8648e997e315"",""k"":676,""k_filler"":44,""k_ldpc"":720,""layout_id"":""238dea9cfb3dd3e5dca708cf11878b58c543974ef5deffa89a34727adfe8d041"",""modulation_padding_bits"":0,""mother_bits"":3744,""n"":1544,""n_cb"":3600,""n_cb_comp"":3556,""power_protocol"":""fixed_constellation_average_Es2"",""puncturing_bits"":2156,""puncturing_first_2Z"":144,""puncturing_remaining"":2012,""repetition_bits"":0,""scrambling"":""public_PCG64_SHA256_protocol_session_frame_group_counter_after_rate_matching_v1"",""shortening_bits"":44,""z"":72}",[2048]
QPSK,5/6,QPSK:r5/6,cbe7745244892577d864a3618e67ea291a8320fe3ebee67c350d7e2d82db80bb,324,16,0,340,440,100,2288,548,274,0,0.6204379562043796,0.5912408759124088,"{""actual_effective_rate"":0.6204379562043796,""bg"":""bg2"",""bit_mapping"":""component_Gray_00_-3_01_-1_10_3_11_1_over_sqrt5;QPSK_0_plus1_1_minus1"",""code_blocks"":1,""decoder_config"":{""cn_schedule"":""flooding"",""cn_update"":""boxplus-phi"",""early_stop"":false,""hard_out"":true,""harq_mode"":false,""llr_max"":20.0,""num_iter"":20,""precision"":""single"",""prune_pcm"":true,""return_infobits"":true,""vn_update"":""sum""},""implementation"":{""bit_mapping"":""component_Gray_00_-3_01_-1_10_3_11_1_over_sqrt5;QPSK_0_plus1_1_minus1"",""cuda"":""12.8"",""decoder"":{""cn_schedule"":""flooding"",""cn_update"":""boxplus-phi"",""early_stop"":false,""hard_out"":true,""harq_mode"":false,""llr_max"":20.0,""num_iter"":20,""precision"":""single"",""prune_pcm"":true,""return_infobits"":true,""vn_update"":""sum""},""decoder_source_sha256"":""44d84b92b749e2970f94d92cd348a11648e2286b4d851faa0af8b21d08f0da23"",""encoder_source_sha256"":""34d8db6660b2e84708a8fb534f63c194f6f2b964e3693fcffc9dcaf21532ccfd"",""implementation"":""Sionna_5G_LDPC"",""power_protocol"":""fixed_constellation_average_Es2"",""precision"":""float32"",""rate_matching"":""Sionna RV0; filler removal, first2Z and tail puncturing; supported n only"",""scrambling"":""public_PCG64_SHA256_protocol_session_frame_group_counter_after_rate_matching_v1"",""torch"":""2.11.0+cu128"",""version"":""2.2.0""},""interleaver_sha256"":""7e4d8d7e91016acfb65283a53728a72d890030673ce069810d280d60936b977b"",""k"":340,""k_filler"":100,""k_ldpc"":440,""layout_id"":""c0e367c6fc5c652483ef117db1484f364bfa494bc3aaef4ab63fc375cacbe320"",""modulation_padding_bits"":0,""mother_bits"":2288,""n"":548,""n_cb"":2200,""n_cb_comp"":2100,""power_protocol"":""fixed_constellation_average_Es2"",""puncturing_bits"":1640,""puncturing_first_2Z"":88,""puncturing_remaining"":1552,""repetition_bits"":0,""scrambling"":""public_PCG64_SHA256_protocol_session_frame_group_counter_after_rate_matching_v1"",""shortening_bits"":100,""z"":44}",[1024]
16QAM,1/2,16QAM:r1/2,cbf25e66c0bf78533bd5a0957e107981b652cf09c8186686fa332443804ea315,2160,16,0,2176,2240,64,11648,4352,1088,0,0.5,0.4963235294117647,"{""actual_effective_rate"":0.5,""bg"":""bg2"",""bit_mapping"":""component_Gray_00_-3_01_-1_10_3_11_1_over_sqrt5;QPSK_0_plus1_1_minus1"",""code_blocks"":1,""decoder_config"":{""cn_schedule"":""flooding"",""cn_update"":""boxplus-phi"",""early_stop"":false,""hard_out"":true,""harq_mode"":false,""llr_max"":20.0,""num_iter"":20,""precision"":""single"",""prune_pcm"":true,""return_infobits"":true,""vn_update"":""sum""},""implementation"":{""bit_mapping"":""component_Gray_00_-3_01_-1_10_3_11_1_over_sqrt5;QPSK_0_plus1_1_minus1"",""cuda"":""12.8"",""decoder"":{""cn_schedule"":""flooding"",""cn_update"":""boxplus-phi"",""early_stop"":false,""hard_out"":true,""harq_mode"":false,""llr_max"":20.0,""num_iter"":20,""precision"":""single"",""prune_pcm"":true,""return_infobits"":true,""vn_update"":""sum""},""decoder_source_sha256"":""44d84b92b749e2970f94d92cd348a11648e2286b4d851faa0af8b21d08f0da23"",""encoder_source_sha256"":""34d8db6660b2e84708a8fb534f63c194f6f2b964e3693fcffc9dcaf21532ccfd"",""implementation"":""Sionna_5G_LDPC"",""power_protocol"":""fixed_constellation_average_Es2"",""precision"":""float32"",""rate_matching"":""Sionna RV0; filler removal, first2Z and tail puncturing; supported n only"",""scrambling"":""public_PCG64_SHA256_protocol_session_frame_group_counter_after_rate_matching_v1"",""torch"":""2.11.0+cu128"",""version"":""2.2.0""},""interleaver_sha256"":""14149ead9b9446c3d4a6aa23bba7384118fbc78f7d8e92106fc89bf6b95236e2"",""k"":2176,""k_filler"":64,""k_ldpc"":2240,""layout_id"":""070b18e0d5bc7a837434c4ce51649744048058f5a3bc7a157bf6f783fc755127"",""modulation_padding_bits"":0,""mother_bits"":11648,""n"":4352,""n_cb"":11200,""n_cb_comp"":11136,""power_protocol"":""fixed_constellation_average_Es2"",""puncturing_bits"":7232,""puncturing_first_2Z"":448,""puncturing_remaining"":6784,""repetition_bits"":0,""scrambling"":""public_PCG64_SHA256_protocol_session_frame_group_counter_after_rate_matching_v1"",""shortening_bits"":64,""z"":224}",[2048]
QPSK,1/2,QPSK:r1/2,cc1016304c8f3c924460cd933d5926a79dcd02befe029a568f9635800aa52607,852,16,0,868,880,12,4576,1736,868,0,0.5,0.49078341013824883,"{""actual_effective_rate"":0.5,""bg"":""bg2"",""bit_mapping"":""component_Gray_00_-3_01_-1_10_3_11_1_over_sqrt5;QPSK_0_plus1_1_minus1"",""code_blocks"":1,""decoder_config"":{""cn_schedule"":""flooding"",""cn_update"":""boxplus-phi"",""early_stop"":false,""hard_out"":true,""harq_mode"":false,""llr_max"":20.0,""num_iter"":20,""precision"":""single"",""prune_pcm"":true,""return_infobits"":true,""vn_update"":""sum""},""implementation"":{""bit_mapping"":""component_Gray_00_-3_01_-1_10_3_11_1_over_sqrt5;QPSK_0_plus1_1_minus1"",""cuda"":""12.8"",""decoder"":{""cn_schedule"":""flooding"",""cn_update"":""boxplus-phi"",""early_stop"":false,""hard_out"":true,""harq_mode"":false,""llr_max"":20.0,""num_iter"":20,""precision"":""single"",""prune_pcm"":true,""return_infobits"":true,""vn_update"":""sum""},""decoder_source_sha256"":""44d84b92b749e2970f94d92cd348a11648e2286b4d851faa0af8b21d08f0da23"",""encoder_source_sha256"":""34d8db6660b2e84708a8fb534f63c194f6f2b964e3693fcffc9dcaf21532ccfd"",""implementation"":""Sionna_5G_LDPC"",""power_protocol"":""fixed_constellation_average_Es2"",""precision"":""float32"",""rate_matching"":""Sionna RV0; filler removal, first2Z and tail puncturing; supported n only"",""scrambling"":""public_PCG64_SHA256_protocol_session_frame_group_counter_after_rate_matching_v1"",""torch"":""2.11.0+cu128"",""version"":""2.2.0""},""interleaver_sha256"":""1e33e275ad152a0190491c3c539f9fd0e9add09402e658fc3fccf0c15285d724"",""k"":868,""k_filler"":12,""k_ldpc"":880,""layout_id"":""27fb27e501b16b5c7b7bdd6079d0f6197dbd509499a72b916375c9e86bfe1fed"",""modulation_padding_bits"":0,""mother_bits"":4576,""n"":1736,""n_cb"":4400,""n_cb_comp"":4388,""power_protocol"":""fixed_constellation_average_Es2"",""puncturing_bits"":2828,""puncturing_first_2Z"":176,""puncturing_remaining"":2652,""repetition_bits"":0,""scrambling"":""public_PCG64_SHA256_protocol_session_frame_group_counter_after_rate_matching_v1"",""shortening_bits"":12,""z"":88}",[2048]
QPSK,5/6,QPSK:r5/6,cc12152b042fddea5a94d0ea49abadb732fab88b3c598913c975aaef09d2d67b,924,16,0,940,960,20,4992,3236,1618,0,0.2904820766378245,0.28553770086526575,"{""actual_effective_rate"":0.2904820766378245,""bg"":""bg2"",""bit_mapping"":""component_Gray_00_-3_01_-1_10_3_11_1_over_sqrt5;QPSK_0_plus1_1_minus1"",""code_blocks"":1,""decoder_config"":{""cn_schedule"":""flooding"",""cn_update"":""boxplus-phi"",""early_stop"":false,""hard_out"":true,""harq_mode"":false,""llr_max"":20.0,""num_iter"":20,""precision"":""single"",""prune_pcm"":true,""return_infobits"":true,""vn_update"":""sum""},""implementation"":{""bit_mapping"":""component_Gray_00_-3_01_-1_10_3_11_1_over_sqrt5;QPSK_0_plus1_1_minus1"",""cuda"":""12.8"",""decoder"":{""cn_schedule"":""flooding"",""cn_update"":""boxplus-phi"",""early_stop"":false,""hard_out"":true,""harq_mode"":false,""llr_max"":20.0,""num_iter"":20,""precision"":""single"",""prune_pcm"":true,""return_infobits"":true,""vn_update"":""sum""},""decoder_source_sha256"":""44d84b92b749e2970f94d92cd348a11648e2286b4d851faa0af8b21d08f0da23"",""encoder_source_sha256"":""34d8db6660b2e84708a8fb534f63c194f6f2b964e3693fcffc9dcaf21532ccfd"",""implementation"":""Sionna_5G_LDPC"",""power_protocol"":""fixed_constellation_average_Es2"",""precision"":""float32"",""rate_matching"":""Sionna RV0; filler removal, first2Z and tail puncturing; supported n only"",""scrambling"":""public_PCG64_SHA256_protocol_session_frame_group_counter_after_rate_matching_v1"",""torch"":""2.11.0+cu128"",""version"":""2.2.0""},""interleaver_sha256"":""c84540936eff30eda177fd9c682fa0dec7bd38eb3db45582bb260de340a1560c"",""k"":940,""k_filler"":20,""k_ldpc"":960,""layout_id"":""4f608edb4a8b2e8b7983890e9cf1fe1271bbb46c673070d8f5d676b91a3eb50a"",""modulation_padding_bits"":0,""mother_bits"":4992,""n"":3236,""n_cb"":4800,""n_cb_comp"":4780,""power_protocol"":""fixed_constellation_average_Es2"",""puncturing_bits"":1736,""puncturing_first_2Z"":192,""puncturing_remaining"":1544,""repetition_bits"":0,""scrambling"":""public_PCG64_SHA256_protocol_session_frame_group_counter_after_rate_matching_v1"",""shortening_bits"":20,""z"":96}",[2048]
QPSK,5/6,QPSK:r5/6,cc14e2dfb3ee5de7928c5dff50e52d6b865f0a066307792510f8065971ec873e,300,16,0,316,400,84,2080,768,384,0,0.4114583333333333,0.390625,"{""actual_effective_rate"":0.4114583333333333,""bg"":""bg2"",""bit_mapping"":""component_Gray_00_-3_01_-1_10_3_11_1_over_sqrt5;QPSK_0_plus1_1_minus1"",""code_blocks"":1,""decoder_config"":{""cn_schedule"":""flooding"",""cn_update"":""boxplus-phi"",""early_stop"":false,""hard_out"":true,""harq_mode"":false,""llr_max"":20.0,""num_iter"":20,""precision"":""single"",""prune_pcm"":true,""return_infobits"":true,""vn_update"":""sum""},""implementation"":{""bit_mapping"":""component_Gray_00_-3_01_-1_10_3_11_1_over_sqrt5;QPSK_0_plus1_1_minus1"",""cuda"":""12.8"",""decoder"":{""cn_schedule"":""flooding"",""cn_update"":""boxplus-phi"",""early_stop"":false,""hard_out"":true,""harq_mode"":false,""llr_max"":20.0,""num_iter"":20,""precision"":""single"",""prune_pcm"":true,""return_infobits"":true,""vn_update"":""sum""},""decoder_source_sha256"":""44d84b92b749e2970f94d92cd348a11648e2286b4d851faa0af8b21d08f0da23"",""encoder_source_sha256"":""34d8db6660b2e84708a8fb534f63c194f6f2b964e3693fcffc9dcaf21532ccfd"",""implementation"":""Sionna_5G_LDPC"",""power_protocol"":""fixed_constellation_average_Es2"",""precision"":""float32"",""rate_matching"":""Sionna RV0; filler removal, first2Z and tail puncturing; supported n only"",""scrambling"":""public_PCG64_SHA256_protocol_session_frame_group_counter_after_rate_matching_v1"",""torch"":""2.11.0+cu128"",""version"":""2.2.0""},""interleaver_sha256"":""ac8231a18cee14a10de6358fce4012772aff33045f5d260f61552ea348486c8b"",""k"":316,""k_filler"":84,""k_ldpc"":400,""layout_id"":""8e22bb5ba6d70dedffcaa34f98fc42df1f57767bc3cde07c48dc6b338e78e63b"",""modulation_padding_bits"":0,""mother_bits"":2080,""n"":768,""n_cb"":2000,""n_cb_comp"":1916,""power_protocol"":""fixed_constellation_average_Es2"",""puncturing_bits"":1228,""puncturing_first_2Z"":80,""puncturing_remaining"":1148,""repetition_bits"":0,""scrambling"":""public_PCG64_SHA256_protocol_session_frame_group_counter_after_rate_matching_v1"",""shortening_bits"":84,""z"":40}",[1024]
16QAM,1/3,16QAM:r1/3,cc23a557b864bf365b093894146c354da91ba98c9a6d2d087f9d41e6a01cebbb,876,16,0,892,960,68,4992,2688,672,0,0.3318452380952381,0.32589285714285715,"{""actual_effective_rate"":0.3318452380952381,""bg"":""bg2"",""bit_mapping"":""component_Gray_00_-3_01_-1_10_3_11_1_over_sqrt5;QPSK_0_plus1_1_minus1"",""code_blocks"":1,""decoder_config"":{""cn_schedule"":""flooding"",""cn_update"":""boxplus-phi"",""early_stop"":false,""hard_out"":true,""harq_mode"":false,""llr_max"":20.0,""num_iter"":20,""precision"":""single"",""prune_pcm"":true,""return_infobits"":true,""vn_update"":""sum""},""implementation"":{""bit_mapping"":""component_Gray_00_-3_01_-1_10_3_11_1_over_sqrt5;QPSK_0_plus1_1_minus1"",""cuda"":""12.8"",""decoder"":{""cn_schedule"":""flooding"",""cn_update"":""boxplus-phi"",""early_stop"":false,""hard_out"":true,""harq_mode"":false,""llr_max"":20.0,""num_iter"":20,""precision"":""single"",""prune_pcm"":true,""return_infobits"":true,""vn_update"":""sum""},""decoder_source_sha256"":""44d84b92b749e2970f94d92cd348a11648e2286b4d851faa0af8b21d08f0da23"",""encoder_source_sha256"":""34d8db6660b2e84708a8fb534f63c194f6f2b964e3693fcffc9dcaf21532ccfd"",""implementation"":""Sionna_5G_LDPC"",""power_protocol"":""fixed_constellation_average_Es2"",""precision"":""float32"",""rate_matching"":""Sionna RV0; filler removal, first2Z and tail puncturing; supported n only"",""scrambling"":""public_PCG64_SHA256_protocol_session_frame_group_counter_after_rate_matching_v1"",""torch"":""2.11.0+cu128"",""version"":""2.2.0""},""interleaver_sha256"":""c204c5886a47e3cf9c0c9a87af6abb9f50450a8c98896252678e927451214594"",""k"":892,""k_filler"":68,""k_ldpc"":960,""layout_id"":""5382ea522c0c030ebb85b16b82cf836b7eee36d59b326764e5d11234e2528ab2"",""modulation_padding_bits"":0,""mother_bits"":4992,""n"":2688,""n_cb"":4800,""n_cb_comp"":4732,""power_protocol"":""fixed_constellation_average_Es2"",""puncturing_bits"":2236,""puncturing_first_2Z"":192,""puncturing_remaining"":2044,""repetition_bits"":0,""scrambling"":""public_PCG64_SHA256_protocol_session_frame_group_counter_after_rate_matching_v1"",""shortening_bits"":68,""z"":96}",[1024]
16QAM,3/4,16QAM:r3/4,cc23bd0944c9abba14162e9da4949b6f64ceb9a7ec8fcb2ca0bbdcfb1a542a30,1860,16,0,1876,1920,44,9984,5748,1437,0,0.32637439109255395,0.3235908141962422,"{""actual_effective_rate"":0.32637439109255395,""bg"":""bg2"",""bit_mapping"":""component_Gray_00_-3_01_-1_10_3_11_1_over_sqrt5;QPSK_0_plus1_1_minus1"",""code_blocks"":1,""decoder_config"":{""cn_schedule"":""flooding"",""cn_update"":""boxplus-phi"",""early_stop"":false,""hard_out"":true,""harq_mode"":false,""llr_max"":20.0,""num_iter"":20,""precision"":""single"",""prune_pcm"":true,""return_infobits"":true,""vn_update"":""sum""},""implementation"":{""bit_mapping"":""component_Gray_00_-3_01_-1_10_3_11_1_over_sqrt5;QPSK_0_plus1_1_minus1"",""cuda"":""12.8"",""decoder"":{""cn_schedule"":""flooding"",""cn_update"":""boxplus-phi"",""early_stop"":false,""hard_out"":true,""harq_mode"":false,""llr_max"":20.0,""num_iter"":20,""precision"":""single"",""prune_pcm"":true,""return_infobits"":true,""vn_update"":""sum""},""decoder_source_sha256"":""44d84b92b749e2970f94d92cd348a11648e2286b4d851faa0af8b21d08f0da23"",""encoder_source_sha256"":""34d8db6660b2e84708a8fb534f63c194f6f2b964e3693fcffc9dcaf21532ccfd"",""implementation"":""Sionna_5G_LDPC"",""power_protocol"":""fixed_constellation_average_Es2"",""precision"":""float32"",""rate_matching"":""Sionna RV0; filler removal, first2Z and tail puncturing; supported n only"",""scrambling"":""public_PCG64_SHA256_protocol_session_frame_group_counter_after_rate_matching_v1"",""torch"":""2.11.0+cu128"",""version"":""2.2.0""},""interleaver_sha256"":""ee092ecc6d4fdb7a3a30f9789165b4e5f824cf9131041d627cd1708c4187dc01"",""k"":1876,""k_filler"":44,""k_ldpc"":1920,""layout_id"":""3e632a942d02b172e7ba37bd44577bf744343f9f50ac9a8992da5b1609761877"",""modulation_padding_bits"":0,""mother_bits"":9984,""n"":5748,""n_cb"":9600,""n_cb_comp"":9556,""power_protocol"":""fixed_constellation_average_Es2"",""puncturing_bits"":4192,""puncturing_first_2Z"":384,""puncturing_remaining"":3808,""repetition_bits"":0,""scrambling"":""public_PCG64_SHA256_protocol_session_frame_group_counter_after_rate_matching_v1"",""shortening_bits"":44,""z"":192}",[2048]
QPSK,2/3,QPSK:r2/3,cc262887ffbcfb45840469a598a594a39f57ced063dbc876ea32c83bf39278b4,120,16,0,136,240,104,1248,204,102,0,0.6666666666666666,0.5882352941176471,"{""actual_effective_rate"":0.6666666666666666,""bg"":""bg2"",""bit_mapping"":""component_Gray_00_-3_01_-1_10_3_11_1_over_sqrt5;QPSK_0_plus1_1_minus1"",""code_blocks"":1,""decoder_config"":{""cn_schedule"":""flooding"",""cn_update"":""boxplus-phi"",""early_stop"":false,""hard_out"":true,""harq_mode"":false,""llr_max"":20.0,""num_iter"":20,""precision"":""single"",""prune_pcm"":true,""return_infobits"":true,""vn_update"":""sum""},""implementation"":{""bit_mapping"":""component_Gray_00_-3_01_-1_10_3_11_1_over_sqrt5;QPSK_0_plus1_1_minus1"",""cuda"":""12.8"",""decoder"":{""cn_schedule"":""flooding"",""cn_update"":""boxplus-phi"",""early_stop"":false,""hard_out"":true,""harq_mode"":false,""llr_max"":20.0,""num_iter"":20,""precision"":""single"",""prune_pcm"":true,""return_infobits"":true,""vn_update"":""sum""},""decoder_source_sha256"":""44d84b92b749e2970f94d92cd348a11648e2286b4d851faa0af8b21d08f0da23"",""encoder_source_sha256"":""34d8db6660b2e84708a8fb534f63c194f6f2b964e3693fcffc9dcaf21532ccfd"",""implementation"":""Sionna_5G_LDPC"",""power_protocol"":""fixed_constellation_average_Es2"",""precision"":""float32"",""rate_matching"":""Sionna RV0; filler removal, first2Z and tail puncturing; supported n only"",""scrambling"":""public_PCG64_SHA256_protocol_session_frame_group_counter_after_rate_matching_v1"",""torch"":""2.11.0+cu128"",""version"":""2.2.0""},""interleaver_sha256"":""2e11b0970b8ad986ff23e5b982b0b1f8ef85748e704d0de56c8855907665ba1d"",""k"":136,""k_filler"":104,""k_ldpc"":240,""layout_id"":""e39da83da42dac9302cebfdf6e6fa062e3318251ab8d35b88eff064899ba85f1"",""modulation_padding_bits"":0,""mother_bits"":1248,""n"":204,""n_cb"":1200,""n_cb_comp"":1096,""power_protocol"":""fixed_constellation_average_Es2"",""puncturing_bits"":940,""puncturing_first_2Z"":48,""puncturing_remaining"":892,""repetition_bits"":0,""scrambling"":""public_PCG64_SHA256_protocol_session_frame_group_counter_after_rate_matching_v1"",""shortening_bits"":104,""z"":24}",[2048]
16QAM,5/6,16QAM:r5/6,cc340ead089af1d909d9938b06064c1b4badcee5caeb3865761c5a8390befcf6,360,16,0,376,480,104,2496,708,177,0,0.5310734463276836,0.5084745762711864,"{""actual_effective_rate"":0.5310734463276836,""bg"":""bg2"",""bit_mapping"":""component_Gray_00_-3_01_-1_10_3_11_1_over_sqrt5;QPSK_0_plus1_1_minus1"",""code_blocks"":1,""decoder_config"":{""cn_schedule"":""flooding"",""cn_update"":""boxplus-phi"",""early_stop"":false,""hard_out"":true,""harq_mode"":false,""llr_max"":20.0,""num_iter"":20,""precision"":""single"",""prune_pcm"":true,""return_infobits"":true,""vn_update"":""sum""},""implementation"":{""bit_mapping"":""component_Gray_00_-3_01_-1_10_3_11_1_over_sqrt5;QPSK_0_plus1_1_minus1"",""cuda"":""12.8"",""decoder"":{""cn_schedule"":""flooding"",""cn_update"":""boxplus-phi"",""early_stop"":false,""hard_out"":true,""harq_mode"":false,""llr_max"":20.0,""num_iter"":20,""precision"":""single"",""prune_pcm"":true,""return_infobits"":true,""vn_update"":""sum""},""decoder_source_sha256"":""44d84b92b749e2970f94d92cd348a11648e2286b4d851faa0af8b21d08f0da23"",""encoder_source_sha256"":""34d8db6660b2e84708a8fb534f63c194f6f2b964e3693fcffc9dcaf21532ccfd"",""implementation"":""Sionna_5G_LDPC"",""power_protocol"":""fixed_constellation_average_Es2"",""precision"":""float32"",""rate_matching"":""Sionna RV0; filler removal, first2Z and tail puncturing; supported n only"",""scrambling"":""public_PCG64_SHA256_protocol_session_frame_group_counter_after_rate_matching_v1"",""torch"":""2.11.0+cu128"",""version"":""2.2.0""},""interleaver_sha256"":""d484d68264a16b01a2267ce15ea19c2899b1554505585110624ee3edbd2207ae"",""k"":376,""k_filler"":104,""k_ldpc"":480,""layout_id"":""6994a57e97ec8a7cdbd04b41249d8c54cd48ba478af4faeca87e030f3c790103"",""modulation_padding_bits"":0,""mother_bits"":2496,""n"":708,""n_cb"":2400,""n_cb_comp"":2296,""power_protocol"":""fixed_constellation_average_Es2"",""puncturing_bits"":1684,""puncturing_first_2Z"":96,""puncturing_remaining"":1588,""repetition_bits"":0,""scrambling"":""public_PCG64_SHA256_protocol_session_frame_group_counter_after_rate_matching_v1"",""shortening_bits"":104,""z"":48}",[1024]
16QAM,2/3,16QAM:r2/3,cc35ccc690347344a867610bc6c2912fc667afa2208d202f3f2e53458cf39af9,600,16,0,616,720,104,3744,1112,278,0,0.5539568345323741,0.539568345323741,"{""actual_effective_rate"":0.5539568345323741,""bg"":""bg2"",""bit_mapping"":""component_Gray_00_-3_01_-1_10_3_11_1_over_sqrt5;QPSK_0_plus1_1_minus1"",""code_blocks"":1,""decoder_config"":{""cn_schedule"":""flooding"",""cn_update"":""boxplus-phi"",""early_stop"":false,""hard_out"":true,""harq_mode"":false,""llr_max"":20.0,""num_iter"":20,""precision"":""single"",""prune_pcm"":true,""return_infobits"":true,""vn_update"":""sum""},""implementation"":{""bit_mapping"":""component_Gray_00_-3_01_-1_10_3_11_1_over_sqrt5;QPSK_0_plus1_1_minus1"",""cuda"":""12.8"",""decoder"":{""cn_schedule"":""flooding"",""cn_update"":""boxplus-phi"",""early_stop"":false,""hard_out"":true,""harq_mode"":false,""llr_max"":20.0,""num_iter"":20,""precision"":""single"",""prune_pcm"":true,""return_infobits"":true,""vn_update"":""sum""},""decoder_source_sha256"":""44d84b92b749e2970f94d92cd348a11648e2286b4d851faa0af8b21d08f0da23"",""encoder_source_sha256"":""34d8db6660b2e84708a8fb534f63c194f6f2b964e3693fcffc9dcaf21532ccfd"",""implementation"":""Sionna_5G_LDPC"",""power_protocol"":""fixed_constellation_average_Es2"",""precision"":""float32"",""rate_matching"":""Sionna RV0; filler removal, first2Z and tail puncturing; supported n only"",""scrambling"":""public_PCG64_SHA256_protocol_session_frame_group_counter_after_rate_matching_v1"",""torch"":""2.11.0+cu128"",""version"":""2.2.0""},""interleaver_sha256"":""82d401fb70d95d30058ab4aa5c15d2661cd6f9928d7167dc345f1d549fc680bc"",""k"":616,""k_filler"":104,""k_ldpc"":720,""layout_id"":""ee29e1d3b8022065410e24476d30f3c02a47a376d8ef6a3429d127d8798a11ef"",""modulation_padding_bits"":0,""mother_bits"":3744,""n"":1112,""n_cb"":3600,""n_cb_comp"":3496,""power_protocol"":""fixed_constellation_average_Es2"",""puncturing_bits"":2528,""puncturing_first_2Z"":144,""puncturing_remaining"":2384,""repetition_bits"":0,""scrambling"":""public_PCG64_SHA256_protocol_session_frame_group_counter_after_rate_matching_v1"",""shortening_bits"":104,""z"":72}",[1024]
16QAM,2/3,16QAM:r2/3,cc42e8ac40d3a1712fdc56ffce2747b34af84d8feb99dec9e91f48e9bfed87f9,2700,16,0,2716,2880,164,14976,6200,1550,0,0.43806451612903224,0.43548387096774194,"{""actual_effective_rate"":0.43806451612903224,""bg"":""bg2"",""bit_mapping"":""component_Gray_00_-3_01_-1_10_3_11_1_over_sqrt5;QPSK_0_plus1_1_minus1"",""code_blocks"":1,""decoder_config"":{""cn_schedule"":""flooding"",""cn_update"":""boxplus-phi"",""early_stop"":false,""hard_out"":true,""harq_mode"":false,""llr_max"":20.0,""num_iter"":20,""precision"":""single"",""prune_pcm"":true,""return_infobits"":true,""vn_update"":""sum""},""implementation"":{""bit_mapping"":""component_Gray_00_-3_01_-1_10_3_11_1_over_sqrt5;QPSK_0_plus1_1_minus1"",""cuda"":""12.8"",""decoder"":{""cn_schedule"":""flooding"",""cn_update"":""boxplus-phi"",""early_stop"":false,""hard_out"":true,""harq_mode"":false,""llr_max"":20.0,""num_iter"":20,""precision"":""single"",""prune_pcm"":true,""return_infobits"":true,""vn_update"":""sum""},""decoder_source_sha256"":""44d84b92b749e2970f94d92cd348a11648e2286b4d851faa0af8b21d08f0da23"",""encoder_source_sha256"":""34d8db6660b2e84708a8fb534f63c194f6f2b964e3693fcffc9dcaf21532ccfd"",""implementation"":""Sionna_5G_LDPC"",""power_protocol"":""fixed_constellation_average_Es2"",""precision"":""float32"",""rate_matching"":""Sionna RV0; filler removal, first2Z and tail puncturing; supported n only"",""scrambling"":""public_PCG64_SHA256_protocol_session_frame_group_counter_after_rate_matching_v1"",""torch"":""2.11.0+cu128"",""version"":""2.2.0""},""interleaver_sha256"":""02a78ff5c77097b61e175d94a693fda9c0e825dd4eb713963e98df48b43c1f5e"",""k"":2716,""k_filler"":164,""k_ldpc"":2880,""layout_id"":""e56577a03621a19024c27efab74f144a624c131ab2b49c4c82e1c32a45857ffe"",""modulation_padding_bits"":0,""mother_bits"":14976,""n"":6200,""n_cb"":14400,""n_cb_comp"":14236,""power_protocol"":""fixed_constellation_average_Es2"",""puncturing_bits"":8612,""puncturing_first_2Z"":576,""puncturing_remaining"":8036,""repetition_bits"":0,""scrambling"":""public_PCG64_SHA256_protocol_session_frame_group_counter_after_rate_matching_v1"",""shortening_bits"":164,""z"":288}",[2048]
QPSK,2/3,QPSK:r2/3,cc4ba3f93bf4346b6742ce4ff305c21e3566847c9389e38441f7418d8d143af2,660,16,0,676,720,44,3744,1364,682,0,0.49560117302052786,0.4838709677419355,"{""actual_effective_rate"":0.49560117302052786,""bg"":""bg2"",""bit_mapping"":""component_Gray_00_-3_01_-1_10_3_11_1_over_sqrt5;QPSK_0_plus1_1_minus1"",""code_blocks"":1,""decoder_config"":{""cn_schedule"":""flooding"",""cn_update"":""boxplus-phi"",""early_stop"":false,""hard_out"":true,""harq_mode"":false,""llr_max"":20.0,""num_iter"":20,""precision"":""single"",""prune_pcm"":true,""return_infobits"":true,""vn_update"":""sum""},""implementation"":{""bit_mapping"":""component_Gray_00_-3_01_-1_10_3_11_1_over_sqrt5;QPSK_0_plus1_1_minus1"",""cuda"":""12.8"",""decoder"":{""cn_schedule"":""flooding"",""cn_update"":""boxplus-phi"",""early_stop"":false,""hard_out"":true,""harq_mode"":false,""llr_max"":20.0,""num_iter"":20,""precision"":""single"",""prune_pcm"":true,""return_infobits"":true,""vn_update"":""sum""},""decoder_source_sha256"":""44d84b92b749e2970f94d92cd348a11648e2286b4d851faa0af8b21d08f0da23"",""encoder_source_sha256"":""34d8db6660b2e84708a8fb534f63c194f6f2b964e3693fcffc9dcaf21532ccfd"",""implementation"":""Sionna_5G_LDPC"",""power_protocol"":""fixed_constellation_average_Es2"",""precision"":""float32"",""rate_matching"":""Sionna RV0; filler removal, first2Z and tail puncturing; supported n only"",""scrambling"":""public_PCG64_SHA256_protocol_session_frame_group_counter_after_rate_matching_v1"",""torch"":""2.11.0+cu128"",""version"":""2.2.0""},""interleaver_sha256"":""5da4c39d9e52b5a309e6c8584c3d574b6664c364ccebd4a0574c36c1fc600083"",""k"":676,""k_filler"":44,""k_ldpc"":720,""layout_id"":""3ad8f1bb7b70f0d7208008f88e9aad8d2f70a448dbed9ea645b7124e0d6ce801"",""modulation_padding_bits"":0,""mother_bits"":3744,""n"":1364,""n_cb"":3600,""n_cb_comp"":3556,""power_protocol"":""fixed_constellation_average_Es2"",""puncturing_bits"":2336,""puncturing_first_2Z"":144,""puncturing_remaining"":2192,""repetition_bits"":0,""scrambling"":""public_PCG64_SHA256_protocol_session_frame_group_counter_after_rate_matching_v1"",""shortening_bits"":44,""z"":72}",[1024]
16QAM,1/3,16QAM:r1/3,cc56583a9194a272170d2546074bf7fd10e56d38298c11c38cc68f96851a763b,624,16,0,640,720,80,3744,2684,671,0,0.23845007451564829,0.23248882265275708,"{""actual_effective_rate"":0.23845007451564829,""bg"":""bg2"",""bit_mapping"":""component_Gray_00_-3_01_-1_10_3_11_1_over_sqrt5;QPSK_0_plus1_1_minus1"",""code_blocks"":1,""decoder_config"":{""cn_schedule"":""flooding"",""cn_update"":""boxplus-phi"",""early_stop"":false,""hard_out"":true,""harq_mode"":false,""llr_max"":20.0,""num_iter"":20,""precision"":""single"",""prune_pcm"":true,""return_infobits"":true,""vn_update"":""sum""},""implementation"":{""bit_mapping"":""component_Gray_00_-3_01_-1_10_3_11_1_over_sqrt5;QPSK_0_plus1_1_minus1"",""cuda"":""12.8"",""decoder"":{""cn_schedule"":""flooding"",""cn_update"":""boxplus-phi"",""early_stop"":false,""hard_out"":true,""harq_mode"":false,""llr_max"":20.0,""num_iter"":20,""precision"":""single"",""prune_pcm"":true,""return_infobits"":true,""vn_update"":""sum""},""decoder_source_sha256"":""44d84b92b749e2970f94d92cd348a11648e2286b4d851faa0af8b21d08f0da23"",""encoder_source_sha256"":""34d8db6660b2e84708a8fb534f63c194f6f2b964e3693fcffc9dcaf21532ccfd"",""implementation"":""Sionna_5G_LDPC"",""power_protocol"":""fixed_constellation_average_Es2"",""precision"":""float32"",""rate_matching"":""Sionna RV0; filler removal, first2Z and tail puncturing; supported n only"",""scrambling"":""public_PCG64_SHA256_protocol_session_frame_group_counter_after_rate_matching_v1"",""torch"":""2.11.0+cu128"",""version"":""2.2.0""},""interleaver_sha256"":""543b8faeeff958ec1bb28025320c285593a18704be28ea646e9c9bf838d496dc"",""k"":640,""k_filler"":80,""k_ldpc"":720,""layout_id"":""8e5f0c14d161ae692034172955bac6f178b89178a6a293e8c9bb9d2d03514b81"",""modulation_padding_bits"":0,""mother_bits"":3744,""n"":2684,""n_cb"":3600,""n_cb_comp"":3520,""power_protocol"":""fixed_constellation_average_Es2"",""puncturing_bits"":980,""puncturing_first_2Z"":144,""puncturing_remaining"":836,""repetition_bits"":0,""scrambling"":""public_PCG64_SHA256_protocol_session_frame_group_counter_after_rate_matching_v1"",""shortening_bits"":80,""z"":72}",[1024]
16QAM,3/4,16QAM:r3/4,cc5ddb0d9cc0eed0ea5368b53393e2d07a75e00ad847e8d9bdfb43b280042c0f,1308,16,0,1324,1440,116,7488,2896,724,0,0.457182320441989,0.4516574585635359,"{""actual_effective_rate"":0.457182320441989,""bg"":""bg2"",""bit_mapping"":""component_Gray_00_-3_01_-1_10_3_11_1_over_sqrt5;QPSK_0_plus1_1_minus1"",""code_blocks"":1,""decoder_config"":{""cn_schedule"":""flooding"",""cn_update"":""boxplus-phi"",""early_stop"":false,""hard_out"":true,""harq_mode"":false,""llr_max"":20.0,""num_iter"":20,""precision"":""single"",""prune_pcm"":true,""return_infobits"":true,""vn_update"":""sum""},""implementation"":{""bit_mapping"":""component_Gray_00_-3_01_-1_10_3_11_1_over_sqrt5;QPSK_0_plus1_1_minus1"",""cuda"":""12.8"",""decoder"":{""cn_schedule"":""flooding"",""cn_update"":""boxplus-phi"",""early_stop"":false,""hard_out"":true,""harq_mode"":false,""llr_max"":20.0,""num_iter"":20,""precision"":""single"",""prune_pcm"":true,""return_infobits"":true,""vn_update"":""sum""},""decoder_source_sha256"":""44d84b92b749e2970f94d92cd348a11648e2286b4d851faa0af8b21d08f0da23"",""encoder_source_sha256"":""34d8db6660b2e84708a8fb534f63c194f6f2b964e3693fcffc9dcaf21532ccfd"",""implementation"":""Sionna_5G_LDPC"",""power_protocol"":""fixed_constellation_average_Es2"",""precision"":""float32"",""rate_matching"":""Sionna RV0; filler removal, first2Z and tail puncturing; supported n only"",""scrambling"":""public_PCG64_SHA256_protocol_session_frame_group_counter_after_rate_matching_v1"",""torch"":""2.11.0+cu128"",""version"":""2.2.0""},""interleaver_sha256"":""cadfcbed0c8a2a01e268e5d0d4c515d792c6e96c08d7ead0ec7910f16cd28894"",""k"":1324,""k_filler"":116,""k_ldpc"":1440,""layout_id"":""8f7f55ce76e683efafc48f5aa5aae9d2e342ee92250750dd90b2b06d9ed4700e"",""modulation_padding_bits"":0,""mother_bits"":7488,""n"":2896,""n_cb"":7200,""n_cb_comp"":7084,""power_protocol"":""fixed_constellation_average_Es2"",""puncturing_bits"":4476,""puncturing_first_2Z"":288,""puncturing_remaining"":4188,""repetition_bits"":0,""scrambling"":""public_PCG64_SHA256_protocol_session_frame_group_counter_after_rate_matching_v1"",""shortening_bits"":116,""z"":144}",[1024]
16QAM,2/3,16QAM:r2/3,cc63e3d5ad08879b282591d3fc9357ff56e8105843acd5f728d6d99721a6927a,1092,16,0,1108,1120,12,5824,4040,1010,0,0.2742574257425743,0.2702970297029703,"{""actual_effective_rate"":0.2742574257425743,""bg"":""bg2"",""bit_mapping"":""component_Gray_00_-3_01_-1_10_3_11_1_over_sqrt5;QPSK_0_plus1_1_minus1"",""code_blocks"":1,""decoder_config"":{""cn_schedule"":""flooding"",""cn_update"":""boxplus-phi"",""early_stop"":false,""hard_out"":true,""harq_mode"":false,""llr_max"":20.0,""num_iter"":20,""precision"":""single"",""prune_pcm"":true,""return_infobits"":true,""vn_update"":""sum""},""implementation"":{""bit_mapping"":""component_Gray_00_-3_01_-1_10_3_11_1_over_sqrt5;QPSK_0_plus1_1_minus1"",""cuda"":""12.8"",""decoder"":{""cn_schedule"":""flooding"",""cn_update"":""boxplus-phi"",""early_stop"":false,""hard_out"":true,""harq_mode"":false,""llr_max"":20.0,""num_iter"":20,""precision"":""single"",""prune_pcm"":true,""return_infobits"":true,""vn_update"":""sum""},""decoder_source_sha256"":""44d84b92b749e2970f94d92cd348a11648e2286b4d851faa0af8b21d08f0da23"",""encoder_source_sha256"":""34d8db6660b2e84708a8fb534f63c194f6f2b964e3693fcffc9dcaf21532ccfd"",""implementation"":""Sionna_5G_LDPC"",""power_protocol"":""fixed_constellation_average_Es2"",""precision"":""float32"",""rate_matching"":""Sionna RV0; filler removal, first2Z and tail puncturing; supported n only"",""scrambling"":""public_PCG64_SHA256_protocol_session_frame_group_counter_after_rate_matching_v1"",""torch"":""2.11.0+cu128"",""version"":""2.2.0""},""interleaver_sha256"":""712ec55dc0417a2a601428d006043b3d8913780a57d3ce6c95b9660f33bdf671"",""k"":1108,""k_filler"":12,""k_ldpc"":1120,""layout_id"":""5bb4e4972367e7c1e5d72a77fe753215f39743d22fa7f5c6da067f50539a976c"",""modulation_padding_bits"":0,""mother_bits"":5824,""n"":4040,""n_cb"":5600,""n_cb_comp"":5588,""power_protocol"":""fixed_constellation_average_Es2"",""puncturing_bits"":1772,""puncturing_first_2Z"":224,""puncturing_remaining"":1548,""repetition_bits"":0,""scrambling"":""public_PCG64_SHA256_protocol_session_frame_group_counter_after_rate_matching_v1"",""shortening_bits"":12,""z"":112}",[2048]
QPSK,3/4,QPSK:r3/4,cc66ec231b1eaeced5cca046e92d060f6cfa7b941db82bb29b006e77415f1f2a,516,16,0,532,720,188,3744,2418,1209,0,0.22001654259718775,0.21339950372208435,"{""actual_effective_rate"":0.22001654259718775,""bg"":""bg2"",""bit_mapping"":""component_Gray_00_-3_01_-1_10_3_11_1_over_sqrt5;QPSK_0_plus1_1_minus1"",""code_blocks"":1,""decoder_config"":{""cn_schedule"":""flooding"",""cn_update"":""boxplus-phi"",""early_stop"":false,""hard_out"":true,""harq_mode"":false,""llr_max"":20.0,""num_iter"":20,""precision"":""single"",""prune_pcm"":true,""return_infobits"":true,""vn_update"":""sum""},""implementation"":{""bit_mapping"":""component_Gray_00_-3_01_-1_10_3_11_1_over_sqrt5;QPSK_0_plus1_1_minus1"",""cuda"":""12.8"",""decoder"":{""cn_schedule"":""flooding"",""cn_update"":""boxplus-phi"",""early_stop"":false,""hard_out"":true,""harq_mode"":false,""llr_max"":20.0,""num_iter"":20,""precision"":""single"",""prune_pcm"":true,""return_infobits"":true,""vn_update"":""sum""},""decoder_source_sha256"":""44d84b92b749e2970f94d92cd348a11648e2286b4d851faa0af8b21d08f0da23"",""encoder_source_sha256"":""34d8db6660b2e84708a8fb534f63c194f6f2b964e3693fcffc9dcaf21532ccfd"",""implementation"":""Sionna_5G_LDPC"",""power_protocol"":""fixed_constellation_average_Es2"",""precision"":""float32"",""rate_matching"":""Sionna RV0; filler removal, first2Z and tail puncturing; supported n only"",""scrambling"":""public_PCG64_SHA256_protocol_session_frame_group_counter_after_rate_matching_v1"",""torch"":""2.11.0+cu128"",""version"":""2.2.0""},""interleaver_sha256"":""8f52a0ff0eb5e1ad71794ee376924753d80b8f3009296522032529ac9930c6b7"",""k"":532,""k_filler"":188,""k_ldpc"":720,""layout_id"":""ba35775cef1757d622753001dbcde3d8bfb6b1c3ff83533071eccddc05b2899a"",""modulation_padding_bits"":0,""mother_bits"":3744,""n"":2418,""n_cb"":3600,""n_cb_comp"":3412,""power_protocol"":""fixed_constellation_average_Es2"",""puncturing_bits"":1138,""puncturing_first_2Z"":144,""puncturing_remaining"":994,""repetition_bits"":0,""scrambling"":""public_PCG64_SHA256_protocol_session_frame_group_counter_after_rate_matching_v1"",""shortening_bits"":188,""z"":72}",[2048]
QPSK,3/4,QPSK:r3/4,cc8175f98829128f02c3cfa5e9979b38ee3adb2070e246471ec22c19cc4297c1,360,16,0,376,480,104,2496,1866,933,0,0.2015005359056806,0.19292604501607716,"{""actual_effective_rate"":0.2015005359056806,""bg"":""bg2"",""bit_mapping"":""component_Gray_00_-3_01_-1_10_3_11_1_over_sqrt5;QPSK_0_plus1_1_minus1"",""code_blocks"":1,""decoder_config"":{""cn_schedule"":""flooding"",""cn_update"":""boxplus-phi"",""early_stop"":false,""hard_out"":true,""harq_mode"":false,""llr_max"":20.0,""num_iter"":20,""precision"":""single"",""prune_pcm"":true,""return_infobits"":true,""vn_update"":""sum""},""implementation"":{""bit_mapping"":""component_Gray_00_-3_01_-1_10_3_11_1_over_sqrt5;QPSK_0_plus1_1_minus1"",""cuda"":""12.8"",""decoder"":{""cn_schedule"":""flooding"",""cn_update"":""boxplus-phi"",""early_stop"":false,""hard_out"":true,""harq_mode"":false,""llr_max"":20.0,""num_iter"":20,""precision"":""single"",""prune_pcm"":true,""return_infobits"":true,""vn_update"":""sum""},""decoder_source_sha256"":""44d84b92b749e2970f94d92cd348a11648e2286b4d851faa0af8b21d08f0da23"",""encoder_source_sha256"":""34d8db6660b2e84708a8fb534f63c194f6f2b964e3693fcffc9dcaf21532ccfd"",""implementation"":""Sionna_5G_LDPC"",""power_protocol"":""fixed_constellation_average_Es2"",""precision"":""float32"",""rate_matching"":""Sionna RV0; filler removal, first2Z and tail puncturing; supported n only"",""scrambling"":""public_PCG64_SHA256_protocol_session_frame_group_counter_after_rate_matching_v1"",""torch"":""2.11.0+cu128"",""version"":""2.2.0""},""interleaver_sha256"":""9dec0e503cbf70ba9f3443f5f93de811c02f2f06694ae6029ec143bb9c2474e5"",""k"":376,""k_filler"":104,""k_ldpc"":480,""layout_id"":""130af6422399beb630dcbfb91fa877dc0b4c49ab3dc6c70874a5e92b92506b26"",""modulation_padding_bits"":0,""mother_bits"":2496,""n"":1866,""n_cb"":2400,""n_cb_comp"":2296,""power_protocol"":""fixed_constellation_average_Es2"",""puncturing_bits"":526,""puncturing_first_2Z"":96,""puncturing_remaining"":430,""repetition_bits"":0,""scrambling"":""public_PCG64_SHA256_protocol_session_frame_group_counter_after_rate_matching_v1"",""shortening_bits"":104,""z"":48}",[2048]
QPSK,2/3,QPSK:r2/3,cc89e94bf58d6b46359875da883e00967b41ddef470d5ea00e820562aab3c6e1,804,16,0,820,880,60,4576,1230,615,0,0.6666666666666666,0.6536585365853659,"{""actual_effective_rate"":0.6666666666666666,""bg"":""bg2"",""bit_mapping"":""component_Gray_00_-3_01_-1_10_3_11_1_over_sqrt5;QPSK_0_plus1_1_minus1"",""code_blocks"":1,""decoder_config"":{""cn_schedule"":""flooding"",""cn_update"":""boxplus-phi"",""early_stop"":false,""hard_out"":true,""harq_mode"":false,""llr_max"":20.0,""num_iter"":20,""precision"":""single"",""prune_pcm"":true,""return_infobits"":true,""vn_update"":""sum""},""implementation"":{""bit_mapping"":""component_Gray_00_-3_01_-1_10_3_11_1_over_sqrt5;QPSK_0_plus1_1_minus1"",""cuda"":""12.8"",""decoder"":{""cn_schedule"":""flooding"",""cn_update"":""boxplus-phi"",""early_stop"":false,""hard_out"":true,""harq_mode"":false,""llr_max"":20.0,""num_iter"":20,""precision"":""single"",""prune_pcm"":true,""return_infobits"":true,""vn_update"":""sum""},""decoder_source_sha256"":""44d84b92b749e2970f94d92cd348a11648e2286b4d851faa0af8b21d08f0da23"",""encoder_source_sha256"":""34d8db6660b2e84708a8fb534f63c194f6f2b964e3693fcffc9dcaf21532ccfd"",""implementation"":""Sionna_5G_LDPC"",""power_protocol"":""fixed_constellation_average_Es2"",""precision"":""float32"",""rate_matching"":""Sionna RV0; filler removal, first2Z and tail puncturing; supported n only"",""scrambling"":""public_PCG64_SHA256_protocol_session_frame_group_counter_after_rate_matching_v1"",""torch"":""2.11.0+cu128"",""version"":""2.2.0""},""interleaver_sha256"":""0a95fa7835091f3c9a72cca9967594ad374515b70bcbdf5eb3df310add0540f6"",""k"":820,""k_filler"":60,""k_ldpc"":880,""layout_id"":""0e28336c75f407b9678f1385a1df5ca3e5144f2a5fd8286917919d3d9eba88c2"",""modulation_padding_bits"":0,""mother_bits"":4576,""n"":1230,""n_cb"":4400,""n_cb_comp"":4340,""power_protocol"":""fixed_constellation_average_Es2"",""puncturing_bits"":3286,""puncturing_first_2Z"":176,""puncturing_remaining"":3110,""repetition_bits"":0,""scrambling"":""public_PCG64_SHA256_protocol_session_frame_group_counter_after_rate_matching_v1"",""shortening_bits"":60,""z"":88}",[1024]
16QAM,1/3,16QAM:r1/3,cc8e34a2c50b7e079cf232d432f49d4c28a585b450b14202093d973c4a78d7e0,1092,16,0,1108,1120,12,5824,5372,1343,0,0.20625465376023827,0.20327624720774387,"{""actual_effective_rate"":0.20625465376023827,""bg"":""bg2"",""bit_mapping"":""component_Gray_00_-3_01_-1_10_3_11_1_over_sqrt5;QPSK_0_plus1_1_minus1"",""code_blocks"":1,""decoder_config"":{""cn_schedule"":""flooding"",""cn_update"":""boxplus-phi"",""early_stop"":false,""hard_out"":true,""harq_mode"":false,""llr_max"":20.0,""num_iter"":20,""precision"":""single"",""prune_pcm"":true,""return_infobits"":true,""vn_update"":""sum""},""implementation"":{""bit_mapping"":""component_Gray_00_-3_01_-1_10_3_11_1_over_sqrt5;QPSK_0_plus1_1_minus1"",""cuda"":""12.8"",""decoder"":{""cn_schedule"":""flooding"",""cn_update"":""boxplus-phi"",""early_stop"":false,""hard_out"":true,""harq_mode"":false,""llr_max"":20.0,""num_iter"":20,""precision"":""single"",""prune_pcm"":true,""return_infobits"":true,""vn_update"":""sum""},""decoder_source_sha256"":""44d84b92b749e2970f94d92cd348a11648e2286b4d851faa0af8b21d08f0da23"",""encoder_source_sha256"":""34d8db6660b2e84708a8fb534f63c194f6f2b964e3693fcffc9dcaf21532ccfd"",""implementation"":""Sionna_5G_LDPC"",""power_protocol"":""fixed_constellation_average_Es2"",""precision"":""float32"",""rate_matching"":""Sionna RV0; filler removal, first2Z and tail puncturing; supported n only"",""scrambling"":""public_PCG64_SHA256_protocol_session_frame_group_counter_after_rate_matching_v1"",""torch"":""2.11.0+cu128"",""version"":""2.2.0""},""interleaver_sha256"":""c987bdf15b7c4755c57211a55c9931b1360636da896e2221a44160a26ae0d419"",""k"":1108,""k_filler"":12,""k_ldpc"":1120,""layout_id"":""e89ade2d3a8b1d9b87d7370aff37b9b0664961ff130068dd6905c272c8fa040e"",""modulation_padding_bits"":0,""mother_bits"":5824,""n"":5372,""n_cb"":5600,""n_cb_comp"":5588,""power_protocol"":""fixed_constellation_average_Es2"",""puncturing_bits"":440,""puncturing_first_2Z"":224,""puncturing_remaining"":216,""repetition_bits"":0,""scrambling"":""public_PCG64_SHA256_protocol_session_frame_group_counter_after_rate_matching_v1"",""shortening_bits"":12,""z"":112}",[2048]
16QAM,5/6,16QAM:r5/6,cca2b1e82532860ab7df6a8e497716d0f950f6d6872b30509853c70f3717eb95,576,16,0,592,616,24,1904,740,185,0,0.8,0.7783783783783784,"{""actual_effective_rate"":0.8,""bg"":""bg1"",""bit_mapping"":""component_Gray_00_-3_01_-1_10_3_11_1_over_sqrt5;QPSK_0_plus1_1_minus1"",""code_blocks"":1,""decoder_config"":{""cn_schedule"":""flooding"",""cn_update"":""boxplus-phi"",""early_stop"":false,""hard_out"":true,""harq_mode"":false,""llr_max"":20.0,""num_iter"":20,""precision"":""single"",""prune_pcm"":true,""return_infobits"":true,""vn_update"":""sum""},""implementation"":{""bit_mapping"":""component_Gray_00_-3_01_-1_10_3_11_1_over_sqrt5;QPSK_0_plus1_1_minus1"",""cuda"":""12.8"",""decoder"":{""cn_schedule"":""flooding"",""cn_update"":""boxplus-phi"",""early_stop"":false,""hard_out"":true,""harq_mode"":false,""llr_max"":20.0,""num_iter"":20,""precision"":""single"",""prune_pcm"":true,""return_infobits"":true,""vn_update"":""sum""},""decoder_source_sha256"":""44d84b92b749e2970f94d92cd348a11648e2286b4d851faa0af8b21d08f0da23"",""encoder_source_sha256"":""34d8db6660b2e84708a8fb534f63c194f6f2b964e3693fcffc9dcaf21532ccfd"",""implementation"":""Sionna_5G_LDPC"",""power_protocol"":""fixed_constellation_average_Es2"",""precision"":""float32"",""rate_matching"":""Sionna RV0; filler removal, first2Z and tail puncturing; supported n only"",""scrambling"":""public_PCG64_SHA256_protocol_session_frame_group_counter_after_rate_matching_v1"",""torch"":""2.11.0+cu128"",""version"":""2.2.0""},""interleaver_sha256"":""6e68c18df5ccf5e72f663b845a147135faa9061bd9fa7a4fe1a1e54dd6cf5ff3"",""k"":592,""k_filler"":24,""k_ldpc"":616,""layout_id"":""4a96b57639a2b3e13de305c4e4df30f5f22213622aba0bd2037810bdadab4dc7"",""modulation_padding_bits"":0,""mother_bits"":1904,""n"":740,""n_cb"":1848,""n_cb_comp"":1824,""power_protocol"":""fixed_constellation_average_Es2"",""puncturing_bits"":1140,""puncturing_first_2Z"":56,""puncturing_remaining"":1084,""repetition_bits"":0,""scrambling"":""public_PCG64_SHA256_protocol_session_frame_group_counter_after_rate_matching_v1"",""shortening_bits"":24,""z"":28}",[1024]
QPSK,5/6,QPSK:r5/6,cca3c2688a7e7e50fb5503f932c73bfd776483133e955e94170a18f54f914a84,1068,16,0,1084,1120,36,5824,1958,979,0,0.5536261491317671,0.5454545454545454,"{""actual_effective_rate"":0.5536261491317671,""bg"":""bg2"",""bit_mapping"":""component_Gray_00_-3_01_-1_10_3_11_1_over_sqrt5;QPSK_0_plus1_1_minus1"",""code_blocks"":1,""decoder_config"":{""cn_schedule"":""flooding"",""cn_update"":""boxplus-phi"",""early_stop"":false,""hard_out"":true,""harq_mode"":false,""llr_max"":20.0,""num_iter"":20,""precision"":""single"",""prune_pcm"":true,""return_infobits"":true,""vn_update"":""sum""},""implementation"":{""bit_mapping"":""component_Gray_00_-3_01_-1_10_3_11_1_over_sqrt5;QPSK_0_plus1_1_minus1"",""cuda"":""12.8"",""decoder"":{""cn_schedule"":""flooding"",""cn_update"":""boxplus-phi"",""early_stop"":false,""hard_out"":true,""harq_mode"":false,""llr_max"":20.0,""num_iter"":20,""precision"":""single"",""prune_pcm"":true,""return_infobits"":true,""vn_update"":""sum""},""decoder_source_sha256"":""44d84b92b749e2970f94d92cd348a11648e2286b4d851faa0af8b21d08f0da23"",""encoder_source_sha256"":""34d8db6660b2e84708a8fb534f63c194f6f2b964e3693fcffc9dcaf21532ccfd"",""implementation"":""Sionna_5G_LDPC"",""power_protocol"":""fixed_constellation_average_Es2"",""precision"":""float32"",""rate_matching"":""Sionna RV0; filler removal, first2Z and tail puncturing; supported n only"",""scrambling"":""public_PCG64_SHA256_protocol_session_frame_group_counter_after_rate_matching_v1"",""torch"":""2.11.0+cu128"",""version"":""2.2.0""},""interleaver_sha256"":""e9124bd43f6d4bc9a24b13d031a33b3cb6ce0636ef9f57b7fbee141430701551"",""k"":1084,""k_filler"":36,""k_ldpc"":1120,""layout_id"":""2901561ada9b61248289740cff7ac9299f24b7c9571e9e50e106d17c48928220"",""modulation_padding_bits"":0,""mother_bits"":5824,""n"":1958,""n_cb"":5600,""n_cb_comp"":5564,""power_protocol"":""fixed_constellation_average_Es2"",""puncturing_bits"":3830,""puncturing_first_2Z"":224,""puncturing_remaining"":3606,""repetition_bits"":0,""scrambling"":""public_PCG64_SHA256_protocol_session_frame_group_counter_after_rate_matching_v1"",""shortening_bits"":36,""z"":112}",[2048]
16QAM,5/6,16QAM:r5/6,ccab00df785c149df2716640db6c9736af3c1c12481fc056ce275ea27c44dd49,2100,16,0,2116,2240,124,11648,4192,1048,0,0.5047709923664122,0.5009541984732825,"{""actual_effective_rate"":0.5047709923664122,""bg"":""bg2"",""bit_mapping"":""component_Gray_00_-3_01_-1_10_3_11_1_over_sqrt5;QPSK_0_plus1_1_minus1"",""code_blocks"":1,""decoder_config"":{""cn_schedule"":""flooding"",""cn_update"":""boxplus-phi"",""early_stop"":false,""hard_out"":true,""harq_mode"":false,""llr_max"":20.0,""num_iter"":20,""precision"":""single"",""prune_pcm"":true,""return_infobits"":true,""vn_update"":""sum""},""implementation"":{""bit_mapping"":""component_Gray_00_-3_01_-1_10_3_11_1_over_sqrt5;QPSK_0_plus1_1_minus1"",""cuda"":""12.8"",""decoder"":{""cn_schedule"":""flooding"",""cn_update"":""boxplus-phi"",""early_stop"":false,""hard_out"":true,""harq_mode"":false,""llr_max"":20.0,""num_iter"":20,""precision"":""single"",""prune_pcm"":true,""return_infobits"":true,""vn_update"":""sum""},""decoder_source_sha256"":""44d84b92b749e2970f94d92cd348a11648e2286b4d851faa0af8b21d08f0da23"",""encoder_source_sha256"":""34d8db6660b2e84708a8fb534f63c194f6f2b964e3693fcffc9dcaf21532ccfd"",""implementation"":""Sionna_5G_LDPC"",""power_protocol"":""fixed_constellation_average_Es2"",""precision"":""float32"",""rate_matching"":""Sionna RV0; filler removal, first2Z and tail puncturing; supported n only"",""scrambling"":""public_PCG64_SHA256_protocol_session_frame_group_counter_after_rate_matching_v1"",""torch"":""2.11.0+cu128"",""version"":""2.2.0""},""interleaver_sha256"":""14449f083c4424bac24260fc465e7418224040ff7e0fd6838f895f94180501de"",""k"":2116,""k_filler"":124,""k_ldpc"":2240,""layout_id"":""336376eb91702a8135b701bbc03b5005269a08796f3d7e1938eedc2fab511b6e"",""modulation_padding_bits"":0,""mother_bits"":11648,""n"":4192,""n_cb"":11200,""n_cb_comp"":11076,""power_protocol"":""fixed_constellation_average_Es2"",""puncturing_bits"":7332,""puncturing_first_2Z"":448,""puncturing_remaining"":6884,""repetition_bits"":0,""scrambling"":""public_PCG64_SHA256_protocol_session_frame_group_counter_after_rate_matching_v1"",""shortening_bits"":124,""z"":224}",[2048]
QPSK,2/3,QPSK:r2/3,ccb9972dd0ab7e58dce06a13dd2eb89345ebe19b11199908246c3718fce3d4b3,624,16,0,640,720,80,3744,984,492,0,0.6504065040650406,0.6341463414634146,"{""actual_effective_rate"":0.6504065040650406,""bg"":""bg2"",""bit_mapping"":""component_Gray_00_-3_01_-1_10_3_11_1_over_sqrt5;QPSK_0_plus1_1_minus1"",""code_blocks"":1,""decoder_config"":{""cn_schedule"":""flooding"",""cn_update"":""boxplus-phi"",""early_stop"":false,""hard_out"":true,""harq_mode"":false,""llr_max"":20.0,""num_iter"":20,""precision"":""single"",""prune_pcm"":true,""return_infobits"":true,""vn_update"":""sum""},""implementation"":{""bit_mapping"":""component_Gray_00_-3_01_-1_10_3_11_1_over_sqrt5;QPSK_0_plus1_1_minus1"",""cuda"":""12.8"",""decoder"":{""cn_schedule"":""flooding"",""cn_update"":""boxplus-phi"",""early_stop"":false,""hard_out"":true,""harq_mode"":false,""llr_max"":20.0,""num_iter"":20,""precision"":""single"",""prune_pcm"":true,""return_infobits"":true,""vn_update"":""sum""},""decoder_source_sha256"":""44d84b92b749e2970f94d92cd348a11648e2286b4d851faa0af8b21d08f0da23"",""encoder_source_sha256"":""34d8db6660b2e84708a8fb534f63c194f6f2b964e3693fcffc9dcaf21532ccfd"",""implementation"":""Sionna_5G_LDPC"",""power_protocol"":""fixed_constellation_average_Es2"",""precision"":""float32"",""rate_matching"":""Sionna RV0; filler removal, first2Z and tail puncturing; supported n only"",""scrambling"":""public_PCG64_SHA256_protocol_session_frame_group_counter_after_rate_matching_v1"",""torch"":""2.11.0+cu128"",""version"":""2.2.0""},""interleaver_sha256"":""adbaf399ca124a606604a885f92b75d4c665307de9de778ec33852a0bac76aa6"",""k"":640,""k_filler"":80,""k_ldpc"":720,""layout_id"":""3e410e51fce9d0d3d5fcbd82b7fd02f576d477e532bbe7053a26bd25a1564cdc"",""modulation_padding_bits"":0,""mother_bits"":3744,""n"":984,""n_cb"":3600,""n_cb_comp"":3520,""power_protocol"":""fixed_constellation_average_Es2"",""puncturing_bits"":2680,""puncturing_first_2Z"":144,""puncturing_remaining"":2536,""repetition_bits"":0,""scrambling"":""public_PCG64_SHA256_protocol_session_frame_group_counter_after_rate_matching_v1"",""shortening_bits"":80,""z"":72}",[1024]
16QAM,5/6,16QAM:r5/6,ccc776263beb6605daff32d8b965ceb2453b70c11e3473cb805e0f17416e1550,3228,16,0,3244,3520,276,10880,4820,1205,0,0.6730290456431536,0.6697095435684647,"{""actual_effective_rate"":0.6730290456431536,""bg"":""bg1"",""bit_mapping"":""component_Gray_00_-3_01_-1_10_3_11_1_over_sqrt5;QPSK_0_plus1_1_minus1"",""code_blocks"":1,""decoder_config"":{""cn_schedule"":""flooding"",""cn_update"":""boxplus-phi"",""early_stop"":false,""hard_out"":true,""harq_mode"":false,""llr_max"":20.0,""num_iter"":20,""precision"":""single"",""prune_pcm"":true,""return_infobits"":true,""vn_update"":""sum""},""implementation"":{""bit_mapping"":""component_Gray_00_-3_01_-1_10_3_11_1_over_sqrt5;QPSK_0_plus1_1_minus1"",""cuda"":""12.8"",""decoder"":{""cn_schedule"":""flooding"",""cn_update"":""boxplus-phi"",""early_stop"":false,""hard_out"":true,""harq_mode"":false,""llr_max"":20.0,""num_iter"":20,""precision"":""single"",""prune_pcm"":true,""return_infobits"":true,""vn_update"":""sum""},""decoder_source_sha256"":""44d84b92b749e2970f94d92cd348a11648e2286b4d851faa0af8b21d08f0da23"",""encoder_source_sha256"":""34d8db6660b2e84708a8fb534f63c194f6f2b964e3693fcffc9dcaf21532ccfd"",""implementation"":""Sionna_5G_LDPC"",""power_protocol"":""fixed_constellation_average_Es2"",""precision"":""float32"",""rate_matching"":""Sionna RV0; filler removal, first2Z and tail puncturing; supported n only"",""scrambling"":""public_PCG64_SHA256_protocol_session_frame_group_counter_after_rate_matching_v1"",""torch"":""2.11.0+cu128"",""version"":""2.2.0""},""interleaver_sha256"":""07ede856635596a3b0b45c24861f28f81c3c514f34a4938fce83c189ee461cc6"",""k"":3244,""k_filler"":276,""k_ldpc"":3520,""layout_id"":""27c1de2d48b7c2de3c980ad8d23d4cfa055f472c950c0604f9e2dc9c57e0bd22"",""modulation_padding_bits"":0,""mother_bits"":10880,""n"":4820,""n_cb"":10560,""n_cb_comp"":10284,""power_protocol"":""fixed_constellation_average_Es2"",""puncturing_bits"":5784,""puncturing_first_2Z"":320,""puncturing_remaining"":5464,""repetition_bits"":0,""scrambling"":""public_PCG64_SHA256_protocol_session_frame_group_counter_after_rate_matching_v1"",""shortening_bits"":276,""z"":160}",[2048]
QPSK,3/4,QPSK:r3/4,cccafdd50e166571ae04e1c7d486ce30a329038e1c03dae3a2437a45306804b2,660,16,0,676,720,44,3744,1640,820,0,0.4121951219512195,0.4024390243902439,"{""actual_effective_rate"":0.4121951219512195,""bg"":""bg2"",""bit_mapping"":""component_Gray_00_-3_01_-1_10_3_11_1_over_sqrt5;QPSK_0_plus1_1_minus1"",""code_blocks"":1,""decoder_config"":{""cn_schedule"":""flooding"",""cn_update"":""boxplus-phi"",""early_stop"":false,""hard_out"":true,""harq_mode"":false,""llr_max"":20.0,""num_iter"":20,""precision"":""single"",""prune_pcm"":true,""return_infobits"":true,""vn_update"":""sum""},""implementation"":{""bit_mapping"":""component_Gray_00_-3_01_-1_10_3_11_1_over_sqrt5;QPSK_0_plus1_1_minus1"",""cuda"":""12.8"",""decoder"":{""cn_schedule"":""flooding"",""cn_update"":""boxplus-phi"",""early_stop"":false,""hard_out"":true,""harq_mode"":false,""llr_max"":20.0,""num_iter"":20,""precision"":""single"",""prune_pcm"":true,""return_infobits"":true,""vn_update"":""sum""},""decoder_source_sha256"":""44d84b92b749e2970f94d92cd348a11648e2286b4d851faa0af8b21d08f0da23"",""encoder_source_sha256"":""34d8db6660b2e84708a8fb534f63c194f6f2b964e3693fcffc9dcaf21532ccfd"",""implementation"":""Sionna_5G_LDPC"",""power_protocol"":""fixed_constellation_average_Es2"",""precision"":""float32"",""rate_matching"":""Sionna RV0; filler removal, first2Z and tail puncturing; supported n only"",""scrambling"":""public_PCG64_SHA256_protocol_session_frame_group_counter_after_rate_matching_v1"",""torch"":""2.11.0+cu128"",""version"":""2.2.0""},""interleaver_sha256"":""1c15a1ff3ff9a06f0255bf6a1e7a3ece11a39d22376f7d8e0cd4c7465b79438a"",""k"":676,""k_filler"":44,""k_ldpc"":720,""layout_id"":""a401250ca0d4f93be9d7f64bd3b7cb0a0e865b293503dc41e8d88440df4f7745"",""modulation_padding_bits"":0,""mother_bits"":3744,""n"":1640,""n_cb"":3600,""n_cb_comp"":3556,""power_protocol"":""fixed_constellation_average_Es2"",""puncturing_bits"":2060,""puncturing_first_2Z"":144,""puncturing_remaining"":1916,""repetition_bits"":0,""scrambling"":""public_PCG64_SHA256_protocol_session_frame_group_counter_after_rate_matching_v1"",""shortening_bits"":44,""z"":72}",[1024]
QPSK,3/4,QPSK:r3/4,ccccb09e5a424fb608a0a08bae7388e2d4a516c5f00c1c6b9eff709224c044f5,924,16,0,940,960,20,4992,3354,1677,0,0.2802623732856291,0.27549194991055453,"{""actual_effective_rate"":0.2802623732856291,""bg"":""bg2"",""bit_mapping"":""component_Gray_00_-3_01_-1_10_3_11_1_over_sqrt5;QPSK_0_plus1_1_minus1"",""code_blocks"":1,""decoder_config"":{""cn_schedule"":""flooding"",""cn_update"":""boxplus-phi"",""early_stop"":false,""hard_out"":true,""harq_mode"":false,""llr_max"":20.0,""num_iter"":20,""precision"":""single"",""prune_pcm"":true,""return_infobits"":true,""vn_update"":""sum""},""implementation"":{""bit_mapping"":""component_Gray_00_-3_01_-1_10_3_11_1_over_sqrt5;QPSK_0_plus1_1_minus1"",""cuda"":""12.8"",""decoder"":{""cn_schedule"":""flooding"",""cn_update"":""boxplus-phi"",""early_stop"":false,""hard_out"":true,""harq_mode"":false,""llr_max"":20.0,""num_iter"":20,""precision"":""single"",""prune_pcm"":true,""return_infobits"":true,""vn_update"":""sum""},""decoder_source_sha256"":""44d84b92b749e2970f94d92cd348a11648e2286b4d851faa0af8b21d08f0da23"",""encoder_source_sha256"":""34d8db6660b2e84708a8fb534f63c194f6f2b964e3693fcffc9dcaf21532ccfd"",""implementation"":""Sionna_5G_LDPC"",""power_protocol"":""fixed_constellation_average_Es2"",""precision"":""float32"",""rate_matching"":""Sionna RV0; filler removal, first2Z and tail puncturing; supported n only"",""scrambling"":""public_PCG64_SHA256_protocol_session_frame_group_counter_after_rate_matching_v1"",""torch"":""2.11.0+cu128"",""version"":""2.2.0""},""interleaver_sha256"":""5136d8e6afe31472bbf9ac913fc68a11ce7b7cad0dff86e07e20c78f8e418e97"",""k"":940,""k_filler"":20,""k_ldpc"":960,""layout_id"":""c4a32b6d23e6e9e1cb4bc5ead0e057e2cceb04ba05b4b12f5cb5df813527c5d0"",""modulation_padding_bits"":0,""mother_bits"":4992,""n"":3354,""n_cb"":4800,""n_cb_comp"":4780,""power_protocol"":""fixed_constellation_average_Es2"",""puncturing_bits"":1618,""puncturing_first_2Z"":192,""puncturing_remaining"":1426,""repetition_bits"":0,""scrambling"":""public_PCG64_SHA256_protocol_session_frame_group_counter_after_rate_matching_v1"",""shortening_bits"":20,""z"":96}",[2048]
QPSK,3/4,QPSK:r3/4,ccd0f5207e3898b6ea756c7dd43ecbea44f5e284362c469982e6a6864063bcba,1224,16,0,1240,1320,80,4080,1654,827,0,0.7496977025392987,0.7400241837968561,"{""actual_effective_rate"":0.7496977025392987,""bg"":""bg1"",""bit_mapping"":""component_Gray_00_-3_01_-1_10_3_11_1_over_sqrt5;QPSK_0_plus1_1_minus1"",""code_blocks"":1,""decoder_config"":{""cn_schedule"":""flooding"",""cn_update"":""boxplus-phi"",""early_stop"":false,""hard_out"":true,""harq_mode"":false,""llr_max"":20.0,""num_iter"":20,""precision"":""single"",""prune_pcm"":true,""return_infobits"":true,""vn_update"":""sum""},""implementation"":{""bit_mapping"":""component_Gray_00_-3_01_-1_10_3_11_1_over_sqrt5;QPSK_0_plus1_1_minus1"",""cuda"":""12.8"",""decoder"":{""cn_schedule"":""flooding"",""cn_update"":""boxplus-phi"",""early_stop"":false,""hard_out"":true,""harq_mode"":false,""llr_max"":20.0,""num_iter"":20,""precision"":""single"",""prune_pcm"":true,""return_infobits"":true,""vn_update"":""sum""},""decoder_source_sha256"":""44d84b92b749e2970f94d92cd348a11648e2286b4d851faa0af8b21d08f0da23"",""encoder_source_sha256"":""34d8db6660b2e84708a8fb534f63c194f6f2b964e3693fcffc9dcaf21532ccfd"",""implementation"":""Sionna_5G_LDPC"",""power_protocol"":""fixed_constellation_average_Es2"",""precision"":""float32"",""rate_matching"":""Sionna RV0; filler removal, first2Z and tail puncturing; supported n only"",""scrambling"":""public_PCG64_SHA256_protocol_session_frame_group_counter_after_rate_matching_v1"",""torch"":""2.11.0+cu128"",""version"":""2.2.0""},""interleaver_sha256"":""691ba9e580caf86916b46f971d258186689bd9d7b7bb6da3b1bef58f995d4690"",""k"":1240,""k_filler"":80,""k_ldpc"":1320,""layout_id"":""e6e3fdf0fa68f7f436cd16e6af3572ff1fe4a9f2e3aa84c5ad3b507595ead7b8"",""modulation_padding_bits"":0,""mother_bits"":4080,""n"":1654,""n_cb"":3960,""n_cb_comp"":3880,""power_protocol"":""fixed_constellation_average_Es2"",""puncturing_bits"":2346,""puncturing_first_2Z"":120,""puncturing_remaining"":2226,""repetition_bits"":0,""scrambling"":""public_PCG64_SHA256_protocol_session_frame_group_counter_after_rate_matching_v1"",""shortening_bits"":80,""z"":60}",[1024]
QPSK,3/4,QPSK:r3/4,ccd6f224fe8304952db524e21850d9210a3db67ebd3229dc4aea43df74b5451a,216,16,0,232,300,68,1560,776,388,0,0.29896907216494845,0.27835051546391754,"{""actual_effective_rate"":0.29896907216494845,""bg"":""bg2"",""bit_mapping"":""component_Gray_00_-3_01_-1_10_3_11_1_over_sqrt5;QPSK_0_plus1_1_minus1"",""code_blocks"":1,""decoder_config"":{""cn_schedule"":""flooding"",""cn_update"":""boxplus-phi"",""early_stop"":false,""hard_out"":true,""harq_mode"":false,""llr_max"":20.0,""num_iter"":20,""precision"":""single"",""prune_pcm"":true,""return_infobits"":true,""vn_update"":""sum""},""implementation"":{""bit_mapping"":""component_Gray_00_-3_01_-1_10_3_11_1_over_sqrt5;QPSK_0_plus1_1_minus1"",""cuda"":""12.8"",""decoder"":{""cn_schedule"":""flooding"",""cn_update"":""boxplus-phi"",""early_stop"":false,""hard_out"":true,""harq_mode"":false,""llr_max"":20.0,""num_iter"":20,""precision"":""single"",""prune_pcm"":true,""return_infobits"":true,""vn_update"":""sum""},""decoder_source_sha256"":""44d84b92b749e2970f94d92cd348a11648e2286b4d851faa0af8b21d08f0da23"",""encoder_source_sha256"":""34d8db6660b2e84708a8fb534f63c194f6f2b964e3693fcffc9dcaf21532ccfd"",""implementation"":""Sionna_5G_LDPC"",""power_protocol"":""fixed_constellation_average_Es2"",""precision"":""float32"",""rate_matching"":""Sionna RV0; filler removal, first2Z and tail puncturing; supported n only"",""scrambling"":""public_PCG64_SHA256_protocol_session_frame_group_counter_after_rate_matching_v1"",""torch"":""2.11.0+cu128"",""version"":""2.2.0""},""interleaver_sha256"":""f3da0a67e757f16fe6401632729f774b019e04b3b7e27088b6755429c33a5de3"",""k"":232,""k_filler"":68,""k_ldpc"":300,""layout_id"":""fcf8f8e1b542cb47ae57c6590b693652630367bcd76314b1e359d1add98c9d5f"",""modulation_padding_bits"":0,""mother_bits"":1560,""n"":776,""n_cb"":1500,""n_cb_comp"":1432,""power_protocol"":""fixed_constellation_average_Es2"",""puncturing_bits"":716,""puncturing_first_2Z"":60,""puncturing_remaining"":656,""repetition_bits"":0,""scrambling"":""public_PCG64_SHA256_protocol_session_frame_group_counter_after_rate_matching_v1"",""shortening_bits"":68,""z"":30}",[1024]
16QAM,3/4,16QAM:r3/4,ccdfeca0f44c9ac133818e1003f47bce08e920ca224df87d2d38842be3db2ffe,732,16,0,748,800,52,4160,2444,611,0,0.3060556464811784,0.2995090016366612,"{""actual_effective_rate"":0.3060556464811784,""bg"":""bg2"",""bit_mapping"":""component_Gray_00_-3_01_-1_10_3_11_1_over_sqrt5;QPSK_0_plus1_1_minus1"",""code_blocks"":1,""decoder_config"":{""cn_schedule"":""flooding"",""cn_update"":""boxplus-phi"",""early_stop"":false,""hard_out"":true,""harq_mode"":false,""llr_max"":20.0,""num_iter"":20,""precision"":""single"",""prune_pcm"":true,""return_infobits"":true,""vn_update"":""sum""},""implementation"":{""bit_mapping"":""component_Gray_00_-3_01_-1_10_3_11_1_over_sqrt5;QPSK_0_plus1_1_minus1"",""cuda"":""12.8"",""decoder"":{""cn_schedule"":""flooding"",""cn_update"":""boxplus-phi"",""early_stop"":false,""hard_out"":true,""harq_mode"":false,""llr_max"":20.0,""num_iter"":20,""precision"":""single"",""prune_pcm"":true,""return_infobits"":true,""vn_update"":""sum""},""decoder_source_sha256"":""44d84b92b749e2970f94d92cd348a11648e2286b4d851faa0af8b21d08f0da23"",""encoder_source_sha256"":""34d8db6660b2e84708a8fb534f63c194f6f2b964e3693fcffc9dcaf21532ccfd"",""implementation"":""Sionna_5G_LDPC"",""power_protocol"":""fixed_constellation_average_Es2"",""precision"":""float32"",""rate_matching"":""Sionna RV0; filler removal, first2Z and tail puncturing; supported n only"",""scrambling"":""public_PCG64_SHA256_protocol_session_frame_group_counter_after_rate_matching_v1"",""torch"":""2.11.0+cu128"",""version"":""2.2.0""},""interleaver_sha256"":""b72dc9432f0864c4d7aa7ae77fb202cdfb66df052e3caafaddb6f76148c3948a"",""k"":748,""k_filler"":52,""k_ldpc"":800,""layout_id"":""e44979bb2a8345b139423867ef63f5f740b58721a081a54c26a5c4e6f801d9e7"",""modulation_padding_bits"":0,""mother_bits"":4160,""n"":2444,""n_cb"":4000,""n_cb_comp"":3948,""power_protocol"":""fixed_constellation_average_Es2"",""puncturing_bits"":1664,""puncturing_first_2Z"":160,""puncturing_remaining"":1504,""repetition_bits"":0,""scrambling"":""public_PCG64_SHA256_protocol_session_frame_group_counter_after_rate_matching_v1"",""shortening_bits"":52,""z"":80}",[1024]
QPSK,5/6,QPSK:r5/6,cce171af97d302bd1fc11b29306f84a288023cbb3e8b862193d2ffd3d987daf9,1260,16,0,1276,1320,44,4080,1532,766,0,0.8328981723237598,0.8224543080939948,"{""actual_effective_rate"":0.8328981723237598,""bg"":""bg1"",""bit_mapping"":""component_Gray_00_-3_01_-1_10_3_11_1_over_sqrt5;QPSK_0_plus1_1_minus1"",""code_blocks"":1,""decoder_config"":{""cn_schedule"":""flooding"",""cn_update"":""boxplus-phi"",""early_stop"":false,""hard_out"":true,""harq_mode"":false,""llr_max"":20.0,""num_iter"":20,""precision"":""single"",""prune_pcm"":true,""return_infobits"":true,""vn_update"":""sum""},""implementation"":{""bit_mapping"":""component_Gray_00_-3_01_-1_10_3_11_1_over_sqrt5;QPSK_0_plus1_1_minus1"",""cuda"":""12.8"",""decoder"":{""cn_schedule"":""flooding"",""cn_update"":""boxplus-phi"",""early_stop"":false,""hard_out"":true,""harq_mode"":false,""llr_max"":20.0,""num_iter"":20,""precision"":""single"",""prune_pcm"":true,""return_infobits"":true,""vn_update"":""sum""},""decoder_source_sha256"":""44d84b92b749e2970f94d92cd348a11648e2286b4d851faa0af8b21d08f0da23"",""encoder_source_sha256"":""34d8db6660b2e84708a8fb534f63c194f6f2b964e3693fcffc9dcaf21532ccfd"",""implementation"":""Sionna_5G_LDPC"",""power_protocol"":""fixed_constellation_average_Es2"",""precision"":""float32"",""rate_matching"":""Sionna RV0; filler removal, first2Z and tail puncturing; supported n only"",""scrambling"":""public_PCG64_SHA256_protocol_session_frame_group_counter_after_rate_matching_v1"",""torch"":""2.11.0+cu128"",""version"":""2.2.0""},""interleaver_sha256"":""359ff09c39db53fca2a179d2d29a542ddf7cd5c9ddf43838fbf3c0cd3a13c525"",""k"":1276,""k_filler"":44,""k_ldpc"":1320,""layout_id"":""eae3f7b392a6859307f68b402462b6da678acaec29f1c8f31c39d8929f59c1f0"",""modulation_padding_bits"":0,""mother_bits"":4080,""n"":1532,""n_cb"":3960,""n_cb_comp"":3916,""power_protocol"":""fixed_constellation_average_Es2"",""puncturing_bits"":2504,""puncturing_first_2Z"":120,""puncturing_remaining"":2384,""repetition_bits"":0,""scrambling"":""public_PCG64_SHA256_protocol_session_frame_group_counter_after_rate_matching_v1"",""shortening_bits"":44,""z"":60}",[1024]
16QAM,2/3,16QAM:r2/3,cd02d0af4e1f9856ebb6365e424bdd0da3957ec34b08060d50076f7838fdbf1b,1776,16,0,1792,1920,128,9984,2692,673,0,0.6656760772659732,0.6597325408618128,"{""actual_effective_rate"":0.6656760772659732,""bg"":""bg2"",""bit_mapping"":""component_Gray_00_-3_01_-1_10_3_11_1_over_sqrt5;QPSK_0_plus1_1_minus1"",""code_blocks"":1,""decoder_config"":{""cn_schedule"":""flooding"",""cn_update"":""boxplus-phi"",""early_stop"":false,""hard_out"":true,""harq_mode"":false,""llr_max"":20.0,""num_iter"":20,""precision"":""single"",""prune_pcm"":true,""return_infobits"":true,""vn_update"":""sum""},""implementation"":{""bit_mapping"":""component_Gray_00_-3_01_-1_10_3_11_1_over_sqrt5;QPSK_0_plus1_1_minus1"",""cuda"":""12.8"",""decoder"":{""cn_schedule"":""flooding"",""cn_update"":""boxplus-phi"",""early_stop"":false,""hard_out"":true,""harq_mode"":false,""llr_max"":20.0,""num_iter"":20,""precision"":""single"",""prune_pcm"":true,""return_infobits"":true,""vn_update"":""sum""},""decoder_source_sha256"":""44d84b92b749e2970f94d92cd348a11648e2286b4d851faa0af8b21d08f0da23"",""encoder_source_sha256"":""34d8db6660b2e84708a8fb534f63c194f6f2b964e3693fcffc9dcaf21532ccfd"",""implementation"":""Sionna_5G_LDPC"",""power_protocol"":""fixed_constellation_average_Es2"",""precision"":""float32"",""rate_matching"":""Sionna RV0; filler removal, first2Z and tail puncturing; supported n only"",""scrambling"":""public_PCG64_SHA256_protocol_session_frame_group_counter_after_rate_matching_v1"",""torch"":""2.11.0+cu128"",""version"":""2.2.0""},""interleaver_sha256"":""8e01a429922ce4b6790073ab05cff362e43e36c6aaa94952b4fa1303587a707b"",""k"":1792,""k_filler"":128,""k_ldpc"":1920,""layout_id"":""94def2172201390e05ac35d367cd3f7206ba1a28b91472755410a4131e04bd22"",""modulation_padding_bits"":0,""mother_bits"":9984,""n"":2692,""n_cb"":9600,""n_cb_comp"":9472,""power_protocol"":""fixed_constellation_average_Es2"",""puncturing_bits"":7164,""puncturing_first_2Z"":384,""puncturing_remaining"":6780,""repetition_bits"":0,""scrambling"":""public_PCG64_SHA256_protocol_session_frame_group_counter_after_rate_matching_v1"",""shortening_bits"":128,""z"":192}",[1024]
16QAM,1/2,16QAM:r1/2,cd0b7f6443b71a9f7c5a4b9cb40d415d7d4eecba84105eb0c82def913429392c,732,16,0,748,800,52,4160,2776,694,0,0.26945244956772335,0.26368876080691644,"{""actual_effective_rate"":0.26945244956772335,""bg"":""bg2"",""bit_mapping"":""component_Gray_00_-3_01_-1_10_3_11_1_over_sqrt5;QPSK_0_plus1_1_minus1"",""code_blocks"":1,""decoder_config"":{""cn_schedule"":""flooding"",""cn_update"":""boxplus-phi"",""early_stop"":false,""hard_out"":true,""harq_mode"":false,""llr_max"":20.0,""num_iter"":20,""precision"":""single"",""prune_pcm"":true,""return_infobits"":true,""vn_update"":""sum""},""implementation"":{""bit_mapping"":""component_Gray_00_-3_01_-1_10_3_11_1_over_sqrt5;QPSK_0_plus1_1_minus1"",""cuda"":""12.8"",""decoder"":{""cn_schedule"":""flooding"",""cn_update"":""boxplus-phi"",""early_stop"":false,""hard_out"":true,""harq_mode"":false,""llr_max"":20.0,""num_iter"":20,""precision"":""single"",""prune_pcm"":true,""return_infobits"":true,""vn_update"":""sum""},""decoder_source_sha256"":""44d84b92b749e2970f94d92cd348a11648e2286b4d851faa0af8b21d08f0da23"",""encoder_source_sha256"":""34d8db6660b2e84708a8fb534f63c194f6f2b964e3693fcffc9dcaf21532ccfd"",""implementation"":""Sionna_5G_LDPC"",""power_protocol"":""fixed_constellation_average_Es2"",""precision"":""float32"",""rate_matching"":""Sionna RV0; filler removal, first2Z and tail puncturing; supported n only"",""scrambling"":""public_PCG64_SHA256_protocol_session_frame_group_counter_after_rate_matching_v1"",""torch"":""2.11.0+cu128"",""version"":""2.2.0""},""interleaver_sha256"":""674d2eaca56a1ba03cef74b20873bb22e930f7578c51a00015d0a5385e16b3ab"",""k"":748,""k_filler"":52,""k_ldpc"":800,""layout_id"":""ba5e869f58d7a67f213f6f82c799c8c4702f00d3f25112de946b72c7aa615b41"",""modulation_padding_bits"":0,""mother_bits"":4160,""n"":2776,""n_cb"":4000,""n_cb_comp"":3948,""power_protocol"":""fixed_constellation_average_Es2"",""puncturing_bits"":1332,""puncturing_first_2Z"":160,""puncturing_remaining"":1172,""repetition_bits"":0,""scrambling"":""public_PCG64_SHA256_protocol_session_frame_group_counter_after_rate_matching_v1"",""shortening_bits"":52,""z"":80}",[1024]
16QAM,1/2,16QAM:r1/2,cd18bdd32192f5ee997dab66ca66caf8b08b30a7767d789c162c04371536731b,1440,16,0,1456,1600,144,8320,2916,729,0,0.4993141289437586,0.49382716049382713,"{""actual_effective_rate"":0.4993141289437586,""bg"":""bg2"",""bit_mapping"":""component_Gray_00_-3_01_-1_10_3_11_1_over_sqrt5;QPSK_0_plus1_1_minus1"",""code_blocks"":1,""decoder_config"":{""cn_schedule"":""flooding"",""cn_update"":""boxplus-phi"",""early_stop"":false,""hard_out"":true,""harq_mode"":false,""llr_max"":20.0,""num_iter"":20,""precision"":""single"",""prune_pcm"":true,""return_infobits"":true,""vn_update"":""sum""},""implementation"":{""bit_mapping"":""component_Gray_00_-3_01_-1_10_3_11_1_over_sqrt5;QPSK_0_plus1_1_minus1"",""cuda"":""12.8"",""decoder"":{""cn_schedule"":""flooding"",""cn_update"":""boxplus-phi"",""early_stop"":false,""hard_out"":true,""harq_mode"":false,""llr_max"":20.0,""num_iter"":20,""precision"":""single"",""prune_pcm"":true,""return_infobits"":true,""vn_update"":""sum""},""decoder_source_sha256"":""44d84b92b749e2970f94d92cd348a11648e2286b4d851faa0af8b21d08f0da23"",""encoder_source_sha256"":""34d8db6660b2e84708a8fb534f63c194f6f2b964e3693fcffc9dcaf21532ccfd"",""implementation"":""Sionna_5G_LDPC"",""power_protocol"":""fixed_constellation_average_Es2"",""precision"":""float32"",""rate_matching"":""Sionna RV0; filler removal, first2Z and tail puncturing; supported n only"",""scrambling"":""public_PCG64_SHA256_protocol_session_frame_group_counter_after_rate_matching_v1"",""torch"":""2.11.0+cu128"",""version"":""2.2.0""},""interleaver_sha256"":""6043a7c5482dded8be2af5c9752ab379ab49c4cd2e7f7c5b523c1233b087ce63"",""k"":1456,""k_filler"":144,""k_ldpc"":1600,""layout_id"":""edb4291b6c9b9313cdb285ed2309a110bd5052a8e8278ae8fd4ce3bce07c16a3"",""modulation_padding_bits"":0,""mother_bits"":8320,""n"":2916,""n_cb"":8000,""n_cb_comp"":7856,""power_protocol"":""fixed_constellation_average_Es2"",""puncturing_bits"":5260,""puncturing_first_2Z"":320,""puncturing_remaining"":4940,""repetition_bits"":0,""scrambling"":""public_PCG64_SHA256_protocol_session_frame_group_counter_after_rate_matching_v1"",""shortening_bits"":144,""z"":160}",[1024]
QPSK,3/4,QPSK:r3/4,cd20c6b277a5a1972dcb6129e340461f2662c16a9019f4a0f53e4fcfb37090cf,72,16,0,88,150,62,780,180,90,0,0.4888888888888889,0.4,"{""actual_effective_rate"":0.4888888888888889,""bg"":""bg2"",""bit_mapping"":""component_Gray_00_-3_01_-1_10_3_11_1_over_sqrt5;QPSK_0_plus1_1_minus1"",""code_blocks"":1,""decoder_config"":{""cn_schedule"":""flooding"",""cn_update"":""boxplus-phi"",""early_stop"":false,""hard_out"":true,""harq_mode"":false,""llr_max"":20.0,""num_iter"":20,""precision"":""single"",""prune_pcm"":true,""return_infobits"":true,""vn_update"":""sum""},""implementation"":{""bit_mapping"":""component_Gray_00_-3_01_-1_10_3_11_1_over_sqrt5;QPSK_0_plus1_1_minus1"",""cuda"":""12.8"",""decoder"":{""cn_schedule"":""flooding"",""cn_update"":""boxplus-phi"",""early_stop"":false,""hard_out"":true,""harq_mode"":false,""llr_max"":20.0,""num_iter"":20,""precision"":""single"",""prune_pcm"":true,""return_infobits"":true,""vn_update"":""sum""},""decoder_source_sha256"":""44d84b92b749e2970f94d92cd348a11648e2286b4d851faa0af8b21d08f0da23"",""encoder_source_sha256"":""34d8db6660b2e84708a8fb534f63c194f6f2b964e3693fcffc9dcaf21532ccfd"",""implementation"":""Sionna_5G_LDPC"",""power_protocol"":""fixed_constellation_average_Es2"",""precision"":""float32"",""rate_matching"":""Sionna RV0; filler removal, first2Z and tail puncturing; supported n only"",""scrambling"":""public_PCG64_SHA256_protocol_session_frame_group_counter_after_rate_matching_v1"",""torch"":""2.11.0+cu128"",""version"":""2.2.0""},""interleaver_sha256"":""410a33fd82de4ea5daffe6e53726bc722371482bf2779d2dc6bb06e17578f658"",""k"":88,""k_filler"":62,""k_ldpc"":150,""layout_id"":""03cc29a4f502f02816832b5658f1cc78394dc98c47292049e056e6a459f0ba56"",""modulation_padding_bits"":0,""mother_bits"":780,""n"":180,""n_cb"":750,""n_cb_comp"":688,""power_protocol"":""fixed_constellation_average_Es2"",""puncturing_bits"":538,""puncturing_first_2Z"":30,""puncturing_remaining"":508,""repetition_bits"":0,""scrambling"":""public_PCG64_SHA256_protocol_session_frame_group_counter_after_rate_matching_v1"",""shortening_bits"":62,""z"":15}",[1024]
16QAM,1/2,16QAM:r1/2,cd26c227d5b2700ad3265667b451d3434cbcde21ff8353a426c8e4d7b0ed4b61,3684,16,0,3700,3840,140,19968,7412,1853,0,0.4991905018888289,0.4970318402590394,"{""actual_effective_rate"":0.4991905018888289,""bg"":""bg2"",""bit_mapping"":""component_Gray_00_-3_01_-1_10_3_11_1_over_sqrt5;QPSK_0_plus1_1_minus1"",""code_blocks"":1,""decoder_config"":{""cn_schedule"":""flooding"",""cn_update"":""boxplus-phi"",""early_stop"":false,""hard_out"":true,""harq_mode"":false,""llr_max"":20.0,""num_iter"":20,""precision"":""single"",""prune_pcm"":true,""return_infobits"":true,""vn_update"":""sum""},""implementation"":{""bit_mapping"":""component_Gray_00_-3_01_-1_10_3_11_1_over_sqrt5;QPSK_0_plus1_1_minus1"",""cuda"":""12.8"",""decoder"":{""cn_schedule"":""flooding"",""cn_update"":""boxplus-phi"",""early_stop"":false,""hard_out"":true,""harq_mode"":false,""llr_max"":20.0,""num_iter"":20,""precision"":""single"",""prune_pcm"":true,""return_infobits"":true,""vn_update"":""sum""},""decoder_source_sha256"":""44d84b92b749e2970f94d92cd348a11648e2286b4d851faa0af8b21d08f0da23"",""encoder_source_sha256"":""34d8db6660b2e84708a8fb534f63c194f6f2b964e3693fcffc9dcaf21532ccfd"",""implementation"":""Sionna_5G_LDPC"",""power_protocol"":""fixed_constellation_average_Es2"",""precision"":""float32"",""rate_matching"":""Sionna RV0; filler removal, first2Z and tail puncturing; supported n only"",""scrambling"":""public_PCG64_SHA256_protocol_session_frame_group_counter_after_rate_matching_v1"",""torch"":""2.11.0+cu128"",""version"":""2.2.0""},""interleaver_sha256"":""42c9b6ecb4dd97f129f358e6230e8afd8d35b288cce34c9dac139e1bb17b7685"",""k"":3700,""k_filler"":140,""k_ldpc"":3840,""layout_id"":""85fb5c11dc03945923708d616efad6a0c6c0c7c4562c5d484bdbdf184bc4ba53"",""modulation_padding_bits"":0,""mother_bits"":19968,""n"":7412,""n_cb"":19200,""n_cb_comp"":19060,""power_protocol"":""fixed_constellation_average_Es2"",""puncturing_bits"":12416,""puncturing_first_2Z"":768,""puncturing_remaining"":11648,""repetition_bits"":0,""scrambling"":""public_PCG64_SHA256_protocol_session_frame_group_counter_after_rate_matching_v1"",""shortening_bits"":140,""z"":384}",[2048]
16QAM,1/2,16QAM:r1/2,cd27abd7a91871ff83e803c736115614b38f76894a5f35d73b08f5d298d50d62,1500,16,0,1516,1600,84,8320,6676,1669,0,0.22708208508088676,0.22468544038346316,"{""actual_effective_rate"":0.22708208508088676,""bg"":""bg2"",""bit_mapping"":""component_Gray_00_-3_01_-1_10_3_11_1_over_sqrt5;QPSK_0_plus1_1_minus1"",""code_blocks"":1,""decoder_config"":{""cn_schedule"":""flooding"",""cn_update"":""boxplus-phi"",""early_stop"":false,""hard_out"":true,""harq_mode"":false,""llr_max"":20.0,""num_iter"":20,""precision"":""single"",""prune_pcm"":true,""return_infobits"":true,""vn_update"":""sum""},""implementation"":{""bit_mapping"":""component_Gray_00_-3_01_-1_10_3_11_1_over_sqrt5;QPSK_0_plus1_1_minus1"",""cuda"":""12.8"",""decoder"":{""cn_schedule"":""flooding"",""cn_update"":""boxplus-phi"",""early_stop"":false,""hard_out"":true,""harq_mode"":false,""llr_max"":20.0,""num_iter"":20,""precision"":""single"",""prune_pcm"":true,""return_infobits"":true,""vn_update"":""sum""},""decoder_source_sha256"":""44d84b92b749e2970f94d92cd348a11648e2286b4d851faa0af8b21d08f0da23"",""encoder_source_sha256"":""34d8db6660b2e84708a8fb534f63c194f6f2b964e3693fcffc9dcaf21532ccfd"",""implementation"":""Sionna_5G_LDPC"",""power_protocol"":""fixed_constellation_average_Es2"",""precision"":""float32"",""rate_matching"":""Sionna RV0; filler removal, first2Z and tail puncturing; supported n only"",""scrambling"":""public_PCG64_SHA256_protocol_session_frame_group_counter_after_rate_matching_v1"",""torch"":""2.11.0+cu128"",""version"":""2.2.0""},""interleaver_sha256"":""33093f93abae0dfa78a5779fd067d5ae8e86cfe3d132e2ea91a4477b4b1a66aa"",""k"":1516,""k_filler"":84,""k_ldpc"":1600,""layout_id"":""438baeca806168b6aae38227ec032db809b8240e416ce923019483e56f63cf59"",""modulation_padding_bits"":0,""mother_bits"":8320,""n"":6676,""n_cb"":8000,""n_cb_comp"":7916,""power_protocol"":""fixed_constellation_average_Es2"",""puncturing_bits"":1560,""puncturing_first_2Z"":320,""puncturing_remaining"":1240,""repetition_bits"":0,""scrambling"":""public_PCG64_SHA256_protocol_session_frame_group_counter_after_rate_matching_v1"",""shortening_bits"":84,""z"":160}",[2048]
QPSK,2/3,QPSK:r2/3,cd42a72ef536a13a8639a0737c9effc03b1dd5db0ff01ebb187b5d3acb198b35,1200,16,0,1216,1280,64,6656,1952,976,0,0.6229508196721312,0.6147540983606558,"{""actual_effective_rate"":0.6229508196721312,""bg"":""bg2"",""bit_mapping"":""component_Gray_00_-3_01_-1_10_3_11_1_over_sqrt5;QPSK_0_plus1_1_minus1"",""code_blocks"":1,""decoder_config"":{""cn_schedule"":""flooding"",""cn_update"":""boxplus-phi"",""early_stop"":false,""hard_out"":true,""harq_mode"":false,""llr_max"":20.0,""num_iter"":20,""precision"":""single"",""prune_pcm"":true,""return_infobits"":true,""vn_update"":""sum""},""implementation"":{""bit_mapping"":""component_Gray_00_-3_01_-1_10_3_11_1_over_sqrt5;QPSK_0_plus1_1_minus1"",""cuda"":""12.8"",""decoder"":{""cn_schedule"":""flooding"",""cn_update"":""boxplus-phi"",""early_stop"":false,""hard_out"":true,""harq_mode"":false,""llr_max"":20.0,""num_iter"":20,""precision"":""single"",""prune_pcm"":true,""return_infobits"":true,""vn_update"":""sum""},""decoder_source_sha256"":""44d84b92b749e2970f94d92cd348a11648e2286b4d851faa0af8b21d08f0da23"",""encoder_source_sha256"":""34d8db6660b2e84708a8fb534f63c194f6f2b964e3693fcffc9dcaf21532ccfd"",""implementation"":""Sionna_5G_LDPC"",""power_protocol"":""fixed_constellation_average_Es2"",""precision"":""float32"",""rate_matching"":""Sionna RV0; filler removal, first2Z and tail puncturing; supported n only"",""scrambling"":""public_PCG64_SHA256_protocol_session_frame_group_counter_after_rate_matching_v1"",""torch"":""2.11.0+cu128"",""version"":""2.2.0""},""interleaver_sha256"":""9e8672cc269afcb45ebcf41a1c33fc3d261b49f48fcf183cd78ef89961c1878e"",""k"":1216,""k_filler"":64,""k_ldpc"":1280,""layout_id"":""0261e87242b2d4169b846f70773500beb95f1d679acf51e10af3bda3c72d0d1a"",""modulation_padding_bits"":0,""mother_bits"":6656,""n"":1952,""n_cb"":6400,""n_cb_comp"":6336,""power_protocol"":""fixed_constellation_average_Es2"",""puncturing_bits"":4640,""puncturing_first_2Z"":256,""puncturing_remaining"":4384,""repetition_bits"":0,""scrambling"":""public_PCG64_SHA256_protocol_session_frame_group_counter_after_rate_matching_v1"",""shortening_bits"":64,""z"":128}",[2048]
16QAM,2/3,16QAM:r2/3,cd4500764f08cf3c0274d35f2a8b69c126eb2a605b46a9155caeb5af0ca911e4,1860,16,0,1876,1920,44,9984,2824,706,0,0.6643059490084986,0.6586402266288952,"{""actual_effective_rate"":0.6643059490084986,""bg"":""bg2"",""bit_mapping"":""component_Gray_00_-3_01_-1_10_3_11_1_over_sqrt5;QPSK_0_plus1_1_minus1"",""code_blocks"":1,""decoder_config"":{""cn_schedule"":""flooding"",""cn_update"":""boxplus-phi"",""early_stop"":false,""hard_out"":true,""harq_mode"":false,""llr_max"":20.0,""num_iter"":20,""precision"":""single"",""prune_pcm"":true,""return_infobits"":true,""vn_update"":""sum""},""implementation"":{""bit_mapping"":""component_Gray_00_-3_01_-1_10_3_11_1_over_sqrt5;QPSK_0_plus1_1_minus1"",""cuda"":""12.8"",""decoder"":{""cn_schedule"":""flooding"",""cn_update"":""boxplus-phi"",""early_stop"":false,""hard_out"":true,""harq_mode"":false,""llr_max"":20.0,""num_iter"":20,""precision"":""single"",""prune_pcm"":true,""return_infobits"":true,""vn_update"":""sum""},""decoder_source_sha256"":""44d84b92b749e2970f94d92cd348a11648e2286b4d851faa0af8b21d08f0da23"",""encoder_source_sha256"":""34d8db6660b2e84708a8fb534f63c194f6f2b964e3693fcffc9dcaf21532ccfd"",""implementation"":""Sionna_5G_LDPC"",""power_protocol"":""fixed_constellation_average_Es2"",""precision"":""float32"",""rate_matching"":""Sionna RV0; filler removal, first2Z and tail puncturing; supported n only"",""scrambling"":""public_PCG64_SHA256_protocol_session_frame_group_counter_after_rate_matching_v1"",""torch"":""2.11.0+cu128"",""version"":""2.2.0""},""interleaver_sha256"":""e89baac887d19c3df697487a9aca4cdf314df93662face1b13efee2ad83300e1"",""k"":1876,""k_filler"":44,""k_ldpc"":1920,""layout_id"":""fd963ad15a84f0548b25d2349a651a52e49b44b7050db7031cbff1a2ae8ac20b"",""modulation_padding_bits"":0,""mother_bits"":9984,""n"":2824,""n_cb"":9600,""n_cb_comp"":9556,""power_protocol"":""fixed_constellation_average_Es2"",""puncturing_bits"":7116,""puncturing_first_2Z"":384,""puncturing_remaining"":6732,""repetition_bits"":0,""scrambling"":""public_PCG64_SHA256_protocol_session_frame_group_counter_after_rate_matching_v1"",""shortening_bits"":44,""z"":192}","[1024,2048]"
QPSK,2/3,QPSK:r2/3,cd56a0a2852dc7d84e473ddcce17f3a149118618419b2e04d911765e8bd7f826,1068,16,0,1084,1120,36,5824,1628,814,0,0.6658476658476659,0.6560196560196561,"{""actual_effective_rate"":0.6658476658476659,""bg"":""bg2"",""bit_mapping"":""component_Gray_00_-3_01_-1_10_3_11_1_over_sqrt5;QPSK_0_plus1_1_minus1"",""code_blocks"":1,""decoder_config"":{""cn_schedule"":""flooding"",""cn_update"":""boxplus-phi"",""early_stop"":false,""hard_out"":true,""harq_mode"":false,""llr_max"":20.0,""num_iter"":20,""precision"":""single"",""prune_pcm"":true,""return_infobits"":true,""vn_update"":""sum""},""implementation"":{""bit_mapping"":""component_Gray_00_-3_01_-1_10_3_11_1_over_sqrt5;QPSK_0_plus1_1_minus1"",""cuda"":""12.8"",""decoder"":{""cn_schedule"":""flooding"",""cn_update"":""boxplus-phi"",""early_stop"":false,""hard_out"":true,""harq_mode"":false,""llr_max"":20.0,""num_iter"":20,""precision"":""single"",""prune_pcm"":true,""return_infobits"":true,""vn_update"":""sum""},""decoder_source_sha256"":""44d84b92b749e2970f94d92cd348a11648e2286b4d851faa0af8b21d08f0da23"",""encoder_source_sha256"":""34d8db6660b2e84708a8fb534f63c194f6f2b964e3693fcffc9dcaf21532ccfd"",""implementation"":""Sionna_5G_LDPC"",""power_protocol"":""fixed_constellation_average_Es2"",""precision"":""float32"",""rate_matching"":""Sionna RV0; filler removal, first2Z and tail puncturing; supported n only"",""scrambling"":""public_PCG64_SHA256_protocol_session_frame_group_counter_after_rate_matching_v1"",""torch"":""2.11.0+cu128"",""version"":""2.2.0""},""interleaver_sha256"":""742e4792a7803d8ad471da877ef3021518df8589f9cc96a6a177b5e2f5dedeca"",""k"":1084,""k_filler"":36,""k_ldpc"":1120,""layout_id"":""32e102aa0f990c08e33be9d60a9c947116bb74ad6a26ba5080beac08fefefecc"",""modulation_padding_bits"":0,""mother_bits"":5824,""n"":1628,""n_cb"":5600,""n_cb_comp"":5564,""power_protocol"":""fixed_constellation_average_Es2"",""puncturing_bits"":4160,""puncturing_first_2Z"":224,""puncturing_remaining"":3936,""repetition_bits"":0,""scrambling"":""public_PCG64_SHA256_protocol_session_frame_group_counter_after_rate_matching_v1"",""shortening_bits"":36,""z"":112}",[1024]
QPSK,5/6,QPSK:r5/6,cd592d2cd5743b26a1edac561b96354b60d56a62774fc43f931d27c7e6222e2d,300,16,0,316,400,84,2080,482,241,0,0.6556016597510373,0.6224066390041494,"{""actual_effective_rate"":0.6556016597510373,""bg"":""bg2"",""bit_mapping"":""component_Gray_00_-3_01_-1_10_3_11_1_over_sqrt5;QPSK_0_plus1_1_minus1"",""code_blocks"":1,""decoder_config"":{""cn_schedule"":""flooding"",""cn_update"":""boxplus-phi"",""early_stop"":false,""hard_out"":true,""harq_mode"":false,""llr_max"":20.0,""num_iter"":20,""precision"":""single"",""prune_pcm"":true,""return_infobits"":true,""vn_update"":""sum""},""implementation"":{""bit_mapping"":""component_Gray_00_-3_01_-1_10_3_11_1_over_sqrt5;QPSK_0_plus1_1_minus1"",""cuda"":""12.8"",""decoder"":{""cn_schedule"":""flooding"",""cn_update"":""boxplus-phi"",""early_stop"":false,""hard_out"":true,""harq_mode"":false,""llr_max"":20.0,""num_iter"":20,""precision"":""single"",""prune_pcm"":true,""return_infobits"":true,""vn_update"":""sum""},""decoder_source_sha256"":""44d84b92b749e2970f94d92cd348a11648e2286b4d851faa0af8b21d08f0da23"",""encoder_source_sha256"":""34d8db6660b2e84708a8fb534f63c194f6f2b964e3693fcffc9dcaf21532ccfd"",""implementation"":""Sionna_5G_LDPC"",""power_protocol"":""fixed_constellation_average_Es2"",""precision"":""float32"",""rate_matching"":""Sionna RV0; filler removal, first2Z and tail puncturing; supported n only"",""scrambling"":""public_PCG64_SHA256_protocol_session_frame_group_counter_after_rate_matching_v1"",""torch"":""2.11.0+cu128"",""version"":""2.2.0""},""interleaver_sha256"":""a81c2bd969b11e59645122d83137fe50543a15178258c8005685fcdb0dc10cc2"",""k"":316,""k_filler"":84,""k_ldpc"":400,""layout_id"":""522a6295a72d7e629a2486fc548541cb9a0cb08d9e76171ef013fefe1c36679d"",""modulation_padding_bits"":0,""mother_bits"":2080,""n"":482,""n_cb"":2000,""n_cb_comp"":1916,""power_protocol"":""fixed_constellation_average_Es2"",""puncturing_bits"":1514,""puncturing_first_2Z"":80,""puncturing_remaining"":1434,""repetition_bits"":0,""scrambling"":""public_PCG64_SHA256_protocol_session_frame_group_counter_after_rate_matching_v1"",""shortening_bits"":84,""z"":40}",[1024]
16QAM,1/2,16QAM:r1/2,cd6704a074f66bcf6467f85d6703318ba9010a62ff76252baf690fd9622b28cc,3264,16,0,3280,3520,240,18304,6560,1640,0,0.5,0.4975609756097561,"{""actual_effective_rate"":0.5,""bg"":""bg2"",""bit_mapping"":""component_Gray_00_-3_01_-1_10_3_11_1_over_sqrt5;QPSK_0_plus1_1_minus1"",""code_blocks"":1,""decoder_config"":{""cn_schedule"":""flooding"",""cn_update"":""boxplus-phi"",""early_stop"":false,""hard_out"":true,""harq_mode"":false,""llr_max"":20.0,""num_iter"":20,""precision"":""single"",""prune_pcm"":true,""return_infobits"":true,""vn_update"":""sum""},""implementation"":{""bit_mapping"":""component_Gray_00_-3_01_-1_10_3_11_1_over_sqrt5;QPSK_0_plus1_1_minus1"",""cuda"":""12.8"",""decoder"":{""cn_schedule"":""flooding"",""cn_update"":""boxplus-phi"",""early_stop"":false,""hard_out"":true,""harq_mode"":false,""llr_max"":20.0,""num_iter"":20,""precision"":""single"",""prune_pcm"":true,""return_infobits"":true,""vn_update"":""sum""},""decoder_source_sha256"":""44d84b92b749e2970f94d92cd348a11648e2286b4d851faa0af8b21d08f0da23"",""encoder_source_sha256"":""34d8db6660b2e84708a8fb534f63c194f6f2b964e3693fcffc9dcaf21532ccfd"",""implementation"":""Sionna_5G_LDPC"",""power_protocol"":""fixed_constellation_average_Es2"",""precision"":""float32"",""rate_matching"":""Sionna RV0; filler removal, first2Z and tail puncturing; supported n only"",""scrambling"":""public_PCG64_SHA256_protocol_session_frame_group_counter_after_rate_matching_v1"",""torch"":""2.11.0+cu128"",""version"":""2.2.0""},""interleaver_sha256"":""eed9b0ca8278f7f0bf1c670ff2033e16a18f0598ff1e94d8cfb221ea61e2810f"",""k"":3280,""k_filler"":240,""k_ldpc"":3520,""layout_id"":""f941e46cc41be934f5b760bfd59937201480a9b5a5ae39a9fee2a96db8de1e7d"",""modulation_padding_bits"":0,""mother_bits"":18304,""n"":6560,""n_cb"":17600,""n_cb_comp"":17360,""power_protocol"":""fixed_constellation_average_Es2"",""puncturing_bits"":11504,""puncturing_first_2Z"":704,""puncturing_remaining"":10800,""repetition_bits"":0,""scrambling"":""public_PCG64_SHA256_protocol_session_frame_group_counter_after_rate_matching_v1"",""shortening_bits"":240,""z"":352}",[2048]
16QAM,2/3,16QAM:r2/3,cd6a10a04faf86ac8191fadfd15c9a11787a6402b10d1bc0c303e77a7d9ffd06,3996,16,0,4012,4224,212,13056,6356,1589,0,0.631214600377596,0.6286972938955318,"{""actual_effective_rate"":0.631214600377596,""bg"":""bg1"",""bit_mapping"":""component_Gray_00_-3_01_-1_10_3_11_1_over_sqrt5;QPSK_0_plus1_1_minus1"",""code_blocks"":1,""decoder_config"":{""cn_schedule"":""flooding"",""cn_update"":""boxplus-phi"",""early_stop"":false,""hard_out"":true,""harq_mode"":false,""llr_max"":20.0,""num_iter"":20,""precision"":""single"",""prune_pcm"":true,""return_infobits"":true,""vn_update"":""sum""},""implementation"":{""bit_mapping"":""component_Gray_00_-3_01_-1_10_3_11_1_over_sqrt5;QPSK_0_plus1_1_minus1"",""cuda"":""12.8"",""decoder"":{""cn_schedule"":""flooding"",""cn_update"":""boxplus-phi"",""early_stop"":false,""hard_out"":true,""harq_mode"":false,""llr_max"":20.0,""num_iter"":20,""precision"":""single"",""prune_pcm"":true,""return_infobits"":true,""vn_update"":""sum""},""decoder_source_sha256"":""44d84b92b749e2970f94d92cd348a11648e2286b4d851faa0af8b21d08f0da23"",""encoder_source_sha256"":""34d8db6660b2e84708a8fb534f63c194f6f2b964e3693fcffc9dcaf21532ccfd"",""implementation"":""Sionna_5G_LDPC"",""power_protocol"":""fixed_constellation_average_Es2"",""precision"":""float32"",""rate_matching"":""Sionna RV0; filler removal, first2Z and tail puncturing; supported n only"",""scrambling"":""public_PCG64_SHA256_protocol_session_frame_group_counter_after_rate_matching_v1"",""torch"":""2.11.0+cu128"",""version"":""2.2.0""},""interleaver_sha256"":""38ac6ea6e6e53c32991b70ba5619ef3de1e57dc4e8d8a9fe2224bf208897d8fb"",""k"":4012,""k_filler"":212,""k_ldpc"":4224,""layout_id"":""827f7a73f729fbfe7c91af85420c2d96077e73d42d47f5290d76c3410a5836c7"",""modulation_padding_bits"":0,""mother_bits"":13056,""n"":6356,""n_cb"":12672,""n_cb_comp"":12460,""power_protocol"":""fixed_constellation_average_Es2"",""puncturing_bits"":6488,""puncturing_first_2Z"":384,""puncturing_remaining"":6104,""repetition_bits"":0,""scrambling"":""public_PCG64_SHA256_protocol_session_frame_group_counter_after_rate_matching_v1"",""shortening_bits"":212,""z"":192}",[2048]
16QAM,1/2,16QAM:r1/2,cd83e92009b92b12c46c011099881e0d26cd765d8267191357e16686033e4740,2400,16,0,2416,2560,144,13312,5396,1349,0,0.4477390659747961,0.4447739065974796,"{""actual_effective_rate"":0.4477390659747961,""bg"":""bg2"",""bit_mapping"":""component_Gray_00_-3_01_-1_10_3_11_1_over_sqrt5;QPSK_0_plus1_1_minus1"",""code_blocks"":1,""decoder_config"":{""cn_schedule"":""flooding"",""cn_update"":""boxplus-phi"",""early_stop"":false,""hard_out"":true,""harq_mode"":false,""llr_max"":20.0,""num_iter"":20,""precision"":""single"",""prune_pcm"":true,""return_infobits"":true,""vn_update"":""sum""},""implementation"":{""bit_mapping"":""component_Gray_00_-3_01_-1_10_3_11_1_over_sqrt5;QPSK_0_plus1_1_minus1"",""cuda"":""12.8"",""decoder"":{""cn_schedule"":""flooding"",""cn_update"":""boxplus-phi"",""early_stop"":false,""hard_out"":true,""harq_mode"":false,""llr_max"":20.0,""num_iter"":20,""precision"":""single"",""prune_pcm"":true,""return_infobits"":true,""vn_update"":""sum""},""decoder_source_sha256"":""44d84b92b749e2970f94d92cd348a11648e2286b4d851faa0af8b21d08f0da23"",""encoder_source_sha256"":""34d8db6660b2e84708a8fb534f63c194f6f2b964e3693fcffc9dcaf21532ccfd"",""implementation"":""Sionna_5G_LDPC"",""power_protocol"":""fixed_constellation_average_Es2"",""precision"":""float32"",""rate_matching"":""Sionna RV0; filler removal, first2Z and tail puncturing; supported n only"",""scrambling"":""public_PCG64_SHA256_protocol_session_frame_group_counter_after_rate_matching_v1"",""torch"":""2.11.0+cu128"",""version"":""2.2.0""},""interleaver_sha256"":""7b51eb27e10f02018bd79b7e71f7a901e9059a33bedab0432524c67c6104b320"",""k"":2416,""k_filler"":144,""k_ldpc"":2560,""layout_id"":""530b0a72352be463ffb0b5e364f897205002eabdfb9835ed648e3185678ce5ab"",""modulation_padding_bits"":0,""mother_bits"":13312,""n"":5396,""n_cb"":12800,""n_cb_comp"":12656,""power_protocol"":""fixed_constellation_average_Es2"",""puncturing_bits"":7772,""puncturing_first_2Z"":512,""puncturing_remaining"":7260,""repetition_bits"":0,""scrambling"":""public_PCG64_SHA256_protocol_session_frame_group_counter_after_rate_matching_v1"",""shortening_bits"":144,""z"":256}",[2048]
QPSK,5/6,QPSK:r5/6,cd93a8baa2f8ceda3f6ce4c2844036752b8329f57473af162e7f8794d7e285af,3276,16,0,3292,3520,228,10880,3952,1976,0,0.832995951417004,0.8289473684210527,"{""actual_effective_rate"":0.832995951417004,""bg"":""bg1"",""bit_mapping"":""component_Gray_00_-3_01_-1_10_3_11_1_over_sqrt5;QPSK_0_plus1_1_minus1"",""code_blocks"":1,""decoder_config"":{""cn_schedule"":""flooding"",""cn_update"":""boxplus-phi"",""early_stop"":false,""hard_out"":true,""harq_mode"":false,""llr_max"":20.0,""num_iter"":20,""precision"":""single"",""prune_pcm"":true,""return_infobits"":true,""vn_update"":""sum""},""implementation"":{""bit_mapping"":""component_Gray_00_-3_01_-1_10_3_11_1_over_sqrt5;QPSK_0_plus1_1_minus1"",""cuda"":""12.8"",""decoder"":{""cn_schedule"":""flooding"",""cn_update"":""boxplus-phi"",""early_stop"":false,""hard_out"":true,""harq_mode"":false,""llr_max"":20.0,""num_iter"":20,""precision"":""single"",""prune_pcm"":true,""return_infobits"":true,""vn_update"":""sum""},""decoder_source_sha256"":""44d84b92b749e2970f94d92cd348a11648e2286b4d851faa0af8b21d08f0da23"",""encoder_source_sha256"":""34d8db6660b2e84708a8fb534f63c194f6f2b964e3693fcffc9dcaf21532ccfd"",""implementation"":""Sionna_5G_LDPC"",""power_protocol"":""fixed_constellation_average_Es2"",""precision"":""float32"",""rate_matching"":""Sionna RV0; filler removal, first2Z and tail puncturing; supported n only"",""scrambling"":""public_PCG64_SHA256_protocol_session_frame_group_counter_after_rate_matching_v1"",""torch"":""2.11.0+cu128"",""version"":""2.2.0""},""interleaver_sha256"":""5fdfdd08dc9fa6597267f0f5b94c1bbaeee5bac6856fcff4fb01bd5784465941"",""k"":3292,""k_filler"":228,""k_ldpc"":3520,""layout_id"":""7eff7224549c8d18ba21035a8cddda8a24be66e98a6fd764a1f2d717ce40a827"",""modulation_padding_bits"":0,""mother_bits"":10880,""n"":3952,""n_cb"":10560,""n_cb_comp"":10332,""power_protocol"":""fixed_constellation_average_Es2"",""puncturing_bits"":6700,""puncturing_first_2Z"":320,""puncturing_remaining"":6380,""repetition_bits"":0,""scrambling"":""public_PCG64_SHA256_protocol_session_frame_group_counter_after_rate_matching_v1"",""shortening_bits"":228,""z"":160}",[2048]
16QAM,5/6,16QAM:r5/6,cd9508aab64b3d3819c04ae4df1536c9208efb50bc6cd4bfa8c62de44d90f0dc,1860,16,0,1876,1920,44,9984,3000,750,0,0.6253333333333333,0.62,"{""actual_effective_rate"":0.6253333333333333,""bg"":""bg2"",""bit_mapping"":""component_Gray_00_-3_01_-1_10_3_11_1_over_sqrt5;QPSK_0_plus1_1_minus1"",""code_blocks"":1,""decoder_config"":{""cn_schedule"":""flooding"",""cn_update"":""boxplus-phi"",""early_stop"":false,""hard_out"":true,""harq_mode"":false,""llr_max"":20.0,""num_iter"":20,""precision"":""single"",""prune_pcm"":true,""return_infobits"":true,""vn_update"":""sum""},""implementation"":{""bit_mapping"":""component_Gray_00_-3_01_-1_10_3_11_1_over_sqrt5;QPSK_0_plus1_1_minus1"",""cuda"":""12.8"",""decoder"":{""cn_schedule"":""flooding"",""cn_update"":""boxplus-phi"",""early_stop"":false,""hard_out"":true,""harq_mode"":false,""llr_max"":20.0,""num_iter"":20,""precision"":""single"",""prune_pcm"":true,""return_infobits"":true,""vn_update"":""sum""},""decoder_source_sha256"":""44d84b92b749e2970f94d92cd348a11648e2286b4d851faa0af8b21d08f0da23"",""encoder_source_sha256"":""34d8db6660b2e84708a8fb534f63c194f6f2b964e3693fcffc9dcaf21532ccfd"",""implementation"":""Sionna_5G_LDPC"",""power_protocol"":""fixed_constellation_average_Es2"",""precision"":""float32"",""rate_matching"":""Sionna RV0; filler removal, first2Z and tail puncturing; supported n only"",""scrambling"":""public_PCG64_SHA256_protocol_session_frame_group_counter_after_rate_matching_v1"",""torch"":""2.11.0+cu128"",""version"":""2.2.0""},""interleaver_sha256"":""1a079114682ed11e6f8b763afe2f69ce8dbcad3261d5d846b029f0fc8e2fb132"",""k"":1876,""k_filler"":44,""k_ldpc"":1920,""layout_id"":""1b2482251a5c5912c321e24ce560d059c947c5366f6a2d19eb4a94c1b4f33add"",""modulation_padding_bits"":0,""mother_bits"":9984,""n"":3000,""n_cb"":9600,""n_cb_comp"":9556,""power_protocol"":""fixed_constellation_average_Es2"",""puncturing_bits"":6940,""puncturing_first_2Z"":384,""puncturing_remaining"":6556,""repetition_bits"":0,""scrambling"":""public_PCG64_SHA256_protocol_session_frame_group_counter_after_rate_matching_v1"",""shortening_bits"":44,""z"":192}",[2048]
QPSK,3/4,QPSK:r3/4,cd96e0110a5298ea3dd62e133654a5194c8e4eb5f0d8aa87930be611656e2ae3,1092,16,0,1108,1120,12,5824,2286,1143,0,0.4846894138232721,0.4776902887139108,"{""actual_effective_rate"":0.4846894138232721,""bg"":""bg2"",""bit_mapping"":""component_Gray_00_-3_01_-1_10_3_11_1_over_sqrt5;QPSK_0_plus1_1_minus1"",""code_blocks"":1,""decoder_config"":{""cn_schedule"":""flooding"",""cn_update"":""boxplus-phi"",""early_stop"":false,""hard_out"":true,""harq_mode"":false,""llr_max"":20.0,""num_iter"":20,""precision"":""single"",""prune_pcm"":true,""return_infobits"":true,""vn_update"":""sum""},""implementation"":{""bit_mapping"":""component_Gray_00_-3_01_-1_10_3_11_1_over_sqrt5;QPSK_0_plus1_1_minus1"",""cuda"":""12.8"",""decoder"":{""cn_schedule"":""flooding"",""cn_update"":""boxplus-phi"",""early_stop"":false,""hard_out"":true,""harq_mode"":false,""llr_max"":20.0,""num_iter"":20,""precision"":""single"",""prune_pcm"":true,""return_infobits"":true,""vn_update"":""sum""},""decoder_source_sha256"":""44d84b92b749e2970f94d92cd348a11648e2286b4d851faa0af8b21d08f0da23"",""encoder_source_sha256"":""34d8db6660b2e84708a8fb534f63c194f6f2b964e3693fcffc9dcaf21532ccfd"",""implementation"":""Sionna_5G_LDPC"",""power_protocol"":""fixed_constellation_average_Es2"",""precision"":""float32"",""rate_matching"":""Sionna RV0; filler removal, first2Z and tail puncturing; supported n only"",""scrambling"":""public_PCG64_SHA256_protocol_session_frame_group_counter_after_rate_matching_v1"",""torch"":""2.11.0+cu128"",""version"":""2.2.0""},""interleaver_sha256"":""301c698a7ab58bb1c647a660a92ef4ba6dafd51eb1aaf5f98cca39d0cde79fb7"",""k"":1108,""k_filler"":12,""k_ldpc"":1120,""layout_id"":""e3bc79c9a43eb67ebc68738c8859126bff8eeac670bcd67c1005e2c09976cb8d"",""modulation_padding_bits"":0,""mother_bits"":5824,""n"":2286,""n_cb"":5600,""n_cb_comp"":5588,""power_protocol"":""fixed_constellation_average_Es2"",""puncturing_bits"":3526,""puncturing_first_2Z"":224,""puncturing_remaining"":3302,""repetition_bits"":0,""scrambling"":""public_PCG64_SHA256_protocol_session_frame_group_counter_after_rate_matching_v1"",""shortening_bits"":12,""z"":112}",[2048]
16QAM,5/6,16QAM:r5/6,cd9b47ec768f496893f1562e2dd9a1f809ff89867afbf60d14f2cc9e1d06c9c1,1092,16,0,1108,1120,12,5824,2304,576,0,0.4809027777777778,0.4739583333333333,"{""actual_effective_rate"":0.4809027777777778,""bg"":""bg2"",""bit_mapping"":""component_Gray_00_-3_01_-1_10_3_11_1_over_sqrt5;QPSK_0_plus1_1_minus1"",""code_blocks"":1,""decoder_config"":{""cn_schedule"":""flooding"",""cn_update"":""boxplus-phi"",""early_stop"":false,""hard_out"":true,""harq_mode"":false,""llr_max"":20.0,""num_iter"":20,""precision"":""single"",""prune_pcm"":true,""return_infobits"":true,""vn_update"":""sum""},""implementation"":{""bit_mapping"":""component_Gray_00_-3_01_-1_10_3_11_1_over_sqrt5;QPSK_0_plus1_1_minus1"",""cuda"":""12.8"",""decoder"":{""cn_schedule"":""flooding"",""cn_update"":""boxplus-phi"",""early_stop"":false,""hard_out"":true,""harq_mode"":false,""llr_max"":20.0,""num_iter"":20,""precision"":""single"",""prune_pcm"":true,""return_infobits"":true,""vn_update"":""sum""},""decoder_source_sha256"":""44d84b92b749e2970f94d92cd348a11648e2286b4d851faa0af8b21d08f0da23"",""encoder_source_sha256"":""34d8db6660b2e84708a8fb534f63c194f6f2b964e3693fcffc9dcaf21532ccfd"",""implementation"":""Sionna_5G_LDPC"",""power_protocol"":""fixed_constellation_average_Es2"",""precision"":""float32"",""rate_matching"":""Sionna RV0; filler removal, first2Z and tail puncturing; supported n only"",""scrambling"":""public_PCG64_SHA256_protocol_session_frame_group_counter_after_rate_matching_v1"",""torch"":""2.11.0+cu128"",""version"":""2.2.0""},""interleaver_sha256"":""6a7d9f6776138d4a753f3821c49d76c9ff12908779a1e8c61e718e5ecadd4d8f"",""k"":1108,""k_filler"":12,""k_ldpc"":1120,""layout_id"":""3d86a1ca93ab8ed8e7eebb4c1bc7c42bac7779666ba577efcb6b93af1d0523ac"",""modulation_padding_bits"":0,""mother_bits"":5824,""n"":2304,""n_cb"":5600,""n_cb_comp"":5588,""power_protocol"":""fixed_constellation_average_Es2"",""puncturing_bits"":3508,""puncturing_first_2Z"":224,""puncturing_remaining"":3284,""repetition_bits"":0,""scrambling"":""public_PCG64_SHA256_protocol_session_frame_group_counter_after_rate_matching_v1"",""shortening_bits"":12,""z"":112}",[2048]
16QAM,2/3,16QAM:r2/3,cda6819354c3fd52191dff0902eb2febcba88d0c154cbff3e80e196aa25d5434,1500,16,0,1516,1600,84,8320,5292,1323,0,0.28647014361300077,0.2834467120181406,"{""actual_effective_rate"":0.28647014361300077,""bg"":""bg2"",""bit_mapping"":""component_Gray_00_-3_01_-1_10_3_11_1_over_sqrt5;QPSK_0_plus1_1_minus1"",""code_blocks"":1,""decoder_config"":{""cn_schedule"":""flooding"",""cn_update"":""boxplus-phi"",""early_stop"":false,""hard_out"":true,""harq_mode"":false,""llr_max"":20.0,""num_iter"":20,""precision"":""single"",""prune_pcm"":true,""return_infobits"":true,""vn_update"":""sum""},""implementation"":{""bit_mapping"":""component_Gray_00_-3_01_-1_10_3_11_1_over_sqrt5;QPSK_0_plus1_1_minus1"",""cuda"":""12.8"",""decoder"":{""cn_schedule"":""flooding"",""cn_update"":""boxplus-phi"",""early_stop"":false,""hard_out"":true,""harq_mode"":false,""llr_max"":20.0,""num_iter"":20,""precision"":""single"",""prune_pcm"":true,""return_infobits"":true,""vn_update"":""sum""},""decoder_source_sha256"":""44d84b92b749e2970f94d92cd348a11648e2286b4d851faa0af8b21d08f0da23"",""encoder_source_sha256"":""34d8db6660b2e84708a8fb534f63c194f6f2b964e3693fcffc9dcaf21532ccfd"",""implementation"":""Sionna_5G_LDPC"",""power_protocol"":""fixed_constellation_average_Es2"",""precision"":""float32"",""rate_matching"":""Sionna RV0; filler removal, first2Z and tail puncturing; supported n only"",""scrambling"":""public_PCG64_SHA256_protocol_session_frame_group_counter_after_rate_matching_v1"",""torch"":""2.11.0+cu128"",""version"":""2.2.0""},""interleaver_sha256"":""b66f293bca4b3f4ffa918c0c43ee41ec17b6c3bea2ee3e594c7e1a229ce5ed6e"",""k"":1516,""k_filler"":84,""k_ldpc"":1600,""layout_id"":""9f97c469a7698e69679dbcfe5b1ad6f5d2418d3ff3fa70b13546424496dd9f8e"",""modulation_padding_bits"":0,""mother_bits"":8320,""n"":5292,""n_cb"":8000,""n_cb_comp"":7916,""power_protocol"":""fixed_constellation_average_Es2"",""puncturing_bits"":2944,""puncturing_first_2Z"":320,""puncturing_remaining"":2624,""repetition_bits"":0,""scrambling"":""public_PCG64_SHA256_protocol_session_frame_group_counter_after_rate_matching_v1"",""shortening_bits"":84,""z"":160}",[2048]
QPSK,3/4,QPSK:r3/4,cdb922c8510b20e58e4679c95a91ad68f54a9db9ef2d8b86ce24983d1d929497,360,16,0,376,480,104,2496,1682,841,0,0.2235434007134364,0.2140309155766944,"{""actual_effective_rate"":0.2235434007134364,""bg"":""bg2"",""bit_mapping"":""component_Gray_00_-3_01_-1_10_3_11_1_over_sqrt5;QPSK_0_plus1_1_minus1"",""code_blocks"":1,""decoder_config"":{""cn_schedule"":""flooding"",""cn_update"":""boxplus-phi"",""early_stop"":false,""hard_out"":true,""harq_mode"":false,""llr_max"":20.0,""num_iter"":20,""precision"":""single"",""prune_pcm"":true,""return_infobits"":true,""vn_update"":""sum""},""implementation"":{""bit_mapping"":""component_Gray_00_-3_01_-1_10_3_11_1_over_sqrt5;QPSK_0_plus1_1_minus1"",""cuda"":""12.8"",""decoder"":{""cn_schedule"":""flooding"",""cn_update"":""boxplus-phi"",""early_stop"":false,""hard_out"":true,""harq_mode"":false,""llr_max"":20.0,""num_iter"":20,""precision"":""single"",""prune_pcm"":true,""return_infobits"":true,""vn_update"":""sum""},""decoder_source_sha256"":""44d84b92b749e2970f94d92cd348a11648e2286b4d851faa0af8b21d08f0da23"",""encoder_source_sha256"":""34d8db6660b2e84708a8fb534f63c194f6f2b964e3693fcffc9dcaf21532ccfd"",""implementation"":""Sionna_5G_LDPC"",""power_protocol"":""fixed_constellation_average_Es2"",""precision"":""float32"",""rate_matching"":""Sionna RV0; filler removal, first2Z and tail puncturing; supported n only"",""scrambling"":""public_PCG64_SHA256_protocol_session_frame_group_counter_after_rate_matching_v1"",""torch"":""2.11.0+cu128"",""version"":""2.2.0""},""interleaver_sha256"":""0a84521f6dcbf320202ed99d9e1e34997fa9a4e46c273c8ad651872705a02dbd"",""k"":376,""k_filler"":104,""k_ldpc"":480,""layout_id"":""1649d20c308a52355ee0505dabe4b61ba0a19bc79ee26c1b06e0b210923c7a58"",""modulation_padding_bits"":0,""mother_bits"":2496,""n"":1682,""n_cb"":2400,""n_cb_comp"":2296,""power_protocol"":""fixed_constellation_average_Es2"",""puncturing_bits"":710,""puncturing_first_2Z"":96,""puncturing_remaining"":614,""repetition_bits"":0,""scrambling"":""public_PCG64_SHA256_protocol_session_frame_group_counter_after_rate_matching_v1"",""shortening_bits"":104,""z"":48}",[2048]
16QAM,1/2,16QAM:r1/2,cdbc8677244944377cc52e220e56012ca713bd0e2c947fba7db24a621b57929d,660,16,0,676,720,44,3744,2388,597,0,0.2830820770519263,0.27638190954773867,"{""actual_effective_rate"":0.2830820770519263,""bg"":""bg2"",""bit_mapping"":""component_Gray_00_-3_01_-1_10_3_11_1_over_sqrt5;QPSK_0_plus1_1_minus1"",""code_blocks"":1,""decoder_config"":{""cn_schedule"":""flooding"",""cn_update"":""boxplus-phi"",""early_stop"":false,""hard_out"":true,""harq_mode"":false,""llr_max"":20.0,""num_iter"":20,""precision"":""single"",""prune_pcm"":true,""return_infobits"":true,""vn_update"":""sum""},""implementation"":{""bit_mapping"":""component_Gray_00_-3_01_-1_10_3_11_1_over_sqrt5;QPSK_0_plus1_1_minus1"",""cuda"":""12.8"",""decoder"":{""cn_schedule"":""flooding"",""cn_update"":""boxplus-phi"",""early_stop"":false,""hard_out"":true,""harq_mode"":false,""llr_max"":20.0,""num_iter"":20,""precision"":""single"",""prune_pcm"":true,""return_infobits"":true,""vn_update"":""sum""},""decoder_source_sha256"":""44d84b92b749e2970f94d92cd348a11648e2286b4d851faa0af8b21d08f0da23"",""encoder_source_sha256"":""34d8db6660b2e84708a8fb534f63c194f6f2b964e3693fcffc9dcaf21532ccfd"",""implementation"":""Sionna_5G_LDPC"",""power_protocol"":""fixed_constellation_average_Es2"",""precision"":""float32"",""rate_matching"":""Sionna RV0; filler removal, first2Z and tail puncturing; supported n only"",""scrambling"":""public_PCG64_SHA256_protocol_session_frame_group_counter_after_rate_matching_v1"",""torch"":""2.11.0+cu128"",""version"":""2.2.0""},""interleaver_sha256"":""25ed24f518802f5ffb42dd7adf381c9cc440b56e720406082ddfcb8e98a7d7ae"",""k"":676,""k_filler"":44,""k_ldpc"":720,""layout_id"":""29bb4f1393728ffa96b0ac8b626994b6276c53ab98125f6bc9575dd5780b1689"",""modulation_padding_bits"":0,""mother_bits"":3744,""n"":2388,""n_cb"":3600,""n_cb_comp"":3556,""power_protocol"":""fixed_constellation_average_Es2"",""puncturing_bits"":1312,""puncturing_first_2Z"":144,""puncturing_remaining"":1168,""repetition_bits"":0,""scrambling"":""public_PCG64_SHA256_protocol_session_frame_group_counter_after_rate_matching_v1"",""shortening_bits"":44,""z"":72}",[1024]
QPSK,1/2,QPSK:r1/2,cde33384448df9f1d8bb3ab59e61d2c734c4a574e5b52744790d5a9aeeb6445b,768,16,0,784,800,16,4160,2586,1293,0,0.3031709203402939,0.29698375870069604,"{""actual_effective_rate"":0.3031709203402939,""bg"":""bg2"",""bit_mapping"":""component_Gray_00_-3_01_-1_10_3_11_1_over_sqrt5;QPSK_0_plus1_1_minus1"",""code_blocks"":1,""decoder_config"":{""cn_schedule"":""flooding"",""cn_update"":""boxplus-phi"",""early_stop"":false,""hard_out"":true,""harq_mode"":false,""llr_max"":20.0,""num_iter"":20,""precision"":""single"",""prune_pcm"":true,""return_infobits"":true,""vn_update"":""sum""},""implementation"":{""bit_mapping"":""component_Gray_00_-3_01_-1_10_3_11_1_over_sqrt5;QPSK_0_plus1_1_minus1"",""cuda"":""12.8"",""decoder"":{""cn_schedule"":""flooding"",""cn_update"":""boxplus-phi"",""early_stop"":false,""hard_out"":true,""harq_mode"":false,""llr_max"":20.0,""num_iter"":20,""precision"":""single"",""prune_pcm"":true,""return_infobits"":true,""vn_update"":""sum""},""decoder_source_sha256"":""44d84b92b749e2970f94d92cd348a11648e2286b4d851faa0af8b21d08f0da23"",""encoder_source_sha256"":""34d8db6660b2e84708a8fb534f63c194f6f2b964e3693fcffc9dcaf21532ccfd"",""implementation"":""Sionna_5G_LDPC"",""power_protocol"":""fixed_constellation_average_Es2"",""precision"":""float32"",""rate_matching"":""Sionna RV0; filler removal, first2Z and tail puncturing; supported n only"",""scrambling"":""public_PCG64_SHA256_protocol_session_frame_group_counter_after_rate_matching_v1"",""torch"":""2.11.0+cu128"",""version"":""2.2.0""},""interleaver_sha256"":""d0843070574dde115086976a7b61d35efc29cd8fee610b7d6fac6cbe599cbd44"",""k"":784,""k_filler"":16,""k_ldpc"":800,""layout_id"":""5dd0700038bd99d113068a2db0e6f7930ad525f8f859672b1fe85193ead0d53b"",""modulation_padding_bits"":0,""mother_bits"":4160,""n"":2586,""n_cb"":4000,""n_cb_comp"":3984,""power_protocol"":""fixed_constellation_average_Es2"",""puncturing_bits"":1558,""puncturing_first_2Z"":160,""puncturing_remaining"":1398,""repetition_bits"":0,""scrambling"":""public_PCG64_SHA256_protocol_session_frame_group_counter_after_rate_matching_v1"",""shortening_bits"":16,""z"":80}",[2048]
QPSK,1/2,QPSK:r1/2,cdee08b1173a1fc7cdf0cf07f6b5904ffe9d40883bed3713cff9a340167968bd,660,16,0,676,720,44,3744,1438,719,0,0.47009735744089015,0.45897079276773295,"{""actual_effective_rate"":0.47009735744089015,""bg"":""bg2"",""bit_mapping"":""component_Gray_00_-3_01_-1_10_3_11_1_over_sqrt5;QPSK_0_plus1_1_minus1"",""code_blocks"":1,""decoder_config"":{""cn_schedule"":""flooding"",""cn_update"":""boxplus-phi"",""early_stop"":false,""hard_out"":true,""harq_mode"":false,""llr_max"":20.0,""num_iter"":20,""precision"":""single"",""prune_pcm"":true,""return_infobits"":true,""vn_update"":""sum""},""implementation"":{""bit_mapping"":""component_Gray_00_-3_01_-1_10_3_11_1_over_sqrt5;QPSK_0_plus1_1_minus1"",""cuda"":""12.8"",""decoder"":{""cn_schedule"":""flooding"",""cn_update"":""boxplus-phi"",""early_stop"":false,""hard_out"":true,""harq_mode"":false,""llr_max"":20.0,""num_iter"":20,""precision"":""single"",""prune_pcm"":true,""return_infobits"":true,""vn_update"":""sum""},""decoder_source_sha256"":""44d84b92b749e2970f94d92cd348a11648e2286b4d851faa0af8b21d08f0da23"",""encoder_source_sha256"":""34d8db6660b2e84708a8fb534f63c194f6f2b964e3693fcffc9dcaf21532ccfd"",""implementation"":""Sionna_5G_LDPC"",""power_protocol"":""fixed_constellation_average_Es2"",""precision"":""float32"",""rate_matching"":""Sionna RV0; filler removal, first2Z and tail puncturing; supported n only"",""scrambling"":""public_PCG64_SHA256_protocol_session_frame_group_counter_after_rate_matching_v1"",""torch"":""2.11.0+cu128"",""version"":""2.2.0""},""interleaver_sha256"":""817d14c6eb66b13f88f28470813c744775de9e36f68e99b8227835ba9af84dca"",""k"":676,""k_filler"":44,""k_ldpc"":720,""layout_id"":""ff3e4ecb49dadfbb8d552ba5dcc6fa2d16eb20c3ccf28fb9c9c94a849a245b2b"",""modulation_padding_bits"":0,""mother_bits"":3744,""n"":1438,""n_cb"":3600,""n_cb_comp"":3556,""power_protocol"":""fixed_constellation_average_Es2"",""puncturing_bits"":2262,""puncturing_first_2Z"":144,""puncturing_remaining"":2118,""repetition_bits"":0,""scrambling"":""public_PCG64_SHA256_protocol_session_frame_group_counter_after_rate_matching_v1"",""shortening_bits"":44,""z"":72}",[1024]
QPSK,1/2,QPSK:r1/2,ce0e2eebeaac2fce285f9ef3ddf321ec3c6a8bb05beea65c082b5c99a7db3ceb,660,16,0,676,720,44,3744,1412,706,0,0.47875354107648727,0.46742209631728043,"{""actual_effective_rate"":0.47875354107648727,""bg"":""bg2"",""bit_mapping"":""component_Gray_00_-3_01_-1_10_3_11_1_over_sqrt5;QPSK_0_plus1_1_minus1"",""code_blocks"":1,""decoder_config"":{""cn_schedule"":""flooding"",""cn_update"":""boxplus-phi"",""early_stop"":false,""hard_out"":true,""harq_mode"":false,""llr_max"":20.0,""num_iter"":20,""precision"":""single"",""prune_pcm"":true,""return_infobits"":true,""vn_update"":""sum""},""implementation"":{""bit_mapping"":""component_Gray_00_-3_01_-1_10_3_11_1_over_sqrt5;QPSK_0_plus1_1_minus1"",""cuda"":""12.8"",""decoder"":{""cn_schedule"":""flooding"",""cn_update"":""boxplus-phi"",""early_stop"":false,""hard_out"":true,""harq_mode"":false,""llr_max"":20.0,""num_iter"":20,""precision"":""single"",""prune_pcm"":true,""return_infobits"":true,""vn_update"":""sum""},""decoder_source_sha256"":""44d84b92b749e2970f94d92cd348a11648e2286b4d851faa0af8b21d08f0da23"",""encoder_source_sha256"":""34d8db6660b2e84708a8fb534f63c194f6f2b964e3693fcffc9dcaf21532ccfd"",""implementation"":""Sionna_5G_LDPC"",""power_protocol"":""fixed_constellation_average_Es2"",""precision"":""float32"",""rate_matching"":""Sionna RV0; filler removal, first2Z and tail puncturing; supported n only"",""scrambling"":""public_PCG64_SHA256_protocol_session_frame_group_counter_after_rate_matching_v1"",""torch"":""2.11.0+cu128"",""version"":""2.2.0""},""interleaver_sha256"":""09f908ecf55533919318d49ae0a5f989b8ae998aff4da7e50b922b3352b27ba5"",""k"":676,""k_filler"":44,""k_ldpc"":720,""layout_id"":""da5a367883942d60a9830b1fcbf4f5434b280a8038e01a7ff7ea38a8f7055c22"",""modulation_padding_bits"":0,""mother_bits"":3744,""n"":1412,""n_cb"":3600,""n_cb_comp"":3556,""power_protocol"":""fixed_constellation_average_Es2"",""puncturing_bits"":2288,""puncturing_first_2Z"":144,""puncturing_remaining"":2144,""repetition_bits"":0,""scrambling"":""public_PCG64_SHA256_protocol_session_frame_group_counter_after_rate_matching_v1"",""shortening_bits"":44,""z"":72}",[1024]
16QAM,2/3,16QAM:r2/3,ce18f87baa5e7669a5a60dff1d12edf8c6240bfa1c42f36fd7b0afa3b2777df4,2400,16,0,2416,2560,144,13312,6468,1617,0,0.37353123067408783,0.37105751391465674,"{""actual_effective_rate"":0.37353123067408783,""bg"":""bg2"",""bit_mapping"":""component_Gray_00_-3_01_-1_10_3_11_1_over_sqrt5;QPSK_0_plus1_1_minus1"",""code_blocks"":1,""decoder_config"":{""cn_schedule"":""flooding"",""cn_update"":""boxplus-phi"",""early_stop"":false,""hard_out"":true,""harq_mode"":false,""llr_max"":20.0,""num_iter"":20,""precision"":""single"",""prune_pcm"":true,""return_infobits"":true,""vn_update"":""sum""},""implementation"":{""bit_mapping"":""component_Gray_00_-3_01_-1_10_3_11_1_over_sqrt5;QPSK_0_plus1_1_minus1"",""cuda"":""12.8"",""decoder"":{""cn_schedule"":""flooding"",""cn_update"":""boxplus-phi"",""early_stop"":false,""hard_out"":true,""harq_mode"":false,""llr_max"":20.0,""num_iter"":20,""precision"":""single"",""prune_pcm"":true,""return_infobits"":true,""vn_update"":""sum""},""decoder_source_sha256"":""44d84b92b749e2970f94d92cd348a11648e2286b4d851faa0af8b21d08f0da23"",""encoder_source_sha256"":""34d8db6660b2e84708a8fb534f63c194f6f2b964e3693fcffc9dcaf21532ccfd"",""implementation"":""Sionna_5G_LDPC"",""power_protocol"":""fixed_constellation_average_Es2"",""precision"":""float32"",""rate_matching"":""Sionna RV0; filler removal, first2Z and tail puncturing; supported n only"",""scrambling"":""public_PCG64_SHA256_protocol_session_frame_group_counter_after_rate_matching_v1"",""torch"":""2.11.0+cu128"",""version"":""2.2.0""},""interleaver_sha256"":""0944e18c453d6c39d37c44190c147c0c407dfbddacf86b37c72f536c9fffa43a"",""k"":2416,""k_filler"":144,""k_ldpc"":2560,""layout_id"":""fa8963bdce08f639bf624b246bc580bfe7e9d6b760b3034fefffac0195b08b30"",""modulation_padding_bits"":0,""mother_bits"":13312,""n"":6468,""n_cb"":12800,""n_cb_comp"":12656,""power_protocol"":""fixed_constellation_average_Es2"",""puncturing_bits"":6700,""puncturing_first_2Z"":512,""puncturing_remaining"":6188,""repetition_bits"":0,""scrambling"":""public_PCG64_SHA256_protocol_session_frame_group_counter_after_rate_matching_v1"",""shortening_bits"":144,""z"":256}",[2048]
16QAM,3/4,16QAM:r3/4,ce1ce0757e832e31330dd67f6db0740f7875359907b6a3a598cced17c959a22d,1668,16,0,1684,1760,76,5440,2248,562,0,0.7491103202846975,0.7419928825622776,"{""actual_effective_rate"":0.7491103202846975,""bg"":""bg1"",""bit_mapping"":""component_Gray_00_-3_01_-1_10_3_11_1_over_sqrt5;QPSK_0_plus1_1_minus1"",""code_blocks"":1,""decoder_config"":{""cn_schedule"":""flooding"",""cn_update"":""boxplus-phi"",""early_stop"":false,""hard_out"":true,""harq_mode"":false,""llr_max"":20.0,""num_iter"":20,""precision"":""single"",""prune_pcm"":true,""return_infobits"":true,""vn_update"":""sum""},""implementation"":{""bit_mapping"":""component_Gray_00_-3_01_-1_10_3_11_1_over_sqrt5;QPSK_0_plus1_1_minus1"",""cuda"":""12.8"",""decoder"":{""cn_schedule"":""flooding"",""cn_update"":""boxplus-phi"",""early_stop"":false,""hard_out"":true,""harq_mode"":false,""llr_max"":20.0,""num_iter"":20,""precision"":""single"",""prune_pcm"":true,""return_infobits"":true,""vn_update"":""sum""},""decoder_source_sha256"":""44d84b92b749e2970f94d92cd348a11648e2286b4d851faa0af8b21d08f0da23"",""encoder_source_sha256"":""34d8db6660b2e84708a8fb534f63c194f6f2b964e3693fcffc9dcaf21532ccfd"",""implementation"":""Sionna_5G_LDPC"",""power_protocol"":""fixed_constellation_average_Es2"",""precision"":""float32"",""rate_matching"":""Sionna RV0; filler removal, first2Z and tail puncturing; supported n only"",""scrambling"":""public_PCG64_SHA256_protocol_session_frame_group_counter_after_rate_matching_v1"",""torch"":""2.11.0+cu128"",""version"":""2.2.0""},""interleaver_sha256"":""7f85aa781376e6deb40e63dd5b32eb26c187d7ccd68172972a7927a3ecb1a5e2"",""k"":1684,""k_filler"":76,""k_ldpc"":1760,""layout_id"":""e8315702504c9ac494943aef20ee1a76ff2f9b1dd95d392a85c964d738e76534"",""modulation_padding_bits"":0,""mother_bits"":5440,""n"":2248,""n_cb"":5280,""n_cb_comp"":5204,""power_protocol"":""fixed_constellation_average_Es2"",""puncturing_bits"":3116,""puncturing_first_2Z"":160,""puncturing_remaining"":2956,""repetition_bits"":0,""scrambling"":""public_PCG64_SHA256_protocol_session_frame_group_counter_after_rate_matching_v1"",""shortening_bits"":76,""z"":80}","[1024,2048]"
QPSK,2/3,QPSK:r2/3,ce238d20b4fbe55d953f8b86771dd0a8dacfb21216381b5db6fa6cf0dc5e164a,1860,16,0,1876,1920,44,9984,2820,1410,0,0.6652482269503546,0.6595744680851063,"{""actual_effective_rate"":0.6652482269503546,""bg"":""bg2"",""bit_mapping"":""component_Gray_00_-3_01_-1_10_3_11_1_over_sqrt5;QPSK_0_plus1_1_minus1"",""code_blocks"":1,""decoder_config"":{""cn_schedule"":""flooding"",""cn_update"":""boxplus-phi"",""early_stop"":false,""hard_out"":true,""harq_mode"":false,""llr_max"":20.0,""num_iter"":20,""precision"":""single"",""prune_pcm"":true,""return_infobits"":true,""vn_update"":""sum""},""implementation"":{""bit_mapping"":""component_Gray_00_-3_01_-1_10_3_11_1_over_sqrt5;QPSK_0_plus1_1_minus1"",""cuda"":""12.8"",""decoder"":{""cn_schedule"":""flooding"",""cn_update"":""boxplus-phi"",""early_stop"":false,""hard_out"":true,""harq_mode"":false,""llr_max"":20.0,""num_iter"":20,""precision"":""single"",""prune_pcm"":true,""return_infobits"":true,""vn_update"":""sum""},""decoder_source_sha256"":""44d84b92b749e2970f94d92cd348a11648e2286b4d851faa0af8b21d08f0da23"",""encoder_source_sha256"":""34d8db6660b2e84708a8fb534f63c194f6f2b964e3693fcffc9dcaf21532ccfd"",""implementation"":""Sionna_5G_LDPC"",""power_protocol"":""fixed_constellation_average_Es2"",""precision"":""float32"",""rate_matching"":""Sionna RV0; filler removal, first2Z and tail puncturing; supported n only"",""scrambling"":""public_PCG64_SHA256_protocol_session_frame_group_counter_after_rate_matching_v1"",""torch"":""2.11.0+cu128"",""version"":""2.2.0""},""interleaver_sha256"":""4da1df55940f6af36cebb4e827cd2938f38770a0861569c792e4a371fcdcdaa9"",""k"":1876,""k_filler"":44,""k_ldpc"":1920,""layout_id"":""877fcfb09d80a3fee0320e299bb0b0812025603db657329c2d86e46c9aaa7c13"",""modulation_padding_bits"":0,""mother_bits"":9984,""n"":2820,""n_cb"":9600,""n_cb_comp"":9556,""power_protocol"":""fixed_constellation_average_Es2"",""puncturing_bits"":7120,""puncturing_first_2Z"":384,""puncturing_remaining"":6736,""repetition_bits"":0,""scrambling"":""public_PCG64_SHA256_protocol_session_frame_group_counter_after_rate_matching_v1"",""shortening_bits"":44,""z"":192}",[2048]
QPSK,5/6,QPSK:r5/6,ce3f4d709bcb5c196c5590d995f6eceffde76796efaf90f0e7a4428560c4f87a,2664,16,0,2680,2816,136,8704,3216,1608,0,0.8333333333333334,0.8283582089552238,"{""actual_effective_rate"":0.8333333333333334,""bg"":""bg1"",""bit_mapping"":""component_Gray_00_-3_01_-1_10_3_11_1_over_sqrt5;QPSK_0_plus1_1_minus1"",""code_blocks"":1,""decoder_config"":{""cn_schedule"":""flooding"",""cn_update"":""boxplus-phi"",""early_stop"":false,""hard_out"":true,""harq_mode"":false,""llr_max"":20.0,""num_iter"":20,""precision"":""single"",""prune_pcm"":true,""return_infobits"":true,""vn_update"":""sum""},""implementation"":{""bit_mapping"":""component_Gray_00_-3_01_-1_10_3_11_1_over_sqrt5;QPSK_0_plus1_1_minus1"",""cuda"":""12.8"",""decoder"":{""cn_schedule"":""flooding"",""cn_update"":""boxplus-phi"",""early_stop"":false,""hard_out"":true,""harq_mode"":false,""llr_max"":20.0,""num_iter"":20,""precision"":""single"",""prune_pcm"":true,""return_infobits"":true,""vn_update"":""sum""},""decoder_source_sha256"":""44d84b92b749e2970f94d92cd348a11648e2286b4d851faa0af8b21d08f0da23"",""encoder_source_sha256"":""34d8db6660b2e84708a8fb534f63c194f6f2b964e3693fcffc9dcaf21532ccfd"",""implementation"":""Sionna_5G_LDPC"",""power_protocol"":""fixed_constellation_average_Es2"",""precision"":""float32"",""rate_matching"":""Sionna RV0; filler removal, first2Z and tail puncturing; supported n only"",""scrambling"":""public_PCG64_SHA256_protocol_session_frame_group_counter_after_rate_matching_v1"",""torch"":""2.11.0+cu128"",""version"":""2.2.0""},""interleaver_sha256"":""5763f3e18015d1ec12a89b18a848e42fb45b639f360e86ae42c15b77d57c4134"",""k"":2680,""k_filler"":136,""k_ldpc"":2816,""layout_id"":""3cc705a2693d11bf9fb507d9e5754f41722d35dfaead4f6c7c5e9cb762ba6a77"",""modulation_padding_bits"":0,""mother_bits"":8704,""n"":3216,""n_cb"":8448,""n_cb_comp"":8312,""power_protocol"":""fixed_constellation_average_Es2"",""puncturing_bits"":5352,""puncturing_first_2Z"":256,""puncturing_remaining"":5096,""repetition_bits"":0,""scrambling"":""public_PCG64_SHA256_protocol_session_frame_group_counter_after_rate_matching_v1"",""shortening_bits"":136,""z"":128}",[2048]
QPSK,1/2,QPSK:r1/2,ce648c0e3b65631bee39a9fe6469345dec25993dcf4877f224077cd74180e02b,372,16,0,388,520,132,2704,778,389,0,0.4987146529562982,0.4781491002570694,"{""actual_effective_rate"":0.4987146529562982,""bg"":""bg2"",""bit_mapping"":""component_Gray_00_-3_01_-1_10_3_11_1_over_sqrt5;QPSK_0_plus1_1_minus1"",""code_blocks"":1,""decoder_config"":{""cn_schedule"":""flooding"",""cn_update"":""boxplus-phi"",""early_stop"":false,""hard_out"":true,""harq_mode"":false,""llr_max"":20.0,""num_iter"":20,""precision"":""single"",""prune_pcm"":true,""return_infobits"":true,""vn_update"":""sum""},""implementation"":{""bit_mapping"":""component_Gray_00_-3_01_-1_10_3_11_1_over_sqrt5;QPSK_0_plus1_1_minus1"",""cuda"":""12.8"",""decoder"":{""cn_schedule"":""flooding"",""cn_update"":""boxplus-phi"",""early_stop"":false,""hard_out"":true,""harq_mode"":false,""llr_max"":20.0,""num_iter"":20,""precision"":""single"",""prune_pcm"":true,""return_infobits"":true,""vn_update"":""sum""},""decoder_source_sha256"":""44d84b92b749e2970f94d92cd348a11648e2286b4d851faa0af8b21d08f0da23"",""encoder_source_sha256"":""34d8db6660b2e84708a8fb534f63c194f6f2b964e3693fcffc9dcaf21532ccfd"",""implementation"":""Sionna_5G_LDPC"",""power_protocol"":""fixed_constellation_average_Es2"",""precision"":""float32"",""rate_matching"":""Sionna RV0; filler removal, first2Z and tail puncturing; supported n only"",""scrambling"":""public_PCG64_SHA256_protocol_session_frame_group_counter_after_rate_matching_v1"",""torch"":""2.11.0+cu128"",""version"":""2.2.0""},""interleaver_sha256"":""1cc30fd5ac2474a20ef0876d2a33d8cacbed563502c7fbc1bf0b0a5219b660cb"",""k"":388,""k_filler"":132,""k_ldpc"":520,""layout_id"":""73d1d53b864f5e119b16ad055fce0ffecd62fbc636c797793a17bb543b8da42f"",""modulation_padding_bits"":0,""mother_bits"":2704,""n"":778,""n_cb"":2600,""n_cb_comp"":2468,""power_protocol"":""fixed_constellation_average_Es2"",""puncturing_bits"":1794,""puncturing_first_2Z"":104,""puncturing_remaining"":1690,""repetition_bits"":0,""scrambling"":""public_PCG64_SHA256_protocol_session_frame_group_counter_after_rate_matching_v1"",""shortening_bits"":132,""z"":52}",[1024]
QPSK,3/4,QPSK:r3/4,ce77dba6bbeef45a56415aa6596e56fc2bb625c762c6fd55753674b2ffea4179,1536,16,0,1552,1584,32,4896,2076,1038,0,0.7475915221579962,0.7398843930635838,"{""actual_effective_rate"":0.7475915221579962,""bg"":""bg1"",""bit_mapping"":""component_Gray_00_-3_01_-1_10_3_11_1_over_sqrt5;QPSK_0_plus1_1_minus1"",""code_blocks"":1,""decoder_config"":{""cn_schedule"":""flooding"",""cn_update"":""boxplus-phi"",""early_stop"":false,""hard_out"":true,""harq_mode"":false,""llr_max"":20.0,""num_iter"":20,""precision"":""single"",""prune_pcm"":true,""return_infobits"":true,""vn_update"":""sum""},""implementation"":{""bit_mapping"":""component_Gray_00_-3_01_-1_10_3_11_1_over_sqrt5;QPSK_0_plus1_1_minus1"",""cuda"":""12.8"",""decoder"":{""cn_schedule"":""flooding"",""cn_update"":""boxplus-phi"",""early_stop"":false,""hard_out"":true,""harq_mode"":false,""llr_max"":20.0,""num_iter"":20,""precision"":""single"",""prune_pcm"":true,""return_infobits"":true,""vn_update"":""sum""},""decoder_source_sha256"":""44d84b92b749e2970f94d92cd348a11648e2286b4d851faa0af8b21d08f0da23"",""encoder_source_sha256"":""34d8db6660b2e84708a8fb534f63c194f6f2b964e3693fcffc9dcaf21532ccfd"",""implementation"":""Sionna_5G_LDPC"",""power_protocol"":""fixed_constellation_average_Es2"",""precision"":""float32"",""rate_matching"":""Sionna RV0; filler removal, first2Z and tail puncturing; supported n only"",""scrambling"":""public_PCG64_SHA256_protocol_session_frame_group_counter_after_rate_matching_v1"",""torch"":""2.11.0+cu128"",""version"":""2.2.0""},""interleaver_sha256"":""34dc23fbd1470b0e9d6e943e3c8e5acf72bab0a82e215538328c5353cf79b3b5"",""k"":1552,""k_filler"":32,""k_ldpc"":1584,""layout_id"":""722eb50a4fe1959060743f424d2854d2db71f2a18111c765d975af6dd4be02f8"",""modulation_padding_bits"":0,""mother_bits"":4896,""n"":2076,""n_cb"":4752,""n_cb_comp"":4720,""power_protocol"":""fixed_constellation_average_Es2"",""puncturing_bits"":2788,""puncturing_first_2Z"":144,""puncturing_remaining"":2644,""repetition_bits"":0,""scrambling"":""public_PCG64_SHA256_protocol_session_frame_group_counter_after_rate_matching_v1"",""shortening_bits"":32,""z"":72}",[2048]
16QAM,2/3,16QAM:r2/3,ce85919ac92766005d0a1c77ce821184e4d8ae84ce77574c927afb05b0d27391,1860,16,0,1876,1920,44,9984,3664,916,0,0.5120087336244541,0.50764192139738,"{""actual_effective_rate"":0.5120087336244541,""bg"":""bg2"",""bit_mapping"":""component_Gray_00_-3_01_-1_10_3_11_1_over_sqrt5;QPSK_0_plus1_1_minus1"",""code_blocks"":1,""decoder_config"":{""cn_schedule"":""flooding"",""cn_update"":""boxplus-phi"",""early_stop"":false,""hard_out"":true,""harq_mode"":false,""llr_max"":20.0,""num_iter"":20,""precision"":""single"",""prune_pcm"":true,""return_infobits"":true,""vn_update"":""sum""},""implementation"":{""bit_mapping"":""component_Gray_00_-3_01_-1_10_3_11_1_over_sqrt5;QPSK_0_plus1_1_minus1"",""cuda"":""12.8"",""decoder"":{""cn_schedule"":""flooding"",""cn_update"":""boxplus-phi"",""early_stop"":false,""hard_out"":true,""harq_mode"":false,""llr_max"":20.0,""num_iter"":20,""precision"":""single"",""prune_pcm"":true,""return_infobits"":true,""vn_update"":""sum""},""decoder_source_sha256"":""44d84b92b749e2970f94d92cd348a11648e2286b4d851faa0af8b21d08f0da23"",""encoder_source_sha256"":""34d8db6660b2e84708a8fb534f63c194f6f2b964e3693fcffc9dcaf21532ccfd"",""implementation"":""Sionna_5G_LDPC"",""power_protocol"":""fixed_constellation_average_Es2"",""precision"":""float32"",""rate_matching"":""Sionna RV0; filler removal, first2Z and tail puncturing; supported n only"",""scrambling"":""public_PCG64_SHA256_protocol_session_frame_group_counter_after_rate_matching_v1"",""torch"":""2.11.0+cu128"",""version"":""2.2.0""},""interleaver_sha256"":""36c75595265fb350e643dafd1ad3d2eed46116bad9d6d1d6af2d733f88c56611"",""k"":1876,""k_filler"":44,""k_ldpc"":1920,""layout_id"":""f562bfbabcb4cf187ad30649d1ff36005be14085e8ef5bd201ba837cd525704d"",""modulation_padding_bits"":0,""mother_bits"":9984,""n"":3664,""n_cb"":9600,""n_cb_comp"":9556,""power_protocol"":""fixed_constellation_average_Es2"",""puncturing_bits"":6276,""puncturing_first_2Z"":384,""puncturing_remaining"":5892,""repetition_bits"":0,""scrambling"":""public_PCG64_SHA256_protocol_session_frame_group_counter_after_rate_matching_v1"",""shortening_bits"":44,""z"":192}",[2048]
16QAM,1/3,16QAM:r1/3,ce99bedee0983857bc2a7636f3589a84d525a7c77e53d3fcb61c070486bda034,360,16,0,376,480,104,2496,1712,428,0,0.21962616822429906,0.2102803738317757,"{""actual_effective_rate"":0.21962616822429906,""bg"":""bg2"",""bit_mapping"":""component_Gray_00_-3_01_-1_10_3_11_1_over_sqrt5;QPSK_0_plus1_1_minus1"",""code_blocks"":1,""decoder_config"":{""cn_schedule"":""flooding"",""cn_update"":""boxplus-phi"",""early_stop"":false,""hard_out"":true,""harq_mode"":false,""llr_max"":20.0,""num_iter"":20,""precision"":""single"",""prune_pcm"":true,""return_infobits"":true,""vn_update"":""sum""},""implementation"":{""bit_mapping"":""component_Gray_00_-3_01_-1_10_3_11_1_over_sqrt5;QPSK_0_plus1_1_minus1"",""cuda"":""12.8"",""decoder"":{""cn_schedule"":""flooding"",""cn_update"":""boxplus-phi"",""early_stop"":false,""hard_out"":true,""harq_mode"":false,""llr_max"":20.0,""num_iter"":20,""precision"":""single"",""prune_pcm"":true,""return_infobits"":true,""vn_update"":""sum""},""decoder_source_sha256"":""44d84b92b749e2970f94d92cd348a11648e2286b4d851faa0af8b21d08f0da23"",""encoder_source_sha256"":""34d8db6660b2e84708a8fb534f63c194f6f2b964e3693fcffc9dcaf21532ccfd"",""implementation"":""Sionna_5G_LDPC"",""power_protocol"":""fixed_constellation_average_Es2"",""precision"":""float32"",""rate_matching"":""Sionna RV0; filler removal, first2Z and tail puncturing; supported n only"",""scrambling"":""public_PCG64_SHA256_protocol_session_frame_group_counter_after_rate_matching_v1"",""torch"":""2.11.0+cu128"",""version"":""2.2.0""},""interleaver_sha256"":""368789c40821e587a85620e5eefeac62247bc9d38939e72b99db492575790b6a"",""k"":376,""k_filler"":104,""k_ldpc"":480,""layout_id"":""7f9a0eecc8d252aa62a8325548de6906ea4b6e425e43eb6be472eb9928e4301a"",""modulation_padding_bits"":0,""mother_bits"":2496,""n"":1712,""n_cb"":2400,""n_cb_comp"":2296,""power_protocol"":""fixed_constellation_average_Es2"",""puncturing_bits"":680,""puncturing_first_2Z"":96,""puncturing_remaining"":584,""repetition_bits"":0,""scrambling"":""public_PCG64_SHA256_protocol_session_frame_group_counter_after_rate_matching_v1"",""shortening_bits"":104,""z"":48}",[1024]
16QAM,5/6,16QAM:r5/6,ceac434277c04cc2b88eaace316862f3e9aac398cddaa6da53db4c78661e5ef7,660,16,0,676,720,44,3744,1200,300,0,0.5633333333333334,0.55,"{""actual_effective_rate"":0.5633333333333334,""bg"":""bg2"",""bit_mapping"":""component_Gray_00_-3_01_-1_10_3_11_1_over_sqrt5;QPSK_0_plus1_1_minus1"",""code_blocks"":1,""decoder_config"":{""cn_schedule"":""flooding"",""cn_update"":""boxplus-phi"",""early_stop"":false,""hard_out"":true,""harq_mode"":false,""llr_max"":20.0,""num_iter"":20,""precision"":""single"",""prune_pcm"":true,""return_infobits"":true,""vn_update"":""sum""},""implementation"":{""bit_mapping"":""component_Gray_00_-3_01_-1_10_3_11_1_over_sqrt5;QPSK_0_plus1_1_minus1"",""cuda"":""12.8"",""decoder"":{""cn_schedule"":""flooding"",""cn_update"":""boxplus-phi"",""early_stop"":false,""hard_out"":true,""harq_mode"":false,""llr_max"":20.0,""num_iter"":20,""precision"":""single"",""prune_pcm"":true,""return_infobits"":true,""vn_update"":""sum""},""decoder_source_sha256"":""44d84b92b749e2970f94d92cd348a11648e2286b4d851faa0af8b21d08f0da23"",""encoder_source_sha256"":""34d8db6660b2e84708a8fb534f63c194f6f2b964e3693fcffc9dcaf21532ccfd"",""implementation"":""Sionna_5G_LDPC"",""power_protocol"":""fixed_constellation_average_Es2"",""precision"":""float32"",""rate_matching"":""Sionna RV0; filler removal, first2Z and tail puncturing; supported n only"",""scrambling"":""public_PCG64_SHA256_protocol_session_frame_group_counter_after_rate_matching_v1"",""torch"":""2.11.0+cu128"",""version"":""2.2.0""},""interleaver_sha256"":""5a6a378eee1c0c5c8dd360b967c5f49828e8f5052a1440d490c204db9a284905"",""k"":676,""k_filler"":44,""k_ldpc"":720,""layout_id"":""b8f0ae6b180995970a30922f1058991ce4613e4507fe5768c19037256d4115c8"",""modulation_padding_bits"":0,""mother_bits"":3744,""n"":1200,""n_cb"":3600,""n_cb_comp"":3556,""power_protocol"":""fixed_constellation_average_Es2"",""puncturing_bits"":2500,""puncturing_first_2Z"":144,""puncturing_remaining"":2356,""repetition_bits"":0,""scrambling"":""public_PCG64_SHA256_protocol_session_frame_group_counter_after_rate_matching_v1"",""shortening_bits"":44,""z"":72}",[2048]
16QAM,2/3,16QAM:r2/3,cecc93a08bdc378222473107e0f92de01cb78ca074fe0d1b30b4539e8f36efc2,660,16,0,676,720,44,3744,3252,813,0,0.2078720787207872,0.2029520295202952,"{""actual_effective_rate"":0.2078720787207872,""bg"":""bg2"",""bit_mapping"":""component_Gray_00_-3_01_-1_10_3_11_1_over_sqrt5;QPSK_0_plus1_1_minus1"",""code_blocks"":1,""decoder_config"":{""cn_schedule"":""flooding"",""cn_update"":""boxplus-phi"",""early_stop"":false,""hard_out"":true,""harq_mode"":false,""llr_max"":20.0,""num_iter"":20,""precision"":""single"",""prune_pcm"":true,""return_infobits"":true,""vn_update"":""sum""},""implementation"":{""bit_mapping"":""component_Gray_00_-3_01_-1_10_3_11_1_over_sqrt5;QPSK_0_plus1_1_minus1"",""cuda"":""12.8"",""decoder"":{""cn_schedule"":""flooding"",""cn_update"":""boxplus-phi"",""early_stop"":false,""hard_out"":true,""harq_mode"":false,""llr_max"":20.0,""num_iter"":20,""precision"":""single"",""prune_pcm"":true,""return_infobits"":true,""vn_update"":""sum""},""decoder_source_sha256"":""44d84b92b749e2970f94d92cd348a11648e2286b4d851faa0af8b21d08f0da23"",""encoder_source_sha256"":""34d8db6660b2e84708a8fb534f63c194f6f2b964e3693fcffc9dcaf21532ccfd"",""implementation"":""Sionna_5G_LDPC"",""power_protocol"":""fixed_constellation_average_Es2"",""precision"":""float32"",""rate_matching"":""Sionna RV0; filler removal, first2Z and tail puncturing; supported n only"",""scrambling"":""public_PCG64_SHA256_protocol_session_frame_group_counter_after_rate_matching_v1"",""torch"":""2.11.0+cu128"",""version"":""2.2.0""},""interleaver_sha256"":""af50ce94c7afe5f4b68df3aae908b0ed3138c2860979ada62f49db89f734e304"",""k"":676,""k_filler"":44,""k_ldpc"":720,""layout_id"":""325370dcbcde99ea7a775ec14567a495f48ec0348c87576656b86dd050dc20da"",""modulation_padding_bits"":0,""mother_bits"":3744,""n"":3252,""n_cb"":3600,""n_cb_comp"":3556,""power_protocol"":""fixed_constellation_average_Es2"",""puncturing_bits"":448,""puncturing_first_2Z"":144,""puncturing_remaining"":304,""repetition_bits"":0,""scrambling"":""public_PCG64_SHA256_protocol_session_frame_group_counter_after_rate_matching_v1"",""shortening_bits"":44,""z"":72}",[2048]
16QAM,1/2,16QAM:r1/2,cecf8fe974f98cb19909d632bd90bb0c16f2d79ae0e6b8de724ae114f3f2ac94,300,16,0,316,400,84,2080,972,243,0,0.32510288065843623,0.30864197530864196,"{""actual_effective_rate"":0.32510288065843623,""bg"":""bg2"",""bit_mapping"":""component_Gray_00_-3_01_-1_10_3_11_1_over_sqrt5;QPSK_0_plus1_1_minus1"",""code_blocks"":1,""decoder_config"":{""cn_schedule"":""flooding"",""cn_update"":""boxplus-phi"",""early_stop"":false,""hard_out"":true,""harq_mode"":false,""llr_max"":20.0,""num_iter"":20,""precision"":""single"",""prune_pcm"":true,""return_infobits"":true,""vn_update"":""sum""},""implementation"":{""bit_mapping"":""component_Gray_00_-3_01_-1_10_3_11_1_over_sqrt5;QPSK_0_plus1_1_minus1"",""cuda"":""12.8"",""decoder"":{""cn_schedule"":""flooding"",""cn_update"":""boxplus-phi"",""early_stop"":false,""hard_out"":true,""harq_mode"":false,""llr_max"":20.0,""num_iter"":20,""precision"":""single"",""prune_pcm"":true,""return_infobits"":true,""vn_update"":""sum""},""decoder_source_sha256"":""44d84b92b749e2970f94d92cd348a11648e2286b4d851faa0af8b21d08f0da23"",""encoder_source_sha256"":""34d8db6660b2e84708a8fb534f63c194f6f2b964e3693fcffc9dcaf21532ccfd"",""implementation"":""Sionna_5G_LDPC"",""power_protocol"":""fixed_constellation_average_Es2"",""precision"":""float32"",""rate_matching"":""Sionna RV0; filler removal, first2Z and tail puncturing; supported n only"",""scrambling"":""public_PCG64_SHA256_protocol_session_frame_group_counter_after_rate_matching_v1"",""torch"":""2.11.0+cu128"",""version"":""2.2.0""},""interleaver_sha256"":""8c4eab0df923953b9fa257b82d76e1a54702824d13eb4a68446a7f3212981eb2"",""k"":316,""k_filler"":84,""k_ldpc"":400,""layout_id"":""4cad26534442b5c0c7911ef8fc02628c07050a20842f224592525a21036be1f0"",""modulation_padding_bits"":0,""mother_bits"":2080,""n"":972,""n_cb"":2000,""n_cb_comp"":1916,""power_protocol"":""fixed_constellation_average_Es2"",""puncturing_bits"":1024,""puncturing_first_2Z"":80,""puncturing_remaining"":944,""repetition_bits"":0,""scrambling"":""public_PCG64_SHA256_protocol_session_frame_group_counter_after_rate_matching_v1"",""shortening_bits"":84,""z"":40}",[2048]
16QAM,5/6,16QAM:r5/6,cee221e04714f3baadd5b90033551a59abaecb1167dcdd7bc2a387a16739a888,2880,16,0,2896,3168,272,9792,3476,869,0,0.8331415420023015,0.8285385500575374,"{""actual_effective_rate"":0.8331415420023015,""bg"":""bg1"",""bit_mapping"":""component_Gray_00_-3_01_-1_10_3_11_1_over_sqrt5;QPSK_0_plus1_1_minus1"",""code_blocks"":1,""decoder_config"":{""cn_schedule"":""flooding"",""cn_update"":""boxplus-phi"",""early_stop"":false,""hard_out"":true,""harq_mode"":false,""llr_max"":20.0,""num_iter"":20,""precision"":""single"",""prune_pcm"":true,""return_infobits"":true,""vn_update"":""sum""},""implementation"":{""bit_mapping"":""component_Gray_00_-3_01_-1_10_3_11_1_over_sqrt5;QPSK_0_plus1_1_minus1"",""cuda"":""12.8"",""decoder"":{""cn_schedule"":""flooding"",""cn_update"":""boxplus-phi"",""early_stop"":false,""hard_out"":true,""harq_mode"":false,""llr_max"":20.0,""num_iter"":20,""precision"":""single"",""prune_pcm"":true,""return_infobits"":true,""vn_update"":""sum""},""decoder_source_sha256"":""44d84b92b749e2970f94d92cd348a11648e2286b4d851faa0af8b21d08f0da23"",""encoder_source_sha256"":""34d8db6660b2e84708a8fb534f63c194f6f2b964e3693fcffc9dcaf21532ccfd"",""implementation"":""Sionna_5G_LDPC"",""power_protocol"":""fixed_constellation_average_Es2"",""precision"":""float32"",""rate_matching"":""Sionna RV0; filler removal, first2Z and tail puncturing; supported n only"",""scrambling"":""public_PCG64_SHA256_protocol_session_frame_group_counter_after_rate_matching_v1"",""torch"":""2.11.0+cu128"",""version"":""2.2.0""},""interleaver_sha256"":""98560aeb9a8bee4fb1e3ac1510dcba1e0b3d89094ad9b45bbe5d40bf6f6dc4ca"",""k"":2896,""k_filler"":272,""k_ldpc"":3168,""layout_id"":""75c0996b1a77730ba1ac632a7cc72bf291bb8a9f5da3d467e16d3407fb2399f4"",""modulation_padding_bits"":0,""mother_bits"":9792,""n"":3476,""n_cb"":9504,""n_cb_comp"":9232,""power_protocol"":""fixed_constellation_average_Es2"",""puncturing_bits"":6044,""puncturing_first_2Z"":288,""puncturing_remaining"":5756,""repetition_bits"":0,""scrambling"":""public_PCG64_SHA256_protocol_session_frame_group_counter_after_rate_matching_v1"",""shortening_bits"":272,""z"":144}",[2048]
16QAM,3/4,16QAM:r3/4,cee84f186729ddb241831ed6d39729c6f348247866408e9315bd8198a2141334,1188,16,0,1204,1232,28,3808,1608,402,0,0.7487562189054726,0.7388059701492538,"{""actual_effective_rate"":0.7487562189054726,""bg"":""bg1"",""bit_mapping"":""component_Gray_00_-3_01_-1_10_3_11_1_over_sqrt5;QPSK_0_plus1_1_minus1"",""code_blocks"":1,""decoder_config"":{""cn_schedule"":""flooding"",""cn_update"":""boxplus-phi"",""early_stop"":false,""hard_out"":true,""harq_mode"":false,""llr_max"":20.0,""num_iter"":20,""precision"":""single"",""prune_pcm"":true,""return_infobits"":true,""vn_update"":""sum""},""implementation"":{""bit_mapping"":""component_Gray_00_-3_01_-1_10_3_11_1_over_sqrt5;QPSK_0_plus1_1_minus1"",""cuda"":""12.8"",""decoder"":{""cn_schedule"":""flooding"",""cn_update"":""boxplus-phi"",""early_stop"":false,""hard_out"":true,""harq_mode"":false,""llr_max"":20.0,""num_iter"":20,""precision"":""single"",""prune_pcm"":true,""return_infobits"":true,""vn_update"":""sum""},""decoder_source_sha256"":""44d84b92b749e2970f94d92cd348a11648e2286b4d851faa0af8b21d08f0da23"",""encoder_source_sha256"":""34d8db6660b2e84708a8fb534f63c194f6f2b964e3693fcffc9dcaf21532ccfd"",""implementation"":""Sionna_5G_LDPC"",""power_protocol"":""fixed_constellation_average_Es2"",""precision"":""float32"",""rate_matching"":""Sionna RV0; filler removal, first2Z and tail puncturing; supported n only"",""scrambling"":""public_PCG64_SHA256_protocol_session_frame_group_counter_after_rate_matching_v1"",""torch"":""2.11.0+cu128"",""version"":""2.2.0""},""interleaver_sha256"":""1850fccbad7307ca736103c51038b6e9555ff95f1fccd813d21f0b0ebc26382e"",""k"":1204,""k_filler"":28,""k_ldpc"":1232,""layout_id"":""20a1007221551fd6bee9c6801800e0cb10341fe73ca8fa8827f684c3320fef24"",""modulation_padding_bits"":0,""mother_bits"":3808,""n"":1608,""n_cb"":3696,""n_cb_comp"":3668,""power_protocol"":""fixed_constellation_average_Es2"",""puncturing_bits"":2172,""puncturing_first_2Z"":112,""puncturing_remaining"":2060,""repetition_bits"":0,""scrambling"":""public_PCG64_SHA256_protocol_session_frame_group_counter_after_rate_matching_v1"",""shortening_bits"":28,""z"":56}",[1024]
16QAM,3/4,16QAM:r3/4,cef52d259b7f62f98f50da38726a583cf618f925ff21b1b433a8066088442d0f,660,16,0,676,720,44,3744,1580,395,0,0.4278481012658228,0.4177215189873418,"{""actual_effective_rate"":0.4278481012658228,""bg"":""bg2"",""bit_mapping"":""component_Gray_00_-3_01_-1_10_3_11_1_over_sqrt5;QPSK_0_plus1_1_minus1"",""code_blocks"":1,""decoder_config"":{""cn_schedule"":""flooding"",""cn_update"":""boxplus-phi"",""early_stop"":false,""hard_out"":true,""harq_mode"":false,""llr_max"":20.0,""num_iter"":20,""precision"":""single"",""prune_pcm"":true,""return_infobits"":true,""vn_update"":""sum""},""implementation"":{""bit_mapping"":""component_Gray_00_-3_01_-1_10_3_11_1_over_sqrt5;QPSK_0_plus1_1_minus1"",""cuda"":""12.8"",""decoder"":{""cn_schedule"":""flooding"",""cn_update"":""boxplus-phi"",""early_stop"":false,""hard_out"":true,""harq_mode"":false,""llr_max"":20.0,""num_iter"":20,""precision"":""single"",""prune_pcm"":true,""return_infobits"":true,""vn_update"":""sum""},""decoder_source_sha256"":""44d84b92b749e2970f94d92cd348a11648e2286b4d851faa0af8b21d08f0da23"",""encoder_source_sha256"":""34d8db6660b2e84708a8fb534f63c194f6f2b964e3693fcffc9dcaf21532ccfd"",""implementation"":""Sionna_5G_LDPC"",""power_protocol"":""fixed_constellation_average_Es2"",""precision"":""float32"",""rate_matching"":""Sionna RV0; filler removal, first2Z and tail puncturing; supported n only"",""scrambling"":""public_PCG64_SHA256_protocol_session_frame_group_counter_after_rate_matching_v1"",""torch"":""2.11.0+cu128"",""version"":""2.2.0""},""interleaver_sha256"":""bdd198316430c2a311450a2dd4a42c575709952584f66eafaf0146d1e2d900ad"",""k"":676,""k_filler"":44,""k_ldpc"":720,""layout_id"":""d0916d643b8a1ea0007a8a4d6f64a677f087689ee74e9764598f0b5771a13910"",""modulation_padding_bits"":0,""mother_bits"":3744,""n"":1580,""n_cb"":3600,""n_cb_comp"":3556,""power_protocol"":""fixed_constellation_average_Es2"",""puncturing_bits"":2120,""puncturing_first_2Z"":144,""puncturing_remaining"":1976,""repetition_bits"":0,""scrambling"":""public_PCG64_SHA256_protocol_session_frame_group_counter_after_rate_matching_v1"",""shortening_bits"":44,""z"":72}",[2048]
16QAM,1/3,16QAM:r1/3,cef7a020ea55c612960d5aa935d8452252cbf4c00bd9b818fe44d7baa5617636,1200,16,0,1216,1280,64,6656,4548,1137,0,0.2673702726473175,0.2638522427440633,"{""actual_effective_rate"":0.2673702726473175,""bg"":""bg2"",""bit_mapping"":""component_Gray_00_-3_01_-1_10_3_11_1_over_sqrt5;QPSK_0_plus1_1_minus1"",""code_blocks"":1,""decoder_config"":{""cn_schedule"":""flooding"",""cn_update"":""boxplus-phi"",""early_stop"":false,""hard_out"":true,""harq_mode"":false,""llr_max"":20.0,""num_iter"":20,""precision"":""single"",""prune_pcm"":true,""return_infobits"":true,""vn_update"":""sum""},""implementation"":{""bit_mapping"":""component_Gray_00_-3_01_-1_10_3_11_1_over_sqrt5;QPSK_0_plus1_1_minus1"",""cuda"":""12.8"",""decoder"":{""cn_schedule"":""flooding"",""cn_update"":""boxplus-phi"",""early_stop"":false,""hard_out"":true,""harq_mode"":false,""llr_max"":20.0,""num_iter"":20,""precision"":""single"",""prune_pcm"":true,""return_infobits"":true,""vn_update"":""sum""},""decoder_source_sha256"":""44d84b92b749e2970f94d92cd348a11648e2286b4d851faa0af8b21d08f0da23"",""encoder_source_sha256"":""34d8db6660b2e84708a8fb534f63c194f6f2b964e3693fcffc9dcaf21532ccfd"",""implementation"":""Sionna_5G_LDPC"",""power_protocol"":""fixed_constellation_average_Es2"",""precision"":""float32"",""rate_matching"":""Sionna RV0; filler removal, first2Z and tail puncturing; supported n only"",""scrambling"":""public_PCG64_SHA256_protocol_session_frame_group_counter_after_rate_matching_v1"",""torch"":""2.11.0+cu128"",""version"":""2.2.0""},""interleaver_sha256"":""5c99234f089f8293e09db60a1f16b035a791b5e24133763bc18e63fa6b209308"",""k"":1216,""k_filler"":64,""k_ldpc"":1280,""layout_id"":""244ff93501c732be1025152661d82de6b3a152af51faa20426a1ca7d39787726"",""modulation_padding_bits"":0,""mother_bits"":6656,""n"":4548,""n_cb"":6400,""n_cb_comp"":6336,""power_protocol"":""fixed_constellation_average_Es2"",""puncturing_bits"":2044,""puncturing_first_2Z"":256,""puncturing_remaining"":1788,""repetition_bits"":0,""scrambling"":""public_PCG64_SHA256_protocol_session_frame_group_counter_after_rate_matching_v1"",""shortening_bits"":64,""z"":128}",[2048]
QPSK,5/6,QPSK:r5/6,cf01656195868a602a4a4e1c605c9f197b76a2006bf646b7502a1ac22975fce1,2232,16,0,2248,2288,40,7072,2704,1352,0,0.8313609467455622,0.8254437869822485,"{""actual_effective_rate"":0.8313609467455622,""bg"":""bg1"",""bit_mapping"":""component_Gray_00_-3_01_-1_10_3_11_1_over_sqrt5;QPSK_0_plus1_1_minus1"",""code_blocks"":1,""decoder_config"":{""cn_schedule"":""flooding"",""cn_update"":""boxplus-phi"",""early_stop"":false,""hard_out"":true,""harq_mode"":false,""llr_max"":20.0,""num_iter"":20,""precision"":""single"",""prune_pcm"":true,""return_infobits"":true,""vn_update"":""sum""},""implementation"":{""bit_mapping"":""component_Gray_00_-3_01_-1_10_3_11_1_over_sqrt5;QPSK_0_plus1_1_minus1"",""cuda"":""12.8"",""decoder"":{""cn_schedule"":""flooding"",""cn_update"":""boxplus-phi"",""early_stop"":false,""hard_out"":true,""harq_mode"":false,""llr_max"":20.0,""num_iter"":20,""precision"":""single"",""prune_pcm"":true,""return_infobits"":true,""vn_update"":""sum""},""decoder_source_sha256"":""44d84b92b749e2970f94d92cd348a11648e2286b4d851faa0af8b21d08f0da23"",""encoder_source_sha256"":""34d8db6660b2e84708a8fb534f63c194f6f2b964e3693fcffc9dcaf21532ccfd"",""implementation"":""Sionna_5G_LDPC"",""power_protocol"":""fixed_constellation_average_Es2"",""precision"":""float32"",""rate_matching"":""Sionna RV0; filler removal, first2Z and tail puncturing; supported n only"",""scrambling"":""public_PCG64_SHA256_protocol_session_frame_group_counter_after_rate_matching_v1"",""torch"":""2.11.0+cu128"",""version"":""2.2.0""},""interleaver_sha256"":""ec4923c03043353241759f48926691065484f4e64ab8cae66f8d73172848b0f4"",""k"":2248,""k_filler"":40,""k_ldpc"":2288,""layout_id"":""57a6b65f344571118d00e09cb847afec20a0159208b105ce8896dfe4c79f5343"",""modulation_padding_bits"":0,""mother_bits"":7072,""n"":2704,""n_cb"":6864,""n_cb_comp"":6824,""power_protocol"":""fixed_constellation_average_Es2"",""puncturing_bits"":4328,""puncturing_first_2Z"":208,""puncturing_remaining"":4120,""repetition_bits"":0,""scrambling"":""public_PCG64_SHA256_protocol_session_frame_group_counter_after_rate_matching_v1"",""shortening_bits"":40,""z"":104}",[2048]
16QAM,5/6,16QAM:r5/6,cf02c4f919760ec78d21dd63950bfe5db8f62b0bd9ad27f0ad2187dabe02a754,660,16,0,676,720,44,3744,2264,566,0,0.29858657243816256,0.2915194346289753,"{""actual_effective_rate"":0.29858657243816256,""bg"":""bg2"",""bit_mapping"":""component_Gray_00_-3_01_-1_10_3_11_1_over_sqrt5;QPSK_0_plus1_1_minus1"",""code_blocks"":1,""decoder_config"":{""cn_schedule"":""flooding"",""cn_update"":""boxplus-phi"",""early_stop"":false,""hard_out"":true,""harq_mode"":false,""llr_max"":20.0,""num_iter"":20,""precision"":""single"",""prune_pcm"":true,""return_infobits"":true,""vn_update"":""sum""},""implementation"":{""bit_mapping"":""component_Gray_00_-3_01_-1_10_3_11_1_over_sqrt5;QPSK_0_plus1_1_minus1"",""cuda"":""12.8"",""decoder"":{""cn_schedule"":""flooding"",""cn_update"":""boxplus-phi"",""early_stop"":false,""hard_out"":true,""harq_mode"":false,""llr_max"":20.0,""num_iter"":20,""precision"":""single"",""prune_pcm"":true,""return_infobits"":true,""vn_update"":""sum""},""decoder_source_sha256"":""44d84b92b749e2970f94d92cd348a11648e2286b4d851faa0af8b21d08f0da23"",""encoder_source_sha256"":""34d8db6660b2e84708a8fb534f63c194f6f2b964e3693fcffc9dcaf21532ccfd"",""implementation"":""Sionna_5G_LDPC"",""power_protocol"":""fixed_constellation_average_Es2"",""precision"":""float32"",""rate_matching"":""Sionna RV0; filler removal, first2Z and tail puncturing; supported n only"",""scrambling"":""public_PCG64_SHA256_protocol_session_frame_group_counter_after_rate_matching_v1"",""torch"":""2.11.0+cu128"",""version"":""2.2.0""},""interleaver_sha256"":""48ff32d67d38e99b292962cff33a50fc360a43cd21659f6d45c853aecf887591"",""k"":676,""k_filler"":44,""k_ldpc"":720,""layout_id"":""d61fbc65e497c402afc0dd2b7efc02b78701a4f5ff4284a4ee3fe6a59993f849"",""modulation_padding_bits"":0,""mother_bits"":3744,""n"":2264,""n_cb"":3600,""n_cb_comp"":3556,""power_protocol"":""fixed_constellation_average_Es2"",""puncturing_bits"":1436,""puncturing_first_2Z"":144,""puncturing_remaining"":1292,""repetition_bits"":0,""scrambling"":""public_PCG64_SHA256_protocol_session_frame_group_counter_after_rate_matching_v1"",""shortening_bits"":44,""z"":72}","[1024,2048]"
QPSK,5/6,QPSK:r5/6,cf070df8cc69f3a01e9e60cfd21a254511579611753fddd50d8fe48304712776,1668,16,0,1684,1760,76,9152,2558,1279,0,0.6583268178264269,0.6520719311962471,"{""actual_effective_rate"":0.6583268178264269,""bg"":""bg2"",""bit_mapping"":""component_Gray_00_-3_01_-1_10_3_11_1_over_sqrt5;QPSK_0_plus1_1_minus1"",""code_blocks"":1,""decoder_config"":{""cn_schedule"":""flooding"",""cn_update"":""boxplus-phi"",""early_stop"":false,""hard_out"":true,""harq_mode"":false,""llr_max"":20.0,""num_iter"":20,""precision"":""single"",""prune_pcm"":true,""return_infobits"":true,""vn_update"":""sum""},""implementation"":{""bit_mapping"":""component_Gray_00_-3_01_-1_10_3_11_1_over_sqrt5;QPSK_0_plus1_1_minus1"",""cuda"":""12.8"",""decoder"":{""cn_schedule"":""flooding"",""cn_update"":""boxplus-phi"",""early_stop"":false,""hard_out"":true,""harq_mode"":false,""llr_max"":20.0,""num_iter"":20,""precision"":""single"",""prune_pcm"":true,""return_infobits"":true,""vn_update"":""sum""},""decoder_source_sha256"":""44d84b92b749e2970f94d92cd348a11648e2286b4d851faa0af8b21d08f0da23"",""encoder_source_sha256"":""34d8db6660b2e84708a8fb534f63c194f6f2b964e3693fcffc9dcaf21532ccfd"",""implementation"":""Sionna_5G_LDPC"",""power_protocol"":""fixed_constellation_average_Es2"",""precision"":""float32"",""rate_matching"":""Sionna RV0; filler removal, first2Z and tail puncturing; supported n only"",""scrambling"":""public_PCG64_SHA256_protocol_session_frame_group_counter_after_rate_matching_v1"",""torch"":""2.11.0+cu128"",""version"":""2.2.0""},""interleaver_sha256"":""aae72a0df468d2f5a7e38fe6c6066a14e5cf90110f0b7751b289060049147d7d"",""k"":1684,""k_filler"":76,""k_ldpc"":1760,""layout_id"":""bc409e59641f4f298620f1db60dc2549755365c52de6118548854e149b845d4d"",""modulation_padding_bits"":0,""mother_bits"":9152,""n"":2558,""n_cb"":8800,""n_cb_comp"":8724,""power_protocol"":""fixed_constellation_average_Es2"",""puncturing_bits"":6518,""puncturing_first_2Z"":352,""puncturing_remaining"":6166,""repetition_bits"":0,""scrambling"":""public_PCG64_SHA256_protocol_session_frame_group_counter_after_rate_matching_v1"",""shortening_bits"":76,""z"":176}",[2048]
QPSK,5/6,QPSK:r5/6,cf1eba6ea773b56a67597c5404200a5392435e6224c5249d944606e156ee2dda,108,16,0,124,220,96,1144,616,308,0,0.2012987012987013,0.17532467532467533,"{""actual_effective_rate"":0.2012987012987013,""bg"":""bg2"",""bit_mapping"":""component_Gray_00_-3_01_-1_10_3_11_1_over_sqrt5;QPSK_0_plus1_1_minus1"",""code_blocks"":1,""decoder_config"":{""cn_schedule"":""flooding"",""cn_update"":""boxplus-phi"",""early_stop"":false,""hard_out"":true,""harq_mode"":false,""llr_max"":20.0,""num_iter"":20,""precision"":""single"",""prune_pcm"":true,""return_infobits"":true,""vn_update"":""sum""},""implementation"":{""bit_mapping"":""component_Gray_00_-3_01_-1_10_3_11_1_over_sqrt5;QPSK_0_plus1_1_minus1"",""cuda"":""12.8"",""decoder"":{""cn_schedule"":""flooding"",""cn_update"":""boxplus-phi"",""early_stop"":false,""hard_out"":true,""harq_mode"":false,""llr_max"":20.0,""num_iter"":20,""precision"":""single"",""prune_pcm"":true,""return_infobits"":true,""vn_update"":""sum""},""decoder_source_sha256"":""44d84b92b749e2970f94d92cd348a11648e2286b4d851faa0af8b21d08f0da23"",""encoder_source_sha256"":""34d8db6660b2e84708a8fb534f63c194f6f2b964e3693fcffc9dcaf21532ccfd"",""implementation"":""Sionna_5G_LDPC"",""power_protocol"":""fixed_constellation_average_Es2"",""precision"":""float32"",""rate_matching"":""Sionna RV0; filler removal, first2Z and tail puncturing; supported n only"",""scrambling"":""public_PCG64_SHA256_protocol_session_frame_group_counter_after_rate_matching_v1"",""torch"":""2.11.0+cu128"",""version"":""2.2.0""},""interleaver_sha256"":""2a340b646c9dbc5b6841956352ef34426e3acf32c61ed8a06ab3bf117ca3dcca"",""k"":124,""k_filler"":96,""k_ldpc"":220,""layout_id"":""36587209bc947f69d1a5201c2099f98c1fdc9cea98035c0b9446d3eaf8b32962"",""modulation_padding_bits"":0,""mother_bits"":1144,""n"":616,""n_cb"":1100,""n_cb_comp"":1004,""power_protocol"":""fixed_constellation_average_Es2"",""puncturing_bits"":432,""puncturing_first_2Z"":44,""puncturing_remaining"":388,""repetition_bits"":0,""scrambling"":""public_PCG64_SHA256_protocol_session_frame_group_counter_after_rate_matching_v1"",""shortening_bits"":96,""z"":22}",[2048]
16QAM,1/2,16QAM:r1/2,cf2ee8779a6d40c78f77b1d92185bc9099b2df0f87ffbadc39e23778cd64929a,192,16,0,208,260,52,1352,976,244,0,0.21311475409836064,0.19672131147540983,"{""actual_effective_rate"":0.21311475409836064,""bg"":""bg2"",""bit_mapping"":""component_Gray_00_-3_01_-1_10_3_11_1_over_sqrt5;QPSK_0_plus1_1_minus1"",""code_blocks"":1,""decoder_config"":{""cn_schedule"":""flooding"",""cn_update"":""boxplus-phi"",""early_stop"":false,""hard_out"":true,""harq_mode"":false,""llr_max"":20.0,""num_iter"":20,""precision"":""single"",""prune_pcm"":true,""return_infobits"":true,""vn_update"":""sum""},""implementation"":{""bit_mapping"":""component_Gray_00_-3_01_-1_10_3_11_1_over_sqrt5;QPSK_0_plus1_1_minus1"",""cuda"":""12.8"",""decoder"":{""cn_schedule"":""flooding"",""cn_update"":""boxplus-phi"",""early_stop"":false,""hard_out"":true,""harq_mode"":false,""llr_max"":20.0,""num_iter"":20,""precision"":""single"",""prune_pcm"":true,""return_infobits"":true,""vn_update"":""sum""},""decoder_source_sha256"":""44d84b92b749e2970f94d92cd348a11648e2286b4d851faa0af8b21d08f0da23"",""encoder_source_sha256"":""34d8db6660b2e84708a8fb534f63c194f6f2b964e3693fcffc9dcaf21532ccfd"",""implementation"":""Sionna_5G_LDPC"",""power_protocol"":""fixed_constellation_average_Es2"",""precision"":""float32"",""rate_matching"":""Sionna RV0; filler removal, first2Z and tail puncturing; supported n only"",""scrambling"":""public_PCG64_SHA256_protocol_session_frame_group_counter_after_rate_matching_v1"",""torch"":""2.11.0+cu128"",""version"":""2.2.0""},""interleaver_sha256"":""b8498ed792f3a904214172f163d22d940118bca44a85138572da198599a28be5"",""k"":208,""k_filler"":52,""k_ldpc"":260,""layout_id"":""b01b3205b40a7bdaf7b276ce405673088d4335d43b0538a6b932921d8fb615e9"",""modulation_padding_bits"":0,""mother_bits"":1352,""n"":976,""n_cb"":1300,""n_cb_comp"":1248,""power_protocol"":""fixed_constellation_average_Es2"",""puncturing_bits"":324,""puncturing_first_2Z"":52,""puncturing_remaining"":272,""repetition_bits"":0,""scrambling"":""public_PCG64_SHA256_protocol_session_frame_group_counter_after_rate_matching_v1"",""shortening_bits"":52,""z"":26}",[2048]
16QAM,3/4,16QAM:r3/4,cf308d726316fe264f6f195e16e76fef26f94d7fce2e47afc4188a7aea728d79,660,16,0,676,720,44,3744,1816,454,0,0.3722466960352423,0.3634361233480176,"{""actual_effective_rate"":0.3722466960352423,""bg"":""bg2"",""bit_mapping"":""component_Gray_00_-3_01_-1_10_3_11_1_over_sqrt5;QPSK_0_plus1_1_minus1"",""code_blocks"":1,""decoder_config"":{""cn_schedule"":""flooding"",""cn_update"":""boxplus-phi"",""early_stop"":false,""hard_out"":true,""harq_mode"":false,""llr_max"":20.0,""num_iter"":20,""precision"":""single"",""prune_pcm"":true,""return_infobits"":true,""vn_update"":""sum""},""implementation"":{""bit_mapping"":""component_Gray_00_-3_01_-1_10_3_11_1_over_sqrt5;QPSK_0_plus1_1_minus1"",""cuda"":""12.8"",""decoder"":{""cn_schedule"":""flooding"",""cn_update"":""boxplus-phi"",""early_stop"":false,""hard_out"":true,""harq_mode"":false,""llr_max"":20.0,""num_iter"":20,""precision"":""single"",""prune_pcm"":true,""return_infobits"":true,""vn_update"":""sum""},""decoder_source_sha256"":""44d84b92b749e2970f94d92cd348a11648e2286b4d851faa0af8b21d08f0da23"",""encoder_source_sha256"":""34d8db6660b2e84708a8fb534f63c194f6f2b964e3693fcffc9dcaf21532ccfd"",""implementation"":""Sionna_5G_LDPC"",""power_protocol"":""fixed_constellation_average_Es2"",""precision"":""float32"",""rate_matching"":""Sionna RV0; filler removal, first2Z and tail puncturing; supported n only"",""scrambling"":""public_PCG64_SHA256_protocol_session_frame_group_counter_after_rate_matching_v1"",""torch"":""2.11.0+cu128"",""version"":""2.2.0""},""interleaver_sha256"":""da1e6d2a27d80fc3e6ff3011183d0abafda49a2b06f9d72de71d96cabbe72c07"",""k"":676,""k_filler"":44,""k_ldpc"":720,""layout_id"":""30189fd5022eb505ec0561ddd7330b0a515179bf14edd17cdc0ac418364c8f96"",""modulation_padding_bits"":0,""mother_bits"":3744,""n"":1816,""n_cb"":3600,""n_cb_comp"":3556,""power_protocol"":""fixed_constellation_average_Es2"",""puncturing_bits"":1884,""puncturing_first_2Z"":144,""puncturing_remaining"":1740,""repetition_bits"":0,""scrambling"":""public_PCG64_SHA256_protocol_session_frame_group_counter_after_rate_matching_v1"",""shortening_bits"":44,""z"":72}","[1024,2048]"
QPSK,2/3,QPSK:r2/3,cf7856e6a033349b6dd1818a21a46599e3a3d8138db352539094353171733771,1308,16,0,1324,1440,116,7488,2524,1262,0,0.5245641838351822,0.5182250396196514,"{""actual_effective_rate"":0.5245641838351822,""bg"":""bg2"",""bit_mapping"":""component_Gray_00_-3_01_-1_10_3_11_1_over_sqrt5;QPSK_0_plus1_1_minus1"",""code_blocks"":1,""decoder_config"":{""cn_schedule"":""flooding"",""cn_update"":""boxplus-phi"",""early_stop"":false,""hard_out"":true,""harq_mode"":false,""llr_max"":20.0,""num_iter"":20,""precision"":""single"",""prune_pcm"":true,""return_infobits"":true,""vn_update"":""sum""},""implementation"":{""bit_mapping"":""component_Gray_00_-3_01_-1_10_3_11_1_over_sqrt5;QPSK_0_plus1_1_minus1"",""cuda"":""12.8"",""decoder"":{""cn_schedule"":""flooding"",""cn_update"":""boxplus-phi"",""early_stop"":false,""hard_out"":true,""harq_mode"":false,""llr_max"":20.0,""num_iter"":20,""precision"":""single"",""prune_pcm"":true,""return_infobits"":true,""vn_update"":""sum""},""decoder_source_sha256"":""44d84b92b749e2970f94d92cd348a11648e2286b4d851faa0af8b21d08f0da23"",""encoder_source_sha256"":""34d8db6660b2e84708a8fb534f63c194f6f2b964e3693fcffc9dcaf21532ccfd"",""implementation"":""Sionna_5G_LDPC"",""power_protocol"":""fixed_constellation_average_Es2"",""precision"":""float32"",""rate_matching"":""Sionna RV0; filler removal, first2Z and tail puncturing; supported n only"",""scrambling"":""public_PCG64_SHA256_protocol_session_frame_group_counter_after_rate_matching_v1"",""torch"":""2.11.0+cu128"",""version"":""2.2.0""},""interleaver_sha256"":""7e4269bb37ff813afe0c5641900dec2866309fcce7f115190f95ec6b3e8a9c94"",""k"":1324,""k_filler"":116,""k_ldpc"":1440,""layout_id"":""fbbbf922c57d220b3b98743a2fc2d4293c95ae539c03e781202d26a937821ede"",""modulation_padding_bits"":0,""mother_bits"":7488,""n"":2524,""n_cb"":7200,""n_cb_comp"":7084,""power_protocol"":""fixed_constellation_average_Es2"",""puncturing_bits"":4848,""puncturing_first_2Z"":288,""puncturing_remaining"":4560,""repetition_bits"":0,""scrambling"":""public_PCG64_SHA256_protocol_session_frame_group_counter_after_rate_matching_v1"",""shortening_bits"":116,""z"":144}",[2048]
16QAM,5/6,16QAM:r5/6,cf94b835d77177d0f10b6ce4e346a891d26e74a6885cecdfcd003119d89e1433,4704,16,0,4720,4928,208,15232,5664,1416,0,0.8333333333333334,0.8305084745762712,"{""actual_effective_rate"":0.8333333333333334,""bg"":""bg1"",""bit_mapping"":""component_Gray_00_-3_01_-1_10_3_11_1_over_sqrt5;QPSK_0_plus1_1_minus1"",""code_blocks"":1,""decoder_config"":{""cn_schedule"":""flooding"",""cn_update"":""boxplus-phi"",""early_stop"":false,""hard_out"":true,""harq_mode"":false,""llr_max"":20.0,""num_iter"":20,""precision"":""single"",""prune_pcm"":true,""return_infobits"":true,""vn_update"":""sum""},""implementation"":{""bit_mapping"":""component_Gray_00_-3_01_-1_10_3_11_1_over_sqrt5;QPSK_0_plus1_1_minus1"",""cuda"":""12.8"",""decoder"":{""cn_schedule"":""flooding"",""cn_update"":""boxplus-phi"",""early_stop"":false,""hard_out"":true,""harq_mode"":false,""llr_max"":20.0,""num_iter"":20,""precision"":""single"",""prune_pcm"":true,""return_infobits"":true,""vn_update"":""sum""},""decoder_source_sha256"":""44d84b92b749e2970f94d92cd348a11648e2286b4d851faa0af8b21d08f0da23"",""encoder_source_sha256"":""34d8db6660b2e84708a8fb534f63c194f6f2b964e3693fcffc9dcaf21532ccfd"",""implementation"":""Sionna_5G_LDPC"",""power_protocol"":""fixed_constellation_average_Es2"",""precision"":""float32"",""rate_matching"":""Sionna RV0; filler removal, first2Z and tail puncturing; supported n only"",""scrambling"":""public_PCG64_SHA256_protocol_session_frame_group_counter_after_rate_matching_v1"",""torch"":""2.11.0+cu128"",""version"":""2.2.0""},""interleaver_sha256"":""b7c7d842fe0109158bc296e33ab2ea978d5e47665804052007e5c7162801cb70"",""k"":4720,""k_filler"":208,""k_ldpc"":4928,""layout_id"":""f5deb245704d98387b815b1c74b3df5f24b022b89a48cd945a5a7b714d3b370b"",""modulation_padding_bits"":0,""mother_bits"":15232,""n"":5664,""n_cb"":14784,""n_cb_comp"":14576,""power_protocol"":""fixed_constellation_average_Es2"",""puncturing_bits"":9360,""puncturing_first_2Z"":448,""puncturing_remaining"":8912,""repetition_bits"":0,""scrambling"":""public_PCG64_SHA256_protocol_session_frame_group_counter_after_rate_matching_v1"",""shortening_bits"":208,""z"":224}",[2048]
QPSK,2/3,QPSK:r2/3,cf9e991c522791d9bb26e6c4922f1fe1f10a0b8f4dfd1b531c4199fa19ec6dc8,660,16,0,676,720,44,3744,1644,822,0,0.41119221411192214,0.40145985401459855,"{""actual_effective_rate"":0.41119221411192214,""bg"":""bg2"",""bit_mapping"":""component_Gray_00_-3_01_-1_10_3_11_1_over_sqrt5;QPSK_0_plus1_1_minus1"",""code_blocks"":1,""decoder_config"":{""cn_schedule"":""flooding"",""cn_update"":""boxplus-phi"",""early_stop"":false,""hard_out"":true,""harq_mode"":false,""llr_max"":20.0,""num_iter"":20,""precision"":""single"",""prune_pcm"":true,""return_infobits"":true,""vn_update"":""sum""},""implementation"":{""bit_mapping"":""component_Gray_00_-3_01_-1_10_3_11_1_over_sqrt5;QPSK_0_plus1_1_minus1"",""cuda"":""12.8"",""decoder"":{""cn_schedule"":""flooding"",""cn_update"":""boxplus-phi"",""early_stop"":false,""hard_out"":true,""harq_mode"":false,""llr_max"":20.0,""num_iter"":20,""precision"":""single"",""prune_pcm"":true,""return_infobits"":true,""vn_update"":""sum""},""decoder_source_sha256"":""44d84b92b749e2970f94d92cd348a11648e2286b4d851faa0af8b21d08f0da23"",""encoder_source_sha256"":""34d8db6660b2e84708a8fb534f63c194f6f2b964e3693fcffc9dcaf21532ccfd"",""implementation"":""Sionna_5G_LDPC"",""power_protocol"":""fixed_constellation_average_Es2"",""precision"":""float32"",""rate_matching"":""Sionna RV0; filler removal, first2Z and tail puncturing; supported n only"",""scrambling"":""public_PCG64_SHA256_protocol_session_frame_group_counter_after_rate_matching_v1"",""torch"":""2.11.0+cu128"",""version"":""2.2.0""},""interleaver_sha256"":""dbe144a334ad3c06310fbe279e16e785ea2cd9f9014e5cb6e6e84136d293d57a"",""k"":676,""k_filler"":44,""k_ldpc"":720,""layout_id"":""fd918f6d39eacf94b2273a70e9b751cfb474cf551b886e33b29107d8aa66028d"",""modulation_padding_bits"":0,""mother_bits"":3744,""n"":1644,""n_cb"":3600,""n_cb_comp"":3556,""power_protocol"":""fixed_constellation_average_Es2"",""puncturing_bits"":2056,""puncturing_first_2Z"":144,""puncturing_remaining"":1912,""repetition_bits"":0,""scrambling"":""public_PCG64_SHA256_protocol_session_frame_group_counter_after_rate_matching_v1"",""shortening_bits"":44,""z"":72}",[1024]
16QAM,2/3,16QAM:r2/3,cf9edb7941e54ec4c222ff3315ce0b62f4e6ce0b629af06150d7e986990c9cc1,360,16,0,376,480,104,2496,564,141,0,0.6666666666666666,0.6382978723404256,"{""actual_effective_rate"":0.6666666666666666,""bg"":""bg2"",""bit_mapping"":""component_Gray_00_-3_01_-1_10_3_11_1_over_sqrt5;QPSK_0_plus1_1_minus1"",""code_blocks"":1,""decoder_config"":{""cn_schedule"":""flooding"",""cn_update"":""boxplus-phi"",""early_stop"":false,""hard_out"":true,""harq_mode"":false,""llr_max"":20.0,""num_iter"":20,""precision"":""single"",""prune_pcm"":true,""return_infobits"":true,""vn_update"":""sum""},""implementation"":{""bit_mapping"":""component_Gray_00_-3_01_-1_10_3_11_1_over_sqrt5;QPSK_0_plus1_1_minus1"",""cuda"":""12.8"",""decoder"":{""cn_schedule"":""flooding"",""cn_update"":""boxplus-phi"",""early_stop"":false,""hard_out"":true,""harq_mode"":false,""llr_max"":20.0,""num_iter"":20,""precision"":""single"",""prune_pcm"":true,""return_infobits"":true,""vn_update"":""sum""},""decoder_source_sha256"":""44d84b92b749e2970f94d92cd348a11648e2286b4d851faa0af8b21d08f0da23"",""encoder_source_sha256"":""34d8db6660b2e84708a8fb534f63c194f6f2b964e3693fcffc9dcaf21532ccfd"",""implementation"":""Sionna_5G_LDPC"",""power_protocol"":""fixed_constellation_average_Es2"",""precision"":""float32"",""rate_matching"":""Sionna RV0; filler removal, first2Z and tail puncturing; supported n only"",""scrambling"":""public_PCG64_SHA256_protocol_session_frame_group_counter_after_rate_matching_v1"",""torch"":""2.11.0+cu128"",""version"":""2.2.0""},""interleaver_sha256"":""15282f5e2dc93d110fe55b8de9b471d6fbdcb4279bdacb6e9227164970d7e0b4"",""k"":376,""k_filler"":104,""k_ldpc"":480,""layout_id"":""db212b62c8076fede3d1ab80010b925e2a1706dd95bd79664299279ef1e82fbc"",""modulation_padding_bits"":0,""mother_bits"":2496,""n"":564,""n_cb"":2400,""n_cb_comp"":2296,""power_protocol"":""fixed_constellation_average_Es2"",""puncturing_bits"":1828,""puncturing_first_2Z"":96,""puncturing_remaining"":1732,""repetition_bits"":0,""scrambling"":""public_PCG64_SHA256_protocol_session_frame_group_counter_after_rate_matching_v1"",""shortening_bits"":104,""z"":48}","[1024,2048]"
QPSK,5/6,QPSK:r5/6,cfa6ee0b15e263e94e27df9ad072e0c2a11b357597e5c130aac3a731fdaffd14,384,16,0,400,440,40,1360,498,249,0,0.8032128514056225,0.7710843373493976,"{""actual_effective_rate"":0.8032128514056225,""bg"":""bg1"",""bit_mapping"":""component_Gray_00_-3_01_-1_10_3_11_1_over_sqrt5;QPSK_0_plus1_1_minus1"",""code_blocks"":1,""decoder_config"":{""cn_schedule"":""flooding"",""cn_update"":""boxplus-phi"",""early_stop"":false,""hard_out"":true,""harq_mode"":false,""llr_max"":20.0,""num_iter"":20,""precision"":""single"",""prune_pcm"":true,""return_infobits"":true,""vn_update"":""sum""},""implementation"":{""bit_mapping"":""component_Gray_00_-3_01_-1_10_3_11_1_over_sqrt5;QPSK_0_plus1_1_minus1"",""cuda"":""12.8"",""decoder"":{""cn_schedule"":""flooding"",""cn_update"":""boxplus-phi"",""early_stop"":false,""hard_out"":true,""harq_mode"":false,""llr_max"":20.0,""num_iter"":20,""precision"":""single"",""prune_pcm"":true,""return_infobits"":true,""vn_update"":""sum""},""decoder_source_sha256"":""44d84b92b749e2970f94d92cd348a11648e2286b4d851faa0af8b21d08f0da23"",""encoder_source_sha256"":""34d8db6660b2e84708a8fb534f63c194f6f2b964e3693fcffc9dcaf21532ccfd"",""implementation"":""Sionna_5G_LDPC"",""power_protocol"":""fixed_constellation_average_Es2"",""precision"":""float32"",""rate_matching"":""Sionna RV0; filler removal, first2Z and tail puncturing; supported n only"",""scrambling"":""public_PCG64_SHA256_protocol_session_frame_group_counter_after_rate_matching_v1"",""torch"":""2.11.0+cu128"",""version"":""2.2.0""},""interleaver_sha256"":""254c6982e556491b04f0d738eca09828c67113854e5c5ba8fef551f12e337e8c"",""k"":400,""k_filler"":40,""k_ldpc"":440,""layout_id"":""20cabcc260d698312a814b218e5c92952909d5f6bfedd964704c350feb33efe3"",""modulation_padding_bits"":0,""mother_bits"":1360,""n"":498,""n_cb"":1320,""n_cb_comp"":1280,""power_protocol"":""fixed_constellation_average_Es2"",""puncturing_bits"":822,""puncturing_first_2Z"":40,""puncturing_remaining"":782,""repetition_bits"":0,""scrambling"":""public_PCG64_SHA256_protocol_session_frame_group_counter_after_rate_matching_v1"",""shortening_bits"":40,""z"":20}",[2048]
16QAM,1/2,16QAM:r1/2,cfa96159c86495e0c30b698496f809a8108f2b71812a496e9c310428c3ff3b55,300,16,0,316,400,84,2080,1372,343,0,0.2303206997084548,0.21865889212827988,"{""actual_effective_rate"":0.2303206997084548,""bg"":""bg2"",""bit_mapping"":""component_Gray_00_-3_01_-1_10_3_11_1_over_sqrt5;QPSK_0_plus1_1_minus1"",""code_blocks"":1,""decoder_config"":{""cn_schedule"":""flooding"",""cn_update"":""boxplus-phi"",""early_stop"":false,""hard_out"":true,""harq_mode"":false,""llr_max"":20.0,""num_iter"":20,""precision"":""single"",""prune_pcm"":true,""return_infobits"":true,""vn_update"":""sum""},""implementation"":{""bit_mapping"":""component_Gray_00_-3_01_-1_10_3_11_1_over_sqrt5;QPSK_0_plus1_1_minus1"",""cuda"":""12.8"",""decoder"":{""cn_schedule"":""flooding"",""cn_update"":""boxplus-phi"",""early_stop"":false,""hard_out"":true,""harq_mode"":false,""llr_max"":20.0,""num_iter"":20,""precision"":""single"",""prune_pcm"":true,""return_infobits"":true,""vn_update"":""sum""},""decoder_source_sha256"":""44d84b92b749e2970f94d92cd348a11648e2286b4d851faa0af8b21d08f0da23"",""encoder_source_sha256"":""34d8db6660b2e84708a8fb534f63c194f6f2b964e3693fcffc9dcaf21532ccfd"",""implementation"":""Sionna_5G_LDPC"",""power_protocol"":""fixed_constellation_average_Es2"",""precision"":""float32"",""rate_matching"":""Sionna RV0; filler removal, first2Z and tail puncturing; supported n only"",""scrambling"":""public_PCG64_SHA256_protocol_session_frame_group_counter_after_rate_matching_v1"",""torch"":""2.11.0+cu128"",""version"":""2.2.0""},""interleaver_sha256"":""c745c5d514bf14b6fe1dfeeee2cdde4b53db7c6ded84f5eb54ae05aa74619200"",""k"":316,""k_filler"":84,""k_ldpc"":400,""layout_id"":""8ad3879fcf9e104092339f367dbe976abdeac34abc602e6f1b52d8a2fccbe90d"",""modulation_padding_bits"":0,""mother_bits"":2080,""n"":1372,""n_cb"":2000,""n_cb_comp"":1916,""power_protocol"":""fixed_constellation_average_Es2"",""puncturing_bits"":624,""puncturing_first_2Z"":80,""puncturing_remaining"":544,""repetition_bits"":0,""scrambling"":""public_PCG64_SHA256_protocol_session_frame_group_counter_after_rate_matching_v1"",""shortening_bits"":84,""z"":40}",[1024]
QPSK,5/6,QPSK:r5/6,cfb6cf13ad300f186b3c7448df56dfdfe6d6efedad346a23d24bd335d2f5fe45,408,16,0,424,560,136,2912,772,386,0,0.5492227979274611,0.5284974093264249,"{""actual_effective_rate"":0.5492227979274611,""bg"":""bg2"",""bit_mapping"":""component_Gray_00_-3_01_-1_10_3_11_1_over_sqrt5;QPSK_0_plus1_1_minus1"",""code_blocks"":1,""decoder_config"":{""cn_schedule"":""flooding"",""cn_update"":""boxplus-phi"",""early_stop"":false,""hard_out"":true,""harq_mode"":false,""llr_max"":20.0,""num_iter"":20,""precision"":""single"",""prune_pcm"":true,""return_infobits"":true,""vn_update"":""sum""},""implementation"":{""bit_mapping"":""component_Gray_00_-3_01_-1_10_3_11_1_over_sqrt5;QPSK_0_plus1_1_minus1"",""cuda"":""12.8"",""decoder"":{""cn_schedule"":""flooding"",""cn_update"":""boxplus-phi"",""early_stop"":false,""hard_out"":true,""harq_mode"":false,""llr_max"":20.0,""num_iter"":20,""precision"":""single"",""prune_pcm"":true,""return_infobits"":true,""vn_update"":""sum""},""decoder_source_sha256"":""44d84b92b749e2970f94d92cd348a11648e2286b4d851faa0af8b21d08f0da23"",""encoder_source_sha256"":""34d8db6660b2e84708a8fb534f63c194f6f2b964e3693fcffc9dcaf21532ccfd"",""implementation"":""Sionna_5G_LDPC"",""power_protocol"":""fixed_constellation_average_Es2"",""precision"":""float32"",""rate_matching"":""Sionna RV0; filler removal, first2Z and tail puncturing; supported n only"",""scrambling"":""public_PCG64_SHA256_protocol_session_frame_group_counter_after_rate_matching_v1"",""torch"":""2.11.0+cu128"",""version"":""2.2.0""},""interleaver_sha256"":""d6ac85c0b45a4279df54ca51c1a606977f65b95d1d9a631e2f82a787a7a5ea3f"",""k"":424,""k_filler"":136,""k_ldpc"":560,""layout_id"":""a1f1b453240ada94813c64edf791b7d8ecf2e3425235a10816b43d2ac56566e8"",""modulation_padding_bits"":0,""mother_bits"":2912,""n"":772,""n_cb"":2800,""n_cb_comp"":2664,""power_protocol"":""fixed_constellation_average_Es2"",""puncturing_bits"":2004,""puncturing_first_2Z"":112,""puncturing_remaining"":1892,""repetition_bits"":0,""scrambling"":""public_PCG64_SHA256_protocol_session_frame_group_counter_after_rate_matching_v1"",""shortening_bits"":136,""z"":56}",[1024]
16QAM,2/3,16QAM:r2/3,cfb818261fb98fca7f265943931a8ab8a67956b21e04d880511853525d0fc86b,984,16,0,1000,1040,40,5408,1500,375,0,0.6666666666666666,0.656,"{""actual_effective_rate"":0.6666666666666666,""bg"":""bg2"",""bit_mapping"":""component_Gray_00_-3_01_-1_10_3_11_1_over_sqrt5;QPSK_0_plus1_1_minus1"",""code_blocks"":1,""decoder_config"":{""cn_schedule"":""flooding"",""cn_update"":""boxplus-phi"",""early_stop"":false,""hard_out"":true,""harq_mode"":false,""llr_max"":20.0,""num_iter"":20,""precision"":""single"",""prune_pcm"":true,""return_infobits"":true,""vn_update"":""sum""},""implementation"":{""bit_mapping"":""component_Gray_00_-3_01_-1_10_3_11_1_over_sqrt5;QPSK_0_plus1_1_minus1"",""cuda"":""12.8"",""decoder"":{""cn_schedule"":""flooding"",""cn_update"":""boxplus-phi"",""early_stop"":false,""hard_out"":true,""harq_mode"":false,""llr_max"":20.0,""num_iter"":20,""precision"":""single"",""prune_pcm"":true,""return_infobits"":true,""vn_update"":""sum""},""decoder_source_sha256"":""44d84b92b749e2970f94d92cd348a11648e2286b4d851faa0af8b21d08f0da23"",""encoder_source_sha256"":""34d8db6660b2e84708a8fb534f63c194f6f2b964e3693fcffc9dcaf21532ccfd"",""implementation"":""Sionna_5G_LDPC"",""power_protocol"":""fixed_constellation_average_Es2"",""precision"":""float32"",""rate_matching"":""Sionna RV0; filler removal, first2Z and tail puncturing; supported n only"",""scrambling"":""public_PCG64_SHA256_protocol_session_frame_group_counter_after_rate_matching_v1"",""torch"":""2.11.0+cu128"",""version"":""2.2.0""},""interleaver_sha256"":""e0c18c5172ee1ee0d26432297516c313cb97418cb76bb9d9d5e3d1f710a1e818"",""k"":1000,""k_filler"":40,""k_ldpc"":1040,""layout_id"":""5682c7b226968000ae3aa57d38d33f1982b56793d390cdaaed8c20dd58bdb85b"",""modulation_padding_bits"":0,""mother_bits"":5408,""n"":1500,""n_cb"":5200,""n_cb_comp"":5160,""power_protocol"":""fixed_constellation_average_Es2"",""puncturing_bits"":3868,""puncturing_first_2Z"":208,""puncturing_remaining"":3660,""repetition_bits"":0,""scrambling"":""public_PCG64_SHA256_protocol_session_frame_group_counter_after_rate_matching_v1"",""shortening_bits"":40,""z"":104}","[1024,2048]"
16QAM,2/3,16QAM:r2/3,cfbd5c01f063c4f9880c46c0ad289ad243cf0438dfaee4971c2c3989ee1002b8,2100,16,0,2116,2240,124,11648,5552,1388,0,0.3811239193083574,0.37824207492795386,"{""actual_effective_rate"":0.3811239193083574,""bg"":""bg2"",""bit_mapping"":""component_Gray_00_-3_01_-1_10_3_11_1_over_sqrt5;QPSK_0_plus1_1_minus1"",""code_blocks"":1,""decoder_config"":{""cn_schedule"":""flooding"",""cn_update"":""boxplus-phi"",""early_stop"":false,""hard_out"":true,""harq_mode"":false,""llr_max"":20.0,""num_iter"":20,""precision"":""single"",""prune_pcm"":true,""return_infobits"":true,""vn_update"":""sum""},""implementation"":{""bit_mapping"":""component_Gray_00_-3_01_-1_10_3_11_1_over_sqrt5;QPSK_0_plus1_1_minus1"",""cuda"":""12.8"",""decoder"":{""cn_schedule"":""flooding"",""cn_update"":""boxplus-phi"",""early_stop"":false,""hard_out"":true,""harq_mode"":false,""llr_max"":20.0,""num_iter"":20,""precision"":""single"",""prune_pcm"":true,""return_infobits"":true,""vn_update"":""sum""},""decoder_source_sha256"":""44d84b92b749e2970f94d92cd348a11648e2286b4d851faa0af8b21d08f0da23"",""encoder_source_sha256"":""34d8db6660b2e84708a8fb534f63c194f6f2b964e3693fcffc9dcaf21532ccfd"",""implementation"":""Sionna_5G_LDPC"",""power_protocol"":""fixed_constellation_average_Es2"",""precision"":""float32"",""rate_matching"":""Sionna RV0; filler removal, first2Z and tail puncturing; supported n only"",""scrambling"":""public_PCG64_SHA256_protocol_session_frame_group_counter_after_rate_matching_v1"",""torch"":""2.11.0+cu128"",""version"":""2.2.0""},""interleaver_sha256"":""fbf65ed7d3288d3444f3bcbf1d4fba349fc88d9638a1203331e458203c0009b0"",""k"":2116,""k_filler"":124,""k_ldpc"":2240,""layout_id"":""ab81b1f68ac82111073a23dded15908e6019a3ce10db6f7dae45a8c63e885f2a"",""modulation_padding_bits"":0,""mother_bits"":11648,""n"":5552,""n_cb"":11200,""n_cb_comp"":11076,""power_protocol"":""fixed_constellation_average_Es2"",""puncturing_bits"":5972,""puncturing_first_2Z"":448,""puncturing_remaining"":5524,""repetition_bits"":0,""scrambling"":""public_PCG64_SHA256_protocol_session_frame_group_counter_after_rate_matching_v1"",""shortening_bits"":124,""z"":224}",[2048]
QPSK,1/3,QPSK:r1/3,cfc89f5f859f51a2c03fd6a37d25bee8cd22284ae4ac27efbce19359c6af9a4d,660,16,0,676,720,44,3744,2828,1414,0,0.23903818953323905,0.2333804809052334,"{""actual_effective_rate"":0.23903818953323905,""bg"":""bg2"",""bit_mapping"":""component_Gray_00_-3_01_-1_10_3_11_1_over_sqrt5;QPSK_0_plus1_1_minus1"",""code_blocks"":1,""decoder_config"":{""cn_schedule"":""flooding"",""cn_update"":""boxplus-phi"",""early_stop"":false,""hard_out"":true,""harq_mode"":false,""llr_max"":20.0,""num_iter"":20,""precision"":""single"",""prune_pcm"":true,""return_infobits"":true,""vn_update"":""sum""},""implementation"":{""bit_mapping"":""component_Gray_00_-3_01_-1_10_3_11_1_over_sqrt5;QPSK_0_plus1_1_minus1"",""cuda"":""12.8"",""decoder"":{""cn_schedule"":""flooding"",""cn_update"":""boxplus-phi"",""early_stop"":false,""hard_out"":true,""harq_mode"":false,""llr_max"":20.0,""num_iter"":20,""precision"":""single"",""prune_pcm"":true,""return_infobits"":true,""vn_update"":""sum""},""decoder_source_sha256"":""44d84b92b749e2970f94d92cd348a11648e2286b4d851faa0af8b21d08f0da23"",""encoder_source_sha256"":""34d8db6660b2e84708a8fb534f63c194f6f2b964e3693fcffc9dcaf21532ccfd"",""implementation"":""Sionna_5G_LDPC"",""power_protocol"":""fixed_constellation_average_Es2"",""precision"":""float32"",""rate_matching"":""Sionna RV0; filler removal, first2Z and tail puncturing; supported n only"",""scrambling"":""public_PCG64_SHA256_protocol_session_frame_group_counter_after_rate_matching_v1"",""torch"":""2.11.0+cu128"",""version"":""2.2.0""},""interleaver_sha256"":""591d226590277fe26c00504617219df9387dd3078dec684d74190a0c395a7fa3"",""k"":676,""k_filler"":44,""k_ldpc"":720,""layout_id"":""0586359f37d90f3214d0157ecddc824e5a22ef7e942cbd61509cdbf63f31287a"",""modulation_padding_bits"":0,""mother_bits"":3744,""n"":2828,""n_cb"":3600,""n_cb_comp"":3556,""power_protocol"":""fixed_constellation_average_Es2"",""puncturing_bits"":872,""puncturing_first_2Z"":144,""puncturing_remaining"":728,""repetition_bits"":0,""scrambling"":""public_PCG64_SHA256_protocol_session_frame_group_counter_after_rate_matching_v1"",""shortening_bits"":44,""z"":72}",[2048]
16QAM,5/6,16QAM:r5/6,cfcaa0abe45c808405ae386a5c02f824d17ab37c0e9469f2515875442a9dfea5,1704,16,0,1720,1760,40,5440,2064,516,0,0.8333333333333334,0.8255813953488372,"{""actual_effective_rate"":0.8333333333333334,""bg"":""bg1"",""bit_mapping"":""component_Gray_00_-3_01_-1_10_3_11_1_over_sqrt5;QPSK_0_plus1_1_minus1"",""code_blocks"":1,""decoder_config"":{""cn_schedule"":""flooding"",""cn_update"":""boxplus-phi"",""early_stop"":false,""hard_out"":true,""harq_mode"":false,""llr_max"":20.0,""num_iter"":20,""precision"":""single"",""prune_pcm"":true,""return_infobits"":true,""vn_update"":""sum""},""implementation"":{""bit_mapping"":""component_Gray_00_-3_01_-1_10_3_11_1_over_sqrt5;QPSK_0_plus1_1_minus1"",""cuda"":""12.8"",""decoder"":{""cn_schedule"":""flooding"",""cn_update"":""boxplus-phi"",""early_stop"":false,""hard_out"":true,""harq_mode"":false,""llr_max"":20.0,""num_iter"":20,""precision"":""single"",""prune_pcm"":true,""return_infobits"":true,""vn_update"":""sum""},""decoder_source_sha256"":""44d84b92b749e2970f94d92cd348a11648e2286b4d851faa0af8b21d08f0da23"",""encoder_source_sha256"":""34d8db6660b2e84708a8fb534f63c194f6f2b964e3693fcffc9dcaf21532ccfd"",""implementation"":""Sionna_5G_LDPC"",""power_protocol"":""fixed_constellation_average_Es2"",""precision"":""float32"",""rate_matching"":""Sionna RV0; filler removal, first2Z and tail puncturing; supported n only"",""scrambling"":""public_PCG64_SHA256_protocol_session_frame_group_counter_after_rate_matching_v1"",""torch"":""2.11.0+cu128"",""version"":""2.2.0""},""interleaver_sha256"":""ca594fcdc8c4da2bb421c4a56299bb42878bbf55cefef7cddfe083b3ad405eb2"",""k"":1720,""k_filler"":40,""k_ldpc"":1760,""layout_id"":""2ffa2ecb776002e11a7e39e150e5f97ed8c885d9dbea7b333a28740028a5b21e"",""modulation_padding_bits"":0,""mother_bits"":5440,""n"":2064,""n_cb"":5280,""n_cb_comp"":5240,""power_protocol"":""fixed_constellation_average_Es2"",""puncturing_bits"":3336,""puncturing_first_2Z"":160,""puncturing_remaining"":3176,""repetition_bits"":0,""scrambling"":""public_PCG64_SHA256_protocol_session_frame_group_counter_after_rate_matching_v1"",""shortening_bits"":40,""z"":80}",[2048]
16QAM,3/4,16QAM:r3/4,cfd2483f6e984db2b3d3eba1de064031b3d51276c83f74f255d6c73e62f478b9,2712,16,0,2728,2816,88,8704,3640,910,0,0.7494505494505495,0.7450549450549451,"{""actual_effective_rate"":0.7494505494505495,""bg"":""bg1"",""bit_mapping"":""component_Gray_00_-3_01_-1_10_3_11_1_over_sqrt5;QPSK_0_plus1_1_minus1"",""code_blocks"":1,""decoder_config"":{""cn_schedule"":""flooding"",""cn_update"":""boxplus-phi"",""early_stop"":false,""hard_out"":true,""harq_mode"":false,""llr_max"":20.0,""num_iter"":20,""precision"":""single"",""prune_pcm"":true,""return_infobits"":true,""vn_update"":""sum""},""implementation"":{""bit_mapping"":""component_Gray_00_-3_01_-1_10_3_11_1_over_sqrt5;QPSK_0_plus1_1_minus1"",""cuda"":""12.8"",""decoder"":{""cn_schedule"":""flooding"",""cn_update"":""boxplus-phi"",""early_stop"":false,""hard_out"":true,""harq_mode"":false,""llr_max"":20.0,""num_iter"":20,""precision"":""single"",""prune_pcm"":true,""return_infobits"":true,""vn_update"":""sum""},""decoder_source_sha256"":""44d84b92b749e2970f94d92cd348a11648e2286b4d851faa0af8b21d08f0da23"",""encoder_source_sha256"":""34d8db6660b2e84708a8fb534f63c194f6f2b964e3693fcffc9dcaf21532ccfd"",""implementation"":""Sionna_5G_LDPC"",""power_protocol"":""fixed_constellation_average_Es2"",""precision"":""float32"",""rate_matching"":""Sionna RV0; filler removal, first2Z and tail puncturing; supported n only"",""scrambling"":""public_PCG64_SHA256_protocol_session_frame_group_counter_after_rate_matching_v1"",""torch"":""2.11.0+cu128"",""version"":""2.2.0""},""interleaver_sha256"":""d8928b8264bdea720d1ccdda25c03e4889e72d71d60bfc3357a16edd46a4ee66"",""k"":2728,""k_filler"":88,""k_ldpc"":2816,""layout_id"":""2212dae3b56fcf6331dcb17a7bcba854d9f87a8990632462d66183638893f05d"",""modulation_padding_bits"":0,""mother_bits"":8704,""n"":3640,""n_cb"":8448,""n_cb_comp"":8360,""power_protocol"":""fixed_constellation_average_Es2"",""puncturing_bits"":4976,""puncturing_first_2Z"":256,""puncturing_remaining"":4720,""repetition_bits"":0,""scrambling"":""public_PCG64_SHA256_protocol_session_frame_group_counter_after_rate_matching_v1"",""shortening_bits"":88,""z"":128}",[2048]
QPSK,1/2,QPSK:r1/2,cfd8d2f0832eb67b8af796153115db8318904cc4283d729bff4f284146938c4a,1392,16,0,1408,1440,32,7488,2828,1414,0,0.49787835926449786,0.49222065063649223,"{""actual_effective_rate"":0.49787835926449786,""bg"":""bg2"",""bit_mapping"":""component_Gray_00_-3_01_-1_10_3_11_1_over_sqrt5;QPSK_0_plus1_1_minus1"",""code_blocks"":1,""decoder_config"":{""cn_schedule"":""flooding"",""cn_update"":""boxplus-phi"",""early_stop"":false,""hard_out"":true,""harq_mode"":false,""llr_max"":20.0,""num_iter"":20,""precision"":""single"",""prune_pcm"":true,""return_infobits"":true,""vn_update"":""sum""},""implementation"":{""bit_mapping"":""component_Gray_00_-3_01_-1_10_3_11_1_over_sqrt5;QPSK_0_plus1_1_minus1"",""cuda"":""12.8"",""decoder"":{""cn_schedule"":""flooding"",""cn_update"":""boxplus-phi"",""early_stop"":false,""hard_out"":true,""harq_mode"":false,""llr_max"":20.0,""num_iter"":20,""precision"":""single"",""prune_pcm"":true,""return_infobits"":true,""vn_update"":""sum""},""decoder_source_sha256"":""44d84b92b749e2970f94d92cd348a11648e2286b4d851faa0af8b21d08f0da23"",""encoder_source_sha256"":""34d8db6660b2e84708a8fb534f63c194f6f2b964e3693fcffc9dcaf21532ccfd"",""implementation"":""Sionna_5G_LDPC"",""power_protocol"":""fixed_constellation_average_Es2"",""precision"":""float32"",""rate_matching"":""Sionna RV0; filler removal, first2Z and tail puncturing; supported n only"",""scrambling"":""public_PCG64_SHA256_protocol_session_frame_group_counter_after_rate_matching_v1"",""torch"":""2.11.0+cu128"",""version"":""2.2.0""},""interleaver_sha256"":""591d226590277fe26c00504617219df9387dd3078dec684d74190a0c395a7fa3"",""k"":1408,""k_filler"":32,""k_ldpc"":1440,""layout_id"":""31addf382aed9fd3edeab172bf023c2dd4ec7a6bc9e0f85f40d1503b094d19ca"",""modulation_padding_bits"":0,""mother_bits"":7488,""n"":2828,""n_cb"":7200,""n_cb_comp"":7168,""power_protocol"":""fixed_constellation_average_Es2"",""puncturing_bits"":4628,""puncturing_first_2Z"":288,""puncturing_remaining"":4340,""repetition_bits"":0,""scrambling"":""public_PCG64_SHA256_protocol_session_frame_group_counter_after_rate_matching_v1"",""shortening_bits"":32,""z"":144}",[2048]
16QAM,5/6,16QAM:r5/6,cfe8ca6d8ef739182158290ee939f510ff34864930b8f4fff9db16c85a2a57c6,660,16,0,676,720,44,3744,1112,278,0,0.6079136690647482,0.5935251798561151,"{""actual_effective_rate"":0.6079136690647482,""bg"":""bg2"",""bit_mapping"":""component_Gray_00_-3_01_-1_10_3_11_1_over_sqrt5;QPSK_0_plus1_1_minus1"",""code_blocks"":1,""decoder_config"":{""cn_schedule"":""flooding"",""cn_update"":""boxplus-phi"",""early_stop"":false,""hard_out"":true,""harq_mode"":false,""llr_max"":20.0,""num_iter"":20,""precision"":""single"",""prune_pcm"":true,""return_infobits"":true,""vn_update"":""sum""},""implementation"":{""bit_mapping"":""component_Gray_00_-3_01_-1_10_3_11_1_over_sqrt5;QPSK_0_plus1_1_minus1"",""cuda"":""12.8"",""decoder"":{""cn_schedule"":""flooding"",""cn_update"":""boxplus-phi"",""early_stop"":false,""hard_out"":true,""harq_mode"":false,""llr_max"":20.0,""num_iter"":20,""precision"":""single"",""prune_pcm"":true,""return_infobits"":true,""vn_update"":""sum""},""decoder_source_sha256"":""44d84b92b749e2970f94d92cd348a11648e2286b4d851faa0af8b21d08f0da23"",""encoder_source_sha256"":""34d8db6660b2e84708a8fb534f63c194f6f2b964e3693fcffc9dcaf21532ccfd"",""implementation"":""Sionna_5G_LDPC"",""power_protocol"":""fixed_constellation_average_Es2"",""precision"":""float32"",""rate_matching"":""Sionna RV0; filler removal, first2Z and tail puncturing; supported n only"",""scrambling"":""public_PCG64_SHA256_protocol_session_frame_group_counter_after_rate_matching_v1"",""torch"":""2.11.0+cu128"",""version"":""2.2.0""},""interleaver_sha256"":""82d401fb70d95d30058ab4aa5c15d2661cd6f9928d7167dc345f1d549fc680bc"",""k"":676,""k_filler"":44,""k_ldpc"":720,""layout_id"":""f5e69ff2545ded63916ac8ef86ddf1bdb42bfd2975399aae5be4d96df77f81db"",""modulation_padding_bits"":0,""mother_bits"":3744,""n"":1112,""n_cb"":3600,""n_cb_comp"":3556,""power_protocol"":""fixed_constellation_average_Es2"",""puncturing_bits"":2588,""puncturing_first_2Z"":144,""puncturing_remaining"":2444,""repetition_bits"":0,""scrambling"":""public_PCG64_SHA256_protocol_session_frame_group_counter_after_rate_matching_v1"",""shortening_bits"":44,""z"":72}",[2048]
QPSK,1/2,QPSK:r1/2,cff285fbabd41b24e10e131cd0617f0b62621e0fc27789a96654a9754e42ef06,732,16,0,748,800,52,4160,1608,804,0,0.4651741293532338,0.4552238805970149,"{""actual_effective_rate"":0.4651741293532338,""bg"":""bg2"",""bit_mapping"":""component_Gray_00_-3_01_-1_10_3_11_1_over_sqrt5;QPSK_0_plus1_1_minus1"",""code_blocks"":1,""decoder_config"":{""cn_schedule"":""flooding"",""cn_update"":""boxplus-phi"",""early_stop"":false,""hard_out"":true,""harq_mode"":false,""llr_max"":20.0,""num_iter"":20,""precision"":""single"",""prune_pcm"":true,""return_infobits"":true,""vn_update"":""sum""},""implementation"":{""bit_mapping"":""component_Gray_00_-3_01_-1_10_3_11_1_over_sqrt5;QPSK_0_plus1_1_minus1"",""cuda"":""12.8"",""decoder"":{""cn_schedule"":""flooding"",""cn_update"":""boxplus-phi"",""early_stop"":false,""hard_out"":true,""harq_mode"":false,""llr_max"":20.0,""num_iter"":20,""precision"":""single"",""prune_pcm"":true,""return_infobits"":true,""vn_update"":""sum""},""decoder_source_sha256"":""44d84b92b749e2970f94d92cd348a11648e2286b4d851faa0af8b21d08f0da23"",""encoder_source_sha256"":""34d8db6660b2e84708a8fb534f63c194f6f2b964e3693fcffc9dcaf21532ccfd"",""implementation"":""Sionna_5G_LDPC"",""power_protocol"":""fixed_constellation_average_Es2"",""precision"":""float32"",""rate_matching"":""Sionna RV0; filler removal, first2Z and tail puncturing; supported n only"",""scrambling"":""public_PCG64_SHA256_protocol_session_frame_group_counter_after_rate_matching_v1"",""torch"":""2.11.0+cu128"",""version"":""2.2.0""},""interleaver_sha256"":""e341a236e0faea7c5996311d96f37435ae4595170f97c11ed14b7ed33fa76309"",""k"":748,""k_filler"":52,""k_ldpc"":800,""layout_id"":""af4da5cb35080a9c0245da6bcfd4512b85415c2ee6639b4d4c5edabd5417006f"",""modulation_padding_bits"":0,""mother_bits"":4160,""n"":1608,""n_cb"":4000,""n_cb_comp"":3948,""power_protocol"":""fixed_constellation_average_Es2"",""puncturing_bits"":2500,""puncturing_first_2Z"":160,""puncturing_remaining"":2340,""repetition_bits"":0,""scrambling"":""public_PCG64_SHA256_protocol_session_frame_group_counter_after_rate_matching_v1"",""shortening_bits"":52,""z"":80}",[1024]
QPSK,2/3,QPSK:r2/3,cffa897ffb8f8be386a36c5cfa59ca60fb6023798fe2505ece348d5e5ca654a0,660,16,0,676,720,44,3744,1192,596,0,0.5671140939597316,0.5536912751677853,"{""actual_effective_rate"":0.5671140939597316,""bg"":""bg2"",""bit_mapping"":""component_Gray_00_-3_01_-1_10_3_11_1_over_sqrt5;QPSK_0_plus1_1_minus1"",""code_blocks"":1,""decoder_config"":{""cn_schedule"":""flooding"",""cn_update"":""boxplus-phi"",""early_stop"":false,""hard_out"":true,""harq_mode"":false,""llr_max"":20.0,""num_iter"":20,""precision"":""single"",""prune_pcm"":true,""return_infobits"":true,""vn_update"":""sum""},""implementation"":{""bit_mapping"":""component_Gray_00_-3_01_-1_10_3_11_1_over_sqrt5;QPSK_0_plus1_1_minus1"",""cuda"":""12.8"",""decoder"":{""cn_schedule"":""flooding"",""cn_update"":""boxplus-phi"",""early_stop"":false,""hard_out"":true,""harq_mode"":false,""llr_max"":20.0,""num_iter"":20,""precision"":""single"",""prune_pcm"":true,""return_infobits"":true,""vn_update"":""sum""},""decoder_source_sha256"":""44d84b92b749e2970f94d92cd348a11648e2286b4d851faa0af8b21d08f0da23"",""encoder_source_sha256"":""34d8db6660b2e84708a8fb534f63c194f6f2b964e3693fcffc9dcaf21532ccfd"",""implementation"":""Sionna_5G_LDPC"",""power_protocol"":""fixed_constellation_average_Es2"",""precision"":""float32"",""rate_matching"":""Sionna RV0; filler removal, first2Z and tail puncturing; supported n only"",""scrambling"":""public_PCG64_SHA256_protocol_session_frame_group_counter_after_rate_matching_v1"",""torch"":""2.11.0+cu128"",""version"":""2.2.0""},""interleaver_sha256"":""1ce8261f0241c9e2815c0b1e49d82eda12d984887af8aa07ba9554ff6881e083"",""k"":676,""k_filler"":44,""k_ldpc"":720,""layout_id"":""89363d3365b542451f4b3190a2f0f2c837f3f7e52949347209b0138ebfdf7c86"",""modulation_padding_bits"":0,""mother_bits"":3744,""n"":1192,""n_cb"":3600,""n_cb_comp"":3556,""power_protocol"":""fixed_constellation_average_Es2"",""puncturing_bits"":2508,""puncturing_first_2Z"":144,""puncturing_remaining"":2364,""repetition_bits"":0,""scrambling"":""public_PCG64_SHA256_protocol_session_frame_group_counter_after_rate_matching_v1"",""shortening_bits"":44,""z"":72}",[2048]
QPSK,2/3,QPSK:r2/3,d0015f61df1222096d01d385ba85cfa4d75e8b47084a2a9cecfef01f2b449342,504,16,0,520,720,200,3744,782,391,0,0.6649616368286445,0.6445012787723785,"{""actual_effective_rate"":0.6649616368286445,""bg"":""bg2"",""bit_mapping"":""component_Gray_00_-3_01_-1_10_3_11_1_over_sqrt5;QPSK_0_plus1_1_minus1"",""code_blocks"":1,""decoder_config"":{""cn_schedule"":""flooding"",""cn_update"":""boxplus-phi"",""early_stop"":false,""hard_out"":true,""harq_mode"":false,""llr_max"":20.0,""num_iter"":20,""precision"":""single"",""prune_pcm"":true,""return_infobits"":true,""vn_update"":""sum""},""implementation"":{""bit_mapping"":""component_Gray_00_-3_01_-1_10_3_11_1_over_sqrt5;QPSK_0_plus1_1_minus1"",""cuda"":""12.8"",""decoder"":{""cn_schedule"":""flooding"",""cn_update"":""boxplus-phi"",""early_stop"":false,""hard_out"":true,""harq_mode"":false,""llr_max"":20.0,""num_iter"":20,""precision"":""single"",""prune_pcm"":true,""return_infobits"":true,""vn_update"":""sum""},""decoder_source_sha256"":""44d84b92b749e2970f94d92cd348a11648e2286b4d851faa0af8b21d08f0da23"",""encoder_source_sha256"":""34d8db6660b2e84708a8fb534f63c194f6f2b964e3693fcffc9dcaf21532ccfd"",""implementation"":""Sionna_5G_LDPC"",""power_protocol"":""fixed_constellation_average_Es2"",""precision"":""float32"",""rate_matching"":""Sionna RV0; filler removal, first2Z and tail puncturing; supported n only"",""scrambling"":""public_PCG64_SHA256_protocol_session_frame_group_counter_after_rate_matching_v1"",""torch"":""2.11.0+cu128"",""version"":""2.2.0""},""interleaver_sha256"":""e01ab0f94ae11c296957843d5bbf279b98bd0baffe6a4a172578fb24598cfd04"",""k"":520,""k_filler"":200,""k_ldpc"":720,""layout_id"":""f8afabaeab733be2d7de9eaa2afb5c036311fee6dce0ee1e6637babb9c65eb0a"",""modulation_padding_bits"":0,""mother_bits"":3744,""n"":782,""n_cb"":3600,""n_cb_comp"":3400,""power_protocol"":""fixed_constellation_average_Es2"",""puncturing_bits"":2762,""puncturing_first_2Z"":144,""puncturing_remaining"":2618,""repetition_bits"":0,""scrambling"":""public_PCG64_SHA256_protocol_session_frame_group_counter_after_rate_matching_v1"",""shortening_bits"":200,""z"":72}",[1024]
16QAM,2/3,16QAM:r2/3,d004f0a670f57303cc8d5c125de96f0e32fbe6f899cc9d4084aedeed1d528808,1800,16,0,1816,1920,104,9984,3276,819,0,0.5543345543345544,0.5494505494505495,"{""actual_effective_rate"":0.5543345543345544,""bg"":""bg2"",""bit_mapping"":""component_Gray_00_-3_01_-1_10_3_11_1_over_sqrt5;QPSK_0_plus1_1_minus1"",""code_blocks"":1,""decoder_config"":{""cn_schedule"":""flooding"",""cn_update"":""boxplus-phi"",""early_stop"":false,""hard_out"":true,""harq_mode"":false,""llr_max"":20.0,""num_iter"":20,""precision"":""single"",""prune_pcm"":true,""return_infobits"":true,""vn_update"":""sum""},""implementation"":{""bit_mapping"":""component_Gray_00_-3_01_-1_10_3_11_1_over_sqrt5;QPSK_0_plus1_1_minus1"",""cuda"":""12.8"",""decoder"":{""cn_schedule"":""flooding"",""cn_update"":""boxplus-phi"",""early_stop"":false,""hard_out"":true,""harq_mode"":false,""llr_max"":20.0,""num_iter"":20,""precision"":""single"",""prune_pcm"":true,""return_infobits"":true,""vn_update"":""sum""},""decoder_source_sha256"":""44d84b92b749e2970f94d92cd348a11648e2286b4d851faa0af8b21d08f0da23"",""encoder_source_sha256"":""34d8db6660b2e84708a8fb534f63c194f6f2b964e3693fcffc9dcaf21532ccfd"",""implementation"":""Sionna_5G_LDPC"",""power_protocol"":""fixed_constellation_average_Es2"",""precision"":""float32"",""rate_matching"":""Sionna RV0; filler removal, first2Z and tail puncturing; supported n only"",""scrambling"":""public_PCG64_SHA256_protocol_session_frame_group_counter_after_rate_matching_v1"",""torch"":""2.11.0+cu128"",""version"":""2.2.0""},""interleaver_sha256"":""c0ba7df4c52d6697f5677b8aeecc1fcb9493eb48d06ba68f9171b41472eb7adb"",""k"":1816,""k_filler"":104,""k_ldpc"":1920,""layout_id"":""fcd29974ab49012825a3e9953754af436b731789c6179485b97beba44e966a80"",""modulation_padding_bits"":0,""mother_bits"":9984,""n"":3276,""n_cb"":9600,""n_cb_comp"":9496,""power_protocol"":""fixed_constellation_average_Es2"",""puncturing_bits"":6604,""puncturing_first_2Z"":384,""puncturing_remaining"":6220,""repetition_bits"":0,""scrambling"":""public_PCG64_SHA256_protocol_session_frame_group_counter_after_rate_matching_v1"",""shortening_bits"":104,""z"":192}",[1024]
QPSK,5/6,QPSK:r5/6,d009138877fa77ee24f2a634d7986cb1420e6327beae90a29e590bf5ba8d3ce0,660,16,0,676,720,44,3744,1102,551,0,0.6134301270417423,0.5989110707803993,"{""actual_effective_rate"":0.6134301270417423,""bg"":""bg2"",""bit_mapping"":""component_Gray_00_-3_01_-1_10_3_11_1_over_sqrt5;QPSK_0_plus1_1_minus1"",""code_blocks"":1,""decoder_config"":{""cn_schedule"":""flooding"",""cn_update"":""boxplus-phi"",""early_stop"":false,""hard_out"":true,""harq_mode"":false,""llr_max"":20.0,""num_iter"":20,""precision"":""single"",""prune_pcm"":true,""return_infobits"":true,""vn_update"":""sum""},""implementation"":{""bit_mapping"":""component_Gray_00_-3_01_-1_10_3_11_1_over_sqrt5;QPSK_0_plus1_1_minus1"",""cuda"":""12.8"",""decoder"":{""cn_schedule"":""flooding"",""cn_update"":""boxplus-phi"",""early_stop"":false,""hard_out"":true,""harq_mode"":false,""llr_max"":20.0,""num_iter"":20,""precision"":""single"",""prune_pcm"":true,""return_infobits"":true,""vn_update"":""sum""},""decoder_source_sha256"":""44d84b92b749e2970f94d92cd348a11648e2286b4d851faa0af8b21d08f0da23"",""encoder_source_sha256"":""34d8db6660b2e84708a8fb534f63c194f6f2b964e3693fcffc9dcaf21532ccfd"",""implementation"":""Sionna_5G_LDPC"",""power_protocol"":""fixed_constellation_average_Es2"",""precision"":""float32"",""rate_matching"":""Sionna RV0; filler removal, first2Z and tail puncturing; supported n only"",""scrambling"":""public_PCG64_SHA256_protocol_session_frame_group_counter_after_rate_matching_v1"",""torch"":""2.11.0+cu128"",""version"":""2.2.0""},""interleaver_sha256"":""ab41c36038e645b1cf209a56fd2b3d16d6374792c8ff4f7a8654f1446821becc"",""k"":676,""k_filler"":44,""k_ldpc"":720,""layout_id"":""248d3039400b0dfd05563643ccc453dbfe72fdb39f8503bcdcd7152f3370fe78"",""modulation_padding_bits"":0,""mother_bits"":3744,""n"":1102,""n_cb"":3600,""n_cb_comp"":3556,""power_protocol"":""fixed_constellation_average_Es2"",""puncturing_bits"":2598,""puncturing_first_2Z"":144,""puncturing_remaining"":2454,""repetition_bits"":0,""scrambling"":""public_PCG64_SHA256_protocol_session_frame_group_counter_after_rate_matching_v1"",""shortening_bits"":44,""z"":72}",[1024]
QPSK,1/2,QPSK:r1/2,d012b9058a8e65362208144b17dca4ebc8b647830a183c535dd7128a423e3f3e,1704,16,0,1720,1760,40,9152,3440,1720,0,0.5,0.49534883720930234,"{""actual_effective_rate"":0.5,""bg"":""bg2"",""bit_mapping"":""component_Gray_00_-3_01_-1_10_3_11_1_over_sqrt5;QPSK_0_plus1_1_minus1"",""code_blocks"":1,""decoder_config"":{""cn_schedule"":""flooding"",""cn_update"":""boxplus-phi"",""early_stop"":false,""hard_out"":true,""harq_mode"":false,""llr_max"":20.0,""num_iter"":20,""precision"":""single"",""prune_pcm"":true,""return_infobits"":true,""vn_update"":""sum""},""implementation"":{""bit_mapping"":""component_Gray_00_-3_01_-1_10_3_11_1_over_sqrt5;QPSK_0_plus1_1_minus1"",""cuda"":""12.8"",""decoder"":{""cn_schedule"":""flooding"",""cn_update"":""boxplus-phi"",""early_stop"":false,""hard_out"":true,""harq_mode"":false,""llr_max"":20.0,""num_iter"":20,""precision"":""single"",""prune_pcm"":true,""return_infobits"":true,""vn_update"":""sum""},""decoder_source_sha256"":""44d84b92b749e2970f94d92cd348a11648e2286b4d851faa0af8b21d08f0da23"",""encoder_source_sha256"":""34d8db6660b2e84708a8fb534f63c194f6f2b964e3693fcffc9dcaf21532ccfd"",""implementation"":""Sionna_5G_LDPC"",""power_protocol"":""fixed_constellation_average_Es2"",""precision"":""float32"",""rate_matching"":""Sionna RV0; filler removal, first2Z and tail puncturing; supported n only"",""scrambling"":""public_PCG64_SHA256_protocol_session_frame_group_counter_after_rate_matching_v1"",""torch"":""2.11.0+cu128"",""version"":""2.2.0""},""interleaver_sha256"":""4463929c13926bd4b06485fe3d7a5b89bccc85125e8560880cfa605d1643ad95"",""k"":1720,""k_filler"":40,""k_ldpc"":1760,""layout_id"":""fcdfdc81ea91a217bef119e13a8cc67870fdfc9d0331f386ce931155af3789ca"",""modulation_padding_bits"":0,""mother_bits"":9152,""n"":3440,""n_cb"":8800,""n_cb_comp"":8760,""power_protocol"":""fixed_constellation_average_Es2"",""puncturing_bits"":5672,""puncturing_first_2Z"":352,""puncturing_remaining"":5320,""repetition_bits"":0,""scrambling"":""public_PCG64_SHA256_protocol_session_frame_group_counter_after_rate_matching_v1"",""shortening_bits"":40,""z"":176}",[2048]
16QAM,1/2,16QAM:r1/2,d01ad173acffa53db77c21750904ee1425f74729587856eaffec7210f5ae9990,408,16,0,424,560,136,2912,852,213,0,0.49765258215962443,0.4788732394366197,"{""actual_effective_rate"":0.49765258215962443,""bg"":""bg2"",""bit_mapping"":""component_Gray_00_-3_01_-1_10_3_11_1_over_sqrt5;QPSK_0_plus1_1_minus1"",""code_blocks"":1,""decoder_config"":{""cn_schedule"":""flooding"",""cn_update"":""boxplus-phi"",""early_stop"":false,""hard_out"":true,""harq_mode"":false,""llr_max"":20.0,""num_iter"":20,""precision"":""single"",""prune_pcm"":true,""return_infobits"":true,""vn_update"":""sum""},""implementation"":{""bit_mapping"":""component_Gray_00_-3_01_-1_10_3_11_1_over_sqrt5;QPSK_0_plus1_1_minus1"",""cuda"":""12.8"",""decoder"":{""cn_schedule"":""flooding"",""cn_update"":""boxplus-phi"",""early_stop"":false,""hard_out"":true,""harq_mode"":false,""llr_max"":20.0,""num_iter"":20,""precision"":""single"",""prune_pcm"":true,""return_infobits"":true,""vn_update"":""sum""},""decoder_source_sha256"":""44d84b92b749e2970f94d92cd348a11648e2286b4d851faa0af8b21d08f0da23"",""encoder_source_sha256"":""34d8db6660b2e84708a8fb534f63c194f6f2b964e3693fcffc9dcaf21532ccfd"",""implementation"":""Sionna_5G_LDPC"",""power_protocol"":""fixed_constellation_average_Es2"",""precision"":""float32"",""rate_matching"":""Sionna RV0; filler removal, first2Z and tail puncturing; supported n only"",""scrambling"":""public_PCG64_SHA256_protocol_session_frame_group_counter_after_rate_matching_v1"",""torch"":""2.11.0+cu128"",""version"":""2.2.0""},""interleaver_sha256"":""be4f2be4d88012e0b305a5b550ca0f3f99bdc0a80719a125b99566c78f8af9d5"",""k"":424,""k_filler"":136,""k_ldpc"":560,""layout_id"":""8da0dbd6b02d12431e7c5da348e6f2a29eda7ab40a6e7bd1f12fb4604e9dd1fc"",""modulation_padding_bits"":0,""mother_bits"":2912,""n"":852,""n_cb"":2800,""n_cb_comp"":2664,""power_protocol"":""fixed_constellation_average_Es2"",""puncturing_bits"":1924,""puncturing_first_2Z"":112,""puncturing_remaining"":1812,""repetition_bits"":0,""scrambling"":""public_PCG64_SHA256_protocol_session_frame_group_counter_after_rate_matching_v1"",""shortening_bits"":136,""z"":56}",[1024]
16QAM,3/4,16QAM:r3/4,d0200ab33f1ecda8275be1b95b74b781e1c2d096609443330eca4743d8456d1f,360,16,0,376,480,104,2496,1608,402,0,0.23383084577114427,0.22388059701492538,"{""actual_effective_rate"":0.23383084577114427,""bg"":""bg2"",""bit_mapping"":""component_Gray_00_-3_01_-1_10_3_11_1_over_sqrt5;QPSK_0_plus1_1_minus1"",""code_blocks"":1,""decoder_config"":{""cn_schedule"":""flooding"",""cn_update"":""boxplus-phi"",""early_stop"":false,""hard_out"":true,""harq_mode"":false,""llr_max"":20.0,""num_iter"":20,""precision"":""single"",""prune_pcm"":true,""return_infobits"":true,""vn_update"":""sum""},""implementation"":{""bit_mapping"":""component_Gray_00_-3_01_-1_10_3_11_1_over_sqrt5;QPSK_0_plus1_1_minus1"",""cuda"":""12.8"",""decoder"":{""cn_schedule"":""flooding"",""cn_update"":""boxplus-phi"",""early_stop"":false,""hard_out"":true,""harq_mode"":false,""llr_max"":20.0,""num_iter"":20,""precision"":""single"",""prune_pcm"":true,""return_infobits"":true,""vn_update"":""sum""},""decoder_source_sha256"":""44d84b92b749e2970f94d92cd348a11648e2286b4d851faa0af8b21d08f0da23"",""encoder_source_sha256"":""34d8db6660b2e84708a8fb534f63c194f6f2b964e3693fcffc9dcaf21532ccfd"",""implementation"":""Sionna_5G_LDPC"",""power_protocol"":""fixed_constellation_average_Es2"",""precision"":""float32"",""rate_matching"":""Sionna RV0; filler removal, first2Z and tail puncturing; supported n only"",""scrambling"":""public_PCG64_SHA256_protocol_session_frame_group_counter_after_rate_matching_v1"",""torch"":""2.11.0+cu128"",""version"":""2.2.0""},""interleaver_sha256"":""1850fccbad7307ca736103c51038b6e9555ff95f1fccd813d21f0b0ebc26382e"",""k"":376,""k_filler"":104,""k_ldpc"":480,""layout_id"":""9d4988fa8a418dbd9be8c1f73716f2f8a5415adcd1fadc447a7c548fb6cb30d2"",""modulation_padding_bits"":0,""mother_bits"":2496,""n"":1608,""n_cb"":2400,""n_cb_comp"":2296,""power_protocol"":""fixed_constellation_average_Es2"",""puncturing_bits"":784,""puncturing_first_2Z"":96,""puncturing_remaining"":688,""repetition_bits"":0,""scrambling"":""public_PCG64_SHA256_protocol_session_frame_group_counter_after_rate_matching_v1"",""shortening_bits"":104,""z"":48}",[1024]
16QAM,5/6,16QAM:r5/6,d02241157bcc6a4496db1855c3de5bb9e9fdcb25b49cf74a41dcfa5b76f28a49,1368,16,0,1384,1440,56,7488,2160,540,0,0.6407407407407407,0.6333333333333333,"{""actual_effective_rate"":0.6407407407407407,""bg"":""bg2"",""bit_mapping"":""component_Gray_00_-3_01_-1_10_3_11_1_over_sqrt5;QPSK_0_plus1_1_minus1"",""code_blocks"":1,""decoder_config"":{""cn_schedule"":""flooding"",""cn_update"":""boxplus-phi"",""early_stop"":false,""hard_out"":true,""harq_mode"":false,""llr_max"":20.0,""num_iter"":20,""precision"":""single"",""prune_pcm"":true,""return_infobits"":true,""vn_update"":""sum""},""implementation"":{""bit_mapping"":""component_Gray_00_-3_01_-1_10_3_11_1_over_sqrt5;QPSK_0_plus1_1_minus1"",""cuda"":""12.8"",""decoder"":{""cn_schedule"":""flooding"",""cn_update"":""boxplus-phi"",""early_stop"":false,""hard_out"":true,""harq_mode"":false,""llr_max"":20.0,""num_iter"":20,""precision"":""single"",""prune_pcm"":true,""return_infobits"":true,""vn_update"":""sum""},""decoder_source_sha256"":""44d84b92b749e2970f94d92cd348a11648e2286b4d851faa0af8b21d08f0da23"",""encoder_source_sha256"":""34d8db6660b2e84708a8fb534f63c194f6f2b964e3693fcffc9dcaf21532ccfd"",""implementation"":""Sionna_5G_LDPC"",""power_protocol"":""fixed_constellation_average_Es2"",""precision"":""float32"",""rate_matching"":""Sionna RV0; filler removal, first2Z and tail puncturing; supported n only"",""scrambling"":""public_PCG64_SHA256_protocol_session_frame_group_counter_after_rate_matching_v1"",""torch"":""2.11.0+cu128"",""version"":""2.2.0""},""interleaver_sha256"":""7294afe6b2cfe688fd400da29fdc26ca7d0b55d5d43d42aabba24dd70ad0559b"",""k"":1384,""k_filler"":56,""k_ldpc"":1440,""layout_id"":""1c4f2300fb29fe2ca2a3907e1de03b178b4757f6f7014acc31e1c44870ee81e3"",""modulation_padding_bits"":0,""mother_bits"":7488,""n"":2160,""n_cb"":7200,""n_cb_comp"":7144,""power_protocol"":""fixed_constellation_average_Es2"",""puncturing_bits"":5272,""puncturing_first_2Z"":288,""puncturing_remaining"":4984,""repetition_bits"":0,""scrambling"":""public_PCG64_SHA256_protocol_session_frame_group_counter_after_rate_matching_v1"",""shortening_bits"":56,""z"":144}",[2048]
16QAM,3/4,16QAM:r3/4,d023c3367056ebc994c3995f6e9a05ed0413303f8984963af4ea1c22ca321645,2424,16,0,2440,2464,24,7616,3256,814,0,0.7493857493857494,0.7444717444717445,"{""actual_effective_rate"":0.7493857493857494,""bg"":""bg1"",""bit_mapping"":""component_Gray_00_-3_01_-1_10_3_11_1_over_sqrt5;QPSK_0_plus1_1_minus1"",""code_blocks"":1,""decoder_config"":{""cn_schedule"":""flooding"",""cn_update"":""boxplus-phi"",""early_stop"":false,""hard_out"":true,""harq_mode"":false,""llr_max"":20.0,""num_iter"":20,""precision"":""single"",""prune_pcm"":true,""return_infobits"":true,""vn_update"":""sum""},""implementation"":{""bit_mapping"":""component_Gray_00_-3_01_-1_10_3_11_1_over_sqrt5;QPSK_0_plus1_1_minus1"",""cuda"":""12.8"",""decoder"":{""cn_schedule"":""flooding"",""cn_update"":""boxplus-phi"",""early_stop"":false,""hard_out"":true,""harq_mode"":false,""llr_max"":20.0,""num_iter"":20,""precision"":""single"",""prune_pcm"":true,""return_infobits"":true,""vn_update"":""sum""},""decoder_source_sha256"":""44d84b92b749e2970f94d92cd348a11648e2286b4d851faa0af8b21d08f0da23"",""encoder_source_sha256"":""34d8db6660b2e84708a8fb534f63c194f6f2b964e3693fcffc9dcaf21532ccfd"",""implementation"":""Sionna_5G_LDPC"",""power_protocol"":""fixed_constellation_average_Es2"",""precision"":""float32"",""rate_matching"":""Sionna RV0; filler removal, first2Z and tail puncturing; supported n only"",""scrambling"":""public_PCG64_SHA256_protocol_session_frame_group_counter_after_rate_matching_v1"",""torch"":""2.11.0+cu128"",""version"":""2.2.0""},""interleaver_sha256"":""c7cab1b3db3cdab91a57f050e464bf502705056c4d2e9b87c9ecfc936748c7b8"",""k"":2440,""k_filler"":24,""k_ldpc"":2464,""layout_id"":""67052578bd33ea5d6b62b96df83b45c9077ed53297d28eadbd0529e60b92eb27"",""modulation_padding_bits"":0,""mother_bits"":7616,""n"":3256,""n_cb"":7392,""n_cb_comp"":7368,""power_protocol"":""fixed_constellation_average_Es2"",""puncturing_bits"":4336,""puncturing_first_2Z"":224,""puncturing_remaining"":4112,""repetition_bits"":0,""scrambling"":""public_PCG64_SHA256_protocol_session_frame_group_counter_after_rate_matching_v1"",""shortening_bits"":24,""z"":112}",[1024]
16QAM,5/6,16QAM:r5/6,d032220895787d6b680ea76823f02a658e8c70cc32b8fdaa0bf95565d7f338ac,3708,16,0,3724,3872,148,11968,5264,1316,0,0.7074468085106383,0.7044072948328267,"{""actual_effective_rate"":0.7074468085106383,""bg"":""bg1"",""bit_mapping"":""component_Gray_00_-3_01_-1_10_3_11_1_over_sqrt5;QPSK_0_plus1_1_minus1"",""code_blocks"":1,""decoder_config"":{""cn_schedule"":""flooding"",""cn_update"":""boxplus-phi"",""early_stop"":false,""hard_out"":true,""harq_mode"":false,""llr_max"":20.0,""num_iter"":20,""precision"":""single"",""prune_pcm"":true,""return_infobits"":true,""vn_update"":""sum""},""implementation"":{""bit_mapping"":""component_Gray_00_-3_01_-1_10_3_11_1_over_sqrt5;QPSK_0_plus1_1_minus1"",""cuda"":""12.8"",""decoder"":{""cn_schedule"":""flooding"",""cn_update"":""boxplus-phi"",""early_stop"":false,""hard_out"":true,""harq_mode"":false,""llr_max"":20.0,""num_iter"":20,""precision"":""single"",""prune_pcm"":true,""return_infobits"":true,""vn_update"":""sum""},""decoder_source_sha256"":""44d84b92b749e2970f94d92cd348a11648e2286b4d851faa0af8b21d08f0da23"",""encoder_source_sha256"":""34d8db6660b2e84708a8fb534f63c194f6f2b964e3693fcffc9dcaf21532ccfd"",""implementation"":""Sionna_5G_LDPC"",""power_protocol"":""fixed_constellation_average_Es2"",""precision"":""float32"",""rate_matching"":""Sionna RV0; filler removal, first2Z and tail puncturing; supported n only"",""scrambling"":""public_PCG64_SHA256_protocol_session_frame_group_counter_after_rate_matching_v1"",""torch"":""2.11.0+cu128"",""version"":""2.2.0""},""interleaver_sha256"":""e1fc41bcd66b3e6fbff5dd4fe4a87e8628cdd74b9e98e95f1117c33cace585d1"",""k"":3724,""k_filler"":148,""k_ldpc"":3872,""layout_id"":""6aedc3e4dfd715fc233340f7fea7967ea2ff420f0a6b850343c7231fbf7f6e09"",""modulation_padding_bits"":0,""mother_bits"":11968,""n"":5264,""n_cb"":11616,""n_cb_comp"":11468,""power_protocol"":""fixed_constellation_average_Es2"",""puncturing_bits"":6556,""puncturing_first_2Z"":352,""puncturing_remaining"":6204,""repetition_bits"":0,""scrambling"":""public_PCG64_SHA256_protocol_session_frame_group_counter_after_rate_matching_v1"",""shortening_bits"":148,""z"":176}",[2048]
QPSK,5/6,QPSK:r5/6,d035bd0a4478579c0ccaceca5c29c23353678b8f6a139463ddf81c6a428ce9b3,1860,16,0,1876,1920,44,9984,3272,1636,0,0.5733496332518337,0.5684596577017115,"{""actual_effective_rate"":0.5733496332518337,""bg"":""bg2"",""bit_mapping"":""component_Gray_00_-3_01_-1_10_3_11_1_over_sqrt5;QPSK_0_plus1_1_minus1"",""code_blocks"":1,""decoder_config"":{""cn_schedule"":""flooding"",""cn_update"":""boxplus-phi"",""early_stop"":false,""hard_out"":true,""harq_mode"":false,""llr_max"":20.0,""num_iter"":20,""precision"":""single"",""prune_pcm"":true,""return_infobits"":true,""vn_update"":""sum""},""implementation"":{""bit_mapping"":""component_Gray_00_-3_01_-1_10_3_11_1_over_sqrt5;QPSK_0_plus1_1_minus1"",""cuda"":""12.8"",""decoder"":{""cn_schedule"":""flooding"",""cn_update"":""boxplus-phi"",""early_stop"":false,""hard_out"":true,""harq_mode"":false,""llr_max"":20.0,""num_iter"":20,""precision"":""single"",""prune_pcm"":true,""return_infobits"":true,""vn_update"":""sum""},""decoder_source_sha256"":""44d84b92b749e2970f94d92cd348a11648e2286b4d851faa0af8b21d08f0da23"",""encoder_source_sha256"":""34d8db6660b2e84708a8fb534f63c194f6f2b964e3693fcffc9dcaf21532ccfd"",""implementation"":""Sionna_5G_LDPC"",""power_protocol"":""fixed_constellation_average_Es2"",""precision"":""float32"",""rate_matching"":""Sionna RV0; filler removal, first2Z and tail puncturing; supported n only"",""scrambling"":""public_PCG64_SHA256_protocol_session_frame_group_counter_after_rate_matching_v1"",""torch"":""2.11.0+cu128"",""version"":""2.2.0""},""interleaver_sha256"":""5685ca1b599a53ed716e358bc222953bb31d7ba08617d4e1cecdfb63f474fbdf"",""k"":1876,""k_filler"":44,""k_ldpc"":1920,""layout_id"":""b02a3223992e4a730d65368c0d05266987ec63993b627c93be4a34c98cbf9ad7"",""modulation_padding_bits"":0,""mother_bits"":9984,""n"":3272,""n_cb"":9600,""n_cb_comp"":9556,""power_protocol"":""fixed_constellation_average_Es2"",""puncturing_bits"":6668,""puncturing_first_2Z"":384,""puncturing_remaining"":6284,""repetition_bits"":0,""scrambling"":""public_PCG64_SHA256_protocol_session_frame_group_counter_after_rate_matching_v1"",""shortening_bits"":44,""z"":192}",[2048]
QPSK,2/3,QPSK:r2/3,d03dfb409bb841b40f2dd76877b8501024b5f0620b9a89787ea714364df0f465,264,16,0,280,360,80,1872,422,211,0,0.6635071090047393,0.6255924170616114,"{""actual_effective_rate"":0.6635071090047393,""bg"":""bg2"",""bit_mapping"":""component_Gray_00_-3_01_-1_10_3_11_1_over_sqrt5;QPSK_0_plus1_1_minus1"",""code_blocks"":1,""decoder_config"":{""cn_schedule"":""flooding"",""cn_update"":""boxplus-phi"",""early_stop"":false,""hard_out"":true,""harq_mode"":false,""llr_max"":20.0,""num_iter"":20,""precision"":""single"",""prune_pcm"":true,""return_infobits"":true,""vn_update"":""sum""},""implementation"":{""bit_mapping"":""component_Gray_00_-3_01_-1_10_3_11_1_over_sqrt5;QPSK_0_plus1_1_minus1"",""cuda"":""12.8"",""decoder"":{""cn_schedule"":""flooding"",""cn_update"":""boxplus-phi"",""early_stop"":false,""hard_out"":true,""harq_mode"":false,""llr_max"":20.0,""num_iter"":20,""precision"":""single"",""prune_pcm"":true,""return_infobits"":true,""vn_update"":""sum""},""decoder_source_sha256"":""44d84b92b749e2970f94d92cd348a11648e2286b4d851faa0af8b21d08f0da23"",""encoder_source_sha256"":""34d8db6660b2e84708a8fb534f63c194f6f2b964e3693fcffc9dcaf21532ccfd"",""implementation"":""Sionna_5G_LDPC"",""power_protocol"":""fixed_constellation_average_Es2"",""precision"":""float32"",""rate_matching"":""Sionna RV0; filler removal, first2Z and tail puncturing; supported n only"",""scrambling"":""public_PCG64_SHA256_protocol_session_frame_group_counter_after_rate_matching_v1"",""torch"":""2.11.0+cu128"",""version"":""2.2.0""},""interleaver_sha256"":""f312006c7e0018606e0649e085f9e21af0f2d353fe323174ba97bbade992bf7f"",""k"":280,""k_filler"":80,""k_ldpc"":360,""layout_id"":""b63191ca86318a1b4efc05da45c9b2e8c006271f4f2d82be35c3105912cdd800"",""modulation_padding_bits"":0,""mother_bits"":1872,""n"":422,""n_cb"":1800,""n_cb_comp"":1720,""power_protocol"":""fixed_constellation_average_Es2"",""puncturing_bits"":1370,""puncturing_first_2Z"":72,""puncturing_remaining"":1298,""repetition_bits"":0,""scrambling"":""public_PCG64_SHA256_protocol_session_frame_group_counter_after_rate_matching_v1"",""shortening_bits"":80,""z"":36}",[1024]
16QAM,1/3,16QAM:r1/3,d05da87cafdecc29d715b7c742f8677e19f683bb1aaf304a10e7859475a0a2eb,1104,16,0,1120,1120,0,5824,3368,842,0,0.332541567695962,0.32779097387173395,"{""actual_effective_rate"":0.332541567695962,""bg"":""bg2"",""bit_mapping"":""component_Gray_00_-3_01_-1_10_3_11_1_over_sqrt5;QPSK_0_plus1_1_minus1"",""code_blocks"":1,""decoder_config"":{""cn_schedule"":""flooding"",""cn_update"":""boxplus-phi"",""early_stop"":false,""hard_out"":true,""harq_mode"":false,""llr_max"":20.0,""num_iter"":20,""precision"":""single"",""prune_pcm"":true,""return_infobits"":true,""vn_update"":""sum""},""implementation"":{""bit_mapping"":""component_Gray_00_-3_01_-1_10_3_11_1_over_sqrt5;QPSK_0_plus1_1_minus1"",""cuda"":""12.8"",""decoder"":{""cn_schedule"":""flooding"",""cn_update"":""boxplus-phi"",""early_stop"":false,""hard_out"":true,""harq_mode"":false,""llr_max"":20.0,""num_iter"":20,""precision"":""single"",""prune_pcm"":true,""return_infobits"":true,""vn_update"":""sum""},""decoder_source_sha256"":""44d84b92b749e2970f94d92cd348a11648e2286b4d851faa0af8b21d08f0da23"",""encoder_source_sha256"":""34d8db6660b2e84708a8fb534f63c194f6f2b964e3693fcffc9dcaf21532ccfd"",""implementation"":""Sionna_5G_LDPC"",""power_protocol"":""fixed_constellation_average_Es2"",""precision"":""float32"",""rate_matching"":""Sionna RV0; filler removal, first2Z and tail puncturing; supported n only"",""scrambling"":""public_PCG64_SHA256_protocol_session_frame_group_counter_after_rate_matching_v1"",""torch"":""2.11.0+cu128"",""version"":""2.2.0""},""interleaver_sha256"":""f58a04f358483dd0d2278398646771cd312e30e97aa562245d9a78640dcbcc76"",""k"":1120,""k_filler"":0,""k_ldpc"":1120,""layout_id"":""fcf768ae3f16f8a9f6dbf6a458f699e8cd4e11990260b0431e6f8ed19c9e94ac"",""modulation_padding_bits"":0,""mother_bits"":5824,""n"":3368,""n_cb"":5600,""n_cb_comp"":5600,""power_protocol"":""fixed_constellation_average_Es2"",""puncturing_bits"":2456,""puncturing_first_2Z"":224,""puncturing_remaining"":2232,""repetition_bits"":0,""scrambling"":""public_PCG64_SHA256_protocol_session_frame_group_counter_after_rate_matching_v1"",""shortening_bits"":0,""z"":112}",[1024]
QPSK,5/6,QPSK:r5/6,d0603f4dd3110cf6cfb6c88e7e6b69af4b429c4c1133f7a2a7fef6b6217325be,2724,16,0,2740,2816,76,8704,3288,1644,0,0.8333333333333334,0.8284671532846716,"{""actual_effective_rate"":0.8333333333333334,""bg"":""bg1"",""bit_mapping"":""component_Gray_00_-3_01_-1_10_3_11_1_over_sqrt5;QPSK_0_plus1_1_minus1"",""code_blocks"":1,""decoder_config"":{""cn_schedule"":""flooding"",""cn_update"":""boxplus-phi"",""early_stop"":false,""hard_out"":true,""harq_mode"":false,""llr_max"":20.0,""num_iter"":20,""precision"":""single"",""prune_pcm"":true,""return_infobits"":true,""vn_update"":""sum""},""implementation"":{""bit_mapping"":""component_Gray_00_-3_01_-1_10_3_11_1_over_sqrt5;QPSK_0_plus1_1_minus1"",""cuda"":""12.8"",""decoder"":{""cn_schedule"":""flooding"",""cn_update"":""boxplus-phi"",""early_stop"":false,""hard_out"":true,""harq_mode"":false,""llr_max"":20.0,""num_iter"":20,""precision"":""single"",""prune_pcm"":true,""return_infobits"":true,""vn_update"":""sum""},""decoder_source_sha256"":""44d84b92b749e2970f94d92cd348a11648e2286b4d851faa0af8b21d08f0da23"",""encoder_source_sha256"":""34d8db6660b2e84708a8fb534f63c194f6f2b964e3693fcffc9dcaf21532ccfd"",""implementation"":""Sionna_5G_LDPC"",""power_protocol"":""fixed_constellation_average_Es2"",""precision"":""float32"",""rate_matching"":""Sionna RV0; filler removal, first2Z and tail puncturing; supported n only"",""scrambling"":""public_PCG64_SHA256_protocol_session_frame_group_counter_after_rate_matching_v1"",""torch"":""2.11.0+cu128"",""version"":""2.2.0""},""interleaver_sha256"":""ef60fa3e377e476795d39cb32ba925a889fb6bd8e406481dc1b98c104c1470e2"",""k"":2740,""k_filler"":76,""k_ldpc"":2816,""layout_id"":""a76daf3c122c375185e90807aaf9bd9d4ceedc2c61a194d251d58d22d666e3e7"",""modulation_padding_bits"":0,""mother_bits"":8704,""n"":3288,""n_cb"":8448,""n_cb_comp"":8372,""power_protocol"":""fixed_constellation_average_Es2"",""puncturing_bits"":5340,""puncturing_first_2Z"":256,""puncturing_remaining"":5084,""repetition_bits"":0,""scrambling"":""public_PCG64_SHA256_protocol_session_frame_group_counter_after_rate_matching_v1"",""shortening_bits"":76,""z"":128}",[2048]
QPSK,2/3,QPSK:r2/3,d06dd23e81848eb3bb76dfd51fc127b51d69498bcb72119d34c813437f13d4b5,216,16,0,232,300,68,1560,390,195,0,0.5948717948717949,0.5538461538461539,"{""actual_effective_rate"":0.5948717948717949,""bg"":""bg2"",""bit_mapping"":""component_Gray_00_-3_01_-1_10_3_11_1_over_sqrt5;QPSK_0_plus1_1_minus1"",""code_blocks"":1,""decoder_config"":{""cn_schedule"":""flooding"",""cn_update"":""boxplus-phi"",""early_stop"":false,""hard_out"":true,""harq_mode"":false,""llr_max"":20.0,""num_iter"":20,""precision"":""single"",""prune_pcm"":true,""return_infobits"":true,""vn_update"":""sum""},""implementation"":{""bit_mapping"":""component_Gray_00_-3_01_-1_10_3_11_1_over_sqrt5;QPSK_0_plus1_1_minus1"",""cuda"":""12.8"",""decoder"":{""cn_schedule"":""flooding"",""cn_update"":""boxplus-phi"",""early_stop"":false,""hard_out"":true,""harq_mode"":false,""llr_max"":20.0,""num_iter"":20,""precision"":""single"",""prune_pcm"":true,""return_infobits"":true,""vn_update"":""sum""},""decoder_source_sha256"":""44d84b92b749e2970f94d92cd348a11648e2286b4d851faa0af8b21d08f0da23"",""encoder_source_sha256"":""34d8db6660b2e84708a8fb534f63c194f6f2b964e3693fcffc9dcaf21532ccfd"",""implementation"":""Sionna_5G_LDPC"",""power_protocol"":""fixed_constellation_average_Es2"",""precision"":""float32"",""rate_matching"":""Sionna RV0; filler removal, first2Z and tail puncturing; supported n only"",""scrambling"":""public_PCG64_SHA256_protocol_session_frame_group_counter_after_rate_matching_v1"",""torch"":""2.11.0+cu128"",""version"":""2.2.0""},""interleaver_sha256"":""61091872be4a9f993696be59e5a3f6b1b229178445f1f460bf682996f372604b"",""k"":232,""k_filler"":68,""k_ldpc"":300,""layout_id"":""9268c3bdf982964e9849f5dfacba3556e53f53bc540c0f4f537ebf18573a45a9"",""modulation_padding_bits"":0,""mother_bits"":1560,""n"":390,""n_cb"":1500,""n_cb_comp"":1432,""power_protocol"":""fixed_constellation_average_Es2"",""puncturing_bits"":1102,""puncturing_first_2Z"":60,""puncturing_remaining"":1042,""repetition_bits"":0,""scrambling"":""public_PCG64_SHA256_protocol_session_frame_group_counter_after_rate_matching_v1"",""shortening_bits"":68,""z"":30}",[1024]
16QAM,1/2,16QAM:r1/2,d06f43b5c8dae129b81e798ee10c6879f736ff9f9f35dc6ffb222e0a4c15e64a,1092,16,0,1108,1120,12,5824,2416,604,0,0.4586092715231788,0.4519867549668874,"{""actual_effective_rate"":0.4586092715231788,""bg"":""bg2"",""bit_mapping"":""component_Gray_00_-3_01_-1_10_3_11_1_over_sqrt5;QPSK_0_plus1_1_minus1"",""code_blocks"":1,""decoder_config"":{""cn_schedule"":""flooding"",""cn_update"":""boxplus-phi"",""early_stop"":false,""hard_out"":true,""harq_mode"":false,""llr_max"":20.0,""num_iter"":20,""precision"":""single"",""prune_pcm"":true,""return_infobits"":true,""vn_update"":""sum""},""implementation"":{""bit_mapping"":""component_Gray_00_-3_01_-1_10_3_11_1_over_sqrt5;QPSK_0_plus1_1_minus1"",""cuda"":""12.8"",""decoder"":{""cn_schedule"":""flooding"",""cn_update"":""boxplus-phi"",""early_stop"":false,""hard_out"":true,""harq_mode"":false,""llr_max"":20.0,""num_iter"":20,""precision"":""single"",""prune_pcm"":true,""return_infobits"":true,""vn_update"":""sum""},""decoder_source_sha256"":""44d84b92b749e2970f94d92cd348a11648e2286b4d851faa0af8b21d08f0da23"",""encoder_source_sha256"":""34d8db6660b2e84708a8fb534f63c194f6f2b964e3693fcffc9dcaf21532ccfd"",""implementation"":""Sionna_5G_LDPC"",""power_protocol"":""fixed_constellation_average_Es2"",""precision"":""float32"",""rate_matching"":""Sionna RV0; filler removal, first2Z and tail puncturing; supported n only"",""scrambling"":""public_PCG64_SHA256_protocol_session_frame_group_counter_after_rate_matching_v1"",""torch"":""2.11.0+cu128"",""version"":""2.2.0""},""interleaver_sha256"":""ddddc89ddcf95c1e0af25fdd8ef529655c90d60348ac59ba2adddfcf72bbd4a3"",""k"":1108,""k_filler"":12,""k_ldpc"":1120,""layout_id"":""62ee7153e1b7208242e20776fbd92459a74099965ddf1f3cf8c5e27a6d1feeb3"",""modulation_padding_bits"":0,""mother_bits"":5824,""n"":2416,""n_cb"":5600,""n_cb_comp"":5588,""power_protocol"":""fixed_constellation_average_Es2"",""puncturing_bits"":3396,""puncturing_first_2Z"":224,""puncturing_remaining"":3172,""repetition_bits"":0,""scrambling"":""public_PCG64_SHA256_protocol_session_frame_group_counter_after_rate_matching_v1"",""shortening_bits"":12,""z"":112}",[2048]
16QAM,3/4,16QAM:r3/4,d07055ff96ebb9d8109d42db4f6191e126dd59a79561557521e7290ead5c0976,1008,16,0,1024,1056,32,3264,1368,342,0,0.7485380116959064,0.7368421052631579,"{""actual_effective_rate"":0.7485380116959064,""bg"":""bg1"",""bit_mapping"":""component_Gray_00_-3_01_-1_10_3_11_1_over_sqrt5;QPSK_0_plus1_1_minus1"",""code_blocks"":1,""decoder_config"":{""cn_schedule"":""flooding"",""cn_update"":""boxplus-phi"",""early_stop"":false,""hard_out"":true,""harq_mode"":false,""llr_max"":20.0,""num_iter"":20,""precision"":""single"",""prune_pcm"":true,""return_infobits"":true,""vn_update"":""sum""},""implementation"":{""bit_mapping"":""component_Gray_00_-3_01_-1_10_3_11_1_over_sqrt5;QPSK_0_plus1_1_minus1"",""cuda"":""12.8"",""decoder"":{""cn_schedule"":""flooding"",""cn_update"":""boxplus-phi"",""early_stop"":false,""hard_out"":true,""harq_mode"":false,""llr_max"":20.0,""num_iter"":20,""precision"":""single"",""prune_pcm"":true,""return_infobits"":true,""vn_update"":""sum""},""decoder_source_sha256"":""44d84b92b749e2970f94d92cd348a11648e2286b4d851faa0af8b21d08f0da23"",""encoder_source_sha256"":""34d8db6660b2e84708a8fb534f63c194f6f2b964e3693fcffc9dcaf21532ccfd"",""implementation"":""Sionna_5G_LDPC"",""power_protocol"":""fixed_constellation_average_Es2"",""precision"":""float32"",""rate_matching"":""Sionna RV0; filler removal, first2Z and tail puncturing; supported n only"",""scrambling"":""public_PCG64_SHA256_protocol_session_frame_group_counter_after_rate_matching_v1"",""torch"":""2.11.0+cu128"",""version"":""2.2.0""},""interleaver_sha256"":""4193f97bb9182bad044ad8b064abf53b105c7d93ec0aed1c809cbf3496c1ae9c"",""k"":1024,""k_filler"":32,""k_ldpc"":1056,""layout_id"":""58b521a61b428a93df2b23acf06d8098e37d0bd2c3d979a1b2e5412e3ea7e4e8"",""modulation_padding_bits"":0,""mother_bits"":3264,""n"":1368,""n_cb"":3168,""n_cb_comp"":3136,""power_protocol"":""fixed_constellation_average_Es2"",""puncturing_bits"":1864,""puncturing_first_2Z"":96,""puncturing_remaining"":1768,""repetition_bits"":0,""scrambling"":""public_PCG64_SHA256_protocol_session_frame_group_counter_after_rate_matching_v1"",""shortening_bits"":32,""z"":48}","[1024,2048]"
16QAM,3/4,16QAM:r3/4,d07a3085ba4614695e9a9168aa4171cea9f28d1bd227149f1f0436faf9c8dd8a,1092,16,0,1108,1144,36,3536,1484,371,0,0.7466307277628033,0.7358490566037735,"{""actual_effective_rate"":0.7466307277628033,""bg"":""bg1"",""bit_mapping"":""component_Gray_00_-3_01_-1_10_3_11_1_over_sqrt5;QPSK_0_plus1_1_minus1"",""code_blocks"":1,""decoder_config"":{""cn_schedule"":""flooding"",""cn_update"":""boxplus-phi"",""early_stop"":false,""hard_out"":true,""harq_mode"":false,""llr_max"":20.0,""num_iter"":20,""precision"":""single"",""prune_pcm"":true,""return_infobits"":true,""vn_update"":""sum""},""implementation"":{""bit_mapping"":""component_Gray_00_-3_01_-1_10_3_11_1_over_sqrt5;QPSK_0_plus1_1_minus1"",""cuda"":""12.8"",""decoder"":{""cn_schedule"":""flooding"",""cn_update"":""boxplus-phi"",""early_stop"":false,""hard_out"":true,""harq_mode"":false,""llr_max"":20.0,""num_iter"":20,""precision"":""single"",""prune_pcm"":true,""return_infobits"":true,""vn_update"":""sum""},""decoder_source_sha256"":""44d84b92b749e2970f94d92cd348a11648e2286b4d851faa0af8b21d08f0da23"",""encoder_source_sha256"":""34d8db6660b2e84708a8fb534f63c194f6f2b964e3693fcffc9dcaf21532ccfd"",""implementation"":""Sionna_5G_LDPC"",""power_protocol"":""fixed_constellation_average_Es2"",""precision"":""float32"",""rate_matching"":""Sionna RV0; filler removal, first2Z and tail puncturing; supported n only"",""scrambling"":""public_PCG64_SHA256_protocol_session_frame_group_counter_after_rate_matching_v1"",""torch"":""2.11.0+cu128"",""version"":""2.2.0""},""interleaver_sha256"":""c72cf4c3693609d2b58baa7d3e42f59e8dcee536d19d3bff14d70dd332ed964c"",""k"":1108,""k_filler"":36,""k_ldpc"":1144,""layout_id"":""8e20f2500bb3eb359de5b9df2a1e77c707fc87c492168a7727389bacfda50e16"",""modulation_padding_bits"":0,""mother_bits"":3536,""n"":1484,""n_cb"":3432,""n_cb_comp"":3396,""power_protocol"":""fixed_constellation_average_Es2"",""puncturing_bits"":2016,""puncturing_first_2Z"":104,""puncturing_remaining"":1912,""repetition_bits"":0,""scrambling"":""public_PCG64_SHA256_protocol_session_frame_group_counter_after_rate_matching_v1"",""shortening_bits"":36,""z"":52}","[1024,2048]"
QPSK,5/6,QPSK:r5/6,d07db07fd8f063378cde4268c97997bb41bcd09f9da575148699a31140db80d7,2700,16,0,2716,2816,100,8704,3374,1687,0,0.8049792531120332,0.8002371072910492,"{""actual_effective_rate"":0.8049792531120332,""bg"":""bg1"",""bit_mapping"":""component_Gray_00_-3_01_-1_10_3_11_1_over_sqrt5;QPSK_0_plus1_1_minus1"",""code_blocks"":1,""decoder_config"":{""cn_schedule"":""flooding"",""cn_update"":""boxplus-phi"",""early_stop"":false,""hard_out"":true,""harq_mode"":false,""llr_max"":20.0,""num_iter"":20,""precision"":""single"",""prune_pcm"":true,""return_infobits"":true,""vn_update"":""sum""},""implementation"":{""bit_mapping"":""component_Gray_00_-3_01_-1_10_3_11_1_over_sqrt5;QPSK_0_plus1_1_minus1"",""cuda"":""12.8"",""decoder"":{""cn_schedule"":""flooding"",""cn_update"":""boxplus-phi"",""early_stop"":false,""hard_out"":true,""harq_mode"":false,""llr_max"":20.0,""num_iter"":20,""precision"":""single"",""prune_pcm"":true,""return_infobits"":true,""vn_update"":""sum""},""decoder_source_sha256"":""44d84b92b749e2970f94d92cd348a11648e2286b4d851faa0af8b21d08f0da23"",""encoder_source_sha256"":""34d8db6660b2e84708a8fb534f63c194f6f2b964e3693fcffc9dcaf21532ccfd"",""implementation"":""Sionna_5G_LDPC"",""power_protocol"":""fixed_constellation_average_Es2"",""precision"":""float32"",""rate_matching"":""Sionna RV0; filler removal, first2Z and tail puncturing; supported n only"",""scrambling"":""public_PCG64_SHA256_protocol_session_frame_group_counter_after_rate_matching_v1"",""torch"":""2.11.0+cu128"",""version"":""2.2.0""},""interleaver_sha256"":""9ebe9c99c08411ee27181f87c3808711ada86a6ee66b88c9746b9652d03bb2f3"",""k"":2716,""k_filler"":100,""k_ldpc"":2816,""layout_id"":""238f8e9f7ea26e15b4275b661216ffa7edc6fae4d81b40df06aadc681bd93c74"",""modulation_padding_bits"":0,""mother_bits"":8704,""n"":3374,""n_cb"":8448,""n_cb_comp"":8348,""power_protocol"":""fixed_constellation_average_Es2"",""puncturing_bits"":5230,""puncturing_first_2Z"":256,""puncturing_remaining"":4974,""repetition_bits"":0,""scrambling"":""public_PCG64_SHA256_protocol_session_frame_group_counter_after_rate_matching_v1"",""shortening_bits"":100,""z"":128}",[2048]
QPSK,2/3,QPSK:r2/3,d081480cb81c3006807226b10fa3dd62e6f9c9ac2486a6e7d9325e9e72af95b3,660,16,0,676,720,44,3744,2304,1152,0,0.2934027777777778,0.2864583333333333,"{""actual_effective_rate"":0.2934027777777778,""bg"":""bg2"",""bit_mapping"":""component_Gray_00_-3_01_-1_10_3_11_1_over_sqrt5;QPSK_0_plus1_1_minus1"",""code_blocks"":1,""decoder_config"":{""cn_schedule"":""flooding"",""cn_update"":""boxplus-phi"",""early_stop"":false,""hard_out"":true,""harq_mode"":false,""llr_max"":20.0,""num_iter"":20,""precision"":""single"",""prune_pcm"":true,""return_infobits"":true,""vn_update"":""sum""},""implementation"":{""bit_mapping"":""component_Gray_00_-3_01_-1_10_3_11_1_over_sqrt5;QPSK_0_plus1_1_minus1"",""cuda"":""12.8"",""decoder"":{""cn_schedule"":""flooding"",""cn_update"":""boxplus-phi"",""early_stop"":false,""hard_out"":true,""harq_mode"":false,""llr_max"":20.0,""num_iter"":20,""precision"":""single"",""prune_pcm"":true,""return_infobits"":true,""vn_update"":""sum""},""decoder_source_sha256"":""44d84b92b749e2970f94d92cd348a11648e2286b4d851faa0af8b21d08f0da23"",""encoder_source_sha256"":""34d8db6660b2e84708a8fb534f63c194f6f2b964e3693fcffc9dcaf21532ccfd"",""implementation"":""Sionna_5G_LDPC"",""power_protocol"":""fixed_constellation_average_Es2"",""precision"":""float32"",""rate_matching"":""Sionna RV0; filler removal, first2Z and tail puncturing; supported n only"",""scrambling"":""public_PCG64_SHA256_protocol_session_frame_group_counter_after_rate_matching_v1"",""torch"":""2.11.0+cu128"",""version"":""2.2.0""},""interleaver_sha256"":""8525128b6f7f643a23d35920052f83c9e4c31df3e29fbfbfe1d2c14cd341343e"",""k"":676,""k_filler"":44,""k_ldpc"":720,""layout_id"":""32bf9cf56978ebc5d58391568716838ee20db8d632a22547d2a897479637b3de"",""modulation_padding_bits"":0,""mother_bits"":3744,""n"":2304,""n_cb"":3600,""n_cb_comp"":3556,""power_protocol"":""fixed_constellation_average_Es2"",""puncturing_bits"":1396,""puncturing_first_2Z"":144,""puncturing_remaining"":1252,""repetition_bits"":0,""scrambling"":""public_PCG64_SHA256_protocol_session_frame_group_counter_after_rate_matching_v1"",""shortening_bits"":44,""z"":72}",[2048]
QPSK,2/3,QPSK:r2/3,d08d3c8ac1d0ec33516257c307b281b5e9aead22d3f3f89f091e5bbe01644a46,1368,16,0,1384,1440,56,7488,2198,1099,0,0.629663330300273,0.6223839854413102,"{""actual_effective_rate"":0.629663330300273,""bg"":""bg2"",""bit_mapping"":""component_Gray_00_-3_01_-1_10_3_11_1_over_sqrt5;QPSK_0_plus1_1_minus1"",""code_blocks"":1,""decoder_config"":{""cn_schedule"":""flooding"",""cn_update"":""boxplus-phi"",""early_stop"":false,""hard_out"":true,""harq_mode"":false,""llr_max"":20.0,""num_iter"":20,""precision"":""single"",""prune_pcm"":true,""return_infobits"":true,""vn_update"":""sum""},""implementation"":{""bit_mapping"":""component_Gray_00_-3_01_-1_10_3_11_1_over_sqrt5;QPSK_0_plus1_1_minus1"",""cuda"":""12.8"",""decoder"":{""cn_schedule"":""flooding"",""cn_update"":""boxplus-phi"",""early_stop"":false,""hard_out"":true,""harq_mode"":false,""llr_max"":20.0,""num_iter"":20,""precision"":""single"",""prune_pcm"":true,""return_infobits"":true,""vn_update"":""sum""},""decoder_source_sha256"":""44d84b92b749e2970f94d92cd348a11648e2286b4d851faa0af8b21d08f0da23"",""encoder_source_sha256"":""34d8db6660b2e84708a8fb534f63c194f6f2b964e3693fcffc9dcaf21532ccfd"",""implementation"":""Sionna_5G_LDPC"",""power_protocol"":""fixed_constellation_average_Es2"",""precision"":""float32"",""rate_matching"":""Sionna RV0; filler removal, first2Z and tail puncturing; supported n only"",""scrambling"":""public_PCG64_SHA256_protocol_session_frame_group_counter_after_rate_matching_v1"",""torch"":""2.11.0+cu128"",""version"":""2.2.0""},""interleaver_sha256"":""444c089cefe527c5d23e5afd72944fc8046768178d43f91aee5af54be7083f8e"",""k"":1384,""k_filler"":56,""k_ldpc"":1440,""layout_id"":""44728beceb0bc8bb7a5fb1f941ae0077aff76112963f5bb05a20ff293b4ab547"",""modulation_padding_bits"":0,""mother_bits"":7488,""n"":2198,""n_cb"":7200,""n_cb_comp"":7144,""power_protocol"":""fixed_constellation_average_Es2"",""puncturing_bits"":5234,""puncturing_first_2Z"":288,""puncturing_remaining"":4946,""repetition_bits"":0,""scrambling"":""public_PCG64_SHA256_protocol_session_frame_group_counter_after_rate_matching_v1"",""shortening_bits"":56,""z"":144}",[2048]
16QAM,3/4,16QAM:r3/4,d0915c9a297600cd6bb9686f3d7d30790d3c0269667faaef1c165d0fafc348a8,4704,16,0,4720,4928,208,15232,6296,1574,0,0.7496823379923762,0.747141041931385,"{""actual_effective_rate"":0.7496823379923762,""bg"":""bg1"",""bit_mapping"":""component_Gray_00_-3_01_-1_10_3_11_1_over_sqrt5;QPSK_0_plus1_1_minus1"",""code_blocks"":1,""decoder_config"":{""cn_schedule"":""flooding"",""cn_update"":""boxplus-phi"",""early_stop"":false,""hard_out"":true,""harq_mode"":false,""llr_max"":20.0,""num_iter"":20,""precision"":""single"",""prune_pcm"":true,""return_infobits"":true,""vn_update"":""sum""},""implementation"":{""bit_mapping"":""component_Gray_00_-3_01_-1_10_3_11_1_over_sqrt5;QPSK_0_plus1_1_minus1"",""cuda"":""12.8"",""decoder"":{""cn_schedule"":""flooding"",""cn_update"":""boxplus-phi"",""early_stop"":false,""hard_out"":true,""harq_mode"":false,""llr_max"":20.0,""num_iter"":20,""precision"":""single"",""prune_pcm"":true,""return_infobits"":true,""vn_update"":""sum""},""decoder_source_sha256"":""44d84b92b749e2970f94d92cd348a11648e2286b4d851faa0af8b21d08f0da23"",""encoder_source_sha256"":""34d8db6660b2e84708a8fb534f63c194f6f2b964e3693fcffc9dcaf21532ccfd"",""implementation"":""Sionna_5G_LDPC"",""power_protocol"":""fixed_constellation_average_Es2"",""precision"":""float32"",""rate_matching"":""Sionna RV0; filler removal, first2Z and tail puncturing; supported n only"",""scrambling"":""public_PCG64_SHA256_protocol_session_frame_group_counter_after_rate_matching_v1"",""torch"":""2.11.0+cu128"",""version"":""2.2.0""},""interleaver_sha256"":""91ff2f9fc61370502a3b43f1c179c7c486c745d65c5ed486f5e8556bcf80fd43"",""k"":4720,""k_filler"":208,""k_ldpc"":4928,""layout_id"":""d162c132a16e6e74840031ff54a4207947696007698ff38fe3dd52eda1a66a51"",""modulation_padding_bits"":0,""mother_bits"":15232,""n"":6296,""n_cb"":14784,""n_cb_comp"":14576,""power_protocol"":""fixed_constellation_average_Es2"",""puncturing_bits"":8728,""puncturing_first_2Z"":448,""puncturing_remaining"":8280,""repetition_bits"":0,""scrambling"":""public_PCG64_SHA256_protocol_session_frame_group_counter_after_rate_matching_v1"",""shortening_bits"":208,""z"":224}",[2048]
16QAM,3/4,16QAM:r3/4,d094e15e77142b6e1311305be894425f72b729a5e0a9088b6442154c9672fd03,1368,16,0,1384,1440,56,7488,4164,1041,0,0.3323727185398655,0.3285302593659942,"{""actual_effective_rate"":0.3323727185398655,""bg"":""bg2"",""bit_mapping"":""component_Gray_00_-3_01_-1_10_3_11_1_over_sqrt5;QPSK_0_plus1_1_minus1"",""code_blocks"":1,""decoder_config"":{""cn_schedule"":""flooding"",""cn_update"":""boxplus-phi"",""early_stop"":false,""hard_out"":true,""harq_mode"":false,""llr_max"":20.0,""num_iter"":20,""precision"":""single"",""prune_pcm"":true,""return_infobits"":true,""vn_update"":""sum""},""implementation"":{""bit_mapping"":""component_Gray_00_-3_01_-1_10_3_11_1_over_sqrt5;QPSK_0_plus1_1_minus1"",""cuda"":""12.8"",""decoder"":{""cn_schedule"":""flooding"",""cn_update"":""boxplus-phi"",""early_stop"":false,""hard_out"":true,""harq_mode"":false,""llr_max"":20.0,""num_iter"":20,""precision"":""single"",""prune_pcm"":true,""return_infobits"":true,""vn_update"":""sum""},""decoder_source_sha256"":""44d84b92b749e2970f94d92cd348a11648e2286b4d851faa0af8b21d08f0da23"",""encoder_source_sha256"":""34d8db6660b2e84708a8fb534f63c194f6f2b964e3693fcffc9dcaf21532ccfd"",""implementation"":""Sionna_5G_LDPC"",""power_protocol"":""fixed_constellation_average_Es2"",""precision"":""float32"",""rate_matching"":""Sionna RV0; filler removal, first2Z and tail puncturing; supported n only"",""scrambling"":""public_PCG64_SHA256_protocol_session_frame_group_counter_after_rate_matching_v1"",""torch"":""2.11.0+cu128"",""version"":""2.2.0""},""interleaver_sha256"":""02c1b298fe634e3abc52e7b6d2bfbbc785c32b2e282d974e7489c689998a0000"",""k"":1384,""k_filler"":56,""k_ldpc"":1440,""layout_id"":""06e5d948301b213a636c906baaa53bd4c979c803b4b48cec6d5f05250617af46"",""modulation_padding_bits"":0,""mother_bits"":7488,""n"":4164,""n_cb"":7200,""n_cb_comp"":7144,""power_protocol"":""fixed_constellation_average_Es2"",""puncturing_bits"":3268,""puncturing_first_2Z"":288,""puncturing_remaining"":2980,""repetition_bits"":0,""scrambling"":""public_PCG64_SHA256_protocol_session_frame_group_counter_after_rate_matching_v1"",""shortening_bits"":56,""z"":144}",[2048]
16QAM,2/3,16QAM:r2/3,d095a283b28441346796a26f601eae86cfbab39586d96364ae887812135d87bf,2712,16,0,2728,2880,152,14976,4092,1023,0,0.6666666666666666,0.6627565982404692,"{""actual_effective_rate"":0.6666666666666666,""bg"":""bg2"",""bit_mapping"":""component_Gray_00_-3_01_-1_10_3_11_1_over_sqrt5;QPSK_0_plus1_1_minus1"",""code_blocks"":1,""decoder_config"":{""cn_schedule"":""flooding"",""cn_update"":""boxplus-phi"",""early_stop"":false,""hard_out"":true,""harq_mode"":false,""llr_max"":20.0,""num_iter"":20,""precision"":""single"",""prune_pcm"":true,""return_infobits"":true,""vn_update"":""sum""},""implementation"":{""bit_mapping"":""component_Gray_00_-3_01_-1_10_3_11_1_over_sqrt5;QPSK_0_plus1_1_minus1"",""cuda"":""12.8"",""decoder"":{""cn_schedule"":""flooding"",""cn_update"":""boxplus-phi"",""early_stop"":false,""hard_out"":true,""harq_mode"":false,""llr_max"":20.0,""num_iter"":20,""precision"":""single"",""prune_pcm"":true,""return_infobits"":true,""vn_update"":""sum""},""decoder_source_sha256"":""44d84b92b749e2970f94d92cd348a11648e2286b4d851faa0af8b21d08f0da23"",""encoder_source_sha256"":""34d8db6660b2e84708a8fb534f63c194f6f2b964e3693fcffc9dcaf21532ccfd"",""implementation"":""Sionna_5G_LDPC"",""power_protocol"":""fixed_constellation_average_Es2"",""precision"":""float32"",""rate_matching"":""Sionna RV0; filler removal, first2Z and tail puncturing; supported n only"",""scrambling"":""public_PCG64_SHA256_protocol_session_frame_group_counter_after_rate_matching_v1"",""torch"":""2.11.0+cu128"",""version"":""2.2.0""},""interleaver_sha256"":""29faab88ee35674ca5b3ebb618df954d1393635d6ffc23344dfc9c782ed743d4"",""k"":2728,""k_filler"":152,""k_ldpc"":2880,""layout_id"":""ab2daebe4a5e8558c675eb6ae62c6a6bcd447ec7223ea1e32737499664e43580"",""modulation_padding_bits"":0,""mother_bits"":14976,""n"":4092,""n_cb"":14400,""n_cb_comp"":14248,""power_protocol"":""fixed_constellation_average_Es2"",""puncturing_bits"":10732,""puncturing_first_2Z"":576,""puncturing_remaining"":10156,""repetition_bits"":0,""scrambling"":""public_PCG64_SHA256_protocol_session_frame_group_counter_after_rate_matching_v1"",""shortening_bits"":152,""z"":288}",[2048]
16QAM,3/4,16QAM:r3/4,d0b912f4b45b41c5d89e0ee737d4d3f438745ddb1234ea7d9685b9b4dd77595f,1860,16,0,1876,1920,44,9984,4216,1054,0,0.4449715370018975,0.4411764705882353,"{""actual_effective_rate"":0.4449715370018975,""bg"":""bg2"",""bit_mapping"":""component_Gray_00_-3_01_-1_10_3_11_1_over_sqrt5;QPSK_0_plus1_1_minus1"",""code_blocks"":1,""decoder_config"":{""cn_schedule"":""flooding"",""cn_update"":""boxplus-phi"",""early_stop"":false,""hard_out"":true,""harq_mode"":false,""llr_max"":20.0,""num_iter"":20,""precision"":""single"",""prune_pcm"":true,""return_infobits"":true,""vn_update"":""sum""},""implementation"":{""bit_mapping"":""component_Gray_00_-3_01_-1_10_3_11_1_over_sqrt5;QPSK_0_plus1_1_minus1"",""cuda"":""12.8"",""decoder"":{""cn_schedule"":""flooding"",""cn_update"":""boxplus-phi"",""early_stop"":false,""hard_out"":true,""harq_mode"":false,""llr_max"":20.0,""num_iter"":20,""precision"":""single"",""prune_pcm"":true,""return_infobits"":true,""vn_update"":""sum""},""decoder_source_sha256"":""44d84b92b749e2970f94d92cd348a11648e2286b4d851faa0af8b21d08f0da23"",""encoder_source_sha256"":""34d8db6660b2e84708a8fb534f63c194f6f2b964e3693fcffc9dcaf21532ccfd"",""implementation"":""Sionna_5G_LDPC"",""power_protocol"":""fixed_constellation_average_Es2"",""precision"":""float32"",""rate_matching"":""Sionna RV0; filler removal, first2Z and tail puncturing; supported n only"",""scrambling"":""public_PCG64_SHA256_protocol_session_frame_group_counter_after_rate_matching_v1"",""torch"":""2.11.0+cu128"",""version"":""2.2.0""},""interleaver_sha256"":""c51db74b602f828dcbead20961571469e1b1ce1b9319a581646ba6525dddb7f0"",""k"":1876,""k_filler"":44,""k_ldpc"":1920,""layout_id"":""7e44b847d187337182a789c7a69f9172701519d8bff63a44af647acd3d52a59e"",""modulation_padding_bits"":0,""mother_bits"":9984,""n"":4216,""n_cb"":9600,""n_cb_comp"":9556,""power_protocol"":""fixed_constellation_average_Es2"",""puncturing_bits"":5724,""puncturing_first_2Z"":384,""puncturing_remaining"":5340,""repetition_bits"":0,""scrambling"":""public_PCG64_SHA256_protocol_session_frame_group_counter_after_rate_matching_v1"",""shortening_bits"":44,""z"":192}",[2048]
QPSK,2/3,QPSK:r2/3,d0bdbc94ead3f44f294368ded771e7da43f613f624a6e46ef237dca95bd34952,2460,16,0,2476,2560,84,13312,3714,1857,0,0.6666666666666666,0.6623586429725363,"{""actual_effective_rate"":0.6666666666666666,""bg"":""bg2"",""bit_mapping"":""component_Gray_00_-3_01_-1_10_3_11_1_over_sqrt5;QPSK_0_plus1_1_minus1"",""code_blocks"":1,""decoder_config"":{""cn_schedule"":""flooding"",""cn_update"":""boxplus-phi"",""early_stop"":false,""hard_out"":true,""harq_mode"":false,""llr_max"":20.0,""num_iter"":20,""precision"":""single"",""prune_pcm"":true,""return_infobits"":true,""vn_update"":""sum""},""implementation"":{""bit_mapping"":""component_Gray_00_-3_01_-1_10_3_11_1_over_sqrt5;QPSK_0_plus1_1_minus1"",""cuda"":""12.8"",""decoder"":{""cn_schedule"":""flooding"",""cn_update"":""boxplus-phi"",""early_stop"":false,""hard_out"":true,""harq_mode"":false,""llr_max"":20.0,""num_iter"":20,""precision"":""single"",""prune_pcm"":true,""return_infobits"":true,""vn_update"":""sum""},""decoder_source_sha256"":""44d84b92b749e2970f94d92cd348a11648e2286b4d851faa0af8b21d08f0da23"",""encoder_source_sha256"":""34d8db6660b2e84708a8fb534f63c194f6f2b964e3693fcffc9dcaf21532ccfd"",""implementation"":""Sionna_5G_LDPC"",""power_protocol"":""fixed_constellation_average_Es2"",""precision"":""float32"",""rate_matching"":""Sionna RV0; filler removal, first2Z and tail puncturing; supported n only"",""scrambling"":""public_PCG64_SHA256_protocol_session_frame_group_counter_after_rate_matching_v1"",""torch"":""2.11.0+cu128"",""version"":""2.2.0""},""interleaver_sha256"":""a4136e7f185e7b1873aee888db1390f959790f1967ab7c841078494a58e692ea"",""k"":2476,""k_filler"":84,""k_ldpc"":2560,""layout_id"":""4e9d0300dde47a4e82e58931b73fcd4acc8fd7c8d69a51136e665e562df0035c"",""modulation_padding_bits"":0,""mother_bits"":13312,""n"":3714,""n_cb"":12800,""n_cb_comp"":12716,""power_protocol"":""fixed_constellation_average_Es2"",""puncturing_bits"":9514,""puncturing_first_2Z"":512,""puncturing_remaining"":9002,""repetition_bits"":0,""scrambling"":""public_PCG64_SHA256_protocol_session_frame_group_counter_after_rate_matching_v1"",""shortening_bits"":84,""z"":256}",[2048]
16QAM,5/6,16QAM:r5/6,d0be151ba3c78bc5a56f7ddb5bd03d296bb76062e1b1dfb5c573060d92087dbc,3408,16,0,3424,3520,96,18304,5960,1490,0,0.574496644295302,0.5718120805369128,"{""actual_effective_rate"":0.574496644295302,""bg"":""bg2"",""bit_mapping"":""component_Gray_00_-3_01_-1_10_3_11_1_over_sqrt5;QPSK_0_plus1_1_minus1"",""code_blocks"":1,""decoder_config"":{""cn_schedule"":""flooding"",""cn_update"":""boxplus-phi"",""early_stop"":false,""hard_out"":true,""harq_mode"":false,""llr_max"":20.0,""num_iter"":20,""precision"":""single"",""prune_pcm"":true,""return_infobits"":true,""vn_update"":""sum""},""implementation"":{""bit_mapping"":""component_Gray_00_-3_01_-1_10_3_11_1_over_sqrt5;QPSK_0_plus1_1_minus1"",""cuda"":""12.8"",""decoder"":{""cn_schedule"":""flooding"",""cn_update"":""boxplus-phi"",""early_stop"":false,""hard_out"":true,""harq_mode"":false,""llr_max"":20.0,""num_iter"":20,""precision"":""single"",""prune_pcm"":true,""return_infobits"":true,""vn_update"":""sum""},""decoder_source_sha256"":""44d84b92b749e2970f94d92cd348a11648e2286b4d851faa0af8b21d08f0da23"",""encoder_source_sha256"":""34d8db6660b2e84708a8fb534f63c194f6f2b964e3693fcffc9dcaf21532ccfd"",""implementation"":""Sionna_5G_LDPC"",""power_protocol"":""fixed_constellation_average_Es2"",""precision"":""float32"",""rate_matching"":""Sionna RV0; filler removal, first2Z and tail puncturing; supported n only"",""scrambling"":""public_PCG64_SHA256_protocol_session_frame_group_counter_after_rate_matching_v1"",""torch"":""2.11.0+cu128"",""version"":""2.2.0""},""interleaver_sha256"":""8f1da8a8df1ce439e0583a6766a3ab8de76ca8c3b52f4cc0b6938a11d0d75e6d"",""k"":3424,""k_filler"":96,""k_ldpc"":3520,""layout_id"":""31a6170ba199775e6e2b6c82a37157e5e60c9e2465a82fbff08d7516cce32911"",""modulation_padding_bits"":0,""mother_bits"":18304,""n"":5960,""n_cb"":17600,""n_cb_comp"":17504,""power_protocol"":""fixed_constellation_average_Es2"",""puncturing_bits"":12248,""puncturing_first_2Z"":704,""puncturing_remaining"":11544,""repetition_bits"":0,""scrambling"":""public_PCG64_SHA256_protocol_session_frame_group_counter_after_rate_matching_v1"",""shortening_bits"":96,""z"":352}",[2048]
16QAM,5/6,16QAM:r5/6,d0cef45c407a8118414d91438ea8a6600fd6e8aeb79c314bf1fa7af06d37725b,360,16,0,376,480,104,2496,780,195,0,0.48205128205128206,0.46153846153846156,"{""actual_effective_rate"":0.48205128205128206,""bg"":""bg2"",""bit_mapping"":""component_Gray_00_-3_01_-1_10_3_11_1_over_sqrt5;QPSK_0_plus1_1_minus1"",""code_blocks"":1,""decoder_config"":{""cn_schedule"":""flooding"",""cn_update"":""boxplus-phi"",""early_stop"":false,""hard_out"":true,""harq_mode"":false,""llr_max"":20.0,""num_iter"":20,""precision"":""single"",""prune_pcm"":true,""return_infobits"":true,""vn_update"":""sum""},""implementation"":{""bit_mapping"":""component_Gray_00_-3_01_-1_10_3_11_1_over_sqrt5;QPSK_0_plus1_1_minus1"",""cuda"":""12.8"",""decoder"":{""cn_schedule"":""flooding"",""cn_update"":""boxplus-phi"",""early_stop"":false,""hard_out"":true,""harq_mode"":false,""llr_max"":20.0,""num_iter"":20,""precision"":""single"",""prune_pcm"":true,""return_infobits"":true,""vn_update"":""sum""},""decoder_source_sha256"":""44d84b92b749e2970f94d92cd348a11648e2286b4d851faa0af8b21d08f0da23"",""encoder_source_sha256"":""34d8db6660b2e84708a8fb534f63c194f6f2b964e3693fcffc9dcaf21532ccfd"",""implementation"":""Sionna_5G_LDPC"",""power_protocol"":""fixed_constellation_average_Es2"",""precision"":""float32"",""rate_matching"":""Sionna RV0; filler removal, first2Z and tail puncturing; supported n only"",""scrambling"":""public_PCG64_SHA256_protocol_session_frame_group_counter_after_rate_matching_v1"",""torch"":""2.11.0+cu128"",""version"":""2.2.0""},""interleaver_sha256"":""0bec0d3d69940c7cf35098d6cff64adafe2e034ba109723c02f63af354d32c3b"",""k"":376,""k_filler"":104,""k_ldpc"":480,""layout_id"":""bd8f6f2756bd688844cb21de96a6807342cfec7a5c17584ca769f08194728b9e"",""modulation_padding_bits"":0,""mother_bits"":2496,""n"":780,""n_cb"":2400,""n_cb_comp"":2296,""power_protocol"":""fixed_constellation_average_Es2"",""puncturing_bits"":1612,""puncturing_first_2Z"":96,""puncturing_remaining"":1516,""repetition_bits"":0,""scrambling"":""public_PCG64_SHA256_protocol_session_frame_group_counter_after_rate_matching_v1"",""shortening_bits"":104,""z"":48}",[1024]
QPSK,2/3,QPSK:r2/3,d0e180383f51b8ce99286dad7603ea901ad1312253a0ac9950ee0128beacf83d,216,16,0,232,300,68,1560,572,286,0,0.40559440559440557,0.3776223776223776,"{""actual_effective_rate"":0.40559440559440557,""bg"":""bg2"",""bit_mapping"":""component_Gray_00_-3_01_-1_10_3_11_1_over_sqrt5;QPSK_0_plus1_1_minus1"",""code_blocks"":1,""decoder_config"":{""cn_schedule"":""flooding"",""cn_update"":""boxplus-phi"",""early_stop"":false,""hard_out"":true,""harq_mode"":false,""llr_max"":20.0,""num_iter"":20,""precision"":""single"",""prune_pcm"":true,""return_infobits"":true,""vn_update"":""sum""},""implementation"":{""bit_mapping"":""component_Gray_00_-3_01_-1_10_3_11_1_over_sqrt5;QPSK_0_plus1_1_minus1"",""cuda"":""12.8"",""decoder"":{""cn_schedule"":""flooding"",""cn_update"":""boxplus-phi"",""early_stop"":false,""hard_out"":true,""harq_mode"":false,""llr_max"":20.0,""num_iter"":20,""precision"":""single"",""prune_pcm"":true,""return_infobits"":true,""vn_update"":""sum""},""decoder_source_sha256"":""44d84b92b749e2970f94d92cd348a11648e2286b4d851faa0af8b21d08f0da23"",""encoder_source_sha256"":""34d8db6660b2e84708a8fb534f63c194f6f2b964e3693fcffc9dcaf21532ccfd"",""implementation"":""Sionna_5G_LDPC"",""power_protocol"":""fixed_constellation_average_Es2"",""precision"":""float32"",""rate_matching"":""Sionna RV0; filler removal, first2Z and tail puncturing; supported n only"",""scrambling"":""public_PCG64_SHA256_protocol_session_frame_group_counter_after_rate_matching_v1"",""torch"":""2.11.0+cu128"",""version"":""2.2.0""},""interleaver_sha256"":""190316bb4b72456cb7ca8703fe543bcddbbf8160c4bfff59d94480b278403650"",""k"":232,""k_filler"":68,""k_ldpc"":300,""layout_id"":""01054aaadb1711b6e64e598fd719cd8b49325a5bddf72b6103ea73e6d582bf50"",""modulation_padding_bits"":0,""mother_bits"":1560,""n"":572,""n_cb"":1500,""n_cb_comp"":1432,""power_protocol"":""fixed_constellation_average_Es2"",""puncturing_bits"":920,""puncturing_first_2Z"":60,""puncturing_remaining"":860,""repetition_bits"":0,""scrambling"":""public_PCG64_SHA256_protocol_session_frame_group_counter_after_rate_matching_v1"",""shortening_bits"":68,""z"":30}",[1024]
16QAM,2/3,16QAM:r2/3,d0e3be8fa7249ec39f495b47816661e8a8af5327c5cbc012d92add445b8ad6c9,660,16,0,676,720,44,3744,1168,292,0,0.5787671232876712,0.565068493150685,"{""actual_effective_rate"":0.5787671232876712,""bg"":""bg2"",""bit_mapping"":""component_Gray_00_-3_01_-1_10_3_11_1_over_sqrt5;QPSK_0_plus1_1_minus1"",""code_blocks"":1,""decoder_config"":{""cn_schedule"":""flooding"",""cn_update"":""boxplus-phi"",""early_stop"":false,""hard_out"":true,""harq_mode"":false,""llr_max"":20.0,""num_iter"":20,""precision"":""single"",""prune_pcm"":true,""return_infobits"":true,""vn_update"":""sum""},""implementation"":{""bit_mapping"":""component_Gray_00_-3_01_-1_10_3_11_1_over_sqrt5;QPSK_0_plus1_1_minus1"",""cuda"":""12.8"",""decoder"":{""cn_schedule"":""flooding"",""cn_update"":""boxplus-phi"",""early_stop"":false,""hard_out"":true,""harq_mode"":false,""llr_max"":20.0,""num_iter"":20,""precision"":""single"",""prune_pcm"":true,""return_infobits"":true,""vn_update"":""sum""},""decoder_source_sha256"":""44d84b92b749e2970f94d92cd348a11648e2286b4d851faa0af8b21d08f0da23"",""encoder_source_sha256"":""34d8db6660b2e84708a8fb534f63c194f6f2b964e3693fcffc9dcaf21532ccfd"",""implementation"":""Sionna_5G_LDPC"",""power_protocol"":""fixed_constellation_average_Es2"",""precision"":""float32"",""rate_matching"":""Sionna RV0; filler removal, first2Z and tail puncturing; supported n only"",""scrambling"":""public_PCG64_SHA256_protocol_session_frame_group_counter_after_rate_matching_v1"",""torch"":""2.11.0+cu128"",""version"":""2.2.0""},""interleaver_sha256"":""5fdf6f6354166bd19f863a80a57ad34c7e5a28f70b93ded0ac43fd80242b797e"",""k"":676,""k_filler"":44,""k_ldpc"":720,""layout_id"":""344552342f1ae28eaf957bb462d679b59070daa36a0e023692a5b9581d063b7e"",""modulation_padding_bits"":0,""mother_bits"":3744,""n"":1168,""n_cb"":3600,""n_cb_comp"":3556,""power_protocol"":""fixed_constellation_average_Es2"",""puncturing_bits"":2532,""puncturing_first_2Z"":144,""puncturing_remaining"":2388,""repetition_bits"":0,""scrambling"":""public_PCG64_SHA256_protocol_session_frame_group_counter_after_rate_matching_v1"",""shortening_bits"":44,""z"":72}",[2048]
QPSK,5/6,QPSK:r5/6,d0ea6e25c7e68cbd1624a122a76bd1820ca0ea1a6393a5ed401ca35dcd7db216,660,16,0,676,720,44,3744,2946,1473,0,0.22946367956551256,0.2240325865580448,"{""actual_effective_rate"":0.22946367956551256,""bg"":""bg2"",""bit_mapping"":""component_Gray_00_-3_01_-1_10_3_11_1_over_sqrt5;QPSK_0_plus1_1_minus1"",""code_blocks"":1,""decoder_config"":{""cn_schedule"":""flooding"",""cn_update"":""boxplus-phi"",""early_stop"":false,""hard_out"":true,""harq_mode"":false,""llr_max"":20.0,""num_iter"":20,""precision"":""single"",""prune_pcm"":true,""return_infobits"":true,""vn_update"":""sum""},""implementation"":{""bit_mapping"":""component_Gray_00_-3_01_-1_10_3_11_1_over_sqrt5;QPSK_0_plus1_1_minus1"",""cuda"":""12.8"",""decoder"":{""cn_schedule"":""flooding"",""cn_update"":""boxplus-phi"",""early_stop"":false,""hard_out"":true,""harq_mode"":false,""llr_max"":20.0,""num_iter"":20,""precision"":""single"",""prune_pcm"":true,""return_infobits"":true,""vn_update"":""sum""},""decoder_source_sha256"":""44d84b92b749e2970f94d92cd348a11648e2286b4d851faa0af8b21d08f0da23"",""encoder_source_sha256"":""34d8db6660b2e84708a8fb534f63c194f6f2b964e3693fcffc9dcaf21532ccfd"",""implementation"":""Sionna_5G_LDPC"",""power_protocol"":""fixed_constellation_average_Es2"",""precision"":""float32"",""rate_matching"":""Sionna RV0; filler removal, first2Z and tail puncturing; supported n only"",""scrambling"":""public_PCG64_SHA256_protocol_session_frame_group_counter_after_rate_matching_v1"",""torch"":""2.11.0+cu128"",""version"":""2.2.0""},""interleaver_sha256"":""4f661e34a9af644596d4e81819f26accc5933a344914087d5451f58dfd06885f"",""k"":676,""k_filler"":44,""k_ldpc"":720,""layout_id"":""91484dac55c50d1e20f5bde51d1d92d5000cc947293582d1c1582739f11ce245"",""modulation_padding_bits"":0,""mother_bits"":3744,""n"":2946,""n_cb"":3600,""n_cb_comp"":3556,""power_protocol"":""fixed_constellation_average_Es2"",""puncturing_bits"":754,""puncturing_first_2Z"":144,""puncturing_remaining"":610,""repetition_bits"":0,""scrambling"":""public_PCG64_SHA256_protocol_session_frame_group_counter_after_rate_matching_v1"",""shortening_bits"":44,""z"":72}",[2048]
QPSK,1/2,QPSK:r1/2,d0f8bfc15a6012ffbc51e792728f5d6246f5ea1dfd55cc1b52d7a0f9ffac4d10,360,16,0,376,480,104,2496,1524,762,0,0.24671916010498687,0.23622047244094488,"{""actual_effective_rate"":0.24671916010498687,""bg"":""bg2"",""bit_mapping"":""component_Gray_00_-3_01_-1_10_3_11_1_over_sqrt5;QPSK_0_plus1_1_minus1"",""code_blocks"":1,""decoder_config"":{""cn_schedule"":""flooding"",""cn_update"":""boxplus-phi"",""early_stop"":false,""hard_out"":true,""harq_mode"":false,""llr_max"":20.0,""num_iter"":20,""precision"":""single"",""prune_pcm"":true,""return_infobits"":true,""vn_update"":""sum""},""implementation"":{""bit_mapping"":""component_Gray_00_-3_01_-1_10_3_11_1_over_sqrt5;QPSK_0_plus1_1_minus1"",""cuda"":""12.8"",""decoder"":{""cn_schedule"":""flooding"",""cn_update"":""boxplus-phi"",""early_stop"":false,""hard_out"":true,""harq_mode"":false,""llr_max"":20.0,""num_iter"":20,""precision"":""single"",""prune_pcm"":true,""return_infobits"":true,""vn_update"":""sum""},""decoder_source_sha256"":""44d84b92b749e2970f94d92cd348a11648e2286b4d851faa0af8b21d08f0da23"",""encoder_source_sha256"":""34d8db6660b2e84708a8fb534f63c194f6f2b964e3693fcffc9dcaf21532ccfd"",""implementation"":""Sionna_5G_LDPC"",""power_protocol"":""fixed_constellation_average_Es2"",""precision"":""float32"",""rate_matching"":""Sionna RV0; filler removal, first2Z and tail puncturing; supported n only"",""scrambling"":""public_PCG64_SHA256_protocol_session_frame_group_counter_after_rate_matching_v1"",""torch"":""2.11.0+cu128"",""version"":""2.2.0""},""interleaver_sha256"":""d9ba0e4dec573d7114499d530eceb57f23cf29d08bd670a13917b6bb1f7deed7"",""k"":376,""k_filler"":104,""k_ldpc"":480,""layout_id"":""6a2dc9bfa7ec1f12ac1d7493b3e8bd8f96ad3ecf1f10fd559b1c6e1ac8f355df"",""modulation_padding_bits"":0,""mother_bits"":2496,""n"":1524,""n_cb"":2400,""n_cb_comp"":2296,""power_protocol"":""fixed_constellation_average_Es2"",""puncturing_bits"":868,""puncturing_first_2Z"":96,""puncturing_remaining"":772,""repetition_bits"":0,""scrambling"":""public_PCG64_SHA256_protocol_session_frame_group_counter_after_rate_matching_v1"",""shortening_bits"":104,""z"":48}",[1024]
QPSK,5/6,QPSK:r5/6,d0f9202796d34500691608e1ba24a76615eea4104f4e9ec4e6da012ebb163e6b,1332,16,0,1348,1408,60,4352,1628,814,0,0.828009828009828,0.8181818181818182,"{""actual_effective_rate"":0.828009828009828,""bg"":""bg1"",""bit_mapping"":""component_Gray_00_-3_01_-1_10_3_11_1_over_sqrt5;QPSK_0_plus1_1_minus1"",""code_blocks"":1,""decoder_config"":{""cn_schedule"":""flooding"",""cn_update"":""boxplus-phi"",""early_stop"":false,""hard_out"":true,""harq_mode"":false,""llr_max"":20.0,""num_iter"":20,""precision"":""single"",""prune_pcm"":true,""return_infobits"":true,""vn_update"":""sum""},""implementation"":{""bit_mapping"":""component_Gray_00_-3_01_-1_10_3_11_1_over_sqrt5;QPSK_0_plus1_1_minus1"",""cuda"":""12.8"",""decoder"":{""cn_schedule"":""flooding"",""cn_update"":""boxplus-phi"",""early_stop"":false,""hard_out"":true,""harq_mode"":false,""llr_max"":20.0,""num_iter"":20,""precision"":""single"",""prune_pcm"":true,""return_infobits"":true,""vn_update"":""sum""},""decoder_source_sha256"":""44d84b92b749e2970f94d92cd348a11648e2286b4d851faa0af8b21d08f0da23"",""encoder_source_sha256"":""34d8db6660b2e84708a8fb534f63c194f6f2b964e3693fcffc9dcaf21532ccfd"",""implementation"":""Sionna_5G_LDPC"",""power_protocol"":""fixed_constellation_average_Es2"",""precision"":""float32"",""rate_matching"":""Sionna RV0; filler removal, first2Z and tail puncturing; supported n only"",""scrambling"":""public_PCG64_SHA256_protocol_session_frame_group_counter_after_rate_matching_v1"",""torch"":""2.11.0+cu128"",""version"":""2.2.0""},""interleaver_sha256"":""742e4792a7803d8ad471da877ef3021518df8589f9cc96a6a177b5e2f5dedeca"",""k"":1348,""k_filler"":60,""k_ldpc"":1408,""layout_id"":""f2cefc459b5bf34d4480b0289a8c5a5c77710ae5952b38b4b62c3c2c26ed1490"",""modulation_padding_bits"":0,""mother_bits"":4352,""n"":1628,""n_cb"":4224,""n_cb_comp"":4164,""power_protocol"":""fixed_constellation_average_Es2"",""puncturing_bits"":2664,""puncturing_first_2Z"":128,""puncturing_remaining"":2536,""repetition_bits"":0,""scrambling"":""public_PCG64_SHA256_protocol_session_frame_group_counter_after_rate_matching_v1"",""shortening_bits"":60,""z"":64}",[1024]
QPSK,2/3,QPSK:r2/3,d0fb10affbd022b0be75680637828a1913db66c648062f82b7ee2933f785714a,384,16,0,400,520,120,2704,1772,886,0,0.22573363431151242,0.21670428893905191,"{""actual_effective_rate"":0.22573363431151242,""bg"":""bg2"",""bit_mapping"":""component_Gray_00_-3_01_-1_10_3_11_1_over_sqrt5;QPSK_0_plus1_1_minus1"",""code_blocks"":1,""decoder_config"":{""cn_schedule"":""flooding"",""cn_update"":""boxplus-phi"",""early_stop"":false,""hard_out"":true,""harq_mode"":false,""llr_max"":20.0,""num_iter"":20,""precision"":""single"",""prune_pcm"":true,""return_infobits"":true,""vn_update"":""sum""},""implementation"":{""bit_mapping"":""component_Gray_00_-3_01_-1_10_3_11_1_over_sqrt5;QPSK_0_plus1_1_minus1"",""cuda"":""12.8"",""decoder"":{""cn_schedule"":""flooding"",""cn_update"":""boxplus-phi"",""early_stop"":false,""hard_out"":true,""harq_mode"":false,""llr_max"":20.0,""num_iter"":20,""precision"":""single"",""prune_pcm"":true,""return_infobits"":true,""vn_update"":""sum""},""decoder_source_sha256"":""44d84b92b749e2970f94d92cd348a11648e2286b4d851faa0af8b21d08f0da23"",""encoder_source_sha256"":""34d8db6660b2e84708a8fb534f63c194f6f2b964e3693fcffc9dcaf21532ccfd"",""implementation"":""Sionna_5G_LDPC"",""power_protocol"":""fixed_constellation_average_Es2"",""precision"":""float32"",""rate_matching"":""Sionna RV0; filler removal, first2Z and tail puncturing; supported n only"",""scrambling"":""public_PCG64_SHA256_protocol_session_frame_group_counter_after_rate_matching_v1"",""torch"":""2.11.0+cu128"",""version"":""2.2.0""},""interleaver_sha256"":""6992c6965884fbd8e7c6d1ad11c9356d850e90fc91d88e67e3e78f6e6a7aa28a"",""k"":400,""k_filler"":120,""k_ldpc"":520,""layout_id"":""6636a07b7ae10ffdd1f0ba4045e666255a7cacbfcb3502156aaf5317300fbc84"",""modulation_padding_bits"":0,""mother_bits"":2704,""n"":1772,""n_cb"":2600,""n_cb_comp"":2480,""power_protocol"":""fixed_constellation_average_Es2"",""puncturing_bits"":812,""puncturing_first_2Z"":104,""puncturing_remaining"":708,""repetition_bits"":0,""scrambling"":""public_PCG64_SHA256_protocol_session_frame_group_counter_after_rate_matching_v1"",""shortening_bits"":120,""z"":52}",[2048]
QPSK,1/3,QPSK:r1/3,d0fd1392234d2673d75aff95e6b84f773797644b7fcb2f6cebfd2bb6f6c5283a,324,16,0,340,440,100,2288,1064,532,0,0.31954887218045114,0.30451127819548873,"{""actual_effective_rate"":0.31954887218045114,""bg"":""bg2"",""bit_mapping"":""component_Gray_00_-3_01_-1_10_3_11_1_over_sqrt5;QPSK_0_plus1_1_minus1"",""code_blocks"":1,""decoder_config"":{""cn_schedule"":""flooding"",""cn_update"":""boxplus-phi"",""early_stop"":false,""hard_out"":true,""harq_mode"":false,""llr_max"":20.0,""num_iter"":20,""precision"":""single"",""prune_pcm"":true,""return_infobits"":true,""vn_update"":""sum""},""implementation"":{""bit_mapping"":""component_Gray_00_-3_01_-1_10_3_11_1_over_sqrt5;QPSK_0_plus1_1_minus1"",""cuda"":""12.8"",""decoder"":{""cn_schedule"":""flooding"",""cn_update"":""boxplus-phi"",""early_stop"":false,""hard_out"":true,""harq_mode"":false,""llr_max"":20.0,""num_iter"":20,""precision"":""single"",""prune_pcm"":true,""return_infobits"":true,""vn_update"":""sum""},""decoder_source_sha256"":""44d84b92b749e2970f94d92cd348a11648e2286b4d851faa0af8b21d08f0da23"",""encoder_source_sha256"":""34d8db6660b2e84708a8fb534f63c194f6f2b964e3693fcffc9dcaf21532ccfd"",""implementation"":""Sionna_5G_LDPC"",""power_protocol"":""fixed_constellation_average_Es2"",""precision"":""float32"",""rate_matching"":""Sionna RV0; filler removal, first2Z and tail puncturing; supported n only"",""scrambling"":""public_PCG64_SHA256_protocol_session_frame_group_counter_after_rate_matching_v1"",""torch"":""2.11.0+cu128"",""version"":""2.2.0""},""interleaver_sha256"":""35ac0105033a8be333e82d32ddd4fd8ad5b7314e1eca5f9dd0ff44cc6bf374a2"",""k"":340,""k_filler"":100,""k_ldpc"":440,""layout_id"":""abf0bccc6f7d9a1e068ff7339914b5cde6746c7cf42d1dac7119cb70d92a091f"",""modulation_padding_bits"":0,""mother_bits"":2288,""n"":1064,""n_cb"":2200,""n_cb_comp"":2100,""power_protocol"":""fixed_constellation_average_Es2"",""puncturing_bits"":1124,""puncturing_first_2Z"":88,""puncturing_remaining"":1036,""repetition_bits"":0,""scrambling"":""public_PCG64_SHA256_protocol_session_frame_group_counter_after_rate_matching_v1"",""shortening_bits"":100,""z"":44}",[1024]
16QAM,3/4,16QAM:r3/4,d10fa48d76dc68a5a0efa628a990f6030fc63e2af207cc78932493e8ba891134,72,16,0,88,150,62,780,280,70,0,0.3142857142857143,0.2571428571428571,"{""actual_effective_rate"":0.3142857142857143,""bg"":""bg2"",""bit_mapping"":""component_Gray_00_-3_01_-1_10_3_11_1_over_sqrt5;QPSK_0_plus1_1_minus1"",""code_blocks"":1,""decoder_config"":{""cn_schedule"":""flooding"",""cn_update"":""boxplus-phi"",""early_stop"":false,""hard_out"":true,""harq_mode"":false,""llr_max"":20.0,""num_iter"":20,""precision"":""single"",""prune_pcm"":true,""return_infobits"":true,""vn_update"":""sum""},""implementation"":{""bit_mapping"":""component_Gray_00_-3_01_-1_10_3_11_1_over_sqrt5;QPSK_0_plus1_1_minus1"",""cuda"":""12.8"",""decoder"":{""cn_schedule"":""flooding"",""cn_update"":""boxplus-phi"",""early_stop"":false,""hard_out"":true,""harq_mode"":false,""llr_max"":20.0,""num_iter"":20,""precision"":""single"",""prune_pcm"":true,""return_infobits"":true,""vn_update"":""sum""},""decoder_source_sha256"":""44d84b92b749e2970f94d92cd348a11648e2286b4d851faa0af8b21d08f0da23"",""encoder_source_sha256"":""34d8db6660b2e84708a8fb534f63c194f6f2b964e3693fcffc9dcaf21532ccfd"",""implementation"":""Sionna_5G_LDPC"",""power_protocol"":""fixed_constellation_average_Es2"",""precision"":""float32"",""rate_matching"":""Sionna RV0; filler removal, first2Z and tail puncturing; supported n only"",""scrambling"":""public_PCG64_SHA256_protocol_session_frame_group_counter_after_rate_matching_v1"",""torch"":""2.11.0+cu128"",""version"":""2.2.0""},""interleaver_sha256"":""04fd18b79e513a4dcf38cc30c89eaef4ad5bd643edbf1b7adb1b875fc9719664"",""k"":88,""k_filler"":62,""k_ldpc"":150,""layout_id"":""bc5fd99a5085e752ba97e00b1a95a0d846561fc5a6e65a31301fefe2534bd6ae"",""modulation_padding_bits"":0,""mother_bits"":780,""n"":280,""n_cb"":750,""n_cb_comp"":688,""power_protocol"":""fixed_constellation_average_Es2"",""puncturing_bits"":438,""puncturing_first_2Z"":30,""puncturing_remaining"":408,""repetition_bits"":0,""scrambling"":""public_PCG64_SHA256_protocol_session_frame_group_counter_after_rate_matching_v1"",""shortening_bits"":62,""z"":15}",[1024]
QPSK,1/2,QPSK:r1/2,d11d3f5ee63e50074f490ee677f520f0184c0db844825740fabe89d02faafe3c,624,16,0,640,720,80,3744,1624,812,0,0.39408866995073893,0.3842364532019704,"{""actual_effective_rate"":0.39408866995073893,""bg"":""bg2"",""bit_mapping"":""component_Gray_00_-3_01_-1_10_3_11_1_over_sqrt5;QPSK_0_plus1_1_minus1"",""code_blocks"":1,""decoder_config"":{""cn_schedule"":""flooding"",""cn_update"":""boxplus-phi"",""early_stop"":false,""hard_out"":true,""harq_mode"":false,""llr_max"":20.0,""num_iter"":20,""precision"":""single"",""prune_pcm"":true,""return_infobits"":true,""vn_update"":""sum""},""implementation"":{""bit_mapping"":""component_Gray_00_-3_01_-1_10_3_11_1_over_sqrt5;QPSK_0_plus1_1_minus1"",""cuda"":""12.8"",""decoder"":{""cn_schedule"":""flooding"",""cn_update"":""boxplus-phi"",""early_stop"":false,""hard_out"":true,""harq_mode"":false,""llr_max"":20.0,""num_iter"":20,""precision"":""single"",""prune_pcm"":true,""return_infobits"":true,""vn_update"":""sum""},""decoder_source_sha256"":""44d84b92b749e2970f94d92cd348a11648e2286b4d851faa0af8b21d08f0da23"",""encoder_source_sha256"":""34d8db6660b2e84708a8fb534f63c194f6f2b964e3693fcffc9dcaf21532ccfd"",""implementation"":""Sionna_5G_LDPC"",""power_protocol"":""fixed_constellation_average_Es2"",""precision"":""float32"",""rate_matching"":""Sionna RV0; filler removal, first2Z and tail puncturing; supported n only"",""scrambling"":""public_PCG64_SHA256_protocol_session_frame_group_counter_after_rate_matching_v1"",""torch"":""2.11.0+cu128"",""version"":""2.2.0""},""interleaver_sha256"":""aa018ea742758a7e11d13c3749fc63094e843a6c97681a432ef8db9d3a2eef56"",""k"":640,""k_filler"":80,""k_ldpc"":720,""layout_id"":""0e85645bb0b0ecd9ac81e0a7b23b4d79a3b149704ba734e8bce600f4e62a9c38"",""modulation_padding_bits"":0,""mother_bits"":3744,""n"":1624,""n_cb"":3600,""n_cb_comp"":3520,""power_protocol"":""fixed_constellation_average_Es2"",""puncturing_bits"":2040,""puncturing_first_2Z"":144,""puncturing_remaining"":1896,""repetition_bits"":0,""scrambling"":""public_PCG64_SHA256_protocol_session_frame_group_counter_after_rate_matching_v1"",""shortening_bits"":80,""z"":72}",[1024]
16QAM,3/4,16QAM:r3/4,d1330692ad5798b0142a33a359f0605378ae1e0d44a89c0b8970c08d41eac689,3708,16,0,3724,3840,116,19968,6876,1719,0,0.5415939499709134,0.5392670157068062,"{""actual_effective_rate"":0.5415939499709134,""bg"":""bg2"",""bit_mapping"":""component_Gray_00_-3_01_-1_10_3_11_1_over_sqrt5;QPSK_0_plus1_1_minus1"",""code_blocks"":1,""decoder_config"":{""cn_schedule"":""flooding"",""cn_update"":""boxplus-phi"",""early_stop"":false,""hard_out"":true,""harq_mode"":false,""llr_max"":20.0,""num_iter"":20,""precision"":""single"",""prune_pcm"":true,""return_infobits"":true,""vn_update"":""sum""},""implementation"":{""bit_mapping"":""component_Gray_00_-3_01_-1_10_3_11_1_over_sqrt5;QPSK_0_plus1_1_minus1"",""cuda"":""12.8"",""decoder"":{""cn_schedule"":""flooding"",""cn_update"":""boxplus-phi"",""early_stop"":false,""hard_out"":true,""harq_mode"":false,""llr_max"":20.0,""num_iter"":20,""precision"":""single"",""prune_pcm"":true,""return_infobits"":true,""vn_update"":""sum""},""decoder_source_sha256"":""44d84b92b749e2970f94d92cd348a11648e2286b4d851faa0af8b21d08f0da23"",""encoder_source_sha256"":""34d8db6660b2e84708a8fb534f63c194f6f2b964e3693fcffc9dcaf21532ccfd"",""implementation"":""Sionna_5G_LDPC"",""power_protocol"":""fixed_constellation_average_Es2"",""precision"":""float32"",""rate_matching"":""Sionna RV0; filler removal, first2Z and tail puncturing; supported n only"",""scrambling"":""public_PCG64_SHA256_protocol_session_frame_group_counter_after_rate_matching_v1"",""torch"":""2.11.0+cu128"",""version"":""2.2.0""},""interleaver_sha256"":""496a4f2cb4c14d03ee4237997e91bf5884d8ffeba10595817dd6d679256c9e07"",""k"":3724,""k_filler"":116,""k_ldpc"":3840,""layout_id"":""d9015a9f697fda713811d2133e0477cee93f3a7f36a02127ccdf9bad01be888a"",""modulation_padding_bits"":0,""mother_bits"":19968,""n"":6876,""n_cb"":19200,""n_cb_comp"":19084,""power_protocol"":""fixed_constellation_average_Es2"",""puncturing_bits"":12976,""puncturing_first_2Z"":768,""puncturing_remaining"":12208,""repetition_bits"":0,""scrambling"":""public_PCG64_SHA256_protocol_session_frame_group_counter_after_rate_matching_v1"",""shortening_bits"":116,""z"":384}",[2048]
QPSK,3/4,QPSK:r3/4,d13d56d6fd8acf287a01dd06a4a7b45d6be69b07d8b7d158d77d14fdd5b9f5f7,1800,16,0,1816,1920,104,9984,3094,1547,0,0.5869424692954105,0.5817711700064642,"{""actual_effective_rate"":0.5869424692954105,""bg"":""bg2"",""bit_mapping"":""component_Gray_00_-3_01_-1_10_3_11_1_over_sqrt5;QPSK_0_plus1_1_minus1"",""code_blocks"":1,""decoder_config"":{""cn_schedule"":""flooding"",""cn_update"":""boxplus-phi"",""early_stop"":false,""hard_out"":true,""harq_mode"":false,""llr_max"":20.0,""num_iter"":20,""precision"":""single"",""prune_pcm"":true,""return_infobits"":true,""vn_update"":""sum""},""implementation"":{""bit_mapping"":""component_Gray_00_-3_01_-1_10_3_11_1_over_sqrt5;QPSK_0_plus1_1_minus1"",""cuda"":""12.8"",""decoder"":{""cn_schedule"":""flooding"",""cn_update"":""boxplus-phi"",""early_stop"":false,""hard_out"":true,""harq_mode"":false,""llr_max"":20.0,""num_iter"":20,""precision"":""single"",""prune_pcm"":true,""return_infobits"":true,""vn_update"":""sum""},""decoder_source_sha256"":""44d84b92b749e2970f94d92cd348a11648e2286b4d851faa0af8b21d08f0da23"",""encoder_source_sha256"":""34d8db6660b2e84708a8fb534f63c194f6f2b964e3693fcffc9dcaf21532ccfd"",""implementation"":""Sionna_5G_LDPC"",""power_protocol"":""fixed_constellation_average_Es2"",""precision"":""float32"",""rate_matching"":""Sionna RV0; filler removal, first2Z and tail puncturing; supported n only"",""scrambling"":""public_PCG64_SHA256_protocol_session_frame_group_counter_after_rate_matching_v1"",""torch"":""2.11.0+cu128"",""version"":""2.2.0""},""interleaver_sha256"":""0d8cee6695239941b31cfd2792a5a4d7478259247f8dd07c9398cb8aff72e19a"",""k"":1816,""k_filler"":104,""k_ldpc"":1920,""layout_id"":""b266ee68e5b61d7d3a2ef63c1047c4ecb6d857f226ba4030970766b13f82272a"",""modulation_padding_bits"":0,""mother_bits"":9984,""n"":3094,""n_cb"":9600,""n_cb_comp"":9496,""power_protocol"":""fixed_constellation_average_Es2"",""puncturing_bits"":6786,""puncturing_first_2Z"":384,""puncturing_remaining"":6402,""repetition_bits"":0,""scrambling"":""public_PCG64_SHA256_protocol_session_frame_group_counter_after_rate_matching_v1"",""shortening_bits"":104,""z"":192}",[2048]
16QAM,5/6,16QAM:r5/6,d141c98a62f49c83e41a336549ea586ba413c4fc56d5745ef432a205927787ac,660,16,0,676,720,44,3744,1276,319,0,0.5297805642633229,0.5172413793103449,"{""actual_effective_rate"":0.5297805642633229,""bg"":""bg2"",""bit_mapping"":""component_Gray_00_-3_01_-1_10_3_11_1_over_sqrt5;QPSK_0_plus1_1_minus1"",""code_blocks"":1,""decoder_config"":{""cn_schedule"":""flooding"",""cn_update"":""boxplus-phi"",""early_stop"":false,""hard_out"":true,""harq_mode"":false,""llr_max"":20.0,""num_iter"":20,""precision"":""single"",""prune_pcm"":true,""return_infobits"":true,""vn_update"":""sum""},""implementation"":{""bit_mapping"":""component_Gray_00_-3_01_-1_10_3_11_1_over_sqrt5;QPSK_0_plus1_1_minus1"",""cuda"":""12.8"",""decoder"":{""cn_schedule"":""flooding"",""cn_update"":""boxplus-phi"",""early_stop"":false,""hard_out"":true,""harq_mode"":false,""llr_max"":20.0,""num_iter"":20,""precision"":""single"",""prune_pcm"":true,""return_infobits"":true,""vn_update"":""sum""},""decoder_source_sha256"":""44d84b92b749e2970f94d92cd348a11648e2286b4d851faa0af8b21d08f0da23"",""encoder_source_sha256"":""34d8db6660b2e84708a8fb534f63c194f6f2b964e3693fcffc9dcaf21532ccfd"",""implementation"":""Sionna_5G_LDPC"",""power_protocol"":""fixed_constellation_average_Es2"",""precision"":""float32"",""rate_matching"":""Sionna RV0; filler removal, first2Z and tail puncturing; supported n only"",""scrambling"":""public_PCG64_SHA256_protocol_session_frame_group_counter_after_rate_matching_v1"",""torch"":""2.11.0+cu128"",""version"":""2.2.0""},""interleaver_sha256"":""b74dacbec0bc440157c79287fa294fa01c677ec03de9880ec83a97a4e24d4f6d"",""k"":676,""k_filler"":44,""k_ldpc"":720,""layout_id"":""50019e9c96aae5310a0bdb815c00383bcca54a98387ef1635085044987bec9d5"",""modulation_padding_bits"":0,""mother_bits"":3744,""n"":1276,""n_cb"":3600,""n_cb_comp"":3556,""power_protocol"":""fixed_constellation_average_Es2"",""puncturing_bits"":2424,""puncturing_first_2Z"":144,""puncturing_remaining"":2280,""repetition_bits"":0,""scrambling"":""public_PCG64_SHA256_protocol_session_frame_group_counter_after_rate_matching_v1"",""shortening_bits"":44,""z"":72}","[1024,2048]"
QPSK,1/2,QPSK:r1/2,d14ac8023a75667077511f7ce92b703b39b7834fa65071f4e07affaaa10938ae,1092,16,0,1108,1120,12,5824,3300,1650,0,0.33575757575757575,0.33090909090909093,"{""actual_effective_rate"":0.33575757575757575,""bg"":""bg2"",""bit_mapping"":""component_Gray_00_-3_01_-1_10_3_11_1_over_sqrt5;QPSK_0_plus1_1_minus1"",""code_blocks"":1,""decoder_config"":{""cn_schedule"":""flooding"",""cn_update"":""boxplus-phi"",""early_stop"":false,""hard_out"":true,""harq_mode"":false,""llr_max"":20.0,""num_iter"":20,""precision"":""single"",""prune_pcm"":true,""return_infobits"":true,""vn_update"":""sum""},""implementation"":{""bit_mapping"":""component_Gray_00_-3_01_-1_10_3_11_1_over_sqrt5;QPSK_0_plus1_1_minus1"",""cuda"":""12.8"",""decoder"":{""cn_schedule"":""flooding"",""cn_update"":""boxplus-phi"",""early_stop"":false,""hard_out"":true,""harq_mode"":false,""llr_max"":20.0,""num_iter"":20,""precision"":""single"",""prune_pcm"":true,""return_infobits"":true,""vn_update"":""sum""},""decoder_source_sha256"":""44d84b92b749e2970f94d92cd348a11648e2286b4d851faa0af8b21d08f0da23"",""encoder_source_sha256"":""34d8db6660b2e84708a8fb534f63c194f6f2b964e3693fcffc9dcaf21532ccfd"",""implementation"":""Sionna_5G_LDPC"",""power_protocol"":""fixed_constellation_average_Es2"",""precision"":""float32"",""rate_matching"":""Sionna RV0; filler removal, first2Z and tail puncturing; supported n only"",""scrambling"":""public_PCG64_SHA256_protocol_session_frame_group_counter_after_rate_matching_v1"",""torch"":""2.11.0+cu128"",""version"":""2.2.0""},""interleaver_sha256"":""ef15e8783d705858836fe41f9c396442495a30cca8e2a15f34cc217a15ea27dc"",""k"":1108,""k_filler"":12,""k_ldpc"":1120,""layout_id"":""84b55eca9ecfd494ee8610f0c5b12879fab9aef7ba7ed077ca2ba7c1b6134369"",""modulation_padding_bits"":0,""mother_bits"":5824,""n"":3300,""n_cb"":5600,""n_cb_comp"":5588,""power_protocol"":""fixed_constellation_average_Es2"",""puncturing_bits"":2512,""puncturing_first_2Z"":224,""puncturing_remaining"":2288,""repetition_bits"":0,""scrambling"":""public_PCG64_SHA256_protocol_session_frame_group_counter_after_rate_matching_v1"",""shortening_bits"":12,""z"":112}",[2048]
QPSK,2/3,QPSK:r2/3,d16332a082010c8c55b6e6b2acdc8917ffc68d4327b35f578e4e61497a64fa97,1116,16,0,1132,1200,68,6240,2378,1189,0,0.4760302775441548,0.4693019343986543,"{""actual_effective_rate"":0.4760302775441548,""bg"":""bg2"",""bit_mapping"":""component_Gray_00_-3_01_-1_10_3_11_1_over_sqrt5;QPSK_0_plus1_1_minus1"",""code_blocks"":1,""decoder_config"":{""cn_schedule"":""flooding"",""cn_update"":""boxplus-phi"",""early_stop"":false,""hard_out"":true,""harq_mode"":false,""llr_max"":20.0,""num_iter"":20,""precision"":""single"",""prune_pcm"":true,""return_infobits"":true,""vn_update"":""sum""},""implementation"":{""bit_mapping"":""component_Gray_00_-3_01_-1_10_3_11_1_over_sqrt5;QPSK_0_plus1_1_minus1"",""cuda"":""12.8"",""decoder"":{""cn_schedule"":""flooding"",""cn_update"":""boxplus-phi"",""early_stop"":false,""hard_out"":true,""harq_mode"":false,""llr_max"":20.0,""num_iter"":20,""precision"":""single"",""prune_pcm"":true,""return_infobits"":true,""vn_update"":""sum""},""decoder_source_sha256"":""44d84b92b749e2970f94d92cd348a11648e2286b4d851faa0af8b21d08f0da23"",""encoder_source_sha256"":""34d8db6660b2e84708a8fb534f63c194f6f2b964e3693fcffc9dcaf21532ccfd"",""implementation"":""Sionna_5G_LDPC"",""power_protocol"":""fixed_constellation_average_Es2"",""precision"":""float32"",""rate_matching"":""Sionna RV0; filler removal, first2Z and tail puncturing; supported n only"",""scrambling"":""public_PCG64_SHA256_protocol_session_frame_group_counter_after_rate_matching_v1"",""torch"":""2.11.0+cu128"",""version"":""2.2.0""},""interleaver_sha256"":""9adf17524ae3ca1d42e07b22c3156b07430a0d929d41a759ce123e011a4fd1d3"",""k"":1132,""k_filler"":68,""k_ldpc"":1200,""layout_id"":""60257874335b3b0f2733f1b3914d008e1da418dbe8f28d1baaac9ded4cabe61e"",""modulation_padding_bits"":0,""mother_bits"":6240,""n"":2378,""n_cb"":6000,""n_cb_comp"":5932,""power_protocol"":""fixed_constellation_average_Es2"",""puncturing_bits"":3794,""puncturing_first_2Z"":240,""puncturing_remaining"":3554,""repetition_bits"":0,""scrambling"":""public_PCG64_SHA256_protocol_session_frame_group_counter_after_rate_matching_v1"",""shortening_bits"":68,""z"":120}",[2048]
QPSK,1/3,QPSK:r1/3,d1673addff7484f4b4b1aee55b02232042fb5383dd5eaca863ff56f21657fa2c,444,16,0,460,600,140,3120,1400,700,0,0.32857142857142857,0.3171428571428571,"{""actual_effective_rate"":0.32857142857142857,""bg"":""bg2"",""bit_mapping"":""component_Gray_00_-3_01_-1_10_3_11_1_over_sqrt5;QPSK_0_plus1_1_minus1"",""code_blocks"":1,""decoder_config"":{""cn_schedule"":""flooding"",""cn_update"":""boxplus-phi"",""early_stop"":false,""hard_out"":true,""harq_mode"":false,""llr_max"":20.0,""num_iter"":20,""precision"":""single"",""prune_pcm"":true,""return_infobits"":true,""vn_update"":""sum""},""implementation"":{""bit_mapping"":""component_Gray_00_-3_01_-1_10_3_11_1_over_sqrt5;QPSK_0_plus1_1_minus1"",""cuda"":""12.8"",""decoder"":{""cn_schedule"":""flooding"",""cn_update"":""boxplus-phi"",""early_stop"":false,""hard_out"":true,""harq_mode"":false,""llr_max"":20.0,""num_iter"":20,""precision"":""single"",""prune_pcm"":true,""return_infobits"":true,""vn_update"":""sum""},""decoder_source_sha256"":""44d84b92b749e2970f94d92cd348a11648e2286b4d851faa0af8b21d08f0da23"",""encoder_source_sha256"":""34d8db6660b2e84708a8fb534f63c194f6f2b964e3693fcffc9dcaf21532ccfd"",""implementation"":""Sionna_5G_LDPC"",""power_protocol"":""fixed_constellation_average_Es2"",""precision"":""float32"",""rate_matching"":""Sionna RV0; filler removal, first2Z and tail puncturing; supported n only"",""scrambling"":""public_PCG64_SHA256_protocol_session_frame_group_counter_after_rate_matching_v1"",""torch"":""2.11.0+cu128"",""version"":""2.2.0""},""interleaver_sha256"":""d6576f89412975644c19090e077488e8232b3f63ab7a48ab236291e419833ec9"",""k"":460,""k_filler"":140,""k_ldpc"":600,""layout_id"":""3e7c2f4e60234e5ad3cac3798f15ddd7eb2babaa390610103f53cb5a6e5bc42d"",""modulation_padding_bits"":0,""mother_bits"":3120,""n"":1400,""n_cb"":3000,""n_cb_comp"":2860,""power_protocol"":""fixed_constellation_average_Es2"",""puncturing_bits"":1580,""puncturing_first_2Z"":120,""puncturing_remaining"":1460,""repetition_bits"":0,""scrambling"":""public_PCG64_SHA256_protocol_session_frame_group_counter_after_rate_matching_v1"",""shortening_bits"":140,""z"":60}",[1024]
16QAM,2/3,16QAM:r2/3,d17037d4dabead297741e70d2edb80b5ecc51725aac6a34599992bb41276b32d,1800,16,0,1816,1920,104,9984,5784,1446,0,0.313969571230982,0.3112033195020747,"{""actual_effective_rate"":0.313969571230982,""bg"":""bg2"",""bit_mapping"":""component_Gray_00_-3_01_-1_10_3_11_1_over_sqrt5;QPSK_0_plus1_1_minus1"",""code_blocks"":1,""decoder_config"":{""cn_schedule"":""flooding"",""cn_update"":""boxplus-phi"",""early_stop"":false,""hard_out"":true,""harq_mode"":false,""llr_max"":20.0,""num_iter"":20,""precision"":""single"",""prune_pcm"":true,""return_infobits"":true,""vn_update"":""sum""},""implementation"":{""bit_mapping"":""component_Gray_00_-3_01_-1_10_3_11_1_over_sqrt5;QPSK_0_plus1_1_minus1"",""cuda"":""12.8"",""decoder"":{""cn_schedule"":""flooding"",""cn_update"":""boxplus-phi"",""early_stop"":false,""hard_out"":true,""harq_mode"":false,""llr_max"":20.0,""num_iter"":20,""precision"":""single"",""prune_pcm"":true,""return_infobits"":true,""vn_update"":""sum""},""decoder_source_sha256"":""44d84b92b749e2970f94d92cd348a11648e2286b4d851faa0af8b21d08f0da23"",""encoder_source_sha256"":""34d8db6660b2e84708a8fb534f63c194f6f2b964e3693fcffc9dcaf21532ccfd"",""implementation"":""Sionna_5G_LDPC"",""power_protocol"":""fixed_constellation_average_Es2"",""precision"":""float32"",""rate_matching"":""Sionna RV0; filler removal, first2Z and tail puncturing; supported n only"",""scrambling"":""public_PCG64_SHA256_protocol_session_frame_group_counter_after_rate_matching_v1"",""torch"":""2.11.0+cu128"",""version"":""2.2.0""},""interleaver_sha256"":""95cdc6048a763f3a6b5a93ad3b229290609e88eba34d793a9d25bf084ded4011"",""k"":1816,""k_filler"":104,""k_ldpc"":1920,""layout_id"":""02a58c4af00a2e3d9499bd280be9ee64e947bf1a5c7ccbcddd23bcf3aa1790ff"",""modulation_padding_bits"":0,""mother_bits"":9984,""n"":5784,""n_cb"":9600,""n_cb_comp"":9496,""power_protocol"":""fixed_constellation_average_Es2"",""puncturing_bits"":4096,""puncturing_first_2Z"":384,""puncturing_remaining"":3712,""repetition_bits"":0,""scrambling"":""public_PCG64_SHA256_protocol_session_frame_group_counter_after_rate_matching_v1"",""shortening_bits"":104,""z"":192}",[2048]
16QAM,1/2,16QAM:r1/2,d17097a1a3a6ad72125721cd9c3deb327bafbb26e6927a78b1ef4a188ac790a6,2400,16,0,2416,2560,144,13312,6780,1695,0,0.35634218289085545,0.35398230088495575,"{""actual_effective_rate"":0.35634218289085545,""bg"":""bg2"",""bit_mapping"":""component_Gray_00_-3_01_-1_10_3_11_1_over_sqrt5;QPSK_0_plus1_1_minus1"",""code_blocks"":1,""decoder_config"":{""cn_schedule"":""flooding"",""cn_update"":""boxplus-phi"",""early_stop"":false,""hard_out"":true,""harq_mode"":false,""llr_max"":20.0,""num_iter"":20,""precision"":""single"",""prune_pcm"":true,""return_infobits"":true,""vn_update"":""sum""},""implementation"":{""bit_mapping"":""component_Gray_00_-3_01_-1_10_3_11_1_over_sqrt5;QPSK_0_plus1_1_minus1"",""cuda"":""12.8"",""decoder"":{""cn_schedule"":""flooding"",""cn_update"":""boxplus-phi"",""early_stop"":false,""hard_out"":true,""harq_mode"":false,""llr_max"":20.0,""num_iter"":20,""precision"":""single"",""prune_pcm"":true,""return_infobits"":true,""vn_update"":""sum""},""decoder_source_sha256"":""44d84b92b749e2970f94d92cd348a11648e2286b4d851faa0af8b21d08f0da23"",""encoder_source_sha256"":""34d8db6660b2e84708a8fb534f63c194f6f2b964e3693fcffc9dcaf21532ccfd"",""implementation"":""Sionna_5G_LDPC"",""power_protocol"":""fixed_constellation_average_Es2"",""precision"":""float32"",""rate_matching"":""Sionna RV0; filler removal, first2Z and tail puncturing; supported n only"",""scrambling"":""public_PCG64_SHA256_protocol_session_frame_group_counter_after_rate_matching_v1"",""torch"":""2.11.0+cu128"",""version"":""2.2.0""},""interleaver_sha256"":""c733c2d0b37eb6dade3c61cfced362d2a654eb9da08a46abb27dfd351f642700"",""k"":2416,""k_filler"":144,""k_ldpc"":2560,""layout_id"":""967eff8db89e58260045ed968413d4e63f385a0cb97237d7228500b59ceb5028"",""modulation_padding_bits"":0,""mother_bits"":13312,""n"":6780,""n_cb"":12800,""n_cb_comp"":12656,""power_protocol"":""fixed_constellation_average_Es2"",""puncturing_bits"":6388,""puncturing_first_2Z"":512,""puncturing_remaining"":5876,""repetition_bits"":0,""scrambling"":""public_PCG64_SHA256_protocol_session_frame_group_counter_after_rate_matching_v1"",""shortening_bits"":144,""z"":256}",[2048]
QPSK,5/6,QPSK:r5/6,d1819e23abe8e89312f67ed05ff00e22d4442683edb88e1a0160d4e1505e28ec,2208,16,0,2224,2288,64,7072,2670,1335,0,0.8329588014981273,0.8269662921348314,"{""actual_effective_rate"":0.8329588014981273,""bg"":""bg1"",""bit_mapping"":""component_Gray_00_-3_01_-1_10_3_11_1_over_sqrt5;QPSK_0_plus1_1_minus1"",""code_blocks"":1,""decoder_config"":{""cn_schedule"":""flooding"",""cn_update"":""boxplus-phi"",""early_stop"":false,""hard_out"":true,""harq_mode"":false,""llr_max"":20.0,""num_iter"":20,""precision"":""single"",""prune_pcm"":true,""return_infobits"":true,""vn_update"":""sum""},""implementation"":{""bit_mapping"":""component_Gray_00_-3_01_-1_10_3_11_1_over_sqrt5;QPSK_0_plus1_1_minus1"",""cuda"":""12.8"",""decoder"":{""cn_schedule"":""flooding"",""cn_update"":""boxplus-phi"",""early_stop"":false,""hard_out"":true,""harq_mode"":false,""llr_max"":20.0,""num_iter"":20,""precision"":""single"",""prune_pcm"":true,""return_infobits"":true,""vn_update"":""sum""},""decoder_source_sha256"":""44d84b92b749e2970f94d92cd348a11648e2286b4d851faa0af8b21d08f0da23"",""encoder_source_sha256"":""34d8db6660b2e84708a8fb534f63c194f6f2b964e3693fcffc9dcaf21532ccfd"",""implementation"":""Sionna_5G_LDPC"",""power_protocol"":""fixed_constellation_average_Es2"",""precision"":""float32"",""rate_matching"":""Sionna RV0; filler removal, first2Z and tail puncturing; supported n only"",""scrambling"":""public_PCG64_SHA256_protocol_session_frame_group_counter_after_rate_matching_v1"",""torch"":""2.11.0+cu128"",""version"":""2.2.0""},""interleaver_sha256"":""8454783808baff06c247cb60219b06b1c58577a43fd5975eaf6279ce15c86644"",""k"":2224,""k_filler"":64,""k_ldpc"":2288,""layout_id"":""7b0fcf561ca2330b352469370182397faeef27a632b8f95ec089463369ad6be9"",""modulation_padding_bits"":0,""mother_bits"":7072,""n"":2670,""n_cb"":6864,""n_cb_comp"":6800,""power_protocol"":""fixed_constellation_average_Es2"",""puncturing_bits"":4338,""puncturing_first_2Z"":208,""puncturing_remaining"":4130,""repetition_bits"":0,""scrambling"":""public_PCG64_SHA256_protocol_session_frame_group_counter_after_rate_matching_v1"",""shortening_bits"":64,""z"":104}",[2048]
QPSK,3/4,QPSK:r3/4,d191e53384ae04a6a526bf42a755a73239d29304af516ba6b372485c5270555a,2604,16,0,2620,2640,20,8160,3506,1753,0,0.7472903593839133,0.7427267541357673,"{""actual_effective_rate"":0.7472903593839133,""bg"":""bg1"",""bit_mapping"":""component_Gray_00_-3_01_-1_10_3_11_1_over_sqrt5;QPSK_0_plus1_1_minus1"",""code_blocks"":1,""decoder_config"":{""cn_schedule"":""flooding"",""cn_update"":""boxplus-phi"",""early_stop"":false,""hard_out"":true,""harq_mode"":false,""llr_max"":20.0,""num_iter"":20,""precision"":""single"",""prune_pcm"":true,""return_infobits"":true,""vn_update"":""sum""},""implementation"":{""bit_mapping"":""component_Gray_00_-3_01_-1_10_3_11_1_over_sqrt5;QPSK_0_plus1_1_minus1"",""cuda"":""12.8"",""decoder"":{""cn_schedule"":""flooding"",""cn_update"":""boxplus-phi"",""early_stop"":false,""hard_out"":true,""harq_mode"":false,""llr_max"":20.0,""num_iter"":20,""precision"":""single"",""prune_pcm"":true,""return_infobits"":true,""vn_update"":""sum""},""decoder_source_sha256"":""44d84b92b749e2970f94d92cd348a11648e2286b4d851faa0af8b21d08f0da23"",""encoder_source_sha256"":""34d8db6660b2e84708a8fb534f63c194f6f2b964e3693fcffc9dcaf21532ccfd"",""implementation"":""Sionna_5G_LDPC"",""power_protocol"":""fixed_constellation_average_Es2"",""precision"":""float32"",""rate_matching"":""Sionna RV0; filler removal, first2Z and tail puncturing; supported n only"",""scrambling"":""public_PCG64_SHA256_protocol_session_frame_group_counter_after_rate_matching_v1"",""torch"":""2.11.0+cu128"",""version"":""2.2.0""},""interleaver_sha256"":""57ae0cf1f221e744e6a04a096456c7a9f0a7c4439d052cac562cf88079d601f4"",""k"":2620,""k_filler"":20,""k_ldpc"":2640,""layout_id"":""813acbb0529f1e541b213cef11a4aa4c7b401ff9524558ded58416c5062affec"",""modulation_padding_bits"":0,""mother_bits"":8160,""n"":3506,""n_cb"":7920,""n_cb_comp"":7900,""power_protocol"":""fixed_constellation_average_Es2"",""puncturing_bits"":4634,""puncturing_first_2Z"":240,""puncturing_remaining"":4394,""repetition_bits"":0,""scrambling"":""public_PCG64_SHA256_protocol_session_frame_group_counter_after_rate_matching_v1"",""shortening_bits"":20,""z"":120}",[2048]
16QAM,3/4,16QAM:r3/4,d19cc1aeeb21781174ea7ec5fa8ef2878a85b831fb28b3a8d3832e81e4d5c4fd,144,16,0,160,280,120,1456,216,54,0,0.7407407407407407,0.6666666666666666,"{""actual_effective_rate"":0.7407407407407407,""bg"":""bg2"",""bit_mapping"":""component_Gray_00_-3_01_-1_10_3_11_1_over_sqrt5;QPSK_0_plus1_1_minus1"",""code_blocks"":1,""decoder_config"":{""cn_schedule"":""flooding"",""cn_update"":""boxplus-phi"",""early_stop"":false,""hard_out"":true,""harq_mode"":false,""llr_max"":20.0,""num_iter"":20,""precision"":""single"",""prune_pcm"":true,""return_infobits"":true,""vn_update"":""sum""},""implementation"":{""bit_mapping"":""component_Gray_00_-3_01_-1_10_3_11_1_over_sqrt5;QPSK_0_plus1_1_minus1"",""cuda"":""12.8"",""decoder"":{""cn_schedule"":""flooding"",""cn_update"":""boxplus-phi"",""early_stop"":false,""hard_out"":true,""harq_mode"":false,""llr_max"":20.0,""num_iter"":20,""precision"":""single"",""prune_pcm"":true,""return_infobits"":true,""vn_update"":""sum""},""decoder_source_sha256"":""44d84b92b749e2970f94d92cd348a11648e2286b4d851faa0af8b21d08f0da23"",""encoder_source_sha256"":""34d8db6660b2e84708a8fb534f63c194f6f2b964e3693fcffc9dcaf21532ccfd"",""implementation"":""Sionna_5G_LDPC"",""power_protocol"":""fixed_constellation_average_Es2"",""precision"":""float32"",""rate_matching"":""Sionna RV0; filler removal, first2Z and tail puncturing; supported n only"",""scrambling"":""public_PCG64_SHA256_protocol_session_frame_group_counter_after_rate_matching_v1"",""torch"":""2.11.0+cu128"",""version"":""2.2.0""},""interleaver_sha256"":""89e2eb3b9e6c4c34eb9d2fc4a84108974d5cc72e02506d92ca24b0110e01476d"",""k"":160,""k_filler"":120,""k_ldpc"":280,""layout_id"":""1f556ce707f54552996f85df1ee67185dc4295211a5e03a5c75f4a5722857a8b"",""modulation_padding_bits"":0,""mother_bits"":1456,""n"":216,""n_cb"":1400,""n_cb_comp"":1280,""power_protocol"":""fixed_constellation_average_Es2"",""puncturing_bits"":1120,""puncturing_first_2Z"":56,""puncturing_remaining"":1064,""repetition_bits"":0,""scrambling"":""public_PCG64_SHA256_protocol_session_frame_group_counter_after_rate_matching_v1"",""shortening_bits"":120,""z"":28}","[1024,2048]"
16QAM,1/3,16QAM:r1/3,d19f683bd4bd56aecd366f6b980685d8249fe33fa06513bf888ddb6cb4deab38,360,16,0,376,480,104,2496,1620,405,0,0.23209876543209876,0.2222222222222222,"{""actual_effective_rate"":0.23209876543209876,""bg"":""bg2"",""bit_mapping"":""component_Gray_00_-3_01_-1_10_3_11_1_over_sqrt5;QPSK_0_plus1_1_minus1"",""code_blocks"":1,""decoder_config"":{""cn_schedule"":""flooding"",""cn_update"":""boxplus-phi"",""early_stop"":false,""hard_out"":true,""harq_mode"":false,""llr_max"":20.0,""num_iter"":20,""precision"":""single"",""prune_pcm"":true,""return_infobits"":true,""vn_update"":""sum""},""implementation"":{""bit_mapping"":""component_Gray_00_-3_01_-1_10_3_11_1_over_sqrt5;QPSK_0_plus1_1_minus1"",""cuda"":""12.8"",""decoder"":{""cn_schedule"":""flooding"",""cn_update"":""boxplus-phi"",""early_stop"":false,""hard_out"":true,""harq_mode"":false,""llr_max"":20.0,""num_iter"":20,""precision"":""single"",""prune_pcm"":true,""return_infobits"":true,""vn_update"":""sum""},""decoder_source_sha256"":""44d84b92b749e2970f94d92cd348a11648e2286b4d851faa0af8b21d08f0da23"",""encoder_source_sha256"":""34d8db6660b2e84708a8fb534f63c194f6f2b964e3693fcffc9dcaf21532ccfd"",""implementation"":""Sionna_5G_LDPC"",""power_protocol"":""fixed_constellation_average_Es2"",""precision"":""float32"",""rate_matching"":""Sionna RV0; filler removal, first2Z and tail puncturing; supported n only"",""scrambling"":""public_PCG64_SHA256_protocol_session_frame_group_counter_after_rate_matching_v1"",""torch"":""2.11.0+cu128"",""version"":""2.2.0""},""interleaver_sha256"":""c64de8400027e7a84fc8c07ca804cc8a8a693ee5776963d6f355f118aed32bad"",""k"":376,""k_filler"":104,""k_ldpc"":480,""layout_id"":""e546500efd36919c4ca6be8e42c04372850ee65feee2647f21e44ea9ddc59ab1"",""modulation_padding_bits"":0,""mother_bits"":2496,""n"":1620,""n_cb"":2400,""n_cb_comp"":2296,""power_protocol"":""fixed_constellation_average_Es2"",""puncturing_bits"":772,""puncturing_first_2Z"":96,""puncturing_remaining"":676,""repetition_bits"":0,""scrambling"":""public_PCG64_SHA256_protocol_session_frame_group_counter_after_rate_matching_v1"",""shortening_bits"":104,""z"":48}",[1024]
16QAM,2/3,16QAM:r2/3,d1a20127e81724df880682cf3d3e20b1a5530cd4ad858861d497b1744d4570c8,660,16,0,676,720,44,3744,1288,322,0,0.5248447204968945,0.5124223602484472,"{""actual_effective_rate"":0.5248447204968945,""bg"":""bg2"",""bit_mapping"":""component_Gray_00_-3_01_-1_10_3_11_1_over_sqrt5;QPSK_0_plus1_1_minus1"",""code_blocks"":1,""decoder_config"":{""cn_schedule"":""flooding"",""cn_update"":""boxplus-phi"",""early_stop"":false,""hard_out"":true,""harq_mode"":false,""llr_max"":20.0,""num_iter"":20,""precision"":""single"",""prune_pcm"":true,""return_infobits"":true,""vn_update"":""sum""},""implementation"":{""bit_mapping"":""component_Gray_00_-3_01_-1_10_3_11_1_over_sqrt5;QPSK_0_plus1_1_minus1"",""cuda"":""12.8"",""decoder"":{""cn_schedule"":""flooding"",""cn_update"":""boxplus-phi"",""early_stop"":false,""hard_out"":true,""harq_mode"":false,""llr_max"":20.0,""num_iter"":20,""precision"":""single"",""prune_pcm"":true,""return_infobits"":true,""vn_update"":""sum""},""decoder_source_sha256"":""44d84b92b749e2970f94d92cd348a11648e2286b4d851faa0af8b21d08f0da23"",""encoder_source_sha256"":""34d8db6660b2e84708a8fb534f63c194f6f2b964e3693fcffc9dcaf21532ccfd"",""implementation"":""Sionna_5G_LDPC"",""power_protocol"":""fixed_constellation_average_Es2"",""precision"":""float32"",""rate_matching"":""Sionna RV0; filler removal, first2Z and tail puncturing; supported n only"",""scrambling"":""public_PCG64_SHA256_protocol_session_frame_group_counter_after_rate_matching_v1"",""torch"":""2.11.0+cu128"",""version"":""2.2.0""},""interleaver_sha256"":""80b505d1884ea50db7495977998c256d623497e76ae11fc61d30557395aed150"",""k"":676,""k_filler"":44,""k_ldpc"":720,""layout_id"":""6ed29104c885390d0f66905f58b995a81d9e83741532ebca516476da9e8b59a7"",""modulation_padding_bits"":0,""mother_bits"":3744,""n"":1288,""n_cb"":3600,""n_cb_comp"":3556,""power_protocol"":""fixed_constellation_average_Es2"",""puncturing_bits"":2412,""puncturing_first_2Z"":144,""puncturing_remaining"":2268,""repetition_bits"":0,""scrambling"":""public_PCG64_SHA256_protocol_session_frame_group_counter_after_rate_matching_v1"",""shortening_bits"":44,""z"":72}",[2048]
16QAM,5/6,16QAM:r5/6,d1aad9da928330ee36bb16ae5d12647a112619fa8695cabe07e6a92328e0584a,600,16,0,616,720,104,3744,1304,326,0,0.4723926380368098,0.4601226993865031,"{""actual_effective_rate"":0.4723926380368098,""bg"":""bg2"",""bit_mapping"":""component_Gray_00_-3_01_-1_10_3_11_1_over_sqrt5;QPSK_0_plus1_1_minus1"",""code_blocks"":1,""decoder_config"":{""cn_schedule"":""flooding"",""cn_update"":""boxplus-phi"",""early_stop"":false,""hard_out"":true,""harq_mode"":false,""llr_max"":20.0,""num_iter"":20,""precision"":""single"",""prune_pcm"":true,""return_infobits"":true,""vn_update"":""sum""},""implementation"":{""bit_mapping"":""component_Gray_00_-3_01_-1_10_3_11_1_over_sqrt5;QPSK_0_plus1_1_minus1"",""cuda"":""12.8"",""decoder"":{""cn_schedule"":""flooding"",""cn_update"":""boxplus-phi"",""early_stop"":false,""hard_out"":true,""harq_mode"":false,""llr_max"":20.0,""num_iter"":20,""precision"":""single"",""prune_pcm"":true,""return_infobits"":true,""vn_update"":""sum""},""decoder_source_sha256"":""44d84b92b749e2970f94d92cd348a11648e2286b4d851faa0af8b21d08f0da23"",""encoder_source_sha256"":""34d8db6660b2e84708a8fb534f63c194f6f2b964e3693fcffc9dcaf21532ccfd"",""implementation"":""Sionna_5G_LDPC"",""power_protocol"":""fixed_constellation_average_Es2"",""precision"":""float32"",""rate_matching"":""Sionna RV0; filler removal, first2Z and tail puncturing; supported n only"",""scrambling"":""public_PCG64_SHA256_protocol_session_frame_group_counter_after_rate_matching_v1"",""torch"":""2.11.0+cu128"",""version"":""2.2.0""},""interleaver_sha256"":""34fb8b3a603590c47a40c3484bf28626ce20f89472801233c6286d6eb998902f"",""k"":616,""k_filler"":104,""k_ldpc"":720,""layout_id"":""745241dbde88103290296ca92b2069b413a55ac4548f24b8e645690735dee831"",""modulation_padding_bits"":0,""mother_bits"":3744,""n"":1304,""n_cb"":3600,""n_cb_comp"":3496,""power_protocol"":""fixed_constellation_average_Es2"",""puncturing_bits"":2336,""puncturing_first_2Z"":144,""puncturing_remaining"":2192,""repetition_bits"":0,""scrambling"":""public_PCG64_SHA256_protocol_session_frame_group_counter_after_rate_matching_v1"",""shortening_bits"":104,""z"":72}",[2048]
16QAM,5/6,16QAM:r5/6,d1b139ce381c50af24c946072d8004d55e2c4dc787687f6fc15cf426f88f0a32,192,16,0,208,260,52,1352,500,125,0,0.416,0.384,"{""actual_effective_rate"":0.416,""bg"":""bg2"",""bit_mapping"":""component_Gray_00_-3_01_-1_10_3_11_1_over_sqrt5;QPSK_0_plus1_1_minus1"",""code_blocks"":1,""decoder_config"":{""cn_schedule"":""flooding"",""cn_update"":""boxplus-phi"",""early_stop"":false,""hard_out"":true,""harq_mode"":false,""llr_max"":20.0,""num_iter"":20,""precision"":""single"",""prune_pcm"":true,""return_infobits"":true,""vn_update"":""sum""},""implementation"":{""bit_mapping"":""component_Gray_00_-3_01_-1_10_3_11_1_over_sqrt5;QPSK_0_plus1_1_minus1"",""cuda"":""12.8"",""decoder"":{""cn_schedule"":""flooding"",""cn_update"":""boxplus-phi"",""early_stop"":false,""hard_out"":true,""harq_mode"":false,""llr_max"":20.0,""num_iter"":20,""precision"":""single"",""prune_pcm"":true,""return_infobits"":true,""vn_update"":""sum""},""decoder_source_sha256"":""44d84b92b749e2970f94d92cd348a11648e2286b4d851faa0af8b21d08f0da23"",""encoder_source_sha256"":""34d8db6660b2e84708a8fb534f63c194f6f2b964e3693fcffc9dcaf21532ccfd"",""implementation"":""Sionna_5G_LDPC"",""power_protocol"":""fixed_constellation_average_Es2"",""precision"":""float32"",""rate_matching"":""Sionna RV0; filler removal, first2Z and tail puncturing; supported n only"",""scrambling"":""public_PCG64_SHA256_protocol_session_frame_group_counter_after_rate_matching_v1"",""torch"":""2.11.0+cu128"",""version"":""2.2.0""},""interleaver_sha256"":""f9e951c5d8423ab094011e2588715c6171a54a780a30969efff45d9d4d05cbf7"",""k"":208,""k_filler"":52,""k_ldpc"":260,""layout_id"":""ca81ea8bf4a26ca5200a70d335faf1bbf5e776c2d3d28942ae80c5f2cc05fe00"",""modulation_padding_bits"":0,""mother_bits"":1352,""n"":500,""n_cb"":1300,""n_cb_comp"":1248,""power_protocol"":""fixed_constellation_average_Es2"",""puncturing_bits"":800,""puncturing_first_2Z"":52,""puncturing_remaining"":748,""repetition_bits"":0,""scrambling"":""public_PCG64_SHA256_protocol_session_frame_group_counter_after_rate_matching_v1"",""shortening_bits"":52,""z"":26}",[1024]
QPSK,5/6,QPSK:r5/6,d1b4b9f1db835ca37fc3c7bb0a4e69815202175d1077524b2422f668a629a118,600,16,0,616,720,104,3744,1120,560,0,0.55,0.5357142857142857,"{""actual_effective_rate"":0.55,""bg"":""bg2"",""bit_mapping"":""component_Gray_00_-3_01_-1_10_3_11_1_over_sqrt5;QPSK_0_plus1_1_minus1"",""code_blocks"":1,""decoder_config"":{""cn_schedule"":""flooding"",""cn_update"":""boxplus-phi"",""early_stop"":false,""hard_out"":true,""harq_mode"":false,""llr_max"":20.0,""num_iter"":20,""precision"":""single"",""prune_pcm"":true,""return_infobits"":true,""vn_update"":""sum""},""implementation"":{""bit_mapping"":""component_Gray_00_-3_01_-1_10_3_11_1_over_sqrt5;QPSK_0_plus1_1_minus1"",""cuda"":""12.8"",""decoder"":{""cn_schedule"":""flooding"",""cn_update"":""boxplus-phi"",""early_stop"":false,""hard_out"":true,""harq_mode"":false,""llr_max"":20.0,""num_iter"":20,""precision"":""single"",""prune_pcm"":true,""return_infobits"":true,""vn_update"":""sum""},""decoder_source_sha256"":""44d84b92b749e2970f94d92cd348a11648e2286b4d851faa0af8b21d08f0da23"",""encoder_source_sha256"":""34d8db6660b2e84708a8fb534f63c194f6f2b964e3693fcffc9dcaf21532ccfd"",""implementation"":""Sionna_5G_LDPC"",""power_protocol"":""fixed_constellation_average_Es2"",""precision"":""float32"",""rate_matching"":""Sionna RV0; filler removal, first2Z and tail puncturing; supported n only"",""scrambling"":""public_PCG64_SHA256_protocol_session_frame_group_counter_after_rate_matching_v1"",""torch"":""2.11.0+cu128"",""version"":""2.2.0""},""interleaver_sha256"":""b7f275073d56f7ad037c2820e4fb478d3f483d2dbdb041b1d337cef7210afdd0"",""k"":616,""k_filler"":104,""k_ldpc"":720,""layout_id"":""2049caf348c2beed3ee6c47bb56f1a5863d42ec81318f16fe902bc9aa19cb7a3"",""modulation_padding_bits"":0,""mother_bits"":3744,""n"":1120,""n_cb"":3600,""n_cb_comp"":3496,""power_protocol"":""fixed_constellation_average_Es2"",""puncturing_bits"":2520,""puncturing_first_2Z"":144,""puncturing_remaining"":2376,""repetition_bits"":0,""scrambling"":""public_PCG64_SHA256_protocol_session_frame_group_counter_after_rate_matching_v1"",""shortening_bits"":104,""z"":72}",[2048]
16QAM,2/3,16QAM:r2/3,d1c0e800ec8d4e96ec0c5d7f2e2ca53e629378f67d5e99633304271d4a27093d,1668,16,0,1684,1760,76,9152,2876,719,0,0.5855354659248957,0.5799721835883171,"{""actual_effective_rate"":0.5855354659248957,""bg"":""bg2"",""bit_mapping"":""component_Gray_00_-3_01_-1_10_3_11_1_over_sqrt5;QPSK_0_plus1_1_minus1"",""code_blocks"":1,""decoder_config"":{""cn_schedule"":""flooding"",""cn_update"":""boxplus-phi"",""early_stop"":false,""hard_out"":true,""harq_mode"":false,""llr_max"":20.0,""num_iter"":20,""precision"":""single"",""prune_pcm"":true,""return_infobits"":true,""vn_update"":""sum""},""implementation"":{""bit_mapping"":""component_Gray_00_-3_01_-1_10_3_11_1_over_sqrt5;QPSK_0_plus1_1_minus1"",""cuda"":""12.8"",""decoder"":{""cn_schedule"":""flooding"",""cn_update"":""boxplus-phi"",""early_stop"":false,""hard_out"":true,""harq_mode"":false,""llr_max"":20.0,""num_iter"":20,""precision"":""single"",""prune_pcm"":true,""return_infobits"":true,""vn_update"":""sum""},""decoder_source_sha256"":""44d84b92b749e2970f94d92cd348a11648e2286b4d851faa0af8b21d08f0da23"",""encoder_source_sha256"":""34d8db6660b2e84708a8fb534f63c194f6f2b964e3693fcffc9dcaf21532ccfd"",""implementation"":""Sionna_5G_LDPC"",""power_protocol"":""fixed_constellation_average_Es2"",""precision"":""float32"",""rate_matching"":""Sionna RV0; filler removal, first2Z and tail puncturing; supported n only"",""scrambling"":""public_PCG64_SHA256_protocol_session_frame_group_counter_after_rate_matching_v1"",""torch"":""2.11.0+cu128"",""version"":""2.2.0""},""interleaver_sha256"":""70a60e49f503f267bc0e16c8878ed9db299ba5ce15278bc75c8d30d92c4490cb"",""k"":1684,""k_filler"":76,""k_ldpc"":1760,""layout_id"":""17657c65d0043706dbf9c91c518972e38a2e3bace253a1a9b831bb01f97ffb5c"",""modulation_padding_bits"":0,""mother_bits"":9152,""n"":2876,""n_cb"":8800,""n_cb_comp"":8724,""power_protocol"":""fixed_constellation_average_Es2"",""puncturing_bits"":6200,""puncturing_first_2Z"":352,""puncturing_remaining"":5848,""repetition_bits"":0,""scrambling"":""public_PCG64_SHA256_protocol_session_frame_group_counter_after_rate_matching_v1"",""shortening_bits"":76,""z"":176}",[2048]
QPSK,5/6,QPSK:r5/6,d1c21cb9e52679d48e590ea888e443b1c7cc1861042c9add1b65df1362eae769,300,16,0,316,330,14,1020,406,203,0,0.7783251231527094,0.7389162561576355,"{""actual_effective_rate"":0.7783251231527094,""bg"":""bg1"",""bit_mapping"":""component_Gray_00_-3_01_-1_10_3_11_1_over_sqrt5;QPSK_0_plus1_1_minus1"",""code_blocks"":1,""decoder_config"":{""cn_schedule"":""flooding"",""cn_update"":""boxplus-phi"",""early_stop"":false,""hard_out"":true,""harq_mode"":false,""llr_max"":20.0,""num_iter"":20,""precision"":""single"",""prune_pcm"":true,""return_infobits"":true,""vn_update"":""sum""},""implementation"":{""bit_mapping"":""component_Gray_00_-3_01_-1_10_3_11_1_over_sqrt5;QPSK_0_plus1_1_minus1"",""cuda"":""12.8"",""decoder"":{""cn_schedule"":""flooding"",""cn_update"":""boxplus-phi"",""early_stop"":false,""hard_out"":true,""harq_mode"":false,""llr_max"":20.0,""num_iter"":20,""precision"":""single"",""prune_pcm"":true,""return_infobits"":true,""vn_update"":""sum""},""decoder_source_sha256"":""44d84b92b749e2970f94d92cd348a11648e2286b4d851faa0af8b21d08f0da23"",""encoder_source_sha256"":""34d8db6660b2e84708a8fb534f63c194f6f2b964e3693fcffc9dcaf21532ccfd"",""implementation"":""Sionna_5G_LDPC"",""power_protocol"":""fixed_constellation_average_Es2"",""precision"":""float32"",""rate_matching"":""Sionna RV0; filler removal, first2Z and tail puncturing; supported n only"",""scrambling"":""public_PCG64_SHA256_protocol_session_frame_group_counter_after_rate_matching_v1"",""torch"":""2.11.0+cu128"",""version"":""2.2.0""},""interleaver_sha256"":""0125d1235c73e260d2242318569da8dd06e7ece83949af2ff7ce7bf677a74cab"",""k"":316,""k_filler"":14,""k_ldpc"":330,""layout_id"":""b1b2a37db5ece02c49efdebbbf953ace09a7efb6699c3f0c268630cffa690542"",""modulation_padding_bits"":0,""mother_bits"":1020,""n"":406,""n_cb"":990,""n_cb_comp"":976,""power_protocol"":""fixed_constellation_average_Es2"",""puncturing_bits"":600,""puncturing_first_2Z"":30,""puncturing_remaining"":570,""repetition_bits"":0,""scrambling"":""public_PCG64_SHA256_protocol_session_frame_group_counter_after_rate_matching_v1"",""shortening_bits"":14,""z"":15}",[1024]
QPSK,2/3,QPSK:r2/3,d1ce2410bf40d5e3e38a3ee53ff712657cce0b541f71e36dd4d4bd4b077c5237,660,16,0,676,720,44,3744,1172,586,0,0.5767918088737202,0.5631399317406144,"{""actual_effective_rate"":0.5767918088737202,""bg"":""bg2"",""bit_mapping"":""component_Gray_00_-3_01_-1_10_3_11_1_over_sqrt5;QPSK_0_plus1_1_minus1"",""code_blocks"":1,""decoder_config"":{""cn_schedule"":""flooding"",""cn_update"":""boxplus-phi"",""early_stop"":false,""hard_out"":true,""harq_mode"":false,""llr_max"":20.0,""num_iter"":20,""precision"":""single"",""prune_pcm"":true,""return_infobits"":true,""vn_update"":""sum""},""implementation"":{""bit_mapping"":""component_Gray_00_-3_01_-1_10_3_11_1_over_sqrt5;QPSK_0_plus1_1_minus1"",""cuda"":""12.8"",""decoder"":{""cn_schedule"":""flooding"",""cn_update"":""boxplus-phi"",""early_stop"":false,""hard_out"":true,""harq_mode"":false,""llr_max"":20.0,""num_iter"":20,""precision"":""single"",""prune_pcm"":true,""return_infobits"":true,""vn_update"":""sum""},""decoder_source_sha256"":""44d84b92b749e2970f94d92cd348a11648e2286b4d851faa0af8b21d08f0da23"",""encoder_source_sha256"":""34d8db6660b2e84708a8fb534f63c194f6f2b964e3693fcffc9dcaf21532ccfd"",""implementation"":""Sionna_5G_LDPC"",""power_protocol"":""fixed_constellation_average_Es2"",""precision"":""float32"",""rate_matching"":""Sionna RV0; filler removal, first2Z and tail puncturing; supported n only"",""scrambling"":""public_PCG64_SHA256_protocol_session_frame_group_counter_after_rate_matching_v1"",""torch"":""2.11.0+cu128"",""version"":""2.2.0""},""interleaver_sha256"":""f00ab03ddf5d95008539d8f152c709ce6ef05ce694dd82514be999b9692af59d"",""k"":676,""k_filler"":44,""k_ldpc"":720,""layout_id"":""2a3ad67c6b301ec13cbd2f1ae8407659d62613e415dc17734ac73bb232f660b5"",""modulation_padding_bits"":0,""mother_bits"":3744,""n"":1172,""n_cb"":3600,""n_cb_comp"":3556,""power_protocol"":""fixed_constellation_average_Es2"",""puncturing_bits"":2528,""puncturing_first_2Z"":144,""puncturing_remaining"":2384,""repetition_bits"":0,""scrambling"":""public_PCG64_SHA256_protocol_session_frame_group_counter_after_rate_matching_v1"",""shortening_bits"":44,""z"":72}",[2048]
16QAM,2/3,16QAM:r2/3,d1d961bab5c611cc70270ad4cb9a7f634f281dafb76991bb28e35fb21004d1b9,1092,16,0,1108,1120,12,5824,1672,418,0,0.6626794258373205,0.65311004784689,"{""actual_effective_rate"":0.6626794258373205,""bg"":""bg2"",""bit_mapping"":""component_Gray_00_-3_01_-1_10_3_11_1_over_sqrt5;QPSK_0_plus1_1_minus1"",""code_blocks"":1,""decoder_config"":{""cn_schedule"":""flooding"",""cn_update"":""boxplus-phi"",""early_stop"":false,""hard_out"":true,""harq_mode"":false,""llr_max"":20.0,""num_iter"":20,""precision"":""single"",""prune_pcm"":true,""return_infobits"":true,""vn_update"":""sum""},""implementation"":{""bit_mapping"":""component_Gray_00_-3_01_-1_10_3_11_1_over_sqrt5;QPSK_0_plus1_1_minus1"",""cuda"":""12.8"",""decoder"":{""cn_schedule"":""flooding"",""cn_update"":""boxplus-phi"",""early_stop"":false,""hard_out"":true,""harq_mode"":false,""llr_max"":20.0,""num_iter"":20,""precision"":""single"",""prune_pcm"":true,""return_infobits"":true,""vn_update"":""sum""},""decoder_source_sha256"":""44d84b92b749e2970f94d92cd348a11648e2286b4d851faa0af8b21d08f0da23"",""encoder_source_sha256"":""34d8db6660b2e84708a8fb534f63c194f6f2b964e3693fcffc9dcaf21532ccfd"",""implementation"":""Sionna_5G_LDPC"",""power_protocol"":""fixed_constellation_average_Es2"",""precision"":""float32"",""rate_matching"":""Sionna RV0; filler removal, first2Z and tail puncturing; supported n only"",""scrambling"":""public_PCG64_SHA256_protocol_session_frame_group_counter_after_rate_matching_v1"",""torch"":""2.11.0+cu128"",""version"":""2.2.0""},""interleaver_sha256"":""fec56402cb34d28d2180991fd5e115ffd1e01e8f743929a523efe409c7b73c1f"",""k"":1108,""k_filler"":12,""k_ldpc"":1120,""layout_id"":""3828e4fcef10d46ad1bb4aea336f1726fb36cbc6f559625a1d77743e1f40082a"",""modulation_padding_bits"":0,""mother_bits"":5824,""n"":1672,""n_cb"":5600,""n_cb_comp"":5588,""power_protocol"":""fixed_constellation_average_Es2"",""puncturing_bits"":4140,""puncturing_first_2Z"":224,""puncturing_remaining"":3916,""repetition_bits"":0,""scrambling"":""public_PCG64_SHA256_protocol_session_frame_group_counter_after_rate_matching_v1"",""shortening_bits"":12,""z"":112}","[1024,2048]"
QPSK,1/2,QPSK:r1/2,d1e613f5965bfbb6ecfd66d6cf9871481b6811aa4e13da7b67d5497b85c6acc1,360,16,0,376,480,104,2496,1654,827,0,0.22732769044740025,0.21765417170495768,"{""actual_effective_rate"":0.22732769044740025,""bg"":""bg2"",""bit_mapping"":""component_Gray_00_-3_01_-1_10_3_11_1_over_sqrt5;QPSK_0_plus1_1_minus1"",""code_blocks"":1,""decoder_config"":{""cn_schedule"":""flooding"",""cn_update"":""boxplus-phi"",""early_stop"":false,""hard_out"":true,""harq_mode"":false,""llr_max"":20.0,""num_iter"":20,""precision"":""single"",""prune_pcm"":true,""return_infobits"":true,""vn_update"":""sum""},""implementation"":{""bit_mapping"":""component_Gray_00_-3_01_-1_10_3_11_1_over_sqrt5;QPSK_0_plus1_1_minus1"",""cuda"":""12.8"",""decoder"":{""cn_schedule"":""flooding"",""cn_update"":""boxplus-phi"",""early_stop"":false,""hard_out"":true,""harq_mode"":false,""llr_max"":20.0,""num_iter"":20,""precision"":""single"",""prune_pcm"":true,""return_infobits"":true,""vn_update"":""sum""},""decoder_source_sha256"":""44d84b92b749e2970f94d92cd348a11648e2286b4d851faa0af8b21d08f0da23"",""encoder_source_sha256"":""34d8db6660b2e84708a8fb534f63c194f6f2b964e3693fcffc9dcaf21532ccfd"",""implementation"":""Sionna_5G_LDPC"",""power_protocol"":""fixed_constellation_average_Es2"",""precision"":""float32"",""rate_matching"":""Sionna RV0; filler removal, first2Z and tail puncturing; supported n only"",""scrambling"":""public_PCG64_SHA256_protocol_session_frame_group_counter_after_rate_matching_v1"",""torch"":""2.11.0+cu128"",""version"":""2.2.0""},""interleaver_sha256"":""691ba9e580caf86916b46f971d258186689bd9d7b7bb6da3b1bef58f995d4690"",""k"":376,""k_filler"":104,""k_ldpc"":480,""layout_id"":""f9f9fbd56bea8d42e5cee29de956961e764ae5a5309f0f39ce9ffe48bf725d78"",""modulation_padding_bits"":0,""mother_bits"":2496,""n"":1654,""n_cb"":2400,""n_cb_comp"":2296,""power_protocol"":""fixed_constellation_average_Es2"",""puncturing_bits"":738,""puncturing_first_2Z"":96,""puncturing_remaining"":642,""repetition_bits"":0,""scrambling"":""public_PCG64_SHA256_protocol_session_frame_group_counter_after_rate_matching_v1"",""shortening_bits"":104,""z"":48}",[1024]
QPSK,5/6,QPSK:r5/6,d1f639c9320bd171185c34bf7c7aa15d936eaeef81d81e70b2c82eb39a3e9df4,2100,16,0,2116,2288,172,7072,2742,1371,0,0.7716994894237783,0.7658643326039387,"{""actual_effective_rate"":0.7716994894237783,""bg"":""bg1"",""bit_mapping"":""component_Gray_00_-3_01_-1_10_3_11_1_over_sqrt5;QPSK_0_plus1_1_minus1"",""code_blocks"":1,""decoder_config"":{""cn_schedule"":""flooding"",""cn_update"":""boxplus-phi"",""early_stop"":false,""hard_out"":true,""harq_mode"":false,""llr_max"":20.0,""num_iter"":20,""precision"":""single"",""prune_pcm"":true,""return_infobits"":true,""vn_update"":""sum""},""implementation"":{""bit_mapping"":""component_Gray_00_-3_01_-1_10_3_11_1_over_sqrt5;QPSK_0_plus1_1_minus1"",""cuda"":""12.8"",""decoder"":{""cn_schedule"":""flooding"",""cn_update"":""boxplus-phi"",""early_stop"":false,""hard_out"":true,""harq_mode"":false,""llr_max"":20.0,""num_iter"":20,""precision"":""single"",""prune_pcm"":true,""return_infobits"":true,""vn_update"":""sum""},""decoder_source_sha256"":""44d84b92b749e2970f94d92cd348a11648e2286b4d851faa0af8b21d08f0da23"",""encoder_source_sha256"":""34d8db6660b2e84708a8fb534f63c194f6f2b964e3693fcffc9dcaf21532ccfd"",""implementation"":""Sionna_5G_LDPC"",""power_protocol"":""fixed_constellation_average_Es2"",""precision"":""float32"",""rate_matching"":""Sionna RV0; filler removal, first2Z and tail puncturing; supported n only"",""scrambling"":""public_PCG64_SHA256_protocol_session_frame_group_counter_after_rate_matching_v1"",""torch"":""2.11.0+cu128"",""version"":""2.2.0""},""interleaver_sha256"":""bb37033a024ac56a81c74e73dfe26f5c6229314339e6e765482b9d7c22a00075"",""k"":2116,""k_filler"":172,""k_ldpc"":2288,""layout_id"":""4c093725ed08229e7df2c10dd1054713ac96219525c8619c6f3a005451f58e27"",""modulation_padding_bits"":0,""mother_bits"":7072,""n"":2742,""n_cb"":6864,""n_cb_comp"":6692,""power_protocol"":""fixed_constellation_average_Es2"",""puncturing_bits"":4158,""puncturing_first_2Z"":208,""puncturing_remaining"":3950,""repetition_bits"":0,""scrambling"":""public_PCG64_SHA256_protocol_session_frame_group_counter_after_rate_matching_v1"",""shortening_bits"":172,""z"":104}",[2048]
16QAM,3/4,16QAM:r3/4,d1f9390feb20a1c766b88d470db056f24afc7ef4c8e02a08c738f60b0ff5a976,1092,16,0,1108,1144,36,3536,1564,391,0,0.7084398976982097,0.6982097186700768,"{""actual_effective_rate"":0.7084398976982097,""bg"":""bg1"",""bit_mapping"":""component_Gray_00_-3_01_-1_10_3_11_1_over_sqrt5;QPSK_0_plus1_1_minus1"",""code_blocks"":1,""decoder_config"":{""cn_schedule"":""flooding"",""cn_update"":""boxplus-phi"",""early_stop"":false,""hard_out"":true,""harq_mode"":false,""llr_max"":20.0,""num_iter"":20,""precision"":""single"",""prune_pcm"":true,""return_infobits"":true,""vn_update"":""sum""},""implementation"":{""bit_mapping"":""component_Gray_00_-3_01_-1_10_3_11_1_over_sqrt5;QPSK_0_plus1_1_minus1"",""cuda"":""12.8"",""decoder"":{""cn_schedule"":""flooding"",""cn_update"":""boxplus-phi"",""early_stop"":false,""hard_out"":true,""harq_mode"":false,""llr_max"":20.0,""num_iter"":20,""precision"":""single"",""prune_pcm"":true,""return_infobits"":true,""vn_update"":""sum""},""decoder_source_sha256"":""44d84b92b749e2970f94d92cd348a11648e2286b4d851faa0af8b21d08f0da23"",""encoder_source_sha256"":""34d8db6660b2e84708a8fb534f63c194f6f2b964e3693fcffc9dcaf21532ccfd"",""implementation"":""Sionna_5G_LDPC"",""power_protocol"":""fixed_constellation_average_Es2"",""precision"":""float32"",""rate_matching"":""Sionna RV0; filler removal, first2Z and tail puncturing; supported n only"",""scrambling"":""public_PCG64_SHA256_protocol_session_frame_group_counter_after_rate_matching_v1"",""torch"":""2.11.0+cu128"",""version"":""2.2.0""},""interleaver_sha256"":""f98414d0b57fa9ce4c3eaff3900fed125eab3645f37682caf86a34d387b571e1"",""k"":1108,""k_filler"":36,""k_ldpc"":1144,""layout_id"":""61e288a46febddc0750800816543da8ef4405264f857f7c092bec572830c382f"",""modulation_padding_bits"":0,""mother_bits"":3536,""n"":1564,""n_cb"":3432,""n_cb_comp"":3396,""power_protocol"":""fixed_constellation_average_Es2"",""puncturing_bits"":1936,""puncturing_first_2Z"":104,""puncturing_remaining"":1832,""repetition_bits"":0,""scrambling"":""public_PCG64_SHA256_protocol_session_frame_group_counter_after_rate_matching_v1"",""shortening_bits"":36,""z"":52}",[2048]
QPSK,5/6,QPSK:r5/6,d1fe43ee0fd2eb158fb5ebd2c31beebbfc9d600820a92abc8e3a7d2a22f5a1b6,1860,16,0,1876,1936,60,5984,2518,1259,0,0.7450357426528992,0.73868149324861,"{""actual_effective_rate"":0.7450357426528992,""bg"":""bg1"",""bit_mapping"":""component_Gray_00_-3_01_-1_10_3_11_1_over_sqrt5;QPSK_0_plus1_1_minus1"",""code_blocks"":1,""decoder_config"":{""cn_schedule"":""flooding"",""cn_update"":""boxplus-phi"",""early_stop"":false,""hard_out"":true,""harq_mode"":false,""llr_max"":20.0,""num_iter"":20,""precision"":""single"",""prune_pcm"":true,""return_infobits"":true,""vn_update"":""sum""},""implementation"":{""bit_mapping"":""component_Gray_00_-3_01_-1_10_3_11_1_over_sqrt5;QPSK_0_plus1_1_minus1"",""cuda"":""12.8"",""decoder"":{""cn_schedule"":""flooding"",""cn_update"":""boxplus-phi"",""early_stop"":false,""hard_out"":true,""harq_mode"":false,""llr_max"":20.0,""num_iter"":20,""precision"":""single"",""prune_pcm"":true,""return_infobits"":true,""vn_update"":""sum""},""decoder_source_sha256"":""44d84b92b749e2970f94d92cd348a11648e2286b4d851faa0af8b21d08f0da23"",""encoder_source_sha256"":""34d8db6660b2e84708a8fb534f63c194f6f2b964e3693fcffc9dcaf21532ccfd"",""implementation"":""Sionna_5G_LDPC"",""power_protocol"":""fixed_constellation_average_Es2"",""precision"":""float32"",""rate_matching"":""Sionna RV0; filler removal, first2Z and tail puncturing; supported n only"",""scrambling"":""public_PCG64_SHA256_protocol_session_frame_group_counter_after_rate_matching_v1"",""torch"":""2.11.0+cu128"",""version"":""2.2.0""},""interleaver_sha256"":""61835e93e1e2b764530a9868c9ce5eb7eff21ba4065402b2e9b92c3741e3151d"",""k"":1876,""k_filler"":60,""k_ldpc"":1936,""layout_id"":""906297f6d138a7e0689a2b0c165253672317681a146b6b9fd20c1bb5c7bac66c"",""modulation_padding_bits"":0,""mother_bits"":5984,""n"":2518,""n_cb"":5808,""n_cb_comp"":5748,""power_protocol"":""fixed_constellation_average_Es2"",""puncturing_bits"":3406,""puncturing_first_2Z"":176,""puncturing_remaining"":3230,""repetition_bits"":0,""scrambling"":""public_PCG64_SHA256_protocol_session_frame_group_counter_after_rate_matching_v1"",""shortening_bits"":60,""z"":88}",[2048]
16QAM,3/4,16QAM:r3/4,d20317d6cba726f45da43eeb8f76d00d16a973c91ab61a22b9c9c9c6a43038fb,360,16,0,376,480,104,2496,1184,296,0,0.31756756756756754,0.30405405405405406,"{""actual_effective_rate"":0.31756756756756754,""bg"":""bg2"",""bit_mapping"":""component_Gray_00_-3_01_-1_10_3_11_1_over_sqrt5;QPSK_0_plus1_1_minus1"",""code_blocks"":1,""decoder_config"":{""cn_schedule"":""flooding"",""cn_update"":""boxplus-phi"",""early_stop"":false,""hard_out"":true,""harq_mode"":false,""llr_max"":20.0,""num_iter"":20,""precision"":""single"",""prune_pcm"":true,""return_infobits"":true,""vn_update"":""sum""},""implementation"":{""bit_mapping"":""component_Gray_00_-3_01_-1_10_3_11_1_over_sqrt5;QPSK_0_plus1_1_minus1"",""cuda"":""12.8"",""decoder"":{""cn_schedule"":""flooding"",""cn_update"":""boxplus-phi"",""early_stop"":false,""hard_out"":true,""harq_mode"":false,""llr_max"":20.0,""num_iter"":20,""precision"":""single"",""prune_pcm"":true,""return_infobits"":true,""vn_update"":""sum""},""decoder_source_sha256"":""44d84b92b749e2970f94d92cd348a11648e2286b4d851faa0af8b21d08f0da23"",""encoder_source_sha256"":""34d8db6660b2e84708a8fb534f63c194f6f2b964e3693fcffc9dcaf21532ccfd"",""implementation"":""Sionna_5G_LDPC"",""power_protocol"":""fixed_constellation_average_Es2"",""precision"":""float32"",""rate_matching"":""Sionna RV0; filler removal, first2Z and tail puncturing; supported n only"",""scrambling"":""public_PCG64_SHA256_protocol_session_frame_group_counter_after_rate_matching_v1"",""torch"":""2.11.0+cu128"",""version"":""2.2.0""},""interleaver_sha256"":""f25e66e6e1728bea53cb1ae172d70a04044ad434556c205acaa37af65d88b741"",""k"":376,""k_filler"":104,""k_ldpc"":480,""layout_id"":""741ea887e47ecafdc23f6e7913613e3509b5b02ed63b4b77927233b7100d2145"",""modulation_padding_bits"":0,""mother_bits"":2496,""n"":1184,""n_cb"":2400,""n_cb_comp"":2296,""power_protocol"":""fixed_constellation_average_Es2"",""puncturing_bits"":1208,""puncturing_first_2Z"":96,""puncturing_remaining"":1112,""repetition_bits"":0,""scrambling"":""public_PCG64_SHA256_protocol_session_frame_group_counter_after_rate_matching_v1"",""shortening_bits"":104,""z"":48}","[1024,2048]"
QPSK,5/6,QPSK:r5/6,d207617f22bad5587af42ed1585edf76761d113b1f05c4faa516d862b890e67b,660,16,0,676,720,44,3744,1866,933,0,0.36227224008574493,0.3536977491961415,"{""actual_effective_rate"":0.36227224008574493,""bg"":""bg2"",""bit_mapping"":""component_Gray_00_-3_01_-1_10_3_11_1_over_sqrt5;QPSK_0_plus1_1_minus1"",""code_blocks"":1,""decoder_config"":{""cn_schedule"":""flooding"",""cn_update"":""boxplus-phi"",""early_stop"":false,""hard_out"":true,""harq_mode"":false,""llr_max"":20.0,""num_iter"":20,""precision"":""single"",""prune_pcm"":true,""return_infobits"":true,""vn_update"":""sum""},""implementation"":{""bit_mapping"":""component_Gray_00_-3_01_-1_10_3_11_1_over_sqrt5;QPSK_0_plus1_1_minus1"",""cuda"":""12.8"",""decoder"":{""cn_schedule"":""flooding"",""cn_update"":""boxplus-phi"",""early_stop"":false,""hard_out"":true,""harq_mode"":false,""llr_max"":20.0,""num_iter"":20,""precision"":""single"",""prune_pcm"":true,""return_infobits"":true,""vn_update"":""sum""},""decoder_source_sha256"":""44d84b92b749e2970f94d92cd348a11648e2286b4d851faa0af8b21d08f0da23"",""encoder_source_sha256"":""34d8db6660b2e84708a8fb534f63c194f6f2b964e3693fcffc9dcaf21532ccfd"",""implementation"":""Sionna_5G_LDPC"",""power_protocol"":""fixed_constellation_average_Es2"",""precision"":""float32"",""rate_matching"":""Sionna RV0; filler removal, first2Z and tail puncturing; supported n only"",""scrambling"":""public_PCG64_SHA256_protocol_session_frame_group_counter_after_rate_matching_v1"",""torch"":""2.11.0+cu128"",""version"":""2.2.0""},""interleaver_sha256"":""9dec0e503cbf70ba9f3443f5f93de811c02f2f06694ae6029ec143bb9c2474e5"",""k"":676,""k_filler"":44,""k_ldpc"":720,""layout_id"":""e4f619a748c0511cbfcd43858914335ec5a0f8eecde46170dfabaf04f009f9b6"",""modulation_padding_bits"":0,""mother_bits"":3744,""n"":1866,""n_cb"":3600,""n_cb_comp"":3556,""power_protocol"":""fixed_constellation_average_Es2"",""puncturing_bits"":1834,""puncturing_first_2Z"":144,""puncturing_remaining"":1690,""repetition_bits"":0,""scrambling"":""public_PCG64_SHA256_protocol_session_frame_group_counter_after_rate_matching_v1"",""shortening_bits"":44,""z"":72}",[2048]
QPSK,2/3,QPSK:r2/3,d21c2730a41f783ba9fa83d11aa984c5fb0d8d06cf1c9b0c27f349108031a10d,360,16,0,376,480,104,2496,794,397,0,0.473551637279597,0.4534005037783375,"{""actual_effective_rate"":0.473551637279597,""bg"":""bg2"",""bit_mapping"":""component_Gray_00_-3_01_-1_10_3_11_1_over_sqrt5;QPSK_0_plus1_1_minus1"",""code_blocks"":1,""decoder_config"":{""cn_schedule"":""flooding"",""cn_update"":""boxplus-phi"",""early_stop"":false,""hard_out"":true,""harq_mode"":false,""llr_max"":20.0,""num_iter"":20,""precision"":""single"",""prune_pcm"":true,""return_infobits"":true,""vn_update"":""sum""},""implementation"":{""bit_mapping"":""component_Gray_00_-3_01_-1_10_3_11_1_over_sqrt5;QPSK_0_plus1_1_minus1"",""cuda"":""12.8"",""decoder"":{""cn_schedule"":""flooding"",""cn_update"":""boxplus-phi"",""early_stop"":false,""hard_out"":true,""harq_mode"":false,""llr_max"":20.0,""num_iter"":20,""precision"":""single"",""prune_pcm"":true,""return_infobits"":true,""vn_update"":""sum""},""decoder_source_sha256"":""44d84b92b749e2970f94d92cd348a11648e2286b4d851faa0af8b21d08f0da23"",""encoder_source_sha256"":""34d8db6660b2e84708a8fb534f63c194f6f2b964e3693fcffc9dcaf21532ccfd"",""implementation"":""Sionna_5G_LDPC"",""power_protocol"":""fixed_constellation_average_Es2"",""precision"":""float32"",""rate_matching"":""Sionna RV0; filler removal, first2Z and tail puncturing; supported n only"",""scrambling"":""public_PCG64_SHA256_protocol_session_frame_group_counter_after_rate_matching_v1"",""torch"":""2.11.0+cu128"",""version"":""2.2.0""},""interleaver_sha256"":""badbc4dc83dd4ec588f7ed19ea0354eddb82be32fbef507b4492356feaf716f3"",""k"":376,""k_filler"":104,""k_ldpc"":480,""layout_id"":""17d113c1ae64a6cf207e1021a211b67decad13859ff8a84320fa13a8531f2825"",""modulation_padding_bits"":0,""mother_bits"":2496,""n"":794,""n_cb"":2400,""n_cb_comp"":2296,""power_protocol"":""fixed_constellation_average_Es2"",""puncturing_bits"":1598,""puncturing_first_2Z"":96,""puncturing_remaining"":1502,""repetition_bits"":0,""scrambling"":""public_PCG64_SHA256_protocol_session_frame_group_counter_after_rate_matching_v1"",""shortening_bits"":104,""z"":48}",[1024]
16QAM,1/2,16QAM:r1/2,d23543c01ef28da42d396eb434722f531c47fdb180aa4c541be88de8c9ab5179,1092,16,0,1108,1120,12,5824,4792,1198,0,0.23121869782971619,0.2278797996661102,"{""actual_effective_rate"":0.23121869782971619,""bg"":""bg2"",""bit_mapping"":""component_Gray_00_-3_01_-1_10_3_11_1_over_sqrt5;QPSK_0_plus1_1_minus1"",""code_blocks"":1,""decoder_config"":{""cn_schedule"":""flooding"",""cn_update"":""boxplus-phi"",""early_stop"":false,""hard_out"":true,""harq_mode"":false,""llr_max"":20.0,""num_iter"":20,""precision"":""single"",""prune_pcm"":true,""return_infobits"":true,""vn_update"":""sum""},""implementation"":{""bit_mapping"":""component_Gray_00_-3_01_-1_10_3_11_1_over_sqrt5;QPSK_0_plus1_1_minus1"",""cuda"":""12.8"",""decoder"":{""cn_schedule"":""flooding"",""cn_update"":""boxplus-phi"",""early_stop"":false,""hard_out"":true,""harq_mode"":false,""llr_max"":20.0,""num_iter"":20,""precision"":""single"",""prune_pcm"":true,""return_infobits"":true,""vn_update"":""sum""},""decoder_source_sha256"":""44d84b92b749e2970f94d92cd348a11648e2286b4d851faa0af8b21d08f0da23"",""encoder_source_sha256"":""34d8db6660b2e84708a8fb534f63c194f6f2b964e3693fcffc9dcaf21532ccfd"",""implementation"":""Sionna_5G_LDPC"",""power_protocol"":""fixed_constellation_average_Es2"",""precision"":""float32"",""rate_matching"":""Sionna RV0; filler removal, first2Z and tail puncturing; supported n only"",""scrambling"":""public_PCG64_SHA256_protocol_session_frame_group_counter_after_rate_matching_v1"",""torch"":""2.11.0+cu128"",""version"":""2.2.0""},""interleaver_sha256"":""b02423fa3e21d6181e5f95a55d4be8a5e6b20c61eb3f2508b5a8fa6418ceccc2"",""k"":1108,""k_filler"":12,""k_ldpc"":1120,""layout_id"":""e19b5ad0bba123948916f26561415fcca281f637dd5a8d4044ba4d1e65094dd0"",""modulation_padding_bits"":0,""mother_bits"":5824,""n"":4792,""n_cb"":5600,""n_cb_comp"":5588,""power_protocol"":""fixed_constellation_average_Es2"",""puncturing_bits"":1020,""puncturing_first_2Z"":224,""puncturing_remaining"":796,""repetition_bits"":0,""scrambling"":""public_PCG64_SHA256_protocol_session_frame_group_counter_after_rate_matching_v1"",""shortening_bits"":12,""z"":112}",[2048]
QPSK,3/4,QPSK:r3/4,d23dbc9a81eccfc262c3800c08602b55c4f3c4a182b0ca90341c57ced7a8272b,2700,16,0,2716,2816,100,8704,3622,1811,0,0.7498619547211486,0.7454445057979017,"{""actual_effective_rate"":0.7498619547211486,""bg"":""bg1"",""bit_mapping"":""component_Gray_00_-3_01_-1_10_3_11_1_over_sqrt5;QPSK_0_plus1_1_minus1"",""code_blocks"":1,""decoder_config"":{""cn_schedule"":""flooding"",""cn_update"":""boxplus-phi"",""early_stop"":false,""hard_out"":true,""harq_mode"":false,""llr_max"":20.0,""num_iter"":20,""precision"":""single"",""prune_pcm"":true,""return_infobits"":true,""vn_update"":""sum""},""implementation"":{""bit_mapping"":""component_Gray_00_-3_01_-1_10_3_11_1_over_sqrt5;QPSK_0_plus1_1_minus1"",""cuda"":""12.8"",""decoder"":{""cn_schedule"":""flooding"",""cn_update"":""boxplus-phi"",""early_stop"":false,""hard_out"":true,""harq_mode"":false,""llr_max"":20.0,""num_iter"":20,""precision"":""single"",""prune_pcm"":true,""return_infobits"":true,""vn_update"":""sum""},""decoder_source_sha256"":""44d84b92b749e2970f94d92cd348a11648e2286b4d851faa0af8b21d08f0da23"",""encoder_source_sha256"":""34d8db6660b2e84708a8fb534f63c194f6f2b964e3693fcffc9dcaf21532ccfd"",""implementation"":""Sionna_5G_LDPC"",""power_protocol"":""fixed_constellation_average_Es2"",""precision"":""float32"",""rate_matching"":""Sionna RV0; filler removal, first2Z and tail puncturing; supported n only"",""scrambling"":""public_PCG64_SHA256_protocol_session_frame_group_counter_after_rate_matching_v1"",""torch"":""2.11.0+cu128"",""version"":""2.2.0""},""interleaver_sha256"":""8ba187c500f467676a9df794e3f16b045c4d511b8974d80cd910f35fc0fa04a7"",""k"":2716,""k_filler"":100,""k_ldpc"":2816,""layout_id"":""2bad13dce3d0ce9a1e3c641acb6545add55db5f03e579e1b2ef3c7a57ede3948"",""modulation_padding_bits"":0,""mother_bits"":8704,""n"":3622,""n_cb"":8448,""n_cb_comp"":8348,""power_protocol"":""fixed_constellation_average_Es2"",""puncturing_bits"":4982,""puncturing_first_2Z"":256,""puncturing_remaining"":4726,""repetition_bits"":0,""scrambling"":""public_PCG64_SHA256_protocol_session_frame_group_counter_after_rate_matching_v1"",""shortening_bits"":100,""z"":128}",[2048]
16QAM,3/4,16QAM:r3/4,d248f808b43658dff7de52ba62c4c5d03146786078659d9335977383ece80b5b,2400,16,0,2416,2560,144,13312,6324,1581,0,0.3820366856419987,0.3795066413662239,"{""actual_effective_rate"":0.3820366856419987,""bg"":""bg2"",""bit_mapping"":""component_Gray_00_-3_01_-1_10_3_11_1_over_sqrt5;QPSK_0_plus1_1_minus1"",""code_blocks"":1,""decoder_config"":{""cn_schedule"":""flooding"",""cn_update"":""boxplus-phi"",""early_stop"":false,""hard_out"":true,""harq_mode"":false,""llr_max"":20.0,""num_iter"":20,""precision"":""single"",""prune_pcm"":true,""return_infobits"":true,""vn_update"":""sum""},""implementation"":{""bit_mapping"":""component_Gray_00_-3_01_-1_10_3_11_1_over_sqrt5;QPSK_0_plus1_1_minus1"",""cuda"":""12.8"",""decoder"":{""cn_schedule"":""flooding"",""cn_update"":""boxplus-phi"",""early_stop"":false,""hard_out"":true,""harq_mode"":false,""llr_max"":20.0,""num_iter"":20,""precision"":""single"",""prune_pcm"":true,""return_infobits"":true,""vn_update"":""sum""},""decoder_source_sha256"":""44d84b92b749e2970f94d92cd348a11648e2286b4d851faa0af8b21d08f0da23"",""encoder_source_sha256"":""34d8db6660b2e84708a8fb534f63c194f6f2b964e3693fcffc9dcaf21532ccfd"",""implementation"":""Sionna_5G_LDPC"",""power_protocol"":""fixed_constellation_average_Es2"",""precision"":""float32"",""rate_matching"":""Sionna RV0; filler removal, first2Z and tail puncturing; supported n only"",""scrambling"":""public_PCG64_SHA256_protocol_session_frame_group_counter_after_rate_matching_v1"",""torch"":""2.11.0+cu128"",""version"":""2.2.0""},""interleaver_sha256"":""d86b1bcacafc808035b56576ac5cbf1d5a11c515517a2d7c395eb546d63df59e"",""k"":2416,""k_filler"":144,""k_ldpc"":2560,""layout_id"":""21a6d66c3274eaa0b9acf7e09434f179ed164152c03e3dfc885c4508df7480fa"",""modulation_padding_bits"":0,""mother_bits"":13312,""n"":6324,""n_cb"":12800,""n_cb_comp"":12656,""power_protocol"":""fixed_constellation_average_Es2"",""puncturing_bits"":6844,""puncturing_first_2Z"":512,""puncturing_remaining"":6332,""repetition_bits"":0,""scrambling"":""public_PCG64_SHA256_protocol_session_frame_group_counter_after_rate_matching_v1"",""shortening_bits"":144,""z"":256}",[2048]
QPSK,2/3,QPSK:r2/3,d261daeb9b960531fed63c420af6ad833da780cceb3c068ba78c3065abc535e4,660,16,0,676,720,44,3744,2874,1437,0,0.23521224773834376,0.22964509394572025,"{""actual_effective_rate"":0.23521224773834376,""bg"":""bg2"",""bit_mapping"":""component_Gray_00_-3_01_-1_10_3_11_1_over_sqrt5;QPSK_0_plus1_1_minus1"",""code_blocks"":1,""decoder_config"":{""cn_schedule"":""flooding"",""cn_update"":""boxplus-phi"",""early_stop"":false,""hard_out"":true,""harq_mode"":false,""llr_max"":20.0,""num_iter"":20,""precision"":""single"",""prune_pcm"":true,""return_infobits"":true,""vn_update"":""sum""},""implementation"":{""bit_mapping"":""component_Gray_00_-3_01_-1_10_3_11_1_over_sqrt5;QPSK_0_plus1_1_minus1"",""cuda"":""12.8"",""decoder"":{""cn_schedule"":""flooding"",""cn_update"":""boxplus-phi"",""early_stop"":false,""hard_out"":true,""harq_mode"":false,""llr_max"":20.0,""num_iter"":20,""precision"":""single"",""prune_pcm"":true,""return_infobits"":true,""vn_update"":""sum""},""decoder_source_sha256"":""44d84b92b749e2970f94d92cd348a11648e2286b4d851faa0af8b21d08f0da23"",""encoder_source_sha256"":""34d8db6660b2e84708a8fb534f63c194f6f2b964e3693fcffc9dcaf21532ccfd"",""implementation"":""Sionna_5G_LDPC"",""power_protocol"":""fixed_constellation_average_Es2"",""precision"":""float32"",""rate_matching"":""Sionna RV0; filler removal, first2Z and tail puncturing; supported n only"",""scrambling"":""public_PCG64_SHA256_protocol_session_frame_group_counter_after_rate_matching_v1"",""torch"":""2.11.0+cu128"",""version"":""2.2.0""},""interleaver_sha256"":""3d21ec0febe4070a857ea810d3212ff0cf4e0e89a111f5be21b2efce10a8db70"",""k"":676,""k_filler"":44,""k_ldpc"":720,""layout_id"":""a11d89cb1ab1437c7321cf98e830024827fbe4c722beec82912d5f5defae9288"",""modulation_padding_bits"":0,""mother_bits"":3744,""n"":2874,""n_cb"":3600,""n_cb_comp"":3556,""power_protocol"":""fixed_constellation_average_Es2"",""puncturing_bits"":826,""puncturing_first_2Z"":144,""puncturing_remaining"":682,""repetition_bits"":0,""scrambling"":""public_PCG64_SHA256_protocol_session_frame_group_counter_after_rate_matching_v1"",""shortening_bits"":44,""z"":72}",[2048]
16QAM,2/3,16QAM:r2/3,d267ada9b734381eac479b354ebb465fbf93bd118cfd565b7890c0e399c7c415,1860,16,0,1876,1920,44,9984,3892,973,0,0.48201438848920863,0.4779033915724563,"{""actual_effective_rate"":0.48201438848920863,""bg"":""bg2"",""bit_mapping"":""component_Gray_00_-3_01_-1_10_3_11_1_over_sqrt5;QPSK_0_plus1_1_minus1"",""code_blocks"":1,""decoder_config"":{""cn_schedule"":""flooding"",""cn_update"":""boxplus-phi"",""early_stop"":false,""hard_out"":true,""harq_mode"":false,""llr_max"":20.0,""num_iter"":20,""precision"":""single"",""prune_pcm"":true,""return_infobits"":true,""vn_update"":""sum""},""implementation"":{""bit_mapping"":""component_Gray_00_-3_01_-1_10_3_11_1_over_sqrt5;QPSK_0_plus1_1_minus1"",""cuda"":""12.8"",""decoder"":{""cn_schedule"":""flooding"",""cn_update"":""boxplus-phi"",""early_stop"":false,""hard_out"":true,""harq_mode"":false,""llr_max"":20.0,""num_iter"":20,""precision"":""single"",""prune_pcm"":true,""return_infobits"":true,""vn_update"":""sum""},""decoder_source_sha256"":""44d84b92b749e2970f94d92cd348a11648e2286b4d851faa0af8b21d08f0da23"",""encoder_source_sha256"":""34d8db6660b2e84708a8fb534f63c194f6f2b964e3693fcffc9dcaf21532ccfd"",""implementation"":""Sionna_5G_LDPC"",""power_protocol"":""fixed_constellation_average_Es2"",""precision"":""float32"",""rate_matching"":""Sionna RV0; filler removal, first2Z and tail puncturing; supported n only"",""scrambling"":""public_PCG64_SHA256_protocol_session_frame_group_counter_after_rate_matching_v1"",""torch"":""2.11.0+cu128"",""version"":""2.2.0""},""interleaver_sha256"":""108a61833c429d2835f7679d1f91e1188d78a6e76608c53bd6d82d1cb3efb544"",""k"":1876,""k_filler"":44,""k_ldpc"":1920,""layout_id"":""7d43ad0d404bbce47c886f9a11bb08d14be6645beef07208585c7d4fca27d124"",""modulation_padding_bits"":0,""mother_bits"":9984,""n"":3892,""n_cb"":9600,""n_cb_comp"":9556,""power_protocol"":""fixed_constellation_average_Es2"",""puncturing_bits"":6048,""puncturing_first_2Z"":384,""puncturing_remaining"":5664,""repetition_bits"":0,""scrambling"":""public_PCG64_SHA256_protocol_session_frame_group_counter_after_rate_matching_v1"",""shortening_bits"":44,""z"":192}",[2048]
16QAM,3/4,16QAM:r3/4,d28714f90f0be9e8664c77aa4899239325b784bbf9167c6d133fbfdc00727f9d,1200,16,0,1216,1280,64,6656,1940,485,0,0.6268041237113402,0.6185567010309279,"{""actual_effective_rate"":0.6268041237113402,""bg"":""bg2"",""bit_mapping"":""component_Gray_00_-3_01_-1_10_3_11_1_over_sqrt5;QPSK_0_plus1_1_minus1"",""code_blocks"":1,""decoder_config"":{""cn_schedule"":""flooding"",""cn_update"":""boxplus-phi"",""early_stop"":false,""hard_out"":true,""harq_mode"":false,""llr_max"":20.0,""num_iter"":20,""precision"":""single"",""prune_pcm"":true,""return_infobits"":true,""vn_update"":""sum""},""implementation"":{""bit_mapping"":""component_Gray_00_-3_01_-1_10_3_11_1_over_sqrt5;QPSK_0_plus1_1_minus1"",""cuda"":""12.8"",""decoder"":{""cn_schedule"":""flooding"",""cn_update"":""boxplus-phi"",""early_stop"":false,""hard_out"":true,""harq_mode"":false,""llr_max"":20.0,""num_iter"":20,""precision"":""single"",""prune_pcm"":true,""return_infobits"":true,""vn_update"":""sum""},""decoder_source_sha256"":""44d84b92b749e2970f94d92cd348a11648e2286b4d851faa0af8b21d08f0da23"",""encoder_source_sha256"":""34d8db6660b2e84708a8fb534f63c194f6f2b964e3693fcffc9dcaf21532ccfd"",""implementation"":""Sionna_5G_LDPC"",""power_protocol"":""fixed_constellation_average_Es2"",""precision"":""float32"",""rate_matching"":""Sionna RV0; filler removal, first2Z and tail puncturing; supported n only"",""scrambling"":""public_PCG64_SHA256_protocol_session_frame_group_counter_after_rate_matching_v1"",""torch"":""2.11.0+cu128"",""version"":""2.2.0""},""interleaver_sha256"":""5f268cc998cf7339f6d3b8989ffcc2b02a8814784f928fd0853c1a2a6769409d"",""k"":1216,""k_filler"":64,""k_ldpc"":1280,""layout_id"":""a8143e3f085e0d14855d8e3b0849deaf9acc6a6ae1853b80f27f327908339135"",""modulation_padding_bits"":0,""mother_bits"":6656,""n"":1940,""n_cb"":6400,""n_cb_comp"":6336,""power_protocol"":""fixed_constellation_average_Es2"",""puncturing_bits"":4652,""puncturing_first_2Z"":256,""puncturing_remaining"":4396,""repetition_bits"":0,""scrambling"":""public_PCG64_SHA256_protocol_session_frame_group_counter_after_rate_matching_v1"",""shortening_bits"":64,""z"":128}",[2048]
16QAM,2/3,16QAM:r2/3,d288f16172d83a6e6a8c17d21ca23a60c144d8080108266135bd11f8fd027c6e,768,16,0,784,800,16,4160,1188,297,0,0.6599326599326599,0.6464646464646465,"{""actual_effective_rate"":0.6599326599326599,""bg"":""bg2"",""bit_mapping"":""component_Gray_00_-3_01_-1_10_3_11_1_over_sqrt5;QPSK_0_plus1_1_minus1"",""code_blocks"":1,""decoder_config"":{""cn_schedule"":""flooding"",""cn_update"":""boxplus-phi"",""early_stop"":false,""hard_out"":true,""harq_mode"":false,""llr_max"":20.0,""num_iter"":20,""precision"":""single"",""prune_pcm"":true,""return_infobits"":true,""vn_update"":""sum""},""implementation"":{""bit_mapping"":""component_Gray_00_-3_01_-1_10_3_11_1_over_sqrt5;QPSK_0_plus1_1_minus1"",""cuda"":""12.8"",""decoder"":{""cn_schedule"":""flooding"",""cn_update"":""boxplus-phi"",""early_stop"":false,""hard_out"":true,""harq_mode"":false,""llr_max"":20.0,""num_iter"":20,""precision"":""single"",""prune_pcm"":true,""return_infobits"":true,""vn_update"":""sum""},""decoder_source_sha256"":""44d84b92b749e2970f94d92cd348a11648e2286b4d851faa0af8b21d08f0da23"",""encoder_source_sha256"":""34d8db6660b2e84708a8fb534f63c194f6f2b964e3693fcffc9dcaf21532ccfd"",""implementation"":""Sionna_5G_LDPC"",""power_protocol"":""fixed_constellation_average_Es2"",""precision"":""float32"",""rate_matching"":""Sionna RV0; filler removal, first2Z and tail puncturing; supported n only"",""scrambling"":""public_PCG64_SHA256_protocol_session_frame_group_counter_after_rate_matching_v1"",""torch"":""2.11.0+cu128"",""version"":""2.2.0""},""interleaver_sha256"":""2a9027da9516cc6f6a924d6029b6b30033390d1f415d74d74b29cf5c906f98cd"",""k"":784,""k_filler"":16,""k_ldpc"":800,""layout_id"":""09eb4b501ba7c47016a47d34134a438495bdaf262f471ecc355190a5b676437d"",""modulation_padding_bits"":0,""mother_bits"":4160,""n"":1188,""n_cb"":4000,""n_cb_comp"":3984,""power_protocol"":""fixed_constellation_average_Es2"",""puncturing_bits"":2956,""puncturing_first_2Z"":160,""puncturing_remaining"":2796,""repetition_bits"":0,""scrambling"":""public_PCG64_SHA256_protocol_session_frame_group_counter_after_rate_matching_v1"",""shortening_bits"":16,""z"":80}",[2048]
16QAM,3/4,16QAM:r3/4,d292860897ad31a488ea797bb74e633414d9f84575332db9b6201a192c1250f3,3708,16,0,3724,3840,116,19968,6076,1519,0,0.6129032258064516,0.6102699144173799,"{""actual_effective_rate"":0.6129032258064516,""bg"":""bg2"",""bit_mapping"":""component_Gray_00_-3_01_-1_10_3_11_1_over_sqrt5;QPSK_0_plus1_1_minus1"",""code_blocks"":1,""decoder_config"":{""cn_schedule"":""flooding"",""cn_update"":""boxplus-phi"",""early_stop"":false,""hard_out"":true,""harq_mode"":false,""llr_max"":20.0,""num_iter"":20,""precision"":""single"",""prune_pcm"":true,""return_infobits"":true,""vn_update"":""sum""},""implementation"":{""bit_mapping"":""component_Gray_00_-3_01_-1_10_3_11_1_over_sqrt5;QPSK_0_plus1_1_minus1"",""cuda"":""12.8"",""decoder"":{""cn_schedule"":""flooding"",""cn_update"":""boxplus-phi"",""early_stop"":false,""hard_out"":true,""harq_mode"":false,""llr_max"":20.0,""num_iter"":20,""precision"":""single"",""prune_pcm"":true,""return_infobits"":true,""vn_update"":""sum""},""decoder_source_sha256"":""44d84b92b749e2970f94d92cd348a11648e2286b4d851faa0af8b21d08f0da23"",""encoder_source_sha256"":""34d8db6660b2e84708a8fb534f63c194f6f2b964e3693fcffc9dcaf21532ccfd"",""implementation"":""Sionna_5G_LDPC"",""power_protocol"":""fixed_constellation_average_Es2"",""precision"":""float32"",""rate_matching"":""Sionna RV0; filler removal, first2Z and tail puncturing; supported n only"",""scrambling"":""public_PCG64_SHA256_protocol_session_frame_group_counter_after_rate_matching_v1"",""torch"":""2.11.0+cu128"",""version"":""2.2.0""},""interleaver_sha256"":""cc1aec8683e2c7e9a6688c063a32cff0b75a8b6376df597950f71f9fc86c09ee"",""k"":3724,""k_filler"":116,""k_ldpc"":3840,""layout_id"":""849e0024be516b6a3d404581097794631f401c5960a2b8b49060da54aa1825fc"",""modulation_padding_bits"":0,""mother_bits"":19968,""n"":6076,""n_cb"":19200,""n_cb_comp"":19084,""power_protocol"":""fixed_constellation_average_Es2"",""puncturing_bits"":13776,""puncturing_first_2Z"":768,""puncturing_remaining"":13008,""repetition_bits"":0,""scrambling"":""public_PCG64_SHA256_protocol_session_frame_group_counter_after_rate_matching_v1"",""shortening_bits"":116,""z"":384}",[2048]
QPSK,5/6,QPSK:r5/6,d29ebd504e06433e773a1f1b65e638a5241b89bb9223a5ad7dca7d2756ce693e,660,16,0,676,720,44,3744,1714,857,0,0.3943990665110852,0.38506417736289383,"{""actual_effective_rate"":0.3943990665110852,""bg"":""bg2"",""bit_mapping"":""component_Gray_00_-3_01_-1_10_3_11_1_over_sqrt5;QPSK_0_plus1_1_minus1"",""code_blocks"":1,""decoder_config"":{""cn_schedule"":""flooding"",""cn_update"":""boxplus-phi"",""early_stop"":false,""hard_out"":true,""harq_mode"":false,""llr_max"":20.0,""num_iter"":20,""precision"":""single"",""prune_pcm"":true,""return_infobits"":true,""vn_update"":""sum""},""implementation"":{""bit_mapping"":""component_Gray_00_-3_01_-1_10_3_11_1_over_sqrt5;QPSK_0_plus1_1_minus1"",""cuda"":""12.8"",""decoder"":{""cn_schedule"":""flooding"",""cn_update"":""boxplus-phi"",""early_stop"":false,""hard_out"":true,""harq_mode"":false,""llr_max"":20.0,""num_iter"":20,""precision"":""single"",""prune_pcm"":true,""return_infobits"":true,""vn_update"":""sum""},""decoder_source_sha256"":""44d84b92b749e2970f94d92cd348a11648e2286b4d851faa0af8b21d08f0da23"",""encoder_source_sha256"":""34d8db6660b2e84708a8fb534f63c194f6f2b964e3693fcffc9dcaf21532ccfd"",""implementation"":""Sionna_5G_LDPC"",""power_protocol"":""fixed_constellation_average_Es2"",""precision"":""float32"",""rate_matching"":""Sionna RV0; filler removal, first2Z and tail puncturing; supported n only"",""scrambling"":""public_PCG64_SHA256_protocol_session_frame_group_counter_after_rate_matching_v1"",""torch"":""2.11.0+cu128"",""version"":""2.2.0""},""interleaver_sha256"":""6eab9a87295d39201b1e0090e72b027b291ab48a3bc7498f8f1490b850d24d3d"",""k"":676,""k_filler"":44,""k_ldpc"":720,""layout_id"":""c68c9c2d1f6e132eae364a1ff81caa5135d6b42fb9e8c465ad916eb6626bd632"",""modulation_padding_bits"":0,""mother_bits"":3744,""n"":1714,""n_cb"":3600,""n_cb_comp"":3556,""power_protocol"":""fixed_constellation_average_Es2"",""puncturing_bits"":1986,""puncturing_first_2Z"":144,""puncturing_remaining"":1842,""repetition_bits"":0,""scrambling"":""public_PCG64_SHA256_protocol_session_frame_group_counter_after_rate_matching_v1"",""shortening_bits"":44,""z"":72}",[1024]
QPSK,2/3,QPSK:r2/3,d2a4ec7a8461e85e9040da45732b3e950af46d1edc8a54e7cbc9b9e9cc2dcc94,660,16,0,676,720,44,3744,1766,883,0,0.3827859569648924,0.3737259343148358,"{""actual_effective_rate"":0.3827859569648924,""bg"":""bg2"",""bit_mapping"":""component_Gray_00_-3_01_-1_10_3_11_1_over_sqrt5;QPSK_0_plus1_1_minus1"",""code_blocks"":1,""decoder_config"":{""cn_schedule"":""flooding"",""cn_update"":""boxplus-phi"",""early_stop"":false,""hard_out"":true,""harq_mode"":false,""llr_max"":20.0,""num_iter"":20,""precision"":""single"",""prune_pcm"":true,""return_infobits"":true,""vn_update"":""sum""},""implementation"":{""bit_mapping"":""component_Gray_00_-3_01_-1_10_3_11_1_over_sqrt5;QPSK_0_plus1_1_minus1"",""cuda"":""12.8"",""decoder"":{""cn_schedule"":""flooding"",""cn_update"":""boxplus-phi"",""early_stop"":false,""hard_out"":true,""harq_mode"":false,""llr_max"":20.0,""num_iter"":20,""precision"":""single"",""prune_pcm"":true,""return_infobits"":true,""vn_update"":""sum""},""decoder_source_sha256"":""44d84b92b749e2970f94d92cd348a11648e2286b4d851faa0af8b21d08f0da23"",""encoder_source_sha256"":""34d8db6660b2e84708a8fb534f63c194f6f2b964e3693fcffc9dcaf21532ccfd"",""implementation"":""Sionna_5G_LDPC"",""power_protocol"":""fixed_constellation_average_Es2"",""precision"":""float32"",""rate_matching"":""Sionna RV0; filler removal, first2Z and tail puncturing; supported n only"",""scrambling"":""public_PCG64_SHA256_protocol_session_frame_group_counter_after_rate_matching_v1"",""torch"":""2.11.0+cu128"",""version"":""2.2.0""},""interleaver_sha256"":""d90d0a69b3de39eae610f29ed8535ef0bcae2570d8970130380636ecf0f492ba"",""k"":676,""k_filler"":44,""k_ldpc"":720,""layout_id"":""ea3d1b654ba9bfb000feaccf08d2c3936f8ac87292c99e1670cf4b1e9c5a4446"",""modulation_padding_bits"":0,""mother_bits"":3744,""n"":1766,""n_cb"":3600,""n_cb_comp"":3556,""power_protocol"":""fixed_constellation_average_Es2"",""puncturing_bits"":1934,""puncturing_first_2Z"":144,""puncturing_remaining"":1790,""repetition_bits"":0,""scrambling"":""public_PCG64_SHA256_protocol_session_frame_group_counter_after_rate_matching_v1"",""shortening_bits"":44,""z"":72}",[1024]
16QAM,3/4,16QAM:r3/4,d2bb131dcc797324caf1a852943f29f376243cd9af86f04a4418e3bed58cbc08,360,16,0,376,480,104,2496,824,206,0,0.4563106796116505,0.4368932038834951,"{""actual_effective_rate"":0.4563106796116505,""bg"":""bg2"",""bit_mapping"":""component_Gray_00_-3_01_-1_10_3_11_1_over_sqrt5;QPSK_0_plus1_1_minus1"",""code_blocks"":1,""decoder_config"":{""cn_schedule"":""flooding"",""cn_update"":""boxplus-phi"",""early_stop"":false,""hard_out"":true,""harq_mode"":false,""llr_max"":20.0,""num_iter"":20,""precision"":""single"",""prune_pcm"":true,""return_infobits"":true,""vn_update"":""sum""},""implementation"":{""bit_mapping"":""component_Gray_00_-3_01_-1_10_3_11_1_over_sqrt5;QPSK_0_plus1_1_minus1"",""cuda"":""12.8"",""decoder"":{""cn_schedule"":""flooding"",""cn_update"":""boxplus-phi"",""early_stop"":false,""hard_out"":true,""harq_mode"":false,""llr_max"":20.0,""num_iter"":20,""precision"":""single"",""prune_pcm"":true,""return_infobits"":true,""vn_update"":""sum""},""decoder_source_sha256"":""44d84b92b749e2970f94d92cd348a11648e2286b4d851faa0af8b21d08f0da23"",""encoder_source_sha256"":""34d8db6660b2e84708a8fb534f63c194f6f2b964e3693fcffc9dcaf21532ccfd"",""implementation"":""Sionna_5G_LDPC"",""power_protocol"":""fixed_constellation_average_Es2"",""precision"":""float32"",""rate_matching"":""Sionna RV0; filler removal, first2Z and tail puncturing; supported n only"",""scrambling"":""public_PCG64_SHA256_protocol_session_frame_group_counter_after_rate_matching_v1"",""torch"":""2.11.0+cu128"",""version"":""2.2.0""},""interleaver_sha256"":""53cb030b8ae0007162914a119da4de0b7e5ee33976336d747d05a0d5c89d7183"",""k"":376,""k_filler"":104,""k_ldpc"":480,""layout_id"":""f00b31ba3578eb431dbcac54569394041ff757c43ee396d81db8d5f80f074376"",""modulation_padding_bits"":0,""mother_bits"":2496,""n"":824,""n_cb"":2400,""n_cb_comp"":2296,""power_protocol"":""fixed_constellation_average_Es2"",""puncturing_bits"":1568,""puncturing_first_2Z"":96,""puncturing_remaining"":1472,""repetition_bits"":0,""scrambling"":""public_PCG64_SHA256_protocol_session_frame_group_counter_after_rate_matching_v1"",""shortening_bits"":104,""z"":48}",[2048]
16QAM,1/3,16QAM:r1/3,d2c5415b0fda296baf8aebdc656f067e35436117679fb21bb883f5ba2457b5ac,912,16,0,928,960,32,4992,2784,696,0,0.3333333333333333,0.3275862068965517,"{""actual_effective_rate"":0.3333333333333333,""bg"":""bg2"",""bit_mapping"":""component_Gray_00_-3_01_-1_10_3_11_1_over_sqrt5;QPSK_0_plus1_1_minus1"",""code_blocks"":1,""decoder_config"":{""cn_schedule"":""flooding"",""cn_update"":""boxplus-phi"",""early_stop"":false,""hard_out"":true,""harq_mode"":false,""llr_max"":20.0,""num_iter"":20,""precision"":""single"",""prune_pcm"":true,""return_infobits"":true,""vn_update"":""sum""},""implementation"":{""bit_mapping"":""component_Gray_00_-3_01_-1_10_3_11_1_over_sqrt5;QPSK_0_plus1_1_minus1"",""cuda"":""12.8"",""decoder"":{""cn_schedule"":""flooding"",""cn_update"":""boxplus-phi"",""early_stop"":false,""hard_out"":true,""harq_mode"":false,""llr_max"":20.0,""num_iter"":20,""precision"":""single"",""prune_pcm"":true,""return_infobits"":true,""vn_update"":""sum""},""decoder_source_sha256"":""44d84b92b749e2970f94d92cd348a11648e2286b4d851faa0af8b21d08f0da23"",""encoder_source_sha256"":""34d8db6660b2e84708a8fb534f63c194f6f2b964e3693fcffc9dcaf21532ccfd"",""implementation"":""Sionna_5G_LDPC"",""power_protocol"":""fixed_constellation_average_Es2"",""precision"":""float32"",""rate_matching"":""Sionna RV0; filler removal, first2Z and tail puncturing; supported n only"",""scrambling"":""public_PCG64_SHA256_protocol_session_frame_group_counter_after_rate_matching_v1"",""torch"":""2.11.0+cu128"",""version"":""2.2.0""},""interleaver_sha256"":""94ebe16cb23242766cfb5950b451288e05e55fbb3fe8d4ff69c86930e3c8c814"",""k"":928,""k_filler"":32,""k_ldpc"":960,""layout_id"":""9230544c5fdfa2c7c141a477c26b8366ce8d8694ec67808695e01e07378e039a"",""modulation_padding_bits"":0,""mother_bits"":4992,""n"":2784,""n_cb"":4800,""n_cb_comp"":4768,""power_protocol"":""fixed_constellation_average_Es2"",""puncturing_bits"":2176,""puncturing_first_2Z"":192,""puncturing_remaining"":1984,""repetition_bits"":0,""scrambling"":""public_PCG64_SHA256_protocol_session_frame_group_counter_after_rate_matching_v1"",""shortening_bits"":32,""z"":96}",[1024]
16QAM,5/6,16QAM:r5/6,d2e7b8178ae3a2fdbe1f5a891a76b1024ee476472bfc2ab1b5eb2d6b9b0d8d3e,324,16,0,340,440,100,2288,1460,365,0,0.2328767123287671,0.2219178082191781,"{""actual_effective_rate"":0.2328767123287671,""bg"":""bg2"",""bit_mapping"":""component_Gray_00_-3_01_-1_10_3_11_1_over_sqrt5;QPSK_0_plus1_1_minus1"",""code_blocks"":1,""decoder_config"":{""cn_schedule"":""flooding"",""cn_update"":""boxplus-phi"",""early_stop"":false,""hard_out"":true,""harq_mode"":false,""llr_max"":20.0,""num_iter"":20,""precision"":""single"",""prune_pcm"":true,""return_infobits"":true,""vn_update"":""sum""},""implementation"":{""bit_mapping"":""component_Gray_00_-3_01_-1_10_3_11_1_over_sqrt5;QPSK_0_plus1_1_minus1"",""cuda"":""12.8"",""decoder"":{""cn_schedule"":""flooding"",""cn_update"":""boxplus-phi"",""early_stop"":false,""hard_out"":true,""harq_mode"":false,""llr_max"":20.0,""num_iter"":20,""precision"":""single"",""prune_pcm"":true,""return_infobits"":true,""vn_update"":""sum""},""decoder_source_sha256"":""44d84b92b749e2970f94d92cd348a11648e2286b4d851faa0af8b21d08f0da23"",""encoder_source_sha256"":""34d8db6660b2e84708a8fb534f63c194f6f2b964e3693fcffc9dcaf21532ccfd"",""implementation"":""Sionna_5G_LDPC"",""power_protocol"":""fixed_constellation_average_Es2"",""precision"":""float32"",""rate_matching"":""Sionna RV0; filler removal, first2Z and tail puncturing; supported n only"",""scrambling"":""public_PCG64_SHA256_protocol_session_frame_group_counter_after_rate_matching_v1"",""torch"":""2.11.0+cu128"",""version"":""2.2.0""},""interleaver_sha256"":""aa242fae7bd956ab4be90025c5c258b8c20fb757709f8b455a0c27f9330a67b6"",""k"":340,""k_filler"":100,""k_ldpc"":440,""layout_id"":""ccf101e779f8413c275cbd53acfc47b04552433bb5e5c410868b5f0f074c5c18"",""modulation_padding_bits"":0,""mother_bits"":2288,""n"":1460,""n_cb"":2200,""n_cb_comp"":2100,""power_protocol"":""fixed_constellation_average_Es2"",""puncturing_bits"":728,""puncturing_first_2Z"":88,""puncturing_remaining"":640,""repetition_bits"":0,""scrambling"":""public_PCG64_SHA256_protocol_session_frame_group_counter_after_rate_matching_v1"",""shortening_bits"":100,""z"":44}",[2048]
16QAM,1/2,16QAM:r1/2,d2f608404ac03e1423743517dd79de8775c54da1dc55e1f00dd15c18281f4d20,1308,16,0,1324,1440,116,7488,2772,693,0,0.47763347763347763,0.47186147186147187,"{""actual_effective_rate"":0.47763347763347763,""bg"":""bg2"",""bit_mapping"":""component_Gray_00_-3_01_-1_10_3_11_1_over_sqrt5;QPSK_0_plus1_1_minus1"",""code_blocks"":1,""decoder_config"":{""cn_schedule"":""flooding"",""cn_update"":""boxplus-phi"",""early_stop"":false,""hard_out"":true,""harq_mode"":false,""llr_max"":20.0,""num_iter"":20,""precision"":""single"",""prune_pcm"":true,""return_infobits"":true,""vn_update"":""sum""},""implementation"":{""bit_mapping"":""component_Gray_00_-3_01_-1_10_3_11_1_over_sqrt5;QPSK_0_plus1_1_minus1"",""cuda"":""12.8"",""decoder"":{""cn_schedule"":""flooding"",""cn_update"":""boxplus-phi"",""early_stop"":false,""hard_out"":true,""harq_mode"":false,""llr_max"":20.0,""num_iter"":20,""precision"":""single"",""prune_pcm"":true,""return_infobits"":true,""vn_update"":""sum""},""decoder_source_sha256"":""44d84b92b749e2970f94d92cd348a11648e2286b4d851faa0af8b21d08f0da23"",""encoder_source_sha256"":""34d8db6660b2e84708a8fb534f63c194f6f2b964e3693fcffc9dcaf21532ccfd"",""implementation"":""Sionna_5G_LDPC"",""power_protocol"":""fixed_constellation_average_Es2"",""precision"":""float32"",""rate_matching"":""Sionna RV0; filler removal, first2Z and tail puncturing; supported n only"",""scrambling"":""public_PCG64_SHA256_protocol_session_frame_group_counter_after_rate_matching_v1"",""torch"":""2.11.0+cu128"",""version"":""2.2.0""},""interleaver_sha256"":""ae86b643667527c2c1eee29c06ef071e8c8740703668365c0907e53feb19d613"",""k"":1324,""k_filler"":116,""k_ldpc"":1440,""layout_id"":""691159dc57a4e911fe53e3641146317da70cc7a570ef80380d5cbbe86c1a61a0"",""modulation_padding_bits"":0,""mother_bits"":7488,""n"":2772,""n_cb"":7200,""n_cb_comp"":7084,""power_protocol"":""fixed_constellation_average_Es2"",""puncturing_bits"":4600,""puncturing_first_2Z"":288,""puncturing_remaining"":4312,""repetition_bits"":0,""scrambling"":""public_PCG64_SHA256_protocol_session_frame_group_counter_after_rate_matching_v1"",""shortening_bits"":116,""z"":144}",[1024]
16QAM,1/2,16QAM:r1/2,d2fbc0bdd31f28ee4a98a75c4a14580520df72b0524b8f56671c801872c3c87c,660,16,0,676,720,44,3744,2440,610,0,0.27704918032786885,0.27049180327868855,"{""actual_effective_rate"":0.27704918032786885,""bg"":""bg2"",""bit_mapping"":""component_Gray_00_-3_01_-1_10_3_11_1_over_sqrt5;QPSK_0_plus1_1_minus1"",""code_blocks"":1,""decoder_config"":{""cn_schedule"":""flooding"",""cn_update"":""boxplus-phi"",""early_stop"":false,""hard_out"":true,""harq_mode"":false,""llr_max"":20.0,""num_iter"":20,""precision"":""single"",""prune_pcm"":true,""return_infobits"":true,""vn_update"":""sum""},""implementation"":{""bit_mapping"":""component_Gray_00_-3_01_-1_10_3_11_1_over_sqrt5;QPSK_0_plus1_1_minus1"",""cuda"":""12.8"",""decoder"":{""cn_schedule"":""flooding"",""cn_update"":""boxplus-phi"",""early_stop"":false,""hard_out"":true,""harq_mode"":false,""llr_max"":20.0,""num_iter"":20,""precision"":""single"",""prune_pcm"":true,""return_infobits"":true,""vn_update"":""sum""},""decoder_source_sha256"":""44d84b92b749e2970f94d92cd348a11648e2286b4d851faa0af8b21d08f0da23"",""encoder_source_sha256"":""34d8db6660b2e84708a8fb534f63c194f6f2b964e3693fcffc9dcaf21532ccfd"",""implementation"":""Sionna_5G_LDPC"",""power_protocol"":""fixed_constellation_average_Es2"",""precision"":""float32"",""rate_matching"":""Sionna RV0; filler removal, first2Z and tail puncturing; supported n only"",""scrambling"":""public_PCG64_SHA256_protocol_session_frame_group_counter_after_rate_matching_v1"",""torch"":""2.11.0+cu128"",""version"":""2.2.0""},""interleaver_sha256"":""f8053b0fc097601356d2296eb1b6df66765c44e3dc6e4cdaa8312fe377dbaa9a"",""k"":676,""k_filler"":44,""k_ldpc"":720,""layout_id"":""e3cf74cead0a74396b09c22f3549c1ac3d1702dd2093b38d1fa21296cf1c57cf"",""modulation_padding_bits"":0,""mother_bits"":3744,""n"":2440,""n_cb"":3600,""n_cb_comp"":3556,""power_protocol"":""fixed_constellation_average_Es2"",""puncturing_bits"":1260,""puncturing_first_2Z"":144,""puncturing_remaining"":1116,""repetition_bits"":0,""scrambling"":""public_PCG64_SHA256_protocol_session_frame_group_counter_after_rate_matching_v1"",""shortening_bits"":44,""z"":72}","[1024,2048]"
QPSK,2/3,QPSK:r2/3,d2ffb906c2df83dbc528f14beae80fcc9067ee65ac4687122a35818af518efb1,1860,16,0,1876,1920,44,9984,3136,1568,0,0.5982142857142857,0.5931122448979592,"{""actual_effective_rate"":0.5982142857142857,""bg"":""bg2"",""bit_mapping"":""component_Gray_00_-3_01_-1_10_3_11_1_over_sqrt5;QPSK_0_plus1_1_minus1"",""code_blocks"":1,""decoder_config"":{""cn_schedule"":""flooding"",""cn_update"":""boxplus-phi"",""early_stop"":false,""hard_out"":true,""harq_mode"":false,""llr_max"":20.0,""num_iter"":20,""precision"":""single"",""prune_pcm"":true,""return_infobits"":true,""vn_update"":""sum""},""implementation"":{""bit_mapping"":""component_Gray_00_-3_01_-1_10_3_11_1_over_sqrt5;QPSK_0_plus1_1_minus1"",""cuda"":""12.8"",""decoder"":{""cn_schedule"":""flooding"",""cn_update"":""boxplus-phi"",""early_stop"":false,""hard_out"":true,""harq_mode"":false,""llr_max"":20.0,""num_iter"":20,""precision"":""single"",""prune_pcm"":true,""return_infobits"":true,""vn_update"":""sum""},""decoder_source_sha256"":""44d84b92b749e2970f94d92cd348a11648e2286b4d851faa0af8b21d08f0da23"",""encoder_source_sha256"":""34d8db6660b2e84708a8fb534f63c194f6f2b964e3693fcffc9dcaf21532ccfd"",""implementation"":""Sionna_5G_LDPC"",""power_protocol"":""fixed_constellation_average_Es2"",""precision"":""float32"",""rate_matching"":""Sionna RV0; filler removal, first2Z and tail puncturing; supported n only"",""scrambling"":""public_PCG64_SHA256_protocol_session_frame_group_counter_after_rate_matching_v1"",""torch"":""2.11.0+cu128"",""version"":""2.2.0""},""interleaver_sha256"":""a3e96e2d088d26d5d1fc0c2020aa96b083b44c9d817e794773768c7082768e51"",""k"":1876,""k_filler"":44,""k_ldpc"":1920,""layout_id"":""4a9247440e095afade4511dd3f0465212b95e83c9d45bdcbcd5ba0104f5f8d96"",""modulation_padding_bits"":0,""mother_bits"":9984,""n"":3136,""n_cb"":9600,""n_cb_comp"":9556,""power_protocol"":""fixed_constellation_average_Es2"",""puncturing_bits"":6804,""puncturing_first_2Z"":384,""puncturing_remaining"":6420,""repetition_bits"":0,""scrambling"":""public_PCG64_SHA256_protocol_session_frame_group_counter_after_rate_matching_v1"",""shortening_bits"":44,""z"":192}",[2048]
16QAM,1/3,16QAM:r1/3,d309a1799e5c172f4a5579f52e8a067cbc095cda77a9ffa52cbaaa53350db3fa,756,16,0,772,800,28,4160,2332,583,0,0.33104631217838765,0.3241852487135506,"{""actual_effective_rate"":0.33104631217838765,""bg"":""bg2"",""bit_mapping"":""component_Gray_00_-3_01_-1_10_3_11_1_over_sqrt5;QPSK_0_plus1_1_minus1"",""code_blocks"":1,""decoder_config"":{""cn_schedule"":""flooding"",""cn_update"":""boxplus-phi"",""early_stop"":false,""hard_out"":true,""harq_mode"":false,""llr_max"":20.0,""num_iter"":20,""precision"":""single"",""prune_pcm"":true,""return_infobits"":true,""vn_update"":""sum""},""implementation"":{""bit_mapping"":""component_Gray_00_-3_01_-1_10_3_11_1_over_sqrt5;QPSK_0_plus1_1_minus1"",""cuda"":""12.8"",""decoder"":{""cn_schedule"":""flooding"",""cn_update"":""boxplus-phi"",""early_stop"":false,""hard_out"":true,""harq_mode"":false,""llr_max"":20.0,""num_iter"":20,""precision"":""single"",""prune_pcm"":true,""return_infobits"":true,""vn_update"":""sum""},""decoder_source_sha256"":""44d84b92b749e2970f94d92cd348a11648e2286b4d851faa0af8b21d08f0da23"",""encoder_source_sha256"":""34d8db6660b2e84708a8fb534f63c194f6f2b964e3693fcffc9dcaf21532ccfd"",""implementation"":""Sionna_5G_LDPC"",""power_protocol"":""fixed_constellation_average_Es2"",""precision"":""float32"",""rate_matching"":""Sionna RV0; filler removal, first2Z and tail puncturing; supported n only"",""scrambling"":""public_PCG64_SHA256_protocol_session_frame_group_counter_after_rate_matching_v1"",""torch"":""2.11.0+cu128"",""version"":""2.2.0""},""interleaver_sha256"":""d5d12c79993d4b2cf3af4c3fdbe1d26d8cb19508047b5aca39947d5afefdf312"",""k"":772,""k_filler"":28,""k_ldpc"":800,""layout_id"":""1d7e85bf8dcfff52211bae2a601b3869a292c6c5d4b528adbaa5a83eab68c17f"",""modulation_padding_bits"":0,""mother_bits"":4160,""n"":2332,""n_cb"":4000,""n_cb_comp"":3972,""power_protocol"":""fixed_constellation_average_Es2"",""puncturing_bits"":1800,""puncturing_first_2Z"":160,""puncturing_remaining"":1640,""repetition_bits"":0,""scrambling"":""public_PCG64_SHA256_protocol_session_frame_group_counter_after_rate_matching_v1"",""shortening_bits"":28,""z"":80}",[1024]
16QAM,5/6,16QAM:r5/6,d309f68fe14ca269228e9bdbf1ca117dff37e32c2eb88453b7f61ecd93d1f687,216,16,0,232,300,68,1560,600,150,0,0.38666666666666666,0.36,"{""actual_effective_rate"":0.38666666666666666,""bg"":""bg2"",""bit_mapping"":""component_Gray_00_-3_01_-1_10_3_11_1_over_sqrt5;QPSK_0_plus1_1_minus1"",""code_blocks"":1,""decoder_config"":{""cn_schedule"":""flooding"",""cn_update"":""boxplus-phi"",""early_stop"":false,""hard_out"":true,""harq_mode"":false,""llr_max"":20.0,""num_iter"":20,""precision"":""single"",""prune_pcm"":true,""return_infobits"":true,""vn_update"":""sum""},""implementation"":{""bit_mapping"":""component_Gray_00_-3_01_-1_10_3_11_1_over_sqrt5;QPSK_0_plus1_1_minus1"",""cuda"":""12.8"",""decoder"":{""cn_schedule"":""flooding"",""cn_update"":""boxplus-phi"",""early_stop"":false,""hard_out"":true,""harq_mode"":false,""llr_max"":20.0,""num_iter"":20,""precision"":""single"",""prune_pcm"":true,""return_infobits"":true,""vn_update"":""sum""},""decoder_source_sha256"":""44d84b92b749e2970f94d92cd348a11648e2286b4d851faa0af8b21d08f0da23"",""encoder_source_sha256"":""34d8db6660b2e84708a8fb534f63c194f6f2b964e3693fcffc9dcaf21532ccfd"",""implementation"":""Sionna_5G_LDPC"",""power_protocol"":""fixed_constellation_average_Es2"",""precision"":""float32"",""rate_matching"":""Sionna RV0; filler removal, first2Z and tail puncturing; supported n only"",""scrambling"":""public_PCG64_SHA256_protocol_session_frame_group_counter_after_rate_matching_v1"",""torch"":""2.11.0+cu128"",""version"":""2.2.0""},""interleaver_sha256"":""19b6026a374bba9fa355e5a6df7059a56518920780019555804e2c959b739a28"",""k"":232,""k_filler"":68,""k_ldpc"":300,""layout_id"":""a848f408dc47e7712b4ca3f60a5982e503a8d52b6016050650c2a34cb5262c4e"",""modulation_padding_bits"":0,""mother_bits"":1560,""n"":600,""n_cb"":1500,""n_cb_comp"":1432,""power_protocol"":""fixed_constellation_average_Es2"",""puncturing_bits"":892,""puncturing_first_2Z"":60,""puncturing_remaining"":832,""repetition_bits"":0,""scrambling"":""public_PCG64_SHA256_protocol_session_frame_group_counter_after_rate_matching_v1"",""shortening_bits"":68,""z"":30}",[1024]
16QAM,2/3,16QAM:r2/3,d311ac03236755a34586f6542a95b3197652d4d3a2dba1a5fb237f310f132dff,516,16,0,532,720,188,3744,800,200,0,0.665,0.645,"{""actual_effective_rate"":0.665,""bg"":""bg2"",""bit_mapping"":""component_Gray_00_-3_01_-1_10_3_11_1_over_sqrt5;QPSK_0_plus1_1_minus1"",""code_blocks"":1,""decoder_config"":{""cn_schedule"":""flooding"",""cn_update"":""boxplus-phi"",""early_stop"":false,""hard_out"":true,""harq_mode"":false,""llr_max"":20.0,""num_iter"":20,""precision"":""single"",""prune_pcm"":true,""return_infobits"":true,""vn_update"":""sum""},""implementation"":{""bit_mapping"":""component_Gray_00_-3_01_-1_10_3_11_1_over_sqrt5;QPSK_0_plus1_1_minus1"",""cuda"":""12.8"",""decoder"":{""cn_schedule"":""flooding"",""cn_update"":""boxplus-phi"",""early_stop"":false,""hard_out"":true,""harq_mode"":false,""llr_max"":20.0,""num_iter"":20,""precision"":""single"",""prune_pcm"":true,""return_infobits"":true,""vn_update"":""sum""},""decoder_source_sha256"":""44d84b92b749e2970f94d92cd348a11648e2286b4d851faa0af8b21d08f0da23"",""encoder_source_sha256"":""34d8db6660b2e84708a8fb534f63c194f6f2b964e3693fcffc9dcaf21532ccfd"",""implementation"":""Sionna_5G_LDPC"",""power_protocol"":""fixed_constellation_average_Es2"",""precision"":""float32"",""rate_matching"":""Sionna RV0; filler removal, first2Z and tail puncturing; supported n only"",""scrambling"":""public_PCG64_SHA256_protocol_session_frame_group_counter_after_rate_matching_v1"",""torch"":""2.11.0+cu128"",""version"":""2.2.0""},""interleaver_sha256"":""260fff54a93f8e52f487d889d835ed4b04a9ee4a461016189e79da5af2b2d407"",""k"":532,""k_filler"":188,""k_ldpc"":720,""layout_id"":""32c94a540a2e506f40d100b129d1d992efbce2e0f7e965e6541445a196b4a873"",""modulation_padding_bits"":0,""mother_bits"":3744,""n"":800,""n_cb"":3600,""n_cb_comp"":3412,""power_protocol"":""fixed_constellation_average_Es2"",""puncturing_bits"":2756,""puncturing_first_2Z"":144,""puncturing_remaining"":2612,""repetition_bits"":0,""scrambling"":""public_PCG64_SHA256_protocol_session_frame_group_counter_after_rate_matching_v1"",""shortening_bits"":188,""z"":72}","[1024,2048]"
16QAM,3/4,16QAM:r3/4,d31dd655223b8bbcfe5797916364ddc4f027ad7d0eaee544e01b9cfc8a97c283,4068,16,0,4084,4224,140,13056,5448,1362,0,0.749632892804699,0.7466960352422908,"{""actual_effective_rate"":0.749632892804699,""bg"":""bg1"",""bit_mapping"":""component_Gray_00_-3_01_-1_10_3_11_1_over_sqrt5;QPSK_0_plus1_1_minus1"",""code_blocks"":1,""decoder_config"":{""cn_schedule"":""flooding"",""cn_update"":""boxplus-phi"",""early_stop"":false,""hard_out"":true,""harq_mode"":false,""llr_max"":20.0,""num_iter"":20,""precision"":""single"",""prune_pcm"":true,""return_infobits"":true,""vn_update"":""sum""},""implementation"":{""bit_mapping"":""component_Gray_00_-3_01_-1_10_3_11_1_over_sqrt5;QPSK_0_plus1_1_minus1"",""cuda"":""12.8"",""decoder"":{""cn_schedule"":""flooding"",""cn_update"":""boxplus-phi"",""early_stop"":false,""hard_out"":true,""harq_mode"":false,""llr_max"":20.0,""num_iter"":20,""precision"":""single"",""prune_pcm"":true,""return_infobits"":true,""vn_update"":""sum""},""decoder_source_sha256"":""44d84b92b749e2970f94d92cd348a11648e2286b4d851faa0af8b21d08f0da23"",""encoder_source_sha256"":""34d8db6660b2e84708a8fb534f63c194f6f2b964e3693fcffc9dcaf21532ccfd"",""implementation"":""Sionna_5G_LDPC"",""power_protocol"":""fixed_constellation_average_Es2"",""precision"":""float32"",""rate_matching"":""Sionna RV0; filler removal, first2Z and tail puncturing; supported n only"",""scrambling"":""public_PCG64_SHA256_protocol_session_frame_group_counter_after_rate_matching_v1"",""torch"":""2.11.0+cu128"",""version"":""2.2.0""},""interleaver_sha256"":""eba31abbc8bf1026314a6c50a9cc67a9594036b1f42ae204c0c608bd6d60b9c2"",""k"":4084,""k_filler"":140,""k_ldpc"":4224,""layout_id"":""2de5bd4ab867c4f2d0dad0db1bc43d584a7294795fa21dc03be98af50dbe313c"",""modulation_padding_bits"":0,""mother_bits"":13056,""n"":5448,""n_cb"":12672,""n_cb_comp"":12532,""power_protocol"":""fixed_constellation_average_Es2"",""puncturing_bits"":7468,""puncturing_first_2Z"":384,""puncturing_remaining"":7084,""repetition_bits"":0,""scrambling"":""public_PCG64_SHA256_protocol_session_frame_group_counter_after_rate_matching_v1"",""shortening_bits"":140,""z"":192}",[2048]
16QAM,5/6,16QAM:r5/6,d327396377eb42f608377de99b8fdcc20aae87d1789e7e3357558a6dde45061e,300,16,0,316,400,84,2080,960,240,0,0.32916666666666666,0.3125,"{""actual_effective_rate"":0.32916666666666666,""bg"":""bg2"",""bit_mapping"":""component_Gray_00_-3_01_-1_10_3_11_1_over_sqrt5;QPSK_0_plus1_1_minus1"",""code_blocks"":1,""decoder_config"":{""cn_schedule"":""flooding"",""cn_update"":""boxplus-phi"",""early_stop"":false,""hard_out"":true,""harq_mode"":false,""llr_max"":20.0,""num_iter"":20,""precision"":""single"",""prune_pcm"":true,""return_infobits"":true,""vn_update"":""sum""},""implementation"":{""bit_mapping"":""component_Gray_00_-3_01_-1_10_3_11_1_over_sqrt5;QPSK_0_plus1_1_minus1"",""cuda"":""12.8"",""decoder"":{""cn_schedule"":""flooding"",""cn_update"":""boxplus-phi"",""early_stop"":false,""hard_out"":true,""harq_mode"":false,""llr_max"":20.0,""num_iter"":20,""precision"":""single"",""prune_pcm"":true,""return_infobits"":true,""vn_update"":""sum""},""decoder_source_sha256"":""44d84b92b749e2970f94d92cd348a11648e2286b4d851faa0af8b21d08f0da23"",""encoder_source_sha256"":""34d8db6660b2e84708a8fb534f63c194f6f2b964e3693fcffc9dcaf21532ccfd"",""implementation"":""Sionna_5G_LDPC"",""power_protocol"":""fixed_constellation_average_Es2"",""precision"":""float32"",""rate_matching"":""Sionna RV0; filler removal, first2Z and tail puncturing; supported n only"",""scrambling"":""public_PCG64_SHA256_protocol_session_frame_group_counter_after_rate_matching_v1"",""torch"":""2.11.0+cu128"",""version"":""2.2.0""},""interleaver_sha256"":""c11ab541c2737219a631458af1e58ec6d1ef8881c92d3e4569fe14b3e6729caa"",""k"":316,""k_filler"":84,""k_ldpc"":400,""layout_id"":""45c0d880f6e52bd6205809dbf1397423e6adc84fe785ae9d02653f0a9e436f12"",""modulation_padding_bits"":0,""mother_bits"":2080,""n"":960,""n_cb"":2000,""n_cb_comp"":1916,""power_protocol"":""fixed_constellation_average_Es2"",""puncturing_bits"":1036,""puncturing_first_2Z"":80,""puncturing_remaining"":956,""repetition_bits"":0,""scrambling"":""public_PCG64_SHA256_protocol_session_frame_group_counter_after_rate_matching_v1"",""shortening_bits"":84,""z"":40}",[1024]
QPSK,1/3,QPSK:r1/3,d332ab66793a6cbc1b8aea67fe13b00945dbe8c42d53addff2b6c1a79ffb9dbb,660,16,0,676,720,44,3744,3030,1515,0,0.22310231023102312,0.21782178217821782,"{""actual_effective_rate"":0.22310231023102312,""bg"":""bg2"",""bit_mapping"":""component_Gray_00_-3_01_-1_10_3_11_1_over_sqrt5;QPSK_0_plus1_1_minus1"",""code_blocks"":1,""decoder_config"":{""cn_schedule"":""flooding"",""cn_update"":""boxplus-phi"",""early_stop"":false,""hard_out"":true,""harq_mode"":false,""llr_max"":20.0,""num_iter"":20,""precision"":""single"",""prune_pcm"":true,""return_infobits"":true,""vn_update"":""sum""},""implementation"":{""bit_mapping"":""component_Gray_00_-3_01_-1_10_3_11_1_over_sqrt5;QPSK_0_plus1_1_minus1"",""cuda"":""12.8"",""decoder"":{""cn_schedule"":""flooding"",""cn_update"":""boxplus-phi"",""early_stop"":false,""hard_out"":true,""harq_mode"":false,""llr_max"":20.0,""num_iter"":20,""precision"":""single"",""prune_pcm"":true,""return_infobits"":true,""vn_update"":""sum""},""decoder_source_sha256"":""44d84b92b749e2970f94d92cd348a11648e2286b4d851faa0af8b21d08f0da23"",""encoder_source_sha256"":""34d8db6660b2e84708a8fb534f63c194f6f2b964e3693fcffc9dcaf21532ccfd"",""implementation"":""Sionna_5G_LDPC"",""power_protocol"":""fixed_constellation_average_Es2"",""precision"":""float32"",""rate_matching"":""Sionna RV0; filler removal, first2Z and tail puncturing; supported n only"",""scrambling"":""public_PCG64_SHA256_protocol_session_frame_group_counter_after_rate_matching_v1"",""torch"":""2.11.0+cu128"",""version"":""2.2.0""},""interleaver_sha256"":""a3fca52a9ed658af6ad224e082ba39341bd57aa5111fb9621656b74ffde2c15f"",""k"":676,""k_filler"":44,""k_ldpc"":720,""layout_id"":""468d5bda0d54fbf8363eda90f2c1799aeb8d7af5ae0f91dc1a82aeccd474046e"",""modulation_padding_bits"":0,""mother_bits"":3744,""n"":3030,""n_cb"":3600,""n_cb_comp"":3556,""power_protocol"":""fixed_constellation_average_Es2"",""puncturing_bits"":670,""puncturing_first_2Z"":144,""puncturing_remaining"":526,""repetition_bits"":0,""scrambling"":""public_PCG64_SHA256_protocol_session_frame_group_counter_after_rate_matching_v1"",""shortening_bits"":44,""z"":72}",[2048]
16QAM,3/4,16QAM:r3/4,d3398cba90b4ece4004241bcd3accf3f3455a081f2ad4473538da8d18d3731a6,2904,16,0,2920,3200,280,16640,6552,1638,0,0.4456654456654457,0.4432234432234432,"{""actual_effective_rate"":0.4456654456654457,""bg"":""bg2"",""bit_mapping"":""component_Gray_00_-3_01_-1_10_3_11_1_over_sqrt5;QPSK_0_plus1_1_minus1"",""code_blocks"":1,""decoder_config"":{""cn_schedule"":""flooding"",""cn_update"":""boxplus-phi"",""early_stop"":false,""hard_out"":true,""harq_mode"":false,""llr_max"":20.0,""num_iter"":20,""precision"":""single"",""prune_pcm"":true,""return_infobits"":true,""vn_update"":""sum""},""implementation"":{""bit_mapping"":""component_Gray_00_-3_01_-1_10_3_11_1_over_sqrt5;QPSK_0_plus1_1_minus1"",""cuda"":""12.8"",""decoder"":{""cn_schedule"":""flooding"",""cn_update"":""boxplus-phi"",""early_stop"":false,""hard_out"":true,""harq_mode"":false,""llr_max"":20.0,""num_iter"":20,""precision"":""single"",""prune_pcm"":true,""return_infobits"":true,""vn_update"":""sum""},""decoder_source_sha256"":""44d84b92b749e2970f94d92cd348a11648e2286b4d851faa0af8b21d08f0da23"",""encoder_source_sha256"":""34d8db6660b2e84708a8fb534f63c194f6f2b964e3693fcffc9dcaf21532ccfd"",""implementation"":""Sionna_5G_LDPC"",""power_protocol"":""fixed_constellation_average_Es2"",""precision"":""float32"",""rate_matching"":""Sionna RV0; filler removal, first2Z and tail puncturing; supported n only"",""scrambling"":""public_PCG64_SHA256_protocol_session_frame_group_counter_after_rate_matching_v1"",""torch"":""2.11.0+cu128"",""version"":""2.2.0""},""interleaver_sha256"":""5e86882f7c6522481f22e1dbd8ed380546a6b2f3fb5d9d0373c27f1392a5c3b5"",""k"":2920,""k_filler"":280,""k_ldpc"":3200,""layout_id"":""e7d7c61110c93333d3446b4d726a13027b45dc44346d29f41cb6c4c2cf743683"",""modulation_padding_bits"":0,""mother_bits"":16640,""n"":6552,""n_cb"":16000,""n_cb_comp"":15720,""power_protocol"":""fixed_constellation_average_Es2"",""puncturing_bits"":9808,""puncturing_first_2Z"":640,""puncturing_remaining"":9168,""repetition_bits"":0,""scrambling"":""public_PCG64_SHA256_protocol_session_frame_group_counter_after_rate_matching_v1"",""shortening_bits"":280,""z"":320}",[2048]
16QAM,2/3,16QAM:r2/3,d3520303fbae1b9f0fc99c0d9dd4a2bec737550864400d1c3ebfe4fbc6dd7871,2100,16,0,2116,2240,124,11648,6016,1504,0,0.3517287234042553,0.3490691489361702,"{""actual_effective_rate"":0.3517287234042553,""bg"":""bg2"",""bit_mapping"":""component_Gray_00_-3_01_-1_10_3_11_1_over_sqrt5;QPSK_0_plus1_1_minus1"",""code_blocks"":1,""decoder_config"":{""cn_schedule"":""flooding"",""cn_update"":""boxplus-phi"",""early_stop"":false,""hard_out"":true,""harq_mode"":false,""llr_max"":20.0,""num_iter"":20,""precision"":""single"",""prune_pcm"":true,""return_infobits"":true,""vn_update"":""sum""},""implementation"":{""bit_mapping"":""component_Gray_00_-3_01_-1_10_3_11_1_over_sqrt5;QPSK_0_plus1_1_minus1"",""cuda"":""12.8"",""decoder"":{""cn_schedule"":""flooding"",""cn_update"":""boxplus-phi"",""early_stop"":false,""hard_out"":true,""harq_mode"":false,""llr_max"":20.0,""num_iter"":20,""precision"":""single"",""prune_pcm"":true,""return_infobits"":true,""vn_update"":""sum""},""decoder_source_sha256"":""44d84b92b749e2970f94d92cd348a11648e2286b4d851faa0af8b21d08f0da23"",""encoder_source_sha256"":""34d8db6660b2e84708a8fb534f63c194f6f2b964e3693fcffc9dcaf21532ccfd"",""implementation"":""Sionna_5G_LDPC"",""power_protocol"":""fixed_constellation_average_Es2"",""precision"":""float32"",""rate_matching"":""Sionna RV0; filler removal, first2Z and tail puncturing; supported n only"",""scrambling"":""public_PCG64_SHA256_protocol_session_frame_group_counter_after_rate_matching_v1"",""torch"":""2.11.0+cu128"",""version"":""2.2.0""},""interleaver_sha256"":""7d465d7850aa9cee93a83e661af8c99f55d7c92d00a8069bda3c39c8afdabcce"",""k"":2116,""k_filler"":124,""k_ldpc"":2240,""layout_id"":""d3aa512492818859f400a82305ac9a61a4c3cff36ea7035ac77338a0d154090f"",""modulation_padding_bits"":0,""mother_bits"":11648,""n"":6016,""n_cb"":11200,""n_cb_comp"":11076,""power_protocol"":""fixed_constellation_average_Es2"",""puncturing_bits"":5508,""puncturing_first_2Z"":448,""puncturing_remaining"":5060,""repetition_bits"":0,""scrambling"":""public_PCG64_SHA256_protocol_session_frame_group_counter_after_rate_matching_v1"",""shortening_bits"":124,""z"":224}",[2048]
QPSK,2/3,QPSK:r2/3,d36c38a616d3a75227f04d8ed33174043cd09f533eff3c1c8e3ad80136d9ba84,624,16,0,640,720,80,3744,1514,757,0,0.4227212681638045,0.41215323645970936,"{""actual_effective_rate"":0.4227212681638045,""bg"":""bg2"",""bit_mapping"":""component_Gray_00_-3_01_-1_10_3_11_1_over_sqrt5;QPSK_0_plus1_1_minus1"",""code_blocks"":1,""decoder_config"":{""cn_schedule"":""flooding"",""cn_update"":""boxplus-phi"",""early_stop"":false,""hard_out"":true,""harq_mode"":false,""llr_max"":20.0,""num_iter"":20,""precision"":""single"",""prune_pcm"":true,""return_infobits"":true,""vn_update"":""sum""},""implementation"":{""bit_mapping"":""component_Gray_00_-3_01_-1_10_3_11_1_over_sqrt5;QPSK_0_plus1_1_minus1"",""cuda"":""12.8"",""decoder"":{""cn_schedule"":""flooding"",""cn_update"":""boxplus-phi"",""early_stop"":false,""hard_out"":true,""harq_mode"":false,""llr_max"":20.0,""num_iter"":20,""precision"":""single"",""prune_pcm"":true,""return_infobits"":true,""vn_update"":""sum""},""decoder_source_sha256"":""44d84b92b749e2970f94d92cd348a11648e2286b4d851faa0af8b21d08f0da23"",""encoder_source_sha256"":""34d8db6660b2e84708a8fb534f63c194f6f2b964e3693fcffc9dcaf21532ccfd"",""implementation"":""Sionna_5G_LDPC"",""power_protocol"":""fixed_constellation_average_Es2"",""precision"":""float32"",""rate_matching"":""Sionna RV0; filler removal, first2Z and tail puncturing; supported n only"",""scrambling"":""public_PCG64_SHA256_protocol_session_frame_group_counter_after_rate_matching_v1"",""torch"":""2.11.0+cu128"",""version"":""2.2.0""},""interleaver_sha256"":""e2d16421cd8d5b7a8fff723ffcd008cc22d42b85f69df11adb7bb1e1354208fe"",""k"":640,""k_filler"":80,""k_ldpc"":720,""layout_id"":""dc11314bc9402d9203095729428444d4ad206845634a222a70631c0e5eeb94d4"",""modulation_padding_bits"":0,""mother_bits"":3744,""n"":1514,""n_cb"":3600,""n_cb_comp"":3520,""power_protocol"":""fixed_constellation_average_Es2"",""puncturing_bits"":2150,""puncturing_first_2Z"":144,""puncturing_remaining"":2006,""repetition_bits"":0,""scrambling"":""public_PCG64_SHA256_protocol_session_frame_group_counter_after_rate_matching_v1"",""shortening_bits"":80,""z"":72}",[1024]
QPSK,1/3,QPSK:r1/3,d36ddbb08cb14d0c7badbe1b18b791558f1451e8e4ba5c48c5e0af736f71a256,1116,16,0,1132,1200,68,6240,3686,1843,0,0.3071079761258817,0.3027672273467173,"{""actual_effective_rate"":0.3071079761258817,""bg"":""bg2"",""bit_mapping"":""component_Gray_00_-3_01_-1_10_3_11_1_over_sqrt5;QPSK_0_plus1_1_minus1"",""code_blocks"":1,""decoder_config"":{""cn_schedule"":""flooding"",""cn_update"":""boxplus-phi"",""early_stop"":false,""hard_out"":true,""harq_mode"":false,""llr_max"":20.0,""num_iter"":20,""precision"":""single"",""prune_pcm"":true,""return_infobits"":true,""vn_update"":""sum""},""implementation"":{""bit_mapping"":""component_Gray_00_-3_01_-1_10_3_11_1_over_sqrt5;QPSK_0_plus1_1_minus1"",""cuda"":""12.8"",""decoder"":{""cn_schedule"":""flooding"",""cn_update"":""boxplus-phi"",""early_stop"":false,""hard_out"":true,""harq_mode"":false,""llr_max"":20.0,""num_iter"":20,""precision"":""single"",""prune_pcm"":true,""return_infobits"":true,""vn_update"":""sum""},""decoder_source_sha256"":""44d84b92b749e2970f94d92cd348a11648e2286b4d851faa0af8b21d08f0da23"",""encoder_source_sha256"":""34d8db6660b2e84708a8fb534f63c194f6f2b964e3693fcffc9dcaf21532ccfd"",""implementation"":""Sionna_5G_LDPC"",""power_protocol"":""fixed_constellation_average_Es2"",""precision"":""float32"",""rate_matching"":""Sionna RV0; filler removal, first2Z and tail puncturing; supported n only"",""scrambling"":""public_PCG64_SHA256_protocol_session_frame_group_counter_after_rate_matching_v1"",""torch"":""2.11.0+cu128"",""version"":""2.2.0""},""interleaver_sha256"":""8c8fe3eb5c597341eebcdb38bb2a2a1704a0397cecf3712df8ee7fb55dd946d2"",""k"":1132,""k_filler"":68,""k_ldpc"":1200,""layout_id"":""8ce1ad54e40c3e0ce5b0f683274e1ab481b86bd311fef89cd99f1193718789f6"",""modulation_padding_bits"":0,""mother_bits"":6240,""n"":3686,""n_cb"":6000,""n_cb_comp"":5932,""power_protocol"":""fixed_constellation_average_Es2"",""puncturing_bits"":2486,""puncturing_first_2Z"":240,""puncturing_remaining"":2246,""repetition_bits"":0,""scrambling"":""public_PCG64_SHA256_protocol_session_frame_group_counter_after_rate_matching_v1"",""shortening_bits"":68,""z"":120}",[2048]
16QAM,2/3,16QAM:r2/3,d3750a9896223bf57ed8b0f0a51ecfbfa03947d2a51f029d4f2be0d699fcd1ef,1860,16,0,1876,1920,44,9984,4448,1112,0,0.42176258992805754,0.4181654676258993,"{""actual_effective_rate"":0.42176258992805754,""bg"":""bg2"",""bit_mapping"":""component_Gray_00_-3_01_-1_10_3_11_1_over_sqrt5;QPSK_0_plus1_1_minus1"",""code_blocks"":1,""decoder_config"":{""cn_schedule"":""flooding"",""cn_update"":""boxplus-phi"",""early_stop"":false,""hard_out"":true,""harq_mode"":false,""llr_max"":20.0,""num_iter"":20,""precision"":""single"",""prune_pcm"":true,""return_infobits"":true,""vn_update"":""sum""},""implementation"":{""bit_mapping"":""component_Gray_00_-3_01_-1_10_3_11_1_over_sqrt5;QPSK_0_plus1_1_minus1"",""cuda"":""12.8"",""decoder"":{""cn_schedule"":""flooding"",""cn_update"":""boxplus-phi"",""early_stop"":false,""hard_out"":true,""harq_mode"":false,""llr_max"":20.0,""num_iter"":20,""precision"":""single"",""prune_pcm"":true,""return_infobits"":true,""vn_update"":""sum""},""decoder_source_sha256"":""44d84b92b749e2970f94d92cd348a11648e2286b4d851faa0af8b21d08f0da23"",""encoder_source_sha256"":""34d8db6660b2e84708a8fb534f63c194f6f2b964e3693fcffc9dcaf21532ccfd"",""implementation"":""Sionna_5G_LDPC"",""power_protocol"":""fixed_constellation_average_Es2"",""precision"":""float32"",""rate_matching"":""Sionna RV0; filler removal, first2Z and tail puncturing; supported n only"",""scrambling"":""public_PCG64_SHA256_protocol_session_frame_group_counter_after_rate_matching_v1"",""torch"":""2.11.0+cu128"",""version"":""2.2.0""},""interleaver_sha256"":""46e4d0922e108860723dd3d7a2811e075bb5f966b4b784424b2ce046d0da928a"",""k"":1876,""k_filler"":44,""k_ldpc"":1920,""layout_id"":""08126f4537a5862e7f6605c9793e3d7be445ac2e5df442a9d0016897ab89a325"",""modulation_padding_bits"":0,""mother_bits"":9984,""n"":4448,""n_cb"":9600,""n_cb_comp"":9556,""power_protocol"":""fixed_constellation_average_Es2"",""puncturing_bits"":5492,""puncturing_first_2Z"":384,""puncturing_remaining"":5108,""repetition_bits"":0,""scrambling"":""public_PCG64_SHA256_protocol_session_frame_group_counter_after_rate_matching_v1"",""shortening_bits"":44,""z"":192}",[2048]
QPSK,1/3,QPSK:r1/3,d37594b5bd70ff6a54bbd1fb07ace33d18f652835c6a07d86872e517e5a112dc,660,16,0,676,720,44,3744,2268,1134,0,0.2980599647266314,0.291005291005291,"{""actual_effective_rate"":0.2980599647266314,""bg"":""bg2"",""bit_mapping"":""component_Gray_00_-3_01_-1_10_3_11_1_over_sqrt5;QPSK_0_plus1_1_minus1"",""code_blocks"":1,""decoder_config"":{""cn_schedule"":""flooding"",""cn_update"":""boxplus-phi"",""early_stop"":false,""hard_out"":true,""harq_mode"":false,""llr_max"":20.0,""num_iter"":20,""precision"":""single"",""prune_pcm"":true,""return_infobits"":true,""vn_update"":""sum""},""implementation"":{""bit_mapping"":""component_Gray_00_-3_01_-1_10_3_11_1_over_sqrt5;QPSK_0_plus1_1_minus1"",""cuda"":""12.8"",""decoder"":{""cn_schedule"":""flooding"",""cn_update"":""boxplus-phi"",""early_stop"":false,""hard_out"":true,""harq_mode"":false,""llr_max"":20.0,""num_iter"":20,""precision"":""single"",""prune_pcm"":true,""return_infobits"":true,""vn_update"":""sum""},""decoder_source_sha256"":""44d84b92b749e2970f94d92cd348a11648e2286b4d851faa0af8b21d08f0da23"",""encoder_source_sha256"":""34d8db6660b2e84708a8fb534f63c194f6f2b964e3693fcffc9dcaf21532ccfd"",""implementation"":""Sionna_5G_LDPC"",""power_protocol"":""fixed_constellation_average_Es2"",""precision"":""float32"",""rate_matching"":""Sionna RV0; filler removal, first2Z and tail puncturing; supported n only"",""scrambling"":""public_PCG64_SHA256_protocol_session_frame_group_counter_after_rate_matching_v1"",""torch"":""2.11.0+cu128"",""version"":""2.2.0""},""interleaver_sha256"":""f187e6e924881e4ad0571272c8acd5c6b992e3539bf18ff80827cca8cceeb53b"",""k"":676,""k_filler"":44,""k_ldpc"":720,""layout_id"":""bf398eede4a8dcd50c055cba3c0a0e80d869dffecf76c5f1af4c5808bec844dd"",""modulation_padding_bits"":0,""mother_bits"":3744,""n"":2268,""n_cb"":3600,""n_cb_comp"":3556,""power_protocol"":""fixed_constellation_average_Es2"",""puncturing_bits"":1432,""puncturing_first_2Z"":144,""puncturing_remaining"":1288,""repetition_bits"":0,""scrambling"":""public_PCG64_SHA256_protocol_session_frame_group_counter_after_rate_matching_v1"",""shortening_bits"":44,""z"":72}",[2048]
QPSK,1/3,QPSK:r1/3,d37ded6dcb24774fcd392814132a7cdc404477bb9187b00c574b6e9a05aa53f1,660,16,0,676,720,44,3744,2748,1374,0,0.24599708879184862,0.24017467248908297,"{""actual_effective_rate"":0.24599708879184862,""bg"":""bg2"",""bit_mapping"":""component_Gray_00_-3_01_-1_10_3_11_1_over_sqrt5;QPSK_0_plus1_1_minus1"",""code_blocks"":1,""decoder_config"":{""cn_schedule"":""flooding"",""cn_update"":""boxplus-phi"",""early_stop"":false,""hard_out"":true,""harq_mode"":false,""llr_max"":20.0,""num_iter"":20,""precision"":""single"",""prune_pcm"":true,""return_infobits"":true,""vn_update"":""sum""},""implementation"":{""bit_mapping"":""component_Gray_00_-3_01_-1_10_3_11_1_over_sqrt5;QPSK_0_plus1_1_minus1"",""cuda"":""12.8"",""decoder"":{""cn_schedule"":""flooding"",""cn_update"":""boxplus-phi"",""early_stop"":false,""hard_out"":true,""harq_mode"":false,""llr_max"":20.0,""num_iter"":20,""precision"":""single"",""prune_pcm"":true,""return_infobits"":true,""vn_update"":""sum""},""decoder_source_sha256"":""44d84b92b749e2970f94d92cd348a11648e2286b4d851faa0af8b21d08f0da23"",""encoder_source_sha256"":""34d8db6660b2e84708a8fb534f63c194f6f2b964e3693fcffc9dcaf21532ccfd"",""implementation"":""Sionna_5G_LDPC"",""power_protocol"":""fixed_constellation_average_Es2"",""precision"":""float32"",""rate_matching"":""Sionna RV0; filler removal, first2Z and tail puncturing; supported n only"",""scrambling"":""public_PCG64_SHA256_protocol_session_frame_group_counter_after_rate_matching_v1"",""torch"":""2.11.0+cu128"",""version"":""2.2.0""},""interleaver_sha256"":""6527dc52790d3f7bdd9694964d9b34563856924ac1a96bbfc40e973a1d9c1608"",""k"":676,""k_filler"":44,""k_ldpc"":720,""layout_id"":""95aa90ba8fe81147aba1944faf23e8a62fb2f9909b0fcb3cdfdcebd32bf7e1ba"",""modulation_padding_bits"":0,""mother_bits"":3744,""n"":2748,""n_cb"":3600,""n_cb_comp"":3556,""power_protocol"":""fixed_constellation_average_Es2"",""puncturing_bits"":952,""puncturing_first_2Z"":144,""puncturing_remaining"":808,""repetition_bits"":0,""scrambling"":""public_PCG64_SHA256_protocol_session_frame_group_counter_after_rate_matching_v1"",""shortening_bits"":44,""z"":72}",[2048]
16QAM,5/6,16QAM:r5/6,d38b01ec92178fac2043bc0e5a76154be3227ea29acd98a459751b20613f9922,732,16,0,748,800,52,4160,1804,451,0,0.4146341463414634,0.4057649667405765,"{""actual_effective_rate"":0.4146341463414634,""bg"":""bg2"",""bit_mapping"":""component_Gray_00_-3_01_-1_10_3_11_1_over_sqrt5;QPSK_0_plus1_1_minus1"",""code_blocks"":1,""decoder_config"":{""cn_schedule"":""flooding"",""cn_update"":""boxplus-phi"",""early_stop"":false,""hard_out"":true,""harq_mode"":false,""llr_max"":20.0,""num_iter"":20,""precision"":""single"",""prune_pcm"":true,""return_infobits"":true,""vn_update"":""sum""},""implementation"":{""bit_mapping"":""component_Gray_00_-3_01_-1_10_3_11_1_over_sqrt5;QPSK_0_plus1_1_minus1"",""cuda"":""12.8"",""decoder"":{""cn_schedule"":""flooding"",""cn_update"":""boxplus-phi"",""early_stop"":false,""hard_out"":true,""harq_mode"":false,""llr_max"":20.0,""num_iter"":20,""precision"":""single"",""prune_pcm"":true,""return_infobits"":true,""vn_update"":""sum""},""decoder_source_sha256"":""44d84b92b749e2970f94d92cd348a11648e2286b4d851faa0af8b21d08f0da23"",""encoder_source_sha256"":""34d8db6660b2e84708a8fb534f63c194f6f2b964e3693fcffc9dcaf21532ccfd"",""implementation"":""Sionna_5G_LDPC"",""power_protocol"":""fixed_constellation_average_Es2"",""precision"":""float32"",""rate_matching"":""Sionna RV0; filler removal, first2Z and tail puncturing; supported n only"",""scrambling"":""public_PCG64_SHA256_protocol_session_frame_group_counter_after_rate_matching_v1"",""torch"":""2.11.0+cu128"",""version"":""2.2.0""},""interleaver_sha256"":""c79e321ab45776b6e9cf821d9ad577e6ee556849bdcea045456d4d0b3db17b8e"",""k"":748,""k_filler"":52,""k_ldpc"":800,""layout_id"":""5a9da3e35fee9baa895633fffd2c2187fccaa3f94c9cafcdfce75b18f83bbe53"",""modulation_padding_bits"":0,""mother_bits"":4160,""n"":1804,""n_cb"":4000,""n_cb_comp"":3948,""power_protocol"":""fixed_constellation_average_Es2"",""puncturing_bits"":2304,""puncturing_first_2Z"":160,""puncturing_remaining"":2144,""repetition_bits"":0,""scrambling"":""public_PCG64_SHA256_protocol_session_frame_group_counter_after_rate_matching_v1"",""shortening_bits"":52,""z"":80}",[1024]
16QAM,5/6,16QAM:r5/6,d38c6a48ebc450ee4139799d69e9aa012516b6887da8b72209399bb3c21cd48e,360,16,0,376,480,104,2496,672,168,0,0.5595238095238095,0.5357142857142857,"{""actual_effective_rate"":0.5595238095238095,""bg"":""bg2"",""bit_mapping"":""component_Gray_00_-3_01_-1_10_3_11_1_over_sqrt5;QPSK_0_plus1_1_minus1"",""code_blocks"":1,""decoder_config"":{""cn_schedule"":""flooding"",""cn_update"":""boxplus-phi"",""early_stop"":false,""hard_out"":true,""harq_mode"":false,""llr_max"":20.0,""num_iter"":20,""precision"":""single"",""prune_pcm"":true,""return_infobits"":true,""vn_update"":""sum""},""implementation"":{""bit_mapping"":""component_Gray_00_-3_01_-1_10_3_11_1_over_sqrt5;QPSK_0_plus1_1_minus1"",""cuda"":""12.8"",""decoder"":{""cn_schedule"":""flooding"",""cn_update"":""boxplus-phi"",""early_stop"":false,""hard_out"":true,""harq_mode"":false,""llr_max"":20.0,""num_iter"":20,""precision"":""single"",""prune_pcm"":true,""return_infobits"":true,""vn_update"":""sum""},""decoder_source_sha256"":""44d84b92b749e2970f94d92cd348a11648e2286b4d851faa0af8b21d08f0da23"",""encoder_source_sha256"":""34d8db6660b2e84708a8fb534f63c194f6f2b964e3693fcffc9dcaf21532ccfd"",""implementation"":""Sionna_5G_LDPC"",""power_protocol"":""fixed_constellation_average_Es2"",""precision"":""float32"",""rate_matching"":""Sionna RV0; filler removal, first2Z and tail puncturing; supported n only"",""scrambling"":""public_PCG64_SHA256_protocol_session_frame_group_counter_after_rate_matching_v1"",""torch"":""2.11.0+cu128"",""version"":""2.2.0""},""interleaver_sha256"":""e83858faabe92398d87bcf53b371a42aba7d2bbc19bc88832ef94c6f43c8190e"",""k"":376,""k_filler"":104,""k_ldpc"":480,""layout_id"":""14c65754262e75e6db09eeae2c76020985890e6e7eae2692033c4886606d6a6f"",""modulation_padding_bits"":0,""mother_bits"":2496,""n"":672,""n_cb"":2400,""n_cb_comp"":2296,""power_protocol"":""fixed_constellation_average_Es2"",""puncturing_bits"":1720,""puncturing_first_2Z"":96,""puncturing_remaining"":1624,""repetition_bits"":0,""scrambling"":""public_PCG64_SHA256_protocol_session_frame_group_counter_after_rate_matching_v1"",""shortening_bits"":104,""z"":48}","[1024,2048]"
16QAM,3/4,16QAM:r3/4,d390cff3f46af76e06a2327392485d4cbad0b5c6531f4974288b0a6d0af94cdd,3996,16,0,4012,4224,212,13056,5392,1348,0,0.7440652818991098,0.7410979228486647,"{""actual_effective_rate"":0.7440652818991098,""bg"":""bg1"",""bit_mapping"":""component_Gray_00_-3_01_-1_10_3_11_1_over_sqrt5;QPSK_0_plus1_1_minus1"",""code_blocks"":1,""decoder_config"":{""cn_schedule"":""flooding"",""cn_update"":""boxplus-phi"",""early_stop"":false,""hard_out"":true,""harq_mode"":false,""llr_max"":20.0,""num_iter"":20,""precision"":""single"",""prune_pcm"":true,""return_infobits"":true,""vn_update"":""sum""},""implementation"":{""bit_mapping"":""component_Gray_00_-3_01_-1_10_3_11_1_over_sqrt5;QPSK_0_plus1_1_minus1"",""cuda"":""12.8"",""decoder"":{""cn_schedule"":""flooding"",""cn_update"":""boxplus-phi"",""early_stop"":false,""hard_out"":true,""harq_mode"":false,""llr_max"":20.0,""num_iter"":20,""precision"":""single"",""prune_pcm"":true,""return_infobits"":true,""vn_update"":""sum""},""decoder_source_sha256"":""44d84b92b749e2970f94d92cd348a11648e2286b4d851faa0af8b21d08f0da23"",""encoder_source_sha256"":""34d8db6660b2e84708a8fb534f63c194f6f2b964e3693fcffc9dcaf21532ccfd"",""implementation"":""Sionna_5G_LDPC"",""power_protocol"":""fixed_constellation_average_Es2"",""precision"":""float32"",""rate_matching"":""Sionna RV0; filler removal, first2Z and tail puncturing; supported n only"",""scrambling"":""public_PCG64_SHA256_protocol_session_frame_group_counter_after_rate_matching_v1"",""torch"":""2.11.0+cu128"",""version"":""2.2.0""},""interleaver_sha256"":""1145db1148c1fcf4746588d00676dc3e5cde0a0a7250ed730e8b3abb6e1cf983"",""k"":4012,""k_filler"":212,""k_ldpc"":4224,""layout_id"":""6985bb9d2137eefd1bbf489aafcc391ec8e964fd2645b7c447c7f86a1b5e15f6"",""modulation_padding_bits"":0,""mother_bits"":13056,""n"":5392,""n_cb"":12672,""n_cb_comp"":12460,""power_protocol"":""fixed_constellation_average_Es2"",""puncturing_bits"":7452,""puncturing_first_2Z"":384,""puncturing_remaining"":7068,""repetition_bits"":0,""scrambling"":""public_PCG64_SHA256_protocol_session_frame_group_counter_after_rate_matching_v1"",""shortening_bits"":212,""z"":192}",[2048]
16QAM,5/6,16QAM:r5/6,d3a05789ff66852b6416085e3bd9da3f2b2b264c9890f7a8b12236af82e6c69d,1500,16,0,1516,1600,84,8320,5080,1270,0,0.2984251968503937,0.2952755905511811,"{""actual_effective_rate"":0.2984251968503937,""bg"":""bg2"",""bit_mapping"":""component_Gray_00_-3_01_-1_10_3_11_1_over_sqrt5;QPSK_0_plus1_1_minus1"",""code_blocks"":1,""decoder_config"":{""cn_schedule"":""flooding"",""cn_update"":""boxplus-phi"",""early_stop"":false,""hard_out"":true,""harq_mode"":false,""llr_max"":20.0,""num_iter"":20,""precision"":""single"",""prune_pcm"":true,""return_infobits"":true,""vn_update"":""sum""},""implementation"":{""bit_mapping"":""component_Gray_00_-3_01_-1_10_3_11_1_over_sqrt5;QPSK_0_plus1_1_minus1"",""cuda"":""12.8"",""decoder"":{""cn_schedule"":""flooding"",""cn_update"":""boxplus-phi"",""early_stop"":false,""hard_out"":true,""harq_mode"":false,""llr_max"":20.0,""num_iter"":20,""precision"":""single"",""prune_pcm"":true,""return_infobits"":true,""vn_update"":""sum""},""decoder_source_sha256"":""44d84b92b749e2970f94d92cd348a11648e2286b4d851faa0af8b21d08f0da23"",""encoder_source_sha256"":""34d8db6660b2e84708a8fb534f63c194f6f2b964e3693fcffc9dcaf21532ccfd"",""implementation"":""Sionna_5G_LDPC"",""power_protocol"":""fixed_constellation_average_Es2"",""precision"":""float32"",""rate_matching"":""Sionna RV0; filler removal, first2Z and tail puncturing; supported n only"",""scrambling"":""public_PCG64_SHA256_protocol_session_frame_group_counter_after_rate_matching_v1"",""torch"":""2.11.0+cu128"",""version"":""2.2.0""},""interleaver_sha256"":""713ce8a3653bf65a20bee29ec91141ec1736dc97bd5589dc4935d9417d34578f"",""k"":1516,""k_filler"":84,""k_ldpc"":1600,""layout_id"":""6af38705ffa4912c8eb2756035e9dfca9c71514b2ace8ca6cc9f1f7f51db30b8"",""modulation_padding_bits"":0,""mother_bits"":8320,""n"":5080,""n_cb"":8000,""n_cb_comp"":7916,""power_protocol"":""fixed_constellation_average_Es2"",""puncturing_bits"":3156,""puncturing_first_2Z"":320,""puncturing_remaining"":2836,""repetition_bits"":0,""scrambling"":""public_PCG64_SHA256_protocol_session_frame_group_counter_after_rate_matching_v1"",""shortening_bits"":84,""z"":160}",[2048]
16QAM,1/2,16QAM:r1/2,d3acfe8a002ba04ce2547e5caea92aa83b9d701da2b561dd47ef1da7d3419979,1860,16,0,1876,1920,44,9984,3888,972,0,0.4825102880658436,0.4783950617283951,"{""actual_effective_rate"":0.4825102880658436,""bg"":""bg2"",""bit_mapping"":""component_Gray_00_-3_01_-1_10_3_11_1_over_sqrt5;QPSK_0_plus1_1_minus1"",""code_blocks"":1,""decoder_config"":{""cn_schedule"":""flooding"",""cn_update"":""boxplus-phi"",""early_stop"":false,""hard_out"":true,""harq_mode"":false,""llr_max"":20.0,""num_iter"":20,""precision"":""single"",""prune_pcm"":true,""return_infobits"":true,""vn_update"":""sum""},""implementation"":{""bit_mapping"":""component_Gray_00_-3_01_-1_10_3_11_1_over_sqrt5;QPSK_0_plus1_1_minus1"",""cuda"":""12.8"",""decoder"":{""cn_schedule"":""flooding"",""cn_update"":""boxplus-phi"",""early_stop"":false,""hard_out"":true,""harq_mode"":false,""llr_max"":20.0,""num_iter"":20,""precision"":""single"",""prune_pcm"":true,""return_infobits"":true,""vn_update"":""sum""},""decoder_source_sha256"":""44d84b92b749e2970f94d92cd348a11648e2286b4d851faa0af8b21d08f0da23"",""encoder_source_sha256"":""34d8db6660b2e84708a8fb534f63c194f6f2b964e3693fcffc9dcaf21532ccfd"",""implementation"":""Sionna_5G_LDPC"",""power_protocol"":""fixed_constellation_average_Es2"",""precision"":""float32"",""rate_matching"":""Sionna RV0; filler removal, first2Z and tail puncturing; supported n only"",""scrambling"":""public_PCG64_SHA256_protocol_session_frame_group_counter_after_rate_matching_v1"",""torch"":""2.11.0+cu128"",""version"":""2.2.0""},""interleaver_sha256"":""911522dc5784c9dae6835a8ac29cf35e66b7c02e20e44a4f6fe0be91f80b3203"",""k"":1876,""k_filler"":44,""k_ldpc"":1920,""layout_id"":""7b3cde4e7c5abe1d3782899edac2d09019dd9824922aa7c16bf79106a032f07e"",""modulation_padding_bits"":0,""mother_bits"":9984,""n"":3888,""n_cb"":9600,""n_cb_comp"":9556,""power_protocol"":""fixed_constellation_average_Es2"",""puncturing_bits"":6052,""puncturing_first_2Z"":384,""puncturing_remaining"":5668,""repetition_bits"":0,""scrambling"":""public_PCG64_SHA256_protocol_session_frame_group_counter_after_rate_matching_v1"",""shortening_bits"":44,""z"":192}",[2048]
16QAM,3/4,16QAM:r3/4,d3b7dff7cf070896efd2ff527584b5137d019dbb8440a4cde255b9732cd7dc0e,660,16,0,676,720,44,3744,1188,297,0,0.569023569023569,0.5555555555555556,"{""actual_effective_rate"":0.569023569023569,""bg"":""bg2"",""bit_mapping"":""component_Gray_00_-3_01_-1_10_3_11_1_over_sqrt5;QPSK_0_plus1_1_minus1"",""code_blocks"":1,""decoder_config"":{""cn_schedule"":""flooding"",""cn_update"":""boxplus-phi"",""early_stop"":false,""hard_out"":true,""harq_mode"":false,""llr_max"":20.0,""num_iter"":20,""precision"":""single"",""prune_pcm"":true,""return_infobits"":true,""vn_update"":""sum""},""implementation"":{""bit_mapping"":""component_Gray_00_-3_01_-1_10_3_11_1_over_sqrt5;QPSK_0_plus1_1_minus1"",""cuda"":""12.8"",""decoder"":{""cn_schedule"":""flooding"",""cn_update"":""boxplus-phi"",""early_stop"":false,""hard_out"":true,""harq_mode"":false,""llr_max"":20.0,""num_iter"":20,""precision"":""single"",""prune_pcm"":true,""return_infobits"":true,""vn_update"":""sum""},""decoder_source_sha256"":""44d84b92b749e2970f94d92cd348a11648e2286b4d851faa0af8b21d08f0da23"",""encoder_source_sha256"":""34d8db6660b2e84708a8fb534f63c194f6f2b964e3693fcffc9dcaf21532ccfd"",""implementation"":""Sionna_5G_LDPC"",""power_protocol"":""fixed_constellation_average_Es2"",""precision"":""float32"",""rate_matching"":""Sionna RV0; filler removal, first2Z and tail puncturing; supported n only"",""scrambling"":""public_PCG64_SHA256_protocol_session_frame_group_counter_after_rate_matching_v1"",""torch"":""2.11.0+cu128"",""version"":""2.2.0""},""interleaver_sha256"":""2a9027da9516cc6f6a924d6029b6b30033390d1f415d74d74b29cf5c906f98cd"",""k"":676,""k_filler"":44,""k_ldpc"":720,""layout_id"":""e38d389c8540eb6e596f402d258cea488337a39cbc5fe825c50b05f9cfc2b029"",""modulation_padding_bits"":0,""mother_bits"":3744,""n"":1188,""n_cb"":3600,""n_cb_comp"":3556,""power_protocol"":""fixed_constellation_average_Es2"",""puncturing_bits"":2512,""puncturing_first_2Z"":144,""puncturing_remaining"":2368,""repetition_bits"":0,""scrambling"":""public_PCG64_SHA256_protocol_session_frame_group_counter_after_rate_matching_v1"",""shortening_bits"":44,""z"":72}",[2048]
16QAM,1/2,16QAM:r1/2,d3c46c59f6fef1bf0e8bc7a1bc2da3c98522da88151e66f5ae4a67b0a19f1b5d,1200,16,0,1216,1280,64,6656,4316,1079,0,0.28174235403151066,0.27803521779425394,"{""actual_effective_rate"":0.28174235403151066,""bg"":""bg2"",""bit_mapping"":""component_Gray_00_-3_01_-1_10_3_11_1_over_sqrt5;QPSK_0_plus1_1_minus1"",""code_blocks"":1,""decoder_config"":{""cn_schedule"":""flooding"",""cn_update"":""boxplus-phi"",""early_stop"":false,""hard_out"":true,""harq_mode"":false,""llr_max"":20.0,""num_iter"":20,""precision"":""single"",""prune_pcm"":true,""return_infobits"":true,""vn_update"":""sum""},""implementation"":{""bit_mapping"":""component_Gray_00_-3_01_-1_10_3_11_1_over_sqrt5;QPSK_0_plus1_1_minus1"",""cuda"":""12.8"",""decoder"":{""cn_schedule"":""flooding"",""cn_update"":""boxplus-phi"",""early_stop"":false,""hard_out"":true,""harq_mode"":false,""llr_max"":20.0,""num_iter"":20,""precision"":""single"",""prune_pcm"":true,""return_infobits"":true,""vn_update"":""sum""},""decoder_source_sha256"":""44d84b92b749e2970f94d92cd348a11648e2286b4d851faa0af8b21d08f0da23"",""encoder_source_sha256"":""34d8db6660b2e84708a8fb534f63c194f6f2b964e3693fcffc9dcaf21532ccfd"",""implementation"":""Sionna_5G_LDPC"",""power_protocol"":""fixed_constellation_average_Es2"",""precision"":""float32"",""rate_matching"":""Sionna RV0; filler removal, first2Z and tail puncturing; supported n only"",""scrambling"":""public_PCG64_SHA256_protocol_session_frame_group_counter_after_rate_matching_v1"",""torch"":""2.11.0+cu128"",""version"":""2.2.0""},""interleaver_sha256"":""aca0c850cf43a1d332b644ddd5c1adf067c9d95bd2f49be13e2890c8014af3ec"",""k"":1216,""k_filler"":64,""k_ldpc"":1280,""layout_id"":""eed646df0c46eeb76fc1fbaccfe94840a332daf1e63f84fbee1d92d9af39cb3a"",""modulation_padding_bits"":0,""mother_bits"":6656,""n"":4316,""n_cb"":6400,""n_cb_comp"":6336,""power_protocol"":""fixed_constellation_average_Es2"",""puncturing_bits"":2276,""puncturing_first_2Z"":256,""puncturing_remaining"":2020,""repetition_bits"":0,""scrambling"":""public_PCG64_SHA256_protocol_session_frame_group_counter_after_rate_matching_v1"",""shortening_bits"":64,""z"":128}",[2048]
16QAM,3/4,16QAM:r3/4,d3d5f1c4492c3f70533ceb4814381fa581078ea6fdd383bb41c90942d2ee69ec,1836,16,0,1852,1936,84,5984,2472,618,0,0.7491909385113269,0.7427184466019418,"{""actual_effective_rate"":0.7491909385113269,""bg"":""bg1"",""bit_mapping"":""component_Gray_00_-3_01_-1_10_3_11_1_over_sqrt5;QPSK_0_plus1_1_minus1"",""code_blocks"":1,""decoder_config"":{""cn_schedule"":""flooding"",""cn_update"":""boxplus-phi"",""early_stop"":false,""hard_out"":true,""harq_mode"":false,""llr_max"":20.0,""num_iter"":20,""precision"":""single"",""prune_pcm"":true,""return_infobits"":true,""vn_update"":""sum""},""implementation"":{""bit_mapping"":""component_Gray_00_-3_01_-1_10_3_11_1_over_sqrt5;QPSK_0_plus1_1_minus1"",""cuda"":""12.8"",""decoder"":{""cn_schedule"":""flooding"",""cn_update"":""boxplus-phi"",""early_stop"":false,""hard_out"":true,""harq_mode"":false,""llr_max"":20.0,""num_iter"":20,""precision"":""single"",""prune_pcm"":true,""return_infobits"":true,""vn_update"":""sum""},""decoder_source_sha256"":""44d84b92b749e2970f94d92cd348a11648e2286b4d851faa0af8b21d08f0da23"",""encoder_source_sha256"":""34d8db6660b2e84708a8fb534f63c194f6f2b964e3693fcffc9dcaf21532ccfd"",""implementation"":""Sionna_5G_LDPC"",""power_protocol"":""fixed_constellation_average_Es2"",""precision"":""float32"",""rate_matching"":""Sionna RV0; filler removal, first2Z and tail puncturing; supported n only"",""scrambling"":""public_PCG64_SHA256_protocol_session_frame_group_counter_after_rate_matching_v1"",""torch"":""2.11.0+cu128"",""version"":""2.2.0""},""interleaver_sha256"":""2dd28c2d6fd753897a8abb1472b1772b4ec45a91f05c48835268161446c8fa19"",""k"":1852,""k_filler"":84,""k_ldpc"":1936,""layout_id"":""aafc651e52438e5c15483988b704a8c1f51f2c2d5f18c6adb436c1970801112f"",""modulation_padding_bits"":0,""mother_bits"":5984,""n"":2472,""n_cb"":5808,""n_cb_comp"":5724,""power_protocol"":""fixed_constellation_average_Es2"",""puncturing_bits"":3428,""puncturing_first_2Z"":176,""puncturing_remaining"":3252,""repetition_bits"":0,""scrambling"":""public_PCG64_SHA256_protocol_session_frame_group_counter_after_rate_matching_v1"",""shortening_bits"":84,""z"":88}",[1024]
QPSK,5/6,QPSK:r5/6,d3daefb5d71d5f6ef20bf3a46565d0bfcf62d833b660a6db2ec5ee6d20ba3fb0,12,16,0,28,50,22,260,34,17,0,0.8235294117647058,0.35294117647058826,"{""actual_effective_rate"":0.8235294117647058,""bg"":""bg2"",""bit_mapping"":""component_Gray_00_-3_01_-1_10_3_11_1_over_sqrt5;QPSK_0_plus1_1_minus1"",""code_blocks"":1,""decoder_config"":{""cn_schedule"":""flooding"",""cn_update"":""boxplus-phi"",""early_stop"":false,""hard_out"":true,""harq_mode"":false,""llr_max"":20.0,""num_iter"":20,""precision"":""single"",""prune_pcm"":true,""return_infobits"":true,""vn_update"":""sum""},""implementation"":{""bit_mapping"":""component_Gray_00_-3_01_-1_10_3_11_1_over_sqrt5;QPSK_0_plus1_1_minus1"",""cuda"":""12.8"",""decoder"":{""cn_schedule"":""flooding"",""cn_update"":""boxplus-phi"",""early_stop"":false,""hard_out"":true,""harq_mode"":false,""llr_max"":20.0,""num_iter"":20,""precision"":""single"",""prune_pcm"":true,""return_infobits"":true,""vn_update"":""sum""},""decoder_source_sha256"":""44d84b92b749e2970f94d92cd348a11648e2286b4d851faa0af8b21d08f0da23"",""encoder_source_sha256"":""34d8db6660b2e84708a8fb534f63c194f6f2b964e3693fcffc9dcaf21532ccfd"",""implementation"":""Sionna_5G_LDPC"",""power_protocol"":""fixed_constellation_average_Es2"",""precision"":""float32"",""rate_matching"":""Sionna RV0; filler removal, first2Z and tail puncturing; supported n only"",""scrambling"":""public_PCG64_SHA256_protocol_session_frame_group_counter_after_rate_matching_v1"",""torch"":""2.11.0+cu128"",""version"":""2.2.0""},""interleaver_sha256"":""6073205958dd15f3351db4c4c8e09eddac0400bd5990c2b0ecc9ee8af543b3c9"",""k"":28,""k_filler"":22,""k_ldpc"":50,""layout_id"":""dac903d913e4b516fd8dd2ed0d7e5166fdf994f37ebdb193d9e603db437e820b"",""modulation_padding_bits"":0,""mother_bits"":260,""n"":34,""n_cb"":250,""n_cb_comp"":228,""power_protocol"":""fixed_constellation_average_Es2"",""puncturing_bits"":204,""puncturing_first_2Z"":10,""puncturing_remaining"":194,""repetition_bits"":0,""scrambling"":""public_PCG64_SHA256_protocol_session_frame_group_counter_after_rate_matching_v1"",""shortening_bits"":22,""z"":5}",[1024]
16QAM,3/4,16QAM:r3/4,d3e80f267995e864a3e0e2b7b30be25ab766cc78ad0927b9f3c37ca0f4495c71,2904,16,0,2920,3168,248,9792,3896,974,0,0.7494866529774127,0.7453798767967146,"{""actual_effective_rate"":0.7494866529774127,""bg"":""bg1"",""bit_mapping"":""component_Gray_00_-3_01_-1_10_3_11_1_over_sqrt5;QPSK_0_plus1_1_minus1"",""code_blocks"":1,""decoder_config"":{""cn_schedule"":""flooding"",""cn_update"":""boxplus-phi"",""early_stop"":false,""hard_out"":true,""harq_mode"":false,""llr_max"":20.0,""num_iter"":20,""precision"":""single"",""prune_pcm"":true,""return_infobits"":true,""vn_update"":""sum""},""implementation"":{""bit_mapping"":""component_Gray_00_-3_01_-1_10_3_11_1_over_sqrt5;QPSK_0_plus1_1_minus1"",""cuda"":""12.8"",""decoder"":{""cn_schedule"":""flooding"",""cn_update"":""boxplus-phi"",""early_stop"":false,""hard_out"":true,""harq_mode"":false,""llr_max"":20.0,""num_iter"":20,""precision"":""single"",""prune_pcm"":true,""return_infobits"":true,""vn_update"":""sum""},""decoder_source_sha256"":""44d84b92b749e2970f94d92cd348a11648e2286b4d851faa0af8b21d08f0da23"",""encoder_source_sha256"":""34d8db6660b2e84708a8fb534f63c194f6f2b964e3693fcffc9dcaf21532ccfd"",""implementation"":""Sionna_5G_LDPC"",""power_protocol"":""fixed_constellation_average_Es2"",""precision"":""float32"",""rate_matching"":""Sionna RV0; filler removal, first2Z and tail puncturing; supported n only"",""scrambling"":""public_PCG64_SHA256_protocol_session_frame_group_counter_after_rate_matching_v1"",""torch"":""2.11.0+cu128"",""version"":""2.2.0""},""interleaver_sha256"":""9cada29cf9edf79a2115ddf4d150f440e2c4c8427a0226fcb9beb86fb3552f1e"",""k"":2920,""k_filler"":248,""k_ldpc"":3168,""layout_id"":""863d03f1f2800929680a67f3900d616e2809391f05a94c901a7328a291a28d6f"",""modulation_padding_bits"":0,""mother_bits"":9792,""n"":3896,""n_cb"":9504,""n_cb_comp"":9256,""power_protocol"":""fixed_constellation_average_Es2"",""puncturing_bits"":5648,""puncturing_first_2Z"":288,""puncturing_remaining"":5360,""repetition_bits"":0,""scrambling"":""public_PCG64_SHA256_protocol_session_frame_group_counter_after_rate_matching_v1"",""shortening_bits"":248,""z"":144}",[2048]
QPSK,1/2,QPSK:r1/2,d3e9c2369ca863417d0620e86193ddf696c1612c5828363339a28c9f3e322745,1092,16,0,1108,1120,12,5824,2780,1390,0,0.3985611510791367,0.39280575539568346,"{""actual_effective_rate"":0.3985611510791367,""bg"":""bg2"",""bit_mapping"":""component_Gray_00_-3_01_-1_10_3_11_1_over_sqrt5;QPSK_0_plus1_1_minus1"",""code_blocks"":1,""decoder_config"":{""cn_schedule"":""flooding"",""cn_update"":""boxplus-phi"",""early_stop"":false,""hard_out"":true,""harq_mode"":false,""llr_max"":20.0,""num_iter"":20,""precision"":""single"",""prune_pcm"":true,""return_infobits"":true,""vn_update"":""sum""},""implementation"":{""bit_mapping"":""component_Gray_00_-3_01_-1_10_3_11_1_over_sqrt5;QPSK_0_plus1_1_minus1"",""cuda"":""12.8"",""decoder"":{""cn_schedule"":""flooding"",""cn_update"":""boxplus-phi"",""early_stop"":false,""hard_out"":true,""harq_mode"":false,""llr_max"":20.0,""num_iter"":20,""precision"":""single"",""prune_pcm"":true,""return_infobits"":true,""vn_update"":""sum""},""decoder_source_sha256"":""44d84b92b749e2970f94d92cd348a11648e2286b4d851faa0af8b21d08f0da23"",""encoder_source_sha256"":""34d8db6660b2e84708a8fb534f63c194f6f2b964e3693fcffc9dcaf21532ccfd"",""implementation"":""Sionna_5G_LDPC"",""power_protocol"":""fixed_constellation_average_Es2"",""precision"":""float32"",""rate_matching"":""Sionna RV0; filler removal, first2Z and tail puncturing; supported n only"",""scrambling"":""public_PCG64_SHA256_protocol_session_frame_group_counter_after_rate_matching_v1"",""torch"":""2.11.0+cu128"",""version"":""2.2.0""},""interleaver_sha256"":""6f798e4d85e0f953949ea38cd95eadc470d4ef6eaefca09c933b4b3497e21e25"",""k"":1108,""k_filler"":12,""k_ldpc"":1120,""layout_id"":""b11b0f11270005ebb4f116a725a3d331281844efbbf8a47ad4d8c83c09bd358e"",""modulation_padding_bits"":0,""mother_bits"":5824,""n"":2780,""n_cb"":5600,""n_cb_comp"":5588,""power_protocol"":""fixed_constellation_average_Es2"",""puncturing_bits"":3032,""puncturing_first_2Z"":224,""puncturing_remaining"":2808,""repetition_bits"":0,""scrambling"":""public_PCG64_SHA256_protocol_session_frame_group_counter_after_rate_matching_v1"",""shortening_bits"":12,""z"":112}",[2048]
16QAM,5/6,16QAM:r5/6,d400fedcf3125ba3053d84fd4ff4a901fea60316aa052498eaf43158bb64af83,1860,16,0,1876,1920,44,9984,4376,1094,0,0.4287020109689214,0.4250457038391225,"{""actual_effective_rate"":0.4287020109689214,""bg"":""bg2"",""bit_mapping"":""component_Gray_00_-3_01_-1_10_3_11_1_over_sqrt5;QPSK_0_plus1_1_minus1"",""code_blocks"":1,""decoder_config"":{""cn_schedule"":""flooding"",""cn_update"":""boxplus-phi"",""early_stop"":false,""hard_out"":true,""harq_mode"":false,""llr_max"":20.0,""num_iter"":20,""precision"":""single"",""prune_pcm"":true,""return_infobits"":true,""vn_update"":""sum""},""implementation"":{""bit_mapping"":""component_Gray_00_-3_01_-1_10_3_11_1_over_sqrt5;QPSK_0_plus1_1_minus1"",""cuda"":""12.8"",""decoder"":{""cn_schedule"":""flooding"",""cn_update"":""boxplus-phi"",""early_stop"":false,""hard_out"":true,""harq_mode"":false,""llr_max"":20.0,""num_iter"":20,""precision"":""single"",""prune_pcm"":true,""return_infobits"":true,""vn_update"":""sum""},""decoder_source_sha256"":""44d84b92b749e2970f94d92cd348a11648e2286b4d851faa0af8b21d08f0da23"",""encoder_source_sha256"":""34d8db6660b2e84708a8fb534f63c194f6f2b964e3693fcffc9dcaf21532ccfd"",""implementation"":""Sionna_5G_LDPC"",""power_protocol"":""fixed_constellation_average_Es2"",""precision"":""float32"",""rate_matching"":""Sionna RV0; filler removal, first2Z and tail puncturing; supported n only"",""scrambling"":""public_PCG64_SHA256_protocol_session_frame_group_counter_after_rate_matching_v1"",""torch"":""2.11.0+cu128"",""version"":""2.2.0""},""interleaver_sha256"":""16efa5e98ed7591422acf2924b1798497c9e4b00a3b60afdb79ce3638adcb23f"",""k"":1876,""k_filler"":44,""k_ldpc"":1920,""layout_id"":""2ca66f0d4bddb175d1133d4f3984ff5cc1a7c3526dabaed0e0337531d3bf8bb6"",""modulation_padding_bits"":0,""mother_bits"":9984,""n"":4376,""n_cb"":9600,""n_cb_comp"":9556,""power_protocol"":""fixed_constellation_average_Es2"",""puncturing_bits"":5564,""puncturing_first_2Z"":384,""puncturing_remaining"":5180,""repetition_bits"":0,""scrambling"":""public_PCG64_SHA256_protocol_session_frame_group_counter_after_rate_matching_v1"",""shortening_bits"":44,""z"":192}",[2048]
16QAM,3/4,16QAM:r3/4,d40297a06dc8a7d50a1bc33f93f91ab2cd7fab07977a8ed050fadc9d0e0ade44,1068,16,0,1084,1120,36,5824,1776,444,0,0.6103603603603603,0.6013513513513513,"{""actual_effective_rate"":0.6103603603603603,""bg"":""bg2"",""bit_mapping"":""component_Gray_00_-3_01_-1_10_3_11_1_over_sqrt5;QPSK_0_plus1_1_minus1"",""code_blocks"":1,""decoder_config"":{""cn_schedule"":""flooding"",""cn_update"":""boxplus-phi"",""early_stop"":false,""hard_out"":true,""harq_mode"":false,""llr_max"":20.0,""num_iter"":20,""precision"":""single"",""prune_pcm"":true,""return_infobits"":true,""vn_update"":""sum""},""implementation"":{""bit_mapping"":""component_Gray_00_-3_01_-1_10_3_11_1_over_sqrt5;QPSK_0_plus1_1_minus1"",""cuda"":""12.8"",""decoder"":{""cn_schedule"":""flooding"",""cn_update"":""boxplus-phi"",""early_stop"":false,""hard_out"":true,""harq_mode"":false,""llr_max"":20.0,""num_iter"":20,""precision"":""single"",""prune_pcm"":true,""return_infobits"":true,""vn_update"":""sum""},""decoder_source_sha256"":""44d84b92b749e2970f94d92cd348a11648e2286b4d851faa0af8b21d08f0da23"",""encoder_source_sha256"":""34d8db6660b2e84708a8fb534f63c194f6f2b964e3693fcffc9dcaf21532ccfd"",""implementation"":""Sionna_5G_LDPC"",""power_protocol"":""fixed_constellation_average_Es2"",""precision"":""float32"",""rate_matching"":""Sionna RV0; filler removal, first2Z and tail puncturing; supported n only"",""scrambling"":""public_PCG64_SHA256_protocol_session_frame_group_counter_after_rate_matching_v1"",""torch"":""2.11.0+cu128"",""version"":""2.2.0""},""interleaver_sha256"":""369dc53205b5df7e17fb3f280d5dfc50d615f77177203f7e6983b0cf7b0c3e19"",""k"":1084,""k_filler"":36,""k_ldpc"":1120,""layout_id"":""8000d9da2b3c4f73872eff4fc0307592b73d80d4977aa47edb21576d8774c790"",""modulation_padding_bits"":0,""mother_bits"":5824,""n"":1776,""n_cb"":5600,""n_cb_comp"":5564,""power_protocol"":""fixed_constellation_average_Es2"",""puncturing_bits"":4012,""puncturing_first_2Z"":224,""puncturing_remaining"":3788,""repetition_bits"":0,""scrambling"":""public_PCG64_SHA256_protocol_session_frame_group_counter_after_rate_matching_v1"",""shortening_bits"":36,""z"":112}",[1024]
16QAM,3/4,16QAM:r3/4,d403dea8d73c0e44ab99e48d125e4acb59eefff38f0af10d78e903f20352a453,1092,16,0,1108,1120,12,5824,1816,454,0,0.6101321585903083,0.6013215859030837,"{""actual_effective_rate"":0.6101321585903083,""bg"":""bg2"",""bit_mapping"":""component_Gray_00_-3_01_-1_10_3_11_1_over_sqrt5;QPSK_0_plus1_1_minus1"",""code_blocks"":1,""decoder_config"":{""cn_schedule"":""flooding"",""cn_update"":""boxplus-phi"",""early_stop"":false,""hard_out"":true,""harq_mode"":false,""llr_max"":20.0,""num_iter"":20,""precision"":""single"",""prune_pcm"":true,""return_infobits"":true,""vn_update"":""sum""},""implementation"":{""bit_mapping"":""component_Gray_00_-3_01_-1_10_3_11_1_over_sqrt5;QPSK_0_plus1_1_minus1"",""cuda"":""12.8"",""decoder"":{""cn_schedule"":""flooding"",""cn_update"":""boxplus-phi"",""early_stop"":false,""hard_out"":true,""harq_mode"":false,""llr_max"":20.0,""num_iter"":20,""precision"":""single"",""prune_pcm"":true,""return_infobits"":true,""vn_update"":""sum""},""decoder_source_sha256"":""44d84b92b749e2970f94d92cd348a11648e2286b4d851faa0af8b21d08f0da23"",""encoder_source_sha256"":""34d8db6660b2e84708a8fb534f63c194f6f2b964e3693fcffc9dcaf21532ccfd"",""implementation"":""Sionna_5G_LDPC"",""power_protocol"":""fixed_constellation_average_Es2"",""precision"":""float32"",""rate_matching"":""Sionna RV0; filler removal, first2Z and tail puncturing; supported n only"",""scrambling"":""public_PCG64_SHA256_protocol_session_frame_group_counter_after_rate_matching_v1"",""torch"":""2.11.0+cu128"",""version"":""2.2.0""},""interleaver_sha256"":""da1e6d2a27d80fc3e6ff3011183d0abafda49a2b06f9d72de71d96cabbe72c07"",""k"":1108,""k_filler"":12,""k_ldpc"":1120,""layout_id"":""0eff108aff08ab401ab88872ca18ccdf3b129d3cd2465070dc062cf39d7a7e33"",""modulation_padding_bits"":0,""mother_bits"":5824,""n"":1816,""n_cb"":5600,""n_cb_comp"":5588,""power_protocol"":""fixed_constellation_average_Es2"",""puncturing_bits"":3996,""puncturing_first_2Z"":224,""puncturing_remaining"":3772,""repetition_bits"":0,""scrambling"":""public_PCG64_SHA256_protocol_session_frame_group_counter_after_rate_matching_v1"",""shortening_bits"":12,""z"":112}",[2048]
QPSK,1/3,QPSK:r1/3,d41107f80b21d027bc5a1927af5c3de9c3b0c18dc5d46924ccec11b2420fba0f,1212,16,0,1228,1280,52,6656,3684,1842,0,0.3333333333333333,0.3289902280130293,"{""actual_effective_rate"":0.3333333333333333,""bg"":""bg2"",""bit_mapping"":""component_Gray_00_-3_01_-1_10_3_11_1_over_sqrt5;QPSK_0_plus1_1_minus1"",""code_blocks"":1,""decoder_config"":{""cn_schedule"":""flooding"",""cn_update"":""boxplus-phi"",""early_stop"":false,""hard_out"":true,""harq_mode"":false,""llr_max"":20.0,""num_iter"":20,""precision"":""single"",""prune_pcm"":true,""return_infobits"":true,""vn_update"":""sum""},""implementation"":{""bit_mapping"":""component_Gray_00_-3_01_-1_10_3_11_1_over_sqrt5;QPSK_0_plus1_1_minus1"",""cuda"":""12.8"",""decoder"":{""cn_schedule"":""flooding"",""cn_update"":""boxplus-phi"",""early_stop"":false,""hard_out"":true,""harq_mode"":false,""llr_max"":20.0,""num_iter"":20,""precision"":""single"",""prune_pcm"":true,""return_infobits"":true,""vn_update"":""sum""},""decoder_source_sha256"":""44d84b92b749e2970f94d92cd348a11648e2286b4d851faa0af8b21d08f0da23"",""encoder_source_sha256"":""34d8db6660b2e84708a8fb534f63c194f6f2b964e3693fcffc9dcaf21532ccfd"",""implementation"":""Sionna_5G_LDPC"",""power_protocol"":""fixed_constellation_average_Es2"",""precision"":""float32"",""rate_matching"":""Sionna RV0; filler removal, first2Z and tail puncturing; supported n only"",""scrambling"":""public_PCG64_SHA256_protocol_session_frame_group_counter_after_rate_matching_v1"",""torch"":""2.11.0+cu128"",""version"":""2.2.0""},""interleaver_sha256"":""0bf35ee4cda10c57474c2dd7528166e22d5ded0add111efef8eb9ec10e07d717"",""k"":1228,""k_filler"":52,""k_ldpc"":1280,""layout_id"":""9449006bcfc178b223e6d986052aa888145815b04d3af9dd4a795d85c0afdb49"",""modulation_padding_bits"":0,""mother_bits"":6656,""n"":3684,""n_cb"":6400,""n_cb_comp"":6348,""power_protocol"":""fixed_constellation_average_Es2"",""puncturing_bits"":2920,""puncturing_first_2Z"":256,""puncturing_remaining"":2664,""repetition_bits"":0,""scrambling"":""public_PCG64_SHA256_protocol_session_frame_group_counter_after_rate_matching_v1"",""shortening_bits"":52,""z"":128}",[2048]
16QAM,3/4,16QAM:r3/4,d428ed45e82d53aa419a040b096e3021a7d60b1433f83988ef5213b2e5d9cae8,1008,16,0,1024,1040,16,5408,3620,905,0,0.2828729281767956,0.27845303867403315,"{""actual_effective_rate"":0.2828729281767956,""bg"":""bg2"",""bit_mapping"":""component_Gray_00_-3_01_-1_10_3_11_1_over_sqrt5;QPSK_0_plus1_1_minus1"",""code_blocks"":1,""decoder_config"":{""cn_schedule"":""flooding"",""cn_update"":""boxplus-phi"",""early_stop"":false,""hard_out"":true,""harq_mode"":false,""llr_max"":20.0,""num_iter"":20,""precision"":""single"",""prune_pcm"":true,""return_infobits"":true,""vn_update"":""sum""},""implementation"":{""bit_mapping"":""component_Gray_00_-3_01_-1_10_3_11_1_over_sqrt5;QPSK_0_plus1_1_minus1"",""cuda"":""12.8"",""decoder"":{""cn_schedule"":""flooding"",""cn_update"":""boxplus-phi"",""early_stop"":false,""hard_out"":true,""harq_mode"":false,""llr_max"":20.0,""num_iter"":20,""precision"":""single"",""prune_pcm"":true,""return_infobits"":true,""vn_update"":""sum""},""decoder_source_sha256"":""44d84b92b749e2970f94d92cd348a11648e2286b4d851faa0af8b21d08f0da23"",""encoder_source_sha256"":""34d8db6660b2e84708a8fb534f63c194f6f2b964e3693fcffc9dcaf21532ccfd"",""implementation"":""Sionna_5G_LDPC"",""power_protocol"":""fixed_constellation_average_Es2"",""precision"":""float32"",""rate_matching"":""Sionna RV0; filler removal, first2Z and tail puncturing; supported n only"",""scrambling"":""public_PCG64_SHA256_protocol_session_frame_group_counter_after_rate_matching_v1"",""torch"":""2.11.0+cu128"",""version"":""2.2.0""},""interleaver_sha256"":""3489126c40d5135143ba17f443981af3445452da78b37f0ab2715a17bd31282b"",""k"":1024,""k_filler"":16,""k_ldpc"":1040,""layout_id"":""5f1e2aaeeb9d859a92b940ad8449c1129d5e6c082bea2e514ec6a8cb513a0ad4"",""modulation_padding_bits"":0,""mother_bits"":5408,""n"":3620,""n_cb"":5200,""n_cb_comp"":5184,""power_protocol"":""fixed_constellation_average_Es2"",""puncturing_bits"":1772,""puncturing_first_2Z"":208,""puncturing_remaining"":1564,""repetition_bits"":0,""scrambling"":""public_PCG64_SHA256_protocol_session_frame_group_counter_after_rate_matching_v1"",""shortening_bits"":16,""z"":104}",[2048]
16QAM,2/3,16QAM:r2/3,d42fb780b5b8f6af98429132ee04235126770fd9083391eef84c3468880aaa74,2760,16,0,2776,2880,104,14976,4164,1041,0,0.6666666666666666,0.6628242074927954,"{""actual_effective_rate"":0.6666666666666666,""bg"":""bg2"",""bit_mapping"":""component_Gray_00_-3_01_-1_10_3_11_1_over_sqrt5;QPSK_0_plus1_1_minus1"",""code_blocks"":1,""decoder_config"":{""cn_schedule"":""flooding"",""cn_update"":""boxplus-phi"",""early_stop"":false,""hard_out"":true,""harq_mode"":false,""llr_max"":20.0,""num_iter"":20,""precision"":""single"",""prune_pcm"":true,""return_infobits"":true,""vn_update"":""sum""},""implementation"":{""bit_mapping"":""component_Gray_00_-3_01_-1_10_3_11_1_over_sqrt5;QPSK_0_plus1_1_minus1"",""cuda"":""12.8"",""decoder"":{""cn_schedule"":""flooding"",""cn_update"":""boxplus-phi"",""early_stop"":false,""hard_out"":true,""harq_mode"":false,""llr_max"":20.0,""num_iter"":20,""precision"":""single"",""prune_pcm"":true,""return_infobits"":true,""vn_update"":""sum""},""decoder_source_sha256"":""44d84b92b749e2970f94d92cd348a11648e2286b4d851faa0af8b21d08f0da23"",""encoder_source_sha256"":""34d8db6660b2e84708a8fb534f63c194f6f2b964e3693fcffc9dcaf21532ccfd"",""implementation"":""Sionna_5G_LDPC"",""power_protocol"":""fixed_constellation_average_Es2"",""precision"":""float32"",""rate_matching"":""Sionna RV0; filler removal, first2Z and tail puncturing; supported n only"",""scrambling"":""public_PCG64_SHA256_protocol_session_frame_group_counter_after_rate_matching_v1"",""torch"":""2.11.0+cu128"",""version"":""2.2.0""},""interleaver_sha256"":""02c1b298fe634e3abc52e7b6d2bfbbc785c32b2e282d974e7489c689998a0000"",""k"":2776,""k_filler"":104,""k_ldpc"":2880,""layout_id"":""b34b7ab4c89d32fb0b525a43615cfc1b28b6a8d4d4405bd76a5bf5f36458c086"",""modulation_padding_bits"":0,""mother_bits"":14976,""n"":4164,""n_cb"":14400,""n_cb_comp"":14296,""power_protocol"":""fixed_constellation_average_Es2"",""puncturing_bits"":10708,""puncturing_first_2Z"":576,""puncturing_remaining"":10132,""repetition_bits"":0,""scrambling"":""public_PCG64_SHA256_protocol_session_frame_group_counter_after_rate_matching_v1"",""shortening_bits"":104,""z"":288}",[2048]
16QAM,3/4,16QAM:r3/4,d43fddf3d9b3107f4bee93687a22592fb1c2b65b120c09219e9988c21e67a3fe,1596,16,0,1612,1760,148,5440,2152,538,0,0.7490706319702602,0.741635687732342,"{""actual_effective_rate"":0.7490706319702602,""bg"":""bg1"",""bit_mapping"":""component_Gray_00_-3_01_-1_10_3_11_1_over_sqrt5;QPSK_0_plus1_1_minus1"",""code_blocks"":1,""decoder_config"":{""cn_schedule"":""flooding"",""cn_update"":""boxplus-phi"",""early_stop"":false,""hard_out"":true,""harq_mode"":false,""llr_max"":20.0,""num_iter"":20,""precision"":""single"",""prune_pcm"":true,""return_infobits"":true,""vn_update"":""sum""},""implementation"":{""bit_mapping"":""component_Gray_00_-3_01_-1_10_3_11_1_over_sqrt5;QPSK_0_plus1_1_minus1"",""cuda"":""12.8"",""decoder"":{""cn_schedule"":""flooding"",""cn_update"":""boxplus-phi"",""early_stop"":false,""hard_out"":true,""harq_mode"":false,""llr_max"":20.0,""num_iter"":20,""precision"":""single"",""prune_pcm"":true,""return_infobits"":true,""vn_update"":""sum""},""decoder_source_sha256"":""44d84b92b749e2970f94d92cd348a11648e2286b4d851faa0af8b21d08f0da23"",""encoder_source_sha256"":""34d8db6660b2e84708a8fb534f63c194f6f2b964e3693fcffc9dcaf21532ccfd"",""implementation"":""Sionna_5G_LDPC"",""power_protocol"":""fixed_constellation_average_Es2"",""precision"":""float32"",""rate_matching"":""Sionna RV0; filler removal, first2Z and tail puncturing; supported n only"",""scrambling"":""public_PCG64_SHA256_protocol_session_frame_group_counter_after_rate_matching_v1"",""torch"":""2.11.0+cu128"",""version"":""2.2.0""},""interleaver_sha256"":""17a6cbad77397aea38ba866a1e7edfd89b7b905ec257526dcd9a239636632cb3"",""k"":1612,""k_filler"":148,""k_ldpc"":1760,""layout_id"":""1f3d28c8c1ca757de530af15e77784cdb0caafa8e5ad5d9c07ec07e92266c5e1"",""modulation_padding_bits"":0,""mother_bits"":5440,""n"":2152,""n_cb"":5280,""n_cb_comp"":5132,""power_protocol"":""fixed_constellation_average_Es2"",""puncturing_bits"":3140,""puncturing_first_2Z"":160,""puncturing_remaining"":2980,""repetition_bits"":0,""scrambling"":""public_PCG64_SHA256_protocol_session_frame_group_counter_after_rate_matching_v1"",""shortening_bits"":148,""z"":80}",[1024]
16QAM,3/4,16QAM:r3/4,d443e998f8241987619e147c1516328ec35d9e11cffe511b248384a6eaa9a872,660,16,0,676,720,44,3744,1248,312,0,0.5416666666666666,0.5288461538461539,"{""actual_effective_rate"":0.5416666666666666,""bg"":""bg2"",""bit_mapping"":""component_Gray_00_-3_01_-1_10_3_11_1_over_sqrt5;QPSK_0_plus1_1_minus1"",""code_blocks"":1,""decoder_config"":{""cn_schedule"":""flooding"",""cn_update"":""boxplus-phi"",""early_stop"":false,""hard_out"":true,""harq_mode"":false,""llr_max"":20.0,""num_iter"":20,""precision"":""single"",""prune_pcm"":true,""return_infobits"":true,""vn_update"":""sum""},""implementation"":{""bit_mapping"":""component_Gray_00_-3_01_-1_10_3_11_1_over_sqrt5;QPSK_0_plus1_1_minus1"",""cuda"":""12.8"",""decoder"":{""cn_schedule"":""flooding"",""cn_update"":""boxplus-phi"",""early_stop"":false,""hard_out"":true,""harq_mode"":false,""llr_max"":20.0,""num_iter"":20,""precision"":""single"",""prune_pcm"":true,""return_infobits"":true,""vn_update"":""sum""},""decoder_source_sha256"":""44d84b92b749e2970f94d92cd348a11648e2286b4d851faa0af8b21d08f0da23"",""encoder_source_sha256"":""34d8db6660b2e84708a8fb534f63c194f6f2b964e3693fcffc9dcaf21532ccfd"",""implementation"":""Sionna_5G_LDPC"",""power_protocol"":""fixed_constellation_average_Es2"",""precision"":""float32"",""rate_matching"":""Sionna RV0; filler removal, first2Z and tail puncturing; supported n only"",""scrambling"":""public_PCG64_SHA256_protocol_session_frame_group_counter_after_rate_matching_v1"",""torch"":""2.11.0+cu128"",""version"":""2.2.0""},""interleaver_sha256"":""547760a56f89f13465d05546ed5d858b2cc65c4126ff1764148ecac89b5f4d64"",""k"":676,""k_filler"":44,""k_ldpc"":720,""layout_id"":""b511c131e28fa8a530dc1ad8aa49ff44bdb3eda7b38eddfd5abcb23ccc203259"",""modulation_padding_bits"":0,""mother_bits"":3744,""n"":1248,""n_cb"":3600,""n_cb_comp"":3556,""power_protocol"":""fixed_constellation_average_Es2"",""puncturing_bits"":2452,""puncturing_first_2Z"":144,""puncturing_remaining"":2308,""repetition_bits"":0,""scrambling"":""public_PCG64_SHA256_protocol_session_frame_group_counter_after_rate_matching_v1"",""shortening_bits"":44,""z"":72}",[2048]
16QAM,1/2,16QAM:r1/2,d445df9993f62b2fd57a6d2bf054bb84e76d6058b2370be50d626c9217707c27,3204,16,0,3220,3520,300,18304,6944,1736,0,0.4637096774193548,0.46140552995391704,"{""actual_effective_rate"":0.4637096774193548,""bg"":""bg2"",""bit_mapping"":""component_Gray_00_-3_01_-1_10_3_11_1_over_sqrt5;QPSK_0_plus1_1_minus1"",""code_blocks"":1,""decoder_config"":{""cn_schedule"":""flooding"",""cn_update"":""boxplus-phi"",""early_stop"":false,""hard_out"":true,""harq_mode"":false,""llr_max"":20.0,""num_iter"":20,""precision"":""single"",""prune_pcm"":true,""return_infobits"":true,""vn_update"":""sum""},""implementation"":{""bit_mapping"":""component_Gray_00_-3_01_-1_10_3_11_1_over_sqrt5;QPSK_0_plus1_1_minus1"",""cuda"":""12.8"",""decoder"":{""cn_schedule"":""flooding"",""cn_update"":""boxplus-phi"",""early_stop"":false,""hard_out"":true,""harq_mode"":false,""llr_max"":20.0,""num_iter"":20,""precision"":""single"",""prune_pcm"":true,""return_infobits"":true,""vn_update"":""sum""},""decoder_source_sha256"":""44d84b92b749e2970f94d92cd348a11648e2286b4d851faa0af8b21d08f0da23"",""encoder_source_sha256"":""34d8db6660b2e84708a8fb534f63c194f6f2b964e3693fcffc9dcaf21532ccfd"",""implementation"":""Sionna_5G_LDPC"",""power_protocol"":""fixed_constellation_average_Es2"",""precision"":""float32"",""rate_matching"":""Sionna RV0; filler removal, first2Z and tail puncturing; supported n only"",""scrambling"":""public_PCG64_SHA256_protocol_session_frame_group_counter_after_rate_matching_v1"",""torch"":""2.11.0+cu128"",""version"":""2.2.0""},""interleaver_sha256"":""e7b09fcd277f35c6274b46f41eb4092cd7371138e43f334d204d7771f2b88146"",""k"":3220,""k_filler"":300,""k_ldpc"":3520,""layout_id"":""c0c58679957aa17b397e26c2f19e78bea5e627342198c8e75d9604d71099e6c3"",""modulation_padding_bits"":0,""mother_bits"":18304,""n"":6944,""n_cb"":17600,""n_cb_comp"":17300,""power_protocol"":""fixed_constellation_average_Es2"",""puncturing_bits"":11060,""puncturing_first_2Z"":704,""puncturing_remaining"":10356,""repetition_bits"":0,""scrambling"":""public_PCG64_SHA256_protocol_session_frame_group_counter_after_rate_matching_v1"",""shortening_bits"":300,""z"":352}",[2048]
QPSK,1/2,QPSK:r1/2,d447f900e581d278dddc34e10cb48ad1b3d72ca75236ca366ad2c7fbdc886295,660,16,0,676,720,44,3744,1432,716,0,0.4720670391061452,0.46089385474860334,"{""actual_effective_rate"":0.4720670391061452,""bg"":""bg2"",""bit_mapping"":""component_Gray_00_-3_01_-1_10_3_11_1_over_sqrt5;QPSK_0_plus1_1_minus1"",""code_blocks"":1,""decoder_config"":{""cn_schedule"":""flooding"",""cn_update"":""boxplus-phi"",""early_stop"":false,""hard_out"":true,""harq_mode"":false,""llr_max"":20.0,""num_iter"":20,""precision"":""single"",""prune_pcm"":true,""return_infobits"":true,""vn_update"":""sum""},""implementation"":{""bit_mapping"":""component_Gray_00_-3_01_-1_10_3_11_1_over_sqrt5;QPSK_0_plus1_1_minus1"",""cuda"":""12.8"",""decoder"":{""cn_schedule"":""flooding"",""cn_update"":""boxplus-phi"",""early_stop"":false,""hard_out"":true,""harq_mode"":false,""llr_max"":20.0,""num_iter"":20,""precision"":""single"",""prune_pcm"":true,""return_infobits"":true,""vn_update"":""sum""},""decoder_source_sha256"":""44d84b92b749e2970f94d92cd348a11648e2286b4d851faa0af8b21d08f0da23"",""encoder_source_sha256"":""34d8db6660b2e84708a8fb534f63c194f6f2b964e3693fcffc9dcaf21532ccfd"",""implementation"":""Sionna_5G_LDPC"",""power_protocol"":""fixed_constellation_average_Es2"",""precision"":""float32"",""rate_matching"":""Sionna RV0; filler removal, first2Z and tail puncturing; supported n only"",""scrambling"":""public_PCG64_SHA256_protocol_session_frame_group_counter_after_rate_matching_v1"",""torch"":""2.11.0+cu128"",""version"":""2.2.0""},""interleaver_sha256"":""d89d3d41c8077dc0e53c1b6c5960489dfefdc87d0e42f5926e31eca0d33b9149"",""k"":676,""k_filler"":44,""k_ldpc"":720,""layout_id"":""4a3eefa03546e041f89bc522a6bd28f23247fb8d97961ccdeb47cf7ef3385265"",""modulation_padding_bits"":0,""mother_bits"":3744,""n"":1432,""n_cb"":3600,""n_cb_comp"":3556,""power_protocol"":""fixed_constellation_average_Es2"",""puncturing_bits"":2268,""puncturing_first_2Z"":144,""puncturing_remaining"":2124,""repetition_bits"":0,""scrambling"":""public_PCG64_SHA256_protocol_session_frame_group_counter_after_rate_matching_v1"",""shortening_bits"":44,""z"":72}",[1024]
16QAM,2/3,16QAM:r2/3,d44c9c3db3d55a48d7d9cedfe34317ef626b34e06e6b0b30dc4b643c852dd400,1860,16,0,1876,1920,44,9984,4800,1200,0,0.3908333333333333,0.3875,"{""actual_effective_rate"":0.3908333333333333,""bg"":""bg2"",""bit_mapping"":""component_Gray_00_-3_01_-1_10_3_11_1_over_sqrt5;QPSK_0_plus1_1_minus1"",""code_blocks"":1,""decoder_config"":{""cn_schedule"":""flooding"",""cn_update"":""boxplus-phi"",""early_stop"":false,""hard_out"":true,""harq_mode"":false,""llr_max"":20.0,""num_iter"":20,""precision"":""single"",""prune_pcm"":true,""return_infobits"":true,""vn_update"":""sum""},""implementation"":{""bit_mapping"":""component_Gray_00_-3_01_-1_10_3_11_1_over_sqrt5;QPSK_0_plus1_1_minus1"",""cuda"":""12.8"",""decoder"":{""cn_schedule"":""flooding"",""cn_update"":""boxplus-phi"",""early_stop"":false,""hard_out"":true,""harq_mode"":false,""llr_max"":20.0,""num_iter"":20,""precision"":""single"",""prune_pcm"":true,""return_infobits"":true,""vn_update"":""sum""},""decoder_source_sha256"":""44d84b92b749e2970f94d92cd348a11648e2286b4d851faa0af8b21d08f0da23"",""encoder_source_sha256"":""34d8db6660b2e84708a8fb534f63c194f6f2b964e3693fcffc9dcaf21532ccfd"",""implementation"":""Sionna_5G_LDPC"",""power_protocol"":""fixed_constellation_average_Es2"",""precision"":""float32"",""rate_matching"":""Sionna RV0; filler removal, first2Z and tail puncturing; supported n only"",""scrambling"":""public_PCG64_SHA256_protocol_session_frame_group_counter_after_rate_matching_v1"",""torch"":""2.11.0+cu128"",""version"":""2.2.0""},""interleaver_sha256"":""dd0ae97ab95f870e9f6f71ed7006ef5785d227b1bc9fd163e9cfb7fe9e15d5c8"",""k"":1876,""k_filler"":44,""k_ldpc"":1920,""layout_id"":""61b4d684cd6609454ba4c334eecde8fe6487c587472f81271fc52b2f9ad6a2f1"",""modulation_padding_bits"":0,""mother_bits"":9984,""n"":4800,""n_cb"":9600,""n_cb_comp"":9556,""power_protocol"":""fixed_constellation_average_Es2"",""puncturing_bits"":5140,""puncturing_first_2Z"":384,""puncturing_remaining"":4756,""repetition_bits"":0,""scrambling"":""public_PCG64_SHA256_protocol_session_frame_group_counter_after_rate_matching_v1"",""shortening_bits"":44,""z"":192}",[2048]
16QAM,1/3,16QAM:r1/3,d45999bf32c4d889006f2b821d90d81893ec36743f0746c91bcb477cbe7b3cd4,1788,16,0,1804,1920,116,9984,5412,1353,0,0.3333333333333333,0.3303769401330377,"{""actual_effective_rate"":0.3333333333333333,""bg"":""bg2"",""bit_mapping"":""component_Gray_00_-3_01_-1_10_3_11_1_over_sqrt5;QPSK_0_plus1_1_minus1"",""code_blocks"":1,""decoder_config"":{""cn_schedule"":""flooding"",""cn_update"":""boxplus-phi"",""early_stop"":false,""hard_out"":true,""harq_mode"":false,""llr_max"":20.0,""num_iter"":20,""precision"":""single"",""prune_pcm"":true,""return_infobits"":true,""vn_update"":""sum""},""implementation"":{""bit_mapping"":""component_Gray_00_-3_01_-1_10_3_11_1_over_sqrt5;QPSK_0_plus1_1_minus1"",""cuda"":""12.8"",""decoder"":{""cn_schedule"":""flooding"",""cn_update"":""boxplus-phi"",""early_stop"":false,""hard_out"":true,""harq_mode"":false,""llr_max"":20.0,""num_iter"":20,""precision"":""single"",""prune_pcm"":true,""return_infobits"":true,""vn_update"":""sum""},""decoder_source_sha256"":""44d84b92b749e2970f94d92cd348a11648e2286b4d851faa0af8b21d08f0da23"",""encoder_source_sha256"":""34d8db6660b2e84708a8fb534f63c194f6f2b964e3693fcffc9dcaf21532ccfd"",""implementation"":""Sionna_5G_LDPC"",""power_protocol"":""fixed_constellation_average_Es2"",""precision"":""float32"",""rate_matching"":""Sionna RV0; filler removal, first2Z and tail puncturing; supported n only"",""scrambling"":""public_PCG64_SHA256_protocol_session_frame_group_counter_after_rate_matching_v1"",""torch"":""2.11.0+cu128"",""version"":""2.2.0""},""interleaver_sha256"":""44acd3e510dc6855a0d1f7284552c8e77b6510b8f22bd5bd67ed058382e111e8"",""k"":1804,""k_filler"":116,""k_ldpc"":1920,""layout_id"":""f99a47e141df6d95fe63be7c39f7ecd1ec3a8f6991e97fbc776ef31c2f9144f1"",""modulation_padding_bits"":0,""mother_bits"":9984,""n"":5412,""n_cb"":9600,""n_cb_comp"":9484,""power_protocol"":""fixed_constellation_average_Es2"",""puncturing_bits"":4456,""puncturing_first_2Z"":384,""puncturing_remaining"":4072,""repetition_bits"":0,""scrambling"":""public_PCG64_SHA256_protocol_session_frame_group_counter_after_rate_matching_v1"",""shortening_bits"":116,""z"":192}",[2048]
16QAM,5/6,16QAM:r5/6,d4633656e11be90efa23d18340da990d5f4a1b7632272545b545090dad972968,432,16,0,448,484,36,1496,540,135,0,0.8296296296296296,0.8,"{""actual_effective_rate"":0.8296296296296296,""bg"":""bg1"",""bit_mapping"":""component_Gray_00_-3_01_-1_10_3_11_1_over_sqrt5;QPSK_0_plus1_1_minus1"",""code_blocks"":1,""decoder_config"":{""cn_schedule"":""flooding"",""cn_update"":""boxplus-phi"",""early_stop"":false,""hard_out"":true,""harq_mode"":false,""llr_max"":20.0,""num_iter"":20,""precision"":""single"",""prune_pcm"":true,""return_infobits"":true,""vn_update"":""sum""},""implementation"":{""bit_mapping"":""component_Gray_00_-3_01_-1_10_3_11_1_over_sqrt5;QPSK_0_plus1_1_minus1"",""cuda"":""12.8"",""decoder"":{""cn_schedule"":""flooding"",""cn_update"":""boxplus-phi"",""early_stop"":false,""hard_out"":true,""harq_mode"":false,""llr_max"":20.0,""num_iter"":20,""precision"":""single"",""prune_pcm"":true,""return_infobits"":true,""vn_update"":""sum""},""decoder_source_sha256"":""44d84b92b749e2970f94d92cd348a11648e2286b4d851faa0af8b21d08f0da23"",""encoder_source_sha256"":""34d8db6660b2e84708a8fb534f63c194f6f2b964e3693fcffc9dcaf21532ccfd"",""implementation"":""Sionna_5G_LDPC"",""power_protocol"":""fixed_constellation_average_Es2"",""precision"":""float32"",""rate_matching"":""Sionna RV0; filler removal, first2Z and tail puncturing; supported n only"",""scrambling"":""public_PCG64_SHA256_protocol_session_frame_group_counter_after_rate_matching_v1"",""torch"":""2.11.0+cu128"",""version"":""2.2.0""},""interleaver_sha256"":""1f2e26a94f7a8b384993d0a0dbfc9fefbe6bb042a2acae3cde9b43bc16f1cf52"",""k"":448,""k_filler"":36,""k_ldpc"":484,""layout_id"":""7ce71a639a9934d25523b8b786fe4cdd160fff8e228283b1123d991e2eac8c71"",""modulation_padding_bits"":0,""mother_bits"":1496,""n"":540,""n_cb"":1452,""n_cb_comp"":1416,""power_protocol"":""fixed_constellation_average_Es2"",""puncturing_bits"":920,""puncturing_first_2Z"":44,""puncturing_remaining"":876,""repetition_bits"":0,""scrambling"":""public_PCG64_SHA256_protocol_session_frame_group_counter_after_rate_matching_v1"",""shortening_bits"":36,""z"":22}","[1024,2048]"
QPSK,5/6,QPSK:r5/6,d4741960e098b3f0d0580413608120562de1828b8fe2f9ba1e46cb1e3bcae33d,360,16,0,376,480,104,2496,1238,619,0,0.3037156704361874,0.29079159935379645,"{""actual_effective_rate"":0.3037156704361874,""bg"":""bg2"",""bit_mapping"":""component_Gray_00_-3_01_-1_10_3_11_1_over_sqrt5;QPSK_0_plus1_1_minus1"",""code_blocks"":1,""decoder_config"":{""cn_schedule"":""flooding"",""cn_update"":""boxplus-phi"",""early_stop"":false,""hard_out"":true,""harq_mode"":false,""llr_max"":20.0,""num_iter"":20,""precision"":""single"",""prune_pcm"":true,""return_infobits"":true,""vn_update"":""sum""},""implementation"":{""bit_mapping"":""component_Gray_00_-3_01_-1_10_3_11_1_over_sqrt5;QPSK_0_plus1_1_minus1"",""cuda"":""12.8"",""decoder"":{""cn_schedule"":""flooding"",""cn_update"":""boxplus-phi"",""early_stop"":false,""hard_out"":true,""harq_mode"":false,""llr_max"":20.0,""num_iter"":20,""precision"":""single"",""prune_pcm"":true,""return_infobits"":true,""vn_update"":""sum""},""decoder_source_sha256"":""44d84b92b749e2970f94d92cd348a11648e2286b4d851faa0af8b21d08f0da23"",""encoder_source_sha256"":""34d8db6660b2e84708a8fb534f63c194f6f2b964e3693fcffc9dcaf21532ccfd"",""implementation"":""Sionna_5G_LDPC"",""power_protocol"":""fixed_constellation_average_Es2"",""precision"":""float32"",""rate_matching"":""Sionna RV0; filler removal, first2Z and tail puncturing; supported n only"",""scrambling"":""public_PCG64_SHA256_protocol_session_frame_group_counter_after_rate_matching_v1"",""torch"":""2.11.0+cu128"",""version"":""2.2.0""},""interleaver_sha256"":""8423a588b108d4c6a4d717c359936ace95d32f62ace3e14c793507af13d1a7cc"",""k"":376,""k_filler"":104,""k_ldpc"":480,""layout_id"":""6cad1811a3e454a2e37faa61245f19e0d37ac0bfb34585c1b43ca410fd57bdfe"",""modulation_padding_bits"":0,""mother_bits"":2496,""n"":1238,""n_cb"":2400,""n_cb_comp"":2296,""power_protocol"":""fixed_constellation_average_Es2"",""puncturing_bits"":1154,""puncturing_first_2Z"":96,""puncturing_remaining"":1058,""repetition_bits"":0,""scrambling"":""public_PCG64_SHA256_protocol_session_frame_group_counter_after_rate_matching_v1"",""shortening_bits"":104,""z"":48}",[2048]
16QAM,5/6,16QAM:r5/6,d474f2f2ed93be077c12bda19e703aefe7f605caa525995341a260c3a9e82834,192,16,0,208,260,52,1352,556,139,0,0.37410071942446044,0.34532374100719426,"{""actual_effective_rate"":0.37410071942446044,""bg"":""bg2"",""bit_mapping"":""component_Gray_00_-3_01_-1_10_3_11_1_over_sqrt5;QPSK_0_plus1_1_minus1"",""code_blocks"":1,""decoder_config"":{""cn_schedule"":""flooding"",""cn_update"":""boxplus-phi"",""early_stop"":false,""hard_out"":true,""harq_mode"":false,""llr_max"":20.0,""num_iter"":20,""precision"":""single"",""prune_pcm"":true,""return_infobits"":true,""vn_update"":""sum""},""implementation"":{""bit_mapping"":""component_Gray_00_-3_01_-1_10_3_11_1_over_sqrt5;QPSK_0_plus1_1_minus1"",""cuda"":""12.8"",""decoder"":{""cn_schedule"":""flooding"",""cn_update"":""boxplus-phi"",""early_stop"":false,""hard_out"":true,""harq_mode"":false,""llr_max"":20.0,""num_iter"":20,""precision"":""single"",""prune_pcm"":true,""return_infobits"":true,""vn_update"":""sum""},""decoder_source_sha256"":""44d84b92b749e2970f94d92cd348a11648e2286b4d851faa0af8b21d08f0da23"",""encoder_source_sha256"":""34d8db6660b2e84708a8fb534f63c194f6f2b964e3693fcffc9dcaf21532ccfd"",""implementation"":""Sionna_5G_LDPC"",""power_protocol"":""fixed_constellation_average_Es2"",""precision"":""float32"",""rate_matching"":""Sionna RV0; filler removal, first2Z and tail puncturing; supported n only"",""scrambling"":""public_PCG64_SHA256_protocol_session_frame_group_counter_after_rate_matching_v1"",""torch"":""2.11.0+cu128"",""version"":""2.2.0""},""interleaver_sha256"":""e932cceddb05f8ec38fe321bea9c4bdec786939b542272829218e6ec0a0862e7"",""k"":208,""k_filler"":52,""k_ldpc"":260,""layout_id"":""c7817c7bc3576bfbd8f5fa363772b772438a24e9485573da5131309f875a0c9d"",""modulation_padding_bits"":0,""mother_bits"":1352,""n"":556,""n_cb"":1300,""n_cb_comp"":1248,""power_protocol"":""fixed_constellation_average_Es2"",""puncturing_bits"":744,""puncturing_first_2Z"":52,""puncturing_remaining"":692,""repetition_bits"":0,""scrambling"":""public_PCG64_SHA256_protocol_session_frame_group_counter_after_rate_matching_v1"",""shortening_bits"":52,""z"":26}","[1024,2048]"
16QAM,2/3,16QAM:r2/3,d47803b4e69bbd8bede228218029f7b7068c22d0807848e57b8d0cbdb4ce9384,3408,16,0,3424,3520,96,18304,6836,1709,0,0.5008777062609713,0.49853715623171446,"{""actual_effective_rate"":0.5008777062609713,""bg"":""bg2"",""bit_mapping"":""component_Gray_00_-3_01_-1_10_3_11_1_over_sqrt5;QPSK_0_plus1_1_minus1"",""code_blocks"":1,""decoder_config"":{""cn_schedule"":""flooding"",""cn_update"":""boxplus-phi"",""early_stop"":false,""hard_out"":true,""harq_mode"":false,""llr_max"":20.0,""num_iter"":20,""precision"":""single"",""prune_pcm"":true,""return_infobits"":true,""vn_update"":""sum""},""implementation"":{""bit_mapping"":""component_Gray_00_-3_01_-1_10_3_11_1_over_sqrt5;QPSK_0_plus1_1_minus1"",""cuda"":""12.8"",""decoder"":{""cn_schedule"":""flooding"",""cn_update"":""boxplus-phi"",""early_stop"":false,""hard_out"":true,""harq_mode"":false,""llr_max"":20.0,""num_iter"":20,""precision"":""single"",""prune_pcm"":true,""return_infobits"":true,""vn_update"":""sum""},""decoder_source_sha256"":""44d84b92b749e2970f94d92cd348a11648e2286b4d851faa0af8b21d08f0da23"",""encoder_source_sha256"":""34d8db6660b2e84708a8fb534f63c194f6f2b964e3693fcffc9dcaf21532ccfd"",""implementation"":""Sionna_5G_LDPC"",""power_protocol"":""fixed_constellation_average_Es2"",""precision"":""float32"",""rate_matching"":""Sionna RV0; filler removal, first2Z and tail puncturing; supported n only"",""scrambling"":""public_PCG64_SHA256_protocol_session_frame_group_counter_after_rate_matching_v1"",""torch"":""2.11.0+cu128"",""version"":""2.2.0""},""interleaver_sha256"":""b3ec8cd7b1d4780596c1ee93ab3fc2c4a6bbb4d3abb4930553b6ef36cad844a0"",""k"":3424,""k_filler"":96,""k_ldpc"":3520,""layout_id"":""a89a039aa580263d428bc8e5671a0f667cddacb3d9afa52762a4726dd75cd014"",""modulation_padding_bits"":0,""mother_bits"":18304,""n"":6836,""n_cb"":17600,""n_cb_comp"":17504,""power_protocol"":""fixed_constellation_average_Es2"",""puncturing_bits"":11372,""puncturing_first_2Z"":704,""puncturing_remaining"":10668,""repetition_bits"":0,""scrambling"":""public_PCG64_SHA256_protocol_session_frame_group_counter_after_rate_matching_v1"",""shortening_bits"":96,""z"":352}",[2048]
QPSK,1/2,QPSK:r1/2,d49074664d89195228a7050cfadb5535a91a59eb01de0340b06e1e2346d06411,660,16,0,676,720,44,3744,3042,1521,0,0.2222222222222222,0.21696252465483234,"{""actual_effective_rate"":0.2222222222222222,""bg"":""bg2"",""bit_mapping"":""component_Gray_00_-3_01_-1_10_3_11_1_over_sqrt5;QPSK_0_plus1_1_minus1"",""code_blocks"":1,""decoder_config"":{""cn_schedule"":""flooding"",""cn_update"":""boxplus-phi"",""early_stop"":false,""hard_out"":true,""harq_mode"":false,""llr_max"":20.0,""num_iter"":20,""precision"":""single"",""prune_pcm"":true,""return_infobits"":true,""vn_update"":""sum""},""implementation"":{""bit_mapping"":""component_Gray_00_-3_01_-1_10_3_11_1_over_sqrt5;QPSK_0_plus1_1_minus1"",""cuda"":""12.8"",""decoder"":{""cn_schedule"":""flooding"",""cn_update"":""boxplus-phi"",""early_stop"":false,""hard_out"":true,""harq_mode"":false,""llr_max"":20.0,""num_iter"":20,""precision"":""single"",""prune_pcm"":true,""return_infobits"":true,""vn_update"":""sum""},""decoder_source_sha256"":""44d84b92b749e2970f94d92cd348a11648e2286b4d851faa0af8b21d08f0da23"",""encoder_source_sha256"":""34d8db6660b2e84708a8fb534f63c194f6f2b964e3693fcffc9dcaf21532ccfd"",""implementation"":""Sionna_5G_LDPC"",""power_protocol"":""fixed_constellation_average_Es2"",""precision"":""float32"",""rate_matching"":""Sionna RV0; filler removal, first2Z and tail puncturing; supported n only"",""scrambling"":""public_PCG64_SHA256_protocol_session_frame_group_counter_after_rate_matching_v1"",""torch"":""2.11.0+cu128"",""version"":""2.2.0""},""interleaver_sha256"":""5756055cedcee52f6392b8a72910de9d8ba3307cf4886eb589add9fedd105f73"",""k"":676,""k_filler"":44,""k_ldpc"":720,""layout_id"":""283b2952c835c0f087463c32ba1b90b7abc3c5395b9496fe24091db9839d61a2"",""modulation_padding_bits"":0,""mother_bits"":3744,""n"":3042,""n_cb"":3600,""n_cb_comp"":3556,""power_protocol"":""fixed_constellation_average_Es2"",""puncturing_bits"":658,""puncturing_first_2Z"":144,""puncturing_remaining"":514,""repetition_bits"":0,""scrambling"":""public_PCG64_SHA256_protocol_session_frame_group_counter_after_rate_matching_v1"",""shortening_bits"":44,""z"":72}",[2048]
16QAM,1/2,16QAM:r1/2,d49615f4e8fa5350d9225a22c6de63b2f3c8d46eec8fdfb72bbbf61021985cf3,660,16,0,676,720,44,3744,1352,338,0,0.5,0.4881656804733728,"{""actual_effective_rate"":0.5,""bg"":""bg2"",""bit_mapping"":""component_Gray_00_-3_01_-1_10_3_11_1_over_sqrt5;QPSK_0_plus1_1_minus1"",""code_blocks"":1,""decoder_config"":{""cn_schedule"":""flooding"",""cn_update"":""boxplus-phi"",""early_stop"":false,""hard_out"":true,""harq_mode"":false,""llr_max"":20.0,""num_iter"":20,""precision"":""single"",""prune_pcm"":true,""return_infobits"":true,""vn_update"":""sum""},""implementation"":{""bit_mapping"":""component_Gray_00_-3_01_-1_10_3_11_1_over_sqrt5;QPSK_0_plus1_1_minus1"",""cuda"":""12.8"",""decoder"":{""cn_schedule"":""flooding"",""cn_update"":""boxplus-phi"",""early_stop"":false,""hard_out"":true,""harq_mode"":false,""llr_max"":20.0,""num_iter"":20,""precision"":""single"",""prune_pcm"":true,""return_infobits"":true,""vn_update"":""sum""},""decoder_source_sha256"":""44d84b92b749e2970f94d92cd348a11648e2286b4d851faa0af8b21d08f0da23"",""encoder_source_sha256"":""34d8db6660b2e84708a8fb534f63c194f6f2b964e3693fcffc9dcaf21532ccfd"",""implementation"":""Sionna_5G_LDPC"",""power_protocol"":""fixed_constellation_average_Es2"",""precision"":""float32"",""rate_matching"":""Sionna RV0; filler removal, first2Z and tail puncturing; supported n only"",""scrambling"":""public_PCG64_SHA256_protocol_session_frame_group_counter_after_rate_matching_v1"",""torch"":""2.11.0+cu128"",""version"":""2.2.0""},""interleaver_sha256"":""66442df9bc15d9125be829c6056103fb25a249fc0c51a2604df4c8b5b1f6dbc4"",""k"":676,""k_filler"":44,""k_ldpc"":720,""layout_id"":""1dc610d9aada231009f8d8d7b62f79a1444fddf6c0d94148f996393dbf7e5495"",""modulation_padding_bits"":0,""mother_bits"":3744,""n"":1352,""n_cb"":3600,""n_cb_comp"":3556,""power_protocol"":""fixed_constellation_average_Es2"",""puncturing_bits"":2348,""puncturing_first_2Z"":144,""puncturing_remaining"":2204,""repetition_bits"":0,""scrambling"":""public_PCG64_SHA256_protocol_session_frame_group_counter_after_rate_matching_v1"",""shortening_bits"":44,""z"":72}","[1024,2048]"
16QAM,3/4,16QAM:r3/4,d49652812130a33ec7d2f1f693bcd8f4425403fdcd0e7fd59a5b15ae5401f228,1008,16,0,1024,1040,16,5408,4968,1242,0,0.20611916264090177,0.2028985507246377,"{""actual_effective_rate"":0.20611916264090177,""bg"":""bg2"",""bit_mapping"":""component_Gray_00_-3_01_-1_10_3_11_1_over_sqrt5;QPSK_0_plus1_1_minus1"",""code_blocks"":1,""decoder_config"":{""cn_schedule"":""flooding"",""cn_update"":""boxplus-phi"",""early_stop"":false,""hard_out"":true,""harq_mode"":false,""llr_max"":20.0,""num_iter"":20,""precision"":""single"",""prune_pcm"":true,""return_infobits"":true,""vn_update"":""sum""},""implementation"":{""bit_mapping"":""component_Gray_00_-3_01_-1_10_3_11_1_over_sqrt5;QPSK_0_plus1_1_minus1"",""cuda"":""12.8"",""decoder"":{""cn_schedule"":""flooding"",""cn_update"":""boxplus-phi"",""early_stop"":false,""hard_out"":true,""harq_mode"":false,""llr_max"":20.0,""num_iter"":20,""precision"":""single"",""prune_pcm"":true,""return_infobits"":true,""vn_update"":""sum""},""decoder_source_sha256"":""44d84b92b749e2970f94d92cd348a11648e2286b4d851faa0af8b21d08f0da23"",""encoder_source_sha256"":""34d8db6660b2e84708a8fb534f63c194f6f2b964e3693fcffc9dcaf21532ccfd"",""implementation"":""Sionna_5G_LDPC"",""power_protocol"":""fixed_constellation_average_Es2"",""precision"":""float32"",""rate_matching"":""Sionna RV0; filler removal, first2Z and tail puncturing; supported n only"",""scrambling"":""public_PCG64_SHA256_protocol_session_frame_group_counter_after_rate_matching_v1"",""torch"":""2.11.0+cu128"",""version"":""2.2.0""},""interleaver_sha256"":""2fadd1b04654c949f9fa908ea01dca600301f05979336f18ae4993f359a4d256"",""k"":1024,""k_filler"":16,""k_ldpc"":1040,""layout_id"":""ff83a2a80733c885860c5893e8621077b30cd4786b6d7b71ddb6e6cec460a2aa"",""modulation_padding_bits"":0,""mother_bits"":5408,""n"":4968,""n_cb"":5200,""n_cb_comp"":5184,""power_protocol"":""fixed_constellation_average_Es2"",""puncturing_bits"":424,""puncturing_first_2Z"":208,""puncturing_remaining"":216,""repetition_bits"":0,""scrambling"":""public_PCG64_SHA256_protocol_session_frame_group_counter_after_rate_matching_v1"",""shortening_bits"":16,""z"":104}",[2048]
QPSK,1/2,QPSK:r1/2,d4c091974f775413cc4c4e3fed56f657bd44ca682adb3e38ce12ec6d1f338a51,1728,16,0,1744,1760,16,9152,3504,1752,0,0.4977168949771689,0.4931506849315068,"{""actual_effective_rate"":0.4977168949771689,""bg"":""bg2"",""bit_mapping"":""component_Gray_00_-3_01_-1_10_3_11_1_over_sqrt5;QPSK_0_plus1_1_minus1"",""code_blocks"":1,""decoder_config"":{""cn_schedule"":""flooding"",""cn_update"":""boxplus-phi"",""early_stop"":false,""hard_out"":true,""harq_mode"":false,""llr_max"":20.0,""num_iter"":20,""precision"":""single"",""prune_pcm"":true,""return_infobits"":true,""vn_update"":""sum""},""implementation"":{""bit_mapping"":""component_Gray_00_-3_01_-1_10_3_11_1_over_sqrt5;QPSK_0_plus1_1_minus1"",""cuda"":""12.8"",""decoder"":{""cn_schedule"":""flooding"",""cn_update"":""boxplus-phi"",""early_stop"":false,""hard_out"":true,""harq_mode"":false,""llr_max"":20.0,""num_iter"":20,""precision"":""single"",""prune_pcm"":true,""return_infobits"":true,""vn_update"":""sum""},""decoder_source_sha256"":""44d84b92b749e2970f94d92cd348a11648e2286b4d851faa0af8b21d08f0da23"",""encoder_source_sha256"":""34d8db6660b2e84708a8fb534f63c194f6f2b964e3693fcffc9dcaf21532ccfd"",""implementation"":""Sionna_5G_LDPC"",""power_protocol"":""fixed_constellation_average_Es2"",""precision"":""float32"",""rate_matching"":""Sionna RV0; filler removal, first2Z and tail puncturing; supported n only"",""scrambling"":""public_PCG64_SHA256_protocol_session_frame_group_counter_after_rate_matching_v1"",""torch"":""2.11.0+cu128"",""version"":""2.2.0""},""interleaver_sha256"":""cc8aff5d0c1bf72a3a33b3335817d7dfc63f4db0fd02c826e7eb13f8258c80d4"",""k"":1744,""k_filler"":16,""k_ldpc"":1760,""layout_id"":""e885e7fe3af9d21df3f17a3c1385c6938c47023937189d3c2f0aa52c711c6c2a"",""modulation_padding_bits"":0,""mother_bits"":9152,""n"":3504,""n_cb"":8800,""n_cb_comp"":8784,""power_protocol"":""fixed_constellation_average_Es2"",""puncturing_bits"":5632,""puncturing_first_2Z"":352,""puncturing_remaining"":5280,""repetition_bits"":0,""scrambling"":""public_PCG64_SHA256_protocol_session_frame_group_counter_after_rate_matching_v1"",""shortening_bits"":16,""z"":176}",[2048]
QPSK,5/6,QPSK:r5/6,d4c1930e743c5b51a31bd3067a3f8dc76095eff4b7b368ef2be3ce12c44dee8d,2652,16,0,2668,2816,148,8704,3202,1601,0,0.8332292317301686,0.8282323547782636,"{""actual_effective_rate"":0.8332292317301686,""bg"":""bg1"",""bit_mapping"":""component_Gray_00_-3_01_-1_10_3_11_1_over_sqrt5;QPSK_0_plus1_1_minus1"",""code_blocks"":1,""decoder_config"":{""cn_schedule"":""flooding"",""cn_update"":""boxplus-phi"",""early_stop"":false,""hard_out"":true,""harq_mode"":false,""llr_max"":20.0,""num_iter"":20,""precision"":""single"",""prune_pcm"":true,""return_infobits"":true,""vn_update"":""sum""},""implementation"":{""bit_mapping"":""component_Gray_00_-3_01_-1_10_3_11_1_over_sqrt5;QPSK_0_plus1_1_minus1"",""cuda"":""12.8"",""decoder"":{""cn_schedule"":""flooding"",""cn_update"":""boxplus-phi"",""early_stop"":false,""hard_out"":true,""harq_mode"":false,""llr_max"":20.0,""num_iter"":20,""precision"":""single"",""prune_pcm"":true,""return_infobits"":true,""vn_update"":""sum""},""decoder_source_sha256"":""44d84b92b749e2970f94d92cd348a11648e2286b4d851faa0af8b21d08f0da23"",""encoder_source_sha256"":""34d8db6660b2e84708a8fb534f63c194f6f2b964e3693fcffc9dcaf21532ccfd"",""implementation"":""Sionna_5G_LDPC"",""power_protocol"":""fixed_constellation_average_Es2"",""precision"":""float32"",""rate_matching"":""Sionna RV0; filler removal, first2Z and tail puncturing; supported n only"",""scrambling"":""public_PCG64_SHA256_protocol_session_frame_group_counter_after_rate_matching_v1"",""torch"":""2.11.0+cu128"",""version"":""2.2.0""},""interleaver_sha256"":""3f99923050d782bb3ef62e3a7c37c8d0e87c3fe476b2c73c254d936d81a59e5e"",""k"":2668,""k_filler"":148,""k_ldpc"":2816,""layout_id"":""276927334d4d8d3c1ce8172b89bd2994ac8473de7242eded5d3e2a93149b5473"",""modulation_padding_bits"":0,""mother_bits"":8704,""n"":3202,""n_cb"":8448,""n_cb_comp"":8300,""power_protocol"":""fixed_constellation_average_Es2"",""puncturing_bits"":5354,""puncturing_first_2Z"":256,""puncturing_remaining"":5098,""repetition_bits"":0,""scrambling"":""public_PCG64_SHA256_protocol_session_frame_group_counter_after_rate_matching_v1"",""shortening_bits"":148,""z"":128}",[2048]
16QAM,2/3,16QAM:r2/3,d4c405d3485a08c228963cccd1ebadabf99c5d9a4d532d0a9c017d8aa463eb3c,660,16,0,676,720,44,3744,2448,612,0,0.2761437908496732,0.2696078431372549,"{""actual_effective_rate"":0.2761437908496732,""bg"":""bg2"",""bit_mapping"":""component_Gray_00_-3_01_-1_10_3_11_1_over_sqrt5;QPSK_0_plus1_1_minus1"",""code_blocks"":1,""decoder_config"":{""cn_schedule"":""flooding"",""cn_update"":""boxplus-phi"",""early_stop"":false,""hard_out"":true,""harq_mode"":false,""llr_max"":20.0,""num_iter"":20,""precision"":""single"",""prune_pcm"":true,""return_infobits"":true,""vn_update"":""sum""},""implementation"":{""bit_mapping"":""component_Gray_00_-3_01_-1_10_3_11_1_over_sqrt5;QPSK_0_plus1_1_minus1"",""cuda"":""12.8"",""decoder"":{""cn_schedule"":""flooding"",""cn_update"":""boxplus-phi"",""early_stop"":false,""hard_out"":true,""harq_mode"":false,""llr_max"":20.0,""num_iter"":20,""precision"":""single"",""prune_pcm"":true,""return_infobits"":true,""vn_update"":""sum""},""decoder_source_sha256"":""44d84b92b749e2970f94d92cd348a11648e2286b4d851faa0af8b21d08f0da23"",""encoder_source_sha256"":""34d8db6660b2e84708a8fb534f63c194f6f2b964e3693fcffc9dcaf21532ccfd"",""implementation"":""Sionna_5G_LDPC"",""power_protocol"":""fixed_constellation_average_Es2"",""precision"":""float32"",""rate_matching"":""Sionna RV0; filler removal, first2Z and tail puncturing; supported n only"",""scrambling"":""public_PCG64_SHA256_protocol_session_frame_group_counter_after_rate_matching_v1"",""torch"":""2.11.0+cu128"",""version"":""2.2.0""},""interleaver_sha256"":""05ded1d6046aa054e320f0cdd1cafbfc07d7bb76d9ec4d6a10e156d547128fd3"",""k"":676,""k_filler"":44,""k_ldpc"":720,""layout_id"":""36f2d4a80e9d6d01a6875d8fa307b06f53813ac97eb86b2cacfef5788bbaa43a"",""modulation_padding_bits"":0,""mother_bits"":3744,""n"":2448,""n_cb"":3600,""n_cb_comp"":3556,""power_protocol"":""fixed_constellation_average_Es2"",""puncturing_bits"":1252,""puncturing_first_2Z"":144,""puncturing_remaining"":1108,""repetition_bits"":0,""scrambling"":""public_PCG64_SHA256_protocol_session_frame_group_counter_after_rate_matching_v1"",""shortening_bits"":44,""z"":72}",[2048]
16QAM,3/4,16QAM:r3/4,d4d39b5f679164ce3de2ec6072394f3b189223b203cca9bfdb81a81721012fd1,1500,16,0,1516,1584,68,4896,2024,506,0,0.7490118577075099,0.741106719367589,"{""actual_effective_rate"":0.7490118577075099,""bg"":""bg1"",""bit_mapping"":""component_Gray_00_-3_01_-1_10_3_11_1_over_sqrt5;QPSK_0_plus1_1_minus1"",""code_blocks"":1,""decoder_config"":{""cn_schedule"":""flooding"",""cn_update"":""boxplus-phi"",""early_stop"":false,""hard_out"":true,""harq_mode"":false,""llr_max"":20.0,""num_iter"":20,""precision"":""single"",""prune_pcm"":true,""return_infobits"":true,""vn_update"":""sum""},""implementation"":{""bit_mapping"":""component_Gray_00_-3_01_-1_10_3_11_1_over_sqrt5;QPSK_0_plus1_1_minus1"",""cuda"":""12.8"",""decoder"":{""cn_schedule"":""flooding"",""cn_update"":""boxplus-phi"",""early_stop"":false,""hard_out"":true,""harq_mode"":false,""llr_max"":20.0,""num_iter"":20,""precision"":""single"",""prune_pcm"":true,""return_infobits"":true,""vn_update"":""sum""},""decoder_source_sha256"":""44d84b92b749e2970f94d92cd348a11648e2286b4d851faa0af8b21d08f0da23"",""encoder_source_sha256"":""34d8db6660b2e84708a8fb534f63c194f6f2b964e3693fcffc9dcaf21532ccfd"",""implementation"":""Sionna_5G_LDPC"",""power_protocol"":""fixed_constellation_average_Es2"",""precision"":""float32"",""rate_matching"":""Sionna RV0; filler removal, first2Z and tail puncturing; supported n only"",""scrambling"":""public_PCG64_SHA256_protocol_session_frame_group_counter_after_rate_matching_v1"",""torch"":""2.11.0+cu128"",""version"":""2.2.0""},""interleaver_sha256"":""2fff29cbb1a7b17b401f949b96c4b20c8ac4451de2ec4ecc291157021a3d8502"",""k"":1516,""k_filler"":68,""k_ldpc"":1584,""layout_id"":""6825239be81017453f3b228f170678e2d2097ffc952b05420f9629987c8e4c24"",""modulation_padding_bits"":0,""mother_bits"":4896,""n"":2024,""n_cb"":4752,""n_cb_comp"":4684,""power_protocol"":""fixed_constellation_average_Es2"",""puncturing_bits"":2804,""puncturing_first_2Z"":144,""puncturing_remaining"":2660,""repetition_bits"":0,""scrambling"":""public_PCG64_SHA256_protocol_session_frame_group_counter_after_rate_matching_v1"",""shortening_bits"":68,""z"":72}","[1024,2048]"
16QAM,5/6,16QAM:r5/6,d4ee18b369bee2c3c0e83efea209f84849c0d88d1e2963def1e0a19943e87c37,432,16,0,448,560,112,2912,804,201,0,0.5572139303482587,0.5373134328358209,"{""actual_effective_rate"":0.5572139303482587,""bg"":""bg2"",""bit_mapping"":""component_Gray_00_-3_01_-1_10_3_11_1_over_sqrt5;QPSK_0_plus1_1_minus1"",""code_blocks"":1,""decoder_config"":{""cn_schedule"":""flooding"",""cn_update"":""boxplus-phi"",""early_stop"":false,""hard_out"":true,""harq_mode"":false,""llr_max"":20.0,""num_iter"":20,""precision"":""single"",""prune_pcm"":true,""return_infobits"":true,""vn_update"":""sum""},""implementation"":{""bit_mapping"":""component_Gray_00_-3_01_-1_10_3_11_1_over_sqrt5;QPSK_0_plus1_1_minus1"",""cuda"":""12.8"",""decoder"":{""cn_schedule"":""flooding"",""cn_update"":""boxplus-phi"",""early_stop"":false,""hard_out"":true,""harq_mode"":false,""llr_max"":20.0,""num_iter"":20,""precision"":""single"",""prune_pcm"":true,""return_infobits"":true,""vn_update"":""sum""},""decoder_source_sha256"":""44d84b92b749e2970f94d92cd348a11648e2286b4d851faa0af8b21d08f0da23"",""encoder_source_sha256"":""34d8db6660b2e84708a8fb534f63c194f6f2b964e3693fcffc9dcaf21532ccfd"",""implementation"":""Sionna_5G_LDPC"",""power_protocol"":""fixed_constellation_average_Es2"",""precision"":""float32"",""rate_matching"":""Sionna RV0; filler removal, first2Z and tail puncturing; supported n only"",""scrambling"":""public_PCG64_SHA256_protocol_session_frame_group_counter_after_rate_matching_v1"",""torch"":""2.11.0+cu128"",""version"":""2.2.0""},""interleaver_sha256"":""1704b17f3a553ae59ee12488007bdfa078e43cbcd691bfe1190cc8c9054b1f8e"",""k"":448,""k_filler"":112,""k_ldpc"":560,""layout_id"":""024eba44e4c50d485ba6c6634c5c24ffa2a36dd12c86c3a81227f3722ca43d16"",""modulation_padding_bits"":0,""mother_bits"":2912,""n"":804,""n_cb"":2800,""n_cb_comp"":2688,""power_protocol"":""fixed_constellation_average_Es2"",""puncturing_bits"":1996,""puncturing_first_2Z"":112,""puncturing_remaining"":1884,""repetition_bits"":0,""scrambling"":""public_PCG64_SHA256_protocol_session_frame_group_counter_after_rate_matching_v1"",""shortening_bits"":112,""z"":56}",[1024]
QPSK,3/4,QPSK:r3/4,d4f6baf44af27f416cfd8d56af40d97ede2f726af862fe13f62c2a1142995c49,360,16,0,376,480,104,2496,1728,864,0,0.2175925925925926,0.20833333333333334,"{""actual_effective_rate"":0.2175925925925926,""bg"":""bg2"",""bit_mapping"":""component_Gray_00_-3_01_-1_10_3_11_1_over_sqrt5;QPSK_0_plus1_1_minus1"",""code_blocks"":1,""decoder_config"":{""cn_schedule"":""flooding"",""cn_update"":""boxplus-phi"",""early_stop"":false,""hard_out"":true,""harq_mode"":false,""llr_max"":20.0,""num_iter"":20,""precision"":""single"",""prune_pcm"":true,""return_infobits"":true,""vn_update"":""sum""},""implementation"":{""bit_mapping"":""component_Gray_00_-3_01_-1_10_3_11_1_over_sqrt5;QPSK_0_plus1_1_minus1"",""cuda"":""12.8"",""decoder"":{""cn_schedule"":""flooding"",""cn_update"":""boxplus-phi"",""early_stop"":false,""hard_out"":true,""harq_mode"":false,""llr_max"":20.0,""num_iter"":20,""precision"":""single"",""prune_pcm"":true,""return_infobits"":true,""vn_update"":""sum""},""decoder_source_sha256"":""44d84b92b749e2970f94d92cd348a11648e2286b4d851faa0af8b21d08f0da23"",""encoder_source_sha256"":""34d8db6660b2e84708a8fb534f63c194f6f2b964e3693fcffc9dcaf21532ccfd"",""implementation"":""Sionna_5G_LDPC"",""power_protocol"":""fixed_constellation_average_Es2"",""precision"":""float32"",""rate_matching"":""Sionna RV0; filler removal, first2Z and tail puncturing; supported n only"",""scrambling"":""public_PCG64_SHA256_protocol_session_frame_group_counter_after_rate_matching_v1"",""torch"":""2.11.0+cu128"",""version"":""2.2.0""},""interleaver_sha256"":""be69ff2fd69d7349b2e9014121d76d5b22fba1314e8cf27e16289aae4f3d60fa"",""k"":376,""k_filler"":104,""k_ldpc"":480,""layout_id"":""7c10f741bbd500fad474137e21eaf69f5c0f2ee049e95ed57f250cd6efaa7c72"",""modulation_padding_bits"":0,""mother_bits"":2496,""n"":1728,""n_cb"":2400,""n_cb_comp"":2296,""power_protocol"":""fixed_constellation_average_Es2"",""puncturing_bits"":664,""puncturing_first_2Z"":96,""puncturing_remaining"":568,""repetition_bits"":0,""scrambling"":""public_PCG64_SHA256_protocol_session_frame_group_counter_after_rate_matching_v1"",""shortening_bits"":104,""z"":48}",[1024]
16QAM,3/4,16QAM:r3/4,d4f7d07cd16b9a33026c0c9d20de6819d879d6830bcc4b35bf57d3be64a6bec8,576,16,0,592,720,128,3744,1424,356,0,0.4157303370786517,0.4044943820224719,"{""actual_effective_rate"":0.4157303370786517,""bg"":""bg2"",""bit_mapping"":""component_Gray_00_-3_01_-1_10_3_11_1_over_sqrt5;QPSK_0_plus1_1_minus1"",""code_blocks"":1,""decoder_config"":{""cn_schedule"":""flooding"",""cn_update"":""boxplus-phi"",""early_stop"":false,""hard_out"":true,""harq_mode"":false,""llr_max"":20.0,""num_iter"":20,""precision"":""single"",""prune_pcm"":true,""return_infobits"":true,""vn_update"":""sum""},""implementation"":{""bit_mapping"":""component_Gray_00_-3_01_-1_10_3_11_1_over_sqrt5;QPSK_0_plus1_1_minus1"",""cuda"":""12.8"",""decoder"":{""cn_schedule"":""flooding"",""cn_update"":""boxplus-phi"",""early_stop"":false,""hard_out"":true,""harq_mode"":false,""llr_max"":20.0,""num_iter"":20,""precision"":""single"",""prune_pcm"":true,""return_infobits"":true,""vn_update"":""sum""},""decoder_source_sha256"":""44d84b92b749e2970f94d92cd348a11648e2286b4d851faa0af8b21d08f0da23"",""encoder_source_sha256"":""34d8db6660b2e84708a8fb534f63c194f6f2b964e3693fcffc9dcaf21532ccfd"",""implementation"":""Sionna_5G_LDPC"",""power_protocol"":""fixed_constellation_average_Es2"",""precision"":""float32"",""rate_matching"":""Sionna RV0; filler removal, first2Z and tail puncturing; supported n only"",""scrambling"":""public_PCG64_SHA256_protocol_session_frame_group_counter_after_rate_matching_v1"",""torch"":""2.11.0+cu128"",""version"":""2.2.0""},""interleaver_sha256"":""10764e40b9af808b79c01349c9f73ef75dd7255b103d305737e5f715e45e8f52"",""k"":592,""k_filler"":128,""k_ldpc"":720,""layout_id"":""99a1474be004c4c2b7767d8a9588c266786c6f483f4aa9577899426fb6358703"",""modulation_padding_bits"":0,""mother_bits"":3744,""n"":1424,""n_cb"":3600,""n_cb_comp"":3472,""power_protocol"":""fixed_constellation_average_Es2"",""puncturing_bits"":2192,""puncturing_first_2Z"":144,""puncturing_remaining"":2048,""repetition_bits"":0,""scrambling"":""public_PCG64_SHA256_protocol_session_frame_group_counter_after_rate_matching_v1"",""shortening_bits"":128,""z"":72}",[1024]
16QAM,2/3,16QAM:r2/3,d51be7cf7cfd2def87152a2cbd81b258ac5cdbbbc8865a37ca70e07baf34bc69,660,16,0,676,720,44,3744,1340,335,0,0.5044776119402985,0.4925373134328358,"{""actual_effective_rate"":0.5044776119402985,""bg"":""bg2"",""bit_mapping"":""component_Gray_00_-3_01_-1_10_3_11_1_over_sqrt5;QPSK_0_plus1_1_minus1"",""code_blocks"":1,""decoder_config"":{""cn_schedule"":""flooding"",""cn_update"":""boxplus-phi"",""early_stop"":false,""hard_out"":true,""harq_mode"":false,""llr_max"":20.0,""num_iter"":20,""precision"":""single"",""prune_pcm"":true,""return_infobits"":true,""vn_update"":""sum""},""implementation"":{""bit_mapping"":""component_Gray_00_-3_01_-1_10_3_11_1_over_sqrt5;QPSK_0_plus1_1_minus1"",""cuda"":""12.8"",""decoder"":{""cn_schedule"":""flooding"",""cn_update"":""boxplus-phi"",""early_stop"":false,""hard_out"":true,""harq_mode"":false,""llr_max"":20.0,""num_iter"":20,""precision"":""single"",""prune_pcm"":true,""return_infobits"":true,""vn_update"":""sum""},""decoder_source_sha256"":""44d84b92b749e2970f94d92cd348a11648e2286b4d851faa0af8b21d08f0da23"",""encoder_source_sha256"":""34d8db6660b2e84708a8fb534f63c194f6f2b964e3693fcffc9dcaf21532ccfd"",""implementation"":""Sionna_5G_LDPC"",""power_protocol"":""fixed_constellation_average_Es2"",""precision"":""float32"",""rate_matching"":""Sionna RV0; filler removal, first2Z and tail puncturing; supported n only"",""scrambling"":""public_PCG64_SHA256_protocol_session_frame_group_counter_after_rate_matching_v1"",""torch"":""2.11.0+cu128"",""version"":""2.2.0""},""interleaver_sha256"":""593c64df4c106f62396c3bbb2f610473a89189d3275ace021f93af5e75acb26d"",""k"":676,""k_filler"":44,""k_ldpc"":720,""layout_id"":""30d6ad9a68f49631254a5793125f3f0ce7332e0912f0f5587eb94f4fc5977db6"",""modulation_padding_bits"":0,""mother_bits"":3744,""n"":1340,""n_cb"":3600,""n_cb_comp"":3556,""power_protocol"":""fixed_constellation_average_Es2"",""puncturing_bits"":2360,""puncturing_first_2Z"":144,""puncturing_remaining"":2216,""repetition_bits"":0,""scrambling"":""public_PCG64_SHA256_protocol_session_frame_group_counter_after_rate_matching_v1"",""shortening_bits"":44,""z"":72}",[2048]
QPSK,5/6,QPSK:r5/6,d51e8203deb3b558d57f892e7d4bfda1a36569318edb88e8b2d2cb2ecc222abe,1092,16,0,1108,1144,36,3536,1510,755,0,0.7337748344370861,0.7231788079470198,"{""actual_effective_rate"":0.7337748344370861,""bg"":""bg1"",""bit_mapping"":""component_Gray_00_-3_01_-1_10_3_11_1_over_sqrt5;QPSK_0_plus1_1_minus1"",""code_blocks"":1,""decoder_config"":{""cn_schedule"":""flooding"",""cn_update"":""boxplus-phi"",""early_stop"":false,""hard_out"":true,""harq_mode"":false,""llr_max"":20.0,""num_iter"":20,""precision"":""single"",""prune_pcm"":true,""return_infobits"":true,""vn_update"":""sum""},""implementation"":{""bit_mapping"":""component_Gray_00_-3_01_-1_10_3_11_1_over_sqrt5;QPSK_0_plus1_1_minus1"",""cuda"":""12.8"",""decoder"":{""cn_schedule"":""flooding"",""cn_update"":""boxplus-phi"",""early_stop"":false,""hard_out"":true,""harq_mode"":false,""llr_max"":20.0,""num_iter"":20,""precision"":""single"",""prune_pcm"":true,""return_infobits"":true,""vn_update"":""sum""},""decoder_source_sha256"":""44d84b92b749e2970f94d92cd348a11648e2286b4d851faa0af8b21d08f0da23"",""encoder_source_sha256"":""34d8db6660b2e84708a8fb534f63c194f6f2b964e3693fcffc9dcaf21532ccfd"",""implementation"":""Sionna_5G_LDPC"",""power_protocol"":""fixed_constellation_average_Es2"",""precision"":""float32"",""rate_matching"":""Sionna RV0; filler removal, first2Z and tail puncturing; supported n only"",""scrambling"":""public_PCG64_SHA256_protocol_session_frame_group_counter_after_rate_matching_v1"",""torch"":""2.11.0+cu128"",""version"":""2.2.0""},""interleaver_sha256"":""67c8563edc62c5c2bccbaaf57cecc2dd43e5d71894196f751f5ff085744ec6f9"",""k"":1108,""k_filler"":36,""k_ldpc"":1144,""layout_id"":""136aaf7c9b81dade5143763b6883336bfea5ae889bac15782da7f43fc908c495"",""modulation_padding_bits"":0,""mother_bits"":3536,""n"":1510,""n_cb"":3432,""n_cb_comp"":3396,""power_protocol"":""fixed_constellation_average_Es2"",""puncturing_bits"":1990,""puncturing_first_2Z"":104,""puncturing_remaining"":1886,""repetition_bits"":0,""scrambling"":""public_PCG64_SHA256_protocol_session_frame_group_counter_after_rate_matching_v1"",""shortening_bits"":36,""z"":52}",[1024]
16QAM,5/6,16QAM:r5/6,d54440bf29b677aeff8376347bbafb185d20b6d107fbc0024f48c28d7538fc04,1308,16,0,1324,1440,116,7488,2904,726,0,0.4559228650137741,0.45041322314049587,"{""actual_effective_rate"":0.4559228650137741,""bg"":""bg2"",""bit_mapping"":""component_Gray_00_-3_01_-1_10_3_11_1_over_sqrt5;QPSK_0_plus1_1_minus1"",""code_blocks"":1,""decoder_config"":{""cn_schedule"":""flooding"",""cn_update"":""boxplus-phi"",""early_stop"":false,""hard_out"":true,""harq_mode"":false,""llr_max"":20.0,""num_iter"":20,""precision"":""single"",""prune_pcm"":true,""return_infobits"":true,""vn_update"":""sum""},""implementation"":{""bit_mapping"":""component_Gray_00_-3_01_-1_10_3_11_1_over_sqrt5;QPSK_0_plus1_1_minus1"",""cuda"":""12.8"",""decoder"":{""cn_schedule"":""flooding"",""cn_update"":""boxplus-phi"",""early_stop"":false,""hard_out"":true,""harq_mode"":false,""llr_max"":20.0,""num_iter"":20,""precision"":""single"",""prune_pcm"":true,""return_infobits"":true,""vn_update"":""sum""},""decoder_source_sha256"":""44d84b92b749e2970f94d92cd348a11648e2286b4d851faa0af8b21d08f0da23"",""encoder_source_sha256"":""34d8db6660b2e84708a8fb534f63c194f6f2b964e3693fcffc9dcaf21532ccfd"",""implementation"":""Sionna_5G_LDPC"",""power_protocol"":""fixed_constellation_average_Es2"",""precision"":""float32"",""rate_matching"":""Sionna RV0; filler removal, first2Z and tail puncturing; supported n only"",""scrambling"":""public_PCG64_SHA256_protocol_session_frame_group_counter_after_rate_matching_v1"",""torch"":""2.11.0+cu128"",""version"":""2.2.0""},""interleaver_sha256"":""db06f4bf9963292d075828380d3655d342d66d847c81c23e188345693982857e"",""k"":1324,""k_filler"":116,""k_ldpc"":1440,""layout_id"":""a306874810da4246f304718ae9fcf1ffe27a587beefd6cd42fee9238836caf2b"",""modulation_padding_bits"":0,""mother_bits"":7488,""n"":2904,""n_cb"":7200,""n_cb_comp"":7084,""power_protocol"":""fixed_constellation_average_Es2"",""puncturing_bits"":4468,""puncturing_first_2Z"":288,""puncturing_remaining"":4180,""repetition_bits"":0,""scrambling"":""public_PCG64_SHA256_protocol_session_frame_group_counter_after_rate_matching_v1"",""shortening_bits"":116,""z"":144}",[1024]
16QAM,1/3,16QAM:r1/3,d54e5fecd3c1144521771874a9b606d6a1544970c60165cc75be8a2089ff7dc1,624,16,0,640,720,80,3744,3092,773,0,0.2069857697283312,0.2018111254851229,"{""actual_effective_rate"":0.2069857697283312,""bg"":""bg2"",""bit_mapping"":""component_Gray_00_-3_01_-1_10_3_11_1_over_sqrt5;QPSK_0_plus1_1_minus1"",""code_blocks"":1,""decoder_config"":{""cn_schedule"":""flooding"",""cn_update"":""boxplus-phi"",""early_stop"":false,""hard_out"":true,""harq_mode"":false,""llr_max"":20.0,""num_iter"":20,""precision"":""single"",""prune_pcm"":true,""return_infobits"":true,""vn_update"":""sum""},""implementation"":{""bit_mapping"":""component_Gray_00_-3_01_-1_10_3_11_1_over_sqrt5;QPSK_0_plus1_1_minus1"",""cuda"":""12.8"",""decoder"":{""cn_schedule"":""flooding"",""cn_update"":""boxplus-phi"",""early_stop"":false,""hard_out"":true,""harq_mode"":false,""llr_max"":20.0,""num_iter"":20,""precision"":""single"",""prune_pcm"":true,""return_infobits"":true,""vn_update"":""sum""},""decoder_source_sha256"":""44d84b92b749e2970f94d92cd348a11648e2286b4d851faa0af8b21d08f0da23"",""encoder_source_sha256"":""34d8db6660b2e84708a8fb534f63c194f6f2b964e3693fcffc9dcaf21532ccfd"",""implementation"":""Sionna_5G_LDPC"",""power_protocol"":""fixed_constellation_average_Es2"",""precision"":""float32"",""rate_matching"":""Sionna RV0; filler removal, first2Z and tail puncturing; supported n only"",""scrambling"":""public_PCG64_SHA256_protocol_session_frame_group_counter_after_rate_matching_v1"",""torch"":""2.11.0+cu128"",""version"":""2.2.0""},""interleaver_sha256"":""952dbfa62854bd58b5441323a34a5cf4ad7f23f0c7f13372f519b01fd6205e26"",""k"":640,""k_filler"":80,""k_ldpc"":720,""layout_id"":""c4608659c48731e1ffb205f2bb04f6da73956151b08f24ddbdd49619d022ef54"",""modulation_padding_bits"":0,""mother_bits"":3744,""n"":3092,""n_cb"":3600,""n_cb_comp"":3520,""power_protocol"":""fixed_constellation_average_Es2"",""puncturing_bits"":572,""puncturing_first_2Z"":144,""puncturing_remaining"":428,""repetition_bits"":0,""scrambling"":""public_PCG64_SHA256_protocol_session_frame_group_counter_after_rate_matching_v1"",""shortening_bits"":80,""z"":72}",[1024]
QPSK,2/3,QPSK:r2/3,d54ff2d592cb8ed99472f2e0e27b1410349c2d512ddd77988ae795672861250d,2448,16,0,2464,2560,96,13312,3706,1853,0,0.6648677819751754,0.6605504587155964,"{""actual_effective_rate"":0.6648677819751754,""bg"":""bg2"",""bit_mapping"":""component_Gray_00_-3_01_-1_10_3_11_1_over_sqrt5;QPSK_0_plus1_1_minus1"",""code_blocks"":1,""decoder_config"":{""cn_schedule"":""flooding"",""cn_update"":""boxplus-phi"",""early_stop"":false,""hard_out"":true,""harq_mode"":false,""llr_max"":20.0,""num_iter"":20,""precision"":""single"",""prune_pcm"":true,""return_infobits"":true,""vn_update"":""sum""},""implementation"":{""bit_mapping"":""component_Gray_00_-3_01_-1_10_3_11_1_over_sqrt5;QPSK_0_plus1_1_minus1"",""cuda"":""12.8"",""decoder"":{""cn_schedule"":""flooding"",""cn_update"":""boxplus-phi"",""early_stop"":false,""hard_out"":true,""harq_mode"":false,""llr_max"":20.0,""num_iter"":20,""precision"":""single"",""prune_pcm"":true,""return_infobits"":true,""vn_update"":""sum""},""decoder_source_sha256"":""44d84b92b749e2970f94d92cd348a11648e2286b4d851faa0af8b21d08f0da23"",""encoder_source_sha256"":""34d8db6660b2e84708a8fb534f63c194f6f2b964e3693fcffc9dcaf21532ccfd"",""implementation"":""Sionna_5G_LDPC"",""power_protocol"":""fixed_constellation_average_Es2"",""precision"":""float32"",""rate_matching"":""Sionna RV0; filler removal, first2Z and tail puncturing; supported n only"",""scrambling"":""public_PCG64_SHA256_protocol_session_frame_group_counter_after_rate_matching_v1"",""torch"":""2.11.0+cu128"",""version"":""2.2.0""},""interleaver_sha256"":""01634702892e7e08a9f18699c9c40a0a49664e788d5f9a77934199388220db91"",""k"":2464,""k_filler"":96,""k_ldpc"":2560,""layout_id"":""95c7a2eea5ac5f6c6bc26a730b26536b382040a12a5bb78876ea9f7eed630aba"",""modulation_padding_bits"":0,""mother_bits"":13312,""n"":3706,""n_cb"":12800,""n_cb_comp"":12704,""power_protocol"":""fixed_constellation_average_Es2"",""puncturing_bits"":9510,""puncturing_first_2Z"":512,""puncturing_remaining"":8998,""repetition_bits"":0,""scrambling"":""public_PCG64_SHA256_protocol_session_frame_group_counter_after_rate_matching_v1"",""shortening_bits"":96,""z"":256}",[2048]
QPSK,5/6,QPSK:r5/6,d5596ba553418339f112ac8b4223aa76e002785b5daef8fdcd5ec6c467b773ec,1704,16,0,1720,1760,40,5440,2074,1037,0,0.8293153326904532,0.8216007714561234,"{""actual_effective_rate"":0.8293153326904532,""bg"":""bg1"",""bit_mapping"":""component_Gray_00_-3_01_-1_10_3_11_1_over_sqrt5;QPSK_0_plus1_1_minus1"",""code_blocks"":1,""decoder_config"":{""cn_schedule"":""flooding"",""cn_update"":""boxplus-phi"",""early_stop"":false,""hard_out"":true,""harq_mode"":false,""llr_max"":20.0,""num_iter"":20,""precision"":""single"",""prune_pcm"":true,""return_infobits"":true,""vn_update"":""sum""},""implementation"":{""bit_mapping"":""component_Gray_00_-3_01_-1_10_3_11_1_over_sqrt5;QPSK_0_plus1_1_minus1"",""cuda"":""12.8"",""decoder"":{""cn_schedule"":""flooding"",""cn_update"":""boxplus-phi"",""early_stop"":false,""hard_out"":true,""harq_mode"":false,""llr_max"":20.0,""num_iter"":20,""precision"":""single"",""prune_pcm"":true,""return_infobits"":true,""vn_update"":""sum""},""decoder_source_sha256"":""44d84b92b749e2970f94d92cd348a11648e2286b4d851faa0af8b21d08f0da23"",""encoder_source_sha256"":""34d8db6660b2e84708a8fb534f63c194f6f2b964e3693fcffc9dcaf21532ccfd"",""implementation"":""Sionna_5G_LDPC"",""power_protocol"":""fixed_constellation_average_Es2"",""precision"":""float32"",""rate_matching"":""Sionna RV0; filler removal, first2Z and tail puncturing; supported n only"",""scrambling"":""public_PCG64_SHA256_protocol_session_frame_group_counter_after_rate_matching_v1"",""torch"":""2.11.0+cu128"",""version"":""2.2.0""},""interleaver_sha256"":""6b7d472653871840f3a310a9c4dc06fa7aa5caf2a5bcd5ea232ec49af471ff0a"",""k"":1720,""k_filler"":40,""k_ldpc"":1760,""layout_id"":""bb067e3511343e26afdc63ef27b353d54512df0fbe11927776b0a566e87be838"",""modulation_padding_bits"":0,""mother_bits"":5440,""n"":2074,""n_cb"":5280,""n_cb_comp"":5240,""power_protocol"":""fixed_constellation_average_Es2"",""puncturing_bits"":3326,""puncturing_first_2Z"":160,""puncturing_remaining"":3166,""repetition_bits"":0,""scrambling"":""public_PCG64_SHA256_protocol_session_frame_group_counter_after_rate_matching_v1"",""shortening_bits"":40,""z"":80}",[2048]
16QAM,3/4,16QAM:r3/4,d55f54761e6fdb4cf60eda15fd52bbe3126871cd55cc925e077508a474e0ac47,1092,16,0,1108,1120,12,5824,2320,580,0,0.47758620689655173,0.4706896551724138,"{""actual_effective_rate"":0.47758620689655173,""bg"":""bg2"",""bit_mapping"":""component_Gray_00_-3_01_-1_10_3_11_1_over_sqrt5;QPSK_0_plus1_1_minus1"",""code_blocks"":1,""decoder_config"":{""cn_schedule"":""flooding"",""cn_update"":""boxplus-phi"",""early_stop"":false,""hard_out"":true,""harq_mode"":false,""llr_max"":20.0,""num_iter"":20,""precision"":""single"",""prune_pcm"":true,""return_infobits"":true,""vn_update"":""sum""},""implementation"":{""bit_mapping"":""component_Gray_00_-3_01_-1_10_3_11_1_over_sqrt5;QPSK_0_plus1_1_minus1"",""cuda"":""12.8"",""decoder"":{""cn_schedule"":""flooding"",""cn_update"":""boxplus-phi"",""early_stop"":false,""hard_out"":true,""harq_mode"":false,""llr_max"":20.0,""num_iter"":20,""precision"":""single"",""prune_pcm"":true,""return_infobits"":true,""vn_update"":""sum""},""decoder_source_sha256"":""44d84b92b749e2970f94d92cd348a11648e2286b4d851faa0af8b21d08f0da23"",""encoder_source_sha256"":""34d8db6660b2e84708a8fb534f63c194f6f2b964e3693fcffc9dcaf21532ccfd"",""implementation"":""Sionna_5G_LDPC"",""power_protocol"":""fixed_constellation_average_Es2"",""precision"":""float32"",""rate_matching"":""Sionna RV0; filler removal, first2Z and tail puncturing; supported n only"",""scrambling"":""public_PCG64_SHA256_protocol_session_frame_group_counter_after_rate_matching_v1"",""torch"":""2.11.0+cu128"",""version"":""2.2.0""},""interleaver_sha256"":""15c9bad49af997653cb374c82809966eb818ef7e4077853cd7955aa507ddb1f6"",""k"":1108,""k_filler"":12,""k_ldpc"":1120,""layout_id"":""82a3f3b5f2acadd6576598760d6d3afdb052a7b1340eabffbe4a9e756b23279a"",""modulation_padding_bits"":0,""mother_bits"":5824,""n"":2320,""n_cb"":5600,""n_cb_comp"":5588,""power_protocol"":""fixed_constellation_average_Es2"",""puncturing_bits"":3492,""puncturing_first_2Z"":224,""puncturing_remaining"":3268,""repetition_bits"":0,""scrambling"":""public_PCG64_SHA256_protocol_session_frame_group_counter_after_rate_matching_v1"",""shortening_bits"":12,""z"":112}","[1024,2048]"
16QAM,1/2,16QAM:r1/2,d571cbc21fa6cce3b20c34f7f80fd91b37412e4c3cee2e865eb4d720e1f92b82,1200,16,0,1216,1280,64,6656,4748,1187,0,0.2561078348778433,0.2527379949452401,"{""actual_effective_rate"":0.2561078348778433,""bg"":""bg2"",""bit_mapping"":""component_Gray_00_-3_01_-1_10_3_11_1_over_sqrt5;QPSK_0_plus1_1_minus1"",""code_blocks"":1,""decoder_config"":{""cn_schedule"":""flooding"",""cn_update"":""boxplus-phi"",""early_stop"":false,""hard_out"":true,""harq_mode"":false,""llr_max"":20.0,""num_iter"":20,""precision"":""single"",""prune_pcm"":true,""return_infobits"":true,""vn_update"":""sum""},""implementation"":{""bit_mapping"":""component_Gray_00_-3_01_-1_10_3_11_1_over_sqrt5;QPSK_0_plus1_1_minus1"",""cuda"":""12.8"",""decoder"":{""cn_schedule"":""flooding"",""cn_update"":""boxplus-phi"",""early_stop"":false,""hard_out"":true,""harq_mode"":false,""llr_max"":20.0,""num_iter"":20,""precision"":""single"",""prune_pcm"":true,""return_infobits"":true,""vn_update"":""sum""},""decoder_source_sha256"":""44d84b92b749e2970f94d92cd348a11648e2286b4d851faa0af8b21d08f0da23"",""encoder_source_sha256"":""34d8db6660b2e84708a8fb534f63c194f6f2b964e3693fcffc9dcaf21532ccfd"",""implementation"":""Sionna_5G_LDPC"",""power_protocol"":""fixed_constellation_average_Es2"",""precision"":""float32"",""rate_matching"":""Sionna RV0; filler removal, first2Z and tail puncturing; supported n only"",""scrambling"":""public_PCG64_SHA256_protocol_session_frame_group_counter_after_rate_matching_v1"",""torch"":""2.11.0+cu128"",""version"":""2.2.0""},""interleaver_sha256"":""60d27fcfcf0646b4f9c8360f5fd1f515733485e55c1f1741eae16c4e61d50a1b"",""k"":1216,""k_filler"":64,""k_ldpc"":1280,""layout_id"":""9ac2c5e192e775afbb93ce97e44df4f6a96f981782adf34ee1247e8a7a09f707"",""modulation_padding_bits"":0,""mother_bits"":6656,""n"":4748,""n_cb"":6400,""n_cb_comp"":6336,""power_protocol"":""fixed_constellation_average_Es2"",""puncturing_bits"":1844,""puncturing_first_2Z"":256,""puncturing_remaining"":1588,""repetition_bits"":0,""scrambling"":""public_PCG64_SHA256_protocol_session_frame_group_counter_after_rate_matching_v1"",""shortening_bits"":64,""z"":128}",[2048]
QPSK,2/3,QPSK:r2/3,d57213c681feb483a83725bc4c24a73138293d86de387b568ca398fafe1a7f41,408,16,0,424,560,136,2912,2098,1049,0,0.2020972354623451,0.19447092469018112,"{""actual_effective_rate"":0.2020972354623451,""bg"":""bg2"",""bit_mapping"":""component_Gray_00_-3_01_-1_10_3_11_1_over_sqrt5;QPSK_0_plus1_1_minus1"",""code_blocks"":1,""decoder_config"":{""cn_schedule"":""flooding"",""cn_update"":""boxplus-phi"",""early_stop"":false,""hard_out"":true,""harq_mode"":false,""llr_max"":20.0,""num_iter"":20,""precision"":""single"",""prune_pcm"":true,""return_infobits"":true,""vn_update"":""sum""},""implementation"":{""bit_mapping"":""component_Gray_00_-3_01_-1_10_3_11_1_over_sqrt5;QPSK_0_plus1_1_minus1"",""cuda"":""12.8"",""decoder"":{""cn_schedule"":""flooding"",""cn_update"":""boxplus-phi"",""early_stop"":false,""hard_out"":true,""harq_mode"":false,""llr_max"":20.0,""num_iter"":20,""precision"":""single"",""prune_pcm"":true,""return_infobits"":true,""vn_update"":""sum""},""decoder_source_sha256"":""44d84b92b749e2970f94d92cd348a11648e2286b4d851faa0af8b21d08f0da23"",""encoder_source_sha256"":""34d8db6660b2e84708a8fb534f63c194f6f2b964e3693fcffc9dcaf21532ccfd"",""implementation"":""Sionna_5G_LDPC"",""power_protocol"":""fixed_constellation_average_Es2"",""precision"":""float32"",""rate_matching"":""Sionna RV0; filler removal, first2Z and tail puncturing; supported n only"",""scrambling"":""public_PCG64_SHA256_protocol_session_frame_group_counter_after_rate_matching_v1"",""torch"":""2.11.0+cu128"",""version"":""2.2.0""},""interleaver_sha256"":""7923a8e46602b3fbf6186012c8d2cf864b576cd26065dbbc12582f277d81b0c0"",""k"":424,""k_filler"":136,""k_ldpc"":560,""layout_id"":""ba501690df333692f23d7876224b572f6e48ff0ec6086ff1c55e64c43b2a8f3f"",""modulation_padding_bits"":0,""mother_bits"":2912,""n"":2098,""n_cb"":2800,""n_cb_comp"":2664,""power_protocol"":""fixed_constellation_average_Es2"",""puncturing_bits"":678,""puncturing_first_2Z"":112,""puncturing_remaining"":566,""repetition_bits"":0,""scrambling"":""public_PCG64_SHA256_protocol_session_frame_group_counter_after_rate_matching_v1"",""shortening_bits"":136,""z"":56}",[2048]
16QAM,2/3,16QAM:r2/3,d57eb2390a3260dda013147d9dbb05e2c3ebe5fe78c21e98f95b390d1443dcac,1848,16,0,1864,1920,56,9984,2796,699,0,0.6666666666666666,0.6609442060085837,"{""actual_effective_rate"":0.6666666666666666,""bg"":""bg2"",""bit_mapping"":""component_Gray_00_-3_01_-1_10_3_11_1_over_sqrt5;QPSK_0_plus1_1_minus1"",""code_blocks"":1,""decoder_config"":{""cn_schedule"":""flooding"",""cn_update"":""boxplus-phi"",""early_stop"":false,""hard_out"":true,""harq_mode"":false,""llr_max"":20.0,""num_iter"":20,""precision"":""single"",""prune_pcm"":true,""return_infobits"":true,""vn_update"":""sum""},""implementation"":{""bit_mapping"":""component_Gray_00_-3_01_-1_10_3_11_1_over_sqrt5;QPSK_0_plus1_1_minus1"",""cuda"":""12.8"",""decoder"":{""cn_schedule"":""flooding"",""cn_update"":""boxplus-phi"",""early_stop"":false,""hard_out"":true,""harq_mode"":false,""llr_max"":20.0,""num_iter"":20,""precision"":""single"",""prune_pcm"":true,""return_infobits"":true,""vn_update"":""sum""},""decoder_source_sha256"":""44d84b92b749e2970f94d92cd348a11648e2286b4d851faa0af8b21d08f0da23"",""encoder_source_sha256"":""34d8db6660b2e84708a8fb534f63c194f6f2b964e3693fcffc9dcaf21532ccfd"",""implementation"":""Sionna_5G_LDPC"",""power_protocol"":""fixed_constellation_average_Es2"",""precision"":""float32"",""rate_matching"":""Sionna RV0; filler removal, first2Z and tail puncturing; supported n only"",""scrambling"":""public_PCG64_SHA256_protocol_session_frame_group_counter_after_rate_matching_v1"",""torch"":""2.11.0+cu128"",""version"":""2.2.0""},""interleaver_sha256"":""31ed7da271bd254cd6e985c8b28bebb658ee97c2bcec892317ac364752c198cc"",""k"":1864,""k_filler"":56,""k_ldpc"":1920,""layout_id"":""920c32444896b317e9458d7e477aa7aa0bc49955d0ff5570a4ce23c752129948"",""modulation_padding_bits"":0,""mother_bits"":9984,""n"":2796,""n_cb"":9600,""n_cb_comp"":9544,""power_protocol"":""fixed_constellation_average_Es2"",""puncturing_bits"":7132,""puncturing_first_2Z"":384,""puncturing_remaining"":6748,""repetition_bits"":0,""scrambling"":""public_PCG64_SHA256_protocol_session_frame_group_counter_after_rate_matching_v1"",""shortening_bits"":56,""z"":192}",[1024]
QPSK,5/6,QPSK:r5/6,d5964176a383550806c6a950cb2e3b938d2f7c0d19c1e8a2432a2181ad1cc93e,660,16,0,676,720,44,3744,2434,1217,0,0.2777321281840592,0.27115858668857845,"{""actual_effective_rate"":0.2777321281840592,""bg"":""bg2"",""bit_mapping"":""component_Gray_00_-3_01_-1_10_3_11_1_over_sqrt5;QPSK_0_plus1_1_minus1"",""code_blocks"":1,""decoder_config"":{""cn_schedule"":""flooding"",""cn_update"":""boxplus-phi"",""early_stop"":false,""hard_out"":true,""harq_mode"":false,""llr_max"":20.0,""num_iter"":20,""precision"":""single"",""prune_pcm"":true,""return_infobits"":true,""vn_update"":""sum""},""implementation"":{""bit_mapping"":""component_Gray_00_-3_01_-1_10_3_11_1_over_sqrt5;QPSK_0_plus1_1_minus1"",""cuda"":""12.8"",""decoder"":{""cn_schedule"":""flooding"",""cn_update"":""boxplus-phi"",""early_stop"":false,""hard_out"":true,""harq_mode"":false,""llr_max"":20.0,""num_iter"":20,""precision"":""single"",""prune_pcm"":true,""return_infobits"":true,""vn_update"":""sum""},""decoder_source_sha256"":""44d84b92b749e2970f94d92cd348a11648e2286b4d851faa0af8b21d08f0da23"",""encoder_source_sha256"":""34d8db6660b2e84708a8fb534f63c194f6f2b964e3693fcffc9dcaf21532ccfd"",""implementation"":""Sionna_5G_LDPC"",""power_protocol"":""fixed_constellation_average_Es2"",""precision"":""float32"",""rate_matching"":""Sionna RV0; filler removal, first2Z and tail puncturing; supported n only"",""scrambling"":""public_PCG64_SHA256_protocol_session_frame_group_counter_after_rate_matching_v1"",""torch"":""2.11.0+cu128"",""version"":""2.2.0""},""interleaver_sha256"":""0ed1e3f6c691e3299461c9e508419337cec2c63cf44724aceebfc956b447da5d"",""k"":676,""k_filler"":44,""k_ldpc"":720,""layout_id"":""1f8cb1284bee2ca8f6be15f2fcd419e7894fd823416b9f6fc538ab8731c5fad2"",""modulation_padding_bits"":0,""mother_bits"":3744,""n"":2434,""n_cb"":3600,""n_cb_comp"":3556,""power_protocol"":""fixed_constellation_average_Es2"",""puncturing_bits"":1266,""puncturing_first_2Z"":144,""puncturing_remaining"":1122,""repetition_bits"":0,""scrambling"":""public_PCG64_SHA256_protocol_session_frame_group_counter_after_rate_matching_v1"",""shortening_bits"":44,""z"":72}",[2048]
16QAM,5/6,16QAM:r5/6,d59cdcbf755c32321a7d5252e15d0078ad0d51464ab5f01d48809e53330123d2,4068,16,0,4084,4224,140,13056,4904,1226,0,0.83278955954323,0.8295269168026101,"{""actual_effective_rate"":0.83278955954323,""bg"":""bg1"",""bit_mapping"":""component_Gray_00_-3_01_-1_10_3_11_1_over_sqrt5;QPSK_0_plus1_1_minus1"",""code_blocks"":1,""decoder_config"":{""cn_schedule"":""flooding"",""cn_update"":""boxplus-phi"",""early_stop"":false,""hard_out"":true,""harq_mode"":false,""llr_max"":20.0,""num_iter"":20,""precision"":""single"",""prune_pcm"":true,""return_infobits"":true,""vn_update"":""sum""},""implementation"":{""bit_mapping"":""component_Gray_00_-3_01_-1_10_3_11_1_over_sqrt5;QPSK_0_plus1_1_minus1"",""cuda"":""12.8"",""decoder"":{""cn_schedule"":""flooding"",""cn_update"":""boxplus-phi"",""early_stop"":false,""hard_out"":true,""harq_mode"":false,""llr_max"":20.0,""num_iter"":20,""precision"":""single"",""prune_pcm"":true,""return_infobits"":true,""vn_update"":""sum""},""decoder_source_sha256"":""44d84b92b749e2970f94d92cd348a11648e2286b4d851faa0af8b21d08f0da23"",""encoder_source_sha256"":""34d8db6660b2e84708a8fb534f63c194f6f2b964e3693fcffc9dcaf21532ccfd"",""implementation"":""Sionna_5G_LDPC"",""power_protocol"":""fixed_constellation_average_Es2"",""precision"":""float32"",""rate_matching"":""Sionna RV0; filler removal, first2Z and tail puncturing; supported n only"",""scrambling"":""public_PCG64_SHA256_protocol_session_frame_group_counter_after_rate_matching_v1"",""torch"":""2.11.0+cu128"",""version"":""2.2.0""},""interleaver_sha256"":""2e79b593fb4e6a00583c594e1f255ad9bb903638dfb75859e964e467027a0d03"",""k"":4084,""k_filler"":140,""k_ldpc"":4224,""layout_id"":""e5b5ee52907c6c81e17b933fac5e90f823eae525beb4ce926ddaa3854856029a"",""modulation_padding_bits"":0,""mother_bits"":13056,""n"":4904,""n_cb"":12672,""n_cb_comp"":12532,""power_protocol"":""fixed_constellation_average_Es2"",""puncturing_bits"":8012,""puncturing_first_2Z"":384,""puncturing_remaining"":7628,""repetition_bits"":0,""scrambling"":""public_PCG64_SHA256_protocol_session_frame_group_counter_after_rate_matching_v1"",""shortening_bits"":140,""z"":192}",[2048]
16QAM,2/3,16QAM:r2/3,d5a7ce651ec2cc219326097a9bf57c447533fb87b868f623bf82190eae4e55f8,576,16,0,592,720,128,3744,1328,332,0,0.4457831325301205,0.43373493975903615,"{""actual_effective_rate"":0.4457831325301205,""bg"":""bg2"",""bit_mapping"":""component_Gray_00_-3_01_-1_10_3_11_1_over_sqrt5;QPSK_0_plus1_1_minus1"",""code_blocks"":1,""decoder_config"":{""cn_schedule"":""flooding"",""cn_update"":""boxplus-phi"",""early_stop"":false,""hard_out"":true,""harq_mode"":false,""llr_max"":20.0,""num_iter"":20,""precision"":""single"",""prune_pcm"":true,""return_infobits"":true,""vn_update"":""sum""},""implementation"":{""bit_mapping"":""component_Gray_00_-3_01_-1_10_3_11_1_over_sqrt5;QPSK_0_plus1_1_minus1"",""cuda"":""12.8"",""decoder"":{""cn_schedule"":""flooding"",""cn_update"":""boxplus-phi"",""early_stop"":false,""hard_out"":true,""harq_mode"":false,""llr_max"":20.0,""num_iter"":20,""precision"":""single"",""prune_pcm"":true,""return_infobits"":true,""vn_update"":""sum""},""decoder_source_sha256"":""44d84b92b749e2970f94d92cd348a11648e2286b4d851faa0af8b21d08f0da23"",""encoder_source_sha256"":""34d8db6660b2e84708a8fb534f63c194f6f2b964e3693fcffc9dcaf21532ccfd"",""implementation"":""Sionna_5G_LDPC"",""power_protocol"":""fixed_constellation_average_Es2"",""precision"":""float32"",""rate_matching"":""Sionna RV0; filler removal, first2Z and tail puncturing; supported n only"",""scrambling"":""public_PCG64_SHA256_protocol_session_frame_group_counter_after_rate_matching_v1"",""torch"":""2.11.0+cu128"",""version"":""2.2.0""},""interleaver_sha256"":""f7ed3ef1e2bd8f3dccad29adfdea4422b329e1ed02dd684bc5b6af7928030ff1"",""k"":592,""k_filler"":128,""k_ldpc"":720,""layout_id"":""b5a7449b9d1424b2246550c6ed9b43ed2eda871cc9a192dfb5deae011ef7bd6d"",""modulation_padding_bits"":0,""mother_bits"":3744,""n"":1328,""n_cb"":3600,""n_cb_comp"":3472,""power_protocol"":""fixed_constellation_average_Es2"",""puncturing_bits"":2288,""puncturing_first_2Z"":144,""puncturing_remaining"":2144,""repetition_bits"":0,""scrambling"":""public_PCG64_SHA256_protocol_session_frame_group_counter_after_rate_matching_v1"",""shortening_bits"":128,""z"":72}",[1024]
QPSK,2/3,QPSK:r2/3,d5c42034f9161f6730e3325df1683b4c2b4a6a16c7dde1177361751991dbd0d1,660,16,0,676,720,44,3744,1026,513,0,0.6588693957115009,0.6432748538011696,"{""actual_effective_rate"":0.6588693957115009,""bg"":""bg2"",""bit_mapping"":""component_Gray_00_-3_01_-1_10_3_11_1_over_sqrt5;QPSK_0_plus1_1_minus1"",""code_blocks"":1,""decoder_config"":{""cn_schedule"":""flooding"",""cn_update"":""boxplus-phi"",""early_stop"":false,""hard_out"":true,""harq_mode"":false,""llr_max"":20.0,""num_iter"":20,""precision"":""single"",""prune_pcm"":true,""return_infobits"":true,""vn_update"":""sum""},""implementation"":{""bit_mapping"":""component_Gray_00_-3_01_-1_10_3_11_1_over_sqrt5;QPSK_0_plus1_1_minus1"",""cuda"":""12.8"",""decoder"":{""cn_schedule"":""flooding"",""cn_update"":""boxplus-phi"",""early_stop"":false,""hard_out"":true,""harq_mode"":false,""llr_max"":20.0,""num_iter"":20,""precision"":""single"",""prune_pcm"":true,""return_infobits"":true,""vn_update"":""sum""},""decoder_source_sha256"":""44d84b92b749e2970f94d92cd348a11648e2286b4d851faa0af8b21d08f0da23"",""encoder_source_sha256"":""34d8db6660b2e84708a8fb534f63c194f6f2b964e3693fcffc9dcaf21532ccfd"",""implementation"":""Sionna_5G_LDPC"",""power_protocol"":""fixed_constellation_average_Es2"",""precision"":""float32"",""rate_matching"":""Sionna RV0; filler removal, first2Z and tail puncturing; supported n only"",""scrambling"":""public_PCG64_SHA256_protocol_session_frame_group_counter_after_rate_matching_v1"",""torch"":""2.11.0+cu128"",""version"":""2.2.0""},""interleaver_sha256"":""a968c6743ccf5334983b8683f1da440ae41b6f3adf4570386a68095b986dd318"",""k"":676,""k_filler"":44,""k_ldpc"":720,""layout_id"":""1c5989ddef2dc9149660388ad711c92aedab788e7af4a92b2c989f5814663a55"",""modulation_padding_bits"":0,""mother_bits"":3744,""n"":1026,""n_cb"":3600,""n_cb_comp"":3556,""power_protocol"":""fixed_constellation_average_Es2"",""puncturing_bits"":2674,""puncturing_first_2Z"":144,""puncturing_remaining"":2530,""repetition_bits"":0,""scrambling"":""public_PCG64_SHA256_protocol_session_frame_group_counter_after_rate_matching_v1"",""shortening_bits"":44,""z"":72}","[1024,2048]"
16QAM,2/3,16QAM:r2/3,d5c7815e34cde3b5cf0d87c2dc1731901372118ff5b2c4d22175d83f3356dd1a,660,16,0,676,720,44,3744,3376,844,0,0.20023696682464456,0.19549763033175355,"{""actual_effective_rate"":0.20023696682464456,""bg"":""bg2"",""bit_mapping"":""component_Gray_00_-3_01_-1_10_3_11_1_over_sqrt5;QPSK_0_plus1_1_minus1"",""code_blocks"":1,""decoder_config"":{""cn_schedule"":""flooding"",""cn_update"":""boxplus-phi"",""early_stop"":false,""hard_out"":true,""harq_mode"":false,""llr_max"":20.0,""num_iter"":20,""precision"":""single"",""prune_pcm"":true,""return_infobits"":true,""vn_update"":""sum""},""implementation"":{""bit_mapping"":""component_Gray_00_-3_01_-1_10_3_11_1_over_sqrt5;QPSK_0_plus1_1_minus1"",""cuda"":""12.8"",""decoder"":{""cn_schedule"":""flooding"",""cn_update"":""boxplus-phi"",""early_stop"":false,""hard_out"":true,""harq_mode"":false,""llr_max"":20.0,""num_iter"":20,""precision"":""single"",""prune_pcm"":true,""return_infobits"":true,""vn_update"":""sum""},""decoder_source_sha256"":""44d84b92b749e2970f94d92cd348a11648e2286b4d851faa0af8b21d08f0da23"",""encoder_source_sha256"":""34d8db6660b2e84708a8fb534f63c194f6f2b964e3693fcffc9dcaf21532ccfd"",""implementation"":""Sionna_5G_LDPC"",""power_protocol"":""fixed_constellation_average_Es2"",""precision"":""float32"",""rate_matching"":""Sionna RV0; filler removal, first2Z and tail puncturing; supported n only"",""scrambling"":""public_PCG64_SHA256_protocol_session_frame_group_counter_after_rate_matching_v1"",""torch"":""2.11.0+cu128"",""version"":""2.2.0""},""interleaver_sha256"":""01e8ce32a9ac3640365de2b0fc6e2fc5a38844f5dd41a45984ff660c35f89c8e"",""k"":676,""k_filler"":44,""k_ldpc"":720,""layout_id"":""5403f425f691afa2e03331742af218713433fd06040e70f2f8b92c2fba590193"",""modulation_padding_bits"":0,""mother_bits"":3744,""n"":3376,""n_cb"":3600,""n_cb_comp"":3556,""power_protocol"":""fixed_constellation_average_Es2"",""puncturing_bits"":324,""puncturing_first_2Z"":144,""puncturing_remaining"":180,""repetition_bits"":0,""scrambling"":""public_PCG64_SHA256_protocol_session_frame_group_counter_after_rate_matching_v1"",""shortening_bits"":44,""z"":72}",[2048]
QPSK,1/3,QPSK:r1/3,d5cca715ede1d04cf1f4057ab3dd3de6c419a73851c10e0d4f5964ff77c205a7,360,16,0,376,480,104,2496,1864,932,0,0.2017167381974249,0.19313304721030042,"{""actual_effective_rate"":0.2017167381974249,""bg"":""bg2"",""bit_mapping"":""component_Gray_00_-3_01_-1_10_3_11_1_over_sqrt5;QPSK_0_plus1_1_minus1"",""code_blocks"":1,""decoder_config"":{""cn_schedule"":""flooding"",""cn_update"":""boxplus-phi"",""early_stop"":false,""hard_out"":true,""harq_mode"":false,""llr_max"":20.0,""num_iter"":20,""precision"":""single"",""prune_pcm"":true,""return_infobits"":true,""vn_update"":""sum""},""implementation"":{""bit_mapping"":""component_Gray_00_-3_01_-1_10_3_11_1_over_sqrt5;QPSK_0_plus1_1_minus1"",""cuda"":""12.8"",""decoder"":{""cn_schedule"":""flooding"",""cn_update"":""boxplus-phi"",""early_stop"":false,""hard_out"":true,""harq_mode"":false,""llr_max"":20.0,""num_iter"":20,""precision"":""single"",""prune_pcm"":true,""return_infobits"":true,""vn_update"":""sum""},""decoder_source_sha256"":""44d84b92b749e2970f94d92cd348a11648e2286b4d851faa0af8b21d08f0da23"",""encoder_source_sha256"":""34d8db6660b2e84708a8fb534f63c194f6f2b964e3693fcffc9dcaf21532ccfd"",""implementation"":""Sionna_5G_LDPC"",""power_protocol"":""fixed_constellation_average_Es2"",""precision"":""float32"",""rate_matching"":""Sionna RV0; filler removal, first2Z and tail puncturing; supported n only"",""scrambling"":""public_PCG64_SHA256_protocol_session_frame_group_counter_after_rate_matching_v1"",""torch"":""2.11.0+cu128"",""version"":""2.2.0""},""interleaver_sha256"":""d5bbc7422d448e681a7e41b0b876f318ec06da7032d887abeb11d42b02bf7709"",""k"":376,""k_filler"":104,""k_ldpc"":480,""layout_id"":""707c59dd7be54f3a9191acce91098c8ec865f6b2e7071a56a9342c2f33bfa712"",""modulation_padding_bits"":0,""mother_bits"":2496,""n"":1864,""n_cb"":2400,""n_cb_comp"":2296,""power_protocol"":""fixed_constellation_average_Es2"",""puncturing_bits"":528,""puncturing_first_2Z"":96,""puncturing_remaining"":432,""repetition_bits"":0,""scrambling"":""public_PCG64_SHA256_protocol_session_frame_group_counter_after_rate_matching_v1"",""shortening_bits"":104,""z"":48}",[2048]
16QAM,1/2,16QAM:r1/2,d5cf03108e34679bd97e14af24b548ce08f66ad3485ad3dfb0ca6b1e94463a0d,1152,16,0,1168,1200,32,6240,2340,585,0,0.49914529914529915,0.49230769230769234,"{""actual_effective_rate"":0.49914529914529915,""bg"":""bg2"",""bit_mapping"":""component_Gray_00_-3_01_-1_10_3_11_1_over_sqrt5;QPSK_0_plus1_1_minus1"",""code_blocks"":1,""decoder_config"":{""cn_schedule"":""flooding"",""cn_update"":""boxplus-phi"",""early_stop"":false,""hard_out"":true,""harq_mode"":false,""llr_max"":20.0,""num_iter"":20,""precision"":""single"",""prune_pcm"":true,""return_infobits"":true,""vn_update"":""sum""},""implementation"":{""bit_mapping"":""component_Gray_00_-3_01_-1_10_3_11_1_over_sqrt5;QPSK_0_plus1_1_minus1"",""cuda"":""12.8"",""decoder"":{""cn_schedule"":""flooding"",""cn_update"":""boxplus-phi"",""early_stop"":false,""hard_out"":true,""harq_mode"":false,""llr_max"":20.0,""num_iter"":20,""precision"":""single"",""prune_pcm"":true,""return_infobits"":true,""vn_update"":""sum""},""decoder_source_sha256"":""44d84b92b749e2970f94d92cd348a11648e2286b4d851faa0af8b21d08f0da23"",""encoder_source_sha256"":""34d8db6660b2e84708a8fb534f63c194f6f2b964e3693fcffc9dcaf21532ccfd"",""implementation"":""Sionna_5G_LDPC"",""power_protocol"":""fixed_constellation_average_Es2"",""precision"":""float32"",""rate_matching"":""Sionna RV0; filler removal, first2Z and tail puncturing; supported n only"",""scrambling"":""public_PCG64_SHA256_protocol_session_frame_group_counter_after_rate_matching_v1"",""torch"":""2.11.0+cu128"",""version"":""2.2.0""},""interleaver_sha256"":""7529bae115881924f63f8d5c1af192383a8e9070ef45c4c048dcfa46d4ef61ba"",""k"":1168,""k_filler"":32,""k_ldpc"":1200,""layout_id"":""7747ed961178f554e3b611d4b3e20e6e1de6e72b3b14e2b021654208f285d3c1"",""modulation_padding_bits"":0,""mother_bits"":6240,""n"":2340,""n_cb"":6000,""n_cb_comp"":5968,""power_protocol"":""fixed_constellation_average_Es2"",""puncturing_bits"":3868,""puncturing_first_2Z"":240,""puncturing_remaining"":3628,""repetition_bits"":0,""scrambling"":""public_PCG64_SHA256_protocol_session_frame_group_counter_after_rate_matching_v1"",""shortening_bits"":32,""z"":120}",[1024]
16QAM,5/6,16QAM:r5/6,d5d83518dc62d97fa3d220acd0b3937757e73db8f4aec8ac38bec01cef4123ff,360,16,0,376,480,104,2496,1236,309,0,0.3042071197411003,0.2912621359223301,"{""actual_effective_rate"":0.3042071197411003,""bg"":""bg2"",""bit_mapping"":""component_Gray_00_-3_01_-1_10_3_11_1_over_sqrt5;QPSK_0_plus1_1_minus1"",""code_blocks"":1,""decoder_config"":{""cn_schedule"":""flooding"",""cn_update"":""boxplus-phi"",""early_stop"":false,""hard_out"":true,""harq_mode"":false,""llr_max"":20.0,""num_iter"":20,""precision"":""single"",""prune_pcm"":true,""return_infobits"":true,""vn_update"":""sum""},""implementation"":{""bit_mapping"":""component_Gray_00_-3_01_-1_10_3_11_1_over_sqrt5;QPSK_0_plus1_1_minus1"",""cuda"":""12.8"",""decoder"":{""cn_schedule"":""flooding"",""cn_update"":""boxplus-phi"",""early_stop"":false,""hard_out"":true,""harq_mode"":false,""llr_max"":20.0,""num_iter"":20,""precision"":""single"",""prune_pcm"":true,""return_infobits"":true,""vn_update"":""sum""},""decoder_source_sha256"":""44d84b92b749e2970f94d92cd348a11648e2286b4d851faa0af8b21d08f0da23"",""encoder_source_sha256"":""34d8db6660b2e84708a8fb534f63c194f6f2b964e3693fcffc9dcaf21532ccfd"",""implementation"":""Sionna_5G_LDPC"",""power_protocol"":""fixed_constellation_average_Es2"",""precision"":""float32"",""rate_matching"":""Sionna RV0; filler removal, first2Z and tail puncturing; supported n only"",""scrambling"":""public_PCG64_SHA256_protocol_session_frame_group_counter_after_rate_matching_v1"",""torch"":""2.11.0+cu128"",""version"":""2.2.0""},""interleaver_sha256"":""7a232c39bd37152045f2cf2f316cae2c5f6a5622aac2b2b8e4d88b323142491c"",""k"":376,""k_filler"":104,""k_ldpc"":480,""layout_id"":""b5c39a66729021c323e9272b3a4420a2573b872df47c2659f444f02b91f57958"",""modulation_padding_bits"":0,""mother_bits"":2496,""n"":1236,""n_cb"":2400,""n_cb_comp"":2296,""power_protocol"":""fixed_constellation_average_Es2"",""puncturing_bits"":1156,""puncturing_first_2Z"":96,""puncturing_remaining"":1060,""repetition_bits"":0,""scrambling"":""public_PCG64_SHA256_protocol_session_frame_group_counter_after_rate_matching_v1"",""shortening_bits"":104,""z"":48}","[1024,2048]"
QPSK,5/6,QPSK:r5/6,d5e5451135f9f1ebef34f673b0c7c80d3d6b688af615126284db4186cd4e7f3e,1092,16,0,1108,1120,12,5824,3618,1809,0,0.3062465450525152,0.3018242122719735,"{""actual_effective_rate"":0.3062465450525152,""bg"":""bg2"",""bit_mapping"":""component_Gray_00_-3_01_-1_10_3_11_1_over_sqrt5;QPSK_0_plus1_1_minus1"",""code_blocks"":1,""decoder_config"":{""cn_schedule"":""flooding"",""cn_update"":""boxplus-phi"",""early_stop"":false,""hard_out"":true,""harq_mode"":false,""llr_max"":20.0,""num_iter"":20,""precision"":""single"",""prune_pcm"":true,""return_infobits"":true,""vn_update"":""sum""},""implementation"":{""bit_mapping"":""component_Gray_00_-3_01_-1_10_3_11_1_over_sqrt5;QPSK_0_plus1_1_minus1"",""cuda"":""12.8"",""decoder"":{""cn_schedule"":""flooding"",""cn_update"":""boxplus-phi"",""early_stop"":false,""hard_out"":true,""harq_mode"":false,""llr_max"":20.0,""num_iter"":20,""precision"":""single"",""prune_pcm"":true,""return_infobits"":true,""vn_update"":""sum""},""decoder_source_sha256"":""44d84b92b749e2970f94d92cd348a11648e2286b4d851faa0af8b21d08f0da23"",""encoder_source_sha256"":""34d8db6660b2e84708a8fb534f63c194f6f2b964e3693fcffc9dcaf21532ccfd"",""implementation"":""Sionna_5G_LDPC"",""power_protocol"":""fixed_constellation_average_Es2"",""precision"":""float32"",""rate_matching"":""Sionna RV0; filler removal, first2Z and tail puncturing; supported n only"",""scrambling"":""public_PCG64_SHA256_protocol_session_frame_group_counter_after_rate_matching_v1"",""torch"":""2.11.0+cu128"",""version"":""2.2.0""},""interleaver_sha256"":""a408780213e656a75228dcac7d51fb8372b38e5670b11f26a41b8900a296577b"",""k"":1108,""k_filler"":12,""k_ldpc"":1120,""layout_id"":""bb6ec2429f59ec60b21604dd69e7400c32c9d8bc298cde676e2168b025dc8f69"",""modulation_padding_bits"":0,""mother_bits"":5824,""n"":3618,""n_cb"":5600,""n_cb_comp"":5588,""power_protocol"":""fixed_constellation_average_Es2"",""puncturing_bits"":2194,""puncturing_first_2Z"":224,""puncturing_remaining"":1970,""repetition_bits"":0,""scrambling"":""public_PCG64_SHA256_protocol_session_frame_group_counter_after_rate_matching_v1"",""shortening_bits"":12,""z"":112}",[2048]
QPSK,5/6,QPSK:r5/6,d5ef08c3adb5c7ac2b0f8da6df53aa16b52c48030434ff44b63e630aeaeee32a,2700,16,0,2716,2816,100,8704,3430,1715,0,0.7918367346938775,0.7871720116618076,"{""actual_effective_rate"":0.7918367346938775,""bg"":""bg1"",""bit_mapping"":""component_Gray_00_-3_01_-1_10_3_11_1_over_sqrt5;QPSK_0_plus1_1_minus1"",""code_blocks"":1,""decoder_config"":{""cn_schedule"":""flooding"",""cn_update"":""boxplus-phi"",""early_stop"":false,""hard_out"":true,""harq_mode"":false,""llr_max"":20.0,""num_iter"":20,""precision"":""single"",""prune_pcm"":true,""return_infobits"":true,""vn_update"":""sum""},""implementation"":{""bit_mapping"":""component_Gray_00_-3_01_-1_10_3_11_1_over_sqrt5;QPSK_0_plus1_1_minus1"",""cuda"":""12.8"",""decoder"":{""cn_schedule"":""flooding"",""cn_update"":""boxplus-phi"",""early_stop"":false,""hard_out"":true,""harq_mode"":false,""llr_max"":20.0,""num_iter"":20,""precision"":""single"",""prune_pcm"":true,""return_infobits"":true,""vn_update"":""sum""},""decoder_source_sha256"":""44d84b92b749e2970f94d92cd348a11648e2286b4d851faa0af8b21d08f0da23"",""encoder_source_sha256"":""34d8db6660b2e84708a8fb534f63c194f6f2b964e3693fcffc9dcaf21532ccfd"",""implementation"":""Sionna_5G_LDPC"",""power_protocol"":""fixed_constellation_average_Es2"",""precision"":""float32"",""rate_matching"":""Sionna RV0; filler removal, first2Z and tail puncturing; supported n only"",""scrambling"":""public_PCG64_SHA256_protocol_session_frame_group_counter_after_rate_matching_v1"",""torch"":""2.11.0+cu128"",""version"":""2.2.0""},""interleaver_sha256"":""57dc2a008f4648aa6c17c5116fa2043997bfd3ba0752fb9532920736f37aa809"",""k"":2716,""k_filler"":100,""k_ldpc"":2816,""layout_id"":""58e3c2251e927c2341cee0bdb8d49a5e646b0269609df16d2ae1cece3b094faf"",""modulation_padding_bits"":0,""mother_bits"":8704,""n"":3430,""n_cb"":8448,""n_cb_comp"":8348,""power_protocol"":""fixed_constellation_average_Es2"",""puncturing_bits"":5174,""puncturing_first_2Z"":256,""puncturing_remaining"":4918,""repetition_bits"":0,""scrambling"":""public_PCG64_SHA256_protocol_session_frame_group_counter_after_rate_matching_v1"",""shortening_bits"":100,""z"":128}",[2048]
QPSK,1/3,QPSK:r1/3,d5f32155938c540514ad4184c564b2460cd4634510b2bdbd94701e26cf60b1d2,384,16,0,400,520,120,2704,1200,600,0,0.3333333333333333,0.32,"{""actual_effective_rate"":0.3333333333333333,""bg"":""bg2"",""bit_mapping"":""component_Gray_00_-3_01_-1_10_3_11_1_over_sqrt5;QPSK_0_plus1_1_minus1"",""code_blocks"":1,""decoder_config"":{""cn_schedule"":""flooding"",""cn_update"":""boxplus-phi"",""early_stop"":false,""hard_out"":true,""harq_mode"":false,""llr_max"":20.0,""num_iter"":20,""precision"":""single"",""prune_pcm"":true,""return_infobits"":true,""vn_update"":""sum""},""implementation"":{""bit_mapping"":""component_Gray_00_-3_01_-1_10_3_11_1_over_sqrt5;QPSK_0_plus1_1_minus1"",""cuda"":""12.8"",""decoder"":{""cn_schedule"":""flooding"",""cn_update"":""boxplus-phi"",""early_stop"":false,""hard_out"":true,""harq_mode"":false,""llr_max"":20.0,""num_iter"":20,""precision"":""single"",""prune_pcm"":true,""return_infobits"":true,""vn_update"":""sum""},""decoder_source_sha256"":""44d84b92b749e2970f94d92cd348a11648e2286b4d851faa0af8b21d08f0da23"",""encoder_source_sha256"":""34d8db6660b2e84708a8fb534f63c194f6f2b964e3693fcffc9dcaf21532ccfd"",""implementation"":""Sionna_5G_LDPC"",""power_protocol"":""fixed_constellation_average_Es2"",""precision"":""float32"",""rate_matching"":""Sionna RV0; filler removal, first2Z and tail puncturing; supported n only"",""scrambling"":""public_PCG64_SHA256_protocol_session_frame_group_counter_after_rate_matching_v1"",""torch"":""2.11.0+cu128"",""version"":""2.2.0""},""interleaver_sha256"":""01d87e84e49a104585f68620eff98ce824d899022b4cac41b33654db478615d3"",""k"":400,""k_filler"":120,""k_ldpc"":520,""layout_id"":""c4457d81eaddcabf3a8eb813758bad4bbc42cbab4bbd4b2f0a49b7e9883d4771"",""modulation_padding_bits"":0,""mother_bits"":2704,""n"":1200,""n_cb"":2600,""n_cb_comp"":2480,""power_protocol"":""fixed_constellation_average_Es2"",""puncturing_bits"":1384,""puncturing_first_2Z"":104,""puncturing_remaining"":1280,""repetition_bits"":0,""scrambling"":""public_PCG64_SHA256_protocol_session_frame_group_counter_after_rate_matching_v1"",""shortening_bits"":120,""z"":52}","[1024,2048]"
16QAM,3/4,16QAM:r3/4,d5feba68ed99b7b2b21f4d0e69cac30faf81e1af255260bb9780afbb531b23ce,360,16,0,376,480,104,2496,812,203,0,0.4630541871921182,0.4433497536945813,"{""actual_effective_rate"":0.4630541871921182,""bg"":""bg2"",""bit_mapping"":""component_Gray_00_-3_01_-1_10_3_11_1_over_sqrt5;QPSK_0_plus1_1_minus1"",""code_blocks"":1,""decoder_config"":{""cn_schedule"":""flooding"",""cn_update"":""boxplus-phi"",""early_stop"":false,""hard_out"":true,""harq_mode"":false,""llr_max"":20.0,""num_iter"":20,""precision"":""single"",""prune_pcm"":true,""return_infobits"":true,""vn_update"":""sum""},""implementation"":{""bit_mapping"":""component_Gray_00_-3_01_-1_10_3_11_1_over_sqrt5;QPSK_0_plus1_1_minus1"",""cuda"":""12.8"",""decoder"":{""cn_schedule"":""flooding"",""cn_update"":""boxplus-phi"",""early_stop"":false,""hard_out"":true,""harq_mode"":false,""llr_max"":20.0,""num_iter"":20,""precision"":""single"",""prune_pcm"":true,""return_infobits"":true,""vn_update"":""sum""},""decoder_source_sha256"":""44d84b92b749e2970f94d92cd348a11648e2286b4d851faa0af8b21d08f0da23"",""encoder_source_sha256"":""34d8db6660b2e84708a8fb534f63c194f6f2b964e3693fcffc9dcaf21532ccfd"",""implementation"":""Sionna_5G_LDPC"",""power_protocol"":""fixed_constellation_average_Es2"",""precision"":""float32"",""rate_matching"":""Sionna RV0; filler removal, first2Z and tail puncturing; supported n only"",""scrambling"":""public_PCG64_SHA256_protocol_session_frame_group_counter_after_rate_matching_v1"",""torch"":""2.11.0+cu128"",""version"":""2.2.0""},""interleaver_sha256"":""e0244d46df9db270ca665194fc222c1e803ac5b611887549dbd3f904ff9ffc30"",""k"":376,""k_filler"":104,""k_ldpc"":480,""layout_id"":""b34a8f60937f684356239b95c0db090e07f84bf57fdbf701288679d0257ed9a5"",""modulation_padding_bits"":0,""mother_bits"":2496,""n"":812,""n_cb"":2400,""n_cb_comp"":2296,""power_protocol"":""fixed_constellation_average_Es2"",""puncturing_bits"":1580,""puncturing_first_2Z"":96,""puncturing_remaining"":1484,""repetition_bits"":0,""scrambling"":""public_PCG64_SHA256_protocol_session_frame_group_counter_after_rate_matching_v1"",""shortening_bits"":104,""z"":48}","[1024,2048]"
QPSK,5/6,QPSK:r5/6,d6011d9290bcf48d85ec90fad0bb4eb4ff940177ea64e9c75eaca7d1f405f3d9,1068,16,0,1084,1120,36,5824,2524,1262,0,0.4294770206022187,0.4231378763866878,"{""actual_effective_rate"":0.4294770206022187,""bg"":""bg2"",""bit_mapping"":""component_Gray_00_-3_01_-1_10_3_11_1_over_sqrt5;QPSK_0_plus1_1_minus1"",""code_blocks"":1,""decoder_config"":{""cn_schedule"":""flooding"",""cn_update"":""boxplus-phi"",""early_stop"":false,""hard_out"":true,""harq_mode"":false,""llr_max"":20.0,""num_iter"":20,""precision"":""single"",""prune_pcm"":true,""return_infobits"":true,""vn_update"":""sum""},""implementation"":{""bit_mapping"":""component_Gray_00_-3_01_-1_10_3_11_1_over_sqrt5;QPSK_0_plus1_1_minus1"",""cuda"":""12.8"",""decoder"":{""cn_schedule"":""flooding"",""cn_update"":""boxplus-phi"",""early_stop"":false,""hard_out"":true,""harq_mode"":false,""llr_max"":20.0,""num_iter"":20,""precision"":""single"",""prune_pcm"":true,""return_infobits"":true,""vn_update"":""sum""},""decoder_source_sha256"":""44d84b92b749e2970f94d92cd348a11648e2286b4d851faa0af8b21d08f0da23"",""encoder_source_sha256"":""34d8db6660b2e84708a8fb534f63c194f6f2b964e3693fcffc9dcaf21532ccfd"",""implementation"":""Sionna_5G_LDPC"",""power_protocol"":""fixed_constellation_average_Es2"",""precision"":""float32"",""rate_matching"":""Sionna RV0; filler removal, first2Z and tail puncturing; supported n only"",""scrambling"":""public_PCG64_SHA256_protocol_session_frame_group_counter_after_rate_matching_v1"",""torch"":""2.11.0+cu128"",""version"":""2.2.0""},""interleaver_sha256"":""7e4269bb37ff813afe0c5641900dec2866309fcce7f115190f95ec6b3e8a9c94"",""k"":1084,""k_filler"":36,""k_ldpc"":1120,""layout_id"":""f088d17e75fb738dd8414253bf6a069587bb9d470c4dc5513b2aa2ac5cc8aca0"",""modulation_padding_bits"":0,""mother_bits"":5824,""n"":2524,""n_cb"":5600,""n_cb_comp"":5564,""power_protocol"":""fixed_constellation_average_Es2"",""puncturing_bits"":3264,""puncturing_first_2Z"":224,""puncturing_remaining"":3040,""repetition_bits"":0,""scrambling"":""public_PCG64_SHA256_protocol_session_frame_group_counter_after_rate_matching_v1"",""shortening_bits"":36,""z"":112}",[2048]
QPSK,5/6,QPSK:r5/6,d6073512f3bb65238aeb1853a93ef64d3a82cca60eb5a9edbb5f097bf080d468,1308,16,0,1324,1440,116,7488,2316,1158,0,0.5716753022452504,0.5647668393782384,"{""actual_effective_rate"":0.5716753022452504,""bg"":""bg2"",""bit_mapping"":""component_Gray_00_-3_01_-1_10_3_11_1_over_sqrt5;QPSK_0_plus1_1_minus1"",""code_blocks"":1,""decoder_config"":{""cn_schedule"":""flooding"",""cn_update"":""boxplus-phi"",""early_stop"":false,""hard_out"":true,""harq_mode"":false,""llr_max"":20.0,""num_iter"":20,""precision"":""single"",""prune_pcm"":true,""return_infobits"":true,""vn_update"":""sum""},""implementation"":{""bit_mapping"":""component_Gray_00_-3_01_-1_10_3_11_1_over_sqrt5;QPSK_0_plus1_1_minus1"",""cuda"":""12.8"",""decoder"":{""cn_schedule"":""flooding"",""cn_update"":""boxplus-phi"",""early_stop"":false,""hard_out"":true,""harq_mode"":false,""llr_max"":20.0,""num_iter"":20,""precision"":""single"",""prune_pcm"":true,""return_infobits"":true,""vn_update"":""sum""},""decoder_source_sha256"":""44d84b92b749e2970f94d92cd348a11648e2286b4d851faa0af8b21d08f0da23"",""encoder_source_sha256"":""34d8db6660b2e84708a8fb534f63c194f6f2b964e3693fcffc9dcaf21532ccfd"",""implementation"":""Sionna_5G_LDPC"",""power_protocol"":""fixed_constellation_average_Es2"",""precision"":""float32"",""rate_matching"":""Sionna RV0; filler removal, first2Z and tail puncturing; supported n only"",""scrambling"":""public_PCG64_SHA256_protocol_session_frame_group_counter_after_rate_matching_v1"",""torch"":""2.11.0+cu128"",""version"":""2.2.0""},""interleaver_sha256"":""183595ddbfd4148bffc67a1a3f6682b1bd928e0197d1fb95f7135ed9aa50af6d"",""k"":1324,""k_filler"":116,""k_ldpc"":1440,""layout_id"":""6b8236d3a374931a03ac0b2021b2f94b18e4a29a77002a50f34bd8dfd7b838fd"",""modulation_padding_bits"":0,""mother_bits"":7488,""n"":2316,""n_cb"":7200,""n_cb_comp"":7084,""power_protocol"":""fixed_constellation_average_Es2"",""puncturing_bits"":5056,""puncturing_first_2Z"":288,""puncturing_remaining"":4768,""repetition_bits"":0,""scrambling"":""public_PCG64_SHA256_protocol_session_frame_group_counter_after_rate_matching_v1"",""shortening_bits"":116,""z"":144}",[2048]
16QAM,3/4,16QAM:r3/4,d608741a42ce6b4405e2651952dfaa4303384bcb845ed8c29b9105f828d688fd,3996,16,0,4012,4224,212,13056,6040,1510,0,0.6642384105960265,0.66158940397351,"{""actual_effective_rate"":0.6642384105960265,""bg"":""bg1"",""bit_mapping"":""component_Gray_00_-3_01_-1_10_3_11_1_over_sqrt5;QPSK_0_plus1_1_minus1"",""code_blocks"":1,""decoder_config"":{""cn_schedule"":""flooding"",""cn_update"":""boxplus-phi"",""early_stop"":false,""hard_out"":true,""harq_mode"":false,""llr_max"":20.0,""num_iter"":20,""precision"":""single"",""prune_pcm"":true,""return_infobits"":true,""vn_update"":""sum""},""implementation"":{""bit_mapping"":""component_Gray_00_-3_01_-1_10_3_11_1_over_sqrt5;QPSK_0_plus1_1_minus1"",""cuda"":""12.8"",""decoder"":{""cn_schedule"":""flooding"",""cn_update"":""boxplus-phi"",""early_stop"":false,""hard_out"":true,""harq_mode"":false,""llr_max"":20.0,""num_iter"":20,""precision"":""single"",""prune_pcm"":true,""return_infobits"":true,""vn_update"":""sum""},""decoder_source_sha256"":""44d84b92b749e2970f94d92cd348a11648e2286b4d851faa0af8b21d08f0da23"",""encoder_source_sha256"":""34d8db6660b2e84708a8fb534f63c194f6f2b964e3693fcffc9dcaf21532ccfd"",""implementation"":""Sionna_5G_LDPC"",""power_protocol"":""fixed_constellation_average_Es2"",""precision"":""float32"",""rate_matching"":""Sionna RV0; filler removal, first2Z and tail puncturing; supported n only"",""scrambling"":""public_PCG64_SHA256_protocol_session_frame_group_counter_after_rate_matching_v1"",""torch"":""2.11.0+cu128"",""version"":""2.2.0""},""interleaver_sha256"":""d25a25ca3547f128176411d93fe7bb37380c6b6ef803877582c67a2fdd5ad9c0"",""k"":4012,""k_filler"":212,""k_ldpc"":4224,""layout_id"":""0aa511557de1eab91c9d176f96e38eae2985aeade264799dca15cd132a69553c"",""modulation_padding_bits"":0,""mother_bits"":13056,""n"":6040,""n_cb"":12672,""n_cb_comp"":12460,""power_protocol"":""fixed_constellation_average_Es2"",""puncturing_bits"":6804,""puncturing_first_2Z"":384,""puncturing_remaining"":6420,""repetition_bits"":0,""scrambling"":""public_PCG64_SHA256_protocol_session_frame_group_counter_after_rate_matching_v1"",""shortening_bits"":212,""z"":192}",[2048]
16QAM,1/2,16QAM:r1/2,d6293da6328baae0f41dd9b00bb554c901317f98acd42c80fa44360ce71f2601,660,16,0,676,720,44,3744,1628,407,0,0.4152334152334152,0.40540540540540543,"{""actual_effective_rate"":0.4152334152334152,""bg"":""bg2"",""bit_mapping"":""component_Gray_00_-3_01_-1_10_3_11_1_over_sqrt5;QPSK_0_plus1_1_minus1"",""code_blocks"":1,""decoder_config"":{""cn_schedule"":""flooding"",""cn_update"":""boxplus-phi"",""early_stop"":false,""hard_out"":true,""harq_mode"":false,""llr_max"":20.0,""num_iter"":20,""precision"":""single"",""prune_pcm"":true,""return_infobits"":true,""vn_update"":""sum""},""implementation"":{""bit_mapping"":""component_Gray_00_-3_01_-1_10_3_11_1_over_sqrt5;QPSK_0_plus1_1_minus1"",""cuda"":""12.8"",""decoder"":{""cn_schedule"":""flooding"",""cn_update"":""boxplus-phi"",""early_stop"":false,""hard_out"":true,""harq_mode"":false,""llr_max"":20.0,""num_iter"":20,""precision"":""single"",""prune_pcm"":true,""return_infobits"":true,""vn_update"":""sum""},""decoder_source_sha256"":""44d84b92b749e2970f94d92cd348a11648e2286b4d851faa0af8b21d08f0da23"",""encoder_source_sha256"":""34d8db6660b2e84708a8fb534f63c194f6f2b964e3693fcffc9dcaf21532ccfd"",""implementation"":""Sionna_5G_LDPC"",""power_protocol"":""fixed_constellation_average_Es2"",""precision"":""float32"",""rate_matching"":""Sionna RV0; filler removal, first2Z and tail puncturing; supported n only"",""scrambling"":""public_PCG64_SHA256_protocol_session_frame_group_counter_after_rate_matching_v1"",""torch"":""2.11.0+cu128"",""version"":""2.2.0""},""interleaver_sha256"":""ae221bab46bb061493ec7d809d47d872ca894b429912c4f08d902a841fda4413"",""k"":676,""k_filler"":44,""k_ldpc"":720,""layout_id"":""a1ab8a93f7a103ecf69dc59731b63e5f7c30604a072658c3c532ddcb5da09d8c"",""modulation_padding_bits"":0,""mother_bits"":3744,""n"":1628,""n_cb"":3600,""n_cb_comp"":3556,""power_protocol"":""fixed_constellation_average_Es2"",""puncturing_bits"":2072,""puncturing_first_2Z"":144,""puncturing_remaining"":1928,""repetition_bits"":0,""scrambling"":""public_PCG64_SHA256_protocol_session_frame_group_counter_after_rate_matching_v1"",""shortening_bits"":44,""z"":72}","[1024,2048]"
16QAM,5/6,16QAM:r5/6,d634466b86190d07b7442b26faa713b9b755351d31f0dd1b3950333af6b3d0d4,660,16,0,676,720,44,3744,1488,372,0,0.4543010752688172,0.4435483870967742,"{""actual_effective_rate"":0.4543010752688172,""bg"":""bg2"",""bit_mapping"":""component_Gray_00_-3_01_-1_10_3_11_1_over_sqrt5;QPSK_0_plus1_1_minus1"",""code_blocks"":1,""decoder_config"":{""cn_schedule"":""flooding"",""cn_update"":""boxplus-phi"",""early_stop"":false,""hard_out"":true,""harq_mode"":false,""llr_max"":20.0,""num_iter"":20,""precision"":""single"",""prune_pcm"":true,""return_infobits"":true,""vn_update"":""sum""},""implementation"":{""bit_mapping"":""component_Gray_00_-3_01_-1_10_3_11_1_over_sqrt5;QPSK_0_plus1_1_minus1"",""cuda"":""12.8"",""decoder"":{""cn_schedule"":""flooding"",""cn_update"":""boxplus-phi"",""early_stop"":false,""hard_out"":true,""harq_mode"":false,""llr_max"":20.0,""num_iter"":20,""precision"":""single"",""prune_pcm"":true,""return_infobits"":true,""vn_update"":""sum""},""decoder_source_sha256"":""44d84b92b749e2970f94d92cd348a11648e2286b4d851faa0af8b21d08f0da23"",""encoder_source_sha256"":""34d8db6660b2e84708a8fb534f63c194f6f2b964e3693fcffc9dcaf21532ccfd"",""implementation"":""Sionna_5G_LDPC"",""power_protocol"":""fixed_constellation_average_Es2"",""precision"":""float32"",""rate_matching"":""Sionna RV0; filler removal, first2Z and tail puncturing; supported n only"",""scrambling"":""public_PCG64_SHA256_protocol_session_frame_group_counter_after_rate_matching_v1"",""torch"":""2.11.0+cu128"",""version"":""2.2.0""},""interleaver_sha256"":""fa1ffc92bd89878dc26501477bd3deabbd45398cf81237090ddd8a77e2efc81a"",""k"":676,""k_filler"":44,""k_ldpc"":720,""layout_id"":""a74b9aca4a7b3b7b4052782b7d4e709db599f9d986fd27aa38c372c196edda9f"",""modulation_padding_bits"":0,""mother_bits"":3744,""n"":1488,""n_cb"":3600,""n_cb_comp"":3556,""power_protocol"":""fixed_constellation_average_Es2"",""puncturing_bits"":2212,""puncturing_first_2Z"":144,""puncturing_remaining"":2068,""repetition_bits"":0,""scrambling"":""public_PCG64_SHA256_protocol_session_frame_group_counter_after_rate_matching_v1"",""shortening_bits"":44,""z"":72}",[1024]
QPSK,2/3,QPSK:r2/3,d6371d7f79f49dbae6690cae835e8634d899de3c9789cbb4c00e1b69fe34c382,624,16,0,640,720,80,3744,1372,686,0,0.46647230320699706,0.45481049562682213,"{""actual_effective_rate"":0.46647230320699706,""bg"":""bg2"",""bit_mapping"":""component_Gray_00_-3_01_-1_10_3_11_1_over_sqrt5;QPSK_0_plus1_1_minus1"",""code_blocks"":1,""decoder_config"":{""cn_schedule"":""flooding"",""cn_update"":""boxplus-phi"",""early_stop"":false,""hard_out"":true,""harq_mode"":false,""llr_max"":20.0,""num_iter"":20,""precision"":""single"",""prune_pcm"":true,""return_infobits"":true,""vn_update"":""sum""},""implementation"":{""bit_mapping"":""component_Gray_00_-3_01_-1_10_3_11_1_over_sqrt5;QPSK_0_plus1_1_minus1"",""cuda"":""12.8"",""decoder"":{""cn_schedule"":""flooding"",""cn_update"":""boxplus-phi"",""early_stop"":false,""hard_out"":true,""harq_mode"":false,""llr_max"":20.0,""num_iter"":20,""precision"":""single"",""prune_pcm"":true,""return_infobits"":true,""vn_update"":""sum""},""decoder_source_sha256"":""44d84b92b749e2970f94d92cd348a11648e2286b4d851faa0af8b21d08f0da23"",""encoder_source_sha256"":""34d8db6660b2e84708a8fb534f63c194f6f2b964e3693fcffc9dcaf21532ccfd"",""implementation"":""Sionna_5G_LDPC"",""power_protocol"":""fixed_constellation_average_Es2"",""precision"":""float32"",""rate_matching"":""Sionna RV0; filler removal, first2Z and tail puncturing; supported n only"",""scrambling"":""public_PCG64_SHA256_protocol_session_frame_group_counter_after_rate_matching_v1"",""torch"":""2.11.0+cu128"",""version"":""2.2.0""},""interleaver_sha256"":""3faaa27bd6a1180177eaa024b1ec638d95cc6c46e8ff5daa34a88c7fd2217c6c"",""k"":640,""k_filler"":80,""k_ldpc"":720,""layout_id"":""4b08e01108d7b43a8962fec367134cdd28592f0cc679e9ad193b4a3e8a74ccdf"",""modulation_padding_bits"":0,""mother_bits"":3744,""n"":1372,""n_cb"":3600,""n_cb_comp"":3520,""power_protocol"":""fixed_constellation_average_Es2"",""puncturing_bits"":2292,""puncturing_first_2Z"":144,""puncturing_remaining"":2148,""repetition_bits"":0,""scrambling"":""public_PCG64_SHA256_protocol_session_frame_group_counter_after_rate_matching_v1"",""shortening_bits"":80,""z"":72}",[1024]
QPSK,3/4,QPSK:r3/4,d6394b3dafe868eb97fe13ceff57b21ada6afe0d3f796b33dc8101331c966d64,1092,16,0,1108,1144,36,3536,1488,744,0,0.7446236559139785,0.7338709677419355,"{""actual_effective_rate"":0.7446236559139785,""bg"":""bg1"",""bit_mapping"":""component_Gray_00_-3_01_-1_10_3_11_1_over_sqrt5;QPSK_0_plus1_1_minus1"",""code_blocks"":1,""decoder_config"":{""cn_schedule"":""flooding"",""cn_update"":""boxplus-phi"",""early_stop"":false,""hard_out"":true,""harq_mode"":false,""llr_max"":20.0,""num_iter"":20,""precision"":""single"",""prune_pcm"":true,""return_infobits"":true,""vn_update"":""sum""},""implementation"":{""bit_mapping"":""component_Gray_00_-3_01_-1_10_3_11_1_over_sqrt5;QPSK_0_plus1_1_minus1"",""cuda"":""12.8"",""decoder"":{""cn_schedule"":""flooding"",""cn_update"":""boxplus-phi"",""early_stop"":false,""hard_out"":true,""harq_mode"":false,""llr_max"":20.0,""num_iter"":20,""precision"":""single"",""prune_pcm"":true,""return_infobits"":true,""vn_update"":""sum""},""decoder_source_sha256"":""44d84b92b749e2970f94d92cd348a11648e2286b4d851faa0af8b21d08f0da23"",""encoder_source_sha256"":""34d8db6660b2e84708a8fb534f63c194f6f2b964e3693fcffc9dcaf21532ccfd"",""implementation"":""Sionna_5G_LDPC"",""power_protocol"":""fixed_constellation_average_Es2"",""precision"":""float32"",""rate_matching"":""Sionna RV0; filler removal, first2Z and tail puncturing; supported n only"",""scrambling"":""public_PCG64_SHA256_protocol_session_frame_group_counter_after_rate_matching_v1"",""torch"":""2.11.0+cu128"",""version"":""2.2.0""},""interleaver_sha256"":""157059e19851ddd6f21096a583f07ccdf238ce5a7013344dca8055ad2c99a86d"",""k"":1108,""k_filler"":36,""k_ldpc"":1144,""layout_id"":""5ba04c94ce4d34fe30432caa099ad5accd05f88e7e11fe1d3ee2438ef827e4d1"",""modulation_padding_bits"":0,""mother_bits"":3536,""n"":1488,""n_cb"":3432,""n_cb_comp"":3396,""power_protocol"":""fixed_constellation_average_Es2"",""puncturing_bits"":2012,""puncturing_first_2Z"":104,""puncturing_remaining"":1908,""repetition_bits"":0,""scrambling"":""public_PCG64_SHA256_protocol_session_frame_group_counter_after_rate_matching_v1"",""shortening_bits"":36,""z"":52}","[1024,2048]"
QPSK,2/3,QPSK:r2/3,d63d3b02fd69ce5d6350b42539b997967901831e1e8f103802268e03fbfaf3a3,924,16,0,940,960,20,4992,2920,1460,0,0.3219178082191781,0.31643835616438354,"{""actual_effective_rate"":0.3219178082191781,""bg"":""bg2"",""bit_mapping"":""component_Gray_00_-3_01_-1_10_3_11_1_over_sqrt5;QPSK_0_plus1_1_minus1"",""code_blocks"":1,""decoder_config"":{""cn_schedule"":""flooding"",""cn_update"":""boxplus-phi"",""early_stop"":false,""hard_out"":true,""harq_mode"":false,""llr_max"":20.0,""num_iter"":20,""precision"":""single"",""prune_pcm"":true,""return_infobits"":true,""vn_update"":""sum""},""implementation"":{""bit_mapping"":""component_Gray_00_-3_01_-1_10_3_11_1_over_sqrt5;QPSK_0_plus1_1_minus1"",""cuda"":""12.8"",""decoder"":{""cn_schedule"":""flooding"",""cn_update"":""boxplus-phi"",""early_stop"":false,""hard_out"":true,""harq_mode"":false,""llr_max"":20.0,""num_iter"":20,""precision"":""single"",""prune_pcm"":true,""return_infobits"":true,""vn_update"":""sum""},""decoder_source_sha256"":""44d84b92b749e2970f94d92cd348a11648e2286b4d851faa0af8b21d08f0da23"",""encoder_source_sha256"":""34d8db6660b2e84708a8fb534f63c194f6f2b964e3693fcffc9dcaf21532ccfd"",""implementation"":""Sionna_5G_LDPC"",""power_protocol"":""fixed_constellation_average_Es2"",""precision"":""float32"",""rate_matching"":""Sionna RV0; filler removal, first2Z and tail puncturing; supported n only"",""scrambling"":""public_PCG64_SHA256_protocol_session_frame_group_counter_after_rate_matching_v1"",""torch"":""2.11.0+cu128"",""version"":""2.2.0""},""interleaver_sha256"":""ad0a38ec959968ec6be3931db88e4a0af4257a58a28dc6bc55813a17918d6bb6"",""k"":940,""k_filler"":20,""k_ldpc"":960,""layout_id"":""3ca08cdc30f235fd9b8bf1f16754a6b3ea1d3cda88bdfb63112a0437d03c0a88"",""modulation_padding_bits"":0,""mother_bits"":4992,""n"":2920,""n_cb"":4800,""n_cb_comp"":4780,""power_protocol"":""fixed_constellation_average_Es2"",""puncturing_bits"":2052,""puncturing_first_2Z"":192,""puncturing_remaining"":1860,""repetition_bits"":0,""scrambling"":""public_PCG64_SHA256_protocol_session_frame_group_counter_after_rate_matching_v1"",""shortening_bits"":20,""z"":96}",[2048]
16QAM,1/2,16QAM:r1/2,d65d9f01d1fd839f9b08b3ed292d5f30f9bffc21a34ecc6fe51ef02cad822b97,816,16,0,832,880,48,4576,2108,527,0,0.3946869070208729,0.3870967741935484,"{""actual_effective_rate"":0.3946869070208729,""bg"":""bg2"",""bit_mapping"":""component_Gray_00_-3_01_-1_10_3_11_1_over_sqrt5;QPSK_0_plus1_1_minus1"",""code_blocks"":1,""decoder_config"":{""cn_schedule"":""flooding"",""cn_update"":""boxplus-phi"",""early_stop"":false,""hard_out"":true,""harq_mode"":false,""llr_max"":20.0,""num_iter"":20,""precision"":""single"",""prune_pcm"":true,""return_infobits"":true,""vn_update"":""sum""},""implementation"":{""bit_mapping"":""component_Gray_00_-3_01_-1_10_3_11_1_over_sqrt5;QPSK_0_plus1_1_minus1"",""cuda"":""12.8"",""decoder"":{""cn_schedule"":""flooding"",""cn_update"":""boxplus-phi"",""early_stop"":false,""hard_out"":true,""harq_mode"":false,""llr_max"":20.0,""num_iter"":20,""precision"":""single"",""prune_pcm"":true,""return_infobits"":true,""vn_update"":""sum""},""decoder_source_sha256"":""44d84b92b749e2970f94d92cd348a11648e2286b4d851faa0af8b21d08f0da23"",""encoder_source_sha256"":""34d8db6660b2e84708a8fb534f63c194f6f2b964e3693fcffc9dcaf21532ccfd"",""implementation"":""Sionna_5G_LDPC"",""power_protocol"":""fixed_constellation_average_Es2"",""precision"":""float32"",""rate_matching"":""Sionna RV0; filler removal, first2Z and tail puncturing; supported n only"",""scrambling"":""public_PCG64_SHA256_protocol_session_frame_group_counter_after_rate_matching_v1"",""torch"":""2.11.0+cu128"",""version"":""2.2.0""},""interleaver_sha256"":""db498e2698d169397fdc0c94de161dabcac178e90d28ae6089b8123ee541ba92"",""k"":832,""k_filler"":48,""k_ldpc"":880,""layout_id"":""4d243f167c0af287d46e4c888eda89cdb73c1049bc4e87c8ef058bcc03def7dd"",""modulation_padding_bits"":0,""mother_bits"":4576,""n"":2108,""n_cb"":4400,""n_cb_comp"":4352,""power_protocol"":""fixed_constellation_average_Es2"",""puncturing_bits"":2420,""puncturing_first_2Z"":176,""puncturing_remaining"":2244,""repetition_bits"":0,""scrambling"":""public_PCG64_SHA256_protocol_session_frame_group_counter_after_rate_matching_v1"",""shortening_bits"":48,""z"":88}",[1024]
16QAM,3/4,16QAM:r3/4,d660df68a3a6f48c76f563867ec4088e86ab9b3f6031136199a6b3c8091983a5,360,16,0,376,480,104,2496,700,175,0,0.5371428571428571,0.5142857142857142,"{""actual_effective_rate"":0.5371428571428571,""bg"":""bg2"",""bit_mapping"":""component_Gray_00_-3_01_-1_10_3_11_1_over_sqrt5;QPSK_0_plus1_1_minus1"",""code_blocks"":1,""decoder_config"":{""cn_schedule"":""flooding"",""cn_update"":""boxplus-phi"",""early_stop"":false,""hard_out"":true,""harq_mode"":false,""llr_max"":20.0,""num_iter"":20,""precision"":""single"",""prune_pcm"":true,""return_infobits"":true,""vn_update"":""sum""},""implementation"":{""bit_mapping"":""component_Gray_00_-3_01_-1_10_3_11_1_over_sqrt5;QPSK_0_plus1_1_minus1"",""cuda"":""12.8"",""decoder"":{""cn_schedule"":""flooding"",""cn_update"":""boxplus-phi"",""early_stop"":false,""hard_out"":true,""harq_mode"":false,""llr_max"":20.0,""num_iter"":20,""precision"":""single"",""prune_pcm"":true,""return_infobits"":true,""vn_update"":""sum""},""decoder_source_sha256"":""44d84b92b749e2970f94d92cd348a11648e2286b4d851faa0af8b21d08f0da23"",""encoder_source_sha256"":""34d8db6660b2e84708a8fb534f63c194f6f2b964e3693fcffc9dcaf21532ccfd"",""implementation"":""Sionna_5G_LDPC"",""power_protocol"":""fixed_constellation_average_Es2"",""precision"":""float32"",""rate_matching"":""Sionna RV0; filler removal, first2Z and tail puncturing; supported n only"",""scrambling"":""public_PCG64_SHA256_protocol_session_frame_group_counter_after_rate_matching_v1"",""torch"":""2.11.0+cu128"",""version"":""2.2.0""},""interleaver_sha256"":""4be880f6224cd4283231ec35f962cb7fa88fe022482092a16eb610118301c554"",""k"":376,""k_filler"":104,""k_ldpc"":480,""layout_id"":""50f12e2b992e497b8e9c07c876d550e4fa72a74e2153b47b3bd0b6280b4ad835"",""modulation_padding_bits"":0,""mother_bits"":2496,""n"":700,""n_cb"":2400,""n_cb_comp"":2296,""power_protocol"":""fixed_constellation_average_Es2"",""puncturing_bits"":1692,""puncturing_first_2Z"":96,""puncturing_remaining"":1596,""repetition_bits"":0,""scrambling"":""public_PCG64_SHA256_protocol_session_frame_group_counter_after_rate_matching_v1"",""shortening_bits"":104,""z"":48}",[1024]
QPSK,5/6,QPSK:r5/6,d66a016a83410cad281f7291b32225960587b9f70157bf8ae6990099c358401b,300,16,0,316,400,84,2080,1198,599,0,0.2637729549248748,0.25041736227045075,"{""actual_effective_rate"":0.2637729549248748,""bg"":""bg2"",""bit_mapping"":""component_Gray_00_-3_01_-1_10_3_11_1_over_sqrt5;QPSK_0_plus1_1_minus1"",""code_blocks"":1,""decoder_config"":{""cn_schedule"":""flooding"",""cn_update"":""boxplus-phi"",""early_stop"":false,""hard_out"":true,""harq_mode"":false,""llr_max"":20.0,""num_iter"":20,""precision"":""single"",""prune_pcm"":true,""return_infobits"":true,""vn_update"":""sum""},""implementation"":{""bit_mapping"":""component_Gray_00_-3_01_-1_10_3_11_1_over_sqrt5;QPSK_0_plus1_1_minus1"",""cuda"":""12.8"",""decoder"":{""cn_schedule"":""flooding"",""cn_update"":""boxplus-phi"",""early_stop"":false,""hard_out"":true,""harq_mode"":false,""llr_max"":20.0,""num_iter"":20,""precision"":""single"",""prune_pcm"":true,""return_infobits"":true,""vn_update"":""sum""},""decoder_source_sha256"":""44d84b92b749e2970f94d92cd348a11648e2286b4d851faa0af8b21d08f0da23"",""encoder_source_sha256"":""34d8db6660b2e84708a8fb534f63c194f6f2b964e3693fcffc9dcaf21532ccfd"",""implementation"":""Sionna_5G_LDPC"",""power_protocol"":""fixed_constellation_average_Es2"",""precision"":""float32"",""rate_matching"":""Sionna RV0; filler removal, first2Z and tail puncturing; supported n only"",""scrambling"":""public_PCG64_SHA256_protocol_session_frame_group_counter_after_rate_matching_v1"",""torch"":""2.11.0+cu128"",""version"":""2.2.0""},""interleaver_sha256"":""b3ecde2805525462e7ddbcba72f469f3027a903cf660428bc922a0b3b4527747"",""k"":316,""k_filler"":84,""k_ldpc"":400,""layout_id"":""8a6f2bae21e900d28562fa2b6a7ec1ebd759c02b572e17d8cc628355918cfbc0"",""modulation_padding_bits"":0,""mother_bits"":2080,""n"":1198,""n_cb"":2000,""n_cb_comp"":1916,""power_protocol"":""fixed_constellation_average_Es2"",""puncturing_bits"":798,""puncturing_first_2Z"":80,""puncturing_remaining"":718,""repetition_bits"":0,""scrambling"":""public_PCG64_SHA256_protocol_session_frame_group_counter_after_rate_matching_v1"",""shortening_bits"":84,""z"":40}",[1024]
QPSK,1/3,QPSK:r1/3,d67cfea260429e7e3665450d72b4f2e9cf6878487c00734bc1ec8fd268ec6d56,1284,16,0,1300,1440,140,7488,3900,1950,0,0.3333333333333333,0.3292307692307692,"{""actual_effective_rate"":0.3333333333333333,""bg"":""bg2"",""bit_mapping"":""component_Gray_00_-3_01_-1_10_3_11_1_over_sqrt5;QPSK_0_plus1_1_minus1"",""code_blocks"":1,""decoder_config"":{""cn_schedule"":""flooding"",""cn_update"":""boxplus-phi"",""early_stop"":false,""hard_out"":true,""harq_mode"":false,""llr_max"":20.0,""num_iter"":20,""precision"":""single"",""prune_pcm"":true,""return_infobits"":true,""vn_update"":""sum""},""implementation"":{""bit_mapping"":""component_Gray_00_-3_01_-1_10_3_11_1_over_sqrt5;QPSK_0_plus1_1_minus1"",""cuda"":""12.8"",""decoder"":{""cn_schedule"":""flooding"",""cn_update"":""boxplus-phi"",""early_stop"":false,""hard_out"":true,""harq_mode"":false,""llr_max"":20.0,""num_iter"":20,""precision"":""single"",""prune_pcm"":true,""return_infobits"":true,""vn_update"":""sum""},""decoder_source_sha256"":""44d84b92b749e2970f94d92cd348a11648e2286b4d851faa0af8b21d08f0da23"",""encoder_source_sha256"":""34d8db6660b2e84708a8fb534f63c194f6f2b964e3693fcffc9dcaf21532ccfd"",""implementation"":""Sionna_5G_LDPC"",""power_protocol"":""fixed_constellation_average_Es2"",""precision"":""float32"",""rate_matching"":""Sionna RV0; filler removal, first2Z and tail puncturing; supported n only"",""scrambling"":""public_PCG64_SHA256_protocol_session_frame_group_counter_after_rate_matching_v1"",""torch"":""2.11.0+cu128"",""version"":""2.2.0""},""interleaver_sha256"":""8eb621e99b825b7f22222f4ceb9baed1e723a7b3b120c1321a24042bebc7cc52"",""k"":1300,""k_filler"":140,""k_ldpc"":1440,""layout_id"":""cb59988b092ddf9a24858a8efa934b9d93fadf4fae93b98841dfac69950876e6"",""modulation_padding_bits"":0,""mother_bits"":7488,""n"":3900,""n_cb"":7200,""n_cb_comp"":7060,""power_protocol"":""fixed_constellation_average_Es2"",""puncturing_bits"":3448,""puncturing_first_2Z"":288,""puncturing_remaining"":3160,""repetition_bits"":0,""scrambling"":""public_PCG64_SHA256_protocol_session_frame_group_counter_after_rate_matching_v1"",""shortening_bits"":140,""z"":144}",[2048]
16QAM,5/6,16QAM:r5/6,d683ee0feb0f23332ce83a56a9a9a2e6e15004467d8d81237439ce69c4a787be,1092,16,0,1108,1120,12,5824,1976,494,0,0.5607287449392713,0.5526315789473685,"{""actual_effective_rate"":0.5607287449392713,""bg"":""bg2"",""bit_mapping"":""component_Gray_00_-3_01_-1_10_3_11_1_over_sqrt5;QPSK_0_plus1_1_minus1"",""code_blocks"":1,""decoder_config"":{""cn_schedule"":""flooding"",""cn_update"":""boxplus-phi"",""early_stop"":false,""hard_out"":true,""harq_mode"":false,""llr_max"":20.0,""num_iter"":20,""precision"":""single"",""prune_pcm"":true,""return_infobits"":true,""vn_update"":""sum""},""implementation"":{""bit_mapping"":""component_Gray_00_-3_01_-1_10_3_11_1_over_sqrt5;QPSK_0_plus1_1_minus1"",""cuda"":""12.8"",""decoder"":{""cn_schedule"":""flooding"",""cn_update"":""boxplus-phi"",""early_stop"":false,""hard_out"":true,""harq_mode"":false,""llr_max"":20.0,""num_iter"":20,""precision"":""single"",""prune_pcm"":true,""return_infobits"":true,""vn_update"":""sum""},""decoder_source_sha256"":""44d84b92b749e2970f94d92cd348a11648e2286b4d851faa0af8b21d08f0da23"",""encoder_source_sha256"":""34d8db6660b2e84708a8fb534f63c194f6f2b964e3693fcffc9dcaf21532ccfd"",""implementation"":""Sionna_5G_LDPC"",""power_protocol"":""fixed_constellation_average_Es2"",""precision"":""float32"",""rate_matching"":""Sionna RV0; filler removal, first2Z and tail puncturing; supported n only"",""scrambling"":""public_PCG64_SHA256_protocol_session_frame_group_counter_after_rate_matching_v1"",""torch"":""2.11.0+cu128"",""version"":""2.2.0""},""interleaver_sha256"":""93e2d96943e983f12f63102bef57e787a88901be563ee124a48b5026eb055a79"",""k"":1108,""k_filler"":12,""k_ldpc"":1120,""layout_id"":""1645ab9946d973ba90195c2db1bc324691cb866b87a593fb3a210218de971aa2"",""modulation_padding_bits"":0,""mother_bits"":5824,""n"":1976,""n_cb"":5600,""n_cb_comp"":5588,""power_protocol"":""fixed_constellation_average_Es2"",""puncturing_bits"":3836,""puncturing_first_2Z"":224,""puncturing_remaining"":3612,""repetition_bits"":0,""scrambling"":""public_PCG64_SHA256_protocol_session_frame_group_counter_after_rate_matching_v1"",""shortening_bits"":12,""z"":112}",[1024]
QPSK,1/2,QPSK:r1/2,d6c3894c10d4baa083e938ab60fe5129c49f814f846f4c8d9d5dea2098411311,324,16,0,340,440,100,2288,994,497,0,0.3420523138832998,0.32595573440643866,"{""actual_effective_rate"":0.3420523138832998,""bg"":""bg2"",""bit_mapping"":""component_Gray_00_-3_01_-1_10_3_11_1_over_sqrt5;QPSK_0_plus1_1_minus1"",""code_blocks"":1,""decoder_config"":{""cn_schedule"":""flooding"",""cn_update"":""boxplus-phi"",""early_stop"":false,""hard_out"":true,""harq_mode"":false,""llr_max"":20.0,""num_iter"":20,""precision"":""single"",""prune_pcm"":true,""return_infobits"":true,""vn_update"":""sum""},""implementation"":{""bit_mapping"":""component_Gray_00_-3_01_-1_10_3_11_1_over_sqrt5;QPSK_0_plus1_1_minus1"",""cuda"":""12.8"",""decoder"":{""cn_schedule"":""flooding"",""cn_update"":""boxplus-phi"",""early_stop"":false,""hard_out"":true,""harq_mode"":false,""llr_max"":20.0,""num_iter"":20,""precision"":""single"",""prune_pcm"":true,""return_infobits"":true,""vn_update"":""sum""},""decoder_source_sha256"":""44d84b92b749e2970f94d92cd348a11648e2286b4d851faa0af8b21d08f0da23"",""encoder_source_sha256"":""34d8db6660b2e84708a8fb534f63c194f6f2b964e3693fcffc9dcaf21532ccfd"",""implementation"":""Sionna_5G_LDPC"",""power_protocol"":""fixed_constellation_average_Es2"",""precision"":""float32"",""rate_matching"":""Sionna RV0; filler removal, first2Z and tail puncturing; supported n only"",""scrambling"":""public_PCG64_SHA256_protocol_session_frame_group_counter_after_rate_matching_v1"",""torch"":""2.11.0+cu128"",""version"":""2.2.0""},""interleaver_sha256"":""2c7f81d15bfb300c2629349517a10a2b64942c9c883a52e159b9eb7e953fe713"",""k"":340,""k_filler"":100,""k_ldpc"":440,""layout_id"":""bfd34386c21da626d1b4353ac510de1622f50aaa04ea9156e4e6392da63d9d79"",""modulation_padding_bits"":0,""mother_bits"":2288,""n"":994,""n_cb"":2200,""n_cb_comp"":2100,""power_protocol"":""fixed_constellation_average_Es2"",""puncturing_bits"":1194,""puncturing_first_2Z"":88,""puncturing_remaining"":1106,""repetition_bits"":0,""scrambling"":""public_PCG64_SHA256_protocol_session_frame_group_counter_after_rate_matching_v1"",""shortening_bits"":100,""z"":44}",[2048]
QPSK,3/4,QPSK:r3/4,d6c48e4c9df8a02d3c96e2adb08c001a4057eaac813e8754236f286cf47653c4,324,16,0,340,440,100,2288,684,342,0,0.49707602339181284,0.47368421052631576,"{""actual_effective_rate"":0.49707602339181284,""bg"":""bg2"",""bit_mapping"":""component_Gray_00_-3_01_-1_10_3_11_1_over_sqrt5;QPSK_0_plus1_1_minus1"",""code_blocks"":1,""decoder_config"":{""cn_schedule"":""flooding"",""cn_update"":""boxplus-phi"",""early_stop"":false,""hard_out"":true,""harq_mode"":false,""llr_max"":20.0,""num_iter"":20,""precision"":""single"",""prune_pcm"":true,""return_infobits"":true,""vn_update"":""sum""},""implementation"":{""bit_mapping"":""component_Gray_00_-3_01_-1_10_3_11_1_over_sqrt5;QPSK_0_plus1_1_minus1"",""cuda"":""12.8"",""decoder"":{""cn_schedule"":""flooding"",""cn_update"":""boxplus-phi"",""early_stop"":false,""hard_out"":true,""harq_mode"":false,""llr_max"":20.0,""num_iter"":20,""precision"":""single"",""prune_pcm"":true,""return_infobits"":true,""vn_update"":""sum""},""decoder_source_sha256"":""44d84b92b749e2970f94d92cd348a11648e2286b4d851faa0af8b21d08f0da23"",""encoder_source_sha256"":""34d8db6660b2e84708a8fb534f63c194f6f2b964e3693fcffc9dcaf21532ccfd"",""implementation"":""Sionna_5G_LDPC"",""power_protocol"":""fixed_constellation_average_Es2"",""precision"":""float32"",""rate_matching"":""Sionna RV0; filler removal, first2Z and tail puncturing; supported n only"",""scrambling"":""public_PCG64_SHA256_protocol_session_frame_group_counter_after_rate_matching_v1"",""torch"":""2.11.0+cu128"",""version"":""2.2.0""},""interleaver_sha256"":""dacc0a49c4981255c57c3ab5b44a69e5f122f07ed3b01f86b231c9e20314e712"",""k"":340,""k_filler"":100,""k_ldpc"":440,""layout_id"":""b1890526316b94168f9c147ab42b06d7193ab5f2cbb7d12881736868ad723fb6"",""modulation_padding_bits"":0,""mother_bits"":2288,""n"":684,""n_cb"":2200,""n_cb_comp"":2100,""power_protocol"":""fixed_constellation_average_Es2"",""puncturing_bits"":1504,""puncturing_first_2Z"":88,""puncturing_remaining"":1416,""repetition_bits"":0,""scrambling"":""public_PCG64_SHA256_protocol_session_frame_group_counter_after_rate_matching_v1"",""shortening_bits"":100,""z"":44}",[1024]
16QAM,3/4,16QAM:r3/4,d6d832ecf8176adab1076bc93465f1405bb05c7f2bffd530f11ea50efcf3ce9d,360,16,0,376,480,104,2496,1528,382,0,0.24607329842931938,0.2356020942408377,"{""actual_effective_rate"":0.24607329842931938,""bg"":""bg2"",""bit_mapping"":""component_Gray_00_-3_01_-1_10_3_11_1_over_sqrt5;QPSK_0_plus1_1_minus1"",""code_blocks"":1,""decoder_config"":{""cn_schedule"":""flooding"",""cn_update"":""boxplus-phi"",""early_stop"":false,""hard_out"":true,""harq_mode"":false,""llr_max"":20.0,""num_iter"":20,""precision"":""single"",""prune_pcm"":true,""return_infobits"":true,""vn_update"":""sum""},""implementation"":{""bit_mapping"":""component_Gray_00_-3_01_-1_10_3_11_1_over_sqrt5;QPSK_0_plus1_1_minus1"",""cuda"":""12.8"",""decoder"":{""cn_schedule"":""flooding"",""cn_update"":""boxplus-phi"",""early_stop"":false,""hard_out"":true,""harq_mode"":false,""llr_max"":20.0,""num_iter"":20,""precision"":""single"",""prune_pcm"":true,""return_infobits"":true,""vn_update"":""sum""},""decoder_source_sha256"":""44d84b92b749e2970f94d92cd348a11648e2286b4d851faa0af8b21d08f0da23"",""encoder_source_sha256"":""34d8db6660b2e84708a8fb534f63c194f6f2b964e3693fcffc9dcaf21532ccfd"",""implementation"":""Sionna_5G_LDPC"",""power_protocol"":""fixed_constellation_average_Es2"",""precision"":""float32"",""rate_matching"":""Sionna RV0; filler removal, first2Z and tail puncturing; supported n only"",""scrambling"":""public_PCG64_SHA256_protocol_session_frame_group_counter_after_rate_matching_v1"",""torch"":""2.11.0+cu128"",""version"":""2.2.0""},""interleaver_sha256"":""ef1be22d5dad7b779b71970f670f176b7b05fa8f462940493701247cbf01a9c3"",""k"":376,""k_filler"":104,""k_ldpc"":480,""layout_id"":""f48f64f3a9bc3809cb6330bddc62c79b3d70e37290a854100635206e6b5898b4"",""modulation_padding_bits"":0,""mother_bits"":2496,""n"":1528,""n_cb"":2400,""n_cb_comp"":2296,""power_protocol"":""fixed_constellation_average_Es2"",""puncturing_bits"":864,""puncturing_first_2Z"":96,""puncturing_remaining"":768,""repetition_bits"":0,""scrambling"":""public_PCG64_SHA256_protocol_session_frame_group_counter_after_rate_matching_v1"",""shortening_bits"":104,""z"":48}",[1024]
QPSK,1/2,QPSK:r1/2,d6da8f2db402ef49ef2745ace459298945d8003ce025e256d4a09afa56bd45d5,432,16,0,448,560,112,2912,1314,657,0,0.3409436834094368,0.3287671232876712,"{""actual_effective_rate"":0.3409436834094368,""bg"":""bg2"",""bit_mapping"":""component_Gray_00_-3_01_-1_10_3_11_1_over_sqrt5;QPSK_0_plus1_1_minus1"",""code_blocks"":1,""decoder_config"":{""cn_schedule"":""flooding"",""cn_update"":""boxplus-phi"",""early_stop"":false,""hard_out"":true,""harq_mode"":false,""llr_max"":20.0,""num_iter"":20,""precision"":""single"",""prune_pcm"":true,""return_infobits"":true,""vn_update"":""sum""},""implementation"":{""bit_mapping"":""component_Gray_00_-3_01_-1_10_3_11_1_over_sqrt5;QPSK_0_plus1_1_minus1"",""cuda"":""12.8"",""decoder"":{""cn_schedule"":""flooding"",""cn_update"":""boxplus-phi"",""early_stop"":false,""hard_out"":true,""harq_mode"":false,""llr_max"":20.0,""num_iter"":20,""precision"":""single"",""prune_pcm"":true,""return_infobits"":true,""vn_update"":""sum""},""decoder_source_sha256"":""44d84b92b749e2970f94d92cd348a11648e2286b4d851faa0af8b21d08f0da23"",""encoder_source_sha256"":""34d8db6660b2e84708a8fb534f63c194f6f2b964e3693fcffc9dcaf21532ccfd"",""implementation"":""Sionna_5G_LDPC"",""power_protocol"":""fixed_constellation_average_Es2"",""precision"":""float32"",""rate_matching"":""Sionna RV0; filler removal, first2Z and tail puncturing; supported n only"",""scrambling"":""public_PCG64_SHA256_protocol_session_frame_group_counter_after_rate_matching_v1"",""torch"":""2.11.0+cu128"",""version"":""2.2.0""},""interleaver_sha256"":""b9b7681b131312a85e70c4942f51617ab0f878c678a75ce95800102b269f8641"",""k"":448,""k_filler"":112,""k_ldpc"":560,""layout_id"":""4f5b0d2211aa8d074130589307a757ac1bc521607d54ab38e886435d1c10af95"",""modulation_padding_bits"":0,""mother_bits"":2912,""n"":1314,""n_cb"":2800,""n_cb_comp"":2688,""power_protocol"":""fixed_constellation_average_Es2"",""puncturing_bits"":1486,""puncturing_first_2Z"":112,""puncturing_remaining"":1374,""repetition_bits"":0,""scrambling"":""public_PCG64_SHA256_protocol_session_frame_group_counter_after_rate_matching_v1"",""shortening_bits"":112,""z"":56}","[1024,2048]"
16QAM,5/6,16QAM:r5/6,d6e1747d6da3cd597fb3b48ef7a8ebe1c36123c85b49e9d49eb8be3ab488ab07,660,16,0,676,720,44,3744,1948,487,0,0.3470225872689938,0.33880903490759756,"{""actual_effective_rate"":0.3470225872689938,""bg"":""bg2"",""bit_mapping"":""component_Gray_00_-3_01_-1_10_3_11_1_over_sqrt5;QPSK_0_plus1_1_minus1"",""code_blocks"":1,""decoder_config"":{""cn_schedule"":""flooding"",""cn_update"":""boxplus-phi"",""early_stop"":false,""hard_out"":true,""harq_mode"":false,""llr_max"":20.0,""num_iter"":20,""precision"":""single"",""prune_pcm"":true,""return_infobits"":true,""vn_update"":""sum""},""implementation"":{""bit_mapping"":""component_Gray_00_-3_01_-1_10_3_11_1_over_sqrt5;QPSK_0_plus1_1_minus1"",""cuda"":""12.8"",""decoder"":{""cn_schedule"":""flooding"",""cn_update"":""boxplus-phi"",""early_stop"":false,""hard_out"":true,""harq_mode"":false,""llr_max"":20.0,""num_iter"":20,""precision"":""single"",""prune_pcm"":true,""return_infobits"":true,""vn_update"":""sum""},""decoder_source_sha256"":""44d84b92b749e2970f94d92cd348a11648e2286b4d851faa0af8b21d08f0da23"",""encoder_source_sha256"":""34d8db6660b2e84708a8fb534f63c194f6f2b964e3693fcffc9dcaf21532ccfd"",""implementation"":""Sionna_5G_LDPC"",""power_protocol"":""fixed_constellation_average_Es2"",""precision"":""float32"",""rate_matching"":""Sionna RV0; filler removal, first2Z and tail puncturing; supported n only"",""scrambling"":""public_PCG64_SHA256_protocol_session_frame_group_counter_after_rate_matching_v1"",""torch"":""2.11.0+cu128"",""version"":""2.2.0""},""interleaver_sha256"":""79ea3acf291632c1a25a06a82a9481d822192e9646396ce83c8413b48e66ef89"",""k"":676,""k_filler"":44,""k_ldpc"":720,""layout_id"":""0ba3c3b0a1929f0e69d00d9a750eb038cf472377d1daba63f34d745febfd41e7"",""modulation_padding_bits"":0,""mother_bits"":3744,""n"":1948,""n_cb"":3600,""n_cb_comp"":3556,""power_protocol"":""fixed_constellation_average_Es2"",""puncturing_bits"":1752,""puncturing_first_2Z"":144,""puncturing_remaining"":1608,""repetition_bits"":0,""scrambling"":""public_PCG64_SHA256_protocol_session_frame_group_counter_after_rate_matching_v1"",""shortening_bits"":44,""z"":72}",[2048]
16QAM,1/3,16QAM:r1/3,d7039ade12279727c54a7846980e650fa98d8be6110c2011c2c7cb1652c8722d,516,16,0,532,720,188,3744,2596,649,0,0.2049306625577812,0.1987673343605547,"{""actual_effective_rate"":0.2049306625577812,""bg"":""bg2"",""bit_mapping"":""component_Gray_00_-3_01_-1_10_3_11_1_over_sqrt5;QPSK_0_plus1_1_minus1"",""code_blocks"":1,""decoder_config"":{""cn_schedule"":""flooding"",""cn_update"":""boxplus-phi"",""early_stop"":false,""hard_out"":true,""harq_mode"":false,""llr_max"":20.0,""num_iter"":20,""precision"":""single"",""prune_pcm"":true,""return_infobits"":true,""vn_update"":""sum""},""implementation"":{""bit_mapping"":""component_Gray_00_-3_01_-1_10_3_11_1_over_sqrt5;QPSK_0_plus1_1_minus1"",""cuda"":""12.8"",""decoder"":{""cn_schedule"":""flooding"",""cn_update"":""boxplus-phi"",""early_stop"":false,""hard_out"":true,""harq_mode"":false,""llr_max"":20.0,""num_iter"":20,""precision"":""single"",""prune_pcm"":true,""return_infobits"":true,""vn_update"":""sum""},""decoder_source_sha256"":""44d84b92b749e2970f94d92cd348a11648e2286b4d851faa0af8b21d08f0da23"",""encoder_source_sha256"":""34d8db6660b2e84708a8fb534f63c194f6f2b964e3693fcffc9dcaf21532ccfd"",""implementation"":""Sionna_5G_LDPC"",""power_protocol"":""fixed_constellation_average_Es2"",""precision"":""float32"",""rate_matching"":""Sionna RV0; filler removal, first2Z and tail puncturing; supported n only"",""scrambling"":""public_PCG64_SHA256_protocol_session_frame_group_counter_after_rate_matching_v1"",""torch"":""2.11.0+cu128"",""version"":""2.2.0""},""interleaver_sha256"":""93a03db104795dc2e619ea7ea195603d5da39075ac11ea512dc461c79c60861b"",""k"":532,""k_filler"":188,""k_ldpc"":720,""layout_id"":""0d503ea4f099e925d1981a789c23d6cbf2c25b1c8f59e8987d42514805c91823"",""modulation_padding_bits"":0,""mother_bits"":3744,""n"":2596,""n_cb"":3600,""n_cb_comp"":3412,""power_protocol"":""fixed_constellation_average_Es2"",""puncturing_bits"":960,""puncturing_first_2Z"":144,""puncturing_remaining"":816,""repetition_bits"":0,""scrambling"":""public_PCG64_SHA256_protocol_session_frame_group_counter_after_rate_matching_v1"",""shortening_bits"":188,""z"":72}",[1024]
16QAM,3/4,16QAM:r3/4,d7056f965a1636a2d362bc770cca24e9dd93067e133d20c8a43fcab29b66b786,768,16,0,784,800,16,4160,3060,765,0,0.25620915032679736,0.25098039215686274,"{""actual_effective_rate"":0.25620915032679736,""bg"":""bg2"",""bit_mapping"":""component_Gray_00_-3_01_-1_10_3_11_1_over_sqrt5;QPSK_0_plus1_1_minus1"",""code_blocks"":1,""decoder_config"":{""cn_schedule"":""flooding"",""cn_update"":""boxplus-phi"",""early_stop"":false,""hard_out"":true,""harq_mode"":false,""llr_max"":20.0,""num_iter"":20,""precision"":""single"",""prune_pcm"":true,""return_infobits"":true,""vn_update"":""sum""},""implementation"":{""bit_mapping"":""component_Gray_00_-3_01_-1_10_3_11_1_over_sqrt5;QPSK_0_plus1_1_minus1"",""cuda"":""12.8"",""decoder"":{""cn_schedule"":""flooding"",""cn_update"":""boxplus-phi"",""early_stop"":false,""hard_out"":true,""harq_mode"":false,""llr_max"":20.0,""num_iter"":20,""precision"":""single"",""prune_pcm"":true,""return_infobits"":true,""vn_update"":""sum""},""decoder_source_sha256"":""44d84b92b749e2970f94d92cd348a11648e2286b4d851faa0af8b21d08f0da23"",""encoder_source_sha256"":""34d8db6660b2e84708a8fb534f63c194f6f2b964e3693fcffc9dcaf21532ccfd"",""implementation"":""Sionna_5G_LDPC"",""power_protocol"":""fixed_constellation_average_Es2"",""precision"":""float32"",""rate_matching"":""Sionna RV0; filler removal, first2Z and tail puncturing; supported n only"",""scrambling"":""public_PCG64_SHA256_protocol_session_frame_group_counter_after_rate_matching_v1"",""torch"":""2.11.0+cu128"",""version"":""2.2.0""},""interleaver_sha256"":""31664cace6b28f30223fa9a869907e0a6a3b9efca9f76a297611c3cc3533ddde"",""k"":784,""k_filler"":16,""k_ldpc"":800,""layout_id"":""45ef5df3d45ad09a9bd8c2b0131b431a456c8d26f42d8faab947acd43fc73852"",""modulation_padding_bits"":0,""mother_bits"":4160,""n"":3060,""n_cb"":4000,""n_cb_comp"":3984,""power_protocol"":""fixed_constellation_average_Es2"",""puncturing_bits"":1084,""puncturing_first_2Z"":160,""puncturing_remaining"":924,""repetition_bits"":0,""scrambling"":""public_PCG64_SHA256_protocol_session_frame_group_counter_after_rate_matching_v1"",""shortening_bits"":16,""z"":80}",[2048]
QPSK,2/3,QPSK:r2/3,d70f8d0255351dcc0e317cc191e49af219191df6be9dc6795bbd2db8c6376a05,1104,16,0,1120,1120,0,5824,1680,840,0,0.6666666666666666,0.6571428571428571,"{""actual_effective_rate"":0.6666666666666666,""bg"":""bg2"",""bit_mapping"":""component_Gray_00_-3_01_-1_10_3_11_1_over_sqrt5;QPSK_0_plus1_1_minus1"",""code_blocks"":1,""decoder_config"":{""cn_schedule"":""flooding"",""cn_update"":""boxplus-phi"",""early_stop"":false,""hard_out"":true,""harq_mode"":false,""llr_max"":20.0,""num_iter"":20,""precision"":""single"",""prune_pcm"":true,""return_infobits"":true,""vn_update"":""sum""},""implementation"":{""bit_mapping"":""component_Gray_00_-3_01_-1_10_3_11_1_over_sqrt5;QPSK_0_plus1_1_minus1"",""cuda"":""12.8"",""decoder"":{""cn_schedule"":""flooding"",""cn_update"":""boxplus-phi"",""early_stop"":false,""hard_out"":true,""harq_mode"":false,""llr_max"":20.0,""num_iter"":20,""precision"":""single"",""prune_pcm"":true,""return_infobits"":true,""vn_update"":""sum""},""decoder_source_sha256"":""44d84b92b749e2970f94d92cd348a11648e2286b4d851faa0af8b21d08f0da23"",""encoder_source_sha256"":""34d8db6660b2e84708a8fb534f63c194f6f2b964e3693fcffc9dcaf21532ccfd"",""implementation"":""Sionna_5G_LDPC"",""power_protocol"":""fixed_constellation_average_Es2"",""precision"":""float32"",""rate_matching"":""Sionna RV0; filler removal, first2Z and tail puncturing; supported n only"",""scrambling"":""public_PCG64_SHA256_protocol_session_frame_group_counter_after_rate_matching_v1"",""torch"":""2.11.0+cu128"",""version"":""2.2.0""},""interleaver_sha256"":""e15ab957f50fe5f3bab15754733784bdb26caea191c394fbf897e6923c3153b3"",""k"":1120,""k_filler"":0,""k_ldpc"":1120,""layout_id"":""911f125d9a98500a48864adf317ef6966affed04bde2101a48f8671223c0a7ca"",""modulation_padding_bits"":0,""mother_bits"":5824,""n"":1680,""n_cb"":5600,""n_cb_comp"":5600,""power_protocol"":""fixed_constellation_average_Es2"",""puncturing_bits"":4144,""puncturing_first_2Z"":224,""puncturing_remaining"":3920,""repetition_bits"":0,""scrambling"":""public_PCG64_SHA256_protocol_session_frame_group_counter_after_rate_matching_v1"",""shortening_bits"":0,""z"":112}",[1024]
16QAM,3/4,16QAM:r3/4,d723f554a735e5c5e7eae5ef227c86924b0b9315a0e3edaaa6dc7d78044e92a5,1968,16,0,1984,2112,128,6528,2648,662,0,0.7492447129909365,0.743202416918429,"{""actual_effective_rate"":0.7492447129909365,""bg"":""bg1"",""bit_mapping"":""component_Gray_00_-3_01_-1_10_3_11_1_over_sqrt5;QPSK_0_plus1_1_minus1"",""code_blocks"":1,""decoder_config"":{""cn_schedule"":""flooding"",""cn_update"":""boxplus-phi"",""early_stop"":false,""hard_out"":true,""harq_mode"":false,""llr_max"":20.0,""num_iter"":20,""precision"":""single"",""prune_pcm"":true,""return_infobits"":true,""vn_update"":""sum""},""implementation"":{""bit_mapping"":""component_Gray_00_-3_01_-1_10_3_11_1_over_sqrt5;QPSK_0_plus1_1_minus1"",""cuda"":""12.8"",""decoder"":{""cn_schedule"":""flooding"",""cn_update"":""boxplus-phi"",""early_stop"":false,""hard_out"":true,""harq_mode"":false,""llr_max"":20.0,""num_iter"":20,""precision"":""single"",""prune_pcm"":true,""return_infobits"":true,""vn_update"":""sum""},""decoder_source_sha256"":""44d84b92b749e2970f94d92cd348a11648e2286b4d851faa0af8b21d08f0da23"",""encoder_source_sha256"":""34d8db6660b2e84708a8fb534f63c194f6f2b964e3693fcffc9dcaf21532ccfd"",""implementation"":""Sionna_5G_LDPC"",""power_protocol"":""fixed_constellation_average_Es2"",""precision"":""float32"",""rate_matching"":""Sionna RV0; filler removal, first2Z and tail puncturing; supported n only"",""scrambling"":""public_PCG64_SHA256_protocol_session_frame_group_counter_after_rate_matching_v1"",""torch"":""2.11.0+cu128"",""version"":""2.2.0""},""interleaver_sha256"":""e614b56561912b7a559f797e4da87028080250fabe0e4ab22f26e23c3bb2c070"",""k"":1984,""k_filler"":128,""k_ldpc"":2112,""layout_id"":""a184ea2d738a5842fcf8aa183dfb4961b44e2ea2be4c35e4202f604dda77329c"",""modulation_padding_bits"":0,""mother_bits"":6528,""n"":2648,""n_cb"":6336,""n_cb_comp"":6208,""power_protocol"":""fixed_constellation_average_Es2"",""puncturing_bits"":3752,""puncturing_first_2Z"":192,""puncturing_remaining"":3560,""repetition_bits"":0,""scrambling"":""public_PCG64_SHA256_protocol_session_frame_group_counter_after_rate_matching_v1"",""shortening_bits"":128,""z"":96}",[2048]
QPSK,1/3,QPSK:r1/3,d7278cf47dd73aa06737daf2206a80a04738616b01dba4c2364dc24d499410a8,1116,16,0,1132,1200,68,6240,3656,1828,0,0.3096280087527352,0.3052516411378556,"{""actual_effective_rate"":0.3096280087527352,""bg"":""bg2"",""bit_mapping"":""component_Gray_00_-3_01_-1_10_3_11_1_over_sqrt5;QPSK_0_plus1_1_minus1"",""code_blocks"":1,""decoder_config"":{""cn_schedule"":""flooding"",""cn_update"":""boxplus-phi"",""early_stop"":false,""hard_out"":true,""harq_mode"":false,""llr_max"":20.0,""num_iter"":20,""precision"":""single"",""prune_pcm"":true,""return_infobits"":true,""vn_update"":""sum""},""implementation"":{""bit_mapping"":""component_Gray_00_-3_01_-1_10_3_11_1_over_sqrt5;QPSK_0_plus1_1_minus1"",""cuda"":""12.8"",""decoder"":{""cn_schedule"":""flooding"",""cn_update"":""boxplus-phi"",""early_stop"":false,""hard_out"":true,""harq_mode"":false,""llr_max"":20.0,""num_iter"":20,""precision"":""single"",""prune_pcm"":true,""return_infobits"":true,""vn_update"":""sum""},""decoder_source_sha256"":""44d84b92b749e2970f94d92cd348a11648e2286b4d851faa0af8b21d08f0da23"",""encoder_source_sha256"":""34d8db6660b2e84708a8fb534f63c194f6f2b964e3693fcffc9dcaf21532ccfd"",""implementation"":""Sionna_5G_LDPC"",""power_protocol"":""fixed_constellation_average_Es2"",""precision"":""float32"",""rate_matching"":""Sionna RV0; filler removal, first2Z and tail puncturing; supported n only"",""scrambling"":""public_PCG64_SHA256_protocol_session_frame_group_counter_after_rate_matching_v1"",""torch"":""2.11.0+cu128"",""version"":""2.2.0""},""interleaver_sha256"":""a20b92848434b39124d33a6d36e65478d4e0168ebbf8acf3696d91a4634c086d"",""k"":1132,""k_filler"":68,""k_ldpc"":1200,""layout_id"":""50dc76d99bacdddf8072f8ace8db8cb3a19fe97b3770be90ac5e5bb80c8a09de"",""modulation_padding_bits"":0,""mother_bits"":6240,""n"":3656,""n_cb"":6000,""n_cb_comp"":5932,""power_protocol"":""fixed_constellation_average_Es2"",""puncturing_bits"":2516,""puncturing_first_2Z"":240,""puncturing_remaining"":2276,""repetition_bits"":0,""scrambling"":""public_PCG64_SHA256_protocol_session_frame_group_counter_after_rate_matching_v1"",""shortening_bits"":68,""z"":120}",[2048]
QPSK,1/3,QPSK:r1/3,d728a1d180be068c982ccaac97d035381000acaa2e8cd2aef1b91580256358f9,1200,16,0,1216,1280,64,6656,3674,1837,0,0.33097441480675016,0.326619488296135,"{""actual_effective_rate"":0.33097441480675016,""bg"":""bg2"",""bit_mapping"":""component_Gray_00_-3_01_-1_10_3_11_1_over_sqrt5;QPSK_0_plus1_1_minus1"",""code_blocks"":1,""decoder_config"":{""cn_schedule"":""flooding"",""cn_update"":""boxplus-phi"",""early_stop"":false,""hard_out"":true,""harq_mode"":false,""llr_max"":20.0,""num_iter"":20,""precision"":""single"",""prune_pcm"":true,""return_infobits"":true,""vn_update"":""sum""},""implementation"":{""bit_mapping"":""component_Gray_00_-3_01_-1_10_3_11_1_over_sqrt5;QPSK_0_plus1_1_minus1"",""cuda"":""12.8"",""decoder"":{""cn_schedule"":""flooding"",""cn_update"":""boxplus-phi"",""early_stop"":false,""hard_out"":true,""harq_mode"":false,""llr_max"":20.0,""num_iter"":20,""precision"":""single"",""prune_pcm"":true,""return_infobits"":true,""vn_update"":""sum""},""decoder_source_sha256"":""44d84b92b749e2970f94d92cd348a11648e2286b4d851faa0af8b21d08f0da23"",""encoder_source_sha256"":""34d8db6660b2e84708a8fb534f63c194f6f2b964e3693fcffc9dcaf21532ccfd"",""implementation"":""Sionna_5G_LDPC"",""power_protocol"":""fixed_constellation_average_Es2"",""precision"":""float32"",""rate_matching"":""Sionna RV0; filler removal, first2Z and tail puncturing; supported n only"",""scrambling"":""public_PCG64_SHA256_protocol_session_frame_group_counter_after_rate_matching_v1"",""torch"":""2.11.0+cu128"",""version"":""2.2.0""},""interleaver_sha256"":""7f3816847af2b4f5e201f5e6e608dd052851511b58d8cb23bdeabaea75720f6a"",""k"":1216,""k_filler"":64,""k_ldpc"":1280,""layout_id"":""5f55d2083ccff2d04d397830a4f6c7912d22a8aa5897b6c1fa6c621ea82d5777"",""modulation_padding_bits"":0,""mother_bits"":6656,""n"":3674,""n_cb"":6400,""n_cb_comp"":6336,""power_protocol"":""fixed_constellation_average_Es2"",""puncturing_bits"":2918,""puncturing_first_2Z"":256,""puncturing_remaining"":2662,""repetition_bits"":0,""scrambling"":""public_PCG64_SHA256_protocol_session_frame_group_counter_after_rate_matching_v1"",""shortening_bits"":64,""z"":128}",[2048]
16QAM,2/3,16QAM:r2/3,d7290285ec394bd19ecd67bbe532131ecabd58353e7766fef5ae67c73bda1011,1116,16,0,1132,1200,68,6240,4760,1190,0,0.23781512605042016,0.23445378151260504,"{""actual_effective_rate"":0.23781512605042016,""bg"":""bg2"",""bit_mapping"":""component_Gray_00_-3_01_-1_10_3_11_1_over_sqrt5;QPSK_0_plus1_1_minus1"",""code_blocks"":1,""decoder_config"":{""cn_schedule"":""flooding"",""cn_update"":""boxplus-phi"",""early_stop"":false,""hard_out"":true,""harq_mode"":false,""llr_max"":20.0,""num_iter"":20,""precision"":""single"",""prune_pcm"":true,""return_infobits"":true,""vn_update"":""sum""},""implementation"":{""bit_mapping"":""component_Gray_00_-3_01_-1_10_3_11_1_over_sqrt5;QPSK_0_plus1_1_minus1"",""cuda"":""12.8"",""decoder"":{""cn_schedule"":""flooding"",""cn_update"":""boxplus-phi"",""early_stop"":false,""hard_out"":true,""harq_mode"":false,""llr_max"":20.0,""num_iter"":20,""precision"":""single"",""prune_pcm"":true,""return_infobits"":true,""vn_update"":""sum""},""decoder_source_sha256"":""44d84b92b749e2970f94d92cd348a11648e2286b4d851faa0af8b21d08f0da23"",""encoder_source_sha256"":""34d8db6660b2e84708a8fb534f63c194f6f2b964e3693fcffc9dcaf21532ccfd"",""implementation"":""Sionna_5G_LDPC"",""power_protocol"":""fixed_constellation_average_Es2"",""precision"":""float32"",""rate_matching"":""Sionna RV0; filler removal, first2Z and tail puncturing; supported n only"",""scrambling"":""public_PCG64_SHA256_protocol_session_frame_group_counter_after_rate_matching_v1"",""torch"":""2.11.0+cu128"",""version"":""2.2.0""},""interleaver_sha256"":""eddb3695579c950274a5775bdbbe7af68924fe013a4726cdd9957154a2aee6d5"",""k"":1132,""k_filler"":68,""k_ldpc"":1200,""layout_id"":""919bb0c55c603f6c2aa85359388b309887cbe45614b44ca5ed634d9500bf179c"",""modulation_padding_bits"":0,""mother_bits"":6240,""n"":4760,""n_cb"":6000,""n_cb_comp"":5932,""power_protocol"":""fixed_constellation_average_Es2"",""puncturing_bits"":1412,""puncturing_first_2Z"":240,""puncturing_remaining"":1172,""repetition_bits"":0,""scrambling"":""public_PCG64_SHA256_protocol_session_frame_group_counter_after_rate_matching_v1"",""shortening_bits"":68,""z"":120}",[2048]
QPSK,1/2,QPSK:r1/2,d72c9684dc66336b82edea7cc21f8163b4d495bbdb108787f669b9d5a8fff459,576,16,0,592,720,128,3744,1864,932,0,0.31759656652360513,0.3090128755364807,"{""actual_effective_rate"":0.31759656652360513,""bg"":""bg2"",""bit_mapping"":""component_Gray_00_-3_01_-1_10_3_11_1_over_sqrt5;QPSK_0_plus1_1_minus1"",""code_blocks"":1,""decoder_config"":{""cn_schedule"":""flooding"",""cn_update"":""boxplus-phi"",""early_stop"":false,""hard_out"":true,""harq_mode"":false,""llr_max"":20.0,""num_iter"":20,""precision"":""single"",""prune_pcm"":true,""return_infobits"":true,""vn_update"":""sum""},""implementation"":{""bit_mapping"":""component_Gray_00_-3_01_-1_10_3_11_1_over_sqrt5;QPSK_0_plus1_1_minus1"",""cuda"":""12.8"",""decoder"":{""cn_schedule"":""flooding"",""cn_update"":""boxplus-phi"",""early_stop"":false,""hard_out"":true,""harq_mode"":false,""llr_max"":20.0,""num_iter"":20,""precision"":""single"",""prune_pcm"":true,""return_infobits"":true,""vn_update"":""sum""},""decoder_source_sha256"":""44d84b92b749e2970f94d92cd348a11648e2286b4d851faa0af8b21d08f0da23"",""encoder_source_sha256"":""34d8db6660b2e84708a8fb534f63c194f6f2b964e3693fcffc9dcaf21532ccfd"",""implementation"":""Sionna_5G_LDPC"",""power_protocol"":""fixed_constellation_average_Es2"",""precision"":""float32"",""rate_matching"":""Sionna RV0; filler removal, first2Z and tail puncturing; supported n only"",""scrambling"":""public_PCG64_SHA256_protocol_session_frame_group_counter_after_rate_matching_v1"",""torch"":""2.11.0+cu128"",""version"":""2.2.0""},""interleaver_sha256"":""d5bbc7422d448e681a7e41b0b876f318ec06da7032d887abeb11d42b02bf7709"",""k"":592,""k_filler"":128,""k_ldpc"":720,""layout_id"":""e6cccb18bf033be4379fb1c4ad3a40ac30c6188f70dea10713d23616a935a7f8"",""modulation_padding_bits"":0,""mother_bits"":3744,""n"":1864,""n_cb"":3600,""n_cb_comp"":3472,""power_protocol"":""fixed_constellation_average_Es2"",""puncturing_bits"":1752,""puncturing_first_2Z"":144,""puncturing_remaining"":1608,""repetition_bits"":0,""scrambling"":""public_PCG64_SHA256_protocol_session_frame_group_counter_after_rate_matching_v1"",""shortening_bits"":128,""z"":72}",[2048]
QPSK,3/4,QPSK:r3/4,d72e85c9860879e0b17e6c166c0cb16dca893c1e89ecc5759ba4e7384b2b92ea,660,16,0,676,720,44,3744,1318,659,0,0.5128983308042488,0.5007587253414264,"{""actual_effective_rate"":0.5128983308042488,""bg"":""bg2"",""bit_mapping"":""component_Gray_00_-3_01_-1_10_3_11_1_over_sqrt5;QPSK_0_plus1_1_minus1"",""code_blocks"":1,""decoder_config"":{""cn_schedule"":""flooding"",""cn_update"":""boxplus-phi"",""early_stop"":false,""hard_out"":true,""harq_mode"":false,""llr_max"":20.0,""num_iter"":20,""precision"":""single"",""prune_pcm"":true,""return_infobits"":true,""vn_update"":""sum""},""implementation"":{""bit_mapping"":""component_Gray_00_-3_01_-1_10_3_11_1_over_sqrt5;QPSK_0_plus1_1_minus1"",""cuda"":""12.8"",""decoder"":{""cn_schedule"":""flooding"",""cn_update"":""boxplus-phi"",""early_stop"":false,""hard_out"":true,""harq_mode"":false,""llr_max"":20.0,""num_iter"":20,""precision"":""single"",""prune_pcm"":true,""return_infobits"":true,""vn_update"":""sum""},""decoder_source_sha256"":""44d84b92b749e2970f94d92cd348a11648e2286b4d851faa0af8b21d08f0da23"",""encoder_source_sha256"":""34d8db6660b2e84708a8fb534f63c194f6f2b964e3693fcffc9dcaf21532ccfd"",""implementation"":""Sionna_5G_LDPC"",""power_protocol"":""fixed_constellation_average_Es2"",""precision"":""float32"",""rate_matching"":""Sionna RV0; filler removal, first2Z and tail puncturing; supported n only"",""scrambling"":""public_PCG64_SHA256_protocol_session_frame_group_counter_after_rate_matching_v1"",""torch"":""2.11.0+cu128"",""version"":""2.2.0""},""interleaver_sha256"":""2f12a7a82b39fba4a42ddf50c7c7399a4971752289be75a737b456fbb11ecfa6"",""k"":676,""k_filler"":44,""k_ldpc"":720,""layout_id"":""49fc59f4b0017fb42e1221804815892e60e0b1c75e899fb98ee15e006908a9e8"",""modulation_padding_bits"":0,""mother_bits"":3744,""n"":1318,""n_cb"":3600,""n_cb_comp"":3556,""power_protocol"":""fixed_constellation_average_Es2"",""puncturing_bits"":2382,""puncturing_first_2Z"":144,""puncturing_remaining"":2238,""repetition_bits"":0,""scrambling"":""public_PCG64_SHA256_protocol_session_frame_group_counter_after_rate_matching_v1"",""shortening_bits"":44,""z"":72}","[1024,2048]"
QPSK,3/4,QPSK:r3/4,d738d25a0a8d8979570ee613d28185c682fa849965527f66e95f0a172a35d9ed,360,16,0,376,480,104,2496,1116,558,0,0.33691756272401435,0.3225806451612903,"{""actual_effective_rate"":0.33691756272401435,""bg"":""bg2"",""bit_mapping"":""component_Gray_00_-3_01_-1_10_3_11_1_over_sqrt5;QPSK_0_plus1_1_minus1"",""code_blocks"":1,""decoder_config"":{""cn_schedule"":""flooding"",""cn_update"":""boxplus-phi"",""early_stop"":false,""hard_out"":true,""harq_mode"":false,""llr_max"":20.0,""num_iter"":20,""precision"":""single"",""prune_pcm"":true,""return_infobits"":true,""vn_update"":""sum""},""implementation"":{""bit_mapping"":""component_Gray_00_-3_01_-1_10_3_11_1_over_sqrt5;QPSK_0_plus1_1_minus1"",""cuda"":""12.8"",""decoder"":{""cn_schedule"":""flooding"",""cn_update"":""boxplus-phi"",""early_stop"":false,""hard_out"":true,""harq_mode"":false,""llr_max"":20.0,""num_iter"":20,""precision"":""single"",""prune_pcm"":true,""return_infobits"":true,""vn_update"":""sum""},""decoder_source_sha256"":""44d84b92b749e2970f94d92cd348a11648e2286b4d851faa0af8b21d08f0da23"",""encoder_source_sha256"":""34d8db6660b2e84708a8fb534f63c194f6f2b964e3693fcffc9dcaf21532ccfd"",""implementation"":""Sionna_5G_LDPC"",""power_protocol"":""fixed_constellation_average_Es2"",""precision"":""float32"",""rate_matching"":""Sionna RV0; filler removal, first2Z and tail puncturing; supported n only"",""scrambling"":""public_PCG64_SHA256_protocol_session_frame_group_counter_after_rate_matching_v1"",""torch"":""2.11.0+cu128"",""version"":""2.2.0""},""interleaver_sha256"":""3d5c4aed1f4d7bbda37ae1db0f49522325071ca15b6b104bea2bf93e934e5dd2"",""k"":376,""k_filler"":104,""k_ldpc"":480,""layout_id"":""7e483ff98c17faa2cea509550e710fe8871ce17ce4f21a39a565f50ec8377455"",""modulation_padding_bits"":0,""mother_bits"":2496,""n"":1116,""n_cb"":2400,""n_cb_comp"":2296,""power_protocol"":""fixed_constellation_average_Es2"",""puncturing_bits"":1276,""puncturing_first_2Z"":96,""puncturing_remaining"":1180,""repetition_bits"":0,""scrambling"":""public_PCG64_SHA256_protocol_session_frame_group_counter_after_rate_matching_v1"",""shortening_bits"":104,""z"":48}",[2048]
QPSK,2/3,QPSK:r2/3,d74b8bb3d83c281b15828fb96af6c451dff3ba617da9552c579d36106a22d586,2448,16,0,2464,2560,96,13312,3696,1848,0,0.6666666666666666,0.6623376623376623,"{""actual_effective_rate"":0.6666666666666666,""bg"":""bg2"",""bit_mapping"":""component_Gray_00_-3_01_-1_10_3_11_1_over_sqrt5;QPSK_0_plus1_1_minus1"",""code_blocks"":1,""decoder_config"":{""cn_schedule"":""flooding"",""cn_update"":""boxplus-phi"",""early_stop"":false,""hard_out"":true,""harq_mode"":false,""llr_max"":20.0,""num_iter"":20,""precision"":""single"",""prune_pcm"":true,""return_infobits"":true,""vn_update"":""sum""},""implementation"":{""bit_mapping"":""component_Gray_00_-3_01_-1_10_3_11_1_over_sqrt5;QPSK_0_plus1_1_minus1"",""cuda"":""12.8"",""decoder"":{""cn_schedule"":""flooding"",""cn_update"":""boxplus-phi"",""early_stop"":false,""hard_out"":true,""harq_mode"":false,""llr_max"":20.0,""num_iter"":20,""precision"":""single"",""prune_pcm"":true,""return_infobits"":true,""vn_update"":""sum""},""decoder_source_sha256"":""44d84b92b749e2970f94d92cd348a11648e2286b4d851faa0af8b21d08f0da23"",""encoder_source_sha256"":""34d8db6660b2e84708a8fb534f63c194f6f2b964e3693fcffc9dcaf21532ccfd"",""implementation"":""Sionna_5G_LDPC"",""power_protocol"":""fixed_constellation_average_Es2"",""precision"":""float32"",""rate_matching"":""Sionna RV0; filler removal, first2Z and tail puncturing; supported n only"",""scrambling"":""public_PCG64_SHA256_protocol_session_frame_group_counter_after_rate_matching_v1"",""torch"":""2.11.0+cu128"",""version"":""2.2.0""},""interleaver_sha256"":""28403dff44c1b9a6121fcc838ffc7988ba6a3eb0c62bfa56dbabe6dddac19d2c"",""k"":2464,""k_filler"":96,""k_ldpc"":2560,""layout_id"":""a98214a9cb9e4e7516c70372217ea2a40d790ea41028671bcc5d9543ee362d85"",""modulation_padding_bits"":0,""mother_bits"":13312,""n"":3696,""n_cb"":12800,""n_cb_comp"":12704,""power_protocol"":""fixed_constellation_average_Es2"",""puncturing_bits"":9520,""puncturing_first_2Z"":512,""puncturing_remaining"":9008,""repetition_bits"":0,""scrambling"":""public_PCG64_SHA256_protocol_session_frame_group_counter_after_rate_matching_v1"",""shortening_bits"":96,""z"":256}",[2048]
16QAM,5/6,16QAM:r5/6,d74c36802c95a8d8f8d734289e3cb04f2ef072a0b3e2d7b5095db65bf4050e80,1860,16,0,1876,1920,44,9984,3568,892,0,0.5257847533632287,0.5213004484304933,"{""actual_effective_rate"":0.5257847533632287,""bg"":""bg2"",""bit_mapping"":""component_Gray_00_-3_01_-1_10_3_11_1_over_sqrt5;QPSK_0_plus1_1_minus1"",""code_blocks"":1,""decoder_config"":{""cn_schedule"":""flooding"",""cn_update"":""boxplus-phi"",""early_stop"":false,""hard_out"":true,""harq_mode"":false,""llr_max"":20.0,""num_iter"":20,""precision"":""single"",""prune_pcm"":true,""return_infobits"":true,""vn_update"":""sum""},""implementation"":{""bit_mapping"":""component_Gray_00_-3_01_-1_10_3_11_1_over_sqrt5;QPSK_0_plus1_1_minus1"",""cuda"":""12.8"",""decoder"":{""cn_schedule"":""flooding"",""cn_update"":""boxplus-phi"",""early_stop"":false,""hard_out"":true,""harq_mode"":false,""llr_max"":20.0,""num_iter"":20,""precision"":""single"",""prune_pcm"":true,""return_infobits"":true,""vn_update"":""sum""},""decoder_source_sha256"":""44d84b92b749e2970f94d92cd348a11648e2286b4d851faa0af8b21d08f0da23"",""encoder_source_sha256"":""34d8db6660b2e84708a8fb534f63c194f6f2b964e3693fcffc9dcaf21532ccfd"",""implementation"":""Sionna_5G_LDPC"",""power_protocol"":""fixed_constellation_average_Es2"",""precision"":""float32"",""rate_matching"":""Sionna RV0; filler removal, first2Z and tail puncturing; supported n only"",""scrambling"":""public_PCG64_SHA256_protocol_session_frame_group_counter_after_rate_matching_v1"",""torch"":""2.11.0+cu128"",""version"":""2.2.0""},""interleaver_sha256"":""e886b058aae37e5464f4b657df69b8b0f936702aee4ac84cf331fb19653da780"",""k"":1876,""k_filler"":44,""k_ldpc"":1920,""layout_id"":""0b8edcd55ce29292744fd4f0ca6c7abe738ef0590d4c67dd0dd47bc341ae91ad"",""modulation_padding_bits"":0,""mother_bits"":9984,""n"":3568,""n_cb"":9600,""n_cb_comp"":9556,""power_protocol"":""fixed_constellation_average_Es2"",""puncturing_bits"":6372,""puncturing_first_2Z"":384,""puncturing_remaining"":5988,""repetition_bits"":0,""scrambling"":""public_PCG64_SHA256_protocol_session_frame_group_counter_after_rate_matching_v1"",""shortening_bits"":44,""z"":192}",[2048]
QPSK,1/2,QPSK:r1/2,d74d29e79ff292847279b72518c2b5737f5e086df9f0716d2dbcab7277560af6,732,16,0,748,800,52,4160,1502,751,0,0.4980026631158455,0.4873501997336884,"{""actual_effective_rate"":0.4980026631158455,""bg"":""bg2"",""bit_mapping"":""component_Gray_00_-3_01_-1_10_3_11_1_over_sqrt5;QPSK_0_plus1_1_minus1"",""code_blocks"":1,""decoder_config"":{""cn_schedule"":""flooding"",""cn_update"":""boxplus-phi"",""early_stop"":false,""hard_out"":true,""harq_mode"":false,""llr_max"":20.0,""num_iter"":20,""precision"":""single"",""prune_pcm"":true,""return_infobits"":true,""vn_update"":""sum""},""implementation"":{""bit_mapping"":""component_Gray_00_-3_01_-1_10_3_11_1_over_sqrt5;QPSK_0_plus1_1_minus1"",""cuda"":""12.8"",""decoder"":{""cn_schedule"":""flooding"",""cn_update"":""boxplus-phi"",""early_stop"":false,""hard_out"":true,""harq_mode"":false,""llr_max"":20.0,""num_iter"":20,""precision"":""single"",""prune_pcm"":true,""return_infobits"":true,""vn_update"":""sum""},""decoder_source_sha256"":""44d84b92b749e2970f94d92cd348a11648e2286b4d851faa0af8b21d08f0da23"",""encoder_source_sha256"":""34d8db6660b2e84708a8fb534f63c194f6f2b964e3693fcffc9dcaf21532ccfd"",""implementation"":""Sionna_5G_LDPC"",""power_protocol"":""fixed_constellation_average_Es2"",""precision"":""float32"",""rate_matching"":""Sionna RV0; filler removal, first2Z and tail puncturing; supported n only"",""scrambling"":""public_PCG64_SHA256_protocol_session_frame_group_counter_after_rate_matching_v1"",""torch"":""2.11.0+cu128"",""version"":""2.2.0""},""interleaver_sha256"":""bb18954183d64dc43802ed77c9b467aac88f35aba7e503b97b88d7b5c3d5fcb6"",""k"":748,""k_filler"":52,""k_ldpc"":800,""layout_id"":""05e5407e0c5a65d82a2b6b2553857a7321e643df006658d3e8d2dadbeb7ed9c5"",""modulation_padding_bits"":0,""mother_bits"":4160,""n"":1502,""n_cb"":4000,""n_cb_comp"":3948,""power_protocol"":""fixed_constellation_average_Es2"",""puncturing_bits"":2606,""puncturing_first_2Z"":160,""puncturing_remaining"":2446,""repetition_bits"":0,""scrambling"":""public_PCG64_SHA256_protocol_session_frame_group_counter_after_rate_matching_v1"",""shortening_bits"":52,""z"":80}",[1024]
16QAM,5/6,16QAM:r5/6,d7559926f989109cc654aabbb666c40b0e44241f90111c6ed21911be18bb7f21,72,16,0,88,150,62,780,108,27,0,0.8148148148148148,0.6666666666666666,"{""actual_effective_rate"":0.8148148148148148,""bg"":""bg2"",""bit_mapping"":""component_Gray_00_-3_01_-1_10_3_11_1_over_sqrt5;QPSK_0_plus1_1_minus1"",""code_blocks"":1,""decoder_config"":{""cn_schedule"":""flooding"",""cn_update"":""boxplus-phi"",""early_stop"":false,""hard_out"":true,""harq_mode"":false,""llr_max"":20.0,""num_iter"":20,""precision"":""single"",""prune_pcm"":true,""return_infobits"":true,""vn_update"":""sum""},""implementation"":{""bit_mapping"":""component_Gray_00_-3_01_-1_10_3_11_1_over_sqrt5;QPSK_0_plus1_1_minus1"",""cuda"":""12.8"",""decoder"":{""cn_schedule"":""flooding"",""cn_update"":""boxplus-phi"",""early_stop"":false,""hard_out"":true,""harq_mode"":false,""llr_max"":20.0,""num_iter"":20,""precision"":""single"",""prune_pcm"":true,""return_infobits"":true,""vn_update"":""sum""},""decoder_source_sha256"":""44d84b92b749e2970f94d92cd348a11648e2286b4d851faa0af8b21d08f0da23"",""encoder_source_sha256"":""34d8db6660b2e84708a8fb534f63c194f6f2b964e3693fcffc9dcaf21532ccfd"",""implementation"":""Sionna_5G_LDPC"",""power_protocol"":""fixed_constellation_average_Es2"",""precision"":""float32"",""rate_matching"":""Sionna RV0; filler removal, first2Z and tail puncturing; supported n only"",""scrambling"":""public_PCG64_SHA256_protocol_session_frame_group_counter_after_rate_matching_v1"",""torch"":""2.11.0+cu128"",""version"":""2.2.0""},""interleaver_sha256"":""0bc3490d8c41aad8cabbab7bcd9261ab891cf998c9bb339b887c898461e54975"",""k"":88,""k_filler"":62,""k_ldpc"":150,""layout_id"":""ce1a9cdffd564e06ee67d49492403d7675b1c070d5f3ff9c7fde78bd47f209a2"",""modulation_padding_bits"":0,""mother_bits"":780,""n"":108,""n_cb"":750,""n_cb_comp"":688,""power_protocol"":""fixed_constellation_average_Es2"",""puncturing_bits"":610,""puncturing_first_2Z"":30,""puncturing_remaining"":580,""repetition_bits"":0,""scrambling"":""public_PCG64_SHA256_protocol_session_frame_group_counter_after_rate_matching_v1"",""shortening_bits"":62,""z"":15}","[1024,2048]"
16QAM,1/3,16QAM:r1/3,d756152e6c5bcb9b88e86e44043d56caf84c89238cbb156e044579ca7b5445b1,1092,16,0,1108,1120,12,5824,4616,1154,0,0.24003466204506066,0.2365684575389948,"{""actual_effective_rate"":0.24003466204506066,""bg"":""bg2"",""bit_mapping"":""component_Gray_00_-3_01_-1_10_3_11_1_over_sqrt5;QPSK_0_plus1_1_minus1"",""code_blocks"":1,""decoder_config"":{""cn_schedule"":""flooding"",""cn_update"":""boxplus-phi"",""early_stop"":false,""hard_out"":true,""harq_mode"":false,""llr_max"":20.0,""num_iter"":20,""precision"":""single"",""prune_pcm"":true,""return_infobits"":true,""vn_update"":""sum""},""implementation"":{""bit_mapping"":""component_Gray_00_-3_01_-1_10_3_11_1_over_sqrt5;QPSK_0_plus1_1_minus1"",""cuda"":""12.8"",""decoder"":{""cn_schedule"":""flooding"",""cn_update"":""boxplus-phi"",""early_stop"":false,""hard_out"":true,""harq_mode"":false,""llr_max"":20.0,""num_iter"":20,""precision"":""single"",""prune_pcm"":true,""return_infobits"":true,""vn_update"":""sum""},""decoder_source_sha256"":""44d84b92b749e2970f94d92cd348a11648e2286b4d851faa0af8b21d08f0da23"",""encoder_source_sha256"":""34d8db6660b2e84708a8fb534f63c194f6f2b964e3693fcffc9dcaf21532ccfd"",""implementation"":""Sionna_5G_LDPC"",""power_protocol"":""fixed_constellation_average_Es2"",""precision"":""float32"",""rate_matching"":""Sionna RV0; filler removal, first2Z and tail puncturing; supported n only"",""scrambling"":""public_PCG64_SHA256_protocol_session_frame_group_counter_after_rate_matching_v1"",""torch"":""2.11.0+cu128"",""version"":""2.2.0""},""interleaver_sha256"":""f55241a9082f24bbdd2cceae0b980ec346a842e55d426dcc3a091f2b7a311866"",""k"":1108,""k_filler"":12,""k_ldpc"":1120,""layout_id"":""4028b7ecb3172586619a9e2027cba98941e6e885791116ca82036b836bf3f064"",""modulation_padding_bits"":0,""mother_bits"":5824,""n"":4616,""n_cb"":5600,""n_cb_comp"":5588,""power_protocol"":""fixed_constellation_average_Es2"",""puncturing_bits"":1196,""puncturing_first_2Z"":224,""puncturing_remaining"":972,""repetition_bits"":0,""scrambling"":""public_PCG64_SHA256_protocol_session_frame_group_counter_after_rate_matching_v1"",""shortening_bits"":12,""z"":112}",[2048]
QPSK,1/2,QPSK:r1/2,d767ae316d0d1e12b48281bf9ea1e1112e44f83a6aefe168236d7221a9319e6f,684,16,0,700,720,20,3744,1402,701,0,0.4992867332382311,0.48787446504992865,"{""actual_effective_rate"":0.4992867332382311,""bg"":""bg2"",""bit_mapping"":""component_Gray_00_-3_01_-1_10_3_11_1_over_sqrt5;QPSK_0_plus1_1_minus1"",""code_blocks"":1,""decoder_config"":{""cn_schedule"":""flooding"",""cn_update"":""boxplus-phi"",""early_stop"":false,""hard_out"":true,""harq_mode"":false,""llr_max"":20.0,""num_iter"":20,""precision"":""single"",""prune_pcm"":true,""return_infobits"":true,""vn_update"":""sum""},""implementation"":{""bit_mapping"":""component_Gray_00_-3_01_-1_10_3_11_1_over_sqrt5;QPSK_0_plus1_1_minus1"",""cuda"":""12.8"",""decoder"":{""cn_schedule"":""flooding"",""cn_update"":""boxplus-phi"",""early_stop"":false,""hard_out"":true,""harq_mode"":false,""llr_max"":20.0,""num_iter"":20,""precision"":""single"",""prune_pcm"":true,""return_infobits"":true,""vn_update"":""sum""},""decoder_source_sha256"":""44d84b92b749e2970f94d92cd348a11648e2286b4d851faa0af8b21d08f0da23"",""encoder_source_sha256"":""34d8db6660b2e84708a8fb534f63c194f6f2b964e3693fcffc9dcaf21532ccfd"",""implementation"":""Sionna_5G_LDPC"",""power_protocol"":""fixed_constellation_average_Es2"",""precision"":""float32"",""rate_matching"":""Sionna RV0; filler removal, first2Z and tail puncturing; supported n only"",""scrambling"":""public_PCG64_SHA256_protocol_session_frame_group_counter_after_rate_matching_v1"",""torch"":""2.11.0+cu128"",""version"":""2.2.0""},""interleaver_sha256"":""91807c0cc0b9cba380a4737018803650a4b4bac478c49df8a037a1f438a3afe1"",""k"":700,""k_filler"":20,""k_ldpc"":720,""layout_id"":""f325f549a48098078aa909187895131db580285b50e63ef412c4e3ae83127287"",""modulation_padding_bits"":0,""mother_bits"":3744,""n"":1402,""n_cb"":3600,""n_cb_comp"":3580,""power_protocol"":""fixed_constellation_average_Es2"",""puncturing_bits"":2322,""puncturing_first_2Z"":144,""puncturing_remaining"":2178,""repetition_bits"":0,""scrambling"":""public_PCG64_SHA256_protocol_session_frame_group_counter_after_rate_matching_v1"",""shortening_bits"":20,""z"":72}",[1024]
16QAM,5/6,16QAM:r5/6,d77dcdd5451cc5903e59ca14ec09283f9c330475d1c2f98dea1ea679c7ccfa80,660,16,0,676,704,28,2176,856,214,0,0.7897196261682243,0.7710280373831776,"{""actual_effective_rate"":0.7897196261682243,""bg"":""bg1"",""bit_mapping"":""component_Gray_00_-3_01_-1_10_3_11_1_over_sqrt5;QPSK_0_plus1_1_minus1"",""code_blocks"":1,""decoder_config"":{""cn_schedule"":""flooding"",""cn_update"":""boxplus-phi"",""early_stop"":false,""hard_out"":true,""harq_mode"":false,""llr_max"":20.0,""num_iter"":20,""precision"":""single"",""prune_pcm"":true,""return_infobits"":true,""vn_update"":""sum""},""implementation"":{""bit_mapping"":""component_Gray_00_-3_01_-1_10_3_11_1_over_sqrt5;QPSK_0_plus1_1_minus1"",""cuda"":""12.8"",""decoder"":{""cn_schedule"":""flooding"",""cn_update"":""boxplus-phi"",""early_stop"":false,""hard_out"":true,""harq_mode"":false,""llr_max"":20.0,""num_iter"":20,""precision"":""single"",""prune_pcm"":true,""return_infobits"":true,""vn_update"":""sum""},""decoder_source_sha256"":""44d84b92b749e2970f94d92cd348a11648e2286b4d851faa0af8b21d08f0da23"",""encoder_source_sha256"":""34d8db6660b2e84708a8fb534f63c194f6f2b964e3693fcffc9dcaf21532ccfd"",""implementation"":""Sionna_5G_LDPC"",""power_protocol"":""fixed_constellation_average_Es2"",""precision"":""float32"",""rate_matching"":""Sionna RV0; filler removal, first2Z and tail puncturing; supported n only"",""scrambling"":""public_PCG64_SHA256_protocol_session_frame_group_counter_after_rate_matching_v1"",""torch"":""2.11.0+cu128"",""version"":""2.2.0""},""interleaver_sha256"":""11dbef0d163ae13afa3e4cbd9cf1d336240eae6d804b405a0844cc5832e25eb9"",""k"":676,""k_filler"":28,""k_ldpc"":704,""layout_id"":""9c048c5cde55ac66dfe98df26aa5fb925e20d8eab109ef2af22cba0e46361512"",""modulation_padding_bits"":0,""mother_bits"":2176,""n"":856,""n_cb"":2112,""n_cb_comp"":2084,""power_protocol"":""fixed_constellation_average_Es2"",""puncturing_bits"":1292,""puncturing_first_2Z"":64,""puncturing_remaining"":1228,""repetition_bits"":0,""scrambling"":""public_PCG64_SHA256_protocol_session_frame_group_counter_after_rate_matching_v1"",""shortening_bits"":28,""z"":32}",[1024]
QPSK,5/6,QPSK:r5/6,d7807955cc8cddda94be4fe79ce0c05173e824e69435d294976e4dc99821b82d,360,16,0,376,396,20,1224,478,239,0,0.7866108786610879,0.7531380753138075,"{""actual_effective_rate"":0.7866108786610879,""bg"":""bg1"",""bit_mapping"":""component_Gray_00_-3_01_-1_10_3_11_1_over_sqrt5;QPSK_0_plus1_1_minus1"",""code_blocks"":1,""decoder_config"":{""cn_schedule"":""flooding"",""cn_update"":""boxplus-phi"",""early_stop"":false,""hard_out"":true,""harq_mode"":false,""llr_max"":20.0,""num_iter"":20,""precision"":""single"",""prune_pcm"":true,""return_infobits"":true,""vn_update"":""sum""},""implementation"":{""bit_mapping"":""component_Gray_00_-3_01_-1_10_3_11_1_over_sqrt5;QPSK_0_plus1_1_minus1"",""cuda"":""12.8"",""decoder"":{""cn_schedule"":""flooding"",""cn_update"":""boxplus-phi"",""early_stop"":false,""hard_out"":true,""harq_mode"":false,""llr_max"":20.0,""num_iter"":20,""precision"":""single"",""prune_pcm"":true,""return_infobits"":true,""vn_update"":""sum""},""decoder_source_sha256"":""44d84b92b749e2970f94d92cd348a11648e2286b4d851faa0af8b21d08f0da23"",""encoder_source_sha256"":""34d8db6660b2e84708a8fb534f63c194f6f2b964e3693fcffc9dcaf21532ccfd"",""implementation"":""Sionna_5G_LDPC"",""power_protocol"":""fixed_constellation_average_Es2"",""precision"":""float32"",""rate_matching"":""Sionna RV0; filler removal, first2Z and tail puncturing; supported n only"",""scrambling"":""public_PCG64_SHA256_protocol_session_frame_group_counter_after_rate_matching_v1"",""torch"":""2.11.0+cu128"",""version"":""2.2.0""},""interleaver_sha256"":""ff0bbe61d007914014f1e9e625a2b34f435ddffe5919a2d8d63f616e3a8f0887"",""k"":376,""k_filler"":20,""k_ldpc"":396,""layout_id"":""d9f3ece0c2742d81ac6f0720c06ede33890f78ef242eddf0d39c825c8f50cd2e"",""modulation_padding_bits"":0,""mother_bits"":1224,""n"":478,""n_cb"":1188,""n_cb_comp"":1168,""power_protocol"":""fixed_constellation_average_Es2"",""puncturing_bits"":726,""puncturing_first_2Z"":36,""puncturing_remaining"":690,""repetition_bits"":0,""scrambling"":""public_PCG64_SHA256_protocol_session_frame_group_counter_after_rate_matching_v1"",""shortening_bits"":20,""z"":18}","[1024,2048]"
QPSK,2/3,QPSK:r2/3,d78454d533cbf86cdabf406a1adce027c36123a46abce1bf8def90a623a375cd,1092,16,0,1108,1120,12,5824,2308,1154,0,0.4800693240901213,0.4731369150779896,"{""actual_effective_rate"":0.4800693240901213,""bg"":""bg2"",""bit_mapping"":""component_Gray_00_-3_01_-1_10_3_11_1_over_sqrt5;QPSK_0_plus1_1_minus1"",""code_blocks"":1,""decoder_config"":{""cn_schedule"":""flooding"",""cn_update"":""boxplus-phi"",""early_stop"":false,""hard_out"":true,""harq_mode"":false,""llr_max"":20.0,""num_iter"":20,""precision"":""single"",""prune_pcm"":true,""return_infobits"":true,""vn_update"":""sum""},""implementation"":{""bit_mapping"":""component_Gray_00_-3_01_-1_10_3_11_1_over_sqrt5;QPSK_0_plus1_1_minus1"",""cuda"":""12.8"",""decoder"":{""cn_schedule"":""flooding"",""cn_update"":""boxplus-phi"",""early_stop"":false,""hard_out"":true,""harq_mode"":false,""llr_max"":20.0,""num_iter"":20,""precision"":""single"",""prune_pcm"":true,""return_infobits"":true,""vn_update"":""sum""},""decoder_source_sha256"":""44d84b92b749e2970f94d92cd348a11648e2286b4d851faa0af8b21d08f0da23"",""encoder_source_sha256"":""34d8db6660b2e84708a8fb534f63c194f6f2b964e3693fcffc9dcaf21532ccfd"",""implementation"":""Sionna_5G_LDPC"",""power_protocol"":""fixed_constellation_average_Es2"",""precision"":""float32"",""rate_matching"":""Sionna RV0; filler removal, first2Z and tail puncturing; supported n only"",""scrambling"":""public_PCG64_SHA256_protocol_session_frame_group_counter_after_rate_matching_v1"",""torch"":""2.11.0+cu128"",""version"":""2.2.0""},""interleaver_sha256"":""972e8697755a0fa0fa3886a76401a35ae429254c997b428c783a0c7a24c911a4"",""k"":1108,""k_filler"":12,""k_ldpc"":1120,""layout_id"":""d2a206f396ba0b51918d7deb191fcc2a5a18512526237f20b299f8ba73586f37"",""modulation_padding_bits"":0,""mother_bits"":5824,""n"":2308,""n_cb"":5600,""n_cb_comp"":5588,""power_protocol"":""fixed_constellation_average_Es2"",""puncturing_bits"":3504,""puncturing_first_2Z"":224,""puncturing_remaining"":3280,""repetition_bits"":0,""scrambling"":""public_PCG64_SHA256_protocol_session_frame_group_counter_after_rate_matching_v1"",""shortening_bits"":12,""z"":112}",[2048]
QPSK,1/2,QPSK:r1/2,d78b782acf61de50d42169994f49515497bcd9d0d7867c6432183dc438c4fdc6,924,16,0,940,960,20,4992,3046,1523,0,0.30860144451739985,0.30334865397242283,"{""actual_effective_rate"":0.30860144451739985,""bg"":""bg2"",""bit_mapping"":""component_Gray_00_-3_01_-1_10_3_11_1_over_sqrt5;QPSK_0_plus1_1_minus1"",""code_blocks"":1,""decoder_config"":{""cn_schedule"":""flooding"",""cn_update"":""boxplus-phi"",""early_stop"":false,""hard_out"":true,""harq_mode"":false,""llr_max"":20.0,""num_iter"":20,""precision"":""single"",""prune_pcm"":true,""return_infobits"":true,""vn_update"":""sum""},""implementation"":{""bit_mapping"":""component_Gray_00_-3_01_-1_10_3_11_1_over_sqrt5;QPSK_0_plus1_1_minus1"",""cuda"":""12.8"",""decoder"":{""cn_schedule"":""flooding"",""cn_update"":""boxplus-phi"",""early_stop"":false,""hard_out"":true,""harq_mode"":false,""llr_max"":20.0,""num_iter"":20,""precision"":""single"",""prune_pcm"":true,""return_infobits"":true,""vn_update"":""sum""},""decoder_source_sha256"":""44d84b92b749e2970f94d92cd348a11648e2286b4d851faa0af8b21d08f0da23"",""encoder_source_sha256"":""34d8db6660b2e84708a8fb534f63c194f6f2b964e3693fcffc9dcaf21532ccfd"",""implementation"":""Sionna_5G_LDPC"",""power_protocol"":""fixed_constellation_average_Es2"",""precision"":""float32"",""rate_matching"":""Sionna RV0; filler removal, first2Z and tail puncturing; supported n only"",""scrambling"":""public_PCG64_SHA256_protocol_session_frame_group_counter_after_rate_matching_v1"",""torch"":""2.11.0+cu128"",""version"":""2.2.0""},""interleaver_sha256"":""6e6a24ee4a65122e85386479bb3f7af0bda8551308a36dde3c2be17c64c1e943"",""k"":940,""k_filler"":20,""k_ldpc"":960,""layout_id"":""729163adb170d71c98aff8256634e9256ffd7245d89b09c5bda42666d54fa176"",""modulation_padding_bits"":0,""mother_bits"":4992,""n"":3046,""n_cb"":4800,""n_cb_comp"":4780,""power_protocol"":""fixed_constellation_average_Es2"",""puncturing_bits"":1926,""puncturing_first_2Z"":192,""puncturing_remaining"":1734,""repetition_bits"":0,""scrambling"":""public_PCG64_SHA256_protocol_session_frame_group_counter_after_rate_matching_v1"",""shortening_bits"":20,""z"":96}",[2048]
QPSK,3/4,QPSK:r3/4,d79d08b7b1b4269330eb978ec9b03bd6c47fd0191f09e2b04b80bb67e2655b61,1068,16,0,1084,1120,36,5824,2618,1309,0,0.4140565317035905,0.4079449961802903,"{""actual_effective_rate"":0.4140565317035905,""bg"":""bg2"",""bit_mapping"":""component_Gray_00_-3_01_-1_10_3_11_1_over_sqrt5;QPSK_0_plus1_1_minus1"",""code_blocks"":1,""decoder_config"":{""cn_schedule"":""flooding"",""cn_update"":""boxplus-phi"",""early_stop"":false,""hard_out"":true,""harq_mode"":false,""llr_max"":20.0,""num_iter"":20,""precision"":""single"",""prune_pcm"":true,""return_infobits"":true,""vn_update"":""sum""},""implementation"":{""bit_mapping"":""component_Gray_00_-3_01_-1_10_3_11_1_over_sqrt5;QPSK_0_plus1_1_minus1"",""cuda"":""12.8"",""decoder"":{""cn_schedule"":""flooding"",""cn_update"":""boxplus-phi"",""early_stop"":false,""hard_out"":true,""harq_mode"":false,""llr_max"":20.0,""num_iter"":20,""precision"":""single"",""prune_pcm"":true,""return_infobits"":true,""vn_update"":""sum""},""decoder_source_sha256"":""44d84b92b749e2970f94d92cd348a11648e2286b4d851faa0af8b21d08f0da23"",""encoder_source_sha256"":""34d8db6660b2e84708a8fb534f63c194f6f2b964e3693fcffc9dcaf21532ccfd"",""implementation"":""Sionna_5G_LDPC"",""power_protocol"":""fixed_constellation_average_Es2"",""precision"":""float32"",""rate_matching"":""Sionna RV0; filler removal, first2Z and tail puncturing; supported n only"",""scrambling"":""public_PCG64_SHA256_protocol_session_frame_group_counter_after_rate_matching_v1"",""torch"":""2.11.0+cu128"",""version"":""2.2.0""},""interleaver_sha256"":""28435519f6bd10287e97ade6f1d3740058f4b9c7818553293ff9347359dcdaf2"",""k"":1084,""k_filler"":36,""k_ldpc"":1120,""layout_id"":""a8adaac6026a721e754984f567c5914cd119fe2c74ad0cc95a243af4fcf85c5f"",""modulation_padding_bits"":0,""mother_bits"":5824,""n"":2618,""n_cb"":5600,""n_cb_comp"":5564,""power_protocol"":""fixed_constellation_average_Es2"",""puncturing_bits"":3170,""puncturing_first_2Z"":224,""puncturing_remaining"":2946,""repetition_bits"":0,""scrambling"":""public_PCG64_SHA256_protocol_session_frame_group_counter_after_rate_matching_v1"",""shortening_bits"":36,""z"":112}",[2048]
QPSK,5/6,QPSK:r5/6,d7a2787e3164c845674f71c0e6ff32cd2f43758d3a66980fcc737302434e1bba,1092,16,0,1108,1120,12,5824,1660,830,0,0.6674698795180722,0.6578313253012048,"{""actual_effective_rate"":0.6674698795180722,""bg"":""bg2"",""bit_mapping"":""component_Gray_00_-3_01_-1_10_3_11_1_over_sqrt5;QPSK_0_plus1_1_minus1"",""code_blocks"":1,""decoder_config"":{""cn_schedule"":""flooding"",""cn_update"":""boxplus-phi"",""early_stop"":false,""hard_out"":true,""harq_mode"":false,""llr_max"":20.0,""num_iter"":20,""precision"":""single"",""prune_pcm"":true,""return_infobits"":true,""vn_update"":""sum""},""implementation"":{""bit_mapping"":""component_Gray_00_-3_01_-1_10_3_11_1_over_sqrt5;QPSK_0_plus1_1_minus1"",""cuda"":""12.8"",""decoder"":{""cn_schedule"":""flooding"",""cn_update"":""boxplus-phi"",""early_stop"":false,""hard_out"":true,""harq_mode"":false,""llr_max"":20.0,""num_iter"":20,""precision"":""single"",""prune_pcm"":true,""return_infobits"":true,""vn_update"":""sum""},""decoder_source_sha256"":""44d84b92b749e2970f94d92cd348a11648e2286b4d851faa0af8b21d08f0da23"",""encoder_source_sha256"":""34d8db6660b2e84708a8fb534f63c194f6f2b964e3693fcffc9dcaf21532ccfd"",""implementation"":""Sionna_5G_LDPC"",""power_protocol"":""fixed_constellation_average_Es2"",""precision"":""float32"",""rate_matching"":""Sionna RV0; filler removal, first2Z and tail puncturing; supported n only"",""scrambling"":""public_PCG64_SHA256_protocol_session_frame_group_counter_after_rate_matching_v1"",""torch"":""2.11.0+cu128"",""version"":""2.2.0""},""interleaver_sha256"":""04ba23632538a612f6f400413c96f26a84afa1ee65d18dc6b36ac587516a55ab"",""k"":1108,""k_filler"":12,""k_ldpc"":1120,""layout_id"":""4ac5600fdfee68fba71b35eac86c4d69fb0632f347490d35fb0e104d0429f94c"",""modulation_padding_bits"":0,""mother_bits"":5824,""n"":1660,""n_cb"":5600,""n_cb_comp"":5588,""power_protocol"":""fixed_constellation_average_Es2"",""puncturing_bits"":4152,""puncturing_first_2Z"":224,""puncturing_remaining"":3928,""repetition_bits"":0,""scrambling"":""public_PCG64_SHA256_protocol_session_frame_group_counter_after_rate_matching_v1"",""shortening_bits"":12,""z"":112}",[2048]
QPSK,5/6,QPSK:r5/6,d7abc5846a3d3b57eb740d7dc45cf2167a65cb6dae75038b05fdac38cb632c19,2100,16,0,2116,2240,124,11648,3564,1782,0,0.5937149270482603,0.5892255892255892,"{""actual_effective_rate"":0.5937149270482603,""bg"":""bg2"",""bit_mapping"":""component_Gray_00_-3_01_-1_10_3_11_1_over_sqrt5;QPSK_0_plus1_1_minus1"",""code_blocks"":1,""decoder_config"":{""cn_schedule"":""flooding"",""cn_update"":""boxplus-phi"",""early_stop"":false,""hard_out"":true,""harq_mode"":false,""llr_max"":20.0,""num_iter"":20,""precision"":""single"",""prune_pcm"":true,""return_infobits"":true,""vn_update"":""sum""},""implementation"":{""bit_mapping"":""component_Gray_00_-3_01_-1_10_3_11_1_over_sqrt5;QPSK_0_plus1_1_minus1"",""cuda"":""12.8"",""decoder"":{""cn_schedule"":""flooding"",""cn_update"":""boxplus-phi"",""early_stop"":false,""hard_out"":true,""harq_mode"":false,""llr_max"":20.0,""num_iter"":20,""precision"":""single"",""prune_pcm"":true,""return_infobits"":true,""vn_update"":""sum""},""decoder_source_sha256"":""44d84b92b749e2970f94d92cd348a11648e2286b4d851faa0af8b21d08f0da23"",""encoder_source_sha256"":""34d8db6660b2e84708a8fb534f63c194f6f2b964e3693fcffc9dcaf21532ccfd"",""implementation"":""Sionna_5G_LDPC"",""power_protocol"":""fixed_constellation_average_Es2"",""precision"":""float32"",""rate_matching"":""Sionna RV0; filler removal, first2Z and tail puncturing; supported n only"",""scrambling"":""public_PCG64_SHA256_protocol_session_frame_group_counter_after_rate_matching_v1"",""torch"":""2.11.0+cu128"",""version"":""2.2.0""},""interleaver_sha256"":""9fe4c61d0b2e166440774058c9d2f5df9e24c27b64af354b9aaae8d5be208279"",""k"":2116,""k_filler"":124,""k_ldpc"":2240,""layout_id"":""e443aac2b324ff954fad1d2624d7703298fa39665649bb0143768c2a74438e0e"",""modulation_padding_bits"":0,""mother_bits"":11648,""n"":3564,""n_cb"":11200,""n_cb_comp"":11076,""power_protocol"":""fixed_constellation_average_Es2"",""puncturing_bits"":7960,""puncturing_first_2Z"":448,""puncturing_remaining"":7512,""repetition_bits"":0,""scrambling"":""public_PCG64_SHA256_protocol_session_frame_group_counter_after_rate_matching_v1"",""shortening_bits"":124,""z"":224}",[2048]
16QAM,1/3,16QAM:r1/3,d7b2c4ebf7b10d19462a6059b10e750c05c2f4cc1eafe01bebcbcd8cff054c73,2316,16,0,2332,2400,68,12480,7012,1753,0,0.33257273245864233,0.3302909298345693,"{""actual_effective_rate"":0.33257273245864233,""bg"":""bg2"",""bit_mapping"":""component_Gray_00_-3_01_-1_10_3_11_1_over_sqrt5;QPSK_0_plus1_1_minus1"",""code_blocks"":1,""decoder_config"":{""cn_schedule"":""flooding"",""cn_update"":""boxplus-phi"",""early_stop"":false,""hard_out"":true,""harq_mode"":false,""llr_max"":20.0,""num_iter"":20,""precision"":""single"",""prune_pcm"":true,""return_infobits"":true,""vn_update"":""sum""},""implementation"":{""bit_mapping"":""component_Gray_00_-3_01_-1_10_3_11_1_over_sqrt5;QPSK_0_plus1_1_minus1"",""cuda"":""12.8"",""decoder"":{""cn_schedule"":""flooding"",""cn_update"":""boxplus-phi"",""early_stop"":false,""hard_out"":true,""harq_mode"":false,""llr_max"":20.0,""num_iter"":20,""precision"":""single"",""prune_pcm"":true,""return_infobits"":true,""vn_update"":""sum""},""decoder_source_sha256"":""44d84b92b749e2970f94d92cd348a11648e2286b4d851faa0af8b21d08f0da23"",""encoder_source_sha256"":""34d8db6660b2e84708a8fb534f63c194f6f2b964e3693fcffc9dcaf21532ccfd"",""implementation"":""Sionna_5G_LDPC"",""power_protocol"":""fixed_constellation_average_Es2"",""precision"":""float32"",""rate_matching"":""Sionna RV0; filler removal, first2Z and tail puncturing; supported n only"",""scrambling"":""public_PCG64_SHA256_protocol_session_frame_group_counter_after_rate_matching_v1"",""torch"":""2.11.0+cu128"",""version"":""2.2.0""},""interleaver_sha256"":""991c5b86e28c1141e0546753a6b8ae693836ab9aeff81aa66ac87ab529d6e4b0"",""k"":2332,""k_filler"":68,""k_ldpc"":2400,""layout_id"":""14037f0fec8a26daaaacb1b089bbd4737eadcdf73f2bb168dca867eaa8b75091"",""modulation_padding_bits"":0,""mother_bits"":12480,""n"":7012,""n_cb"":12000,""n_cb_comp"":11932,""power_protocol"":""fixed_constellation_average_Es2"",""puncturing_bits"":5400,""puncturing_first_2Z"":480,""puncturing_remaining"":4920,""repetition_bits"":0,""scrambling"":""public_PCG64_SHA256_protocol_session_frame_group_counter_after_rate_matching_v1"",""shortening_bits"":68,""z"":240}",[2048]
QPSK,5/6,QPSK:r5/6,d7b44bac4fb2666c54b143e2cd4192d4a77bd04a7f671f416e85da894788196a,660,16,0,676,720,44,3744,1734,867,0,0.38985005767012687,0.3806228373702422,"{""actual_effective_rate"":0.38985005767012687,""bg"":""bg2"",""bit_mapping"":""component_Gray_00_-3_01_-1_10_3_11_1_over_sqrt5;QPSK_0_plus1_1_minus1"",""code_blocks"":1,""decoder_config"":{""cn_schedule"":""flooding"",""cn_update"":""boxplus-phi"",""early_stop"":false,""hard_out"":true,""harq_mode"":false,""llr_max"":20.0,""num_iter"":20,""precision"":""single"",""prune_pcm"":true,""return_infobits"":true,""vn_update"":""sum""},""implementation"":{""bit_mapping"":""component_Gray_00_-3_01_-1_10_3_11_1_over_sqrt5;QPSK_0_plus1_1_minus1"",""cuda"":""12.8"",""decoder"":{""cn_schedule"":""flooding"",""cn_update"":""boxplus-phi"",""early_stop"":false,""hard_out"":true,""harq_mode"":false,""llr_max"":20.0,""num_iter"":20,""precision"":""single"",""prune_pcm"":true,""return_infobits"":true,""vn_update"":""sum""},""decoder_source_sha256"":""44d84b92b749e2970f94d92cd348a11648e2286b4d851faa0af8b21d08f0da23"",""encoder_source_sha256"":""34d8db6660b2e84708a8fb534f63c194f6f2b964e3693fcffc9dcaf21532ccfd"",""implementation"":""Sionna_5G_LDPC"",""power_protocol"":""fixed_constellation_average_Es2"",""precision"":""float32"",""rate_matching"":""Sionna RV0; filler removal, first2Z and tail puncturing; supported n only"",""scrambling"":""public_PCG64_SHA256_protocol_session_frame_group_counter_after_rate_matching_v1"",""torch"":""2.11.0+cu128"",""version"":""2.2.0""},""interleaver_sha256"":""658d77f6a4ac58c7503ed7f8b3a9a52dc7c216b3e9c01be14e326a48099b62e3"",""k"":676,""k_filler"":44,""k_ldpc"":720,""layout_id"":""0cd2125e242163ef218e6c2f952ff1e72e28806ed1593f5443acdd97afdb8a6b"",""modulation_padding_bits"":0,""mother_bits"":3744,""n"":1734,""n_cb"":3600,""n_cb_comp"":3556,""power_protocol"":""fixed_constellation_average_Es2"",""puncturing_bits"":1966,""puncturing_first_2Z"":144,""puncturing_remaining"":1822,""repetition_bits"":0,""scrambling"":""public_PCG64_SHA256_protocol_session_frame_group_counter_after_rate_matching_v1"",""shortening_bits"":44,""z"":72}",[1024]
QPSK,3/4,QPSK:r3/4,d7bdbcafa14853d53083da204efae9d072de3e718f67abe86e3b0f3431e47d90,1092,16,0,1108,1120,12,5824,1752,876,0,0.632420091324201,0.6232876712328768,"{""actual_effective_rate"":0.632420091324201,""bg"":""bg2"",""bit_mapping"":""component_Gray_00_-3_01_-1_10_3_11_1_over_sqrt5;QPSK_0_plus1_1_minus1"",""code_blocks"":1,""decoder_config"":{""cn_schedule"":""flooding"",""cn_update"":""boxplus-phi"",""early_stop"":false,""hard_out"":true,""harq_mode"":false,""llr_max"":20.0,""num_iter"":20,""precision"":""single"",""prune_pcm"":true,""return_infobits"":true,""vn_update"":""sum""},""implementation"":{""bit_mapping"":""component_Gray_00_-3_01_-1_10_3_11_1_over_sqrt5;QPSK_0_plus1_1_minus1"",""cuda"":""12.8"",""decoder"":{""cn_schedule"":""flooding"",""cn_update"":""boxplus-phi"",""early_stop"":false,""hard_out"":true,""harq_mode"":false,""llr_max"":20.0,""num_iter"":20,""precision"":""single"",""prune_pcm"":true,""return_infobits"":true,""vn_update"":""sum""},""decoder_source_sha256"":""44d84b92b749e2970f94d92cd348a11648e2286b4d851faa0af8b21d08f0da23"",""encoder_source_sha256"":""34d8db6660b2e84708a8fb534f63c194f6f2b964e3693fcffc9dcaf21532ccfd"",""implementation"":""Sionna_5G_LDPC"",""power_protocol"":""fixed_constellation_average_Es2"",""precision"":""float32"",""rate_matching"":""Sionna RV0; filler removal, first2Z and tail puncturing; supported n only"",""scrambling"":""public_PCG64_SHA256_protocol_session_frame_group_counter_after_rate_matching_v1"",""torch"":""2.11.0+cu128"",""version"":""2.2.0""},""interleaver_sha256"":""938da7720f517ffa824d587fa5aca96fb83301165fb4d8b2a11488e4786c906c"",""k"":1108,""k_filler"":12,""k_ldpc"":1120,""layout_id"":""d8a79070946a1291aa001c9c19fce5b563070a831db0cd6eef59e32cead0283c"",""modulation_padding_bits"":0,""mother_bits"":5824,""n"":1752,""n_cb"":5600,""n_cb_comp"":5588,""power_protocol"":""fixed_constellation_average_Es2"",""puncturing_bits"":4060,""puncturing_first_2Z"":224,""puncturing_remaining"":3836,""repetition_bits"":0,""scrambling"":""public_PCG64_SHA256_protocol_session_frame_group_counter_after_rate_matching_v1"",""shortening_bits"":12,""z"":112}",[2048]
QPSK,5/6,QPSK:r5/6,d7bf8c0b3a5ceda1de378d7b268b1ef94597d40c95df7ea43fc6ef70cccdbdf5,900,16,0,916,960,44,4992,1852,926,0,0.4946004319654428,0.48596112311015116,"{""actual_effective_rate"":0.4946004319654428,""bg"":""bg2"",""bit_mapping"":""component_Gray_00_-3_01_-1_10_3_11_1_over_sqrt5;QPSK_0_plus1_1_minus1"",""code_blocks"":1,""decoder_config"":{""cn_schedule"":""flooding"",""cn_update"":""boxplus-phi"",""early_stop"":false,""hard_out"":true,""harq_mode"":false,""llr_max"":20.0,""num_iter"":20,""precision"":""single"",""prune_pcm"":true,""return_infobits"":true,""vn_update"":""sum""},""implementation"":{""bit_mapping"":""component_Gray_00_-3_01_-1_10_3_11_1_over_sqrt5;QPSK_0_plus1_1_minus1"",""cuda"":""12.8"",""decoder"":{""cn_schedule"":""flooding"",""cn_update"":""boxplus-phi"",""early_stop"":false,""hard_out"":true,""harq_mode"":false,""llr_max"":20.0,""num_iter"":20,""precision"":""single"",""prune_pcm"":true,""return_infobits"":true,""vn_update"":""sum""},""decoder_source_sha256"":""44d84b92b749e2970f94d92cd348a11648e2286b4d851faa0af8b21d08f0da23"",""encoder_source_sha256"":""34d8db6660b2e84708a8fb534f63c194f6f2b964e3693fcffc9dcaf21532ccfd"",""implementation"":""Sionna_5G_LDPC"",""power_protocol"":""fixed_constellation_average_Es2"",""precision"":""float32"",""rate_matching"":""Sionna RV0; filler removal, first2Z and tail puncturing; supported n only"",""scrambling"":""public_PCG64_SHA256_protocol_session_frame_group_counter_after_rate_matching_v1"",""torch"":""2.11.0+cu128"",""version"":""2.2.0""},""interleaver_sha256"":""08cfc6f4bdb2f6068932590c70c178222f03b6358de9a5c182684181f3e3012c"",""k"":916,""k_filler"":44,""k_ldpc"":960,""layout_id"":""be0da7780e238ab2449e725031f984bd3e592839d249068bf6bad5aae1da8270"",""modulation_padding_bits"":0,""mother_bits"":4992,""n"":1852,""n_cb"":4800,""n_cb_comp"":4756,""power_protocol"":""fixed_constellation_average_Es2"",""puncturing_bits"":3096,""puncturing_first_2Z"":192,""puncturing_remaining"":2904,""repetition_bits"":0,""scrambling"":""public_PCG64_SHA256_protocol_session_frame_group_counter_after_rate_matching_v1"",""shortening_bits"":44,""z"":96}",[2048]
16QAM,3/4,16QAM:r3/4,d7d4fea39f4cfd5f7cd2b8b0eb330021378a037ae9e8e8a29d25f7358beaa8a8,360,16,0,376,480,104,2496,652,163,0,0.5766871165644172,0.5521472392638037,"{""actual_effective_rate"":0.5766871165644172,""bg"":""bg2"",""bit_mapping"":""component_Gray_00_-3_01_-1_10_3_11_1_over_sqrt5;QPSK_0_plus1_1_minus1"",""code_blocks"":1,""decoder_config"":{""cn_schedule"":""flooding"",""cn_update"":""boxplus-phi"",""early_stop"":false,""hard_out"":true,""harq_mode"":false,""llr_max"":20.0,""num_iter"":20,""precision"":""single"",""prune_pcm"":true,""return_infobits"":true,""vn_update"":""sum""},""implementation"":{""bit_mapping"":""component_Gray_00_-3_01_-1_10_3_11_1_over_sqrt5;QPSK_0_plus1_1_minus1"",""cuda"":""12.8"",""decoder"":{""cn_schedule"":""flooding"",""cn_update"":""boxplus-phi"",""early_stop"":false,""hard_out"":true,""harq_mode"":false,""llr_max"":20.0,""num_iter"":20,""precision"":""single"",""prune_pcm"":true,""return_infobits"":true,""vn_update"":""sum""},""decoder_source_sha256"":""44d84b92b749e2970f94d92cd348a11648e2286b4d851faa0af8b21d08f0da23"",""encoder_source_sha256"":""34d8db6660b2e84708a8fb534f63c194f6f2b964e3693fcffc9dcaf21532ccfd"",""implementation"":""Sionna_5G_LDPC"",""power_protocol"":""fixed_constellation_average_Es2"",""precision"":""float32"",""rate_matching"":""Sionna RV0; filler removal, first2Z and tail puncturing; supported n only"",""scrambling"":""public_PCG64_SHA256_protocol_session_frame_group_counter_after_rate_matching_v1"",""torch"":""2.11.0+cu128"",""version"":""2.2.0""},""interleaver_sha256"":""f9b2d0063b0b3402d5e957dea064864775c4272b98caa3dc705f356a04c0d1bf"",""k"":376,""k_filler"":104,""k_ldpc"":480,""layout_id"":""e2581540f408817d42600ed46db26d74731bd9ac6d92fa91542f569eeafff4a6"",""modulation_padding_bits"":0,""mother_bits"":2496,""n"":652,""n_cb"":2400,""n_cb_comp"":2296,""power_protocol"":""fixed_constellation_average_Es2"",""puncturing_bits"":1740,""puncturing_first_2Z"":96,""puncturing_remaining"":1644,""repetition_bits"":0,""scrambling"":""public_PCG64_SHA256_protocol_session_frame_group_counter_after_rate_matching_v1"",""shortening_bits"":104,""z"":48}",[2048]
QPSK,2/3,QPSK:r2/3,d7e06ae4d3c948f9ae65d5374add74be87eaffa955c45cddafcabd0744ebc8a1,660,16,0,676,720,44,3744,1994,997,0,0.33901705115346037,0.33099297893681046,"{""actual_effective_rate"":0.33901705115346037,""bg"":""bg2"",""bit_mapping"":""component_Gray_00_-3_01_-1_10_3_11_1_over_sqrt5;QPSK_0_plus1_1_minus1"",""code_blocks"":1,""decoder_config"":{""cn_schedule"":""flooding"",""cn_update"":""boxplus-phi"",""early_stop"":false,""hard_out"":true,""harq_mode"":false,""llr_max"":20.0,""num_iter"":20,""precision"":""single"",""prune_pcm"":true,""return_infobits"":true,""vn_update"":""sum""},""implementation"":{""bit_mapping"":""component_Gray_00_-3_01_-1_10_3_11_1_over_sqrt5;QPSK_0_plus1_1_minus1"",""cuda"":""12.8"",""decoder"":{""cn_schedule"":""flooding"",""cn_update"":""boxplus-phi"",""early_stop"":false,""hard_out"":true,""harq_mode"":false,""llr_max"":20.0,""num_iter"":20,""precision"":""single"",""prune_pcm"":true,""return_infobits"":true,""vn_update"":""sum""},""decoder_source_sha256"":""44d84b92b749e2970f94d92cd348a11648e2286b4d851faa0af8b21d08f0da23"",""encoder_source_sha256"":""34d8db6660b2e84708a8fb534f63c194f6f2b964e3693fcffc9dcaf21532ccfd"",""implementation"":""Sionna_5G_LDPC"",""power_protocol"":""fixed_constellation_average_Es2"",""precision"":""float32"",""rate_matching"":""Sionna RV0; filler removal, first2Z and tail puncturing; supported n only"",""scrambling"":""public_PCG64_SHA256_protocol_session_frame_group_counter_after_rate_matching_v1"",""torch"":""2.11.0+cu128"",""version"":""2.2.0""},""interleaver_sha256"":""ac5b9835ac5a94cdaff56b62a6a00af9385097273646cdb44205755e4b9cb9ad"",""k"":676,""k_filler"":44,""k_ldpc"":720,""layout_id"":""f93559f32b879a0ca148ae082137db6400aaa46d8dd5cce51881452e2d10961c"",""modulation_padding_bits"":0,""mother_bits"":3744,""n"":1994,""n_cb"":3600,""n_cb_comp"":3556,""power_protocol"":""fixed_constellation_average_Es2"",""puncturing_bits"":1706,""puncturing_first_2Z"":144,""puncturing_remaining"":1562,""repetition_bits"":0,""scrambling"":""public_PCG64_SHA256_protocol_session_frame_group_counter_after_rate_matching_v1"",""shortening_bits"":44,""z"":72}",[2048]
16QAM,1/3,16QAM:r1/3,d7e88294609bae1a76abaf36977e6592df826fea3f6db7f069cb5f734892ebbd,1092,16,0,1108,1120,12,5824,3400,850,0,0.32588235294117646,0.3211764705882353,"{""actual_effective_rate"":0.32588235294117646,""bg"":""bg2"",""bit_mapping"":""component_Gray_00_-3_01_-1_10_3_11_1_over_sqrt5;QPSK_0_plus1_1_minus1"",""code_blocks"":1,""decoder_config"":{""cn_schedule"":""flooding"",""cn_update"":""boxplus-phi"",""early_stop"":false,""hard_out"":true,""harq_mode"":false,""llr_max"":20.0,""num_iter"":20,""precision"":""single"",""prune_pcm"":true,""return_infobits"":true,""vn_update"":""sum""},""implementation"":{""bit_mapping"":""component_Gray_00_-3_01_-1_10_3_11_1_over_sqrt5;QPSK_0_plus1_1_minus1"",""cuda"":""12.8"",""decoder"":{""cn_schedule"":""flooding"",""cn_update"":""boxplus-phi"",""early_stop"":false,""hard_out"":true,""harq_mode"":false,""llr_max"":20.0,""num_iter"":20,""precision"":""single"",""prune_pcm"":true,""return_infobits"":true,""vn_update"":""sum""},""decoder_source_sha256"":""44d84b92b749e2970f94d92cd348a11648e2286b4d851faa0af8b21d08f0da23"",""encoder_source_sha256"":""34d8db6660b2e84708a8fb534f63c194f6f2b964e3693fcffc9dcaf21532ccfd"",""implementation"":""Sionna_5G_LDPC"",""power_protocol"":""fixed_constellation_average_Es2"",""precision"":""float32"",""rate_matching"":""Sionna RV0; filler removal, first2Z and tail puncturing; supported n only"",""scrambling"":""public_PCG64_SHA256_protocol_session_frame_group_counter_after_rate_matching_v1"",""torch"":""2.11.0+cu128"",""version"":""2.2.0""},""interleaver_sha256"":""ef0db85aba64b0373d91510677d6519ffd01302cdfb6d6286ce51c04664c7c1f"",""k"":1108,""k_filler"":12,""k_ldpc"":1120,""layout_id"":""51e7718b3a8bee45f36710bbefec05cc42457c87d8ae531a6fcc9d26e0fa88fa"",""modulation_padding_bits"":0,""mother_bits"":5824,""n"":3400,""n_cb"":5600,""n_cb_comp"":5588,""power_protocol"":""fixed_constellation_average_Es2"",""puncturing_bits"":2412,""puncturing_first_2Z"":224,""puncturing_remaining"":2188,""repetition_bits"":0,""scrambling"":""public_PCG64_SHA256_protocol_session_frame_group_counter_after_rate_matching_v1"",""shortening_bits"":12,""z"":112}",[1024]
16QAM,3/4,16QAM:r3/4,d7ed6c61bc95fcafb4df7b29b2b9915e9202d29140694f61a1abb65ea3cb9afd,2700,16,0,2716,2880,164,14976,6336,1584,0,0.4286616161616162,0.42613636363636365,"{""actual_effective_rate"":0.4286616161616162,""bg"":""bg2"",""bit_mapping"":""component_Gray_00_-3_01_-1_10_3_11_1_over_sqrt5;QPSK_0_plus1_1_minus1"",""code_blocks"":1,""decoder_config"":{""cn_schedule"":""flooding"",""cn_update"":""boxplus-phi"",""early_stop"":false,""hard_out"":true,""harq_mode"":false,""llr_max"":20.0,""num_iter"":20,""precision"":""single"",""prune_pcm"":true,""return_infobits"":true,""vn_update"":""sum""},""implementation"":{""bit_mapping"":""component_Gray_00_-3_01_-1_10_3_11_1_over_sqrt5;QPSK_0_plus1_1_minus1"",""cuda"":""12.8"",""decoder"":{""cn_schedule"":""flooding"",""cn_update"":""boxplus-phi"",""early_stop"":false,""hard_out"":true,""harq_mode"":false,""llr_max"":20.0,""num_iter"":20,""precision"":""single"",""prune_pcm"":true,""return_infobits"":true,""vn_update"":""sum""},""decoder_source_sha256"":""44d84b92b749e2970f94d92cd348a11648e2286b4d851faa0af8b21d08f0da23"",""encoder_source_sha256"":""34d8db6660b2e84708a8fb534f63c194f6f2b964e3693fcffc9dcaf21532ccfd"",""implementation"":""Sionna_5G_LDPC"",""power_protocol"":""fixed_constellation_average_Es2"",""precision"":""float32"",""rate_matching"":""Sionna RV0; filler removal, first2Z and tail puncturing; supported n only"",""scrambling"":""public_PCG64_SHA256_protocol_session_frame_group_counter_after_rate_matching_v1"",""torch"":""2.11.0+cu128"",""version"":""2.2.0""},""interleaver_sha256"":""117e7b04821c70cdedee6a986dea2d1561eb9f97e8dfbe586a3eda957a549f3d"",""k"":2716,""k_filler"":164,""k_ldpc"":2880,""layout_id"":""5b910930e1fb021d6fed0b736f61904ca3a92fb85e45dd7796028c096230cca1"",""modulation_padding_bits"":0,""mother_bits"":14976,""n"":6336,""n_cb"":14400,""n_cb_comp"":14236,""power_protocol"":""fixed_constellation_average_Es2"",""puncturing_bits"":8476,""puncturing_first_2Z"":576,""puncturing_remaining"":7900,""repetition_bits"":0,""scrambling"":""public_PCG64_SHA256_protocol_session_frame_group_counter_after_rate_matching_v1"",""shortening_bits"":164,""z"":288}",[2048]
16QAM,2/3,16QAM:r2/3,d7fa748f3fbf8f2ebc3b18b1525ea364ecbd4c65195e889d612c559996032472,732,16,0,748,800,52,4160,2288,572,0,0.3269230769230769,0.31993006993006995,"{""actual_effective_rate"":0.3269230769230769,""bg"":""bg2"",""bit_mapping"":""component_Gray_00_-3_01_-1_10_3_11_1_over_sqrt5;QPSK_0_plus1_1_minus1"",""code_blocks"":1,""decoder_config"":{""cn_schedule"":""flooding"",""cn_update"":""boxplus-phi"",""early_stop"":false,""hard_out"":true,""harq_mode"":false,""llr_max"":20.0,""num_iter"":20,""precision"":""single"",""prune_pcm"":true,""return_infobits"":true,""vn_update"":""sum""},""implementation"":{""bit_mapping"":""component_Gray_00_-3_01_-1_10_3_11_1_over_sqrt5;QPSK_0_plus1_1_minus1"",""cuda"":""12.8"",""decoder"":{""cn_schedule"":""flooding"",""cn_update"":""boxplus-phi"",""early_stop"":false,""hard_out"":true,""harq_mode"":false,""llr_max"":20.0,""num_iter"":20,""precision"":""single"",""prune_pcm"":true,""return_infobits"":true,""vn_update"":""sum""},""decoder_source_sha256"":""44d84b92b749e2970f94d92cd348a11648e2286b4d851faa0af8b21d08f0da23"",""encoder_source_sha256"":""34d8db6660b2e84708a8fb534f63c194f6f2b964e3693fcffc9dcaf21532ccfd"",""implementation"":""Sionna_5G_LDPC"",""power_protocol"":""fixed_constellation_average_Es2"",""precision"":""float32"",""rate_matching"":""Sionna RV0; filler removal, first2Z and tail puncturing; supported n only"",""scrambling"":""public_PCG64_SHA256_protocol_session_frame_group_counter_after_rate_matching_v1"",""torch"":""2.11.0+cu128"",""version"":""2.2.0""},""interleaver_sha256"":""d7cd0c7cc2a084f46afc04bb9dc088b422a5881c052575c22b3e6eb5c46361df"",""k"":748,""k_filler"":52,""k_ldpc"":800,""layout_id"":""4bdfbabbb02171d783eeebdc6da3e918c2e859a7816cb9b8ca008617f54ed16b"",""modulation_padding_bits"":0,""mother_bits"":4160,""n"":2288,""n_cb"":4000,""n_cb_comp"":3948,""power_protocol"":""fixed_constellation_average_Es2"",""puncturing_bits"":1820,""puncturing_first_2Z"":160,""puncturing_remaining"":1660,""repetition_bits"":0,""scrambling"":""public_PCG64_SHA256_protocol_session_frame_group_counter_after_rate_matching_v1"",""shortening_bits"":52,""z"":80}",[1024]
QPSK,1/2,QPSK:r1/2,d80cfdf1357ee8bc2c5f1f739ba044f14b591092a6c1a9e92e5c686f4c0860c0,324,16,0,340,440,100,2288,680,340,0,0.5,0.4764705882352941,"{""actual_effective_rate"":0.5,""bg"":""bg2"",""bit_mapping"":""component_Gray_00_-3_01_-1_10_3_11_1_over_sqrt5;QPSK_0_plus1_1_minus1"",""code_blocks"":1,""decoder_config"":{""cn_schedule"":""flooding"",""cn_update"":""boxplus-phi"",""early_stop"":false,""hard_out"":true,""harq_mode"":false,""llr_max"":20.0,""num_iter"":20,""precision"":""single"",""prune_pcm"":true,""return_infobits"":true,""vn_update"":""sum""},""implementation"":{""bit_mapping"":""component_Gray_00_-3_01_-1_10_3_11_1_over_sqrt5;QPSK_0_plus1_1_minus1"",""cuda"":""12.8"",""decoder"":{""cn_schedule"":""flooding"",""cn_update"":""boxplus-phi"",""early_stop"":false,""hard_out"":true,""harq_mode"":false,""llr_max"":20.0,""num_iter"":20,""precision"":""single"",""prune_pcm"":true,""return_infobits"":true,""vn_update"":""sum""},""decoder_source_sha256"":""44d84b92b749e2970f94d92cd348a11648e2286b4d851faa0af8b21d08f0da23"",""encoder_source_sha256"":""34d8db6660b2e84708a8fb534f63c194f6f2b964e3693fcffc9dcaf21532ccfd"",""implementation"":""Sionna_5G_LDPC"",""power_protocol"":""fixed_constellation_average_Es2"",""precision"":""float32"",""rate_matching"":""Sionna RV0; filler removal, first2Z and tail puncturing; supported n only"",""scrambling"":""public_PCG64_SHA256_protocol_session_frame_group_counter_after_rate_matching_v1"",""torch"":""2.11.0+cu128"",""version"":""2.2.0""},""interleaver_sha256"":""7c52e07220bcd28620739542ed2ba26f994e7a1f38bf541a8413bbc73ab59be3"",""k"":340,""k_filler"":100,""k_ldpc"":440,""layout_id"":""a212d5569d6d0c3d09d1c0b721fec9c89df92f97c92e38ec3bbe4041722bfbd1"",""modulation_padding_bits"":0,""mother_bits"":2288,""n"":680,""n_cb"":2200,""n_cb_comp"":2100,""power_protocol"":""fixed_constellation_average_Es2"",""puncturing_bits"":1508,""puncturing_first_2Z"":88,""puncturing_remaining"":1420,""repetition_bits"":0,""scrambling"":""public_PCG64_SHA256_protocol_session_frame_group_counter_after_rate_matching_v1"",""shortening_bits"":100,""z"":44}","[1024,2048]"
16QAM,5/6,16QAM:r5/6,d812be9793ceb23b1c72d27183e84c89e69ee5b6af92c6299e6eaecc3a001c9c,5640,16,0,5656,6336,680,19584,6788,1697,0,0.8332351208014143,0.8308780200353565,"{""actual_effective_rate"":0.8332351208014143,""bg"":""bg1"",""bit_mapping"":""component_Gray_00_-3_01_-1_10_3_11_1_over_sqrt5;QPSK_0_plus1_1_minus1"",""code_blocks"":1,""decoder_config"":{""cn_schedule"":""flooding"",""cn_update"":""boxplus-phi"",""early_stop"":false,""hard_out"":true,""harq_mode"":false,""llr_max"":20.0,""num_iter"":20,""precision"":""single"",""prune_pcm"":true,""return_infobits"":true,""vn_update"":""sum""},""implementation"":{""bit_mapping"":""component_Gray_00_-3_01_-1_10_3_11_1_over_sqrt5;QPSK_0_plus1_1_minus1"",""cuda"":""12.8"",""decoder"":{""cn_schedule"":""flooding"",""cn_update"":""boxplus-phi"",""early_stop"":false,""hard_out"":true,""harq_mode"":false,""llr_max"":20.0,""num_iter"":20,""precision"":""single"",""prune_pcm"":true,""return_infobits"":true,""vn_update"":""sum""},""decoder_source_sha256"":""44d84b92b749e2970f94d92cd348a11648e2286b4d851faa0af8b21d08f0da23"",""encoder_source_sha256"":""34d8db6660b2e84708a8fb534f63c194f6f2b964e3693fcffc9dcaf21532ccfd"",""implementation"":""Sionna_5G_LDPC"",""power_protocol"":""fixed_constellation_average_Es2"",""precision"":""float32"",""rate_matching"":""Sionna RV0; filler removal, first2Z and tail puncturing; supported n only"",""scrambling"":""public_PCG64_SHA256_protocol_session_frame_group_counter_after_rate_matching_v1"",""torch"":""2.11.0+cu128"",""version"":""2.2.0""},""interleaver_sha256"":""6f85be4f4f0ae53a40b22924eb4ab32566992528f11cd236f4214084925e0479"",""k"":5656,""k_filler"":680,""k_ldpc"":6336,""layout_id"":""aee7d435f65e66ce9896c1dda7e1630f38b2bfc5e9b64453b329b7f5f6dc56d9"",""modulation_padding_bits"":0,""mother_bits"":19584,""n"":6788,""n_cb"":19008,""n_cb_comp"":18328,""power_protocol"":""fixed_constellation_average_Es2"",""puncturing_bits"":12116,""puncturing_first_2Z"":576,""puncturing_remaining"":11540,""repetition_bits"":0,""scrambling"":""public_PCG64_SHA256_protocol_session_frame_group_counter_after_rate_matching_v1"",""shortening_bits"":680,""z"":288}",[2048]
16QAM,5/6,16QAM:r5/6,d819d30b97afbc31da1ca4b894491e146c850a7bf47bd27ade7eeb3e7f1c9a00,360,16,0,376,480,104,2496,716,179,0,0.5251396648044693,0.5027932960893855,"{""actual_effective_rate"":0.5251396648044693,""bg"":""bg2"",""bit_mapping"":""component_Gray_00_-3_01_-1_10_3_11_1_over_sqrt5;QPSK_0_plus1_1_minus1"",""code_blocks"":1,""decoder_config"":{""cn_schedule"":""flooding"",""cn_update"":""boxplus-phi"",""early_stop"":false,""hard_out"":true,""harq_mode"":false,""llr_max"":20.0,""num_iter"":20,""precision"":""single"",""prune_pcm"":true,""return_infobits"":true,""vn_update"":""sum""},""implementation"":{""bit_mapping"":""component_Gray_00_-3_01_-1_10_3_11_1_over_sqrt5;QPSK_0_plus1_1_minus1"",""cuda"":""12.8"",""decoder"":{""cn_schedule"":""flooding"",""cn_update"":""boxplus-phi"",""early_stop"":false,""hard_out"":true,""harq_mode"":false,""llr_max"":20.0,""num_iter"":20,""precision"":""single"",""prune_pcm"":true,""return_infobits"":true,""vn_update"":""sum""},""decoder_source_sha256"":""44d84b92b749e2970f94d92cd348a11648e2286b4d851faa0af8b21d08f0da23"",""encoder_source_sha256"":""34d8db6660b2e84708a8fb534f63c194f6f2b964e3693fcffc9dcaf21532ccfd"",""implementation"":""Sionna_5G_LDPC"",""power_protocol"":""fixed_constellation_average_Es2"",""precision"":""float32"",""rate_matching"":""Sionna RV0; filler removal, first2Z and tail puncturing; supported n only"",""scrambling"":""public_PCG64_SHA256_protocol_session_frame_group_counter_after_rate_matching_v1"",""torch"":""2.11.0+cu128"",""version"":""2.2.0""},""interleaver_sha256"":""5983df5a31486baffba4d56272fa4fd1adc074da6c6abfd5ce8dde259f2af2b4"",""k"":376,""k_filler"":104,""k_ldpc"":480,""layout_id"":""d0ca349e539b2f10fe27bd8570ff103ad376e425c89429ec32f32f04e1f4bdec"",""modulation_padding_bits"":0,""mother_bits"":2496,""n"":716,""n_cb"":2400,""n_cb_comp"":2296,""power_protocol"":""fixed_constellation_average_Es2"",""puncturing_bits"":1676,""puncturing_first_2Z"":96,""puncturing_remaining"":1580,""repetition_bits"":0,""scrambling"":""public_PCG64_SHA256_protocol_session_frame_group_counter_after_rate_matching_v1"",""shortening_bits"":104,""z"":48}",[2048]
16QAM,1/2,16QAM:r1/2,d81ce9b7d709df4cfdde97970cbf0ca55c7d8f834fd8a24dbb4bf591b55e55d4,1860,16,0,1876,1920,44,9984,4696,1174,0,0.39948892674616693,0.39608177172061326,"{""actual_effective_rate"":0.39948892674616693,""bg"":""bg2"",""bit_mapping"":""component_Gray_00_-3_01_-1_10_3_11_1_over_sqrt5;QPSK_0_plus1_1_minus1"",""code_blocks"":1,""decoder_config"":{""cn_schedule"":""flooding"",""cn_update"":""boxplus-phi"",""early_stop"":false,""hard_out"":true,""harq_mode"":false,""llr_max"":20.0,""num_iter"":20,""precision"":""single"",""prune_pcm"":true,""return_infobits"":true,""vn_update"":""sum""},""implementation"":{""bit_mapping"":""component_Gray_00_-3_01_-1_10_3_11_1_over_sqrt5;QPSK_0_plus1_1_minus1"",""cuda"":""12.8"",""decoder"":{""cn_schedule"":""flooding"",""cn_update"":""boxplus-phi"",""early_stop"":false,""hard_out"":true,""harq_mode"":false,""llr_max"":20.0,""num_iter"":20,""precision"":""single"",""prune_pcm"":true,""return_infobits"":true,""vn_update"":""sum""},""decoder_source_sha256"":""44d84b92b749e2970f94d92cd348a11648e2286b4d851faa0af8b21d08f0da23"",""encoder_source_sha256"":""34d8db6660b2e84708a8fb534f63c194f6f2b964e3693fcffc9dcaf21532ccfd"",""implementation"":""Sionna_5G_LDPC"",""power_protocol"":""fixed_constellation_average_Es2"",""precision"":""float32"",""rate_matching"":""Sionna RV0; filler removal, first2Z and tail puncturing; supported n only"",""scrambling"":""public_PCG64_SHA256_protocol_session_frame_group_counter_after_rate_matching_v1"",""torch"":""2.11.0+cu128"",""version"":""2.2.0""},""interleaver_sha256"":""b73691ea8438e08c35ddd33cb752c55317e1cce5620435f32eac6d03baa2158b"",""k"":1876,""k_filler"":44,""k_ldpc"":1920,""layout_id"":""acaf6e99d6c2b05a09db01ebb59027058ac61cee24085749cc8d80cfe2e48cb3"",""modulation_padding_bits"":0,""mother_bits"":9984,""n"":4696,""n_cb"":9600,""n_cb_comp"":9556,""power_protocol"":""fixed_constellation_average_Es2"",""puncturing_bits"":5244,""puncturing_first_2Z"":384,""puncturing_remaining"":4860,""repetition_bits"":0,""scrambling"":""public_PCG64_SHA256_protocol_session_frame_group_counter_after_rate_matching_v1"",""shortening_bits"":44,""z"":192}",[2048]
16QAM,5/6,16QAM:r5/6,d8301d9ac0f16446ab10de7ca9e07eb80d4f211aff6fe07c38b5a38b8ab6cec7,660,16,0,676,720,44,3744,2796,699,0,0.24177396280400573,0.23605150214592274,"{""actual_effective_rate"":0.24177396280400573,""bg"":""bg2"",""bit_mapping"":""component_Gray_00_-3_01_-1_10_3_11_1_over_sqrt5;QPSK_0_plus1_1_minus1"",""code_blocks"":1,""decoder_config"":{""cn_schedule"":""flooding"",""cn_update"":""boxplus-phi"",""early_stop"":false,""hard_out"":true,""harq_mode"":false,""llr_max"":20.0,""num_iter"":20,""precision"":""single"",""prune_pcm"":true,""return_infobits"":true,""vn_update"":""sum""},""implementation"":{""bit_mapping"":""component_Gray_00_-3_01_-1_10_3_11_1_over_sqrt5;QPSK_0_plus1_1_minus1"",""cuda"":""12.8"",""decoder"":{""cn_schedule"":""flooding"",""cn_update"":""boxplus-phi"",""early_stop"":false,""hard_out"":true,""harq_mode"":false,""llr_max"":20.0,""num_iter"":20,""precision"":""single"",""prune_pcm"":true,""return_infobits"":true,""vn_update"":""sum""},""decoder_source_sha256"":""44d84b92b749e2970f94d92cd348a11648e2286b4d851faa0af8b21d08f0da23"",""encoder_source_sha256"":""34d8db6660b2e84708a8fb534f63c194f6f2b964e3693fcffc9dcaf21532ccfd"",""implementation"":""Sionna_5G_LDPC"",""power_protocol"":""fixed_constellation_average_Es2"",""precision"":""float32"",""rate_matching"":""Sionna RV0; filler removal, first2Z and tail puncturing; supported n only"",""scrambling"":""public_PCG64_SHA256_protocol_session_frame_group_counter_after_rate_matching_v1"",""torch"":""2.11.0+cu128"",""version"":""2.2.0""},""interleaver_sha256"":""31ed7da271bd254cd6e985c8b28bebb658ee97c2bcec892317ac364752c198cc"",""k"":676,""k_filler"":44,""k_ldpc"":720,""layout_id"":""7e4b5d0ab07eb471d6d45800c3b53d10fa480a66b4e2a1505aba600564a42740"",""modulation_padding_bits"":0,""mother_bits"":3744,""n"":2796,""n_cb"":3600,""n_cb_comp"":3556,""power_protocol"":""fixed_constellation_average_Es2"",""puncturing_bits"":904,""puncturing_first_2Z"":144,""puncturing_remaining"":760,""repetition_bits"":0,""scrambling"":""public_PCG64_SHA256_protocol_session_frame_group_counter_after_rate_matching_v1"",""shortening_bits"":44,""z"":72}",[1024]
QPSK,1/2,QPSK:r1/2,d834f57cb13d8236de94f4c9e29b3c41cc406af6151d83c6ba6c6bf6e7218dde,360,16,0,376,480,104,2496,1618,809,0,0.2323856613102596,0.22249690976514216,"{""actual_effective_rate"":0.2323856613102596,""bg"":""bg2"",""bit_mapping"":""component_Gray_00_-3_01_-1_10_3_11_1_over_sqrt5;QPSK_0_plus1_1_minus1"",""code_blocks"":1,""decoder_config"":{""cn_schedule"":""flooding"",""cn_update"":""boxplus-phi"",""early_stop"":false,""hard_out"":true,""harq_mode"":false,""llr_max"":20.0,""num_iter"":20,""precision"":""single"",""prune_pcm"":true,""return_infobits"":true,""vn_update"":""sum""},""implementation"":{""bit_mapping"":""component_Gray_00_-3_01_-1_10_3_11_1_over_sqrt5;QPSK_0_plus1_1_minus1"",""cuda"":""12.8"",""decoder"":{""cn_schedule"":""flooding"",""cn_update"":""boxplus-phi"",""early_stop"":false,""hard_out"":true,""harq_mode"":false,""llr_max"":20.0,""num_iter"":20,""precision"":""single"",""prune_pcm"":true,""return_infobits"":true,""vn_update"":""sum""},""decoder_source_sha256"":""44d84b92b749e2970f94d92cd348a11648e2286b4d851faa0af8b21d08f0da23"",""encoder_source_sha256"":""34d8db6660b2e84708a8fb534f63c194f6f2b964e3693fcffc9dcaf21532ccfd"",""implementation"":""Sionna_5G_LDPC"",""power_protocol"":""fixed_constellation_average_Es2"",""precision"":""float32"",""rate_matching"":""Sionna RV0; filler removal, first2Z and tail puncturing; supported n only"",""scrambling"":""public_PCG64_SHA256_protocol_session_frame_group_counter_after_rate_matching_v1"",""torch"":""2.11.0+cu128"",""version"":""2.2.0""},""interleaver_sha256"":""fe7a685fc0c6c24ae98210ce230d3a7f607f9deb634259f5a087781d0a34c952"",""k"":376,""k_filler"":104,""k_ldpc"":480,""layout_id"":""63ce3ee7b4f5d05fc721e01cca625f8af8409cac8fd69573ec7172030a72195f"",""modulation_padding_bits"":0,""mother_bits"":2496,""n"":1618,""n_cb"":2400,""n_cb_comp"":2296,""power_protocol"":""fixed_constellation_average_Es2"",""puncturing_bits"":774,""puncturing_first_2Z"":96,""puncturing_remaining"":678,""repetition_bits"":0,""scrambling"":""public_PCG64_SHA256_protocol_session_frame_group_counter_after_rate_matching_v1"",""shortening_bits"":104,""z"":48}",[2048]
16QAM,1/2,16QAM:r1/2,d83cc6079714fd504897fd4fbc39e9c7fbe4d8de0c7d3d1302cdde663dad63aa,3528,16,0,3544,3840,296,19968,7088,1772,0,0.5,0.49774266365688485,"{""actual_effective_rate"":0.5,""bg"":""bg2"",""bit_mapping"":""component_Gray_00_-3_01_-1_10_3_11_1_over_sqrt5;QPSK_0_plus1_1_minus1"",""code_blocks"":1,""decoder_config"":{""cn_schedule"":""flooding"",""cn_update"":""boxplus-phi"",""early_stop"":false,""hard_out"":true,""harq_mode"":false,""llr_max"":20.0,""num_iter"":20,""precision"":""single"",""prune_pcm"":true,""return_infobits"":true,""vn_update"":""sum""},""implementation"":{""bit_mapping"":""component_Gray_00_-3_01_-1_10_3_11_1_over_sqrt5;QPSK_0_plus1_1_minus1"",""cuda"":""12.8"",""decoder"":{""cn_schedule"":""flooding"",""cn_update"":""boxplus-phi"",""early_stop"":false,""hard_out"":true,""harq_mode"":false,""llr_max"":20.0,""num_iter"":20,""precision"":""single"",""prune_pcm"":true,""return_infobits"":true,""vn_update"":""sum""},""decoder_source_sha256"":""44d84b92b749e2970f94d92cd348a11648e2286b4d851faa0af8b21d08f0da23"",""encoder_source_sha256"":""34d8db6660b2e84708a8fb534f63c194f6f2b964e3693fcffc9dcaf21532ccfd"",""implementation"":""Sionna_5G_LDPC"",""power_protocol"":""fixed_constellation_average_Es2"",""precision"":""float32"",""rate_matching"":""Sionna RV0; filler removal, first2Z and tail puncturing; supported n only"",""scrambling"":""public_PCG64_SHA256_protocol_session_frame_group_counter_after_rate_matching_v1"",""torch"":""2.11.0+cu128"",""version"":""2.2.0""},""interleaver_sha256"":""f4fd8e8583992c9d112efc1bdfb50426ebd9666dc5af042c508d493d9bc31148"",""k"":3544,""k_filler"":296,""k_ldpc"":3840,""layout_id"":""0499349e5733d0171062035f385eb9777e7a7ad253369c4bcaa69cd73fda073c"",""modulation_padding_bits"":0,""mother_bits"":19968,""n"":7088,""n_cb"":19200,""n_cb_comp"":18904,""power_protocol"":""fixed_constellation_average_Es2"",""puncturing_bits"":12584,""puncturing_first_2Z"":768,""puncturing_remaining"":11816,""repetition_bits"":0,""scrambling"":""public_PCG64_SHA256_protocol_session_frame_group_counter_after_rate_matching_v1"",""shortening_bits"":296,""z"":384}",[2048]
16QAM,1/2,16QAM:r1/2,d841dcc437b854d01a69d4db6988685f2a3b7f48acf66798a96d84181e92c4bc,2688,16,0,2704,2880,176,14976,5408,1352,0,0.5,0.4970414201183432,"{""actual_effective_rate"":0.5,""bg"":""bg2"",""bit_mapping"":""component_Gray_00_-3_01_-1_10_3_11_1_over_sqrt5;QPSK_0_plus1_1_minus1"",""code_blocks"":1,""decoder_config"":{""cn_schedule"":""flooding"",""cn_update"":""boxplus-phi"",""early_stop"":false,""hard_out"":true,""harq_mode"":false,""llr_max"":20.0,""num_iter"":20,""precision"":""single"",""prune_pcm"":true,""return_infobits"":true,""vn_update"":""sum""},""implementation"":{""bit_mapping"":""component_Gray_00_-3_01_-1_10_3_11_1_over_sqrt5;QPSK_0_plus1_1_minus1"",""cuda"":""12.8"",""decoder"":{""cn_schedule"":""flooding"",""cn_update"":""boxplus-phi"",""early_stop"":false,""hard_out"":true,""harq_mode"":false,""llr_max"":20.0,""num_iter"":20,""precision"":""single"",""prune_pcm"":true,""return_infobits"":true,""vn_update"":""sum""},""decoder_source_sha256"":""44d84b92b749e2970f94d92cd348a11648e2286b4d851faa0af8b21d08f0da23"",""encoder_source_sha256"":""34d8db6660b2e84708a8fb534f63c194f6f2b964e3693fcffc9dcaf21532ccfd"",""implementation"":""Sionna_5G_LDPC"",""power_protocol"":""fixed_constellation_average_Es2"",""precision"":""float32"",""rate_matching"":""Sionna RV0; filler removal, first2Z and tail puncturing; supported n only"",""scrambling"":""public_PCG64_SHA256_protocol_session_frame_group_counter_after_rate_matching_v1"",""torch"":""2.11.0+cu128"",""version"":""2.2.0""},""interleaver_sha256"":""bd224b5eed81283e890a2d1ea77fe40069c5ce8423fb8215f94879f211d226c5"",""k"":2704,""k_filler"":176,""k_ldpc"":2880,""layout_id"":""beba105dddc8d66d295deb3e08504045c31663686ea88d625107ac74981d57d6"",""modulation_padding_bits"":0,""mother_bits"":14976,""n"":5408,""n_cb"":14400,""n_cb_comp"":14224,""power_protocol"":""fixed_constellation_average_Es2"",""puncturing_bits"":9392,""puncturing_first_2Z"":576,""puncturing_remaining"":8816,""repetition_bits"":0,""scrambling"":""public_PCG64_SHA256_protocol_session_frame_group_counter_after_rate_matching_v1"",""shortening_bits"":176,""z"":288}",[2048]
16QAM,1/3,16QAM:r1/3,d85393e3a43acc720f0ea52b2ce4f56288b307d2c0d0bbbe0a355325b7d39f21,816,16,0,832,880,48,4576,2716,679,0,0.30633284241531666,0.3004418262150221,"{""actual_effective_rate"":0.30633284241531666,""bg"":""bg2"",""bit_mapping"":""component_Gray_00_-3_01_-1_10_3_11_1_over_sqrt5;QPSK_0_plus1_1_minus1"",""code_blocks"":1,""decoder_config"":{""cn_schedule"":""flooding"",""cn_update"":""boxplus-phi"",""early_stop"":false,""hard_out"":true,""harq_mode"":false,""llr_max"":20.0,""num_iter"":20,""precision"":""single"",""prune_pcm"":true,""return_infobits"":true,""vn_update"":""sum""},""implementation"":{""bit_mapping"":""component_Gray_00_-3_01_-1_10_3_11_1_over_sqrt5;QPSK_0_plus1_1_minus1"",""cuda"":""12.8"",""decoder"":{""cn_schedule"":""flooding"",""cn_update"":""boxplus-phi"",""early_stop"":false,""hard_out"":true,""harq_mode"":false,""llr_max"":20.0,""num_iter"":20,""precision"":""single"",""prune_pcm"":true,""return_infobits"":true,""vn_update"":""sum""},""decoder_source_sha256"":""44d84b92b749e2970f94d92cd348a11648e2286b4d851faa0af8b21d08f0da23"",""encoder_source_sha256"":""34d8db6660b2e84708a8fb534f63c194f6f2b964e3693fcffc9dcaf21532ccfd"",""implementation"":""Sionna_5G_LDPC"",""power_protocol"":""fixed_constellation_average_Es2"",""precision"":""float32"",""rate_matching"":""Sionna RV0; filler removal, first2Z and tail puncturing; supported n only"",""scrambling"":""public_PCG64_SHA256_protocol_session_frame_group_counter_after_rate_matching_v1"",""torch"":""2.11.0+cu128"",""version"":""2.2.0""},""interleaver_sha256"":""32d736b852a90e9502b671a1ebff657ac883a3b052e932e1b9bf6e6355cbd93e"",""k"":832,""k_filler"":48,""k_ldpc"":880,""layout_id"":""ea0fd8dfac93882d0f1683250a6c5b5b78ed9bb9a848cd658c20937af959b9a0"",""modulation_padding_bits"":0,""mother_bits"":4576,""n"":2716,""n_cb"":4400,""n_cb_comp"":4352,""power_protocol"":""fixed_constellation_average_Es2"",""puncturing_bits"":1812,""puncturing_first_2Z"":176,""puncturing_remaining"":1636,""repetition_bits"":0,""scrambling"":""public_PCG64_SHA256_protocol_session_frame_group_counter_after_rate_matching_v1"",""shortening_bits"":48,""z"":88}",[1024]
16QAM,1/2,16QAM:r1/2,d87585af8f499fb57c1beffbc3314e8000b0208737ba15fda7979041d5f7f19d,2688,16,0,2704,2880,176,14976,5412,1353,0,0.49963045084996305,0.49667405764966743,"{""actual_effective_rate"":0.49963045084996305,""bg"":""bg2"",""bit_mapping"":""component_Gray_00_-3_01_-1_10_3_11_1_over_sqrt5;QPSK_0_plus1_1_minus1"",""code_blocks"":1,""decoder_config"":{""cn_schedule"":""flooding"",""cn_update"":""boxplus-phi"",""early_stop"":false,""hard_out"":true,""harq_mode"":false,""llr_max"":20.0,""num_iter"":20,""precision"":""single"",""prune_pcm"":true,""return_infobits"":true,""vn_update"":""sum""},""implementation"":{""bit_mapping"":""component_Gray_00_-3_01_-1_10_3_11_1_over_sqrt5;QPSK_0_plus1_1_minus1"",""cuda"":""12.8"",""decoder"":{""cn_schedule"":""flooding"",""cn_update"":""boxplus-phi"",""early_stop"":false,""hard_out"":true,""harq_mode"":false,""llr_max"":20.0,""num_iter"":20,""precision"":""single"",""prune_pcm"":true,""return_infobits"":true,""vn_update"":""sum""},""decoder_source_sha256"":""44d84b92b749e2970f94d92cd348a11648e2286b4d851faa0af8b21d08f0da23"",""encoder_source_sha256"":""34d8db6660b2e84708a8fb534f63c194f6f2b964e3693fcffc9dcaf21532ccfd"",""implementation"":""Sionna_5G_LDPC"",""power_protocol"":""fixed_constellation_average_Es2"",""precision"":""float32"",""rate_matching"":""Sionna RV0; filler removal, first2Z and tail puncturing; supported n only"",""scrambling"":""public_PCG64_SHA256_protocol_session_frame_group_counter_after_rate_matching_v1"",""torch"":""2.11.0+cu128"",""version"":""2.2.0""},""interleaver_sha256"":""44acd3e510dc6855a0d1f7284552c8e77b6510b8f22bd5bd67ed058382e111e8"",""k"":2704,""k_filler"":176,""k_ldpc"":2880,""layout_id"":""572d8e1c90b584fabd46a23fe2e0803f53ac71fd0e6131a214e8e9151349d765"",""modulation_padding_bits"":0,""mother_bits"":14976,""n"":5412,""n_cb"":14400,""n_cb_comp"":14224,""power_protocol"":""fixed_constellation_average_Es2"",""puncturing_bits"":9388,""puncturing_first_2Z"":576,""puncturing_remaining"":8812,""repetition_bits"":0,""scrambling"":""public_PCG64_SHA256_protocol_session_frame_group_counter_after_rate_matching_v1"",""shortening_bits"":176,""z"":288}",[2048]
16QAM,2/3,16QAM:r2/3,d8798cd46b211f41fb9db181ba6746b950c203f5dfd6683b01bd9b13814ab9b3,1704,16,0,1720,1760,40,9152,4016,1004,0,0.42828685258964144,0.4243027888446215,"{""actual_effective_rate"":0.42828685258964144,""bg"":""bg2"",""bit_mapping"":""component_Gray_00_-3_01_-1_10_3_11_1_over_sqrt5;QPSK_0_plus1_1_minus1"",""code_blocks"":1,""decoder_config"":{""cn_schedule"":""flooding"",""cn_update"":""boxplus-phi"",""early_stop"":false,""hard_out"":true,""harq_mode"":false,""llr_max"":20.0,""num_iter"":20,""precision"":""single"",""prune_pcm"":true,""return_infobits"":true,""vn_update"":""sum""},""implementation"":{""bit_mapping"":""component_Gray_00_-3_01_-1_10_3_11_1_over_sqrt5;QPSK_0_plus1_1_minus1"",""cuda"":""12.8"",""decoder"":{""cn_schedule"":""flooding"",""cn_update"":""boxplus-phi"",""early_stop"":false,""hard_out"":true,""harq_mode"":false,""llr_max"":20.0,""num_iter"":20,""precision"":""single"",""prune_pcm"":true,""return_infobits"":true,""vn_update"":""sum""},""decoder_source_sha256"":""44d84b92b749e2970f94d92cd348a11648e2286b4d851faa0af8b21d08f0da23"",""encoder_source_sha256"":""34d8db6660b2e84708a8fb534f63c194f6f2b964e3693fcffc9dcaf21532ccfd"",""implementation"":""Sionna_5G_LDPC"",""power_protocol"":""fixed_constellation_average_Es2"",""precision"":""float32"",""rate_matching"":""Sionna RV0; filler removal, first2Z and tail puncturing; supported n only"",""scrambling"":""public_PCG64_SHA256_protocol_session_frame_group_counter_after_rate_matching_v1"",""torch"":""2.11.0+cu128"",""version"":""2.2.0""},""interleaver_sha256"":""04f259c2bcdcc291e6a7782e56c6470c0e392be057f26c96d7539869ea5a9d48"",""k"":1720,""k_filler"":40,""k_ldpc"":1760,""layout_id"":""c34c9c41662ebdf67ad0f4cfa87197addbb0c1969b6ff1a91f0ce65f77653349"",""modulation_padding_bits"":0,""mother_bits"":9152,""n"":4016,""n_cb"":8800,""n_cb_comp"":8760,""power_protocol"":""fixed_constellation_average_Es2"",""puncturing_bits"":5096,""puncturing_first_2Z"":352,""puncturing_remaining"":4744,""repetition_bits"":0,""scrambling"":""public_PCG64_SHA256_protocol_session_frame_group_counter_after_rate_matching_v1"",""shortening_bits"":40,""z"":176}",[2048]
QPSK,2/3,QPSK:r2/3,d88078ab5ea1e6390617bad84c8829be6188ea0f13da3cf9217cdd8bff54fc35,1200,16,0,1216,1280,64,6656,3238,1619,0,0.37554045707226685,0.3705991352686844,"{""actual_effective_rate"":0.37554045707226685,""bg"":""bg2"",""bit_mapping"":""component_Gray_00_-3_01_-1_10_3_11_1_over_sqrt5;QPSK_0_plus1_1_minus1"",""code_blocks"":1,""decoder_config"":{""cn_schedule"":""flooding"",""cn_update"":""boxplus-phi"",""early_stop"":false,""hard_out"":true,""harq_mode"":false,""llr_max"":20.0,""num_iter"":20,""precision"":""single"",""prune_pcm"":true,""return_infobits"":true,""vn_update"":""sum""},""implementation"":{""bit_mapping"":""component_Gray_00_-3_01_-1_10_3_11_1_over_sqrt5;QPSK_0_plus1_1_minus1"",""cuda"":""12.8"",""decoder"":{""cn_schedule"":""flooding"",""cn_update"":""boxplus-phi"",""early_stop"":false,""hard_out"":true,""harq_mode"":false,""llr_max"":20.0,""num_iter"":20,""precision"":""single"",""prune_pcm"":true,""return_infobits"":true,""vn_update"":""sum""},""decoder_source_sha256"":""44d84b92b749e2970f94d92cd348a11648e2286b4d851faa0af8b21d08f0da23"",""encoder_source_sha256"":""34d8db6660b2e84708a8fb534f63c194f6f2b964e3693fcffc9dcaf21532ccfd"",""implementation"":""Sionna_5G_LDPC"",""power_protocol"":""fixed_constellation_average_Es2"",""precision"":""float32"",""rate_matching"":""Sionna RV0; filler removal, first2Z and tail puncturing; supported n only"",""scrambling"":""public_PCG64_SHA256_protocol_session_frame_group_counter_after_rate_matching_v1"",""torch"":""2.11.0+cu128"",""version"":""2.2.0""},""interleaver_sha256"":""9d6812ebb3cc4708d5a57cefdb345a4ae981ac832c65b5cc51a0f15c1c3f55e5"",""k"":1216,""k_filler"":64,""k_ldpc"":1280,""layout_id"":""4cfc10fc09793c3abd967abe07ddd9f5efcbab93776fa37c236a1e2273ae131b"",""modulation_padding_bits"":0,""mother_bits"":6656,""n"":3238,""n_cb"":6400,""n_cb_comp"":6336,""power_protocol"":""fixed_constellation_average_Es2"",""puncturing_bits"":3354,""puncturing_first_2Z"":256,""puncturing_remaining"":3098,""repetition_bits"":0,""scrambling"":""public_PCG64_SHA256_protocol_session_frame_group_counter_after_rate_matching_v1"",""shortening_bits"":64,""z"":128}",[2048]
16QAM,3/4,16QAM:r3/4,d88c292cb4d6a8e5271def3160ae364b5f76fe885f3083543aafc6c9d3784fb4,1092,16,0,1108,1120,12,5824,1704,426,0,0.6502347417840375,0.6408450704225352,"{""actual_effective_rate"":0.6502347417840375,""bg"":""bg2"",""bit_mapping"":""component_Gray_00_-3_01_-1_10_3_11_1_over_sqrt5;QPSK_0_plus1_1_minus1"",""code_blocks"":1,""decoder_config"":{""cn_schedule"":""flooding"",""cn_update"":""boxplus-phi"",""early_stop"":false,""hard_out"":true,""harq_mode"":false,""llr_max"":20.0,""num_iter"":20,""precision"":""single"",""prune_pcm"":true,""return_infobits"":true,""vn_update"":""sum""},""implementation"":{""bit_mapping"":""component_Gray_00_-3_01_-1_10_3_11_1_over_sqrt5;QPSK_0_plus1_1_minus1"",""cuda"":""12.8"",""decoder"":{""cn_schedule"":""flooding"",""cn_update"":""boxplus-phi"",""early_stop"":false,""hard_out"":true,""harq_mode"":false,""llr_max"":20.0,""num_iter"":20,""precision"":""single"",""prune_pcm"":true,""return_infobits"":true,""vn_update"":""sum""},""decoder_source_sha256"":""44d84b92b749e2970f94d92cd348a11648e2286b4d851faa0af8b21d08f0da23"",""encoder_source_sha256"":""34d8db6660b2e84708a8fb534f63c194f6f2b964e3693fcffc9dcaf21532ccfd"",""implementation"":""Sionna_5G_LDPC"",""power_protocol"":""fixed_constellation_average_Es2"",""precision"":""float32"",""rate_matching"":""Sionna RV0; filler removal, first2Z and tail puncturing; supported n only"",""scrambling"":""public_PCG64_SHA256_protocol_session_frame_group_counter_after_rate_matching_v1"",""torch"":""2.11.0+cu128"",""version"":""2.2.0""},""interleaver_sha256"":""0e8095ba0aaa869fa760a56caf32359ba1992e5d406cfee680c6c5f9368b538c"",""k"":1108,""k_filler"":12,""k_ldpc"":1120,""layout_id"":""f346da38a73afa5e1731275cbcd822dabf8af12672677662df7fc7c8c717fe3d"",""modulation_padding_bits"":0,""mother_bits"":5824,""n"":1704,""n_cb"":5600,""n_cb_comp"":5588,""power_protocol"":""fixed_constellation_average_Es2"",""puncturing_bits"":4108,""puncturing_first_2Z"":224,""puncturing_remaining"":3884,""repetition_bits"":0,""scrambling"":""public_PCG64_SHA256_protocol_session_frame_group_counter_after_rate_matching_v1"",""shortening_bits"":12,""z"":112}",[1024]
QPSK,2/3,QPSK:r2/3,d88fe9fae17e2c435031372f1febdc27caba1d35310a27fc89887d408de7a84d,1368,16,0,1384,1440,56,7488,2076,1038,0,0.6666666666666666,0.6589595375722543,"{""actual_effective_rate"":0.6666666666666666,""bg"":""bg2"",""bit_mapping"":""component_Gray_00_-3_01_-1_10_3_11_1_over_sqrt5;QPSK_0_plus1_1_minus1"",""code_blocks"":1,""decoder_config"":{""cn_schedule"":""flooding"",""cn_update"":""boxplus-phi"",""early_stop"":false,""hard_out"":true,""harq_mode"":false,""llr_max"":20.0,""num_iter"":20,""precision"":""single"",""prune_pcm"":true,""return_infobits"":true,""vn_update"":""sum""},""implementation"":{""bit_mapping"":""component_Gray_00_-3_01_-1_10_3_11_1_over_sqrt5;QPSK_0_plus1_1_minus1"",""cuda"":""12.8"",""decoder"":{""cn_schedule"":""flooding"",""cn_update"":""boxplus-phi"",""early_stop"":false,""hard_out"":true,""harq_mode"":false,""llr_max"":20.0,""num_iter"":20,""precision"":""single"",""prune_pcm"":true,""return_infobits"":true,""vn_update"":""sum""},""decoder_source_sha256"":""44d84b92b749e2970f94d92cd348a11648e2286b4d851faa0af8b21d08f0da23"",""encoder_source_sha256"":""34d8db6660b2e84708a8fb534f63c194f6f2b964e3693fcffc9dcaf21532ccfd"",""implementation"":""Sionna_5G_LDPC"",""power_protocol"":""fixed_constellation_average_Es2"",""precision"":""float32"",""rate_matching"":""Sionna RV0; filler removal, first2Z and tail puncturing; supported n only"",""scrambling"":""public_PCG64_SHA256_protocol_session_frame_group_counter_after_rate_matching_v1"",""torch"":""2.11.0+cu128"",""version"":""2.2.0""},""interleaver_sha256"":""34dc23fbd1470b0e9d6e943e3c8e5acf72bab0a82e215538328c5353cf79b3b5"",""k"":1384,""k_filler"":56,""k_ldpc"":1440,""layout_id"":""2a4029e48136dae14acadded78fdb76dc1f6a791c14d320521e6aacf90aa6536"",""modulation_padding_bits"":0,""mother_bits"":7488,""n"":2076,""n_cb"":7200,""n_cb_comp"":7144,""power_protocol"":""fixed_constellation_average_Es2"",""puncturing_bits"":5356,""puncturing_first_2Z"":288,""puncturing_remaining"":5068,""repetition_bits"":0,""scrambling"":""public_PCG64_SHA256_protocol_session_frame_group_counter_after_rate_matching_v1"",""shortening_bits"":56,""z"":144}",[2048]
16QAM,2/3,16QAM:r2/3,d8909b1496545bbd56da0614b41a6e79e806d9ea969d16b4c048209ee1c01e21,1092,16,0,1108,1120,12,5824,2976,744,0,0.37231182795698925,0.36693548387096775,"{""actual_effective_rate"":0.37231182795698925,""bg"":""bg2"",""bit_mapping"":""component_Gray_00_-3_01_-1_10_3_11_1_over_sqrt5;QPSK_0_plus1_1_minus1"",""code_blocks"":1,""decoder_config"":{""cn_schedule"":""flooding"",""cn_update"":""boxplus-phi"",""early_stop"":false,""hard_out"":true,""harq_mode"":false,""llr_max"":20.0,""num_iter"":20,""precision"":""single"",""prune_pcm"":true,""return_infobits"":true,""vn_update"":""sum""},""implementation"":{""bit_mapping"":""component_Gray_00_-3_01_-1_10_3_11_1_over_sqrt5;QPSK_0_plus1_1_minus1"",""cuda"":""12.8"",""decoder"":{""cn_schedule"":""flooding"",""cn_update"":""boxplus-phi"",""early_stop"":false,""hard_out"":true,""harq_mode"":false,""llr_max"":20.0,""num_iter"":20,""precision"":""single"",""prune_pcm"":true,""return_infobits"":true,""vn_update"":""sum""},""decoder_source_sha256"":""44d84b92b749e2970f94d92cd348a11648e2286b4d851faa0af8b21d08f0da23"",""encoder_source_sha256"":""34d8db6660b2e84708a8fb534f63c194f6f2b964e3693fcffc9dcaf21532ccfd"",""implementation"":""Sionna_5G_LDPC"",""power_protocol"":""fixed_constellation_average_Es2"",""precision"":""float32"",""rate_matching"":""Sionna RV0; filler removal, first2Z and tail puncturing; supported n only"",""scrambling"":""public_PCG64_SHA256_protocol_session_frame_group_counter_after_rate_matching_v1"",""torch"":""2.11.0+cu128"",""version"":""2.2.0""},""interleaver_sha256"":""f4c3ba471d7fd06c782b5e997f10ae883259c6ccc3ff9180cea88784fba6895a"",""k"":1108,""k_filler"":12,""k_ldpc"":1120,""layout_id"":""70416ba4fcfb71c679b4badfebd608b0d97778c75ee06cb27320d1429117460d"",""modulation_padding_bits"":0,""mother_bits"":5824,""n"":2976,""n_cb"":5600,""n_cb_comp"":5588,""power_protocol"":""fixed_constellation_average_Es2"",""puncturing_bits"":2836,""puncturing_first_2Z"":224,""puncturing_remaining"":2612,""repetition_bits"":0,""scrambling"":""public_PCG64_SHA256_protocol_session_frame_group_counter_after_rate_matching_v1"",""shortening_bits"":12,""z"":112}",[2048]
QPSK,2/3,QPSK:r2/3,d890f26ee8ac218ad3b4518e6a5725ef39842e2b0fd729816d02b5936d7ab305,660,16,0,676,720,44,3744,1150,575,0,0.5878260869565217,0.5739130434782609,"{""actual_effective_rate"":0.5878260869565217,""bg"":""bg2"",""bit_mapping"":""component_Gray_00_-3_01_-1_10_3_11_1_over_sqrt5;QPSK_0_plus1_1_minus1"",""code_blocks"":1,""decoder_config"":{""cn_schedule"":""flooding"",""cn_update"":""boxplus-phi"",""early_stop"":false,""hard_out"":true,""harq_mode"":false,""llr_max"":20.0,""num_iter"":20,""precision"":""single"",""prune_pcm"":true,""return_infobits"":true,""vn_update"":""sum""},""implementation"":{""bit_mapping"":""component_Gray_00_-3_01_-1_10_3_11_1_over_sqrt5;QPSK_0_plus1_1_minus1"",""cuda"":""12.8"",""decoder"":{""cn_schedule"":""flooding"",""cn_update"":""boxplus-phi"",""early_stop"":false,""hard_out"":true,""harq_mode"":false,""llr_max"":20.0,""num_iter"":20,""precision"":""single"",""prune_pcm"":true,""return_infobits"":true,""vn_update"":""sum""},""decoder_source_sha256"":""44d84b92b749e2970f94d92cd348a11648e2286b4d851faa0af8b21d08f0da23"",""encoder_source_sha256"":""34d8db6660b2e84708a8fb534f63c194f6f2b964e3693fcffc9dcaf21532ccfd"",""implementation"":""Sionna_5G_LDPC"",""power_protocol"":""fixed_constellation_average_Es2"",""precision"":""float32"",""rate_matching"":""Sionna RV0; filler removal, first2Z and tail puncturing; supported n only"",""scrambling"":""public_PCG64_SHA256_protocol_session_frame_group_counter_after_rate_matching_v1"",""torch"":""2.11.0+cu128"",""version"":""2.2.0""},""interleaver_sha256"":""e4a91385b1a808d4d5a672382a60d57d41ab2c8f486aa1191ac8a0c2a156c2ff"",""k"":676,""k_filler"":44,""k_ldpc"":720,""layout_id"":""9828acda2181793532cf49fb090a3a31230b9b7c5ca7785cef6ed91c2ab835bf"",""modulation_padding_bits"":0,""mother_bits"":3744,""n"":1150,""n_cb"":3600,""n_cb_comp"":3556,""power_protocol"":""fixed_constellation_average_Es2"",""puncturing_bits"":2550,""puncturing_first_2Z"":144,""puncturing_remaining"":2406,""repetition_bits"":0,""scrambling"":""public_PCG64_SHA256_protocol_session_frame_group_counter_after_rate_matching_v1"",""shortening_bits"":44,""z"":72}",[1024]
16QAM,1/2,16QAM:r1/2,d89d74ce5ea1aab7bd66f07c64368bb363cf21f14e91ed495d196e4bffd3497f,660,16,0,676,720,44,3744,2800,700,0,0.24142857142857144,0.2357142857142857,"{""actual_effective_rate"":0.24142857142857144,""bg"":""bg2"",""bit_mapping"":""component_Gray_00_-3_01_-1_10_3_11_1_over_sqrt5;QPSK_0_plus1_1_minus1"",""code_blocks"":1,""decoder_config"":{""cn_schedule"":""flooding"",""cn_update"":""boxplus-phi"",""early_stop"":false,""hard_out"":true,""harq_mode"":false,""llr_max"":20.0,""num_iter"":20,""precision"":""single"",""prune_pcm"":true,""return_infobits"":true,""vn_update"":""sum""},""implementation"":{""bit_mapping"":""component_Gray_00_-3_01_-1_10_3_11_1_over_sqrt5;QPSK_0_plus1_1_minus1"",""cuda"":""12.8"",""decoder"":{""cn_schedule"":""flooding"",""cn_update"":""boxplus-phi"",""early_stop"":false,""hard_out"":true,""harq_mode"":false,""llr_max"":20.0,""num_iter"":20,""precision"":""single"",""prune_pcm"":true,""return_infobits"":true,""vn_update"":""sum""},""decoder_source_sha256"":""44d84b92b749e2970f94d92cd348a11648e2286b4d851faa0af8b21d08f0da23"",""encoder_source_sha256"":""34d8db6660b2e84708a8fb534f63c194f6f2b964e3693fcffc9dcaf21532ccfd"",""implementation"":""Sionna_5G_LDPC"",""power_protocol"":""fixed_constellation_average_Es2"",""precision"":""float32"",""rate_matching"":""Sionna RV0; filler removal, first2Z and tail puncturing; supported n only"",""scrambling"":""public_PCG64_SHA256_protocol_session_frame_group_counter_after_rate_matching_v1"",""torch"":""2.11.0+cu128"",""version"":""2.2.0""},""interleaver_sha256"":""b7b4730d7c8535d5589b69b51e37affd1a2150984eb708be0918f19e8c3d9e0f"",""k"":676,""k_filler"":44,""k_ldpc"":720,""layout_id"":""4ed773604a15397145bd513d16ee49681c2d6c416f829c28f86324871b10458d"",""modulation_padding_bits"":0,""mother_bits"":3744,""n"":2800,""n_cb"":3600,""n_cb_comp"":3556,""power_protocol"":""fixed_constellation_average_Es2"",""puncturing_bits"":900,""puncturing_first_2Z"":144,""puncturing_remaining"":756,""repetition_bits"":0,""scrambling"":""public_PCG64_SHA256_protocol_session_frame_group_counter_after_rate_matching_v1"",""shortening_bits"":44,""z"":72}",[1024]
QPSK,2/3,QPSK:r2/3,d8a7ab02704881922a1063e1f957066d9cfb882c72c61a58294934ba6e946f77,144,16,0,160,280,120,1456,618,309,0,0.2588996763754045,0.23300970873786409,"{""actual_effective_rate"":0.2588996763754045,""bg"":""bg2"",""bit_mapping"":""component_Gray_00_-3_01_-1_10_3_11_1_over_sqrt5;QPSK_0_plus1_1_minus1"",""code_blocks"":1,""decoder_config"":{""cn_schedule"":""flooding"",""cn_update"":""boxplus-phi"",""early_stop"":false,""hard_out"":true,""harq_mode"":false,""llr_max"":20.0,""num_iter"":20,""precision"":""single"",""prune_pcm"":true,""return_infobits"":true,""vn_update"":""sum""},""implementation"":{""bit_mapping"":""component_Gray_00_-3_01_-1_10_3_11_1_over_sqrt5;QPSK_0_plus1_1_minus1"",""cuda"":""12.8"",""decoder"":{""cn_schedule"":""flooding"",""cn_update"":""boxplus-phi"",""early_stop"":false,""hard_out"":true,""harq_mode"":false,""llr_max"":20.0,""num_iter"":20,""precision"":""single"",""prune_pcm"":true,""return_infobits"":true,""vn_update"":""sum""},""decoder_source_sha256"":""44d84b92b749e2970f94d92cd348a11648e2286b4d851faa0af8b21d08f0da23"",""encoder_source_sha256"":""34d8db6660b2e84708a8fb534f63c194f6f2b964e3693fcffc9dcaf21532ccfd"",""implementation"":""Sionna_5G_LDPC"",""power_protocol"":""fixed_constellation_average_Es2"",""precision"":""float32"",""rate_matching"":""Sionna RV0; filler removal, first2Z and tail puncturing; supported n only"",""scrambling"":""public_PCG64_SHA256_protocol_session_frame_group_counter_after_rate_matching_v1"",""torch"":""2.11.0+cu128"",""version"":""2.2.0""},""interleaver_sha256"":""b27f6f02854d020136bcaa508363f6046c85f8195dc9a0a2d0c9c3bac9e1f554"",""k"":160,""k_filler"":120,""k_ldpc"":280,""layout_id"":""968c3d222355a518c8cf609eb1d7074a83e9d69a360c7b8be42ae6f8d78dd669"",""modulation_padding_bits"":0,""mother_bits"":1456,""n"":618,""n_cb"":1400,""n_cb_comp"":1280,""power_protocol"":""fixed_constellation_average_Es2"",""puncturing_bits"":718,""puncturing_first_2Z"":56,""puncturing_remaining"":662,""repetition_bits"":0,""scrambling"":""public_PCG64_SHA256_protocol_session_frame_group_counter_after_rate_matching_v1"",""shortening_bits"":120,""z"":28}",[1024]
QPSK,3/4,QPSK:r3/4,d8ce8587ac04130aa9abdc088c6eaa4c4225247867d9d7eff53023de705f1809,360,16,0,376,396,20,1224,530,265,0,0.7094339622641509,0.6792452830188679,"{""actual_effective_rate"":0.7094339622641509,""bg"":""bg1"",""bit_mapping"":""component_Gray_00_-3_01_-1_10_3_11_1_over_sqrt5;QPSK_0_plus1_1_minus1"",""code_blocks"":1,""decoder_config"":{""cn_schedule"":""flooding"",""cn_update"":""boxplus-phi"",""early_stop"":false,""hard_out"":true,""harq_mode"":false,""llr_max"":20.0,""num_iter"":20,""precision"":""single"",""prune_pcm"":true,""return_infobits"":true,""vn_update"":""sum""},""implementation"":{""bit_mapping"":""component_Gray_00_-3_01_-1_10_3_11_1_over_sqrt5;QPSK_0_plus1_1_minus1"",""cuda"":""12.8"",""decoder"":{""cn_schedule"":""flooding"",""cn_update"":""boxplus-phi"",""early_stop"":false,""hard_out"":true,""harq_mode"":false,""llr_max"":20.0,""num_iter"":20,""precision"":""single"",""prune_pcm"":true,""return_infobits"":true,""vn_update"":""sum""},""decoder_source_sha256"":""44d84b92b749e2970f94d92cd348a11648e2286b4d851faa0af8b21d08f0da23"",""encoder_source_sha256"":""34d8db6660b2e84708a8fb534f63c194f6f2b964e3693fcffc9dcaf21532ccfd"",""implementation"":""Sionna_5G_LDPC"",""power_protocol"":""fixed_constellation_average_Es2"",""precision"":""float32"",""rate_matching"":""Sionna RV0; filler removal, first2Z and tail puncturing; supported n only"",""scrambling"":""public_PCG64_SHA256_protocol_session_frame_group_counter_after_rate_matching_v1"",""torch"":""2.11.0+cu128"",""version"":""2.2.0""},""interleaver_sha256"":""d5935acc9160414165122b3131bc1fc5e9b2a8abc473d161eb5989da8d5b5fec"",""k"":376,""k_filler"":20,""k_ldpc"":396,""layout_id"":""b4dc603a1b21f226f458fe9ce005eae2d796770681b18c9e7b0b312069d3ef6a"",""modulation_padding_bits"":0,""mother_bits"":1224,""n"":530,""n_cb"":1188,""n_cb_comp"":1168,""power_protocol"":""fixed_constellation_average_Es2"",""puncturing_bits"":674,""puncturing_first_2Z"":36,""puncturing_remaining"":638,""repetition_bits"":0,""scrambling"":""public_PCG64_SHA256_protocol_session_frame_group_counter_after_rate_matching_v1"",""shortening_bits"":20,""z"":18}",[2048]
QPSK,1/3,QPSK:r1/3,d8d29618c51e77b54e7541742fd6135861abf361fdb30b050957a8bd428b0845,1092,16,0,1108,1120,12,5824,3362,1681,0,0.32956573468173705,0.32480666270077335,"{""actual_effective_rate"":0.32956573468173705,""bg"":""bg2"",""bit_mapping"":""component_Gray_00_-3_01_-1_10_3_11_1_over_sqrt5;QPSK_0_plus1_1_minus1"",""code_blocks"":1,""decoder_config"":{""cn_schedule"":""flooding"",""cn_update"":""boxplus-phi"",""early_stop"":false,""hard_out"":true,""harq_mode"":false,""llr_max"":20.0,""num_iter"":20,""precision"":""single"",""prune_pcm"":true,""return_infobits"":true,""vn_update"":""sum""},""implementation"":{""bit_mapping"":""component_Gray_00_-3_01_-1_10_3_11_1_over_sqrt5;QPSK_0_plus1_1_minus1"",""cuda"":""12.8"",""decoder"":{""cn_schedule"":""flooding"",""cn_update"":""boxplus-phi"",""early_stop"":false,""hard_out"":true,""harq_mode"":false,""llr_max"":20.0,""num_iter"":20,""precision"":""single"",""prune_pcm"":true,""return_infobits"":true,""vn_update"":""sum""},""decoder_source_sha256"":""44d84b92b749e2970f94d92cd348a11648e2286b4d851faa0af8b21d08f0da23"",""encoder_source_sha256"":""34d8db6660b2e84708a8fb534f63c194f6f2b964e3693fcffc9dcaf21532ccfd"",""implementation"":""Sionna_5G_LDPC"",""power_protocol"":""fixed_constellation_average_Es2"",""precision"":""float32"",""rate_matching"":""Sionna RV0; filler removal, first2Z and tail puncturing; supported n only"",""scrambling"":""public_PCG64_SHA256_protocol_session_frame_group_counter_after_rate_matching_v1"",""torch"":""2.11.0+cu128"",""version"":""2.2.0""},""interleaver_sha256"":""51d33439f4abeb4a2bd8529cd6e8b623d4fa88ce1fda1af0ebdd5c4e9f7fd1fa"",""k"":1108,""k_filler"":12,""k_ldpc"":1120,""layout_id"":""8193c353f4ab4aea0ceff78026c76d1ed4762d5c92c475f8c5ede8d154a65ef7"",""modulation_padding_bits"":0,""mother_bits"":5824,""n"":3362,""n_cb"":5600,""n_cb_comp"":5588,""power_protocol"":""fixed_constellation_average_Es2"",""puncturing_bits"":2450,""puncturing_first_2Z"":224,""puncturing_remaining"":2226,""repetition_bits"":0,""scrambling"":""public_PCG64_SHA256_protocol_session_frame_group_counter_after_rate_matching_v1"",""shortening_bits"":12,""z"":112}",[2048]
16QAM,3/4,16QAM:r3/4,d8eb6cca07ad861e62af8c1d3b04e4805f1b7f40a0ef0f29b2ab95870316aabc,1092,16,0,1108,1120,12,5824,2084,521,0,0.5316698656429942,0.5239923224568138,"{""actual_effective_rate"":0.5316698656429942,""bg"":""bg2"",""bit_mapping"":""component_Gray_00_-3_01_-1_10_3_11_1_over_sqrt5;QPSK_0_plus1_1_minus1"",""code_blocks"":1,""decoder_config"":{""cn_schedule"":""flooding"",""cn_update"":""boxplus-phi"",""early_stop"":false,""hard_out"":true,""harq_mode"":false,""llr_max"":20.0,""num_iter"":20,""precision"":""single"",""prune_pcm"":true,""return_infobits"":true,""vn_update"":""sum""},""implementation"":{""bit_mapping"":""component_Gray_00_-3_01_-1_10_3_11_1_over_sqrt5;QPSK_0_plus1_1_minus1"",""cuda"":""12.8"",""decoder"":{""cn_schedule"":""flooding"",""cn_update"":""boxplus-phi"",""early_stop"":false,""hard_out"":true,""harq_mode"":false,""llr_max"":20.0,""num_iter"":20,""precision"":""single"",""prune_pcm"":true,""return_infobits"":true,""vn_update"":""sum""},""decoder_source_sha256"":""44d84b92b749e2970f94d92cd348a11648e2286b4d851faa0af8b21d08f0da23"",""encoder_source_sha256"":""34d8db6660b2e84708a8fb534f63c194f6f2b964e3693fcffc9dcaf21532ccfd"",""implementation"":""Sionna_5G_LDPC"",""power_protocol"":""fixed_constellation_average_Es2"",""precision"":""float32"",""rate_matching"":""Sionna RV0; filler removal, first2Z and tail puncturing; supported n only"",""scrambling"":""public_PCG64_SHA256_protocol_session_frame_group_counter_after_rate_matching_v1"",""torch"":""2.11.0+cu128"",""version"":""2.2.0""},""interleaver_sha256"":""ac9e91a97aba80ddc9883d5283a83707e0ec32504079e7099de7870d83f9ad80"",""k"":1108,""k_filler"":12,""k_ldpc"":1120,""layout_id"":""54825a0ee2d50a464410e350720dea849e70b899f8614012b0daea02620d9f02"",""modulation_padding_bits"":0,""mother_bits"":5824,""n"":2084,""n_cb"":5600,""n_cb_comp"":5588,""power_protocol"":""fixed_constellation_average_Es2"",""puncturing_bits"":3728,""puncturing_first_2Z"":224,""puncturing_remaining"":3504,""repetition_bits"":0,""scrambling"":""public_PCG64_SHA256_protocol_session_frame_group_counter_after_rate_matching_v1"",""shortening_bits"":12,""z"":112}",[2048]
QPSK,5/6,QPSK:r5/6,d8ff66790b1d75b466159d11345a2e2b5e38bdeb5b650e6c4c20fa1b989f3c52,1008,16,0,1024,1040,16,5408,2894,1447,0,0.3538355217691776,0.3483068417415342,"{""actual_effective_rate"":0.3538355217691776,""bg"":""bg2"",""bit_mapping"":""component_Gray_00_-3_01_-1_10_3_11_1_over_sqrt5;QPSK_0_plus1_1_minus1"",""code_blocks"":1,""decoder_config"":{""cn_schedule"":""flooding"",""cn_update"":""boxplus-phi"",""early_stop"":false,""hard_out"":true,""harq_mode"":false,""llr_max"":20.0,""num_iter"":20,""precision"":""single"",""prune_pcm"":true,""return_infobits"":true,""vn_update"":""sum""},""implementation"":{""bit_mapping"":""component_Gray_00_-3_01_-1_10_3_11_1_over_sqrt5;QPSK_0_plus1_1_minus1"",""cuda"":""12.8"",""decoder"":{""cn_schedule"":""flooding"",""cn_update"":""boxplus-phi"",""early_stop"":false,""hard_out"":true,""harq_mode"":false,""llr_max"":20.0,""num_iter"":20,""precision"":""single"",""prune_pcm"":true,""return_infobits"":true,""vn_update"":""sum""},""decoder_source_sha256"":""44d84b92b749e2970f94d92cd348a11648e2286b4d851faa0af8b21d08f0da23"",""encoder_source_sha256"":""34d8db6660b2e84708a8fb534f63c194f6f2b964e3693fcffc9dcaf21532ccfd"",""implementation"":""Sionna_5G_LDPC"",""power_protocol"":""fixed_constellation_average_Es2"",""precision"":""float32"",""rate_matching"":""Sionna RV0; filler removal, first2Z and tail puncturing; supported n only"",""scrambling"":""public_PCG64_SHA256_protocol_session_frame_group_counter_after_rate_matching_v1"",""torch"":""2.11.0+cu128"",""version"":""2.2.0""},""interleaver_sha256"":""c17109071fec5bf47593b35cbd9badc3dd4277fee7bdf0134d22e97edd39b122"",""k"":1024,""k_filler"":16,""k_ldpc"":1040,""layout_id"":""046077e972bc0b4609f076d8a53f99ac758c7b0e90917e790f05e5400415518e"",""modulation_padding_bits"":0,""mother_bits"":5408,""n"":2894,""n_cb"":5200,""n_cb_comp"":5184,""power_protocol"":""fixed_constellation_average_Es2"",""puncturing_bits"":2498,""puncturing_first_2Z"":208,""puncturing_remaining"":2290,""repetition_bits"":0,""scrambling"":""public_PCG64_SHA256_protocol_session_frame_group_counter_after_rate_matching_v1"",""shortening_bits"":16,""z"":104}",[2048]
16QAM,1/2,16QAM:r1/2,d902f6e8cf7d884d54f59be4367940fb0eff9279dca02125fb4b95cc20fffb67,1800,16,0,1816,1920,104,9984,6472,1618,0,0.28059332509270707,0.27812113720642767,"{""actual_effective_rate"":0.28059332509270707,""bg"":""bg2"",""bit_mapping"":""component_Gray_00_-3_01_-1_10_3_11_1_over_sqrt5;QPSK_0_plus1_1_minus1"",""code_blocks"":1,""decoder_config"":{""cn_schedule"":""flooding"",""cn_update"":""boxplus-phi"",""early_stop"":false,""hard_out"":true,""harq_mode"":false,""llr_max"":20.0,""num_iter"":20,""precision"":""single"",""prune_pcm"":true,""return_infobits"":true,""vn_update"":""sum""},""implementation"":{""bit_mapping"":""component_Gray_00_-3_01_-1_10_3_11_1_over_sqrt5;QPSK_0_plus1_1_minus1"",""cuda"":""12.8"",""decoder"":{""cn_schedule"":""flooding"",""cn_update"":""boxplus-phi"",""early_stop"":false,""hard_out"":true,""harq_mode"":false,""llr_max"":20.0,""num_iter"":20,""precision"":""single"",""prune_pcm"":true,""return_infobits"":true,""vn_update"":""sum""},""decoder_source_sha256"":""44d84b92b749e2970f94d92cd348a11648e2286b4d851faa0af8b21d08f0da23"",""encoder_source_sha256"":""34d8db6660b2e84708a8fb534f63c194f6f2b964e3693fcffc9dcaf21532ccfd"",""implementation"":""Sionna_5G_LDPC"",""power_protocol"":""fixed_constellation_average_Es2"",""precision"":""float32"",""rate_matching"":""Sionna RV0; filler removal, first2Z and tail puncturing; supported n only"",""scrambling"":""public_PCG64_SHA256_protocol_session_frame_group_counter_after_rate_matching_v1"",""torch"":""2.11.0+cu128"",""version"":""2.2.0""},""interleaver_sha256"":""0c514b4eb42438f04d94ec3bb49703e40bf9d1d535e9248dc1c2651230685c2d"",""k"":1816,""k_filler"":104,""k_ldpc"":1920,""layout_id"":""8425439950f9dcb386f1c466a938223bc2d70850ced13b18fbe0b17d08c95466"",""modulation_padding_bits"":0,""mother_bits"":9984,""n"":6472,""n_cb"":9600,""n_cb_comp"":9496,""power_protocol"":""fixed_constellation_average_Es2"",""puncturing_bits"":3408,""puncturing_first_2Z"":384,""puncturing_remaining"":3024,""repetition_bits"":0,""scrambling"":""public_PCG64_SHA256_protocol_session_frame_group_counter_after_rate_matching_v1"",""shortening_bits"":104,""z"":192}",[2048]
16QAM,1/2,16QAM:r1/2,d90cae910187a11793a2578cb82e0ff59830f40d3ca326179fcaf57d7a829260,660,16,0,676,720,44,3744,2940,735,0,0.22993197278911565,0.22448979591836735,"{""actual_effective_rate"":0.22993197278911565,""bg"":""bg2"",""bit_mapping"":""component_Gray_00_-3_01_-1_10_3_11_1_over_sqrt5;QPSK_0_plus1_1_minus1"",""code_blocks"":1,""decoder_config"":{""cn_schedule"":""flooding"",""cn_update"":""boxplus-phi"",""early_stop"":false,""hard_out"":true,""harq_mode"":false,""llr_max"":20.0,""num_iter"":20,""precision"":""single"",""prune_pcm"":true,""return_infobits"":true,""vn_update"":""sum""},""implementation"":{""bit_mapping"":""component_Gray_00_-3_01_-1_10_3_11_1_over_sqrt5;QPSK_0_plus1_1_minus1"",""cuda"":""12.8"",""decoder"":{""cn_schedule"":""flooding"",""cn_update"":""boxplus-phi"",""early_stop"":false,""hard_out"":true,""harq_mode"":false,""llr_max"":20.0,""num_iter"":20,""precision"":""single"",""prune_pcm"":true,""return_infobits"":true,""vn_update"":""sum""},""decoder_source_sha256"":""44d84b92b749e2970f94d92cd348a11648e2286b4d851faa0af8b21d08f0da23"",""encoder_source_sha256"":""34d8db6660b2e84708a8fb534f63c194f6f2b964e3693fcffc9dcaf21532ccfd"",""implementation"":""Sionna_5G_LDPC"",""power_protocol"":""fixed_constellation_average_Es2"",""precision"":""float32"",""rate_matching"":""Sionna RV0; filler removal, first2Z and tail puncturing; supported n only"",""scrambling"":""public_PCG64_SHA256_protocol_session_frame_group_counter_after_rate_matching_v1"",""torch"":""2.11.0+cu128"",""version"":""2.2.0""},""interleaver_sha256"":""a47ebf7240f16c48c1fe43d7f94c6e74f2d43030c27fba975bf417ece32d7e61"",""k"":676,""k_filler"":44,""k_ldpc"":720,""layout_id"":""6697aa5a089100243a9e65601620d0c8ad6e851ce078f5d5177064d2d13f6721"",""modulation_padding_bits"":0,""mother_bits"":3744,""n"":2940,""n_cb"":3600,""n_cb_comp"":3556,""power_protocol"":""fixed_constellation_average_Es2"",""puncturing_bits"":760,""puncturing_first_2Z"":144,""puncturing_remaining"":616,""repetition_bits"":0,""scrambling"":""public_PCG64_SHA256_protocol_session_frame_group_counter_after_rate_matching_v1"",""shortening_bits"":44,""z"":72}",[1024]
16QAM,3/4,16QAM:r3/4,d90f1e713f2629e1a7e00bd509ebf56bb1f71307f2ab2a5a37f1b9a879d3577b,1800,16,0,1816,1920,104,9984,4312,1078,0,0.42115027829313545,0.4174397031539889,"{""actual_effective_rate"":0.42115027829313545,""bg"":""bg2"",""bit_mapping"":""component_Gray_00_-3_01_-1_10_3_11_1_over_sqrt5;QPSK_0_plus1_1_minus1"",""code_blocks"":1,""decoder_config"":{""cn_schedule"":""flooding"",""cn_update"":""boxplus-phi"",""early_stop"":false,""hard_out"":true,""harq_mode"":false,""llr_max"":20.0,""num_iter"":20,""precision"":""single"",""prune_pcm"":true,""return_infobits"":true,""vn_update"":""sum""},""implementation"":{""bit_mapping"":""component_Gray_00_-3_01_-1_10_3_11_1_over_sqrt5;QPSK_0_plus1_1_minus1"",""cuda"":""12.8"",""decoder"":{""cn_schedule"":""flooding"",""cn_update"":""boxplus-phi"",""early_stop"":false,""hard_out"":true,""harq_mode"":false,""llr_max"":20.0,""num_iter"":20,""precision"":""single"",""prune_pcm"":true,""return_infobits"":true,""vn_update"":""sum""},""decoder_source_sha256"":""44d84b92b749e2970f94d92cd348a11648e2286b4d851faa0af8b21d08f0da23"",""encoder_source_sha256"":""34d8db6660b2e84708a8fb534f63c194f6f2b964e3693fcffc9dcaf21532ccfd"",""implementation"":""Sionna_5G_LDPC"",""power_protocol"":""fixed_constellation_average_Es2"",""precision"":""float32"",""rate_matching"":""Sionna RV0; filler removal, first2Z and tail puncturing; supported n only"",""scrambling"":""public_PCG64_SHA256_protocol_session_frame_group_counter_after_rate_matching_v1"",""torch"":""2.11.0+cu128"",""version"":""2.2.0""},""interleaver_sha256"":""c1e1e2eea94a208b257a45e5dc2519b55b2fd67bdb088deb4301d55502cb67d5"",""k"":1816,""k_filler"":104,""k_ldpc"":1920,""layout_id"":""0746e1d9c6a293b4422b0b8e6241fd7ec5ac6edddbb15896ca9c585bcd7e98eb"",""modulation_padding_bits"":0,""mother_bits"":9984,""n"":4312,""n_cb"":9600,""n_cb_comp"":9496,""power_protocol"":""fixed_constellation_average_Es2"",""puncturing_bits"":5568,""puncturing_first_2Z"":384,""puncturing_remaining"":5184,""repetition_bits"":0,""scrambling"":""public_PCG64_SHA256_protocol_session_frame_group_counter_after_rate_matching_v1"",""shortening_bits"":104,""z"":192}",[2048]
16QAM,2/3,16QAM:r2/3,d9143ee294df6a1bdc49aaef8f1a8e721608f7104674fe530d6423978e08a619,1968,16,0,1984,2080,96,10816,3972,993,0,0.499496475327291,0.4954682779456193,"{""actual_effective_rate"":0.499496475327291,""bg"":""bg2"",""bit_mapping"":""component_Gray_00_-3_01_-1_10_3_11_1_over_sqrt5;QPSK_0_plus1_1_minus1"",""code_blocks"":1,""decoder_config"":{""cn_schedule"":""flooding"",""cn_update"":""boxplus-phi"",""early_stop"":false,""hard_out"":true,""harq_mode"":false,""llr_max"":20.0,""num_iter"":20,""precision"":""single"",""prune_pcm"":true,""return_infobits"":true,""vn_update"":""sum""},""implementation"":{""bit_mapping"":""component_Gray_00_-3_01_-1_10_3_11_1_over_sqrt5;QPSK_0_plus1_1_minus1"",""cuda"":""12.8"",""decoder"":{""cn_schedule"":""flooding"",""cn_update"":""boxplus-phi"",""early_stop"":false,""hard_out"":true,""harq_mode"":false,""llr_max"":20.0,""num_iter"":20,""precision"":""single"",""prune_pcm"":true,""return_infobits"":true,""vn_update"":""sum""},""decoder_source_sha256"":""44d84b92b749e2970f94d92cd348a11648e2286b4d851faa0af8b21d08f0da23"",""encoder_source_sha256"":""34d8db6660b2e84708a8fb534f63c194f6f2b964e3693fcffc9dcaf21532ccfd"",""implementation"":""Sionna_5G_LDPC"",""power_protocol"":""fixed_constellation_average_Es2"",""precision"":""float32"",""rate_matching"":""Sionna RV0; filler removal, first2Z and tail puncturing; supported n only"",""scrambling"":""public_PCG64_SHA256_protocol_session_frame_group_counter_after_rate_matching_v1"",""torch"":""2.11.0+cu128"",""version"":""2.2.0""},""interleaver_sha256"":""bc948131131048ed7c4cbc199973f8d5c27c7c6e6e2be4092eda6f59d41862eb"",""k"":1984,""k_filler"":96,""k_ldpc"":2080,""layout_id"":""3c48a6db1892a3f06c7a3745788afb9de691f42058392555c89893250a1fdf69"",""modulation_padding_bits"":0,""mother_bits"":10816,""n"":3972,""n_cb"":10400,""n_cb_comp"":10304,""power_protocol"":""fixed_constellation_average_Es2"",""puncturing_bits"":6748,""puncturing_first_2Z"":416,""puncturing_remaining"":6332,""repetition_bits"":0,""scrambling"":""public_PCG64_SHA256_protocol_session_frame_group_counter_after_rate_matching_v1"",""shortening_bits"":96,""z"":208}",[2048]
QPSK,2/3,QPSK:r2/3,d917b9db4337e3d51eee4edddfc4a02040df8d1d2b633bd365639a32f279a7bd,660,16,0,676,720,44,3744,1562,781,0,0.4327784891165173,0.4225352112676056,"{""actual_effective_rate"":0.4327784891165173,""bg"":""bg2"",""bit_mapping"":""component_Gray_00_-3_01_-1_10_3_11_1_over_sqrt5;QPSK_0_plus1_1_minus1"",""code_blocks"":1,""decoder_config"":{""cn_schedule"":""flooding"",""cn_update"":""boxplus-phi"",""early_stop"":false,""hard_out"":true,""harq_mode"":false,""llr_max"":20.0,""num_iter"":20,""precision"":""single"",""prune_pcm"":true,""return_infobits"":true,""vn_update"":""sum""},""implementation"":{""bit_mapping"":""component_Gray_00_-3_01_-1_10_3_11_1_over_sqrt5;QPSK_0_plus1_1_minus1"",""cuda"":""12.8"",""decoder"":{""cn_schedule"":""flooding"",""cn_update"":""boxplus-phi"",""early_stop"":false,""hard_out"":true,""harq_mode"":false,""llr_max"":20.0,""num_iter"":20,""precision"":""single"",""prune_pcm"":true,""return_infobits"":true,""vn_update"":""sum""},""decoder_source_sha256"":""44d84b92b749e2970f94d92cd348a11648e2286b4d851faa0af8b21d08f0da23"",""encoder_source_sha256"":""34d8db6660b2e84708a8fb534f63c194f6f2b964e3693fcffc9dcaf21532ccfd"",""implementation"":""Sionna_5G_LDPC"",""power_protocol"":""fixed_constellation_average_Es2"",""precision"":""float32"",""rate_matching"":""Sionna RV0; filler removal, first2Z and tail puncturing; supported n only"",""scrambling"":""public_PCG64_SHA256_protocol_session_frame_group_counter_after_rate_matching_v1"",""torch"":""2.11.0+cu128"",""version"":""2.2.0""},""interleaver_sha256"":""2b131c85648107e32e27302ce1d85ca7b0f7e23f95b901df4f6c748446c44259"",""k"":676,""k_filler"":44,""k_ldpc"":720,""layout_id"":""60c66294171f595ff9609b641023e962cf61d0a365353e21c039cca9849b1e75"",""modulation_padding_bits"":0,""mother_bits"":3744,""n"":1562,""n_cb"":3600,""n_cb_comp"":3556,""power_protocol"":""fixed_constellation_average_Es2"",""puncturing_bits"":2138,""puncturing_first_2Z"":144,""puncturing_remaining"":1994,""repetition_bits"":0,""scrambling"":""public_PCG64_SHA256_protocol_session_frame_group_counter_after_rate_matching_v1"",""shortening_bits"":44,""z"":72}","[1024,2048]"
16QAM,5/6,16QAM:r5/6,d91c78fbf25752cc9d4ced6ca9c550de96ccd428dc3f955cb856e527901340bd,660,16,0,676,720,44,3744,1164,291,0,0.5807560137457045,0.5670103092783505,"{""actual_effective_rate"":0.5807560137457045,""bg"":""bg2"",""bit_mapping"":""component_Gray_00_-3_01_-1_10_3_11_1_over_sqrt5;QPSK_0_plus1_1_minus1"",""code_blocks"":1,""decoder_config"":{""cn_schedule"":""flooding"",""cn_update"":""boxplus-phi"",""early_stop"":false,""hard_out"":true,""harq_mode"":false,""llr_max"":20.0,""num_iter"":20,""precision"":""single"",""prune_pcm"":true,""return_infobits"":true,""vn_update"":""sum""},""implementation"":{""bit_mapping"":""component_Gray_00_-3_01_-1_10_3_11_1_over_sqrt5;QPSK_0_plus1_1_minus1"",""cuda"":""12.8"",""decoder"":{""cn_schedule"":""flooding"",""cn_update"":""boxplus-phi"",""early_stop"":false,""hard_out"":true,""harq_mode"":false,""llr_max"":20.0,""num_iter"":20,""precision"":""single"",""prune_pcm"":true,""return_infobits"":true,""vn_update"":""sum""},""decoder_source_sha256"":""44d84b92b749e2970f94d92cd348a11648e2286b4d851faa0af8b21d08f0da23"",""encoder_source_sha256"":""34d8db6660b2e84708a8fb534f63c194f6f2b964e3693fcffc9dcaf21532ccfd"",""implementation"":""Sionna_5G_LDPC"",""power_protocol"":""fixed_constellation_average_Es2"",""precision"":""float32"",""rate_matching"":""Sionna RV0; filler removal, first2Z and tail puncturing; supported n only"",""scrambling"":""public_PCG64_SHA256_protocol_session_frame_group_counter_after_rate_matching_v1"",""torch"":""2.11.0+cu128"",""version"":""2.2.0""},""interleaver_sha256"":""6325d641483eb64821f08dfe012d8777f60ecbd47538a13d525a4521b325031b"",""k"":676,""k_filler"":44,""k_ldpc"":720,""layout_id"":""ecf3ecd12a54d4baae7accae0693acef13136c3804b217f2657d6270322a3b4f"",""modulation_padding_bits"":0,""mother_bits"":3744,""n"":1164,""n_cb"":3600,""n_cb_comp"":3556,""power_protocol"":""fixed_constellation_average_Es2"",""puncturing_bits"":2536,""puncturing_first_2Z"":144,""puncturing_remaining"":2392,""repetition_bits"":0,""scrambling"":""public_PCG64_SHA256_protocol_session_frame_group_counter_after_rate_matching_v1"",""shortening_bits"":44,""z"":72}",[2048]
16QAM,5/6,16QAM:r5/6,d929c80dd01d82b10008d3402f2acc69f96faa5ba07ca91b3151565dcbcb4c68,768,16,0,784,800,16,4160,2864,716,0,0.2737430167597765,0.2681564245810056,"{""actual_effective_rate"":0.2737430167597765,""bg"":""bg2"",""bit_mapping"":""component_Gray_00_-3_01_-1_10_3_11_1_over_sqrt5;QPSK_0_plus1_1_minus1"",""code_blocks"":1,""decoder_config"":{""cn_schedule"":""flooding"",""cn_update"":""boxplus-phi"",""early_stop"":false,""hard_out"":true,""harq_mode"":false,""llr_max"":20.0,""num_iter"":20,""precision"":""single"",""prune_pcm"":true,""return_infobits"":true,""vn_update"":""sum""},""implementation"":{""bit_mapping"":""component_Gray_00_-3_01_-1_10_3_11_1_over_sqrt5;QPSK_0_plus1_1_minus1"",""cuda"":""12.8"",""decoder"":{""cn_schedule"":""flooding"",""cn_update"":""boxplus-phi"",""early_stop"":false,""hard_out"":true,""harq_mode"":false,""llr_max"":20.0,""num_iter"":20,""precision"":""single"",""prune_pcm"":true,""return_infobits"":true,""vn_update"":""sum""},""decoder_source_sha256"":""44d84b92b749e2970f94d92cd348a11648e2286b4d851faa0af8b21d08f0da23"",""encoder_source_sha256"":""34d8db6660b2e84708a8fb534f63c194f6f2b964e3693fcffc9dcaf21532ccfd"",""implementation"":""Sionna_5G_LDPC"",""power_protocol"":""fixed_constellation_average_Es2"",""precision"":""float32"",""rate_matching"":""Sionna RV0; filler removal, first2Z and tail puncturing; supported n only"",""scrambling"":""public_PCG64_SHA256_protocol_session_frame_group_counter_after_rate_matching_v1"",""torch"":""2.11.0+cu128"",""version"":""2.2.0""},""interleaver_sha256"":""76a31bad5b7846506e378a3a4481b0070dd65e946de6568567d96d7eae456db9"",""k"":784,""k_filler"":16,""k_ldpc"":800,""layout_id"":""3197d26ee68ec88bef7d97bd4b58c300d85d0e35c0938776a34e50a78d741e7a"",""modulation_padding_bits"":0,""mother_bits"":4160,""n"":2864,""n_cb"":4000,""n_cb_comp"":3984,""power_protocol"":""fixed_constellation_average_Es2"",""puncturing_bits"":1280,""puncturing_first_2Z"":160,""puncturing_remaining"":1120,""repetition_bits"":0,""scrambling"":""public_PCG64_SHA256_protocol_session_frame_group_counter_after_rate_matching_v1"",""shortening_bits"":16,""z"":80}",[2048]
QPSK,1/3,QPSK:r1/3,d92bd55301e512f70183b10377f72a9affe1ea1ef6f45802abcd1988886ca83e,660,16,0,676,720,44,3744,2538,1269,0,0.26635145784081954,0.26004728132387706,"{""actual_effective_rate"":0.26635145784081954,""bg"":""bg2"",""bit_mapping"":""component_Gray_00_-3_01_-1_10_3_11_1_over_sqrt5;QPSK_0_plus1_1_minus1"",""code_blocks"":1,""decoder_config"":{""cn_schedule"":""flooding"",""cn_update"":""boxplus-phi"",""early_stop"":false,""hard_out"":true,""harq_mode"":false,""llr_max"":20.0,""num_iter"":20,""precision"":""single"",""prune_pcm"":true,""return_infobits"":true,""vn_update"":""sum""},""implementation"":{""bit_mapping"":""component_Gray_00_-3_01_-1_10_3_11_1_over_sqrt5;QPSK_0_plus1_1_minus1"",""cuda"":""12.8"",""decoder"":{""cn_schedule"":""flooding"",""cn_update"":""boxplus-phi"",""early_stop"":false,""hard_out"":true,""harq_mode"":false,""llr_max"":20.0,""num_iter"":20,""precision"":""single"",""prune_pcm"":true,""return_infobits"":true,""vn_update"":""sum""},""decoder_source_sha256"":""44d84b92b749e2970f94d92cd348a11648e2286b4d851faa0af8b21d08f0da23"",""encoder_source_sha256"":""34d8db6660b2e84708a8fb534f63c194f6f2b964e3693fcffc9dcaf21532ccfd"",""implementation"":""Sionna_5G_LDPC"",""power_protocol"":""fixed_constellation_average_Es2"",""precision"":""float32"",""rate_matching"":""Sionna RV0; filler removal, first2Z and tail puncturing; supported n only"",""scrambling"":""public_PCG64_SHA256_protocol_session_frame_group_counter_after_rate_matching_v1"",""torch"":""2.11.0+cu128"",""version"":""2.2.0""},""interleaver_sha256"":""0abc2aa6b46471a0aca117fea8f834a764a36afa92fe8852a508acbe1be8ee1a"",""k"":676,""k_filler"":44,""k_ldpc"":720,""layout_id"":""18a71c56268035c85847e37cbf86113e89ecec18bf9efaecb3e9b8008dfa5dc5"",""modulation_padding_bits"":0,""mother_bits"":3744,""n"":2538,""n_cb"":3600,""n_cb_comp"":3556,""power_protocol"":""fixed_constellation_average_Es2"",""puncturing_bits"":1162,""puncturing_first_2Z"":144,""puncturing_remaining"":1018,""repetition_bits"":0,""scrambling"":""public_PCG64_SHA256_protocol_session_frame_group_counter_after_rate_matching_v1"",""shortening_bits"":44,""z"":72}",[2048]
QPSK,2/3,QPSK:r2/3,d93af277077bf314352945c8d67c7d510ef6f96cb1cf5b5b3cb889e27ef1e539,360,16,0,376,480,104,2496,1372,686,0,0.27405247813411077,0.26239067055393583,"{""actual_effective_rate"":0.27405247813411077,""bg"":""bg2"",""bit_mapping"":""component_Gray_00_-3_01_-1_10_3_11_1_over_sqrt5;QPSK_0_plus1_1_minus1"",""code_blocks"":1,""decoder_config"":{""cn_schedule"":""flooding"",""cn_update"":""boxplus-phi"",""early_stop"":false,""hard_out"":true,""harq_mode"":false,""llr_max"":20.0,""num_iter"":20,""precision"":""single"",""prune_pcm"":true,""return_infobits"":true,""vn_update"":""sum""},""implementation"":{""bit_mapping"":""component_Gray_00_-3_01_-1_10_3_11_1_over_sqrt5;QPSK_0_plus1_1_minus1"",""cuda"":""12.8"",""decoder"":{""cn_schedule"":""flooding"",""cn_update"":""boxplus-phi"",""early_stop"":false,""hard_out"":true,""harq_mode"":false,""llr_max"":20.0,""num_iter"":20,""precision"":""single"",""prune_pcm"":true,""return_infobits"":true,""vn_update"":""sum""},""decoder_source_sha256"":""44d84b92b749e2970f94d92cd348a11648e2286b4d851faa0af8b21d08f0da23"",""encoder_source_sha256"":""34d8db6660b2e84708a8fb534f63c194f6f2b964e3693fcffc9dcaf21532ccfd"",""implementation"":""Sionna_5G_LDPC"",""power_protocol"":""fixed_constellation_average_Es2"",""precision"":""float32"",""rate_matching"":""Sionna RV0; filler removal, first2Z and tail puncturing; supported n only"",""scrambling"":""public_PCG64_SHA256_protocol_session_frame_group_counter_after_rate_matching_v1"",""torch"":""2.11.0+cu128"",""version"":""2.2.0""},""interleaver_sha256"":""3faaa27bd6a1180177eaa024b1ec638d95cc6c46e8ff5daa34a88c7fd2217c6c"",""k"":376,""k_filler"":104,""k_ldpc"":480,""layout_id"":""3e5f85715020a57585c70eb6d61b20d069293c7473c4dd0e4520b60305502144"",""modulation_padding_bits"":0,""mother_bits"":2496,""n"":1372,""n_cb"":2400,""n_cb_comp"":2296,""power_protocol"":""fixed_constellation_average_Es2"",""puncturing_bits"":1020,""puncturing_first_2Z"":96,""puncturing_remaining"":924,""repetition_bits"":0,""scrambling"":""public_PCG64_SHA256_protocol_session_frame_group_counter_after_rate_matching_v1"",""shortening_bits"":104,""z"":48}",[2048]
16QAM,3/4,16QAM:r3/4,d93ee08ccfea8b09f421acb1645d4652286dfe96cca954e42b6d3f5266a023e9,1092,16,0,1108,1120,12,5824,2692,673,0,0.4115898959881129,0.40564635958395245,"{""actual_effective_rate"":0.4115898959881129,""bg"":""bg2"",""bit_mapping"":""component_Gray_00_-3_01_-1_10_3_11_1_over_sqrt5;QPSK_0_plus1_1_minus1"",""code_blocks"":1,""decoder_config"":{""cn_schedule"":""flooding"",""cn_update"":""boxplus-phi"",""early_stop"":false,""hard_out"":true,""harq_mode"":false,""llr_max"":20.0,""num_iter"":20,""precision"":""single"",""prune_pcm"":true,""return_infobits"":true,""vn_update"":""sum""},""implementation"":{""bit_mapping"":""component_Gray_00_-3_01_-1_10_3_11_1_over_sqrt5;QPSK_0_plus1_1_minus1"",""cuda"":""12.8"",""decoder"":{""cn_schedule"":""flooding"",""cn_update"":""boxplus-phi"",""early_stop"":false,""hard_out"":true,""harq_mode"":false,""llr_max"":20.0,""num_iter"":20,""precision"":""single"",""prune_pcm"":true,""return_infobits"":true,""vn_update"":""sum""},""decoder_source_sha256"":""44d84b92b749e2970f94d92cd348a11648e2286b4d851faa0af8b21d08f0da23"",""encoder_source_sha256"":""34d8db6660b2e84708a8fb534f63c194f6f2b964e3693fcffc9dcaf21532ccfd"",""implementation"":""Sionna_5G_LDPC"",""power_protocol"":""fixed_constellation_average_Es2"",""precision"":""float32"",""rate_matching"":""Sionna RV0; filler removal, first2Z and tail puncturing; supported n only"",""scrambling"":""public_PCG64_SHA256_protocol_session_frame_group_counter_after_rate_matching_v1"",""torch"":""2.11.0+cu128"",""version"":""2.2.0""},""interleaver_sha256"":""8e01a429922ce4b6790073ab05cff362e43e36c6aaa94952b4fa1303587a707b"",""k"":1108,""k_filler"":12,""k_ldpc"":1120,""layout_id"":""b0b5d398c4dd530014b0fadeade4f07197c87fda22572b9f1f86315acf15345b"",""modulation_padding_bits"":0,""mother_bits"":5824,""n"":2692,""n_cb"":5600,""n_cb_comp"":5588,""power_protocol"":""fixed_constellation_average_Es2"",""puncturing_bits"":3120,""puncturing_first_2Z"":224,""puncturing_remaining"":2896,""repetition_bits"":0,""scrambling"":""public_PCG64_SHA256_protocol_session_frame_group_counter_after_rate_matching_v1"",""shortening_bits"":12,""z"":112}",[1024]
16QAM,5/6,16QAM:r5/6,d947e14c7dde87aa03a23fb41945bdf4427827ee7f050bd791b79ea11425b67b,360,16,0,376,480,104,2496,1660,415,0,0.22650602409638554,0.21686746987951808,"{""actual_effective_rate"":0.22650602409638554,""bg"":""bg2"",""bit_mapping"":""component_Gray_00_-3_01_-1_10_3_11_1_over_sqrt5;QPSK_0_plus1_1_minus1"",""code_blocks"":1,""decoder_config"":{""cn_schedule"":""flooding"",""cn_update"":""boxplus-phi"",""early_stop"":false,""hard_out"":true,""harq_mode"":false,""llr_max"":20.0,""num_iter"":20,""precision"":""single"",""prune_pcm"":true,""return_infobits"":true,""vn_update"":""sum""},""implementation"":{""bit_mapping"":""component_Gray_00_-3_01_-1_10_3_11_1_over_sqrt5;QPSK_0_plus1_1_minus1"",""cuda"":""12.8"",""decoder"":{""cn_schedule"":""flooding"",""cn_update"":""boxplus-phi"",""early_stop"":false,""hard_out"":true,""harq_mode"":false,""llr_max"":20.0,""num_iter"":20,""precision"":""single"",""prune_pcm"":true,""return_infobits"":true,""vn_update"":""sum""},""decoder_source_sha256"":""44d84b92b749e2970f94d92cd348a11648e2286b4d851faa0af8b21d08f0da23"",""encoder_source_sha256"":""34d8db6660b2e84708a8fb534f63c194f6f2b964e3693fcffc9dcaf21532ccfd"",""implementation"":""Sionna_5G_LDPC"",""power_protocol"":""fixed_constellation_average_Es2"",""precision"":""float32"",""rate_matching"":""Sionna RV0; filler removal, first2Z and tail puncturing; supported n only"",""scrambling"":""public_PCG64_SHA256_protocol_session_frame_group_counter_after_rate_matching_v1"",""torch"":""2.11.0+cu128"",""version"":""2.2.0""},""interleaver_sha256"":""8ad2c862ce71cc92c06d42e2c26ff1df2b3d0f5597b41fdc24a14e95fec8e2dc"",""k"":376,""k_filler"":104,""k_ldpc"":480,""layout_id"":""a6a7f5f20afccfb43fdb59eb97f58a97353801f79c5d102bc244dcf1ed5c21de"",""modulation_padding_bits"":0,""mother_bits"":2496,""n"":1660,""n_cb"":2400,""n_cb_comp"":2296,""power_protocol"":""fixed_constellation_average_Es2"",""puncturing_bits"":732,""puncturing_first_2Z"":96,""puncturing_remaining"":636,""repetition_bits"":0,""scrambling"":""public_PCG64_SHA256_protocol_session_frame_group_counter_after_rate_matching_v1"",""shortening_bits"":104,""z"":48}",[2048]
16QAM,1/2,16QAM:r1/2,d94f6485cc92baaad3340a05d995b41459af86be61ac41584f547949686a4186,1308,16,0,1324,1440,116,7488,5740,1435,0,0.23066202090592333,0.22787456445993032,"{""actual_effective_rate"":0.23066202090592333,""bg"":""bg2"",""bit_mapping"":""component_Gray_00_-3_01_-1_10_3_11_1_over_sqrt5;QPSK_0_plus1_1_minus1"",""code_blocks"":1,""decoder_config"":{""cn_schedule"":""flooding"",""cn_update"":""boxplus-phi"",""early_stop"":false,""hard_out"":true,""harq_mode"":false,""llr_max"":20.0,""num_iter"":20,""precision"":""single"",""prune_pcm"":true,""return_infobits"":true,""vn_update"":""sum""},""implementation"":{""bit_mapping"":""component_Gray_00_-3_01_-1_10_3_11_1_over_sqrt5;QPSK_0_plus1_1_minus1"",""cuda"":""12.8"",""decoder"":{""cn_schedule"":""flooding"",""cn_update"":""boxplus-phi"",""early_stop"":false,""hard_out"":true,""harq_mode"":false,""llr_max"":20.0,""num_iter"":20,""precision"":""single"",""prune_pcm"":true,""return_infobits"":true,""vn_update"":""sum""},""decoder_source_sha256"":""44d84b92b749e2970f94d92cd348a11648e2286b4d851faa0af8b21d08f0da23"",""encoder_source_sha256"":""34d8db6660b2e84708a8fb534f63c194f6f2b964e3693fcffc9dcaf21532ccfd"",""implementation"":""Sionna_5G_LDPC"",""power_protocol"":""fixed_constellation_average_Es2"",""precision"":""float32"",""rate_matching"":""Sionna RV0; filler removal, first2Z and tail puncturing; supported n only"",""scrambling"":""public_PCG64_SHA256_protocol_session_frame_group_counter_after_rate_matching_v1"",""torch"":""2.11.0+cu128"",""version"":""2.2.0""},""interleaver_sha256"":""a6b48a063dc09ab517b84cd2249b99ab4494316ff9f29020733d4bccaf28278c"",""k"":1324,""k_filler"":116,""k_ldpc"":1440,""layout_id"":""7729625c9fd17ca61bb97ae9512ea3bf9b899d3a02b083fb6158b13952a6a574"",""modulation_padding_bits"":0,""mother_bits"":7488,""n"":5740,""n_cb"":7200,""n_cb_comp"":7084,""power_protocol"":""fixed_constellation_average_Es2"",""puncturing_bits"":1632,""puncturing_first_2Z"":288,""puncturing_remaining"":1344,""repetition_bits"":0,""scrambling"":""public_PCG64_SHA256_protocol_session_frame_group_counter_after_rate_matching_v1"",""shortening_bits"":116,""z"":144}",[2048]
16QAM,2/3,16QAM:r2/3,d9af12e4a63a25738c1a264d0f566f83400a8e8899f8a60db7ed618eb767f041,1860,16,0,1876,1920,44,9984,4252,1063,0,0.4412041392285983,0.4374412041392286,"{""actual_effective_rate"":0.4412041392285983,""bg"":""bg2"",""bit_mapping"":""component_Gray_00_-3_01_-1_10_3_11_1_over_sqrt5;QPSK_0_plus1_1_minus1"",""code_blocks"":1,""decoder_config"":{""cn_schedule"":""flooding"",""cn_update"":""boxplus-phi"",""early_stop"":false,""hard_out"":true,""harq_mode"":false,""llr_max"":20.0,""num_iter"":20,""precision"":""single"",""prune_pcm"":true,""return_infobits"":true,""vn_update"":""sum""},""implementation"":{""bit_mapping"":""component_Gray_00_-3_01_-1_10_3_11_1_over_sqrt5;QPSK_0_plus1_1_minus1"",""cuda"":""12.8"",""decoder"":{""cn_schedule"":""flooding"",""cn_update"":""boxplus-phi"",""early_stop"":false,""hard_out"":true,""harq_mode"":false,""llr_max"":20.0,""num_iter"":20,""precision"":""single"",""prune_pcm"":true,""return_infobits"":true,""vn_update"":""sum""},""decoder_source_sha256"":""44d84b92b749e2970f94d92cd348a11648e2286b4d851faa0af8b21d08f0da23"",""encoder_source_sha256"":""34d8db6660b2e84708a8fb534f63c194f6f2b964e3693fcffc9dcaf21532ccfd"",""implementation"":""Sionna_5G_LDPC"",""power_protocol"":""fixed_constellation_average_Es2"",""precision"":""float32"",""rate_matching"":""Sionna RV0; filler removal, first2Z and tail puncturing; supported n only"",""scrambling"":""public_PCG64_SHA256_protocol_session_frame_group_counter_after_rate_matching_v1"",""torch"":""2.11.0+cu128"",""version"":""2.2.0""},""interleaver_sha256"":""5e1dd9e2e0cb22a2e6f7517140fd0523199ba7974e094e173b9126c465515c85"",""k"":1876,""k_filler"":44,""k_ldpc"":1920,""layout_id"":""ba9f3c322a9ff4d4dc25f666150716f9a935f13314853e142708b0e71b53839a"",""modulation_padding_bits"":0,""mother_bits"":9984,""n"":4252,""n_cb"":9600,""n_cb_comp"":9556,""power_protocol"":""fixed_constellation_average_Es2"",""puncturing_bits"":5688,""puncturing_first_2Z"":384,""puncturing_remaining"":5304,""repetition_bits"":0,""scrambling"":""public_PCG64_SHA256_protocol_session_frame_group_counter_after_rate_matching_v1"",""shortening_bits"":44,""z"":192}",[2048]
16QAM,5/6,16QAM:r5/6,d9b18577f95bdb1e93c2dd84ec19d5c056a6e5f9ae60c4b9818e2e2ef9d6a6c7,5496,16,0,5512,5632,120,17408,7412,1853,0,0.7436589314624933,0.7415002698327037,"{""actual_effective_rate"":0.7436589314624933,""bg"":""bg1"",""bit_mapping"":""component_Gray_00_-3_01_-1_10_3_11_1_over_sqrt5;QPSK_0_plus1_1_minus1"",""code_blocks"":1,""decoder_config"":{""cn_schedule"":""flooding"",""cn_update"":""boxplus-phi"",""early_stop"":false,""hard_out"":true,""harq_mode"":false,""llr_max"":20.0,""num_iter"":20,""precision"":""single"",""prune_pcm"":true,""return_infobits"":true,""vn_update"":""sum""},""implementation"":{""bit_mapping"":""component_Gray_00_-3_01_-1_10_3_11_1_over_sqrt5;QPSK_0_plus1_1_minus1"",""cuda"":""12.8"",""decoder"":{""cn_schedule"":""flooding"",""cn_update"":""boxplus-phi"",""early_stop"":false,""hard_out"":true,""harq_mode"":false,""llr_max"":20.0,""num_iter"":20,""precision"":""single"",""prune_pcm"":true,""return_infobits"":true,""vn_update"":""sum""},""decoder_source_sha256"":""44d84b92b749e2970f94d92cd348a11648e2286b4d851faa0af8b21d08f0da23"",""encoder_source_sha256"":""34d8db6660b2e84708a8fb534f63c194f6f2b964e3693fcffc9dcaf21532ccfd"",""implementation"":""Sionna_5G_LDPC"",""power_protocol"":""fixed_constellation_average_Es2"",""precision"":""float32"",""rate_matching"":""Sionna RV0; filler removal, first2Z and tail puncturing; supported n only"",""scrambling"":""public_PCG64_SHA256_protocol_session_frame_group_counter_after_rate_matching_v1"",""torch"":""2.11.0+cu128"",""version"":""2.2.0""},""interleaver_sha256"":""42c9b6ecb4dd97f129f358e6230e8afd8d35b288cce34c9dac139e1bb17b7685"",""k"":5512,""k_filler"":120,""k_ldpc"":5632,""layout_id"":""5c40904fee6a63a21e81caed5a129ce209220231b715fa9f37595bb0c483d597"",""modulation_padding_bits"":0,""mother_bits"":17408,""n"":7412,""n_cb"":16896,""n_cb_comp"":16776,""power_protocol"":""fixed_constellation_average_Es2"",""puncturing_bits"":9876,""puncturing_first_2Z"":512,""puncturing_remaining"":9364,""repetition_bits"":0,""scrambling"":""public_PCG64_SHA256_protocol_session_frame_group_counter_after_rate_matching_v1"",""shortening_bits"":120,""z"":256}",[2048]
QPSK,1/2,QPSK:r1/2,d9cc4a992c722794206673a390808cc5c51d93097a201c3ea785aefdd68bd6a9,324,16,0,340,440,100,2288,1588,794,0,0.2141057934508816,0.2040302267002519,"{""actual_effective_rate"":0.2141057934508816,""bg"":""bg2"",""bit_mapping"":""component_Gray_00_-3_01_-1_10_3_11_1_over_sqrt5;QPSK_0_plus1_1_minus1"",""code_blocks"":1,""decoder_config"":{""cn_schedule"":""flooding"",""cn_update"":""boxplus-phi"",""early_stop"":false,""hard_out"":true,""harq_mode"":false,""llr_max"":20.0,""num_iter"":20,""precision"":""single"",""prune_pcm"":true,""return_infobits"":true,""vn_update"":""sum""},""implementation"":{""bit_mapping"":""component_Gray_00_-3_01_-1_10_3_11_1_over_sqrt5;QPSK_0_plus1_1_minus1"",""cuda"":""12.8"",""decoder"":{""cn_schedule"":""flooding"",""cn_update"":""boxplus-phi"",""early_stop"":false,""hard_out"":true,""harq_mode"":false,""llr_max"":20.0,""num_iter"":20,""precision"":""single"",""prune_pcm"":true,""return_infobits"":true,""vn_update"":""sum""},""decoder_source_sha256"":""44d84b92b749e2970f94d92cd348a11648e2286b4d851faa0af8b21d08f0da23"",""encoder_source_sha256"":""34d8db6660b2e84708a8fb534f63c194f6f2b964e3693fcffc9dcaf21532ccfd"",""implementation"":""Sionna_5G_LDPC"",""power_protocol"":""fixed_constellation_average_Es2"",""precision"":""float32"",""rate_matching"":""Sionna RV0; filler removal, first2Z and tail puncturing; supported n only"",""scrambling"":""public_PCG64_SHA256_protocol_session_frame_group_counter_after_rate_matching_v1"",""torch"":""2.11.0+cu128"",""version"":""2.2.0""},""interleaver_sha256"":""db76a8f027cbeffc447074e4a9a10e6ff914e2f7cec9243185fd1b12fa251394"",""k"":340,""k_filler"":100,""k_ldpc"":440,""layout_id"":""1d9659642b8ef1d75f55ea14473e9487f00e3d3c7b31f53cd68a7f6dcd35913f"",""modulation_padding_bits"":0,""mother_bits"":2288,""n"":1588,""n_cb"":2200,""n_cb_comp"":2100,""power_protocol"":""fixed_constellation_average_Es2"",""puncturing_bits"":600,""puncturing_first_2Z"":88,""puncturing_remaining"":512,""repetition_bits"":0,""scrambling"":""public_PCG64_SHA256_protocol_session_frame_group_counter_after_rate_matching_v1"",""shortening_bits"":100,""z"":44}",[2048]
16QAM,3/4,16QAM:r3/4,d9d029ea705d64df9e44e313e4fe8355c174458e8d06241c54623a255897e744,1860,16,0,1876,1920,44,9984,3272,818,0,0.5733496332518337,0.5684596577017115,"{""actual_effective_rate"":0.5733496332518337,""bg"":""bg2"",""bit_mapping"":""component_Gray_00_-3_01_-1_10_3_11_1_over_sqrt5;QPSK_0_plus1_1_minus1"",""code_blocks"":1,""decoder_config"":{""cn_schedule"":""flooding"",""cn_update"":""boxplus-phi"",""early_stop"":false,""hard_out"":true,""harq_mode"":false,""llr_max"":20.0,""num_iter"":20,""precision"":""single"",""prune_pcm"":true,""return_infobits"":true,""vn_update"":""sum""},""implementation"":{""bit_mapping"":""component_Gray_00_-3_01_-1_10_3_11_1_over_sqrt5;QPSK_0_plus1_1_minus1"",""cuda"":""12.8"",""decoder"":{""cn_schedule"":""flooding"",""cn_update"":""boxplus-phi"",""early_stop"":false,""hard_out"":true,""harq_mode"":false,""llr_max"":20.0,""num_iter"":20,""precision"":""single"",""prune_pcm"":true,""return_infobits"":true,""vn_update"":""sum""},""decoder_source_sha256"":""44d84b92b749e2970f94d92cd348a11648e2286b4d851faa0af8b21d08f0da23"",""encoder_source_sha256"":""34d8db6660b2e84708a8fb534f63c194f6f2b964e3693fcffc9dcaf21532ccfd"",""implementation"":""Sionna_5G_LDPC"",""power_protocol"":""fixed_constellation_average_Es2"",""precision"":""float32"",""rate_matching"":""Sionna RV0; filler removal, first2Z and tail puncturing; supported n only"",""scrambling"":""public_PCG64_SHA256_protocol_session_frame_group_counter_after_rate_matching_v1"",""torch"":""2.11.0+cu128"",""version"":""2.2.0""},""interleaver_sha256"":""fbbcdb93f56bb384b91e376494924d1f3ca4d91f02c9313503adfa538b4c4a6e"",""k"":1876,""k_filler"":44,""k_ldpc"":1920,""layout_id"":""080475639731510463f1457270719e2fb10814e12f5c8cc6521aea3f747b7bcc"",""modulation_padding_bits"":0,""mother_bits"":9984,""n"":3272,""n_cb"":9600,""n_cb_comp"":9556,""power_protocol"":""fixed_constellation_average_Es2"",""puncturing_bits"":6668,""puncturing_first_2Z"":384,""puncturing_remaining"":6284,""repetition_bits"":0,""scrambling"":""public_PCG64_SHA256_protocol_session_frame_group_counter_after_rate_matching_v1"",""shortening_bits"":44,""z"":192}",[1024]
16QAM,5/6,16QAM:r5/6,d9f3507032096b843c13c0f5a2b08d1588000d5f166aef48a64c8d8c252eb073,4728,16,0,4744,4928,184,15232,6996,1749,0,0.6781017724413951,0.6758147512864494,"{""actual_effective_rate"":0.6781017724413951,""bg"":""bg1"",""bit_mapping"":""component_Gray_00_-3_01_-1_10_3_11_1_over_sqrt5;QPSK_0_plus1_1_minus1"",""code_blocks"":1,""decoder_config"":{""cn_schedule"":""flooding"",""cn_update"":""boxplus-phi"",""early_stop"":false,""hard_out"":true,""harq_mode"":false,""llr_max"":20.0,""num_iter"":20,""precision"":""single"",""prune_pcm"":true,""return_infobits"":true,""vn_update"":""sum""},""implementation"":{""bit_mapping"":""component_Gray_00_-3_01_-1_10_3_11_1_over_sqrt5;QPSK_0_plus1_1_minus1"",""cuda"":""12.8"",""decoder"":{""cn_schedule"":""flooding"",""cn_update"":""boxplus-phi"",""early_stop"":false,""hard_out"":true,""harq_mode"":false,""llr_max"":20.0,""num_iter"":20,""precision"":""single"",""prune_pcm"":true,""return_infobits"":true,""vn_update"":""sum""},""decoder_source_sha256"":""44d84b92b749e2970f94d92cd348a11648e2286b4d851faa0af8b21d08f0da23"",""encoder_source_sha256"":""34d8db6660b2e84708a8fb534f63c194f6f2b964e3693fcffc9dcaf21532ccfd"",""implementation"":""Sionna_5G_LDPC"",""power_protocol"":""fixed_constellation_average_Es2"",""precision"":""float32"",""rate_matching"":""Sionna RV0; filler removal, first2Z and tail puncturing; supported n only"",""scrambling"":""public_PCG64_SHA256_protocol_session_frame_group_counter_after_rate_matching_v1"",""torch"":""2.11.0+cu128"",""version"":""2.2.0""},""interleaver_sha256"":""36b92e6528b0b3b733940896a14565e420b77371b8406c265cc1384afb8981d1"",""k"":4744,""k_filler"":184,""k_ldpc"":4928,""layout_id"":""87e8c4e4ed189436acf8c453e5ada38b0a7b4fd0b19e23818796e0f977626b5a"",""modulation_padding_bits"":0,""mother_bits"":15232,""n"":6996,""n_cb"":14784,""n_cb_comp"":14600,""power_protocol"":""fixed_constellation_average_Es2"",""puncturing_bits"":8052,""puncturing_first_2Z"":448,""puncturing_remaining"":7604,""repetition_bits"":0,""scrambling"":""public_PCG64_SHA256_protocol_session_frame_group_counter_after_rate_matching_v1"",""shortening_bits"":184,""z"":224}",[2048]
QPSK,3/4,QPSK:r3/4,d9f76cfcec1b6cb96cc5d4972e1d60f8e5ef626305f8cc46eae2a115606920eb,216,16,0,232,300,68,1560,724,362,0,0.32044198895027626,0.2983425414364641,"{""actual_effective_rate"":0.32044198895027626,""bg"":""bg2"",""bit_mapping"":""component_Gray_00_-3_01_-1_10_3_11_1_over_sqrt5;QPSK_0_plus1_1_minus1"",""code_blocks"":1,""decoder_config"":{""cn_schedule"":""flooding"",""cn_update"":""boxplus-phi"",""early_stop"":false,""hard_out"":true,""harq_mode"":false,""llr_max"":20.0,""num_iter"":20,""precision"":""single"",""prune_pcm"":true,""return_infobits"":true,""vn_update"":""sum""},""implementation"":{""bit_mapping"":""component_Gray_00_-3_01_-1_10_3_11_1_over_sqrt5;QPSK_0_plus1_1_minus1"",""cuda"":""12.8"",""decoder"":{""cn_schedule"":""flooding"",""cn_update"":""boxplus-phi"",""early_stop"":false,""hard_out"":true,""harq_mode"":false,""llr_max"":20.0,""num_iter"":20,""precision"":""single"",""prune_pcm"":true,""return_infobits"":true,""vn_update"":""sum""},""decoder_source_sha256"":""44d84b92b749e2970f94d92cd348a11648e2286b4d851faa0af8b21d08f0da23"",""encoder_source_sha256"":""34d8db6660b2e84708a8fb534f63c194f6f2b964e3693fcffc9dcaf21532ccfd"",""implementation"":""Sionna_5G_LDPC"",""power_protocol"":""fixed_constellation_average_Es2"",""precision"":""float32"",""rate_matching"":""Sionna RV0; filler removal, first2Z and tail puncturing; supported n only"",""scrambling"":""public_PCG64_SHA256_protocol_session_frame_group_counter_after_rate_matching_v1"",""torch"":""2.11.0+cu128"",""version"":""2.2.0""},""interleaver_sha256"":""6952f3565f2e7aaa63dfc8d08805fff820b3c9c964cf98419b3e4f96d7b24247"",""k"":232,""k_filler"":68,""k_ldpc"":300,""layout_id"":""1ede0aa7774c74a3bccbf142aa36a74fa666c2d874d65e04fdc8eec987082590"",""modulation_padding_bits"":0,""mother_bits"":1560,""n"":724,""n_cb"":1500,""n_cb_comp"":1432,""power_protocol"":""fixed_constellation_average_Es2"",""puncturing_bits"":768,""puncturing_first_2Z"":60,""puncturing_remaining"":708,""repetition_bits"":0,""scrambling"":""public_PCG64_SHA256_protocol_session_frame_group_counter_after_rate_matching_v1"",""shortening_bits"":68,""z"":30}",[1024]
16QAM,2/3,16QAM:r2/3,da03760665bb3837bf129f78c67ec7afb5ac4c68c92fc1c8270696b763c02318,4368,16,0,4384,4576,192,14144,6576,1644,0,0.6666666666666666,0.6642335766423357,"{""actual_effective_rate"":0.6666666666666666,""bg"":""bg1"",""bit_mapping"":""component_Gray_00_-3_01_-1_10_3_11_1_over_sqrt5;QPSK_0_plus1_1_minus1"",""code_blocks"":1,""decoder_config"":{""cn_schedule"":""flooding"",""cn_update"":""boxplus-phi"",""early_stop"":false,""hard_out"":true,""harq_mode"":false,""llr_max"":20.0,""num_iter"":20,""precision"":""single"",""prune_pcm"":true,""return_infobits"":true,""vn_update"":""sum""},""implementation"":{""bit_mapping"":""component_Gray_00_-3_01_-1_10_3_11_1_over_sqrt5;QPSK_0_plus1_1_minus1"",""cuda"":""12.8"",""decoder"":{""cn_schedule"":""flooding"",""cn_update"":""boxplus-phi"",""early_stop"":false,""hard_out"":true,""harq_mode"":false,""llr_max"":20.0,""num_iter"":20,""precision"":""single"",""prune_pcm"":true,""return_infobits"":true,""vn_update"":""sum""},""decoder_source_sha256"":""44d84b92b749e2970f94d92cd348a11648e2286b4d851faa0af8b21d08f0da23"",""encoder_source_sha256"":""34d8db6660b2e84708a8fb534f63c194f6f2b964e3693fcffc9dcaf21532ccfd"",""implementation"":""Sionna_5G_LDPC"",""power_protocol"":""fixed_constellation_average_Es2"",""precision"":""float32"",""rate_matching"":""Sionna RV0; filler removal, first2Z and tail puncturing; supported n only"",""scrambling"":""public_PCG64_SHA256_protocol_session_frame_group_counter_after_rate_matching_v1"",""torch"":""2.11.0+cu128"",""version"":""2.2.0""},""interleaver_sha256"":""735faa16d8925e47b0cd5f94cfba97362ee9d48cf7421732e098cebf2350d852"",""k"":4384,""k_filler"":192,""k_ldpc"":4576,""layout_id"":""da8e95b874897929022a6708a5d9329916a1dd3fed7c54b3f58501f4c40d4c76"",""modulation_padding_bits"":0,""mother_bits"":14144,""n"":6576,""n_cb"":13728,""n_cb_comp"":13536,""power_protocol"":""fixed_constellation_average_Es2"",""puncturing_bits"":7376,""puncturing_first_2Z"":416,""puncturing_remaining"":6960,""repetition_bits"":0,""scrambling"":""public_PCG64_SHA256_protocol_session_frame_group_counter_after_rate_matching_v1"",""shortening_bits"":192,""z"":208}",[2048]
16QAM,3/4,16QAM:r3/4,da039f99e785f8ba74f67cea8f20af51213db7b3cf0d51d6fde9e72d5d7c1aeb,1800,16,0,1816,1936,120,5984,2608,652,0,0.696319018404908,0.6901840490797546,"{""actual_effective_rate"":0.696319018404908,""bg"":""bg1"",""bit_mapping"":""component_Gray_00_-3_01_-1_10_3_11_1_over_sqrt5;QPSK_0_plus1_1_minus1"",""code_blocks"":1,""decoder_config"":{""cn_schedule"":""flooding"",""cn_update"":""boxplus-phi"",""early_stop"":false,""hard_out"":true,""harq_mode"":false,""llr_max"":20.0,""num_iter"":20,""precision"":""single"",""prune_pcm"":true,""return_infobits"":true,""vn_update"":""sum""},""implementation"":{""bit_mapping"":""component_Gray_00_-3_01_-1_10_3_11_1_over_sqrt5;QPSK_0_plus1_1_minus1"",""cuda"":""12.8"",""decoder"":{""cn_schedule"":""flooding"",""cn_update"":""boxplus-phi"",""early_stop"":false,""hard_out"":true,""harq_mode"":false,""llr_max"":20.0,""num_iter"":20,""precision"":""single"",""prune_pcm"":true,""return_infobits"":true,""vn_update"":""sum""},""decoder_source_sha256"":""44d84b92b749e2970f94d92cd348a11648e2286b4d851faa0af8b21d08f0da23"",""encoder_source_sha256"":""34d8db6660b2e84708a8fb534f63c194f6f2b964e3693fcffc9dcaf21532ccfd"",""implementation"":""Sionna_5G_LDPC"",""power_protocol"":""fixed_constellation_average_Es2"",""precision"":""float32"",""rate_matching"":""Sionna RV0; filler removal, first2Z and tail puncturing; supported n only"",""scrambling"":""public_PCG64_SHA256_protocol_session_frame_group_counter_after_rate_matching_v1"",""torch"":""2.11.0+cu128"",""version"":""2.2.0""},""interleaver_sha256"":""034142680350cb415efc9957075ffc1ab769cb34e716a3918f6f159319561f04"",""k"":1816,""k_filler"":120,""k_ldpc"":1936,""layout_id"":""51260c18e4064273dc114e18ea35d99ca9dd032f1b1be49e851637dba5e18478"",""modulation_padding_bits"":0,""mother_bits"":5984,""n"":2608,""n_cb"":5808,""n_cb_comp"":5688,""power_protocol"":""fixed_constellation_average_Es2"",""puncturing_bits"":3256,""puncturing_first_2Z"":176,""puncturing_remaining"":3080,""repetition_bits"":0,""scrambling"":""public_PCG64_SHA256_protocol_session_frame_group_counter_after_rate_matching_v1"",""shortening_bits"":120,""z"":88}",[1024]
16QAM,5/6,16QAM:r5/6,da07bc2de3a2a18a72957a8556e0a4a5b1d388657505310a5d062507f80569ed,1068,16,0,1084,1120,36,5824,1680,420,0,0.6452380952380953,0.6357142857142857,"{""actual_effective_rate"":0.6452380952380953,""bg"":""bg2"",""bit_mapping"":""component_Gray_00_-3_01_-1_10_3_11_1_over_sqrt5;QPSK_0_plus1_1_minus1"",""code_blocks"":1,""decoder_config"":{""cn_schedule"":""flooding"",""cn_update"":""boxplus-phi"",""early_stop"":false,""hard_out"":true,""harq_mode"":false,""llr_max"":20.0,""num_iter"":20,""precision"":""single"",""prune_pcm"":true,""return_infobits"":true,""vn_update"":""sum""},""implementation"":{""bit_mapping"":""component_Gray_00_-3_01_-1_10_3_11_1_over_sqrt5;QPSK_0_plus1_1_minus1"",""cuda"":""12.8"",""decoder"":{""cn_schedule"":""flooding"",""cn_update"":""boxplus-phi"",""early_stop"":false,""hard_out"":true,""harq_mode"":false,""llr_max"":20.0,""num_iter"":20,""precision"":""single"",""prune_pcm"":true,""return_infobits"":true,""vn_update"":""sum""},""decoder_source_sha256"":""44d84b92b749e2970f94d92cd348a11648e2286b4d851faa0af8b21d08f0da23"",""encoder_source_sha256"":""34d8db6660b2e84708a8fb534f63c194f6f2b964e3693fcffc9dcaf21532ccfd"",""implementation"":""Sionna_5G_LDPC"",""power_protocol"":""fixed_constellation_average_Es2"",""precision"":""float32"",""rate_matching"":""Sionna RV0; filler removal, first2Z and tail puncturing; supported n only"",""scrambling"":""public_PCG64_SHA256_protocol_session_frame_group_counter_after_rate_matching_v1"",""torch"":""2.11.0+cu128"",""version"":""2.2.0""},""interleaver_sha256"":""8c4c1da94afada0db0a131f64e4101f2b51529330b51eabae5b62f495155273b"",""k"":1084,""k_filler"":36,""k_ldpc"":1120,""layout_id"":""1296f78c76912c2700882d56fdb7f310d471e76cd31f3919e92d15ff661cb426"",""modulation_padding_bits"":0,""mother_bits"":5824,""n"":1680,""n_cb"":5600,""n_cb_comp"":5564,""power_protocol"":""fixed_constellation_average_Es2"",""puncturing_bits"":4108,""puncturing_first_2Z"":224,""puncturing_remaining"":3884,""repetition_bits"":0,""scrambling"":""public_PCG64_SHA256_protocol_session_frame_group_counter_after_rate_matching_v1"",""shortening_bits"":36,""z"":112}",[1024]
QPSK,5/6,QPSK:r5/6,da1eb2ff5e251079a9b7c6086493f720102f4dcaeb2d45b6ebb64ffb58c9d0b7,108,16,0,124,220,96,1144,190,95,0,0.6526315789473685,0.5684210526315789,"{""actual_effective_rate"":0.6526315789473685,""bg"":""bg2"",""bit_mapping"":""component_Gray_00_-3_01_-1_10_3_11_1_over_sqrt5;QPSK_0_plus1_1_minus1"",""code_blocks"":1,""decoder_config"":{""cn_schedule"":""flooding"",""cn_update"":""boxplus-phi"",""early_stop"":false,""hard_out"":true,""harq_mode"":false,""llr_max"":20.0,""num_iter"":20,""precision"":""single"",""prune_pcm"":true,""return_infobits"":true,""vn_update"":""sum""},""implementation"":{""bit_mapping"":""component_Gray_00_-3_01_-1_10_3_11_1_over_sqrt5;QPSK_0_plus1_1_minus1"",""cuda"":""12.8"",""decoder"":{""cn_schedule"":""flooding"",""cn_update"":""boxplus-phi"",""early_stop"":false,""hard_out"":true,""harq_mode"":false,""llr_max"":20.0,""num_iter"":20,""precision"":""single"",""prune_pcm"":true,""return_infobits"":true,""vn_update"":""sum""},""decoder_source_sha256"":""44d84b92b749e2970f94d92cd348a11648e2286b4d851faa0af8b21d08f0da23"",""encoder_source_sha256"":""34d8db6660b2e84708a8fb534f63c194f6f2b964e3693fcffc9dcaf21532ccfd"",""implementation"":""Sionna_5G_LDPC"",""power_protocol"":""fixed_constellation_average_Es2"",""precision"":""float32"",""rate_matching"":""Sionna RV0; filler removal, first2Z and tail puncturing; supported n only"",""scrambling"":""public_PCG64_SHA256_protocol_session_frame_group_counter_after_rate_matching_v1"",""torch"":""2.11.0+cu128"",""version"":""2.2.0""},""interleaver_sha256"":""f1b95484fe51618abbeefe3ffad9d34cc730913fa2f0c9086543a39919ddd736"",""k"":124,""k_filler"":96,""k_ldpc"":220,""layout_id"":""da10517d79e37c3d74c74d04121592b7516db85fa61e5bdfd70d4f588b71cead"",""modulation_padding_bits"":0,""mother_bits"":1144,""n"":190,""n_cb"":1100,""n_cb_comp"":1004,""power_protocol"":""fixed_constellation_average_Es2"",""puncturing_bits"":858,""puncturing_first_2Z"":44,""puncturing_remaining"":814,""repetition_bits"":0,""scrambling"":""public_PCG64_SHA256_protocol_session_frame_group_counter_after_rate_matching_v1"",""shortening_bits"":96,""z"":22}",[1024]
16QAM,3/4,16QAM:r3/4,da34636cab12b8c5e8e6ef06dd73dcf64c7fcdefd50351cdac541cb23bca1b47,660,16,0,676,720,44,3744,2080,520,0,0.325,0.3173076923076923,"{""actual_effective_rate"":0.325,""bg"":""bg2"",""bit_mapping"":""component_Gray_00_-3_01_-1_10_3_11_1_over_sqrt5;QPSK_0_plus1_1_minus1"",""code_blocks"":1,""decoder_config"":{""cn_schedule"":""flooding"",""cn_update"":""boxplus-phi"",""early_stop"":false,""hard_out"":true,""harq_mode"":false,""llr_max"":20.0,""num_iter"":20,""precision"":""single"",""prune_pcm"":true,""return_infobits"":true,""vn_update"":""sum""},""implementation"":{""bit_mapping"":""component_Gray_00_-3_01_-1_10_3_11_1_over_sqrt5;QPSK_0_plus1_1_minus1"",""cuda"":""12.8"",""decoder"":{""cn_schedule"":""flooding"",""cn_update"":""boxplus-phi"",""early_stop"":false,""hard_out"":true,""harq_mode"":false,""llr_max"":20.0,""num_iter"":20,""precision"":""single"",""prune_pcm"":true,""return_infobits"":true,""vn_update"":""sum""},""decoder_source_sha256"":""44d84b92b749e2970f94d92cd348a11648e2286b4d851faa0af8b21d08f0da23"",""encoder_source_sha256"":""34d8db6660b2e84708a8fb534f63c194f6f2b964e3693fcffc9dcaf21532ccfd"",""implementation"":""Sionna_5G_LDPC"",""power_protocol"":""fixed_constellation_average_Es2"",""precision"":""float32"",""rate_matching"":""Sionna RV0; filler removal, first2Z and tail puncturing; supported n only"",""scrambling"":""public_PCG64_SHA256_protocol_session_frame_group_counter_after_rate_matching_v1"",""torch"":""2.11.0+cu128"",""version"":""2.2.0""},""interleaver_sha256"":""9c9aa786bb9a87ae21fe16421c9005ee439af3e80c41e1f1a0a5b1edeb270087"",""k"":676,""k_filler"":44,""k_ldpc"":720,""layout_id"":""e1c4b9cc285f03f667c081ac201bf04366f51b4a2225ffbe746110a43cffc774"",""modulation_padding_bits"":0,""mother_bits"":3744,""n"":2080,""n_cb"":3600,""n_cb_comp"":3556,""power_protocol"":""fixed_constellation_average_Es2"",""puncturing_bits"":1620,""puncturing_first_2Z"":144,""puncturing_remaining"":1476,""repetition_bits"":0,""scrambling"":""public_PCG64_SHA256_protocol_session_frame_group_counter_after_rate_matching_v1"",""shortening_bits"":44,""z"":72}",[2048]
16QAM,1/2,16QAM:r1/2,da424ac5eaadeb949c2b8c1f17f58539c426f625c37974aafd14af90eb51cb2b,660,16,0,676,720,44,3744,1812,453,0,0.3730684326710817,0.36423841059602646,"{""actual_effective_rate"":0.3730684326710817,""bg"":""bg2"",""bit_mapping"":""component_Gray_00_-3_01_-1_10_3_11_1_over_sqrt5;QPSK_0_plus1_1_minus1"",""code_blocks"":1,""decoder_config"":{""cn_schedule"":""flooding"",""cn_update"":""boxplus-phi"",""early_stop"":false,""hard_out"":true,""harq_mode"":false,""llr_max"":20.0,""num_iter"":20,""precision"":""single"",""prune_pcm"":true,""return_infobits"":true,""vn_update"":""sum""},""implementation"":{""bit_mapping"":""component_Gray_00_-3_01_-1_10_3_11_1_over_sqrt5;QPSK_0_plus1_1_minus1"",""cuda"":""12.8"",""decoder"":{""cn_schedule"":""flooding"",""cn_update"":""boxplus-phi"",""early_stop"":false,""hard_out"":true,""harq_mode"":false,""llr_max"":20.0,""num_iter"":20,""precision"":""single"",""prune_pcm"":true,""return_infobits"":true,""vn_update"":""sum""},""decoder_source_sha256"":""44d84b92b749e2970f94d92cd348a11648e2286b4d851faa0af8b21d08f0da23"",""encoder_source_sha256"":""34d8db6660b2e84708a8fb534f63c194f6f2b964e3693fcffc9dcaf21532ccfd"",""implementation"":""Sionna_5G_LDPC"",""power_protocol"":""fixed_constellation_average_Es2"",""precision"":""float32"",""rate_matching"":""Sionna RV0; filler removal, first2Z and tail puncturing; supported n only"",""scrambling"":""public_PCG64_SHA256_protocol_session_frame_group_counter_after_rate_matching_v1"",""torch"":""2.11.0+cu128"",""version"":""2.2.0""},""interleaver_sha256"":""fe99b84e04e18a6727b49ac6952a67563ffbf94fceb01d11a356ed55d8d36e57"",""k"":676,""k_filler"":44,""k_ldpc"":720,""layout_id"":""12d77c96df6a123b0386faee6fe831949010d0197bc011afe55f278c86ddacf7"",""modulation_padding_bits"":0,""mother_bits"":3744,""n"":1812,""n_cb"":3600,""n_cb_comp"":3556,""power_protocol"":""fixed_constellation_average_Es2"",""puncturing_bits"":1888,""puncturing_first_2Z"":144,""puncturing_remaining"":1744,""repetition_bits"":0,""scrambling"":""public_PCG64_SHA256_protocol_session_frame_group_counter_after_rate_matching_v1"",""shortening_bits"":44,""z"":72}",[2048]
16QAM,5/6,16QAM:r5/6,da5a01bd308fb07e229ef4bab7b44b3d53f3d0767c1cb1eb80b9c3336235ac6e,816,16,0,832,880,48,4576,2824,706,0,0.29461756373937675,0.28895184135977336,"{""actual_effective_rate"":0.29461756373937675,""bg"":""bg2"",""bit_mapping"":""component_Gray_00_-3_01_-1_10_3_11_1_over_sqrt5;QPSK_0_plus1_1_minus1"",""code_blocks"":1,""decoder_config"":{""cn_schedule"":""flooding"",""cn_update"":""boxplus-phi"",""early_stop"":false,""hard_out"":true,""harq_mode"":false,""llr_max"":20.0,""num_iter"":20,""precision"":""single"",""prune_pcm"":true,""return_infobits"":true,""vn_update"":""sum""},""implementation"":{""bit_mapping"":""component_Gray_00_-3_01_-1_10_3_11_1_over_sqrt5;QPSK_0_plus1_1_minus1"",""cuda"":""12.8"",""decoder"":{""cn_schedule"":""flooding"",""cn_update"":""boxplus-phi"",""early_stop"":false,""hard_out"":true,""harq_mode"":false,""llr_max"":20.0,""num_iter"":20,""precision"":""single"",""prune_pcm"":true,""return_infobits"":true,""vn_update"":""sum""},""decoder_source_sha256"":""44d84b92b749e2970f94d92cd348a11648e2286b4d851faa0af8b21d08f0da23"",""encoder_source_sha256"":""34d8db6660b2e84708a8fb534f63c194f6f2b964e3693fcffc9dcaf21532ccfd"",""implementation"":""Sionna_5G_LDPC"",""power_protocol"":""fixed_constellation_average_Es2"",""precision"":""float32"",""rate_matching"":""Sionna RV0; filler removal, first2Z and tail puncturing; supported n only"",""scrambling"":""public_PCG64_SHA256_protocol_session_frame_group_counter_after_rate_matching_v1"",""torch"":""2.11.0+cu128"",""version"":""2.2.0""},""interleaver_sha256"":""e89baac887d19c3df697487a9aca4cdf314df93662face1b13efee2ad83300e1"",""k"":832,""k_filler"":48,""k_ldpc"":880,""layout_id"":""8ef8b6fdc293f3dce453a693cc088d0077ced8dcef325e5648f14a0216a37985"",""modulation_padding_bits"":0,""mother_bits"":4576,""n"":2824,""n_cb"":4400,""n_cb_comp"":4352,""power_protocol"":""fixed_constellation_average_Es2"",""puncturing_bits"":1704,""puncturing_first_2Z"":176,""puncturing_remaining"":1528,""repetition_bits"":0,""scrambling"":""public_PCG64_SHA256_protocol_session_frame_group_counter_after_rate_matching_v1"",""shortening_bits"":48,""z"":88}",[2048]
16QAM,2/3,16QAM:r2/3,da6251d28bcf2d0581678654d603cbb3e771b57c9ddbc55f805368b952c8786a,2976,16,0,2992,3200,208,16640,4972,1243,0,0.6017699115044248,0.5985518905872889,"{""actual_effective_rate"":0.6017699115044248,""bg"":""bg2"",""bit_mapping"":""component_Gray_00_-3_01_-1_10_3_11_1_over_sqrt5;QPSK_0_plus1_1_minus1"",""code_blocks"":1,""decoder_config"":{""cn_schedule"":""flooding"",""cn_update"":""boxplus-phi"",""early_stop"":false,""hard_out"":true,""harq_mode"":false,""llr_max"":20.0,""num_iter"":20,""precision"":""single"",""prune_pcm"":true,""return_infobits"":true,""vn_update"":""sum""},""implementation"":{""bit_mapping"":""component_Gray_00_-3_01_-1_10_3_11_1_over_sqrt5;QPSK_0_plus1_1_minus1"",""cuda"":""12.8"",""decoder"":{""cn_schedule"":""flooding"",""cn_update"":""boxplus-phi"",""early_stop"":false,""hard_out"":true,""harq_mode"":false,""llr_max"":20.0,""num_iter"":20,""precision"":""single"",""prune_pcm"":true,""return_infobits"":true,""vn_update"":""sum""},""decoder_source_sha256"":""44d84b92b749e2970f94d92cd348a11648e2286b4d851faa0af8b21d08f0da23"",""encoder_source_sha256"":""34d8db6660b2e84708a8fb534f63c194f6f2b964e3693fcffc9dcaf21532ccfd"",""implementation"":""Sionna_5G_LDPC"",""power_protocol"":""fixed_constellation_average_Es2"",""precision"":""float32"",""rate_matching"":""Sionna RV0; filler removal, first2Z and tail puncturing; supported n only"",""scrambling"":""public_PCG64_SHA256_protocol_session_frame_group_counter_after_rate_matching_v1"",""torch"":""2.11.0+cu128"",""version"":""2.2.0""},""interleaver_sha256"":""829d80b98ea3a62e4419288be487813a512ae16108339d25e49c368488c3b33f"",""k"":2992,""k_filler"":208,""k_ldpc"":3200,""layout_id"":""aadd5c6bfa4732b707bdc0cc2e892772c1960b945cdc01b9ee089457a9d3493d"",""modulation_padding_bits"":0,""mother_bits"":16640,""n"":4972,""n_cb"":16000,""n_cb_comp"":15792,""power_protocol"":""fixed_constellation_average_Es2"",""puncturing_bits"":11460,""puncturing_first_2Z"":640,""puncturing_remaining"":10820,""repetition_bits"":0,""scrambling"":""public_PCG64_SHA256_protocol_session_frame_group_counter_after_rate_matching_v1"",""shortening_bits"":208,""z"":320}",[2048]
16QAM,3/4,16QAM:r3/4,da7fd83638ca0bbf0c0d2f0cd0977db8bb059f03fa61cccc1bc67d7d7dbaffcb,1092,16,0,1108,1120,12,5824,3048,762,0,0.36351706036745407,0.35826771653543305,"{""actual_effective_rate"":0.36351706036745407,""bg"":""bg2"",""bit_mapping"":""component_Gray_00_-3_01_-1_10_3_11_1_over_sqrt5;QPSK_0_plus1_1_minus1"",""code_blocks"":1,""decoder_config"":{""cn_schedule"":""flooding"",""cn_update"":""boxplus-phi"",""early_stop"":false,""hard_out"":true,""harq_mode"":false,""llr_max"":20.0,""num_iter"":20,""precision"":""single"",""prune_pcm"":true,""return_infobits"":true,""vn_update"":""sum""},""implementation"":{""bit_mapping"":""component_Gray_00_-3_01_-1_10_3_11_1_over_sqrt5;QPSK_0_plus1_1_minus1"",""cuda"":""12.8"",""decoder"":{""cn_schedule"":""flooding"",""cn_update"":""boxplus-phi"",""early_stop"":false,""hard_out"":true,""harq_mode"":false,""llr_max"":20.0,""num_iter"":20,""precision"":""single"",""prune_pcm"":true,""return_infobits"":true,""vn_update"":""sum""},""decoder_source_sha256"":""44d84b92b749e2970f94d92cd348a11648e2286b4d851faa0af8b21d08f0da23"",""encoder_source_sha256"":""34d8db6660b2e84708a8fb534f63c194f6f2b964e3693fcffc9dcaf21532ccfd"",""implementation"":""Sionna_5G_LDPC"",""power_protocol"":""fixed_constellation_average_Es2"",""precision"":""float32"",""rate_matching"":""Sionna RV0; filler removal, first2Z and tail puncturing; supported n only"",""scrambling"":""public_PCG64_SHA256_protocol_session_frame_group_counter_after_rate_matching_v1"",""torch"":""2.11.0+cu128"",""version"":""2.2.0""},""interleaver_sha256"":""eb6ac043e10f6bc004ca15a5cf1c3ff2477ff5db8447f733f594db45bde623a9"",""k"":1108,""k_filler"":12,""k_ldpc"":1120,""layout_id"":""bf1718a0c221f48da1cccd7e32f623d2a00d4ff6df5a81c947765c3034b96f79"",""modulation_padding_bits"":0,""mother_bits"":5824,""n"":3048,""n_cb"":5600,""n_cb_comp"":5588,""power_protocol"":""fixed_constellation_average_Es2"",""puncturing_bits"":2764,""puncturing_first_2Z"":224,""puncturing_remaining"":2540,""repetition_bits"":0,""scrambling"":""public_PCG64_SHA256_protocol_session_frame_group_counter_after_rate_matching_v1"",""shortening_bits"":12,""z"":112}",[2048]
QPSK,2/3,QPSK:r2/3,da8503cd9e78c68ac87ed2d6b20f3010c7a80f07c8bbd3598467739942b5cf09,660,16,0,676,720,44,3744,1112,556,0,0.6079136690647482,0.5935251798561151,"{""actual_effective_rate"":0.6079136690647482,""bg"":""bg2"",""bit_mapping"":""component_Gray_00_-3_01_-1_10_3_11_1_over_sqrt5;QPSK_0_plus1_1_minus1"",""code_blocks"":1,""decoder_config"":{""cn_schedule"":""flooding"",""cn_update"":""boxplus-phi"",""early_stop"":false,""hard_out"":true,""harq_mode"":false,""llr_max"":20.0,""num_iter"":20,""precision"":""single"",""prune_pcm"":true,""return_infobits"":true,""vn_update"":""sum""},""implementation"":{""bit_mapping"":""component_Gray_00_-3_01_-1_10_3_11_1_over_sqrt5;QPSK_0_plus1_1_minus1"",""cuda"":""12.8"",""decoder"":{""cn_schedule"":""flooding"",""cn_update"":""boxplus-phi"",""early_stop"":false,""hard_out"":true,""harq_mode"":false,""llr_max"":20.0,""num_iter"":20,""precision"":""single"",""prune_pcm"":true,""return_infobits"":true,""vn_update"":""sum""},""decoder_source_sha256"":""44d84b92b749e2970f94d92cd348a11648e2286b4d851faa0af8b21d08f0da23"",""encoder_source_sha256"":""34d8db6660b2e84708a8fb534f63c194f6f2b964e3693fcffc9dcaf21532ccfd"",""implementation"":""Sionna_5G_LDPC"",""power_protocol"":""fixed_constellation_average_Es2"",""precision"":""float32"",""rate_matching"":""Sionna RV0; filler removal, first2Z and tail puncturing; supported n only"",""scrambling"":""public_PCG64_SHA256_protocol_session_frame_group_counter_after_rate_matching_v1"",""torch"":""2.11.0+cu128"",""version"":""2.2.0""},""interleaver_sha256"":""e0aebdb4d3ab09470ae45c54292cb6483df5803df0aca989dc4f2655ebab400c"",""k"":676,""k_filler"":44,""k_ldpc"":720,""layout_id"":""351d073046928076b8d81a7ce3ef3abe131fb90d97824e3040969f4ab268b5ec"",""modulation_padding_bits"":0,""mother_bits"":3744,""n"":1112,""n_cb"":3600,""n_cb_comp"":3556,""power_protocol"":""fixed_constellation_average_Es2"",""puncturing_bits"":2588,""puncturing_first_2Z"":144,""puncturing_remaining"":2444,""repetition_bits"":0,""scrambling"":""public_PCG64_SHA256_protocol_session_frame_group_counter_after_rate_matching_v1"",""shortening_bits"":44,""z"":72}",[1024]
QPSK,3/4,QPSK:r3/4,da8a2d729c4c74328e03f19f59fb215627238b36fb9aeb672e21fd87b9b3a659,1092,16,0,1108,1144,36,3536,1636,818,0,0.6772616136919315,0.6674816625916871,"{""actual_effective_rate"":0.6772616136919315,""bg"":""bg1"",""bit_mapping"":""component_Gray_00_-3_01_-1_10_3_11_1_over_sqrt5;QPSK_0_plus1_1_minus1"",""code_blocks"":1,""decoder_config"":{""cn_schedule"":""flooding"",""cn_update"":""boxplus-phi"",""early_stop"":false,""hard_out"":true,""harq_mode"":false,""llr_max"":20.0,""num_iter"":20,""precision"":""single"",""prune_pcm"":true,""return_infobits"":true,""vn_update"":""sum""},""implementation"":{""bit_mapping"":""component_Gray_00_-3_01_-1_10_3_11_1_over_sqrt5;QPSK_0_plus1_1_minus1"",""cuda"":""12.8"",""decoder"":{""cn_schedule"":""flooding"",""cn_update"":""boxplus-phi"",""early_stop"":false,""hard_out"":true,""harq_mode"":false,""llr_max"":20.0,""num_iter"":20,""precision"":""single"",""prune_pcm"":true,""return_infobits"":true,""vn_update"":""sum""},""decoder_source_sha256"":""44d84b92b749e2970f94d92cd348a11648e2286b4d851faa0af8b21d08f0da23"",""encoder_source_sha256"":""34d8db6660b2e84708a8fb534f63c194f6f2b964e3693fcffc9dcaf21532ccfd"",""implementation"":""Sionna_5G_LDPC"",""power_protocol"":""fixed_constellation_average_Es2"",""precision"":""float32"",""rate_matching"":""Sionna RV0; filler removal, first2Z and tail puncturing; supported n only"",""scrambling"":""public_PCG64_SHA256_protocol_session_frame_group_counter_after_rate_matching_v1"",""torch"":""2.11.0+cu128"",""version"":""2.2.0""},""interleaver_sha256"":""dc84a02ae89dc79b86dafaf2ce63d7b9ca7e7b6e06cf24de703b185ef8708e98"",""k"":1108,""k_filler"":36,""k_ldpc"":1144,""layout_id"":""5ca36a9a6ed228a28dd0bde8a8372bf74c747649cbdb00beaa6b916857b3ad70"",""modulation_padding_bits"":0,""mother_bits"":3536,""n"":1636,""n_cb"":3432,""n_cb_comp"":3396,""power_protocol"":""fixed_constellation_average_Es2"",""puncturing_bits"":1864,""puncturing_first_2Z"":104,""puncturing_remaining"":1760,""repetition_bits"":0,""scrambling"":""public_PCG64_SHA256_protocol_session_frame_group_counter_after_rate_matching_v1"",""shortening_bits"":36,""z"":52}",[1024]
16QAM,1/2,16QAM:r1/2,da8c5ffacd098e257fced914f954ee7aa9a69d4dbc0f58421030c20f6d6b91ae,2904,16,0,2920,3200,280,16640,6048,1512,0,0.4828042328042328,0.4801587301587302,"{""actual_effective_rate"":0.4828042328042328,""bg"":""bg2"",""bit_mapping"":""component_Gray_00_-3_01_-1_10_3_11_1_over_sqrt5;QPSK_0_plus1_1_minus1"",""code_blocks"":1,""decoder_config"":{""cn_schedule"":""flooding"",""cn_update"":""boxplus-phi"",""early_stop"":false,""hard_out"":true,""harq_mode"":false,""llr_max"":20.0,""num_iter"":20,""precision"":""single"",""prune_pcm"":true,""return_infobits"":true,""vn_update"":""sum""},""implementation"":{""bit_mapping"":""component_Gray_00_-3_01_-1_10_3_11_1_over_sqrt5;QPSK_0_plus1_1_minus1"",""cuda"":""12.8"",""decoder"":{""cn_schedule"":""flooding"",""cn_update"":""boxplus-phi"",""early_stop"":false,""hard_out"":true,""harq_mode"":false,""llr_max"":20.0,""num_iter"":20,""precision"":""single"",""prune_pcm"":true,""return_infobits"":true,""vn_update"":""sum""},""decoder_source_sha256"":""44d84b92b749e2970f94d92cd348a11648e2286b4d851faa0af8b21d08f0da23"",""encoder_source_sha256"":""34d8db6660b2e84708a8fb534f63c194f6f2b964e3693fcffc9dcaf21532ccfd"",""implementation"":""Sionna_5G_LDPC"",""power_protocol"":""fixed_constellation_average_Es2"",""precision"":""float32"",""rate_matching"":""Sionna RV0; filler removal, first2Z and tail puncturing; supported n only"",""scrambling"":""public_PCG64_SHA256_protocol_session_frame_group_counter_after_rate_matching_v1"",""torch"":""2.11.0+cu128"",""version"":""2.2.0""},""interleaver_sha256"":""7ae92f1c508fae8614005887045031fb79e8bcf27afaba970fa52248ad8e4c39"",""k"":2920,""k_filler"":280,""k_ldpc"":3200,""layout_id"":""6bdcd0777eb015f05d0b836cc48578dc99b742c5a6a0b62bfdac95f7c31c9da2"",""modulation_padding_bits"":0,""mother_bits"":16640,""n"":6048,""n_cb"":16000,""n_cb_comp"":15720,""power_protocol"":""fixed_constellation_average_Es2"",""puncturing_bits"":10312,""puncturing_first_2Z"":640,""puncturing_remaining"":9672,""repetition_bits"":0,""scrambling"":""public_PCG64_SHA256_protocol_session_frame_group_counter_after_rate_matching_v1"",""shortening_bits"":280,""z"":320}",[2048]
16QAM,2/3,16QAM:r2/3,da96720d12738a23723321e2b3b546a5352750745ade08372ccab076499953a9,1500,16,0,1516,1600,84,8320,4620,1155,0,0.3281385281385281,0.3246753246753247,"{""actual_effective_rate"":0.3281385281385281,""bg"":""bg2"",""bit_mapping"":""component_Gray_00_-3_01_-1_10_3_11_1_over_sqrt5;QPSK_0_plus1_1_minus1"",""code_blocks"":1,""decoder_config"":{""cn_schedule"":""flooding"",""cn_update"":""boxplus-phi"",""early_stop"":false,""hard_out"":true,""harq_mode"":false,""llr_max"":20.0,""num_iter"":20,""precision"":""single"",""prune_pcm"":true,""return_infobits"":true,""vn_update"":""sum""},""implementation"":{""bit_mapping"":""component_Gray_00_-3_01_-1_10_3_11_1_over_sqrt5;QPSK_0_plus1_1_minus1"",""cuda"":""12.8"",""decoder"":{""cn_schedule"":""flooding"",""cn_update"":""boxplus-phi"",""early_stop"":false,""hard_out"":true,""harq_mode"":false,""llr_max"":20.0,""num_iter"":20,""precision"":""single"",""prune_pcm"":true,""return_infobits"":true,""vn_update"":""sum""},""decoder_source_sha256"":""44d84b92b749e2970f94d92cd348a11648e2286b4d851faa0af8b21d08f0da23"",""encoder_source_sha256"":""34d8db6660b2e84708a8fb534f63c194f6f2b964e3693fcffc9dcaf21532ccfd"",""implementation"":""Sionna_5G_LDPC"",""power_protocol"":""fixed_constellation_average_Es2"",""precision"":""float32"",""rate_matching"":""Sionna RV0; filler removal, first2Z and tail puncturing; supported n only"",""scrambling"":""public_PCG64_SHA256_protocol_session_frame_group_counter_after_rate_matching_v1"",""torch"":""2.11.0+cu128"",""version"":""2.2.0""},""interleaver_sha256"":""b6e720b2e30106f2844f342e9e3996f836ea58dc6fa4ad90a6a47ea1e0526e36"",""k"":1516,""k_filler"":84,""k_ldpc"":1600,""layout_id"":""ecb68d2fc6c726f7375037d0b5533a1954b193e372b1ccee5626326abab49009"",""modulation_padding_bits"":0,""mother_bits"":8320,""n"":4620,""n_cb"":8000,""n_cb_comp"":7916,""power_protocol"":""fixed_constellation_average_Es2"",""puncturing_bits"":3616,""puncturing_first_2Z"":320,""puncturing_remaining"":3296,""repetition_bits"":0,""scrambling"":""public_PCG64_SHA256_protocol_session_frame_group_counter_after_rate_matching_v1"",""shortening_bits"":84,""z"":160}",[2048]
16QAM,2/3,16QAM:r2/3,da9e51b5d468649aed6e47b1910ddd26e5031acbc3744403087abee0975cf561,360,16,0,376,480,104,2496,648,162,0,0.5802469135802469,0.5555555555555556,"{""actual_effective_rate"":0.5802469135802469,""bg"":""bg2"",""bit_mapping"":""component_Gray_00_-3_01_-1_10_3_11_1_over_sqrt5;QPSK_0_plus1_1_minus1"",""code_blocks"":1,""decoder_config"":{""cn_schedule"":""flooding"",""cn_update"":""boxplus-phi"",""early_stop"":false,""hard_out"":true,""harq_mode"":false,""llr_max"":20.0,""num_iter"":20,""precision"":""single"",""prune_pcm"":true,""return_infobits"":true,""vn_update"":""sum""},""implementation"":{""bit_mapping"":""component_Gray_00_-3_01_-1_10_3_11_1_over_sqrt5;QPSK_0_plus1_1_minus1"",""cuda"":""12.8"",""decoder"":{""cn_schedule"":""flooding"",""cn_update"":""boxplus-phi"",""early_stop"":false,""hard_out"":true,""harq_mode"":false,""llr_max"":20.0,""num_iter"":20,""precision"":""single"",""prune_pcm"":true,""return_infobits"":true,""vn_update"":""sum""},""decoder_source_sha256"":""44d84b92b749e2970f94d92cd348a11648e2286b4d851faa0af8b21d08f0da23"",""encoder_source_sha256"":""34d8db6660b2e84708a8fb534f63c194f6f2b964e3693fcffc9dcaf21532ccfd"",""implementation"":""Sionna_5G_LDPC"",""power_protocol"":""fixed_constellation_average_Es2"",""precision"":""float32"",""rate_matching"":""Sionna RV0; filler removal, first2Z and tail puncturing; supported n only"",""scrambling"":""public_PCG64_SHA256_protocol_session_frame_group_counter_after_rate_matching_v1"",""torch"":""2.11.0+cu128"",""version"":""2.2.0""},""interleaver_sha256"":""1dadf3b506cb329ac7dffbfa2145d4bf94c414044e20eadd7d645da103929746"",""k"":376,""k_filler"":104,""k_ldpc"":480,""layout_id"":""dfc753ef4a795fca66c61a44492f0618048dc79a36c91f929048eec9b0ce12dd"",""modulation_padding_bits"":0,""mother_bits"":2496,""n"":648,""n_cb"":2400,""n_cb_comp"":2296,""power_protocol"":""fixed_constellation_average_Es2"",""puncturing_bits"":1744,""puncturing_first_2Z"":96,""puncturing_remaining"":1648,""repetition_bits"":0,""scrambling"":""public_PCG64_SHA256_protocol_session_frame_group_counter_after_rate_matching_v1"",""shortening_bits"":104,""z"":48}",[2048]
QPSK,3/4,QPSK:r3/4,daadfcb6cfb185fa81115f360c76a90be25f519410825bcb56a29f7ff1319aa4,432,16,0,448,560,112,2912,1214,607,0,0.36902800658978585,0.35584843492586493,"{""actual_effective_rate"":0.36902800658978585,""bg"":""bg2"",""bit_mapping"":""component_Gray_00_-3_01_-1_10_3_11_1_over_sqrt5;QPSK_0_plus1_1_minus1"",""code_blocks"":1,""decoder_config"":{""cn_schedule"":""flooding"",""cn_update"":""boxplus-phi"",""early_stop"":false,""hard_out"":true,""harq_mode"":false,""llr_max"":20.0,""num_iter"":20,""precision"":""single"",""prune_pcm"":true,""return_infobits"":true,""vn_update"":""sum""},""implementation"":{""bit_mapping"":""component_Gray_00_-3_01_-1_10_3_11_1_over_sqrt5;QPSK_0_plus1_1_minus1"",""cuda"":""12.8"",""decoder"":{""cn_schedule"":""flooding"",""cn_update"":""boxplus-phi"",""early_stop"":false,""hard_out"":true,""harq_mode"":false,""llr_max"":20.0,""num_iter"":20,""precision"":""single"",""prune_pcm"":true,""return_infobits"":true,""vn_update"":""sum""},""decoder_source_sha256"":""44d84b92b749e2970f94d92cd348a11648e2286b4d851faa0af8b21d08f0da23"",""encoder_source_sha256"":""34d8db6660b2e84708a8fb534f63c194f6f2b964e3693fcffc9dcaf21532ccfd"",""implementation"":""Sionna_5G_LDPC"",""power_protocol"":""fixed_constellation_average_Es2"",""precision"":""float32"",""rate_matching"":""Sionna RV0; filler removal, first2Z and tail puncturing; supported n only"",""scrambling"":""public_PCG64_SHA256_protocol_session_frame_group_counter_after_rate_matching_v1"",""torch"":""2.11.0+cu128"",""version"":""2.2.0""},""interleaver_sha256"":""89de824ac118677f917ee7142354448c13aa0401c1ecfb4543f3bfa2b02ebd3f"",""k"":448,""k_filler"":112,""k_ldpc"":560,""layout_id"":""442c26b73bc1724f8f711bac479669ee9b44e7248fd1c755e16a473672712583"",""modulation_padding_bits"":0,""mother_bits"":2912,""n"":1214,""n_cb"":2800,""n_cb_comp"":2688,""power_protocol"":""fixed_constellation_average_Es2"",""puncturing_bits"":1586,""puncturing_first_2Z"":112,""puncturing_remaining"":1474,""repetition_bits"":0,""scrambling"":""public_PCG64_SHA256_protocol_session_frame_group_counter_after_rate_matching_v1"",""shortening_bits"":112,""z"":56}",[2048]
QPSK,3/4,QPSK:r3/4,dabc6102f5ebcfcccfdb3d09787db48ddc0c06b00de70aa70eea5296d4a0c688,324,16,0,340,440,100,2288,640,320,0,0.53125,0.50625,"{""actual_effective_rate"":0.53125,""bg"":""bg2"",""bit_mapping"":""component_Gray_00_-3_01_-1_10_3_11_1_over_sqrt5;QPSK_0_plus1_1_minus1"",""code_blocks"":1,""decoder_config"":{""cn_schedule"":""flooding"",""cn_update"":""boxplus-phi"",""early_stop"":false,""hard_out"":true,""harq_mode"":false,""llr_max"":20.0,""num_iter"":20,""precision"":""single"",""prune_pcm"":true,""return_infobits"":true,""vn_update"":""sum""},""implementation"":{""bit_mapping"":""component_Gray_00_-3_01_-1_10_3_11_1_over_sqrt5;QPSK_0_plus1_1_minus1"",""cuda"":""12.8"",""decoder"":{""cn_schedule"":""flooding"",""cn_update"":""boxplus-phi"",""early_stop"":false,""hard_out"":true,""harq_mode"":false,""llr_max"":20.0,""num_iter"":20,""precision"":""single"",""prune_pcm"":true,""return_infobits"":true,""vn_update"":""sum""},""decoder_source_sha256"":""44d84b92b749e2970f94d92cd348a11648e2286b4d851faa0af8b21d08f0da23"",""encoder_source_sha256"":""34d8db6660b2e84708a8fb534f63c194f6f2b964e3693fcffc9dcaf21532ccfd"",""implementation"":""Sionna_5G_LDPC"",""power_protocol"":""fixed_constellation_average_Es2"",""precision"":""float32"",""rate_matching"":""Sionna RV0; filler removal, first2Z and tail puncturing; supported n only"",""scrambling"":""public_PCG64_SHA256_protocol_session_frame_group_counter_after_rate_matching_v1"",""torch"":""2.11.0+cu128"",""version"":""2.2.0""},""interleaver_sha256"":""a22181219d4bfbf4409c362d32fbff392150285eb20c18cab939a97ddc811f8e"",""k"":340,""k_filler"":100,""k_ldpc"":440,""layout_id"":""6cf9e898f331f74a647671dfdc1c8c6b20e1764a488c6df9cb7a1bfb32fb16a1"",""modulation_padding_bits"":0,""mother_bits"":2288,""n"":640,""n_cb"":2200,""n_cb_comp"":2100,""power_protocol"":""fixed_constellation_average_Es2"",""puncturing_bits"":1548,""puncturing_first_2Z"":88,""puncturing_remaining"":1460,""repetition_bits"":0,""scrambling"":""public_PCG64_SHA256_protocol_session_frame_group_counter_after_rate_matching_v1"",""shortening_bits"":100,""z"":44}",[1024]
16QAM,2/3,16QAM:r2/3,dabf41f45164b55eb1e8bbe203e1bfb7aa9ca72c1153840488bc23863d6805d7,2712,16,0,2728,2880,152,14976,4912,1228,0,0.5553745928338762,0.5521172638436482,"{""actual_effective_rate"":0.5553745928338762,""bg"":""bg2"",""bit_mapping"":""component_Gray_00_-3_01_-1_10_3_11_1_over_sqrt5;QPSK_0_plus1_1_minus1"",""code_blocks"":1,""decoder_config"":{""cn_schedule"":""flooding"",""cn_update"":""boxplus-phi"",""early_stop"":false,""hard_out"":true,""harq_mode"":false,""llr_max"":20.0,""num_iter"":20,""precision"":""single"",""prune_pcm"":true,""return_infobits"":true,""vn_update"":""sum""},""implementation"":{""bit_mapping"":""component_Gray_00_-3_01_-1_10_3_11_1_over_sqrt5;QPSK_0_plus1_1_minus1"",""cuda"":""12.8"",""decoder"":{""cn_schedule"":""flooding"",""cn_update"":""boxplus-phi"",""early_stop"":false,""hard_out"":true,""harq_mode"":false,""llr_max"":20.0,""num_iter"":20,""precision"":""single"",""prune_pcm"":true,""return_infobits"":true,""vn_update"":""sum""},""decoder_source_sha256"":""44d84b92b749e2970f94d92cd348a11648e2286b4d851faa0af8b21d08f0da23"",""encoder_source_sha256"":""34d8db6660b2e84708a8fb534f63c194f6f2b964e3693fcffc9dcaf21532ccfd"",""implementation"":""Sionna_5G_LDPC"",""power_protocol"":""fixed_constellation_average_Es2"",""precision"":""float32"",""rate_matching"":""Sionna RV0; filler removal, first2Z and tail puncturing; supported n only"",""scrambling"":""public_PCG64_SHA256_protocol_session_frame_group_counter_after_rate_matching_v1"",""torch"":""2.11.0+cu128"",""version"":""2.2.0""},""interleaver_sha256"":""c47795ae65e52cb680c5845bdac1db4ff7ee8db5020fcad68aa30942e4d55a33"",""k"":2728,""k_filler"":152,""k_ldpc"":2880,""layout_id"":""74d5a346c8f1326930be2ffa4904b446fc28026a1536cd2bae213ab958bebffe"",""modulation_padding_bits"":0,""mother_bits"":14976,""n"":4912,""n_cb"":14400,""n_cb_comp"":14248,""power_protocol"":""fixed_constellation_average_Es2"",""puncturing_bits"":9912,""puncturing_first_2Z"":576,""puncturing_remaining"":9336,""repetition_bits"":0,""scrambling"":""public_PCG64_SHA256_protocol_session_frame_group_counter_after_rate_matching_v1"",""shortening_bits"":152,""z"":288}",[2048]
QPSK,5/6,QPSK:r5/6,dac69ec9aa136de0d569292f410ca27dd429e7c2bdc3f93c6cc7f03fd2a5838d,660,16,0,676,720,44,3744,2892,1446,0,0.23374827109266944,0.22821576763485477,"{""actual_effective_rate"":0.23374827109266944,""bg"":""bg2"",""bit_mapping"":""component_Gray_00_-3_01_-1_10_3_11_1_over_sqrt5;QPSK_0_plus1_1_minus1"",""code_blocks"":1,""decoder_config"":{""cn_schedule"":""flooding"",""cn_update"":""boxplus-phi"",""early_stop"":false,""hard_out"":true,""harq_mode"":false,""llr_max"":20.0,""num_iter"":20,""precision"":""single"",""prune_pcm"":true,""return_infobits"":true,""vn_update"":""sum""},""implementation"":{""bit_mapping"":""component_Gray_00_-3_01_-1_10_3_11_1_over_sqrt5;QPSK_0_plus1_1_minus1"",""cuda"":""12.8"",""decoder"":{""cn_schedule"":""flooding"",""cn_update"":""boxplus-phi"",""early_stop"":false,""hard_out"":true,""harq_mode"":false,""llr_max"":20.0,""num_iter"":20,""precision"":""single"",""prune_pcm"":true,""return_infobits"":true,""vn_update"":""sum""},""decoder_source_sha256"":""44d84b92b749e2970f94d92cd348a11648e2286b4d851faa0af8b21d08f0da23"",""encoder_source_sha256"":""34d8db6660b2e84708a8fb534f63c194f6f2b964e3693fcffc9dcaf21532ccfd"",""implementation"":""Sionna_5G_LDPC"",""power_protocol"":""fixed_constellation_average_Es2"",""precision"":""float32"",""rate_matching"":""Sionna RV0; filler removal, first2Z and tail puncturing; supported n only"",""scrambling"":""public_PCG64_SHA256_protocol_session_frame_group_counter_after_rate_matching_v1"",""torch"":""2.11.0+cu128"",""version"":""2.2.0""},""interleaver_sha256"":""32a0b2daf42515353769cbcd2c38c6d323c0addb138283929b90d3d3dbb21a21"",""k"":676,""k_filler"":44,""k_ldpc"":720,""layout_id"":""631e05853572e0005d7b9551ea394a0c0a51ab1250ac72911a8d4a929e01e215"",""modulation_padding_bits"":0,""mother_bits"":3744,""n"":2892,""n_cb"":3600,""n_cb_comp"":3556,""power_protocol"":""fixed_constellation_average_Es2"",""puncturing_bits"":808,""puncturing_first_2Z"":144,""puncturing_remaining"":664,""repetition_bits"":0,""scrambling"":""public_PCG64_SHA256_protocol_session_frame_group_counter_after_rate_matching_v1"",""shortening_bits"":44,""z"":72}",[2048]
QPSK,5/6,QPSK:r5/6,dacf1cef500927df9e8c03d15e303367f936ab59f89fa7fcf5898e1ed60b2e74,660,16,0,676,704,28,2176,848,424,0,0.7971698113207547,0.7783018867924528,"{""actual_effective_rate"":0.7971698113207547,""bg"":""bg1"",""bit_mapping"":""component_Gray_00_-3_01_-1_10_3_11_1_over_sqrt5;QPSK_0_plus1_1_minus1"",""code_blocks"":1,""decoder_config"":{""cn_schedule"":""flooding"",""cn_update"":""boxplus-phi"",""early_stop"":false,""hard_out"":true,""harq_mode"":false,""llr_max"":20.0,""num_iter"":20,""precision"":""single"",""prune_pcm"":true,""return_infobits"":true,""vn_update"":""sum""},""implementation"":{""bit_mapping"":""component_Gray_00_-3_01_-1_10_3_11_1_over_sqrt5;QPSK_0_plus1_1_minus1"",""cuda"":""12.8"",""decoder"":{""cn_schedule"":""flooding"",""cn_update"":""boxplus-phi"",""early_stop"":false,""hard_out"":true,""harq_mode"":false,""llr_max"":20.0,""num_iter"":20,""precision"":""single"",""prune_pcm"":true,""return_infobits"":true,""vn_update"":""sum""},""decoder_source_sha256"":""44d84b92b749e2970f94d92cd348a11648e2286b4d851faa0af8b21d08f0da23"",""encoder_source_sha256"":""34d8db6660b2e84708a8fb534f63c194f6f2b964e3693fcffc9dcaf21532ccfd"",""implementation"":""Sionna_5G_LDPC"",""power_protocol"":""fixed_constellation_average_Es2"",""precision"":""float32"",""rate_matching"":""Sionna RV0; filler removal, first2Z and tail puncturing; supported n only"",""scrambling"":""public_PCG64_SHA256_protocol_session_frame_group_counter_after_rate_matching_v1"",""torch"":""2.11.0+cu128"",""version"":""2.2.0""},""interleaver_sha256"":""505cf0307ea3951f65c94caac41de7a794e57fe3ae90ed6fd30b64586faa0cba"",""k"":676,""k_filler"":28,""k_ldpc"":704,""layout_id"":""6a0bc0fa041f168bc44322de055c6d9ff2bbc700628c2dbe7975cab8b0d4f6f5"",""modulation_padding_bits"":0,""mother_bits"":2176,""n"":848,""n_cb"":2112,""n_cb_comp"":2084,""power_protocol"":""fixed_constellation_average_Es2"",""puncturing_bits"":1300,""puncturing_first_2Z"":64,""puncturing_remaining"":1236,""repetition_bits"":0,""scrambling"":""public_PCG64_SHA256_protocol_session_frame_group_counter_after_rate_matching_v1"",""shortening_bits"":28,""z"":32}",[1024]
16QAM,1/2,16QAM:r1/2,dad8946a6770fbf8d6bfbfeede59bb443e6accd3fd3f737e91b561c658fc1cd2,816,16,0,832,880,48,4576,2304,576,0,0.3611111111111111,0.3541666666666667,"{""actual_effective_rate"":0.3611111111111111,""bg"":""bg2"",""bit_mapping"":""component_Gray_00_-3_01_-1_10_3_11_1_over_sqrt5;QPSK_0_plus1_1_minus1"",""code_blocks"":1,""decoder_config"":{""cn_schedule"":""flooding"",""cn_update"":""boxplus-phi"",""early_stop"":false,""hard_out"":true,""harq_mode"":false,""llr_max"":20.0,""num_iter"":20,""precision"":""single"",""prune_pcm"":true,""return_infobits"":true,""vn_update"":""sum""},""implementation"":{""bit_mapping"":""component_Gray_00_-3_01_-1_10_3_11_1_over_sqrt5;QPSK_0_plus1_1_minus1"",""cuda"":""12.8"",""decoder"":{""cn_schedule"":""flooding"",""cn_update"":""boxplus-phi"",""early_stop"":false,""hard_out"":true,""harq_mode"":false,""llr_max"":20.0,""num_iter"":20,""precision"":""single"",""prune_pcm"":true,""return_infobits"":true,""vn_update"":""sum""},""decoder_source_sha256"":""44d84b92b749e2970f94d92cd348a11648e2286b4d851faa0af8b21d08f0da23"",""encoder_source_sha256"":""34d8db6660b2e84708a8fb534f63c194f6f2b964e3693fcffc9dcaf21532ccfd"",""implementation"":""Sionna_5G_LDPC"",""power_protocol"":""fixed_constellation_average_Es2"",""precision"":""float32"",""rate_matching"":""Sionna RV0; filler removal, first2Z and tail puncturing; supported n only"",""scrambling"":""public_PCG64_SHA256_protocol_session_frame_group_counter_after_rate_matching_v1"",""torch"":""2.11.0+cu128"",""version"":""2.2.0""},""interleaver_sha256"":""6a7d9f6776138d4a753f3821c49d76c9ff12908779a1e8c61e718e5ecadd4d8f"",""k"":832,""k_filler"":48,""k_ldpc"":880,""layout_id"":""3a21db7e1f2029d5b4024a28e6a4cd9264848ffb34dd7171169637a3b75cb6e3"",""modulation_padding_bits"":0,""mother_bits"":4576,""n"":2304,""n_cb"":4400,""n_cb_comp"":4352,""power_protocol"":""fixed_constellation_average_Es2"",""puncturing_bits"":2224,""puncturing_first_2Z"":176,""puncturing_remaining"":2048,""repetition_bits"":0,""scrambling"":""public_PCG64_SHA256_protocol_session_frame_group_counter_after_rate_matching_v1"",""shortening_bits"":48,""z"":88}",[2048]
16QAM,1/2,16QAM:r1/2,dad9e893ddcb2e2999802385950f9b18514f441f01d90ae7707d7c89810e8ec8,1308,16,0,1324,1440,116,7488,6528,1632,0,0.2028186274509804,0.20036764705882354,"{""actual_effective_rate"":0.2028186274509804,""bg"":""bg2"",""bit_mapping"":""component_Gray_00_-3_01_-1_10_3_11_1_over_sqrt5;QPSK_0_plus1_1_minus1"",""code_blocks"":1,""decoder_config"":{""cn_schedule"":""flooding"",""cn_update"":""boxplus-phi"",""early_stop"":false,""hard_out"":true,""harq_mode"":false,""llr_max"":20.0,""num_iter"":20,""precision"":""single"",""prune_pcm"":true,""return_infobits"":true,""vn_update"":""sum""},""implementation"":{""bit_mapping"":""component_Gray_00_-3_01_-1_10_3_11_1_over_sqrt5;QPSK_0_plus1_1_minus1"",""cuda"":""12.8"",""decoder"":{""cn_schedule"":""flooding"",""cn_update"":""boxplus-phi"",""early_stop"":false,""hard_out"":true,""harq_mode"":false,""llr_max"":20.0,""num_iter"":20,""precision"":""single"",""prune_pcm"":true,""return_infobits"":true,""vn_update"":""sum""},""decoder_source_sha256"":""44d84b92b749e2970f94d92cd348a11648e2286b4d851faa0af8b21d08f0da23"",""encoder_source_sha256"":""34d8db6660b2e84708a8fb534f63c194f6f2b964e3693fcffc9dcaf21532ccfd"",""implementation"":""Sionna_5G_LDPC"",""power_protocol"":""fixed_constellation_average_Es2"",""precision"":""float32"",""rate_matching"":""Sionna RV0; filler removal, first2Z and tail puncturing; supported n only"",""scrambling"":""public_PCG64_SHA256_protocol_session_frame_group_counter_after_rate_matching_v1"",""torch"":""2.11.0+cu128"",""version"":""2.2.0""},""interleaver_sha256"":""9a35a816f6e494b88977753223d2ce4aec43675c76e5a4bfa08712895b50ee47"",""k"":1324,""k_filler"":116,""k_ldpc"":1440,""layout_id"":""707a8e1d361bd558c5e64fc9b216c28d683ad86d8202c8aaac1d54fb775e9033"",""modulation_padding_bits"":0,""mother_bits"":7488,""n"":6528,""n_cb"":7200,""n_cb_comp"":7084,""power_protocol"":""fixed_constellation_average_Es2"",""puncturing_bits"":844,""puncturing_first_2Z"":288,""puncturing_remaining"":556,""repetition_bits"":0,""scrambling"":""public_PCG64_SHA256_protocol_session_frame_group_counter_after_rate_matching_v1"",""shortening_bits"":116,""z"":144}",[2048]
16QAM,2/3,16QAM:r2/3,dadba0124ed14718c94f43d116022da97c13cebef26a264c2a6d2f37ac1403dd,1632,16,0,1648,1760,112,9152,2472,618,0,0.6666666666666666,0.6601941747572816,"{""actual_effective_rate"":0.6666666666666666,""bg"":""bg2"",""bit_mapping"":""component_Gray_00_-3_01_-1_10_3_11_1_over_sqrt5;QPSK_0_plus1_1_minus1"",""code_blocks"":1,""decoder_config"":{""cn_schedule"":""flooding"",""cn_update"":""boxplus-phi"",""early_stop"":false,""hard_out"":true,""harq_mode"":false,""llr_max"":20.0,""num_iter"":20,""precision"":""single"",""prune_pcm"":true,""return_infobits"":true,""vn_update"":""sum""},""implementation"":{""bit_mapping"":""component_Gray_00_-3_01_-1_10_3_11_1_over_sqrt5;QPSK_0_plus1_1_minus1"",""cuda"":""12.8"",""decoder"":{""cn_schedule"":""flooding"",""cn_update"":""boxplus-phi"",""early_stop"":false,""hard_out"":true,""harq_mode"":false,""llr_max"":20.0,""num_iter"":20,""precision"":""single"",""prune_pcm"":true,""return_infobits"":true,""vn_update"":""sum""},""decoder_source_sha256"":""44d84b92b749e2970f94d92cd348a11648e2286b4d851faa0af8b21d08f0da23"",""encoder_source_sha256"":""34d8db6660b2e84708a8fb534f63c194f6f2b964e3693fcffc9dcaf21532ccfd"",""implementation"":""Sionna_5G_LDPC"",""power_protocol"":""fixed_constellation_average_Es2"",""precision"":""float32"",""rate_matching"":""Sionna RV0; filler removal, first2Z and tail puncturing; supported n only"",""scrambling"":""public_PCG64_SHA256_protocol_session_frame_group_counter_after_rate_matching_v1"",""torch"":""2.11.0+cu128"",""version"":""2.2.0""},""interleaver_sha256"":""2dd28c2d6fd753897a8abb1472b1772b4ec45a91f05c48835268161446c8fa19"",""k"":1648,""k_filler"":112,""k_ldpc"":1760,""layout_id"":""6313c24c5ca4de780fdff03e4577b1ff60dccf284014eb72c591ba42a724f52a"",""modulation_padding_bits"":0,""mother_bits"":9152,""n"":2472,""n_cb"":8800,""n_cb_comp"":8688,""power_protocol"":""fixed_constellation_average_Es2"",""puncturing_bits"":6568,""puncturing_first_2Z"":352,""puncturing_remaining"":6216,""repetition_bits"":0,""scrambling"":""public_PCG64_SHA256_protocol_session_frame_group_counter_after_rate_matching_v1"",""shortening_bits"":112,""z"":176}",[1024]
QPSK,5/6,QPSK:r5/6,dadfaf47080a7bc0c5812a55e2f12c429483b521703a9810110f74a12497d38d,2700,16,0,2716,2816,100,8704,3476,1738,0,0.7813578826237054,0.7767548906789413,"{""actual_effective_rate"":0.7813578826237054,""bg"":""bg1"",""bit_mapping"":""component_Gray_00_-3_01_-1_10_3_11_1_over_sqrt5;QPSK_0_plus1_1_minus1"",""code_blocks"":1,""decoder_config"":{""cn_schedule"":""flooding"",""cn_update"":""boxplus-phi"",""early_stop"":false,""hard_out"":true,""harq_mode"":false,""llr_max"":20.0,""num_iter"":20,""precision"":""single"",""prune_pcm"":true,""return_infobits"":true,""vn_update"":""sum""},""implementation"":{""bit_mapping"":""component_Gray_00_-3_01_-1_10_3_11_1_over_sqrt5;QPSK_0_plus1_1_minus1"",""cuda"":""12.8"",""decoder"":{""cn_schedule"":""flooding"",""cn_update"":""boxplus-phi"",""early_stop"":false,""hard_out"":true,""harq_mode"":false,""llr_max"":20.0,""num_iter"":20,""precision"":""single"",""prune_pcm"":true,""return_infobits"":true,""vn_update"":""sum""},""decoder_source_sha256"":""44d84b92b749e2970f94d92cd348a11648e2286b4d851faa0af8b21d08f0da23"",""encoder_source_sha256"":""34d8db6660b2e84708a8fb534f63c194f6f2b964e3693fcffc9dcaf21532ccfd"",""implementation"":""Sionna_5G_LDPC"",""power_protocol"":""fixed_constellation_average_Es2"",""precision"":""float32"",""rate_matching"":""Sionna RV0; filler removal, first2Z and tail puncturing; supported n only"",""scrambling"":""public_PCG64_SHA256_protocol_session_frame_group_counter_after_rate_matching_v1"",""torch"":""2.11.0+cu128"",""version"":""2.2.0""},""interleaver_sha256"":""bf968786b92276a0444869f8f88b5aac0d0758756c04862691fe9b2101bb6ec3"",""k"":2716,""k_filler"":100,""k_ldpc"":2816,""layout_id"":""b342f0a2f860f3d4690692ec2f4bf255171ae8e9e245a441f23f3d68f4c91820"",""modulation_padding_bits"":0,""mother_bits"":8704,""n"":3476,""n_cb"":8448,""n_cb_comp"":8348,""power_protocol"":""fixed_constellation_average_Es2"",""puncturing_bits"":5128,""puncturing_first_2Z"":256,""puncturing_remaining"":4872,""repetition_bits"":0,""scrambling"":""public_PCG64_SHA256_protocol_session_frame_group_counter_after_rate_matching_v1"",""shortening_bits"":100,""z"":128}",[2048]
16QAM,1/3,16QAM:r1/3,daebb318409a66afa9af6986c2638d1842fa5f81ab0816a38ecc0c2c9ff1eb6e,1860,16,0,1876,1920,44,9984,7420,1855,0,0.2528301886792453,0.25067385444743934,"{""actual_effective_rate"":0.2528301886792453,""bg"":""bg2"",""bit_mapping"":""component_Gray_00_-3_01_-1_10_3_11_1_over_sqrt5;QPSK_0_plus1_1_minus1"",""code_blocks"":1,""decoder_config"":{""cn_schedule"":""flooding"",""cn_update"":""boxplus-phi"",""early_stop"":false,""hard_out"":true,""harq_mode"":false,""llr_max"":20.0,""num_iter"":20,""precision"":""single"",""prune_pcm"":true,""return_infobits"":true,""vn_update"":""sum""},""implementation"":{""bit_mapping"":""component_Gray_00_-3_01_-1_10_3_11_1_over_sqrt5;QPSK_0_plus1_1_minus1"",""cuda"":""12.8"",""decoder"":{""cn_schedule"":""flooding"",""cn_update"":""boxplus-phi"",""early_stop"":false,""hard_out"":true,""harq_mode"":false,""llr_max"":20.0,""num_iter"":20,""precision"":""single"",""prune_pcm"":true,""return_infobits"":true,""vn_update"":""sum""},""decoder_source_sha256"":""44d84b92b749e2970f94d92cd348a11648e2286b4d851faa0af8b21d08f0da23"",""encoder_source_sha256"":""34d8db6660b2e84708a8fb534f63c194f6f2b964e3693fcffc9dcaf21532ccfd"",""implementation"":""Sionna_5G_LDPC"",""power_protocol"":""fixed_constellation_average_Es2"",""precision"":""float32"",""rate_matching"":""Sionna RV0; filler removal, first2Z and tail puncturing; supported n only"",""scrambling"":""public_PCG64_SHA256_protocol_session_frame_group_counter_after_rate_matching_v1"",""torch"":""2.11.0+cu128"",""version"":""2.2.0""},""interleaver_sha256"":""fda869c0b0ad140ae4f01fbd49973e914e23dacd6a578d301e5d92281f471230"",""k"":1876,""k_filler"":44,""k_ldpc"":1920,""layout_id"":""deeb75f7931880144b295b79719fffbc37572dc16d5f386204a9c082d8228105"",""modulation_padding_bits"":0,""mother_bits"":9984,""n"":7420,""n_cb"":9600,""n_cb_comp"":9556,""power_protocol"":""fixed_constellation_average_Es2"",""puncturing_bits"":2520,""puncturing_first_2Z"":384,""puncturing_remaining"":2136,""repetition_bits"":0,""scrambling"":""public_PCG64_SHA256_protocol_session_frame_group_counter_after_rate_matching_v1"",""shortening_bits"":44,""z"":192}",[2048]
16QAM,1/3,16QAM:r1/3,daf3d2a3b1611396536a0c26538bba5a908078730de349ea47119ae03fa39b62,516,16,0,532,720,188,3744,1600,400,0,0.3325,0.3225,"{""actual_effective_rate"":0.3325,""bg"":""bg2"",""bit_mapping"":""component_Gray_00_-3_01_-1_10_3_11_1_over_sqrt5;QPSK_0_plus1_1_minus1"",""code_blocks"":1,""decoder_config"":{""cn_schedule"":""flooding"",""cn_update"":""boxplus-phi"",""early_stop"":false,""hard_out"":true,""harq_mode"":false,""llr_max"":20.0,""num_iter"":20,""precision"":""single"",""prune_pcm"":true,""return_infobits"":true,""vn_update"":""sum""},""implementation"":{""bit_mapping"":""component_Gray_00_-3_01_-1_10_3_11_1_over_sqrt5;QPSK_0_plus1_1_minus1"",""cuda"":""12.8"",""decoder"":{""cn_schedule"":""flooding"",""cn_update"":""boxplus-phi"",""early_stop"":false,""hard_out"":true,""harq_mode"":false,""llr_max"":20.0,""num_iter"":20,""precision"":""single"",""prune_pcm"":true,""return_infobits"":true,""vn_update"":""sum""},""decoder_source_sha256"":""44d84b92b749e2970f94d92cd348a11648e2286b4d851faa0af8b21d08f0da23"",""encoder_source_sha256"":""34d8db6660b2e84708a8fb534f63c194f6f2b964e3693fcffc9dcaf21532ccfd"",""implementation"":""Sionna_5G_LDPC"",""power_protocol"":""fixed_constellation_average_Es2"",""precision"":""float32"",""rate_matching"":""Sionna RV0; filler removal, first2Z and tail puncturing; supported n only"",""scrambling"":""public_PCG64_SHA256_protocol_session_frame_group_counter_after_rate_matching_v1"",""torch"":""2.11.0+cu128"",""version"":""2.2.0""},""interleaver_sha256"":""5291843a3791a93c1fda5f4294dfdb011219d2ac91d7f85c3faa3aa1268f5e62"",""k"":532,""k_filler"":188,""k_ldpc"":720,""layout_id"":""933258e5410f1dec71a82517cace0358e11117f883986a00da5ce3d60b5d9848"",""modulation_padding_bits"":0,""mother_bits"":3744,""n"":1600,""n_cb"":3600,""n_cb_comp"":3412,""power_protocol"":""fixed_constellation_average_Es2"",""puncturing_bits"":1956,""puncturing_first_2Z"":144,""puncturing_remaining"":1812,""repetition_bits"":0,""scrambling"":""public_PCG64_SHA256_protocol_session_frame_group_counter_after_rate_matching_v1"",""shortening_bits"":188,""z"":72}",[1024]
QPSK,1/2,QPSK:r1/2,dafb1d68ee26f197639983726c24633915bba3fe455a6ef3acbbede1b693315e,360,16,0,376,480,104,2496,1354,677,0,0.2776957163958641,0.2658788774002954,"{""actual_effective_rate"":0.2776957163958641,""bg"":""bg2"",""bit_mapping"":""component_Gray_00_-3_01_-1_10_3_11_1_over_sqrt5;QPSK_0_plus1_1_minus1"",""code_blocks"":1,""decoder_config"":{""cn_schedule"":""flooding"",""cn_update"":""boxplus-phi"",""early_stop"":false,""hard_out"":true,""harq_mode"":false,""llr_max"":20.0,""num_iter"":20,""precision"":""single"",""prune_pcm"":true,""return_infobits"":true,""vn_update"":""sum""},""implementation"":{""bit_mapping"":""component_Gray_00_-3_01_-1_10_3_11_1_over_sqrt5;QPSK_0_plus1_1_minus1"",""cuda"":""12.8"",""decoder"":{""cn_schedule"":""flooding"",""cn_update"":""boxplus-phi"",""early_stop"":false,""hard_out"":true,""harq_mode"":false,""llr_max"":20.0,""num_iter"":20,""precision"":""single"",""prune_pcm"":true,""return_infobits"":true,""vn_update"":""sum""},""decoder_source_sha256"":""44d84b92b749e2970f94d92cd348a11648e2286b4d851faa0af8b21d08f0da23"",""encoder_source_sha256"":""34d8db6660b2e84708a8fb534f63c194f6f2b964e3693fcffc9dcaf21532ccfd"",""implementation"":""Sionna_5G_LDPC"",""power_protocol"":""fixed_constellation_average_Es2"",""precision"":""float32"",""rate_matching"":""Sionna RV0; filler removal, first2Z and tail puncturing; supported n only"",""scrambling"":""public_PCG64_SHA256_protocol_session_frame_group_counter_after_rate_matching_v1"",""torch"":""2.11.0+cu128"",""version"":""2.2.0""},""interleaver_sha256"":""399dc44f0cf9b8d1b82d8bdb331c0c4f54799c2feb5696f19d3ccb5cdadc8405"",""k"":376,""k_filler"":104,""k_ldpc"":480,""layout_id"":""ea362283149730f205fd8cb63664a42e4bbaadb8b2317e5ad83fe10c1eabb6af"",""modulation_padding_bits"":0,""mother_bits"":2496,""n"":1354,""n_cb"":2400,""n_cb_comp"":2296,""power_protocol"":""fixed_constellation_average_Es2"",""puncturing_bits"":1038,""puncturing_first_2Z"":96,""puncturing_remaining"":942,""repetition_bits"":0,""scrambling"":""public_PCG64_SHA256_protocol_session_frame_group_counter_after_rate_matching_v1"",""shortening_bits"":104,""z"":48}","[1024,2048]"
16QAM,1/3,16QAM:r1/3,db02186bd4b434c26c1f8a9ef5dcbb8f7331c5ebb1d3f2b7f12e57f3a50e96d6,1668,16,0,1684,1760,76,9152,5956,1489,0,0.2827400940228341,0.2800537273337811,"{""actual_effective_rate"":0.2827400940228341,""bg"":""bg2"",""bit_mapping"":""component_Gray_00_-3_01_-1_10_3_11_1_over_sqrt5;QPSK_0_plus1_1_minus1"",""code_blocks"":1,""decoder_config"":{""cn_schedule"":""flooding"",""cn_update"":""boxplus-phi"",""early_stop"":false,""hard_out"":true,""harq_mode"":false,""llr_max"":20.0,""num_iter"":20,""precision"":""single"",""prune_pcm"":true,""return_infobits"":true,""vn_update"":""sum""},""implementation"":{""bit_mapping"":""component_Gray_00_-3_01_-1_10_3_11_1_over_sqrt5;QPSK_0_plus1_1_minus1"",""cuda"":""12.8"",""decoder"":{""cn_schedule"":""flooding"",""cn_update"":""boxplus-phi"",""early_stop"":false,""hard_out"":true,""harq_mode"":false,""llr_max"":20.0,""num_iter"":20,""precision"":""single"",""prune_pcm"":true,""return_infobits"":true,""vn_update"":""sum""},""decoder_source_sha256"":""44d84b92b749e2970f94d92cd348a11648e2286b4d851faa0af8b21d08f0da23"",""encoder_source_sha256"":""34d8db6660b2e84708a8fb534f63c194f6f2b964e3693fcffc9dcaf21532ccfd"",""implementation"":""Sionna_5G_LDPC"",""power_protocol"":""fixed_constellation_average_Es2"",""precision"":""float32"",""rate_matching"":""Sionna RV0; filler removal, first2Z and tail puncturing; supported n only"",""scrambling"":""public_PCG64_SHA256_protocol_session_frame_group_counter_after_rate_matching_v1"",""torch"":""2.11.0+cu128"",""version"":""2.2.0""},""interleaver_sha256"":""34163e425008c3e0f02eae291da4036dae4daa3c4336218c9487cdea34eadd43"",""k"":1684,""k_filler"":76,""k_ldpc"":1760,""layout_id"":""a721d26e1b094e5a204bbf8a340f0a75f7a0c54f42dcbd46e252920322417079"",""modulation_padding_bits"":0,""mother_bits"":9152,""n"":5956,""n_cb"":8800,""n_cb_comp"":8724,""power_protocol"":""fixed_constellation_average_Es2"",""puncturing_bits"":3120,""puncturing_first_2Z"":352,""puncturing_remaining"":2768,""repetition_bits"":0,""scrambling"":""public_PCG64_SHA256_protocol_session_frame_group_counter_after_rate_matching_v1"",""shortening_bits"":76,""z"":176}",[2048]
16QAM,2/3,16QAM:r2/3,db26a0dc11770eb7b1439e2c8fb4baca6f37598c42572709f3e1a8ae74406c8a,1860,16,0,1876,1920,44,9984,6776,1694,0,0.2768595041322314,0.2744982290436836,"{""actual_effective_rate"":0.2768595041322314,""bg"":""bg2"",""bit_mapping"":""component_Gray_00_-3_01_-1_10_3_11_1_over_sqrt5;QPSK_0_plus1_1_minus1"",""code_blocks"":1,""decoder_config"":{""cn_schedule"":""flooding"",""cn_update"":""boxplus-phi"",""early_stop"":false,""hard_out"":true,""harq_mode"":false,""llr_max"":20.0,""num_iter"":20,""precision"":""single"",""prune_pcm"":true,""return_infobits"":true,""vn_update"":""sum""},""implementation"":{""bit_mapping"":""component_Gray_00_-3_01_-1_10_3_11_1_over_sqrt5;QPSK_0_plus1_1_minus1"",""cuda"":""12.8"",""decoder"":{""cn_schedule"":""flooding"",""cn_update"":""boxplus-phi"",""early_stop"":false,""hard_out"":true,""harq_mode"":false,""llr_max"":20.0,""num_iter"":20,""precision"":""single"",""prune_pcm"":true,""return_infobits"":true,""vn_update"":""sum""},""decoder_source_sha256"":""44d84b92b749e2970f94d92cd348a11648e2286b4d851faa0af8b21d08f0da23"",""encoder_source_sha256"":""34d8db6660b2e84708a8fb534f63c194f6f2b964e3693fcffc9dcaf21532ccfd"",""implementation"":""Sionna_5G_LDPC"",""power_protocol"":""fixed_constellation_average_Es2"",""precision"":""float32"",""rate_matching"":""Sionna RV0; filler removal, first2Z and tail puncturing; supported n only"",""scrambling"":""public_PCG64_SHA256_protocol_session_frame_group_counter_after_rate_matching_v1"",""torch"":""2.11.0+cu128"",""version"":""2.2.0""},""interleaver_sha256"":""cc481fce25e73625405947ac9abe3b41a91c5ade29e10ac135f698bf969fc4b6"",""k"":1876,""k_filler"":44,""k_ldpc"":1920,""layout_id"":""dee71c0a2802a0d80e7c9b582a2ff957dfe221f1a48773fd9f3dbfc7ea740f92"",""modulation_padding_bits"":0,""mother_bits"":9984,""n"":6776,""n_cb"":9600,""n_cb_comp"":9556,""power_protocol"":""fixed_constellation_average_Es2"",""puncturing_bits"":3164,""puncturing_first_2Z"":384,""puncturing_remaining"":2780,""repetition_bits"":0,""scrambling"":""public_PCG64_SHA256_protocol_session_frame_group_counter_after_rate_matching_v1"",""shortening_bits"":44,""z"":192}",[2048]
QPSK,3/4,QPSK:r3/4,db3a90ef5b8ba37c03880d4216d5003e7c367ac931ae12d200a744bebd03dd2f,2100,16,0,2116,2240,124,11648,3494,1747,0,0.6056096164854036,0.6010303377218088,"{""actual_effective_rate"":0.6056096164854036,""bg"":""bg2"",""bit_mapping"":""component_Gray_00_-3_01_-1_10_3_11_1_over_sqrt5;QPSK_0_plus1_1_minus1"",""code_blocks"":1,""decoder_config"":{""cn_schedule"":""flooding"",""cn_update"":""boxplus-phi"",""early_stop"":false,""hard_out"":true,""harq_mode"":false,""llr_max"":20.0,""num_iter"":20,""precision"":""single"",""prune_pcm"":true,""return_infobits"":true,""vn_update"":""sum""},""implementation"":{""bit_mapping"":""component_Gray_00_-3_01_-1_10_3_11_1_over_sqrt5;QPSK_0_plus1_1_minus1"",""cuda"":""12.8"",""decoder"":{""cn_schedule"":""flooding"",""cn_update"":""boxplus-phi"",""early_stop"":false,""hard_out"":true,""harq_mode"":false,""llr_max"":20.0,""num_iter"":20,""precision"":""single"",""prune_pcm"":true,""return_infobits"":true,""vn_update"":""sum""},""decoder_source_sha256"":""44d84b92b749e2970f94d92cd348a11648e2286b4d851faa0af8b21d08f0da23"",""encoder_source_sha256"":""34d8db6660b2e84708a8fb534f63c194f6f2b964e3693fcffc9dcaf21532ccfd"",""implementation"":""Sionna_5G_LDPC"",""power_protocol"":""fixed_constellation_average_Es2"",""precision"":""float32"",""rate_matching"":""Sionna RV0; filler removal, first2Z and tail puncturing; supported n only"",""scrambling"":""public_PCG64_SHA256_protocol_session_frame_group_counter_after_rate_matching_v1"",""torch"":""2.11.0+cu128"",""version"":""2.2.0""},""interleaver_sha256"":""4d58e64d23966439ed3e4b513903eeb75a8a0ee24067edb49062c0179e9f632e"",""k"":2116,""k_filler"":124,""k_ldpc"":2240,""layout_id"":""17372f829b0869be70b77b51f5a50156aa34e5822a19bd514386d216dce469a1"",""modulation_padding_bits"":0,""mother_bits"":11648,""n"":3494,""n_cb"":11200,""n_cb_comp"":11076,""power_protocol"":""fixed_constellation_average_Es2"",""puncturing_bits"":8030,""puncturing_first_2Z"":448,""puncturing_remaining"":7582,""repetition_bits"":0,""scrambling"":""public_PCG64_SHA256_protocol_session_frame_group_counter_after_rate_matching_v1"",""shortening_bits"":124,""z"":224}",[2048]
QPSK,2/3,QPSK:r2/3,db465f8d1c990611a67fe73f9ea8cc42e74b21b58186a74146879a23acd281bf,1092,16,0,1108,1120,12,5824,1866,933,0,0.5937834941050375,0.5852090032154341,"{""actual_effective_rate"":0.5937834941050375,""bg"":""bg2"",""bit_mapping"":""component_Gray_00_-3_01_-1_10_3_11_1_over_sqrt5;QPSK_0_plus1_1_minus1"",""code_blocks"":1,""decoder_config"":{""cn_schedule"":""flooding"",""cn_update"":""boxplus-phi"",""early_stop"":false,""hard_out"":true,""harq_mode"":false,""llr_max"":20.0,""num_iter"":20,""precision"":""single"",""prune_pcm"":true,""return_infobits"":true,""vn_update"":""sum""},""implementation"":{""bit_mapping"":""component_Gray_00_-3_01_-1_10_3_11_1_over_sqrt5;QPSK_0_plus1_1_minus1"",""cuda"":""12.8"",""decoder"":{""cn_schedule"":""flooding"",""cn_update"":""boxplus-phi"",""early_stop"":false,""hard_out"":true,""harq_mode"":false,""llr_max"":20.0,""num_iter"":20,""precision"":""single"",""prune_pcm"":true,""return_infobits"":true,""vn_update"":""sum""},""decoder_source_sha256"":""44d84b92b749e2970f94d92cd348a11648e2286b4d851faa0af8b21d08f0da23"",""encoder_source_sha256"":""34d8db6660b2e84708a8fb534f63c194f6f2b964e3693fcffc9dcaf21532ccfd"",""implementation"":""Sionna_5G_LDPC"",""power_protocol"":""fixed_constellation_average_Es2"",""precision"":""float32"",""rate_matching"":""Sionna RV0; filler removal, first2Z and tail puncturing; supported n only"",""scrambling"":""public_PCG64_SHA256_protocol_session_frame_group_counter_after_rate_matching_v1"",""torch"":""2.11.0+cu128"",""version"":""2.2.0""},""interleaver_sha256"":""9dec0e503cbf70ba9f3443f5f93de811c02f2f06694ae6029ec143bb9c2474e5"",""k"":1108,""k_filler"":12,""k_ldpc"":1120,""layout_id"":""04a05811b01793bdbc525d10d3fccf25764d7f67195b06c0e237c01f72056188"",""modulation_padding_bits"":0,""mother_bits"":5824,""n"":1866,""n_cb"":5600,""n_cb_comp"":5588,""power_protocol"":""fixed_constellation_average_Es2"",""puncturing_bits"":3946,""puncturing_first_2Z"":224,""puncturing_remaining"":3722,""repetition_bits"":0,""scrambling"":""public_PCG64_SHA256_protocol_session_frame_group_counter_after_rate_matching_v1"",""shortening_bits"":12,""z"":112}",[2048]
QPSK,3/4,QPSK:r3/4,db4da5ebc9020e81067010497a6d98cbf23d90074be3446ec10e5558d19b3ba0,1008,16,0,1024,1040,16,5408,1990,995,0,0.5145728643216081,0.5065326633165829,"{""actual_effective_rate"":0.5145728643216081,""bg"":""bg2"",""bit_mapping"":""component_Gray_00_-3_01_-1_10_3_11_1_over_sqrt5;QPSK_0_plus1_1_minus1"",""code_blocks"":1,""decoder_config"":{""cn_schedule"":""flooding"",""cn_update"":""boxplus-phi"",""early_stop"":false,""hard_out"":true,""harq_mode"":false,""llr_max"":20.0,""num_iter"":20,""precision"":""single"",""prune_pcm"":true,""return_infobits"":true,""vn_update"":""sum""},""implementation"":{""bit_mapping"":""component_Gray_00_-3_01_-1_10_3_11_1_over_sqrt5;QPSK_0_plus1_1_minus1"",""cuda"":""12.8"",""decoder"":{""cn_schedule"":""flooding"",""cn_update"":""boxplus-phi"",""early_stop"":false,""hard_out"":true,""harq_mode"":false,""llr_max"":20.0,""num_iter"":20,""precision"":""single"",""prune_pcm"":true,""return_infobits"":true,""vn_update"":""sum""},""decoder_source_sha256"":""44d84b92b749e2970f94d92cd348a11648e2286b4d851faa0af8b21d08f0da23"",""encoder_source_sha256"":""34d8db6660b2e84708a8fb534f63c194f6f2b964e3693fcffc9dcaf21532ccfd"",""implementation"":""Sionna_5G_LDPC"",""power_protocol"":""fixed_constellation_average_Es2"",""precision"":""float32"",""rate_matching"":""Sionna RV0; filler removal, first2Z and tail puncturing; supported n only"",""scrambling"":""public_PCG64_SHA256_protocol_session_frame_group_counter_after_rate_matching_v1"",""torch"":""2.11.0+cu128"",""version"":""2.2.0""},""interleaver_sha256"":""546ac1654901484ba06e797857fac78ea088f5a8ac86f461cb4cf060ed23313b"",""k"":1024,""k_filler"":16,""k_ldpc"":1040,""layout_id"":""668246f904cbea86c9e658e46072bc6adf9681bbc28ac557e1cf90f0f6a0d903"",""modulation_padding_bits"":0,""mother_bits"":5408,""n"":1990,""n_cb"":5200,""n_cb_comp"":5184,""power_protocol"":""fixed_constellation_average_Es2"",""puncturing_bits"":3402,""puncturing_first_2Z"":208,""puncturing_remaining"":3194,""repetition_bits"":0,""scrambling"":""public_PCG64_SHA256_protocol_session_frame_group_counter_after_rate_matching_v1"",""shortening_bits"":16,""z"":104}",[2048]
16QAM,3/4,16QAM:r3/4,db5de3a9cfaf8fe4dfc6443d24de37fa893924e81bcba53238cd243e089c16c8,360,16,0,376,480,104,2496,1720,430,0,0.2186046511627907,0.20930232558139536,"{""actual_effective_rate"":0.2186046511627907,""bg"":""bg2"",""bit_mapping"":""component_Gray_00_-3_01_-1_10_3_11_1_over_sqrt5;QPSK_0_plus1_1_minus1"",""code_blocks"":1,""decoder_config"":{""cn_schedule"":""flooding"",""cn_update"":""boxplus-phi"",""early_stop"":false,""hard_out"":true,""harq_mode"":false,""llr_max"":20.0,""num_iter"":20,""precision"":""single"",""prune_pcm"":true,""return_infobits"":true,""vn_update"":""sum""},""implementation"":{""bit_mapping"":""component_Gray_00_-3_01_-1_10_3_11_1_over_sqrt5;QPSK_0_plus1_1_minus1"",""cuda"":""12.8"",""decoder"":{""cn_schedule"":""flooding"",""cn_update"":""boxplus-phi"",""early_stop"":false,""hard_out"":true,""harq_mode"":false,""llr_max"":20.0,""num_iter"":20,""precision"":""single"",""prune_pcm"":true,""return_infobits"":true,""vn_update"":""sum""},""decoder_source_sha256"":""44d84b92b749e2970f94d92cd348a11648e2286b4d851faa0af8b21d08f0da23"",""encoder_source_sha256"":""34d8db6660b2e84708a8fb534f63c194f6f2b964e3693fcffc9dcaf21532ccfd"",""implementation"":""Sionna_5G_LDPC"",""power_protocol"":""fixed_constellation_average_Es2"",""precision"":""float32"",""rate_matching"":""Sionna RV0; filler removal, first2Z and tail puncturing; supported n only"",""scrambling"":""public_PCG64_SHA256_protocol_session_frame_group_counter_after_rate_matching_v1"",""torch"":""2.11.0+cu128"",""version"":""2.2.0""},""interleaver_sha256"":""c1b208d1ed8e1c16ce1fbb544d296c4a784d39866cc57e1d8e0c56c70af069c2"",""k"":376,""k_filler"":104,""k_ldpc"":480,""layout_id"":""ac1977935152cf67dbe9dd4ba0149a5cc6f70a5d3586372125f24b41ee022970"",""modulation_padding_bits"":0,""mother_bits"":2496,""n"":1720,""n_cb"":2400,""n_cb_comp"":2296,""power_protocol"":""fixed_constellation_average_Es2"",""puncturing_bits"":672,""puncturing_first_2Z"":96,""puncturing_remaining"":576,""repetition_bits"":0,""scrambling"":""public_PCG64_SHA256_protocol_session_frame_group_counter_after_rate_matching_v1"",""shortening_bits"":104,""z"":48}",[2048]
QPSK,2/3,QPSK:r2/3,db67d7d1ff7f87f6ac95ff3b326275940fe905e4460cb0b792907cdded9a6db0,768,16,0,784,800,16,4160,1372,686,0,0.5714285714285714,0.5597667638483965,"{""actual_effective_rate"":0.5714285714285714,""bg"":""bg2"",""bit_mapping"":""component_Gray_00_-3_01_-1_10_3_11_1_over_sqrt5;QPSK_0_plus1_1_minus1"",""code_blocks"":1,""decoder_config"":{""cn_schedule"":""flooding"",""cn_update"":""boxplus-phi"",""early_stop"":false,""hard_out"":true,""harq_mode"":false,""llr_max"":20.0,""num_iter"":20,""precision"":""single"",""prune_pcm"":true,""return_infobits"":true,""vn_update"":""sum""},""implementation"":{""bit_mapping"":""component_Gray_00_-3_01_-1_10_3_11_1_over_sqrt5;QPSK_0_plus1_1_minus1"",""cuda"":""12.8"",""decoder"":{""cn_schedule"":""flooding"",""cn_update"":""boxplus-phi"",""early_stop"":false,""hard_out"":true,""harq_mode"":false,""llr_max"":20.0,""num_iter"":20,""precision"":""single"",""prune_pcm"":true,""return_infobits"":true,""vn_update"":""sum""},""decoder_source_sha256"":""44d84b92b749e2970f94d92cd348a11648e2286b4d851faa0af8b21d08f0da23"",""encoder_source_sha256"":""34d8db6660b2e84708a8fb534f63c194f6f2b964e3693fcffc9dcaf21532ccfd"",""implementation"":""Sionna_5G_LDPC"",""power_protocol"":""fixed_constellation_average_Es2"",""precision"":""float32"",""rate_matching"":""Sionna RV0; filler removal, first2Z and tail puncturing; supported n only"",""scrambling"":""public_PCG64_SHA256_protocol_session_frame_group_counter_after_rate_matching_v1"",""torch"":""2.11.0+cu128"",""version"":""2.2.0""},""interleaver_sha256"":""3faaa27bd6a1180177eaa024b1ec638d95cc6c46e8ff5daa34a88c7fd2217c6c"",""k"":784,""k_filler"":16,""k_ldpc"":800,""layout_id"":""49ef78ab6f99d116c1f465453debb13e12b79bdd4e5be091082e87846fa33307"",""modulation_padding_bits"":0,""mother_bits"":4160,""n"":1372,""n_cb"":4000,""n_cb_comp"":3984,""power_protocol"":""fixed_constellation_average_Es2"",""puncturing_bits"":2772,""puncturing_first_2Z"":160,""puncturing_remaining"":2612,""repetition_bits"":0,""scrambling"":""public_PCG64_SHA256_protocol_session_frame_group_counter_after_rate_matching_v1"",""shortening_bits"":16,""z"":80}",[2048]
QPSK,1/2,QPSK:r1/2,db6c5f5188693de900eb05b1f515e58b385ca755117c0e29336eeea6e1e593b0,660,16,0,676,720,44,3744,3172,1586,0,0.21311475409836064,0.2080706179066835,"{""actual_effective_rate"":0.21311475409836064,""bg"":""bg2"",""bit_mapping"":""component_Gray_00_-3_01_-1_10_3_11_1_over_sqrt5;QPSK_0_plus1_1_minus1"",""code_blocks"":1,""decoder_config"":{""cn_schedule"":""flooding"",""cn_update"":""boxplus-phi"",""early_stop"":false,""hard_out"":true,""harq_mode"":false,""llr_max"":20.0,""num_iter"":20,""precision"":""single"",""prune_pcm"":true,""return_infobits"":true,""vn_update"":""sum""},""implementation"":{""bit_mapping"":""component_Gray_00_-3_01_-1_10_3_11_1_over_sqrt5;QPSK_0_plus1_1_minus1"",""cuda"":""12.8"",""decoder"":{""cn_schedule"":""flooding"",""cn_update"":""boxplus-phi"",""early_stop"":false,""hard_out"":true,""harq_mode"":false,""llr_max"":20.0,""num_iter"":20,""precision"":""single"",""prune_pcm"":true,""return_infobits"":true,""vn_update"":""sum""},""decoder_source_sha256"":""44d84b92b749e2970f94d92cd348a11648e2286b4d851faa0af8b21d08f0da23"",""encoder_source_sha256"":""34d8db6660b2e84708a8fb534f63c194f6f2b964e3693fcffc9dcaf21532ccfd"",""implementation"":""Sionna_5G_LDPC"",""power_protocol"":""fixed_constellation_average_Es2"",""precision"":""float32"",""rate_matching"":""Sionna RV0; filler removal, first2Z and tail puncturing; supported n only"",""scrambling"":""public_PCG64_SHA256_protocol_session_frame_group_counter_after_rate_matching_v1"",""torch"":""2.11.0+cu128"",""version"":""2.2.0""},""interleaver_sha256"":""b4d81da01ac608c2ece6353cc92c540ec65d2dc181f9dec941d2e3d15ef0c63d"",""k"":676,""k_filler"":44,""k_ldpc"":720,""layout_id"":""3170d478c3c926a6200268f8abb4ac4abf529df7e7d39b1d9bf12c306e9972dc"",""modulation_padding_bits"":0,""mother_bits"":3744,""n"":3172,""n_cb"":3600,""n_cb_comp"":3556,""power_protocol"":""fixed_constellation_average_Es2"",""puncturing_bits"":528,""puncturing_first_2Z"":144,""puncturing_remaining"":384,""repetition_bits"":0,""scrambling"":""public_PCG64_SHA256_protocol_session_frame_group_counter_after_rate_matching_v1"",""shortening_bits"":44,""z"":72}",[2048]
16QAM,1/3,16QAM:r1/3,db6eced2f1763c12c37c85e194dd7c4e9904d4944b2470091a8b4c04fd143fd1,660,16,0,676,720,44,3744,2104,526,0,0.32129277566539927,0.31368821292775667,"{""actual_effective_rate"":0.32129277566539927,""bg"":""bg2"",""bit_mapping"":""component_Gray_00_-3_01_-1_10_3_11_1_over_sqrt5;QPSK_0_plus1_1_minus1"",""code_blocks"":1,""decoder_config"":{""cn_schedule"":""flooding"",""cn_update"":""boxplus-phi"",""early_stop"":false,""hard_out"":true,""harq_mode"":false,""llr_max"":20.0,""num_iter"":20,""precision"":""single"",""prune_pcm"":true,""return_infobits"":true,""vn_update"":""sum""},""implementation"":{""bit_mapping"":""component_Gray_00_-3_01_-1_10_3_11_1_over_sqrt5;QPSK_0_plus1_1_minus1"",""cuda"":""12.8"",""decoder"":{""cn_schedule"":""flooding"",""cn_update"":""boxplus-phi"",""early_stop"":false,""hard_out"":true,""harq_mode"":false,""llr_max"":20.0,""num_iter"":20,""precision"":""single"",""prune_pcm"":true,""return_infobits"":true,""vn_update"":""sum""},""decoder_source_sha256"":""44d84b92b749e2970f94d92cd348a11648e2286b4d851faa0af8b21d08f0da23"",""encoder_source_sha256"":""34d8db6660b2e84708a8fb534f63c194f6f2b964e3693fcffc9dcaf21532ccfd"",""implementation"":""Sionna_5G_LDPC"",""power_protocol"":""fixed_constellation_average_Es2"",""precision"":""float32"",""rate_matching"":""Sionna RV0; filler removal, first2Z and tail puncturing; supported n only"",""scrambling"":""public_PCG64_SHA256_protocol_session_frame_group_counter_after_rate_matching_v1"",""torch"":""2.11.0+cu128"",""version"":""2.2.0""},""interleaver_sha256"":""27c927808f5a7579f6acf8b55a2ac102da178b4bff2c861fcfe85fb01a653c9c"",""k"":676,""k_filler"":44,""k_ldpc"":720,""layout_id"":""06511f9896f27458c826cbe77cebab27d007cc416fc6752492fcf0e5e88711a9"",""modulation_padding_bits"":0,""mother_bits"":3744,""n"":2104,""n_cb"":3600,""n_cb_comp"":3556,""power_protocol"":""fixed_constellation_average_Es2"",""puncturing_bits"":1596,""puncturing_first_2Z"":144,""puncturing_remaining"":1452,""repetition_bits"":0,""scrambling"":""public_PCG64_SHA256_protocol_session_frame_group_counter_after_rate_matching_v1"",""shortening_bits"":44,""z"":72}",[1024]
16QAM,2/3,16QAM:r2/3,db76c15d61270958d55429234f32a2340acce0b7f978cd58889eb5fc4662a50c,1200,16,0,1216,1280,64,6656,1824,456,0,0.6666666666666666,0.6578947368421053,"{""actual_effective_rate"":0.6666666666666666,""bg"":""bg2"",""bit_mapping"":""component_Gray_00_-3_01_-1_10_3_11_1_over_sqrt5;QPSK_0_plus1_1_minus1"",""code_blocks"":1,""decoder_config"":{""cn_schedule"":""flooding"",""cn_update"":""boxplus-phi"",""early_stop"":false,""hard_out"":true,""harq_mode"":false,""llr_max"":20.0,""num_iter"":20,""precision"":""single"",""prune_pcm"":true,""return_infobits"":true,""vn_update"":""sum""},""implementation"":{""bit_mapping"":""component_Gray_00_-3_01_-1_10_3_11_1_over_sqrt5;QPSK_0_plus1_1_minus1"",""cuda"":""12.8"",""decoder"":{""cn_schedule"":""flooding"",""cn_update"":""boxplus-phi"",""early_stop"":false,""hard_out"":true,""harq_mode"":false,""llr_max"":20.0,""num_iter"":20,""precision"":""single"",""prune_pcm"":true,""return_infobits"":true,""vn_update"":""sum""},""decoder_source_sha256"":""44d84b92b749e2970f94d92cd348a11648e2286b4d851faa0af8b21d08f0da23"",""encoder_source_sha256"":""34d8db6660b2e84708a8fb534f63c194f6f2b964e3693fcffc9dcaf21532ccfd"",""implementation"":""Sionna_5G_LDPC"",""power_protocol"":""fixed_constellation_average_Es2"",""precision"":""float32"",""rate_matching"":""Sionna RV0; filler removal, first2Z and tail puncturing; supported n only"",""scrambling"":""public_PCG64_SHA256_protocol_session_frame_group_counter_after_rate_matching_v1"",""torch"":""2.11.0+cu128"",""version"":""2.2.0""},""interleaver_sha256"":""eb057ec68dd7d3b4d5d3364fb76b5c3a766ac48274db47db7a1411d5fd725fd7"",""k"":1216,""k_filler"":64,""k_ldpc"":1280,""layout_id"":""619eab5ce606111e2e52b70ea877ac9f41a5d33c12d71220ac23e6687f4a60ef"",""modulation_padding_bits"":0,""mother_bits"":6656,""n"":1824,""n_cb"":6400,""n_cb_comp"":6336,""power_protocol"":""fixed_constellation_average_Es2"",""puncturing_bits"":4768,""puncturing_first_2Z"":256,""puncturing_remaining"":4512,""repetition_bits"":0,""scrambling"":""public_PCG64_SHA256_protocol_session_frame_group_counter_after_rate_matching_v1"",""shortening_bits"":64,""z"":128}","[1024,2048]"
16QAM,3/4,16QAM:r3/4,db87cdf58b70d8559a51cdcecd83ce8b4b9fbb23e92237373eb0ed0fe024217b,5160,16,0,5176,5280,104,16320,6912,1728,0,0.7488425925925926,0.7465277777777778,"{""actual_effective_rate"":0.7488425925925926,""bg"":""bg1"",""bit_mapping"":""component_Gray_00_-3_01_-1_10_3_11_1_over_sqrt5;QPSK_0_plus1_1_minus1"",""code_blocks"":1,""decoder_config"":{""cn_schedule"":""flooding"",""cn_update"":""boxplus-phi"",""early_stop"":false,""hard_out"":true,""harq_mode"":false,""llr_max"":20.0,""num_iter"":20,""precision"":""single"",""prune_pcm"":true,""return_infobits"":true,""vn_update"":""sum""},""implementation"":{""bit_mapping"":""component_Gray_00_-3_01_-1_10_3_11_1_over_sqrt5;QPSK_0_plus1_1_minus1"",""cuda"":""12.8"",""decoder"":{""cn_schedule"":""flooding"",""cn_update"":""boxplus-phi"",""early_stop"":false,""hard_out"":true,""harq_mode"":false,""llr_max"":20.0,""num_iter"":20,""precision"":""single"",""prune_pcm"":true,""return_infobits"":true,""vn_update"":""sum""},""decoder_source_sha256"":""44d84b92b749e2970f94d92cd348a11648e2286b4d851faa0af8b21d08f0da23"",""encoder_source_sha256"":""34d8db6660b2e84708a8fb534f63c194f6f2b964e3693fcffc9dcaf21532ccfd"",""implementation"":""Sionna_5G_LDPC"",""power_protocol"":""fixed_constellation_average_Es2"",""precision"":""float32"",""rate_matching"":""Sionna RV0; filler removal, first2Z and tail puncturing; supported n only"",""scrambling"":""public_PCG64_SHA256_protocol_session_frame_group_counter_after_rate_matching_v1"",""torch"":""2.11.0+cu128"",""version"":""2.2.0""},""interleaver_sha256"":""60e866f297e9c91a9fb7ae17ae1be92d0bed3c04ec8840567be5842585aac44c"",""k"":5176,""k_filler"":104,""k_ldpc"":5280,""layout_id"":""25dcb2cb327469378542161f6dba77157484db69dc527bf9f804c33d59449ddf"",""modulation_padding_bits"":0,""mother_bits"":16320,""n"":6912,""n_cb"":15840,""n_cb_comp"":15736,""power_protocol"":""fixed_constellation_average_Es2"",""puncturing_bits"":9304,""puncturing_first_2Z"":480,""puncturing_remaining"":8824,""repetition_bits"":0,""scrambling"":""public_PCG64_SHA256_protocol_session_frame_group_counter_after_rate_matching_v1"",""shortening_bits"":104,""z"":240}",[2048]
16QAM,5/6,16QAM:r5/6,db9c11f385f240bada0b4286f4041a519ec76a375fff93dc67e7baccda637729,2100,16,0,2116,2240,124,11648,4828,1207,0,0.4382767191383596,0.43496271748135873,"{""actual_effective_rate"":0.4382767191383596,""bg"":""bg2"",""bit_mapping"":""component_Gray_00_-3_01_-1_10_3_11_1_over_sqrt5;QPSK_0_plus1_1_minus1"",""code_blocks"":1,""decoder_config"":{""cn_schedule"":""flooding"",""cn_update"":""boxplus-phi"",""early_stop"":false,""hard_out"":true,""harq_mode"":false,""llr_max"":20.0,""num_iter"":20,""precision"":""single"",""prune_pcm"":true,""return_infobits"":true,""vn_update"":""sum""},""implementation"":{""bit_mapping"":""component_Gray_00_-3_01_-1_10_3_11_1_over_sqrt5;QPSK_0_plus1_1_minus1"",""cuda"":""12.8"",""decoder"":{""cn_schedule"":""flooding"",""cn_update"":""boxplus-phi"",""early_stop"":false,""hard_out"":true,""harq_mode"":false,""llr_max"":20.0,""num_iter"":20,""precision"":""single"",""prune_pcm"":true,""return_infobits"":true,""vn_update"":""sum""},""decoder_source_sha256"":""44d84b92b749e2970f94d92cd348a11648e2286b4d851faa0af8b21d08f0da23"",""encoder_source_sha256"":""34d8db6660b2e84708a8fb534f63c194f6f2b964e3693fcffc9dcaf21532ccfd"",""implementation"":""Sionna_5G_LDPC"",""power_protocol"":""fixed_constellation_average_Es2"",""precision"":""float32"",""rate_matching"":""Sionna RV0; filler removal, first2Z and tail puncturing; supported n only"",""scrambling"":""public_PCG64_SHA256_protocol_session_frame_group_counter_after_rate_matching_v1"",""torch"":""2.11.0+cu128"",""version"":""2.2.0""},""interleaver_sha256"":""a0dbded6718d66e4e6e350c9f70dcfbb44de1423a4c8feb0fa2f0459743f8f9a"",""k"":2116,""k_filler"":124,""k_ldpc"":2240,""layout_id"":""d424294f125908c664cc7958a6d18a5f33b92a4ea697f71e29ea2e7b24cab891"",""modulation_padding_bits"":0,""mother_bits"":11648,""n"":4828,""n_cb"":11200,""n_cb_comp"":11076,""power_protocol"":""fixed_constellation_average_Es2"",""puncturing_bits"":6696,""puncturing_first_2Z"":448,""puncturing_remaining"":6248,""repetition_bits"":0,""scrambling"":""public_PCG64_SHA256_protocol_session_frame_group_counter_after_rate_matching_v1"",""shortening_bits"":124,""z"":224}",[2048]
16QAM,5/6,16QAM:r5/6,dba3eecd0e9ad03bbfa1e686de9986fdefcb2d5d72c0113b5ccc2ba657595819,4488,16,0,4504,4576,72,14144,5408,1352,0,0.8328402366863905,0.8298816568047337,"{""actual_effective_rate"":0.8328402366863905,""bg"":""bg1"",""bit_mapping"":""component_Gray_00_-3_01_-1_10_3_11_1_over_sqrt5;QPSK_0_plus1_1_minus1"",""code_blocks"":1,""decoder_config"":{""cn_schedule"":""flooding"",""cn_update"":""boxplus-phi"",""early_stop"":false,""hard_out"":true,""harq_mode"":false,""llr_max"":20.0,""num_iter"":20,""precision"":""single"",""prune_pcm"":true,""return_infobits"":true,""vn_update"":""sum""},""implementation"":{""bit_mapping"":""component_Gray_00_-3_01_-1_10_3_11_1_over_sqrt5;QPSK_0_plus1_1_minus1"",""cuda"":""12.8"",""decoder"":{""cn_schedule"":""flooding"",""cn_update"":""boxplus-phi"",""early_stop"":false,""hard_out"":true,""harq_mode"":false,""llr_max"":20.0,""num_iter"":20,""precision"":""single"",""prune_pcm"":true,""return_infobits"":true,""vn_update"":""sum""},""decoder_source_sha256"":""44d84b92b749e2970f94d92cd348a11648e2286b4d851faa0af8b21d08f0da23"",""encoder_source_sha256"":""34d8db6660b2e84708a8fb534f63c194f6f2b964e3693fcffc9dcaf21532ccfd"",""implementation"":""Sionna_5G_LDPC"",""power_protocol"":""fixed_constellation_average_Es2"",""precision"":""float32"",""rate_matching"":""Sionna RV0; filler removal, first2Z and tail puncturing; supported n only"",""scrambling"":""public_PCG64_SHA256_protocol_session_frame_group_counter_after_rate_matching_v1"",""torch"":""2.11.0+cu128"",""version"":""2.2.0""},""interleaver_sha256"":""bd224b5eed81283e890a2d1ea77fe40069c5ce8423fb8215f94879f211d226c5"",""k"":4504,""k_filler"":72,""k_ldpc"":4576,""layout_id"":""9c90ae142e491e067fea02e9442384da287138ba0fe47702cd80c2324d55d831"",""modulation_padding_bits"":0,""mother_bits"":14144,""n"":5408,""n_cb"":13728,""n_cb_comp"":13656,""power_protocol"":""fixed_constellation_average_Es2"",""puncturing_bits"":8664,""puncturing_first_2Z"":416,""puncturing_remaining"":8248,""repetition_bits"":0,""scrambling"":""public_PCG64_SHA256_protocol_session_frame_group_counter_after_rate_matching_v1"",""shortening_bits"":72,""z"":208}",[2048]
16QAM,2/3,16QAM:r2/3,dbad2d2aa834ed3722039eac19f42a4d22b316be0df270e1b9809c4573361712,360,16,0,376,480,104,2496,1392,348,0,0.27011494252873564,0.25862068965517243,"{""actual_effective_rate"":0.27011494252873564,""bg"":""bg2"",""bit_mapping"":""component_Gray_00_-3_01_-1_10_3_11_1_over_sqrt5;QPSK_0_plus1_1_minus1"",""code_blocks"":1,""decoder_config"":{""cn_schedule"":""flooding"",""cn_update"":""boxplus-phi"",""early_stop"":false,""hard_out"":true,""harq_mode"":false,""llr_max"":20.0,""num_iter"":20,""precision"":""single"",""prune_pcm"":true,""return_infobits"":true,""vn_update"":""sum""},""implementation"":{""bit_mapping"":""component_Gray_00_-3_01_-1_10_3_11_1_over_sqrt5;QPSK_0_plus1_1_minus1"",""cuda"":""12.8"",""decoder"":{""cn_schedule"":""flooding"",""cn_update"":""boxplus-phi"",""early_stop"":false,""hard_out"":true,""harq_mode"":false,""llr_max"":20.0,""num_iter"":20,""precision"":""single"",""prune_pcm"":true,""return_infobits"":true,""vn_update"":""sum""},""decoder_source_sha256"":""44d84b92b749e2970f94d92cd348a11648e2286b4d851faa0af8b21d08f0da23"",""encoder_source_sha256"":""34d8db6660b2e84708a8fb534f63c194f6f2b964e3693fcffc9dcaf21532ccfd"",""implementation"":""Sionna_5G_LDPC"",""power_protocol"":""fixed_constellation_average_Es2"",""precision"":""float32"",""rate_matching"":""Sionna RV0; filler removal, first2Z and tail puncturing; supported n only"",""scrambling"":""public_PCG64_SHA256_protocol_session_frame_group_counter_after_rate_matching_v1"",""torch"":""2.11.0+cu128"",""version"":""2.2.0""},""interleaver_sha256"":""3b80d22f76c4dd09c9d2767feadb6231df926877764877fb6d1f9968384a83cf"",""k"":376,""k_filler"":104,""k_ldpc"":480,""layout_id"":""182bda64d8367fe06d860eec53b170b2b05cc293cbb4ec9c0a2083886416b4fb"",""modulation_padding_bits"":0,""mother_bits"":2496,""n"":1392,""n_cb"":2400,""n_cb_comp"":2296,""power_protocol"":""fixed_constellation_average_Es2"",""puncturing_bits"":1000,""puncturing_first_2Z"":96,""puncturing_remaining"":904,""repetition_bits"":0,""scrambling"":""public_PCG64_SHA256_protocol_session_frame_group_counter_after_rate_matching_v1"",""shortening_bits"":104,""z"":48}",[2048]
QPSK,2/3,QPSK:r2/3,dbae3a66ff0e7d596cfa29c544f3b58c93af930dbff847835850b38c29345314,624,16,0,640,720,80,3744,1034,517,0,0.6189555125725339,0.6034816247582205,"{""actual_effective_rate"":0.6189555125725339,""bg"":""bg2"",""bit_mapping"":""component_Gray_00_-3_01_-1_10_3_11_1_over_sqrt5;QPSK_0_plus1_1_minus1"",""code_blocks"":1,""decoder_config"":{""cn_schedule"":""flooding"",""cn_update"":""boxplus-phi"",""early_stop"":false,""hard_out"":true,""harq_mode"":false,""llr_max"":20.0,""num_iter"":20,""precision"":""single"",""prune_pcm"":true,""return_infobits"":true,""vn_update"":""sum""},""implementation"":{""bit_mapping"":""component_Gray_00_-3_01_-1_10_3_11_1_over_sqrt5;QPSK_0_plus1_1_minus1"",""cuda"":""12.8"",""decoder"":{""cn_schedule"":""flooding"",""cn_update"":""boxplus-phi"",""early_stop"":false,""hard_out"":true,""harq_mode"":false,""llr_max"":20.0,""num_iter"":20,""precision"":""single"",""prune_pcm"":true,""return_infobits"":true,""vn_update"":""sum""},""decoder_source_sha256"":""44d84b92b749e2970f94d92cd348a11648e2286b4d851faa0af8b21d08f0da23"",""encoder_source_sha256"":""34d8db6660b2e84708a8fb534f63c194f6f2b964e3693fcffc9dcaf21532ccfd"",""implementation"":""Sionna_5G_LDPC"",""power_protocol"":""fixed_constellation_average_Es2"",""precision"":""float32"",""rate_matching"":""Sionna RV0; filler removal, first2Z and tail puncturing; supported n only"",""scrambling"":""public_PCG64_SHA256_protocol_session_frame_group_counter_after_rate_matching_v1"",""torch"":""2.11.0+cu128"",""version"":""2.2.0""},""interleaver_sha256"":""2e3a549ed89715a4744df8109119d9792d06a181bf141643b9446b24b44d71f8"",""k"":640,""k_filler"":80,""k_ldpc"":720,""layout_id"":""e4d8e0a1cf1694b21475b1b6940d6500b70929ce3a3c242915611e6541d69178"",""modulation_padding_bits"":0,""mother_bits"":3744,""n"":1034,""n_cb"":3600,""n_cb_comp"":3520,""power_protocol"":""fixed_constellation_average_Es2"",""puncturing_bits"":2630,""puncturing_first_2Z"":144,""puncturing_remaining"":2486,""repetition_bits"":0,""scrambling"":""public_PCG64_SHA256_protocol_session_frame_group_counter_after_rate_matching_v1"",""shortening_bits"":80,""z"":72}",[1024]
16QAM,3/4,16QAM:r3/4,dbbc82a402f4565511f1d04f67122e6dc00e7d03d58769ab01339a8df8bbc5f7,1860,16,0,1876,1936,60,5984,2776,694,0,0.6757925072046109,0.670028818443804,"{""actual_effective_rate"":0.6757925072046109,""bg"":""bg1"",""bit_mapping"":""component_Gray_00_-3_01_-1_10_3_11_1_over_sqrt5;QPSK_0_plus1_1_minus1"",""code_blocks"":1,""decoder_config"":{""cn_schedule"":""flooding"",""cn_update"":""boxplus-phi"",""early_stop"":false,""hard_out"":true,""harq_mode"":false,""llr_max"":20.0,""num_iter"":20,""precision"":""single"",""prune_pcm"":true,""return_infobits"":true,""vn_update"":""sum""},""implementation"":{""bit_mapping"":""component_Gray_00_-3_01_-1_10_3_11_1_over_sqrt5;QPSK_0_plus1_1_minus1"",""cuda"":""12.8"",""decoder"":{""cn_schedule"":""flooding"",""cn_update"":""boxplus-phi"",""early_stop"":false,""hard_out"":true,""harq_mode"":false,""llr_max"":20.0,""num_iter"":20,""precision"":""single"",""prune_pcm"":true,""return_infobits"":true,""vn_update"":""sum""},""decoder_source_sha256"":""44d84b92b749e2970f94d92cd348a11648e2286b4d851faa0af8b21d08f0da23"",""encoder_source_sha256"":""34d8db6660b2e84708a8fb534f63c194f6f2b964e3693fcffc9dcaf21532ccfd"",""implementation"":""Sionna_5G_LDPC"",""power_protocol"":""fixed_constellation_average_Es2"",""precision"":""float32"",""rate_matching"":""Sionna RV0; filler removal, first2Z and tail puncturing; supported n only"",""scrambling"":""public_PCG64_SHA256_protocol_session_frame_group_counter_after_rate_matching_v1"",""torch"":""2.11.0+cu128"",""version"":""2.2.0""},""interleaver_sha256"":""674d2eaca56a1ba03cef74b20873bb22e930f7578c51a00015d0a5385e16b3ab"",""k"":1876,""k_filler"":60,""k_ldpc"":1936,""layout_id"":""713b5a3379b56e17c580ccb3c9e85af341d7edceea20cf0c8d3943a2134dfc81"",""modulation_padding_bits"":0,""mother_bits"":5984,""n"":2776,""n_cb"":5808,""n_cb_comp"":5748,""power_protocol"":""fixed_constellation_average_Es2"",""puncturing_bits"":3148,""puncturing_first_2Z"":176,""puncturing_remaining"":2972,""repetition_bits"":0,""scrambling"":""public_PCG64_SHA256_protocol_session_frame_group_counter_after_rate_matching_v1"",""shortening_bits"":60,""z"":88}",[1024]
16QAM,5/6,16QAM:r5/6,dbbffa33286e8032ee19fb49707a20e8a550de20317c718f3504b72a87822425,1092,16,0,1108,1144,36,3536,1384,346,0,0.8005780346820809,0.7890173410404624,"{""actual_effective_rate"":0.8005780346820809,""bg"":""bg1"",""bit_mapping"":""component_Gray_00_-3_01_-1_10_3_11_1_over_sqrt5;QPSK_0_plus1_1_minus1"",""code_blocks"":1,""decoder_config"":{""cn_schedule"":""flooding"",""cn_update"":""boxplus-phi"",""early_stop"":false,""hard_out"":true,""harq_mode"":false,""llr_max"":20.0,""num_iter"":20,""precision"":""single"",""prune_pcm"":true,""return_infobits"":true,""vn_update"":""sum""},""implementation"":{""bit_mapping"":""component_Gray_00_-3_01_-1_10_3_11_1_over_sqrt5;QPSK_0_plus1_1_minus1"",""cuda"":""12.8"",""decoder"":{""cn_schedule"":""flooding"",""cn_update"":""boxplus-phi"",""early_stop"":false,""hard_out"":true,""harq_mode"":false,""llr_max"":20.0,""num_iter"":20,""precision"":""single"",""prune_pcm"":true,""return_infobits"":true,""vn_update"":""sum""},""decoder_source_sha256"":""44d84b92b749e2970f94d92cd348a11648e2286b4d851faa0af8b21d08f0da23"",""encoder_source_sha256"":""34d8db6660b2e84708a8fb534f63c194f6f2b964e3693fcffc9dcaf21532ccfd"",""implementation"":""Sionna_5G_LDPC"",""power_protocol"":""fixed_constellation_average_Es2"",""precision"":""float32"",""rate_matching"":""Sionna RV0; filler removal, first2Z and tail puncturing; supported n only"",""scrambling"":""public_PCG64_SHA256_protocol_session_frame_group_counter_after_rate_matching_v1"",""torch"":""2.11.0+cu128"",""version"":""2.2.0""},""interleaver_sha256"":""4980d55c3c5201889ed9f16706c15f1fa9c2d0324ce0fe3beceb62479ba45db9"",""k"":1108,""k_filler"":36,""k_ldpc"":1144,""layout_id"":""c785cb46c21453e5a67013af29c09765d3d7cf9ff1e3c58e854ac7af59f4c1ac"",""modulation_padding_bits"":0,""mother_bits"":3536,""n"":1384,""n_cb"":3432,""n_cb_comp"":3396,""power_protocol"":""fixed_constellation_average_Es2"",""puncturing_bits"":2116,""puncturing_first_2Z"":104,""puncturing_remaining"":2012,""repetition_bits"":0,""scrambling"":""public_PCG64_SHA256_protocol_session_frame_group_counter_after_rate_matching_v1"",""shortening_bits"":36,""z"":52}",[1024]
16QAM,3/4,16QAM:r3/4,dbc04a0bec22c48a46329249df58f2d74929d7b99e5e25b0b4e8e9eb5fdc3c00,600,16,0,616,616,0,1904,824,206,0,0.7475728155339806,0.7281553398058253,"{""actual_effective_rate"":0.7475728155339806,""bg"":""bg1"",""bit_mapping"":""component_Gray_00_-3_01_-1_10_3_11_1_over_sqrt5;QPSK_0_plus1_1_minus1"",""code_blocks"":1,""decoder_config"":{""cn_schedule"":""flooding"",""cn_update"":""boxplus-phi"",""early_stop"":false,""hard_out"":true,""harq_mode"":false,""llr_max"":20.0,""num_iter"":20,""precision"":""single"",""prune_pcm"":true,""return_infobits"":true,""vn_update"":""sum""},""implementation"":{""bit_mapping"":""component_Gray_00_-3_01_-1_10_3_11_1_over_sqrt5;QPSK_0_plus1_1_minus1"",""cuda"":""12.8"",""decoder"":{""cn_schedule"":""flooding"",""cn_update"":""boxplus-phi"",""early_stop"":false,""hard_out"":true,""harq_mode"":false,""llr_max"":20.0,""num_iter"":20,""precision"":""single"",""prune_pcm"":true,""return_infobits"":true,""vn_update"":""sum""},""decoder_source_sha256"":""44d84b92b749e2970f94d92cd348a11648e2286b4d851faa0af8b21d08f0da23"",""encoder_source_sha256"":""34d8db6660b2e84708a8fb534f63c194f6f2b964e3693fcffc9dcaf21532ccfd"",""implementation"":""Sionna_5G_LDPC"",""power_protocol"":""fixed_constellation_average_Es2"",""precision"":""float32"",""rate_matching"":""Sionna RV0; filler removal, first2Z and tail puncturing; supported n only"",""scrambling"":""public_PCG64_SHA256_protocol_session_frame_group_counter_after_rate_matching_v1"",""torch"":""2.11.0+cu128"",""version"":""2.2.0""},""interleaver_sha256"":""53cb030b8ae0007162914a119da4de0b7e5ee33976336d747d05a0d5c89d7183"",""k"":616,""k_filler"":0,""k_ldpc"":616,""layout_id"":""799161a723d2839a505021a4dc075b918f2d0add92c157d409a8b6c1a1d4cabf"",""modulation_padding_bits"":0,""mother_bits"":1904,""n"":824,""n_cb"":1848,""n_cb_comp"":1848,""power_protocol"":""fixed_constellation_average_Es2"",""puncturing_bits"":1080,""puncturing_first_2Z"":56,""puncturing_remaining"":1024,""repetition_bits"":0,""scrambling"":""public_PCG64_SHA256_protocol_session_frame_group_counter_after_rate_matching_v1"",""shortening_bits"":0,""z"":28}","[1024,2048]"
16QAM,2/3,16QAM:r2/3,dbc755566ddf995f07e8c6b2691a6563c0b72710fb53122162d4e9a2706288cd,1092,16,0,1108,1120,12,5824,3960,990,0,0.2797979797979798,0.27575757575757576,"{""actual_effective_rate"":0.2797979797979798,""bg"":""bg2"",""bit_mapping"":""component_Gray_00_-3_01_-1_10_3_11_1_over_sqrt5;QPSK_0_plus1_1_minus1"",""code_blocks"":1,""decoder_config"":{""cn_schedule"":""flooding"",""cn_update"":""boxplus-phi"",""early_stop"":false,""hard_out"":true,""harq_mode"":false,""llr_max"":20.0,""num_iter"":20,""precision"":""single"",""prune_pcm"":true,""return_infobits"":true,""vn_update"":""sum""},""implementation"":{""bit_mapping"":""component_Gray_00_-3_01_-1_10_3_11_1_over_sqrt5;QPSK_0_plus1_1_minus1"",""cuda"":""12.8"",""decoder"":{""cn_schedule"":""flooding"",""cn_update"":""boxplus-phi"",""early_stop"":false,""hard_out"":true,""harq_mode"":false,""llr_max"":20.0,""num_iter"":20,""precision"":""single"",""prune_pcm"":true,""return_infobits"":true,""vn_update"":""sum""},""decoder_source_sha256"":""44d84b92b749e2970f94d92cd348a11648e2286b4d851faa0af8b21d08f0da23"",""encoder_source_sha256"":""34d8db6660b2e84708a8fb534f63c194f6f2b964e3693fcffc9dcaf21532ccfd"",""implementation"":""Sionna_5G_LDPC"",""power_protocol"":""fixed_constellation_average_Es2"",""precision"":""float32"",""rate_matching"":""Sionna RV0; filler removal, first2Z and tail puncturing; supported n only"",""scrambling"":""public_PCG64_SHA256_protocol_session_frame_group_counter_after_rate_matching_v1"",""torch"":""2.11.0+cu128"",""version"":""2.2.0""},""interleaver_sha256"":""7c570cb78d3bd63415567e2a8824bcdd0591d5ea7f4a401cc5264327f25de3d9"",""k"":1108,""k_filler"":12,""k_ldpc"":1120,""layout_id"":""9f15e2dfef0f3f6209754407c081bf1d6a16932c1394aec23aec0c358a8e35a4"",""modulation_padding_bits"":0,""mother_bits"":5824,""n"":3960,""n_cb"":5600,""n_cb_comp"":5588,""power_protocol"":""fixed_constellation_average_Es2"",""puncturing_bits"":1852,""puncturing_first_2Z"":224,""puncturing_remaining"":1628,""repetition_bits"":0,""scrambling"":""public_PCG64_SHA256_protocol_session_frame_group_counter_after_rate_matching_v1"",""shortening_bits"":12,""z"":112}",[2048]
QPSK,5/6,QPSK:r5/6,dbd4ea9ae8b0061be316cdb6b9e93341c097a5976d4ef1fbf179be4563f59a84,384,16,0,400,520,120,2704,1558,779,0,0.25673940949935814,0.24646983311938384,"{""actual_effective_rate"":0.25673940949935814,""bg"":""bg2"",""bit_mapping"":""component_Gray_00_-3_01_-1_10_3_11_1_over_sqrt5;QPSK_0_plus1_1_minus1"",""code_blocks"":1,""decoder_config"":{""cn_schedule"":""flooding"",""cn_update"":""boxplus-phi"",""early_stop"":false,""hard_out"":true,""harq_mode"":false,""llr_max"":20.0,""num_iter"":20,""precision"":""single"",""prune_pcm"":true,""return_infobits"":true,""vn_update"":""sum""},""implementation"":{""bit_mapping"":""component_Gray_00_-3_01_-1_10_3_11_1_over_sqrt5;QPSK_0_plus1_1_minus1"",""cuda"":""12.8"",""decoder"":{""cn_schedule"":""flooding"",""cn_update"":""boxplus-phi"",""early_stop"":false,""hard_out"":true,""harq_mode"":false,""llr_max"":20.0,""num_iter"":20,""precision"":""single"",""prune_pcm"":true,""return_infobits"":true,""vn_update"":""sum""},""decoder_source_sha256"":""44d84b92b749e2970f94d92cd348a11648e2286b4d851faa0af8b21d08f0da23"",""encoder_source_sha256"":""34d8db6660b2e84708a8fb534f63c194f6f2b964e3693fcffc9dcaf21532ccfd"",""implementation"":""Sionna_5G_LDPC"",""power_protocol"":""fixed_constellation_average_Es2"",""precision"":""float32"",""rate_matching"":""Sionna RV0; filler removal, first2Z and tail puncturing; supported n only"",""scrambling"":""public_PCG64_SHA256_protocol_session_frame_group_counter_after_rate_matching_v1"",""torch"":""2.11.0+cu128"",""version"":""2.2.0""},""interleaver_sha256"":""01914fd2630a17f35f0101fdbc5da76bdb2910aecdd5656354ba86cdcd76b699"",""k"":400,""k_filler"":120,""k_ldpc"":520,""layout_id"":""3f16ce7fac9cd35784102a5af3c871d56945e16f07c2c3691ae66b7f63bbe74e"",""modulation_padding_bits"":0,""mother_bits"":2704,""n"":1558,""n_cb"":2600,""n_cb_comp"":2480,""power_protocol"":""fixed_constellation_average_Es2"",""puncturing_bits"":1026,""puncturing_first_2Z"":104,""puncturing_remaining"":922,""repetition_bits"":0,""scrambling"":""public_PCG64_SHA256_protocol_session_frame_group_counter_after_rate_matching_v1"",""shortening_bits"":120,""z"":52}",[2048]
16QAM,2/3,16QAM:r2/3,dbd72e8c41e6ecd5e394650ae0595465cc729b445b2f8554ab5c2f2fa39b520e,360,16,0,376,480,104,2496,1188,297,0,0.3164983164983165,0.30303030303030304,"{""actual_effective_rate"":0.3164983164983165,""bg"":""bg2"",""bit_mapping"":""component_Gray_00_-3_01_-1_10_3_11_1_over_sqrt5;QPSK_0_plus1_1_minus1"",""code_blocks"":1,""decoder_config"":{""cn_schedule"":""flooding"",""cn_update"":""boxplus-phi"",""early_stop"":false,""hard_out"":true,""harq_mode"":false,""llr_max"":20.0,""num_iter"":20,""precision"":""single"",""prune_pcm"":true,""return_infobits"":true,""vn_update"":""sum""},""implementation"":{""bit_mapping"":""component_Gray_00_-3_01_-1_10_3_11_1_over_sqrt5;QPSK_0_plus1_1_minus1"",""cuda"":""12.8"",""decoder"":{""cn_schedule"":""flooding"",""cn_update"":""boxplus-phi"",""early_stop"":false,""hard_out"":true,""harq_mode"":false,""llr_max"":20.0,""num_iter"":20,""precision"":""single"",""prune_pcm"":true,""return_infobits"":true,""vn_update"":""sum""},""decoder_source_sha256"":""44d84b92b749e2970f94d92cd348a11648e2286b4d851faa0af8b21d08f0da23"",""encoder_source_sha256"":""34d8db6660b2e84708a8fb534f63c194f6f2b964e3693fcffc9dcaf21532ccfd"",""implementation"":""Sionna_5G_LDPC"",""power_protocol"":""fixed_constellation_average_Es2"",""precision"":""float32"",""rate_matching"":""Sionna RV0; filler removal, first2Z and tail puncturing; supported n only"",""scrambling"":""public_PCG64_SHA256_protocol_session_frame_group_counter_after_rate_matching_v1"",""torch"":""2.11.0+cu128"",""version"":""2.2.0""},""interleaver_sha256"":""2a9027da9516cc6f6a924d6029b6b30033390d1f415d74d74b29cf5c906f98cd"",""k"":376,""k_filler"":104,""k_ldpc"":480,""layout_id"":""1127639efdd751caed05f1c99dde70d9c2b2403c96c3e3a99912578058621dc4"",""modulation_padding_bits"":0,""mother_bits"":2496,""n"":1188,""n_cb"":2400,""n_cb_comp"":2296,""power_protocol"":""fixed_constellation_average_Es2"",""puncturing_bits"":1204,""puncturing_first_2Z"":96,""puncturing_remaining"":1108,""repetition_bits"":0,""scrambling"":""public_PCG64_SHA256_protocol_session_frame_group_counter_after_rate_matching_v1"",""shortening_bits"":104,""z"":48}",[1024]
16QAM,1/3,16QAM:r1/3,dbe58daa14a0393d4d5b1ec7bd4d046655158615ceaa442508056f79b22196ee,660,16,0,676,720,44,3744,2692,673,0,0.2511144130757801,0.2451708766716196,"{""actual_effective_rate"":0.2511144130757801,""bg"":""bg2"",""bit_mapping"":""component_Gray_00_-3_01_-1_10_3_11_1_over_sqrt5;QPSK_0_plus1_1_minus1"",""code_blocks"":1,""decoder_config"":{""cn_schedule"":""flooding"",""cn_update"":""boxplus-phi"",""early_stop"":false,""hard_out"":true,""harq_mode"":false,""llr_max"":20.0,""num_iter"":20,""precision"":""single"",""prune_pcm"":true,""return_infobits"":true,""vn_update"":""sum""},""implementation"":{""bit_mapping"":""component_Gray_00_-3_01_-1_10_3_11_1_over_sqrt5;QPSK_0_plus1_1_minus1"",""cuda"":""12.8"",""decoder"":{""cn_schedule"":""flooding"",""cn_update"":""boxplus-phi"",""early_stop"":false,""hard_out"":true,""harq_mode"":false,""llr_max"":20.0,""num_iter"":20,""precision"":""single"",""prune_pcm"":true,""return_infobits"":true,""vn_update"":""sum""},""decoder_source_sha256"":""44d84b92b749e2970f94d92cd348a11648e2286b4d851faa0af8b21d08f0da23"",""encoder_source_sha256"":""34d8db6660b2e84708a8fb534f63c194f6f2b964e3693fcffc9dcaf21532ccfd"",""implementation"":""Sionna_5G_LDPC"",""power_protocol"":""fixed_constellation_average_Es2"",""precision"":""float32"",""rate_matching"":""Sionna RV0; filler removal, first2Z and tail puncturing; supported n only"",""scrambling"":""public_PCG64_SHA256_protocol_session_frame_group_counter_after_rate_matching_v1"",""torch"":""2.11.0+cu128"",""version"":""2.2.0""},""interleaver_sha256"":""8e01a429922ce4b6790073ab05cff362e43e36c6aaa94952b4fa1303587a707b"",""k"":676,""k_filler"":44,""k_ldpc"":720,""layout_id"":""8381be0c55794090fbe85611508502962464a1b380b8c9871021f0f089287002"",""modulation_padding_bits"":0,""mother_bits"":3744,""n"":2692,""n_cb"":3600,""n_cb_comp"":3556,""power_protocol"":""fixed_constellation_average_Es2"",""puncturing_bits"":1008,""puncturing_first_2Z"":144,""puncturing_remaining"":864,""repetition_bits"":0,""scrambling"":""public_PCG64_SHA256_protocol_session_frame_group_counter_after_rate_matching_v1"",""shortening_bits"":44,""z"":72}",[1024]
16QAM,2/3,16QAM:r2/3,dbecc841cb032b83fafdecce43088364881306fda8395e1d339cdbf5c1dc65b0,1440,16,0,1456,1600,144,8320,2184,546,0,0.6666666666666666,0.6593406593406593,"{""actual_effective_rate"":0.6666666666666666,""bg"":""bg2"",""bit_mapping"":""component_Gray_00_-3_01_-1_10_3_11_1_over_sqrt5;QPSK_0_plus1_1_minus1"",""code_blocks"":1,""decoder_config"":{""cn_schedule"":""flooding"",""cn_update"":""boxplus-phi"",""early_stop"":false,""hard_out"":true,""harq_mode"":false,""llr_max"":20.0,""num_iter"":20,""precision"":""single"",""prune_pcm"":true,""return_infobits"":true,""vn_update"":""sum""},""implementation"":{""bit_mapping"":""component_Gray_00_-3_01_-1_10_3_11_1_over_sqrt5;QPSK_0_plus1_1_minus1"",""cuda"":""12.8"",""decoder"":{""cn_schedule"":""flooding"",""cn_update"":""boxplus-phi"",""early_stop"":false,""hard_out"":true,""harq_mode"":false,""llr_max"":20.0,""num_iter"":20,""precision"":""single"",""prune_pcm"":true,""return_infobits"":true,""vn_update"":""sum""},""decoder_source_sha256"":""44d84b92b749e2970f94d92cd348a11648e2286b4d851faa0af8b21d08f0da23"",""encoder_source_sha256"":""34d8db6660b2e84708a8fb534f63c194f6f2b964e3693fcffc9dcaf21532ccfd"",""implementation"":""Sionna_5G_LDPC"",""power_protocol"":""fixed_constellation_average_Es2"",""precision"":""float32"",""rate_matching"":""Sionna RV0; filler removal, first2Z and tail puncturing; supported n only"",""scrambling"":""public_PCG64_SHA256_protocol_session_frame_group_counter_after_rate_matching_v1"",""torch"":""2.11.0+cu128"",""version"":""2.2.0""},""interleaver_sha256"":""bd4f1418ccce41319029264ecdf4d67855257d41b5bd43b089271ad641f178d5"",""k"":1456,""k_filler"":144,""k_ldpc"":1600,""layout_id"":""fba8748fdbd110e402d1a398b410c2fc26de599a67a467fc1850cb986c72d6cf"",""modulation_padding_bits"":0,""mother_bits"":8320,""n"":2184,""n_cb"":8000,""n_cb_comp"":7856,""power_protocol"":""fixed_constellation_average_Es2"",""puncturing_bits"":5992,""puncturing_first_2Z"":320,""puncturing_remaining"":5672,""repetition_bits"":0,""scrambling"":""public_PCG64_SHA256_protocol_session_frame_group_counter_after_rate_matching_v1"",""shortening_bits"":144,""z"":160}",[1024]
QPSK,3/4,QPSK:r3/4,dbef63d0de1cdf681b101115aa5b648642305f5cf38dec749910fc28a2498473,660,16,0,676,720,44,3744,1514,757,0,0.4464993394980185,0.43593130779392336,"{""actual_effective_rate"":0.4464993394980185,""bg"":""bg2"",""bit_mapping"":""component_Gray_00_-3_01_-1_10_3_11_1_over_sqrt5;QPSK_0_plus1_1_minus1"",""code_blocks"":1,""decoder_config"":{""cn_schedule"":""flooding"",""cn_update"":""boxplus-phi"",""early_stop"":false,""hard_out"":true,""harq_mode"":false,""llr_max"":20.0,""num_iter"":20,""precision"":""single"",""prune_pcm"":true,""return_infobits"":true,""vn_update"":""sum""},""implementation"":{""bit_mapping"":""component_Gray_00_-3_01_-1_10_3_11_1_over_sqrt5;QPSK_0_plus1_1_minus1"",""cuda"":""12.8"",""decoder"":{""cn_schedule"":""flooding"",""cn_update"":""boxplus-phi"",""early_stop"":false,""hard_out"":true,""harq_mode"":false,""llr_max"":20.0,""num_iter"":20,""precision"":""single"",""prune_pcm"":true,""return_infobits"":true,""vn_update"":""sum""},""decoder_source_sha256"":""44d84b92b749e2970f94d92cd348a11648e2286b4d851faa0af8b21d08f0da23"",""encoder_source_sha256"":""34d8db6660b2e84708a8fb534f63c194f6f2b964e3693fcffc9dcaf21532ccfd"",""implementation"":""Sionna_5G_LDPC"",""power_protocol"":""fixed_constellation_average_Es2"",""precision"":""float32"",""rate_matching"":""Sionna RV0; filler removal, first2Z and tail puncturing; supported n only"",""scrambling"":""public_PCG64_SHA256_protocol_session_frame_group_counter_after_rate_matching_v1"",""torch"":""2.11.0+cu128"",""version"":""2.2.0""},""interleaver_sha256"":""e2d16421cd8d5b7a8fff723ffcd008cc22d42b85f69df11adb7bb1e1354208fe"",""k"":676,""k_filler"":44,""k_ldpc"":720,""layout_id"":""147371393734e08452a3fd1948ea096301ac2ab127cb268022e7ee5fde1190bb"",""modulation_padding_bits"":0,""mother_bits"":3744,""n"":1514,""n_cb"":3600,""n_cb_comp"":3556,""power_protocol"":""fixed_constellation_average_Es2"",""puncturing_bits"":2186,""puncturing_first_2Z"":144,""puncturing_remaining"":2042,""repetition_bits"":0,""scrambling"":""public_PCG64_SHA256_protocol_session_frame_group_counter_after_rate_matching_v1"",""shortening_bits"":44,""z"":72}",[2048]
16QAM,1/2,16QAM:r1/2,dbfdcea8c94cb79bf72363ffc9fb6e57293eea5ed3280ae2ef8d10829db52802,660,16,0,676,720,44,3744,2812,703,0,0.24039829302987198,0.23470839260312945,"{""actual_effective_rate"":0.24039829302987198,""bg"":""bg2"",""bit_mapping"":""component_Gray_00_-3_01_-1_10_3_11_1_over_sqrt5;QPSK_0_plus1_1_minus1"",""code_blocks"":1,""decoder_config"":{""cn_schedule"":""flooding"",""cn_update"":""boxplus-phi"",""early_stop"":false,""hard_out"":true,""harq_mode"":false,""llr_max"":20.0,""num_iter"":20,""precision"":""single"",""prune_pcm"":true,""return_infobits"":true,""vn_update"":""sum""},""implementation"":{""bit_mapping"":""component_Gray_00_-3_01_-1_10_3_11_1_over_sqrt5;QPSK_0_plus1_1_minus1"",""cuda"":""12.8"",""decoder"":{""cn_schedule"":""flooding"",""cn_update"":""boxplus-phi"",""early_stop"":false,""hard_out"":true,""harq_mode"":false,""llr_max"":20.0,""num_iter"":20,""precision"":""single"",""prune_pcm"":true,""return_infobits"":true,""vn_update"":""sum""},""decoder_source_sha256"":""44d84b92b749e2970f94d92cd348a11648e2286b4d851faa0af8b21d08f0da23"",""encoder_source_sha256"":""34d8db6660b2e84708a8fb534f63c194f6f2b964e3693fcffc9dcaf21532ccfd"",""implementation"":""Sionna_5G_LDPC"",""power_protocol"":""fixed_constellation_average_Es2"",""precision"":""float32"",""rate_matching"":""Sionna RV0; filler removal, first2Z and tail puncturing; supported n only"",""scrambling"":""public_PCG64_SHA256_protocol_session_frame_group_counter_after_rate_matching_v1"",""torch"":""2.11.0+cu128"",""version"":""2.2.0""},""interleaver_sha256"":""a10c64faab11134808e007e1b7a0af19d88f532a68dbba164b796e0eceeed5ab"",""k"":676,""k_filler"":44,""k_ldpc"":720,""layout_id"":""cdf239bde0f10d93ebcc1d394b42f1ab60d641c261a7787ca5487c9070566d05"",""modulation_padding_bits"":0,""mother_bits"":3744,""n"":2812,""n_cb"":3600,""n_cb_comp"":3556,""power_protocol"":""fixed_constellation_average_Es2"",""puncturing_bits"":888,""puncturing_first_2Z"":144,""puncturing_remaining"":744,""repetition_bits"":0,""scrambling"":""public_PCG64_SHA256_protocol_session_frame_group_counter_after_rate_matching_v1"",""shortening_bits"":44,""z"":72}",[2048]
QPSK,1/3,QPSK:r1/3,dc07fb216932de096389a1e6425139a21171ab015dd9dcd17421ab3fc67577f2,360,16,0,376,480,104,2496,1704,852,0,0.22065727699530516,0.2112676056338028,"{""actual_effective_rate"":0.22065727699530516,""bg"":""bg2"",""bit_mapping"":""component_Gray_00_-3_01_-1_10_3_11_1_over_sqrt5;QPSK_0_plus1_1_minus1"",""code_blocks"":1,""decoder_config"":{""cn_schedule"":""flooding"",""cn_update"":""boxplus-phi"",""early_stop"":false,""hard_out"":true,""harq_mode"":false,""llr_max"":20.0,""num_iter"":20,""precision"":""single"",""prune_pcm"":true,""return_infobits"":true,""vn_update"":""sum""},""implementation"":{""bit_mapping"":""component_Gray_00_-3_01_-1_10_3_11_1_over_sqrt5;QPSK_0_plus1_1_minus1"",""cuda"":""12.8"",""decoder"":{""cn_schedule"":""flooding"",""cn_update"":""boxplus-phi"",""early_stop"":false,""hard_out"":true,""harq_mode"":false,""llr_max"":20.0,""num_iter"":20,""precision"":""single"",""prune_pcm"":true,""return_infobits"":true,""vn_update"":""sum""},""decoder_source_sha256"":""44d84b92b749e2970f94d92cd348a11648e2286b4d851faa0af8b21d08f0da23"",""encoder_source_sha256"":""34d8db6660b2e84708a8fb534f63c194f6f2b964e3693fcffc9dcaf21532ccfd"",""implementation"":""Sionna_5G_LDPC"",""power_protocol"":""fixed_constellation_average_Es2"",""precision"":""float32"",""rate_matching"":""Sionna RV0; filler removal, first2Z and tail puncturing; supported n only"",""scrambling"":""public_PCG64_SHA256_protocol_session_frame_group_counter_after_rate_matching_v1"",""torch"":""2.11.0+cu128"",""version"":""2.2.0""},""interleaver_sha256"":""682f711e8310ab077f3ba52bd47bc0b513150502759981b5bae268ce1189ec33"",""k"":376,""k_filler"":104,""k_ldpc"":480,""layout_id"":""0d3fa02a54860f65a7ba9fb28ed8e5c8cbf4498096565f5b0fa95eb3c5e9515a"",""modulation_padding_bits"":0,""mother_bits"":2496,""n"":1704,""n_cb"":2400,""n_cb_comp"":2296,""power_protocol"":""fixed_constellation_average_Es2"",""puncturing_bits"":688,""puncturing_first_2Z"":96,""puncturing_remaining"":592,""repetition_bits"":0,""scrambling"":""public_PCG64_SHA256_protocol_session_frame_group_counter_after_rate_matching_v1"",""shortening_bits"":104,""z"":48}",[2048]
16QAM,3/4,16QAM:r3/4,dc0fa6b6c9eec9b56e5fcc1e73712357e639928bc754a0fb95876f88122c25cb,1368,16,0,1384,1440,56,7488,2220,555,0,0.6234234234234234,0.6162162162162163,"{""actual_effective_rate"":0.6234234234234234,""bg"":""bg2"",""bit_mapping"":""component_Gray_00_-3_01_-1_10_3_11_1_over_sqrt5;QPSK_0_plus1_1_minus1"",""code_blocks"":1,""decoder_config"":{""cn_schedule"":""flooding"",""cn_update"":""boxplus-phi"",""early_stop"":false,""hard_out"":true,""harq_mode"":false,""llr_max"":20.0,""num_iter"":20,""precision"":""single"",""prune_pcm"":true,""return_infobits"":true,""vn_update"":""sum""},""implementation"":{""bit_mapping"":""component_Gray_00_-3_01_-1_10_3_11_1_over_sqrt5;QPSK_0_plus1_1_minus1"",""cuda"":""12.8"",""decoder"":{""cn_schedule"":""flooding"",""cn_update"":""boxplus-phi"",""early_stop"":false,""hard_out"":true,""harq_mode"":false,""llr_max"":20.0,""num_iter"":20,""precision"":""single"",""prune_pcm"":true,""return_infobits"":true,""vn_update"":""sum""},""decoder_source_sha256"":""44d84b92b749e2970f94d92cd348a11648e2286b4d851faa0af8b21d08f0da23"",""encoder_source_sha256"":""34d8db6660b2e84708a8fb534f63c194f6f2b964e3693fcffc9dcaf21532ccfd"",""implementation"":""Sionna_5G_LDPC"",""power_protocol"":""fixed_constellation_average_Es2"",""precision"":""float32"",""rate_matching"":""Sionna RV0; filler removal, first2Z and tail puncturing; supported n only"",""scrambling"":""public_PCG64_SHA256_protocol_session_frame_group_counter_after_rate_matching_v1"",""torch"":""2.11.0+cu128"",""version"":""2.2.0""},""interleaver_sha256"":""506068223a0ee7a820a369d7d06cdeb1f876cf3a6f2e0fc09e563494e34fd2bc"",""k"":1384,""k_filler"":56,""k_ldpc"":1440,""layout_id"":""f43cfbeafb16fa6c74a8c6804368ecbd245878d91baa5bf53f071450bc4177a3"",""modulation_padding_bits"":0,""mother_bits"":7488,""n"":2220,""n_cb"":7200,""n_cb_comp"":7144,""power_protocol"":""fixed_constellation_average_Es2"",""puncturing_bits"":5212,""puncturing_first_2Z"":288,""puncturing_remaining"":4924,""repetition_bits"":0,""scrambling"":""public_PCG64_SHA256_protocol_session_frame_group_counter_after_rate_matching_v1"",""shortening_bits"":56,""z"":144}",[1024]
QPSK,3/4,QPSK:r3/4,dc1538f7301006fd210f3b8c88999e2d79dfff8b4704cf25903ca9d18f761c15,360,16,0,376,480,104,2496,978,489,0,0.38445807770961143,0.36809815950920244,"{""actual_effective_rate"":0.38445807770961143,""bg"":""bg2"",""bit_mapping"":""component_Gray_00_-3_01_-1_10_3_11_1_over_sqrt5;QPSK_0_plus1_1_minus1"",""code_blocks"":1,""decoder_config"":{""cn_schedule"":""flooding"",""cn_update"":""boxplus-phi"",""early_stop"":false,""hard_out"":true,""harq_mode"":false,""llr_max"":20.0,""num_iter"":20,""precision"":""single"",""prune_pcm"":true,""return_infobits"":true,""vn_update"":""sum""},""implementation"":{""bit_mapping"":""component_Gray_00_-3_01_-1_10_3_11_1_over_sqrt5;QPSK_0_plus1_1_minus1"",""cuda"":""12.8"",""decoder"":{""cn_schedule"":""flooding"",""cn_update"":""boxplus-phi"",""early_stop"":false,""hard_out"":true,""harq_mode"":false,""llr_max"":20.0,""num_iter"":20,""precision"":""single"",""prune_pcm"":true,""return_infobits"":true,""vn_update"":""sum""},""decoder_source_sha256"":""44d84b92b749e2970f94d92cd348a11648e2286b4d851faa0af8b21d08f0da23"",""encoder_source_sha256"":""34d8db6660b2e84708a8fb534f63c194f6f2b964e3693fcffc9dcaf21532ccfd"",""implementation"":""Sionna_5G_LDPC"",""power_protocol"":""fixed_constellation_average_Es2"",""precision"":""float32"",""rate_matching"":""Sionna RV0; filler removal, first2Z and tail puncturing; supported n only"",""scrambling"":""public_PCG64_SHA256_protocol_session_frame_group_counter_after_rate_matching_v1"",""torch"":""2.11.0+cu128"",""version"":""2.2.0""},""interleaver_sha256"":""97c5b51633443818cd5f43caf69aad1dcabf9303046e8286113a8d6acaacf56e"",""k"":376,""k_filler"":104,""k_ldpc"":480,""layout_id"":""0f49f764a1bcd65a7f3fb93b7e635ab4179bee26babd8ecd4bf7b00f24a5304a"",""modulation_padding_bits"":0,""mother_bits"":2496,""n"":978,""n_cb"":2400,""n_cb_comp"":2296,""power_protocol"":""fixed_constellation_average_Es2"",""puncturing_bits"":1414,""puncturing_first_2Z"":96,""puncturing_remaining"":1318,""repetition_bits"":0,""scrambling"":""public_PCG64_SHA256_protocol_session_frame_group_counter_after_rate_matching_v1"",""shortening_bits"":104,""z"":48}",[1024]
QPSK,3/4,QPSK:r3/4,dc25d37381fe546d8290a334c69684d938f53f985b9c70a0e73f91f742b4b020,2112,16,0,2128,2288,160,7072,2848,1424,0,0.7471910112359551,0.7415730337078652,"{""actual_effective_rate"":0.7471910112359551,""bg"":""bg1"",""bit_mapping"":""component_Gray_00_-3_01_-1_10_3_11_1_over_sqrt5;QPSK_0_plus1_1_minus1"",""code_blocks"":1,""decoder_config"":{""cn_schedule"":""flooding"",""cn_update"":""boxplus-phi"",""early_stop"":false,""hard_out"":true,""harq_mode"":false,""llr_max"":20.0,""num_iter"":20,""precision"":""single"",""prune_pcm"":true,""return_infobits"":true,""vn_update"":""sum""},""implementation"":{""bit_mapping"":""component_Gray_00_-3_01_-1_10_3_11_1_over_sqrt5;QPSK_0_plus1_1_minus1"",""cuda"":""12.8"",""decoder"":{""cn_schedule"":""flooding"",""cn_update"":""boxplus-phi"",""early_stop"":false,""hard_out"":true,""harq_mode"":false,""llr_max"":20.0,""num_iter"":20,""precision"":""single"",""prune_pcm"":true,""return_infobits"":true,""vn_update"":""sum""},""decoder_source_sha256"":""44d84b92b749e2970f94d92cd348a11648e2286b4d851faa0af8b21d08f0da23"",""encoder_source_sha256"":""34d8db6660b2e84708a8fb534f63c194f6f2b964e3693fcffc9dcaf21532ccfd"",""implementation"":""Sionna_5G_LDPC"",""power_protocol"":""fixed_constellation_average_Es2"",""precision"":""float32"",""rate_matching"":""Sionna RV0; filler removal, first2Z and tail puncturing; supported n only"",""scrambling"":""public_PCG64_SHA256_protocol_session_frame_group_counter_after_rate_matching_v1"",""torch"":""2.11.0+cu128"",""version"":""2.2.0""},""interleaver_sha256"":""c105f131e4c4d055e6fd4e56b5bef0cf15e90670ec6f76a5d7b1042176ca94c2"",""k"":2128,""k_filler"":160,""k_ldpc"":2288,""layout_id"":""6a56cf0d9ce039549f811c334d78d7cd8f4dc816528be0725dce9ec4b07231f1"",""modulation_padding_bits"":0,""mother_bits"":7072,""n"":2848,""n_cb"":6864,""n_cb_comp"":6704,""power_protocol"":""fixed_constellation_average_Es2"",""puncturing_bits"":4064,""puncturing_first_2Z"":208,""puncturing_remaining"":3856,""repetition_bits"":0,""scrambling"":""public_PCG64_SHA256_protocol_session_frame_group_counter_after_rate_matching_v1"",""shortening_bits"":160,""z"":104}",[2048]
QPSK,1/2,QPSK:r1/2,dc32285d959acd57697dba9242a77084b146ccffd773dc5fa853c90da621a98c,624,16,0,640,720,80,3744,2834,1417,0,0.22582921665490474,0.22018348623853212,"{""actual_effective_rate"":0.22582921665490474,""bg"":""bg2"",""bit_mapping"":""component_Gray_00_-3_01_-1_10_3_11_1_over_sqrt5;QPSK_0_plus1_1_minus1"",""code_blocks"":1,""decoder_config"":{""cn_schedule"":""flooding"",""cn_update"":""boxplus-phi"",""early_stop"":false,""hard_out"":true,""harq_mode"":false,""llr_max"":20.0,""num_iter"":20,""precision"":""single"",""prune_pcm"":true,""return_infobits"":true,""vn_update"":""sum""},""implementation"":{""bit_mapping"":""component_Gray_00_-3_01_-1_10_3_11_1_over_sqrt5;QPSK_0_plus1_1_minus1"",""cuda"":""12.8"",""decoder"":{""cn_schedule"":""flooding"",""cn_update"":""boxplus-phi"",""early_stop"":false,""hard_out"":true,""harq_mode"":false,""llr_max"":20.0,""num_iter"":20,""precision"":""single"",""prune_pcm"":true,""return_infobits"":true,""vn_update"":""sum""},""decoder_source_sha256"":""44d84b92b749e2970f94d92cd348a11648e2286b4d851faa0af8b21d08f0da23"",""encoder_source_sha256"":""34d8db6660b2e84708a8fb534f63c194f6f2b964e3693fcffc9dcaf21532ccfd"",""implementation"":""Sionna_5G_LDPC"",""power_protocol"":""fixed_constellation_average_Es2"",""precision"":""float32"",""rate_matching"":""Sionna RV0; filler removal, first2Z and tail puncturing; supported n only"",""scrambling"":""public_PCG64_SHA256_protocol_session_frame_group_counter_after_rate_matching_v1"",""torch"":""2.11.0+cu128"",""version"":""2.2.0""},""interleaver_sha256"":""644fbe4fdb98e6f0eabf80ef04598a5594e3964ccd5ece2d435522dc410b4fa8"",""k"":640,""k_filler"":80,""k_ldpc"":720,""layout_id"":""7cb42aba0a18ec8c28cc80b303dee7352767f23c7ac1de6d70bdcf22f5b06b13"",""modulation_padding_bits"":0,""mother_bits"":3744,""n"":2834,""n_cb"":3600,""n_cb_comp"":3520,""power_protocol"":""fixed_constellation_average_Es2"",""puncturing_bits"":830,""puncturing_first_2Z"":144,""puncturing_remaining"":686,""repetition_bits"":0,""scrambling"":""public_PCG64_SHA256_protocol_session_frame_group_counter_after_rate_matching_v1"",""shortening_bits"":80,""z"":72}",[2048]
QPSK,1/3,QPSK:r1/3,dc38adddc175feae700297c60ec7175ce813de3667be7359e9b14af1c2e88456,468,16,0,484,640,156,3328,1454,727,0,0.3328748280605227,0.3218707015130674,"{""actual_effective_rate"":0.3328748280605227,""bg"":""bg2"",""bit_mapping"":""component_Gray_00_-3_01_-1_10_3_11_1_over_sqrt5;QPSK_0_plus1_1_minus1"",""code_blocks"":1,""decoder_config"":{""cn_schedule"":""flooding"",""cn_update"":""boxplus-phi"",""early_stop"":false,""hard_out"":true,""harq_mode"":false,""llr_max"":20.0,""num_iter"":20,""precision"":""single"",""prune_pcm"":true,""return_infobits"":true,""vn_update"":""sum""},""implementation"":{""bit_mapping"":""component_Gray_00_-3_01_-1_10_3_11_1_over_sqrt5;QPSK_0_plus1_1_minus1"",""cuda"":""12.8"",""decoder"":{""cn_schedule"":""flooding"",""cn_update"":""boxplus-phi"",""early_stop"":false,""hard_out"":true,""harq_mode"":false,""llr_max"":20.0,""num_iter"":20,""precision"":""single"",""prune_pcm"":true,""return_infobits"":true,""vn_update"":""sum""},""decoder_source_sha256"":""44d84b92b749e2970f94d92cd348a11648e2286b4d851faa0af8b21d08f0da23"",""encoder_source_sha256"":""34d8db6660b2e84708a8fb534f63c194f6f2b964e3693fcffc9dcaf21532ccfd"",""implementation"":""Sionna_5G_LDPC"",""power_protocol"":""fixed_constellation_average_Es2"",""precision"":""float32"",""rate_matching"":""Sionna RV0; filler removal, first2Z and tail puncturing; supported n only"",""scrambling"":""public_PCG64_SHA256_protocol_session_frame_group_counter_after_rate_matching_v1"",""torch"":""2.11.0+cu128"",""version"":""2.2.0""},""interleaver_sha256"":""f7860737283de96174475822b739df7f8cf6ba6f6e4b224ee8cf2e6e1dafb2db"",""k"":484,""k_filler"":156,""k_ldpc"":640,""layout_id"":""549666d71be3012d48e05d74a6227f1b877bb66d1cba258a61bf93dca99e2ba1"",""modulation_padding_bits"":0,""mother_bits"":3328,""n"":1454,""n_cb"":3200,""n_cb_comp"":3044,""power_protocol"":""fixed_constellation_average_Es2"",""puncturing_bits"":1718,""puncturing_first_2Z"":128,""puncturing_remaining"":1590,""repetition_bits"":0,""scrambling"":""public_PCG64_SHA256_protocol_session_frame_group_counter_after_rate_matching_v1"",""shortening_bits"":156,""z"":64}",[2048]
QPSK,1/2,QPSK:r1/2,dc4f228f21b634a64ebca7283827e714fc534de671df07d11d63bd24ac59cd83,360,16,0,376,480,104,2496,840,420,0,0.44761904761904764,0.42857142857142855,"{""actual_effective_rate"":0.44761904761904764,""bg"":""bg2"",""bit_mapping"":""component_Gray_00_-3_01_-1_10_3_11_1_over_sqrt5;QPSK_0_plus1_1_minus1"",""code_blocks"":1,""decoder_config"":{""cn_schedule"":""flooding"",""cn_update"":""boxplus-phi"",""early_stop"":false,""hard_out"":true,""harq_mode"":false,""llr_max"":20.0,""num_iter"":20,""precision"":""single"",""prune_pcm"":true,""return_infobits"":true,""vn_update"":""sum""},""implementation"":{""bit_mapping"":""component_Gray_00_-3_01_-1_10_3_11_1_over_sqrt5;QPSK_0_plus1_1_minus1"",""cuda"":""12.8"",""decoder"":{""cn_schedule"":""flooding"",""cn_update"":""boxplus-phi"",""early_stop"":false,""hard_out"":true,""harq_mode"":false,""llr_max"":20.0,""num_iter"":20,""precision"":""single"",""prune_pcm"":true,""return_infobits"":true,""vn_update"":""sum""},""decoder_source_sha256"":""44d84b92b749e2970f94d92cd348a11648e2286b4d851faa0af8b21d08f0da23"",""encoder_source_sha256"":""34d8db6660b2e84708a8fb534f63c194f6f2b964e3693fcffc9dcaf21532ccfd"",""implementation"":""Sionna_5G_LDPC"",""power_protocol"":""fixed_constellation_average_Es2"",""precision"":""float32"",""rate_matching"":""Sionna RV0; filler removal, first2Z and tail puncturing; supported n only"",""scrambling"":""public_PCG64_SHA256_protocol_session_frame_group_counter_after_rate_matching_v1"",""torch"":""2.11.0+cu128"",""version"":""2.2.0""},""interleaver_sha256"":""ba1c0fb93cae8e1468fd8e7b52d7c697d870fb0fadcd2c9edf1c375645511617"",""k"":376,""k_filler"":104,""k_ldpc"":480,""layout_id"":""b7ce3d6b6648e4c18eabacd77ee95d2e96599d7a36fa2f4eb2e9fef6d6f37db8"",""modulation_padding_bits"":0,""mother_bits"":2496,""n"":840,""n_cb"":2400,""n_cb_comp"":2296,""power_protocol"":""fixed_constellation_average_Es2"",""puncturing_bits"":1552,""puncturing_first_2Z"":96,""puncturing_remaining"":1456,""repetition_bits"":0,""scrambling"":""public_PCG64_SHA256_protocol_session_frame_group_counter_after_rate_matching_v1"",""shortening_bits"":104,""z"":48}","[1024,2048]"
QPSK,3/4,QPSK:r3/4,dc4feb3d3001a7cc9135aeca923f9be35dd4ab6b14f41bfe7f22e9f73f90a2a6,660,16,0,676,720,44,3744,1520,760,0,0.44473684210526315,0.4342105263157895,"{""actual_effective_rate"":0.44473684210526315,""bg"":""bg2"",""bit_mapping"":""component_Gray_00_-3_01_-1_10_3_11_1_over_sqrt5;QPSK_0_plus1_1_minus1"",""code_blocks"":1,""decoder_config"":{""cn_schedule"":""flooding"",""cn_update"":""boxplus-phi"",""early_stop"":false,""hard_out"":true,""harq_mode"":false,""llr_max"":20.0,""num_iter"":20,""precision"":""single"",""prune_pcm"":true,""return_infobits"":true,""vn_update"":""sum""},""implementation"":{""bit_mapping"":""component_Gray_00_-3_01_-1_10_3_11_1_over_sqrt5;QPSK_0_plus1_1_minus1"",""cuda"":""12.8"",""decoder"":{""cn_schedule"":""flooding"",""cn_update"":""boxplus-phi"",""early_stop"":false,""hard_out"":true,""harq_mode"":false,""llr_max"":20.0,""num_iter"":20,""precision"":""single"",""prune_pcm"":true,""return_infobits"":true,""vn_update"":""sum""},""decoder_source_sha256"":""44d84b92b749e2970f94d92cd348a11648e2286b4d851faa0af8b21d08f0da23"",""encoder_source_sha256"":""34d8db6660b2e84708a8fb534f63c194f6f2b964e3693fcffc9dcaf21532ccfd"",""implementation"":""Sionna_5G_LDPC"",""power_protocol"":""fixed_constellation_average_Es2"",""precision"":""float32"",""rate_matching"":""Sionna RV0; filler removal, first2Z and tail puncturing; supported n only"",""scrambling"":""public_PCG64_SHA256_protocol_session_frame_group_counter_after_rate_matching_v1"",""torch"":""2.11.0+cu128"",""version"":""2.2.0""},""interleaver_sha256"":""c240592c9637c6bc37cbdedad70437561db78e7247630a5dd24ddd53f079af88"",""k"":676,""k_filler"":44,""k_ldpc"":720,""layout_id"":""bfb6ef77451b3756b73134125b029a59d2586de05db947cdec587bf5cfeb45aa"",""modulation_padding_bits"":0,""mother_bits"":3744,""n"":1520,""n_cb"":3600,""n_cb_comp"":3556,""power_protocol"":""fixed_constellation_average_Es2"",""puncturing_bits"":2180,""puncturing_first_2Z"":144,""puncturing_remaining"":2036,""repetition_bits"":0,""scrambling"":""public_PCG64_SHA256_protocol_session_frame_group_counter_after_rate_matching_v1"",""shortening_bits"":44,""z"":72}",[2048]
16QAM,2/3,16QAM:r2/3,dc501cb445725c4cc2646c97bfaf865f8ebd362189a4953d89144173f669c9f6,1800,16,0,1816,1920,104,9984,2944,736,0,0.6168478260869565,0.6114130434782609,"{""actual_effective_rate"":0.6168478260869565,""bg"":""bg2"",""bit_mapping"":""component_Gray_00_-3_01_-1_10_3_11_1_over_sqrt5;QPSK_0_plus1_1_minus1"",""code_blocks"":1,""decoder_config"":{""cn_schedule"":""flooding"",""cn_update"":""boxplus-phi"",""early_stop"":false,""hard_out"":true,""harq_mode"":false,""llr_max"":20.0,""num_iter"":20,""precision"":""single"",""prune_pcm"":true,""return_infobits"":true,""vn_update"":""sum""},""implementation"":{""bit_mapping"":""component_Gray_00_-3_01_-1_10_3_11_1_over_sqrt5;QPSK_0_plus1_1_minus1"",""cuda"":""12.8"",""decoder"":{""cn_schedule"":""flooding"",""cn_update"":""boxplus-phi"",""early_stop"":false,""hard_out"":true,""harq_mode"":false,""llr_max"":20.0,""num_iter"":20,""precision"":""single"",""prune_pcm"":true,""return_infobits"":true,""vn_update"":""sum""},""decoder_source_sha256"":""44d84b92b749e2970f94d92cd348a11648e2286b4d851faa0af8b21d08f0da23"",""encoder_source_sha256"":""34d8db6660b2e84708a8fb534f63c194f6f2b964e3693fcffc9dcaf21532ccfd"",""implementation"":""Sionna_5G_LDPC"",""power_protocol"":""fixed_constellation_average_Es2"",""precision"":""float32"",""rate_matching"":""Sionna RV0; filler removal, first2Z and tail puncturing; supported n only"",""scrambling"":""public_PCG64_SHA256_protocol_session_frame_group_counter_after_rate_matching_v1"",""torch"":""2.11.0+cu128"",""version"":""2.2.0""},""interleaver_sha256"":""24cd392fb337a5ffc0e259f1507e1fa58dee32bd32d25e53b01c1994c590834d"",""k"":1816,""k_filler"":104,""k_ldpc"":1920,""layout_id"":""9cf2f5d5abb34a0723d88e8a5fa9b62e8c35a282f9e94903a0757fb47d9a29ec"",""modulation_padding_bits"":0,""mother_bits"":9984,""n"":2944,""n_cb"":9600,""n_cb_comp"":9496,""power_protocol"":""fixed_constellation_average_Es2"",""puncturing_bits"":6936,""puncturing_first_2Z"":384,""puncturing_remaining"":6552,""repetition_bits"":0,""scrambling"":""public_PCG64_SHA256_protocol_session_frame_group_counter_after_rate_matching_v1"",""shortening_bits"":104,""z"":192}",[1024]
QPSK,3/4,QPSK:r3/4,dc5ebbacd912397fed446769fa0d884931df26f1a51b44350699cb54f1c46e56,1008,16,0,1024,1040,16,5408,2886,1443,0,0.3548163548163548,0.3492723492723493,"{""actual_effective_rate"":0.3548163548163548,""bg"":""bg2"",""bit_mapping"":""component_Gray_00_-3_01_-1_10_3_11_1_over_sqrt5;QPSK_0_plus1_1_minus1"",""code_blocks"":1,""decoder_config"":{""cn_schedule"":""flooding"",""cn_update"":""boxplus-phi"",""early_stop"":false,""hard_out"":true,""harq_mode"":false,""llr_max"":20.0,""num_iter"":20,""precision"":""single"",""prune_pcm"":true,""return_infobits"":true,""vn_update"":""sum""},""implementation"":{""bit_mapping"":""component_Gray_00_-3_01_-1_10_3_11_1_over_sqrt5;QPSK_0_plus1_1_minus1"",""cuda"":""12.8"",""decoder"":{""cn_schedule"":""flooding"",""cn_update"":""boxplus-phi"",""early_stop"":false,""hard_out"":true,""harq_mode"":false,""llr_max"":20.0,""num_iter"":20,""precision"":""single"",""prune_pcm"":true,""return_infobits"":true,""vn_update"":""sum""},""decoder_source_sha256"":""44d84b92b749e2970f94d92cd348a11648e2286b4d851faa0af8b21d08f0da23"",""encoder_source_sha256"":""34d8db6660b2e84708a8fb534f63c194f6f2b964e3693fcffc9dcaf21532ccfd"",""implementation"":""Sionna_5G_LDPC"",""power_protocol"":""fixed_constellation_average_Es2"",""precision"":""float32"",""rate_matching"":""Sionna RV0; filler removal, first2Z and tail puncturing; supported n only"",""scrambling"":""public_PCG64_SHA256_protocol_session_frame_group_counter_after_rate_matching_v1"",""torch"":""2.11.0+cu128"",""version"":""2.2.0""},""interleaver_sha256"":""69c791b0e8d8f499d2f4cc8dd0373e211ed327f727b5009588f729e527584f95"",""k"":1024,""k_filler"":16,""k_ldpc"":1040,""layout_id"":""427b3d0ae4e787e3b620536e151b2de598df6258dc7a03a02c5d2a17c5b2d43f"",""modulation_padding_bits"":0,""mother_bits"":5408,""n"":2886,""n_cb"":5200,""n_cb_comp"":5184,""power_protocol"":""fixed_constellation_average_Es2"",""puncturing_bits"":2506,""puncturing_first_2Z"":208,""puncturing_remaining"":2298,""repetition_bits"":0,""scrambling"":""public_PCG64_SHA256_protocol_session_frame_group_counter_after_rate_matching_v1"",""shortening_bits"":16,""z"":104}",[2048]
QPSK,2/3,QPSK:r2/3,dc5f6ae68df8fde4382730ceea16be70803b610290f08c7a055cd0ebeb73c1bc,1368,16,0,1384,1440,56,7488,2998,1499,0,0.4616410940627085,0.4563042028018679,"{""actual_effective_rate"":0.4616410940627085,""bg"":""bg2"",""bit_mapping"":""component_Gray_00_-3_01_-1_10_3_11_1_over_sqrt5;QPSK_0_plus1_1_minus1"",""code_blocks"":1,""decoder_config"":{""cn_schedule"":""flooding"",""cn_update"":""boxplus-phi"",""early_stop"":false,""hard_out"":true,""harq_mode"":false,""llr_max"":20.0,""num_iter"":20,""precision"":""single"",""prune_pcm"":true,""return_infobits"":true,""vn_update"":""sum""},""implementation"":{""bit_mapping"":""component_Gray_00_-3_01_-1_10_3_11_1_over_sqrt5;QPSK_0_plus1_1_minus1"",""cuda"":""12.8"",""decoder"":{""cn_schedule"":""flooding"",""cn_update"":""boxplus-phi"",""early_stop"":false,""hard_out"":true,""harq_mode"":false,""llr_max"":20.0,""num_iter"":20,""precision"":""single"",""prune_pcm"":true,""return_infobits"":true,""vn_update"":""sum""},""decoder_source_sha256"":""44d84b92b749e2970f94d92cd348a11648e2286b4d851faa0af8b21d08f0da23"",""encoder_source_sha256"":""34d8db6660b2e84708a8fb534f63c194f6f2b964e3693fcffc9dcaf21532ccfd"",""implementation"":""Sionna_5G_LDPC"",""power_protocol"":""fixed_constellation_average_Es2"",""precision"":""float32"",""rate_matching"":""Sionna RV0; filler removal, first2Z and tail puncturing; supported n only"",""scrambling"":""public_PCG64_SHA256_protocol_session_frame_group_counter_after_rate_matching_v1"",""torch"":""2.11.0+cu128"",""version"":""2.2.0""},""interleaver_sha256"":""4f12a11e74a320768dd86d070dfb138ec951db1c13cea33b2921b0779c31666d"",""k"":1384,""k_filler"":56,""k_ldpc"":1440,""layout_id"":""54c8dba3ab66cec5fff18f74ace9587f3cca0c4aab96e3afdeea379f26325026"",""modulation_padding_bits"":0,""mother_bits"":7488,""n"":2998,""n_cb"":7200,""n_cb_comp"":7144,""power_protocol"":""fixed_constellation_average_Es2"",""puncturing_bits"":4434,""puncturing_first_2Z"":288,""puncturing_remaining"":4146,""repetition_bits"":0,""scrambling"":""public_PCG64_SHA256_protocol_session_frame_group_counter_after_rate_matching_v1"",""shortening_bits"":56,""z"":144}",[2048]
16QAM,3/4,16QAM:r3/4,dc61f5142284d422dd7e2aeb6d665a1b88add46ab92cbdefeb8d196aff3a159d,1500,16,0,1516,1600,84,8320,2988,747,0,0.5073627844712182,0.5020080321285141,"{""actual_effective_rate"":0.5073627844712182,""bg"":""bg2"",""bit_mapping"":""component_Gray_00_-3_01_-1_10_3_11_1_over_sqrt5;QPSK_0_plus1_1_minus1"",""code_blocks"":1,""decoder_config"":{""cn_schedule"":""flooding"",""cn_update"":""boxplus-phi"",""early_stop"":false,""hard_out"":true,""harq_mode"":false,""llr_max"":20.0,""num_iter"":20,""precision"":""single"",""prune_pcm"":true,""return_infobits"":true,""vn_update"":""sum""},""implementation"":{""bit_mapping"":""component_Gray_00_-3_01_-1_10_3_11_1_over_sqrt5;QPSK_0_plus1_1_minus1"",""cuda"":""12.8"",""decoder"":{""cn_schedule"":""flooding"",""cn_update"":""boxplus-phi"",""early_stop"":false,""hard_out"":true,""harq_mode"":false,""llr_max"":20.0,""num_iter"":20,""precision"":""single"",""prune_pcm"":true,""return_infobits"":true,""vn_update"":""sum""},""decoder_source_sha256"":""44d84b92b749e2970f94d92cd348a11648e2286b4d851faa0af8b21d08f0da23"",""encoder_source_sha256"":""34d8db6660b2e84708a8fb534f63c194f6f2b964e3693fcffc9dcaf21532ccfd"",""implementation"":""Sionna_5G_LDPC"",""power_protocol"":""fixed_constellation_average_Es2"",""precision"":""float32"",""rate_matching"":""Sionna RV0; filler removal, first2Z and tail puncturing; supported n only"",""scrambling"":""public_PCG64_SHA256_protocol_session_frame_group_counter_after_rate_matching_v1"",""torch"":""2.11.0+cu128"",""version"":""2.2.0""},""interleaver_sha256"":""40c60e05afdede6637a05ff398a32eb52c136545f246789b0a816ed2f6be0745"",""k"":1516,""k_filler"":84,""k_ldpc"":1600,""layout_id"":""6dd344a7a74817aabef01a6850fbcd7f08725424eb58304d83b008faa365931f"",""modulation_padding_bits"":0,""mother_bits"":8320,""n"":2988,""n_cb"":8000,""n_cb_comp"":7916,""power_protocol"":""fixed_constellation_average_Es2"",""puncturing_bits"":5248,""puncturing_first_2Z"":320,""puncturing_remaining"":4928,""repetition_bits"":0,""scrambling"":""public_PCG64_SHA256_protocol_session_frame_group_counter_after_rate_matching_v1"",""shortening_bits"":84,""z"":160}",[1024]
QPSK,1/2,QPSK:r1/2,dc62512b14f3b5374dbd8fbf7b0b364787f57192ff1f822259cda35af1cbf8e0,504,16,0,520,720,200,3744,1040,520,0,0.5,0.4846153846153846,"{""actual_effective_rate"":0.5,""bg"":""bg2"",""bit_mapping"":""component_Gray_00_-3_01_-1_10_3_11_1_over_sqrt5;QPSK_0_plus1_1_minus1"",""code_blocks"":1,""decoder_config"":{""cn_schedule"":""flooding"",""cn_update"":""boxplus-phi"",""early_stop"":false,""hard_out"":true,""harq_mode"":false,""llr_max"":20.0,""num_iter"":20,""precision"":""single"",""prune_pcm"":true,""return_infobits"":true,""vn_update"":""sum""},""implementation"":{""bit_mapping"":""component_Gray_00_-3_01_-1_10_3_11_1_over_sqrt5;QPSK_0_plus1_1_minus1"",""cuda"":""12.8"",""decoder"":{""cn_schedule"":""flooding"",""cn_update"":""boxplus-phi"",""early_stop"":false,""hard_out"":true,""harq_mode"":false,""llr_max"":20.0,""num_iter"":20,""precision"":""single"",""prune_pcm"":true,""return_infobits"":true,""vn_update"":""sum""},""decoder_source_sha256"":""44d84b92b749e2970f94d92cd348a11648e2286b4d851faa0af8b21d08f0da23"",""encoder_source_sha256"":""34d8db6660b2e84708a8fb534f63c194f6f2b964e3693fcffc9dcaf21532ccfd"",""implementation"":""Sionna_5G_LDPC"",""power_protocol"":""fixed_constellation_average_Es2"",""precision"":""float32"",""rate_matching"":""Sionna RV0; filler removal, first2Z and tail puncturing; supported n only"",""scrambling"":""public_PCG64_SHA256_protocol_session_frame_group_counter_after_rate_matching_v1"",""torch"":""2.11.0+cu128"",""version"":""2.2.0""},""interleaver_sha256"":""c5f342bf9fd2d7df56f6336a40aa58c2757db706a0f928e7fc346e880bbd2fb1"",""k"":520,""k_filler"":200,""k_ldpc"":720,""layout_id"":""b507ed23e13f7e65a40dbf49100fb48fa1f7183e4b461dcc7ecae0e6679503d7"",""modulation_padding_bits"":0,""mother_bits"":3744,""n"":1040,""n_cb"":3600,""n_cb_comp"":3400,""power_protocol"":""fixed_constellation_average_Es2"",""puncturing_bits"":2504,""puncturing_first_2Z"":144,""puncturing_remaining"":2360,""repetition_bits"":0,""scrambling"":""public_PCG64_SHA256_protocol_session_frame_group_counter_after_rate_matching_v1"",""shortening_bits"":200,""z"":72}","[1024,2048]"
QPSK,3/4,QPSK:r3/4,dc748f541b69e816ec771434499772a902554b2560ae9000e9b52f4012074378,1500,16,0,1516,1600,84,8320,2966,1483,0,0.5111260957518543,0.5057316250842886,"{""actual_effective_rate"":0.5111260957518543,""bg"":""bg2"",""bit_mapping"":""component_Gray_00_-3_01_-1_10_3_11_1_over_sqrt5;QPSK_0_plus1_1_minus1"",""code_blocks"":1,""decoder_config"":{""cn_schedule"":""flooding"",""cn_update"":""boxplus-phi"",""early_stop"":false,""hard_out"":true,""harq_mode"":false,""llr_max"":20.0,""num_iter"":20,""precision"":""single"",""prune_pcm"":true,""return_infobits"":true,""vn_update"":""sum""},""implementation"":{""bit_mapping"":""component_Gray_00_-3_01_-1_10_3_11_1_over_sqrt5;QPSK_0_plus1_1_minus1"",""cuda"":""12.8"",""decoder"":{""cn_schedule"":""flooding"",""cn_update"":""boxplus-phi"",""early_stop"":false,""hard_out"":true,""harq_mode"":false,""llr_max"":20.0,""num_iter"":20,""precision"":""single"",""prune_pcm"":true,""return_infobits"":true,""vn_update"":""sum""},""decoder_source_sha256"":""44d84b92b749e2970f94d92cd348a11648e2286b4d851faa0af8b21d08f0da23"",""encoder_source_sha256"":""34d8db6660b2e84708a8fb534f63c194f6f2b964e3693fcffc9dcaf21532ccfd"",""implementation"":""Sionna_5G_LDPC"",""power_protocol"":""fixed_constellation_average_Es2"",""precision"":""float32"",""rate_matching"":""Sionna RV0; filler removal, first2Z and tail puncturing; supported n only"",""scrambling"":""public_PCG64_SHA256_protocol_session_frame_group_counter_after_rate_matching_v1"",""torch"":""2.11.0+cu128"",""version"":""2.2.0""},""interleaver_sha256"":""957eac329e4669531e73f3d9e66d5069141e80191d52194cf292cf7749012fb1"",""k"":1516,""k_filler"":84,""k_ldpc"":1600,""layout_id"":""00af7f8d4efe40d6aaf7b2fcfcdfa54fffd367b1e8270255c47cb90a6b1038c7"",""modulation_padding_bits"":0,""mother_bits"":8320,""n"":2966,""n_cb"":8000,""n_cb_comp"":7916,""power_protocol"":""fixed_constellation_average_Es2"",""puncturing_bits"":5270,""puncturing_first_2Z"":320,""puncturing_remaining"":4950,""repetition_bits"":0,""scrambling"":""public_PCG64_SHA256_protocol_session_frame_group_counter_after_rate_matching_v1"",""shortening_bits"":84,""z"":160}",[2048]
QPSK,3/4,QPSK:r3/4,dc7eddf6b293aac23e5a7ac4cb3dc8c803fbf105f4ce13f4d0c309bbc02cb55a,1500,16,0,1516,1600,84,8320,3520,1760,0,0.43068181818181817,0.42613636363636365,"{""actual_effective_rate"":0.43068181818181817,""bg"":""bg2"",""bit_mapping"":""component_Gray_00_-3_01_-1_10_3_11_1_over_sqrt5;QPSK_0_plus1_1_minus1"",""code_blocks"":1,""decoder_config"":{""cn_schedule"":""flooding"",""cn_update"":""boxplus-phi"",""early_stop"":false,""hard_out"":true,""harq_mode"":false,""llr_max"":20.0,""num_iter"":20,""precision"":""single"",""prune_pcm"":true,""return_infobits"":true,""vn_update"":""sum""},""implementation"":{""bit_mapping"":""component_Gray_00_-3_01_-1_10_3_11_1_over_sqrt5;QPSK_0_plus1_1_minus1"",""cuda"":""12.8"",""decoder"":{""cn_schedule"":""flooding"",""cn_update"":""boxplus-phi"",""early_stop"":false,""hard_out"":true,""harq_mode"":false,""llr_max"":20.0,""num_iter"":20,""precision"":""single"",""prune_pcm"":true,""return_infobits"":true,""vn_update"":""sum""},""decoder_source_sha256"":""44d84b92b749e2970f94d92cd348a11648e2286b4d851faa0af8b21d08f0da23"",""encoder_source_sha256"":""34d8db6660b2e84708a8fb534f63c194f6f2b964e3693fcffc9dcaf21532ccfd"",""implementation"":""Sionna_5G_LDPC"",""power_protocol"":""fixed_constellation_average_Es2"",""precision"":""float32"",""rate_matching"":""Sionna RV0; filler removal, first2Z and tail puncturing; supported n only"",""scrambling"":""public_PCG64_SHA256_protocol_session_frame_group_counter_after_rate_matching_v1"",""torch"":""2.11.0+cu128"",""version"":""2.2.0""},""interleaver_sha256"":""292da9791ab3e8d2db185c028bc5375fee1f301485206dd1ff7af4e78e7d5f5f"",""k"":1516,""k_filler"":84,""k_ldpc"":1600,""layout_id"":""2ef320e70c7a1a30a55b9167553b6e2044aba6a5cb7a4621c8d490bcfdd92dc0"",""modulation_padding_bits"":0,""mother_bits"":8320,""n"":3520,""n_cb"":8000,""n_cb_comp"":7916,""power_protocol"":""fixed_constellation_average_Es2"",""puncturing_bits"":4716,""puncturing_first_2Z"":320,""puncturing_remaining"":4396,""repetition_bits"":0,""scrambling"":""public_PCG64_SHA256_protocol_session_frame_group_counter_after_rate_matching_v1"",""shortening_bits"":84,""z"":160}",[2048]
QPSK,5/6,QPSK:r5/6,dc81b2ba5f696de80c688dfd74a41cd2c6166a0c211a0593722a10e7e0d16a52,360,16,0,376,480,104,2496,854,427,0,0.44028103044496486,0.4215456674473068,"{""actual_effective_rate"":0.44028103044496486,""bg"":""bg2"",""bit_mapping"":""component_Gray_00_-3_01_-1_10_3_11_1_over_sqrt5;QPSK_0_plus1_1_minus1"",""code_blocks"":1,""decoder_config"":{""cn_schedule"":""flooding"",""cn_update"":""boxplus-phi"",""early_stop"":false,""hard_out"":true,""harq_mode"":false,""llr_max"":20.0,""num_iter"":20,""precision"":""single"",""prune_pcm"":true,""return_infobits"":true,""vn_update"":""sum""},""implementation"":{""bit_mapping"":""component_Gray_00_-3_01_-1_10_3_11_1_over_sqrt5;QPSK_0_plus1_1_minus1"",""cuda"":""12.8"",""decoder"":{""cn_schedule"":""flooding"",""cn_update"":""boxplus-phi"",""early_stop"":false,""hard_out"":true,""harq_mode"":false,""llr_max"":20.0,""num_iter"":20,""precision"":""single"",""prune_pcm"":true,""return_infobits"":true,""vn_update"":""sum""},""decoder_source_sha256"":""44d84b92b749e2970f94d92cd348a11648e2286b4d851faa0af8b21d08f0da23"",""encoder_source_sha256"":""34d8db6660b2e84708a8fb534f63c194f6f2b964e3693fcffc9dcaf21532ccfd"",""implementation"":""Sionna_5G_LDPC"",""power_protocol"":""fixed_constellation_average_Es2"",""precision"":""float32"",""rate_matching"":""Sionna RV0; filler removal, first2Z and tail puncturing; supported n only"",""scrambling"":""public_PCG64_SHA256_protocol_session_frame_group_counter_after_rate_matching_v1"",""torch"":""2.11.0+cu128"",""version"":""2.2.0""},""interleaver_sha256"":""8e64d89084f22354ce053f5dafeb15f57e39cec2b16aae5c939324a5f71c2789"",""k"":376,""k_filler"":104,""k_ldpc"":480,""layout_id"":""34a6737344b3eec05baf8114d44e97d03deb548f49cc41f44b4c36db2cbeccba"",""modulation_padding_bits"":0,""mother_bits"":2496,""n"":854,""n_cb"":2400,""n_cb_comp"":2296,""power_protocol"":""fixed_constellation_average_Es2"",""puncturing_bits"":1538,""puncturing_first_2Z"":96,""puncturing_remaining"":1442,""repetition_bits"":0,""scrambling"":""public_PCG64_SHA256_protocol_session_frame_group_counter_after_rate_matching_v1"",""shortening_bits"":104,""z"":48}",[1024]
QPSK,2/3,QPSK:r2/3,dc8ebaee938abd177fdc649a394a499beb5b76edd5ece0e9b810bb2485a30a71,360,16,0,376,480,104,2496,1086,543,0,0.3462246777163904,0.3314917127071823,"{""actual_effective_rate"":0.3462246777163904,""bg"":""bg2"",""bit_mapping"":""component_Gray_00_-3_01_-1_10_3_11_1_over_sqrt5;QPSK_0_plus1_1_minus1"",""code_blocks"":1,""decoder_config"":{""cn_schedule"":""flooding"",""cn_update"":""boxplus-phi"",""early_stop"":false,""hard_out"":true,""harq_mode"":false,""llr_max"":20.0,""num_iter"":20,""precision"":""single"",""prune_pcm"":true,""return_infobits"":true,""vn_update"":""sum""},""implementation"":{""bit_mapping"":""component_Gray_00_-3_01_-1_10_3_11_1_over_sqrt5;QPSK_0_plus1_1_minus1"",""cuda"":""12.8"",""decoder"":{""cn_schedule"":""flooding"",""cn_update"":""boxplus-phi"",""early_stop"":false,""hard_out"":true,""harq_mode"":false,""llr_max"":20.0,""num_iter"":20,""precision"":""single"",""prune_pcm"":true,""return_infobits"":true,""vn_update"":""sum""},""decoder_source_sha256"":""44d84b92b749e2970f94d92cd348a11648e2286b4d851faa0af8b21d08f0da23"",""encoder_source_sha256"":""34d8db6660b2e84708a8fb534f63c194f6f2b964e3693fcffc9dcaf21532ccfd"",""implementation"":""Sionna_5G_LDPC"",""power_protocol"":""fixed_constellation_average_Es2"",""precision"":""float32"",""rate_matching"":""Sionna RV0; filler removal, first2Z and tail puncturing; supported n only"",""scrambling"":""public_PCG64_SHA256_protocol_session_frame_group_counter_after_rate_matching_v1"",""torch"":""2.11.0+cu128"",""version"":""2.2.0""},""interleaver_sha256"":""c629076cdfeb4a65198fdeb79af4668aa58fa0fb51aa2b7462d4b946993d0dc2"",""k"":376,""k_filler"":104,""k_ldpc"":480,""layout_id"":""50507c75a2c827f348a5fde5fab403e68c141f22b9dc55f61cfd460fafc58746"",""modulation_padding_bits"":0,""mother_bits"":2496,""n"":1086,""n_cb"":2400,""n_cb_comp"":2296,""power_protocol"":""fixed_constellation_average_Es2"",""puncturing_bits"":1306,""puncturing_first_2Z"":96,""puncturing_remaining"":1210,""repetition_bits"":0,""scrambling"":""public_PCG64_SHA256_protocol_session_frame_group_counter_after_rate_matching_v1"",""shortening_bits"":104,""z"":48}",[2048]
QPSK,3/4,QPSK:r3/4,dc91fe8ae645197ae95495cafdaebcb24f8080f718e41eb317ba75eff4b1c936,516,16,0,532,720,188,3744,1250,625,0,0.4256,0.4128,"{""actual_effective_rate"":0.4256,""bg"":""bg2"",""bit_mapping"":""component_Gray_00_-3_01_-1_10_3_11_1_over_sqrt5;QPSK_0_plus1_1_minus1"",""code_blocks"":1,""decoder_config"":{""cn_schedule"":""flooding"",""cn_update"":""boxplus-phi"",""early_stop"":false,""hard_out"":true,""harq_mode"":false,""llr_max"":20.0,""num_iter"":20,""precision"":""single"",""prune_pcm"":true,""return_infobits"":true,""vn_update"":""sum""},""implementation"":{""bit_mapping"":""component_Gray_00_-3_01_-1_10_3_11_1_over_sqrt5;QPSK_0_plus1_1_minus1"",""cuda"":""12.8"",""decoder"":{""cn_schedule"":""flooding"",""cn_update"":""boxplus-phi"",""early_stop"":false,""hard_out"":true,""harq_mode"":false,""llr_max"":20.0,""num_iter"":20,""precision"":""single"",""prune_pcm"":true,""return_infobits"":true,""vn_update"":""sum""},""decoder_source_sha256"":""44d84b92b749e2970f94d92cd348a11648e2286b4d851faa0af8b21d08f0da23"",""encoder_source_sha256"":""34d8db6660b2e84708a8fb534f63c194f6f2b964e3693fcffc9dcaf21532ccfd"",""implementation"":""Sionna_5G_LDPC"",""power_protocol"":""fixed_constellation_average_Es2"",""precision"":""float32"",""rate_matching"":""Sionna RV0; filler removal, first2Z and tail puncturing; supported n only"",""scrambling"":""public_PCG64_SHA256_protocol_session_frame_group_counter_after_rate_matching_v1"",""torch"":""2.11.0+cu128"",""version"":""2.2.0""},""interleaver_sha256"":""8692e3464e8a0c8090d4e26fe93aae127647fd13e0a6820916fbc18deae6900f"",""k"":532,""k_filler"":188,""k_ldpc"":720,""layout_id"":""3ad3c79577994ca7fe055fe54f9e8c1c8ff46499b5629f126a455ebcfb0f045c"",""modulation_padding_bits"":0,""mother_bits"":3744,""n"":1250,""n_cb"":3600,""n_cb_comp"":3412,""power_protocol"":""fixed_constellation_average_Es2"",""puncturing_bits"":2306,""puncturing_first_2Z"":144,""puncturing_remaining"":2162,""repetition_bits"":0,""scrambling"":""public_PCG64_SHA256_protocol_session_frame_group_counter_after_rate_matching_v1"",""shortening_bits"":188,""z"":72}",[1024]
16QAM,1/2,16QAM:r1/2,dca9280e70e5aa7dc895d2889549f9b304189a7299a84c983b690e823522304c,408,16,0,424,560,136,2912,848,212,0,0.5,0.4811320754716981,"{""actual_effective_rate"":0.5,""bg"":""bg2"",""bit_mapping"":""component_Gray_00_-3_01_-1_10_3_11_1_over_sqrt5;QPSK_0_plus1_1_minus1"",""code_blocks"":1,""decoder_config"":{""cn_schedule"":""flooding"",""cn_update"":""boxplus-phi"",""early_stop"":false,""hard_out"":true,""harq_mode"":false,""llr_max"":20.0,""num_iter"":20,""precision"":""single"",""prune_pcm"":true,""return_infobits"":true,""vn_update"":""sum""},""implementation"":{""bit_mapping"":""component_Gray_00_-3_01_-1_10_3_11_1_over_sqrt5;QPSK_0_plus1_1_minus1"",""cuda"":""12.8"",""decoder"":{""cn_schedule"":""flooding"",""cn_update"":""boxplus-phi"",""early_stop"":false,""hard_out"":true,""harq_mode"":false,""llr_max"":20.0,""num_iter"":20,""precision"":""single"",""prune_pcm"":true,""return_infobits"":true,""vn_update"":""sum""},""decoder_source_sha256"":""44d84b92b749e2970f94d92cd348a11648e2286b4d851faa0af8b21d08f0da23"",""encoder_source_sha256"":""34d8db6660b2e84708a8fb534f63c194f6f2b964e3693fcffc9dcaf21532ccfd"",""implementation"":""Sionna_5G_LDPC"",""power_protocol"":""fixed_constellation_average_Es2"",""precision"":""float32"",""rate_matching"":""Sionna RV0; filler removal, first2Z and tail puncturing; supported n only"",""scrambling"":""public_PCG64_SHA256_protocol_session_frame_group_counter_after_rate_matching_v1"",""torch"":""2.11.0+cu128"",""version"":""2.2.0""},""interleaver_sha256"":""e9dca6a923bd02cca3628bf43434205a2feeb87e4613d243ae87e95c81ad5799"",""k"":424,""k_filler"":136,""k_ldpc"":560,""layout_id"":""709836035892464d96b125a20cdfa7ad4b494311aa7a21b1c82ea89bbafb88dd"",""modulation_padding_bits"":0,""mother_bits"":2912,""n"":848,""n_cb"":2800,""n_cb_comp"":2664,""power_protocol"":""fixed_constellation_average_Es2"",""puncturing_bits"":1928,""puncturing_first_2Z"":112,""puncturing_remaining"":1816,""repetition_bits"":0,""scrambling"":""public_PCG64_SHA256_protocol_session_frame_group_counter_after_rate_matching_v1"",""shortening_bits"":136,""z"":56}","[1024,2048]"
16QAM,3/4,16QAM:r3/4,dca946ae7fc58df51c578c07bd885682cbfccd543e7fb9f36a02ba703ebc8d52,2004,16,0,2020,2112,92,6528,2696,674,0,0.7492581602373887,0.7433234421364985,"{""actual_effective_rate"":0.7492581602373887,""bg"":""bg1"",""bit_mapping"":""component_Gray_00_-3_01_-1_10_3_11_1_over_sqrt5;QPSK_0_plus1_1_minus1"",""code_blocks"":1,""decoder_config"":{""cn_schedule"":""flooding"",""cn_update"":""boxplus-phi"",""early_stop"":false,""hard_out"":true,""harq_mode"":false,""llr_max"":20.0,""num_iter"":20,""precision"":""single"",""prune_pcm"":true,""return_infobits"":true,""vn_update"":""sum""},""implementation"":{""bit_mapping"":""component_Gray_00_-3_01_-1_10_3_11_1_over_sqrt5;QPSK_0_plus1_1_minus1"",""cuda"":""12.8"",""decoder"":{""cn_schedule"":""flooding"",""cn_update"":""boxplus-phi"",""early_stop"":false,""hard_out"":true,""harq_mode"":false,""llr_max"":20.0,""num_iter"":20,""precision"":""single"",""prune_pcm"":true,""return_infobits"":true,""vn_update"":""sum""},""decoder_source_sha256"":""44d84b92b749e2970f94d92cd348a11648e2286b4d851faa0af8b21d08f0da23"",""encoder_source_sha256"":""34d8db6660b2e84708a8fb534f63c194f6f2b964e3693fcffc9dcaf21532ccfd"",""implementation"":""Sionna_5G_LDPC"",""power_protocol"":""fixed_constellation_average_Es2"",""precision"":""float32"",""rate_matching"":""Sionna RV0; filler removal, first2Z and tail puncturing; supported n only"",""scrambling"":""public_PCG64_SHA256_protocol_session_frame_group_counter_after_rate_matching_v1"",""torch"":""2.11.0+cu128"",""version"":""2.2.0""},""interleaver_sha256"":""3dc98ee0c3c9a9f42c90e31a28a60310006bac5b895f70461f0421b3aedc17ab"",""k"":2020,""k_filler"":92,""k_ldpc"":2112,""layout_id"":""d6f8516503a8f3542ee99096a18aed5faf450b3094fe2b6ea39730afa370f3d1"",""modulation_padding_bits"":0,""mother_bits"":6528,""n"":2696,""n_cb"":6336,""n_cb_comp"":6244,""power_protocol"":""fixed_constellation_average_Es2"",""puncturing_bits"":3740,""puncturing_first_2Z"":192,""puncturing_remaining"":3548,""repetition_bits"":0,""scrambling"":""public_PCG64_SHA256_protocol_session_frame_group_counter_after_rate_matching_v1"",""shortening_bits"":92,""z"":96}",[1024]
16QAM,3/4,16QAM:r3/4,dcaa8af43757479e75169811b73902f711a68ab13926471184639217e63e28e9,1800,16,0,1816,1920,104,9984,3740,935,0,0.4855614973262032,0.48128342245989303,"{""actual_effective_rate"":0.4855614973262032,""bg"":""bg2"",""bit_mapping"":""component_Gray_00_-3_01_-1_10_3_11_1_over_sqrt5;QPSK_0_plus1_1_minus1"",""code_blocks"":1,""decoder_config"":{""cn_schedule"":""flooding"",""cn_update"":""boxplus-phi"",""early_stop"":false,""hard_out"":true,""harq_mode"":false,""llr_max"":20.0,""num_iter"":20,""precision"":""single"",""prune_pcm"":true,""return_infobits"":true,""vn_update"":""sum""},""implementation"":{""bit_mapping"":""component_Gray_00_-3_01_-1_10_3_11_1_over_sqrt5;QPSK_0_plus1_1_minus1"",""cuda"":""12.8"",""decoder"":{""cn_schedule"":""flooding"",""cn_update"":""boxplus-phi"",""early_stop"":false,""hard_out"":true,""harq_mode"":false,""llr_max"":20.0,""num_iter"":20,""precision"":""single"",""prune_pcm"":true,""return_infobits"":true,""vn_update"":""sum""},""decoder_source_sha256"":""44d84b92b749e2970f94d92cd348a11648e2286b4d851faa0af8b21d08f0da23"",""encoder_source_sha256"":""34d8db6660b2e84708a8fb534f63c194f6f2b964e3693fcffc9dcaf21532ccfd"",""implementation"":""Sionna_5G_LDPC"",""power_protocol"":""fixed_constellation_average_Es2"",""precision"":""float32"",""rate_matching"":""Sionna RV0; filler removal, first2Z and tail puncturing; supported n only"",""scrambling"":""public_PCG64_SHA256_protocol_session_frame_group_counter_after_rate_matching_v1"",""torch"":""2.11.0+cu128"",""version"":""2.2.0""},""interleaver_sha256"":""8aae59e5f3ecf4328496e921821ffad2b7453ca9bc5cb30be233767438897072"",""k"":1816,""k_filler"":104,""k_ldpc"":1920,""layout_id"":""3d572301d64c80f0c9e79c18b3301604dc2039d193538ecffce867dcd7554ec6"",""modulation_padding_bits"":0,""mother_bits"":9984,""n"":3740,""n_cb"":9600,""n_cb_comp"":9496,""power_protocol"":""fixed_constellation_average_Es2"",""puncturing_bits"":6140,""puncturing_first_2Z"":384,""puncturing_remaining"":5756,""repetition_bits"":0,""scrambling"":""public_PCG64_SHA256_protocol_session_frame_group_counter_after_rate_matching_v1"",""shortening_bits"":104,""z"":192}",[2048]
QPSK,2/3,QPSK:r2/3,dcae21e2aaa1e95e295a4756f05048c3020218cbb0c466f3091cba6ec8801e54,324,16,0,340,440,100,2288,690,345,0,0.4927536231884058,0.46956521739130436,"{""actual_effective_rate"":0.4927536231884058,""bg"":""bg2"",""bit_mapping"":""component_Gray_00_-3_01_-1_10_3_11_1_over_sqrt5;QPSK_0_plus1_1_minus1"",""code_blocks"":1,""decoder_config"":{""cn_schedule"":""flooding"",""cn_update"":""boxplus-phi"",""early_stop"":false,""hard_out"":true,""harq_mode"":false,""llr_max"":20.0,""num_iter"":20,""precision"":""single"",""prune_pcm"":true,""return_infobits"":true,""vn_update"":""sum""},""implementation"":{""bit_mapping"":""component_Gray_00_-3_01_-1_10_3_11_1_over_sqrt5;QPSK_0_plus1_1_minus1"",""cuda"":""12.8"",""decoder"":{""cn_schedule"":""flooding"",""cn_update"":""boxplus-phi"",""early_stop"":false,""hard_out"":true,""harq_mode"":false,""llr_max"":20.0,""num_iter"":20,""precision"":""single"",""prune_pcm"":true,""return_infobits"":true,""vn_update"":""sum""},""decoder_source_sha256"":""44d84b92b749e2970f94d92cd348a11648e2286b4d851faa0af8b21d08f0da23"",""encoder_source_sha256"":""34d8db6660b2e84708a8fb534f63c194f6f2b964e3693fcffc9dcaf21532ccfd"",""implementation"":""Sionna_5G_LDPC"",""power_protocol"":""fixed_constellation_average_Es2"",""precision"":""float32"",""rate_matching"":""Sionna RV0; filler removal, first2Z and tail puncturing; supported n only"",""scrambling"":""public_PCG64_SHA256_protocol_session_frame_group_counter_after_rate_matching_v1"",""torch"":""2.11.0+cu128"",""version"":""2.2.0""},""interleaver_sha256"":""8a8aad4e7db55f78e6c81f8afd3b5fcf07d858129e40f6f08a13f61f7ab3670e"",""k"":340,""k_filler"":100,""k_ldpc"":440,""layout_id"":""2eb50484cdbb4db2f6fee90926d1440b7a4c9860632176036c871597a4f78ac5"",""modulation_padding_bits"":0,""mother_bits"":2288,""n"":690,""n_cb"":2200,""n_cb_comp"":2100,""power_protocol"":""fixed_constellation_average_Es2"",""puncturing_bits"":1498,""puncturing_first_2Z"":88,""puncturing_remaining"":1410,""repetition_bits"":0,""scrambling"":""public_PCG64_SHA256_protocol_session_frame_group_counter_after_rate_matching_v1"",""shortening_bits"":100,""z"":44}",[1024]
16QAM,1/2,16QAM:r1/2,dcbec2ad5d53ca38a83320e7b053479728c6923ca00a6b42b4fde9668cbc60cd,984,16,0,1000,1040,40,5408,2008,502,0,0.49800796812749004,0.4900398406374502,"{""actual_effective_rate"":0.49800796812749004,""bg"":""bg2"",""bit_mapping"":""component_Gray_00_-3_01_-1_10_3_11_1_over_sqrt5;QPSK_0_plus1_1_minus1"",""code_blocks"":1,""decoder_config"":{""cn_schedule"":""flooding"",""cn_update"":""boxplus-phi"",""early_stop"":false,""hard_out"":true,""harq_mode"":false,""llr_max"":20.0,""num_iter"":20,""precision"":""single"",""prune_pcm"":true,""return_infobits"":true,""vn_update"":""sum""},""implementation"":{""bit_mapping"":""component_Gray_00_-3_01_-1_10_3_11_1_over_sqrt5;QPSK_0_plus1_1_minus1"",""cuda"":""12.8"",""decoder"":{""cn_schedule"":""flooding"",""cn_update"":""boxplus-phi"",""early_stop"":false,""hard_out"":true,""harq_mode"":false,""llr_max"":20.0,""num_iter"":20,""precision"":""single"",""prune_pcm"":true,""return_infobits"":true,""vn_update"":""sum""},""decoder_source_sha256"":""44d84b92b749e2970f94d92cd348a11648e2286b4d851faa0af8b21d08f0da23"",""encoder_source_sha256"":""34d8db6660b2e84708a8fb534f63c194f6f2b964e3693fcffc9dcaf21532ccfd"",""implementation"":""Sionna_5G_LDPC"",""power_protocol"":""fixed_constellation_average_Es2"",""precision"":""float32"",""rate_matching"":""Sionna RV0; filler removal, first2Z and tail puncturing; supported n only"",""scrambling"":""public_PCG64_SHA256_protocol_session_frame_group_counter_after_rate_matching_v1"",""torch"":""2.11.0+cu128"",""version"":""2.2.0""},""interleaver_sha256"":""f06f1ac4474b1d958438b9661c7297209f51fa314027de4fbd4ae5bc8251388f"",""k"":1000,""k_filler"":40,""k_ldpc"":1040,""layout_id"":""c4f7f6c1ab458b17e8b5fa04c6e63be9895f770c0245653b7d6e7f26f519e391"",""modulation_padding_bits"":0,""mother_bits"":5408,""n"":2008,""n_cb"":5200,""n_cb_comp"":5160,""power_protocol"":""fixed_constellation_average_Es2"",""puncturing_bits"":3360,""puncturing_first_2Z"":208,""puncturing_remaining"":3152,""repetition_bits"":0,""scrambling"":""public_PCG64_SHA256_protocol_session_frame_group_counter_after_rate_matching_v1"",""shortening_bits"":40,""z"":104}",[1024]
QPSK,1/2,QPSK:r1/2,dcbf4d44f717ee52605cc8ee9409cfb13f7e860e8569f18db96639e02d526755,828,16,0,844,880,36,4576,1696,848,0,0.49764150943396224,0.4882075471698113,"{""actual_effective_rate"":0.49764150943396224,""bg"":""bg2"",""bit_mapping"":""component_Gray_00_-3_01_-1_10_3_11_1_over_sqrt5;QPSK_0_plus1_1_minus1"",""code_blocks"":1,""decoder_config"":{""cn_schedule"":""flooding"",""cn_update"":""boxplus-phi"",""early_stop"":false,""hard_out"":true,""harq_mode"":false,""llr_max"":20.0,""num_iter"":20,""precision"":""single"",""prune_pcm"":true,""return_infobits"":true,""vn_update"":""sum""},""implementation"":{""bit_mapping"":""component_Gray_00_-3_01_-1_10_3_11_1_over_sqrt5;QPSK_0_plus1_1_minus1"",""cuda"":""12.8"",""decoder"":{""cn_schedule"":""flooding"",""cn_update"":""boxplus-phi"",""early_stop"":false,""hard_out"":true,""harq_mode"":false,""llr_max"":20.0,""num_iter"":20,""precision"":""single"",""prune_pcm"":true,""return_infobits"":true,""vn_update"":""sum""},""decoder_source_sha256"":""44d84b92b749e2970f94d92cd348a11648e2286b4d851faa0af8b21d08f0da23"",""encoder_source_sha256"":""34d8db6660b2e84708a8fb534f63c194f6f2b964e3693fcffc9dcaf21532ccfd"",""implementation"":""Sionna_5G_LDPC"",""power_protocol"":""fixed_constellation_average_Es2"",""precision"":""float32"",""rate_matching"":""Sionna RV0; filler removal, first2Z and tail puncturing; supported n only"",""scrambling"":""public_PCG64_SHA256_protocol_session_frame_group_counter_after_rate_matching_v1"",""torch"":""2.11.0+cu128"",""version"":""2.2.0""},""interleaver_sha256"":""dfea783eb7326d60bdcf31fb10ab53e1461f78e85c586495c9d6839feb2ea2a8"",""k"":844,""k_filler"":36,""k_ldpc"":880,""layout_id"":""783db42c189afc5852e191b6969a3c570feba46d04fc240946ba5f400c65ba3f"",""modulation_padding_bits"":0,""mother_bits"":4576,""n"":1696,""n_cb"":4400,""n_cb_comp"":4364,""power_protocol"":""fixed_constellation_average_Es2"",""puncturing_bits"":2844,""puncturing_first_2Z"":176,""puncturing_remaining"":2668,""repetition_bits"":0,""scrambling"":""public_PCG64_SHA256_protocol_session_frame_group_counter_after_rate_matching_v1"",""shortening_bits"":36,""z"":88}",[2048]
16QAM,1/3,16QAM:r1/3,dcc573d477f705edb1ad0fb452d7cc30daa6f160608830c732708d92f72fbdb5,1368,16,0,1384,1440,56,7488,4160,1040,0,0.3326923076923077,0.32884615384615384,"{""actual_effective_rate"":0.3326923076923077,""bg"":""bg2"",""bit_mapping"":""component_Gray_00_-3_01_-1_10_3_11_1_over_sqrt5;QPSK_0_plus1_1_minus1"",""code_blocks"":1,""decoder_config"":{""cn_schedule"":""flooding"",""cn_update"":""boxplus-phi"",""early_stop"":false,""hard_out"":true,""harq_mode"":false,""llr_max"":20.0,""num_iter"":20,""precision"":""single"",""prune_pcm"":true,""return_infobits"":true,""vn_update"":""sum""},""implementation"":{""bit_mapping"":""component_Gray_00_-3_01_-1_10_3_11_1_over_sqrt5;QPSK_0_plus1_1_minus1"",""cuda"":""12.8"",""decoder"":{""cn_schedule"":""flooding"",""cn_update"":""boxplus-phi"",""early_stop"":false,""hard_out"":true,""harq_mode"":false,""llr_max"":20.0,""num_iter"":20,""precision"":""single"",""prune_pcm"":true,""return_infobits"":true,""vn_update"":""sum""},""decoder_source_sha256"":""44d84b92b749e2970f94d92cd348a11648e2286b4d851faa0af8b21d08f0da23"",""encoder_source_sha256"":""34d8db6660b2e84708a8fb534f63c194f6f2b964e3693fcffc9dcaf21532ccfd"",""implementation"":""Sionna_5G_LDPC"",""power_protocol"":""fixed_constellation_average_Es2"",""precision"":""float32"",""rate_matching"":""Sionna RV0; filler removal, first2Z and tail puncturing; supported n only"",""scrambling"":""public_PCG64_SHA256_protocol_session_frame_group_counter_after_rate_matching_v1"",""torch"":""2.11.0+cu128"",""version"":""2.2.0""},""interleaver_sha256"":""9e5a9705514dde71c65cd4ebeb09b4186dbdb8435eaed99bceb8ac8376ba9157"",""k"":1384,""k_filler"":56,""k_ldpc"":1440,""layout_id"":""696554554be1feeb1aa4ee3606982131c92e605ff14b824d55b04b32cd47bed7"",""modulation_padding_bits"":0,""mother_bits"":7488,""n"":4160,""n_cb"":7200,""n_cb_comp"":7144,""power_protocol"":""fixed_constellation_average_Es2"",""puncturing_bits"":3272,""puncturing_first_2Z"":288,""puncturing_remaining"":2984,""repetition_bits"":0,""scrambling"":""public_PCG64_SHA256_protocol_session_frame_group_counter_after_rate_matching_v1"",""shortening_bits"":56,""z"":144}",[2048]
16QAM,1/2,16QAM:r1/2,dcd571820430ae87f3f4db137404d656b4704cf3a7999226cd2a84101ca52c9f,1092,16,0,1108,1120,12,5824,3376,844,0,0.3281990521327014,0.3234597156398104,"{""actual_effective_rate"":0.3281990521327014,""bg"":""bg2"",""bit_mapping"":""component_Gray_00_-3_01_-1_10_3_11_1_over_sqrt5;QPSK_0_plus1_1_minus1"",""code_blocks"":1,""decoder_config"":{""cn_schedule"":""flooding"",""cn_update"":""boxplus-phi"",""early_stop"":false,""hard_out"":true,""harq_mode"":false,""llr_max"":20.0,""num_iter"":20,""precision"":""single"",""prune_pcm"":true,""return_infobits"":true,""vn_update"":""sum""},""implementation"":{""bit_mapping"":""component_Gray_00_-3_01_-1_10_3_11_1_over_sqrt5;QPSK_0_plus1_1_minus1"",""cuda"":""12.8"",""decoder"":{""cn_schedule"":""flooding"",""cn_update"":""boxplus-phi"",""early_stop"":false,""hard_out"":true,""harq_mode"":false,""llr_max"":20.0,""num_iter"":20,""precision"":""single"",""prune_pcm"":true,""return_infobits"":true,""vn_update"":""sum""},""decoder_source_sha256"":""44d84b92b749e2970f94d92cd348a11648e2286b4d851faa0af8b21d08f0da23"",""encoder_source_sha256"":""34d8db6660b2e84708a8fb534f63c194f6f2b964e3693fcffc9dcaf21532ccfd"",""implementation"":""Sionna_5G_LDPC"",""power_protocol"":""fixed_constellation_average_Es2"",""precision"":""float32"",""rate_matching"":""Sionna RV0; filler removal, first2Z and tail puncturing; supported n only"",""scrambling"":""public_PCG64_SHA256_protocol_session_frame_group_counter_after_rate_matching_v1"",""torch"":""2.11.0+cu128"",""version"":""2.2.0""},""interleaver_sha256"":""01e8ce32a9ac3640365de2b0fc6e2fc5a38844f5dd41a45984ff660c35f89c8e"",""k"":1108,""k_filler"":12,""k_ldpc"":1120,""layout_id"":""d4a528e5adeee5b87e331392154365a5fb0656856df8b6dd2970fbf2fa7a09ce"",""modulation_padding_bits"":0,""mother_bits"":5824,""n"":3376,""n_cb"":5600,""n_cb_comp"":5588,""power_protocol"":""fixed_constellation_average_Es2"",""puncturing_bits"":2436,""puncturing_first_2Z"":224,""puncturing_remaining"":2212,""repetition_bits"":0,""scrambling"":""public_PCG64_SHA256_protocol_session_frame_group_counter_after_rate_matching_v1"",""shortening_bits"":12,""z"":112}",[2048]
QPSK,1/3,QPSK:r1/3,dcf6c068307f210c73477884812a1d2abffebb9050516c228a8a08ab9b3ee0e9,360,16,0,376,480,104,2496,1486,743,0,0.253028263795424,0.24226110363391656,"{""actual_effective_rate"":0.253028263795424,""bg"":""bg2"",""bit_mapping"":""component_Gray_00_-3_01_-1_10_3_11_1_over_sqrt5;QPSK_0_plus1_1_minus1"",""code_blocks"":1,""decoder_config"":{""cn_schedule"":""flooding"",""cn_update"":""boxplus-phi"",""early_stop"":false,""hard_out"":true,""harq_mode"":false,""llr_max"":20.0,""num_iter"":20,""precision"":""single"",""prune_pcm"":true,""return_infobits"":true,""vn_update"":""sum""},""implementation"":{""bit_mapping"":""component_Gray_00_-3_01_-1_10_3_11_1_over_sqrt5;QPSK_0_plus1_1_minus1"",""cuda"":""12.8"",""decoder"":{""cn_schedule"":""flooding"",""cn_update"":""boxplus-phi"",""early_stop"":false,""hard_out"":true,""harq_mode"":false,""llr_max"":20.0,""num_iter"":20,""precision"":""single"",""prune_pcm"":true,""return_infobits"":true,""vn_update"":""sum""},""decoder_source_sha256"":""44d84b92b749e2970f94d92cd348a11648e2286b4d851faa0af8b21d08f0da23"",""encoder_source_sha256"":""34d8db6660b2e84708a8fb534f63c194f6f2b964e3693fcffc9dcaf21532ccfd"",""implementation"":""Sionna_5G_LDPC"",""power_protocol"":""fixed_constellation_average_Es2"",""precision"":""float32"",""rate_matching"":""Sionna RV0; filler removal, first2Z and tail puncturing; supported n only"",""scrambling"":""public_PCG64_SHA256_protocol_session_frame_group_counter_after_rate_matching_v1"",""torch"":""2.11.0+cu128"",""version"":""2.2.0""},""interleaver_sha256"":""db23299b70da8a2fbd6fc61402e29dab5ef1c5f3c328688610d0bad997aad810"",""k"":376,""k_filler"":104,""k_ldpc"":480,""layout_id"":""3ae07418eefc70669a3f4b10dea61aafca6a76affa9712e99c056019ce34e88f"",""modulation_padding_bits"":0,""mother_bits"":2496,""n"":1486,""n_cb"":2400,""n_cb_comp"":2296,""power_protocol"":""fixed_constellation_average_Es2"",""puncturing_bits"":906,""puncturing_first_2Z"":96,""puncturing_remaining"":810,""repetition_bits"":0,""scrambling"":""public_PCG64_SHA256_protocol_session_frame_group_counter_after_rate_matching_v1"",""shortening_bits"":104,""z"":48}",[2048]
16QAM,2/3,16QAM:r2/3,dd004baec70aa7563a7958dbd2e3844fb4b4533e11a096064ced8f0953fe2891,768,16,0,784,800,16,4160,3276,819,0,0.23931623931623933,0.23443223443223443,"{""actual_effective_rate"":0.23931623931623933,""bg"":""bg2"",""bit_mapping"":""component_Gray_00_-3_01_-1_10_3_11_1_over_sqrt5;QPSK_0_plus1_1_minus1"",""code_blocks"":1,""decoder_config"":{""cn_schedule"":""flooding"",""cn_update"":""boxplus-phi"",""early_stop"":false,""hard_out"":true,""harq_mode"":false,""llr_max"":20.0,""num_iter"":20,""precision"":""single"",""prune_pcm"":true,""return_infobits"":true,""vn_update"":""sum""},""implementation"":{""bit_mapping"":""component_Gray_00_-3_01_-1_10_3_11_1_over_sqrt5;QPSK_0_plus1_1_minus1"",""cuda"":""12.8"",""decoder"":{""cn_schedule"":""flooding"",""cn_update"":""boxplus-phi"",""early_stop"":false,""hard_out"":true,""harq_mode"":false,""llr_max"":20.0,""num_iter"":20,""precision"":""single"",""prune_pcm"":true,""return_infobits"":true,""vn_update"":""sum""},""decoder_source_sha256"":""44d84b92b749e2970f94d92cd348a11648e2286b4d851faa0af8b21d08f0da23"",""encoder_source_sha256"":""34d8db6660b2e84708a8fb534f63c194f6f2b964e3693fcffc9dcaf21532ccfd"",""implementation"":""Sionna_5G_LDPC"",""power_protocol"":""fixed_constellation_average_Es2"",""precision"":""float32"",""rate_matching"":""Sionna RV0; filler removal, first2Z and tail puncturing; supported n only"",""scrambling"":""public_PCG64_SHA256_protocol_session_frame_group_counter_after_rate_matching_v1"",""torch"":""2.11.0+cu128"",""version"":""2.2.0""},""interleaver_sha256"":""c0ba7df4c52d6697f5677b8aeecc1fcb9493eb48d06ba68f9171b41472eb7adb"",""k"":784,""k_filler"":16,""k_ldpc"":800,""layout_id"":""a39cd111706719deab922bc132c3f80d91f6d94dd2dfc5e3ab9c6e2fee9f5209"",""modulation_padding_bits"":0,""mother_bits"":4160,""n"":3276,""n_cb"":4000,""n_cb_comp"":3984,""power_protocol"":""fixed_constellation_average_Es2"",""puncturing_bits"":868,""puncturing_first_2Z"":160,""puncturing_remaining"":708,""repetition_bits"":0,""scrambling"":""public_PCG64_SHA256_protocol_session_frame_group_counter_after_rate_matching_v1"",""shortening_bits"":16,""z"":80}",[2048]
16QAM,5/6,16QAM:r5/6,dd12b4d75904538628b5ff8e0ee89172e4ab3a077d5a15df973c796437ffe95f,300,16,0,316,330,14,1020,380,95,0,0.8315789473684211,0.7894736842105263,"{""actual_effective_rate"":0.8315789473684211,""bg"":""bg1"",""bit_mapping"":""component_Gray_00_-3_01_-1_10_3_11_1_over_sqrt5;QPSK_0_plus1_1_minus1"",""code_blocks"":1,""decoder_config"":{""cn_schedule"":""flooding"",""cn_update"":""boxplus-phi"",""early_stop"":false,""hard_out"":true,""harq_mode"":false,""llr_max"":20.0,""num_iter"":20,""precision"":""single"",""prune_pcm"":true,""return_infobits"":true,""vn_update"":""sum""},""implementation"":{""bit_mapping"":""component_Gray_00_-3_01_-1_10_3_11_1_over_sqrt5;QPSK_0_plus1_1_minus1"",""cuda"":""12.8"",""decoder"":{""cn_schedule"":""flooding"",""cn_update"":""boxplus-phi"",""early_stop"":false,""hard_out"":true,""harq_mode"":false,""llr_max"":20.0,""num_iter"":20,""precision"":""single"",""prune_pcm"":true,""return_infobits"":true,""vn_update"":""sum""},""decoder_source_sha256"":""44d84b92b749e2970f94d92cd348a11648e2286b4d851faa0af8b21d08f0da23"",""encoder_source_sha256"":""34d8db6660b2e84708a8fb534f63c194f6f2b964e3693fcffc9dcaf21532ccfd"",""implementation"":""Sionna_5G_LDPC"",""power_protocol"":""fixed_constellation_average_Es2"",""precision"":""float32"",""rate_matching"":""Sionna RV0; filler removal, first2Z and tail puncturing; supported n only"",""scrambling"":""public_PCG64_SHA256_protocol_session_frame_group_counter_after_rate_matching_v1"",""torch"":""2.11.0+cu128"",""version"":""2.2.0""},""interleaver_sha256"":""c03211e3ab3e8af93a8eab53b119ba4d93081274aaabd021547ced3b373a05b4"",""k"":316,""k_filler"":14,""k_ldpc"":330,""layout_id"":""8b46e3730cb4cba0a4bca083c0ef3aa3bd23d5e1c896e7fd4e834848f54d402f"",""modulation_padding_bits"":0,""mother_bits"":1020,""n"":380,""n_cb"":990,""n_cb_comp"":976,""power_protocol"":""fixed_constellation_average_Es2"",""puncturing_bits"":626,""puncturing_first_2Z"":30,""puncturing_remaining"":596,""repetition_bits"":0,""scrambling"":""public_PCG64_SHA256_protocol_session_frame_group_counter_after_rate_matching_v1"",""shortening_bits"":14,""z"":15}","[1024,2048]"
QPSK,5/6,QPSK:r5/6,dd1c1b24dfcd49460d5bc38ab169cab12aba1b65827ec0a6c86f9878e240c0e6,2172,16,0,2188,2288,100,7072,2626,1313,0,0.8332063975628332,0.8271134805788272,"{""actual_effective_rate"":0.8332063975628332,""bg"":""bg1"",""bit_mapping"":""component_Gray_00_-3_01_-1_10_3_11_1_over_sqrt5;QPSK_0_plus1_1_minus1"",""code_blocks"":1,""decoder_config"":{""cn_schedule"":""flooding"",""cn_update"":""boxplus-phi"",""early_stop"":false,""hard_out"":true,""harq_mode"":false,""llr_max"":20.0,""num_iter"":20,""precision"":""single"",""prune_pcm"":true,""return_infobits"":true,""vn_update"":""sum""},""implementation"":{""bit_mapping"":""component_Gray_00_-3_01_-1_10_3_11_1_over_sqrt5;QPSK_0_plus1_1_minus1"",""cuda"":""12.8"",""decoder"":{""cn_schedule"":""flooding"",""cn_update"":""boxplus-phi"",""early_stop"":false,""hard_out"":true,""harq_mode"":false,""llr_max"":20.0,""num_iter"":20,""precision"":""single"",""prune_pcm"":true,""return_infobits"":true,""vn_update"":""sum""},""decoder_source_sha256"":""44d84b92b749e2970f94d92cd348a11648e2286b4d851faa0af8b21d08f0da23"",""encoder_source_sha256"":""34d8db6660b2e84708a8fb534f63c194f6f2b964e3693fcffc9dcaf21532ccfd"",""implementation"":""Sionna_5G_LDPC"",""power_protocol"":""fixed_constellation_average_Es2"",""precision"":""float32"",""rate_matching"":""Sionna RV0; filler removal, first2Z and tail puncturing; supported n only"",""scrambling"":""public_PCG64_SHA256_protocol_session_frame_group_counter_after_rate_matching_v1"",""torch"":""2.11.0+cu128"",""version"":""2.2.0""},""interleaver_sha256"":""27bd5ae26f2daf42309888d29b74387ff0b80277d0e5cae05159a522fa30c99d"",""k"":2188,""k_filler"":100,""k_ldpc"":2288,""layout_id"":""b9cb4974489b67b328d2aff630b0230194794259a07fef9952396e89b54e8d47"",""modulation_padding_bits"":0,""mother_bits"":7072,""n"":2626,""n_cb"":6864,""n_cb_comp"":6764,""power_protocol"":""fixed_constellation_average_Es2"",""puncturing_bits"":4346,""puncturing_first_2Z"":208,""puncturing_remaining"":4138,""repetition_bits"":0,""scrambling"":""public_PCG64_SHA256_protocol_session_frame_group_counter_after_rate_matching_v1"",""shortening_bits"":100,""z"":104}",[2048]
16QAM,2/3,16QAM:r2/3,dd244337cd9c96f24dc37194ffd216f2dc43164ef0546a96614a8ae5f2a77e26,1848,16,0,1864,1920,56,9984,2804,701,0,0.6647646219686163,0.6590584878744651,"{""actual_effective_rate"":0.6647646219686163,""bg"":""bg2"",""bit_mapping"":""component_Gray_00_-3_01_-1_10_3_11_1_over_sqrt5;QPSK_0_plus1_1_minus1"",""code_blocks"":1,""decoder_config"":{""cn_schedule"":""flooding"",""cn_update"":""boxplus-phi"",""early_stop"":false,""hard_out"":true,""harq_mode"":false,""llr_max"":20.0,""num_iter"":20,""precision"":""single"",""prune_pcm"":true,""return_infobits"":true,""vn_update"":""sum""},""implementation"":{""bit_mapping"":""component_Gray_00_-3_01_-1_10_3_11_1_over_sqrt5;QPSK_0_plus1_1_minus1"",""cuda"":""12.8"",""decoder"":{""cn_schedule"":""flooding"",""cn_update"":""boxplus-phi"",""early_stop"":false,""hard_out"":true,""harq_mode"":false,""llr_max"":20.0,""num_iter"":20,""precision"":""single"",""prune_pcm"":true,""return_infobits"":true,""vn_update"":""sum""},""decoder_source_sha256"":""44d84b92b749e2970f94d92cd348a11648e2286b4d851faa0af8b21d08f0da23"",""encoder_source_sha256"":""34d8db6660b2e84708a8fb534f63c194f6f2b964e3693fcffc9dcaf21532ccfd"",""implementation"":""Sionna_5G_LDPC"",""power_protocol"":""fixed_constellation_average_Es2"",""precision"":""float32"",""rate_matching"":""Sionna RV0; filler removal, first2Z and tail puncturing; supported n only"",""scrambling"":""public_PCG64_SHA256_protocol_session_frame_group_counter_after_rate_matching_v1"",""torch"":""2.11.0+cu128"",""version"":""2.2.0""},""interleaver_sha256"":""34ae189d650db47203236180e9318b6ed7b436c746b33cc4b07e1ca7d04ee5c7"",""k"":1864,""k_filler"":56,""k_ldpc"":1920,""layout_id"":""5e54a551267b834ff4a9cb9f5fe2b2f264c41ed78f02f23b650a070939148343"",""modulation_padding_bits"":0,""mother_bits"":9984,""n"":2804,""n_cb"":9600,""n_cb_comp"":9544,""power_protocol"":""fixed_constellation_average_Es2"",""puncturing_bits"":7124,""puncturing_first_2Z"":384,""puncturing_remaining"":6740,""repetition_bits"":0,""scrambling"":""public_PCG64_SHA256_protocol_session_frame_group_counter_after_rate_matching_v1"",""shortening_bits"":56,""z"":192}",[1024]
16QAM,5/6,16QAM:r5/6,dd342ea6f1aff54bbda1a8ec11bd484982aafa4933f00484ae2e998824092715,360,16,0,376,480,104,2496,1012,253,0,0.3715415019762846,0.3557312252964427,"{""actual_effective_rate"":0.3715415019762846,""bg"":""bg2"",""bit_mapping"":""component_Gray_00_-3_01_-1_10_3_11_1_over_sqrt5;QPSK_0_plus1_1_minus1"",""code_blocks"":1,""decoder_config"":{""cn_schedule"":""flooding"",""cn_update"":""boxplus-phi"",""early_stop"":false,""hard_out"":true,""harq_mode"":false,""llr_max"":20.0,""num_iter"":20,""precision"":""single"",""prune_pcm"":true,""return_infobits"":true,""vn_update"":""sum""},""implementation"":{""bit_mapping"":""component_Gray_00_-3_01_-1_10_3_11_1_over_sqrt5;QPSK_0_plus1_1_minus1"",""cuda"":""12.8"",""decoder"":{""cn_schedule"":""flooding"",""cn_update"":""boxplus-phi"",""early_stop"":false,""hard_out"":true,""harq_mode"":false,""llr_max"":20.0,""num_iter"":20,""precision"":""single"",""prune_pcm"":true,""return_infobits"":true,""vn_update"":""sum""},""decoder_source_sha256"":""44d84b92b749e2970f94d92cd348a11648e2286b4d851faa0af8b21d08f0da23"",""encoder_source_sha256"":""34d8db6660b2e84708a8fb534f63c194f6f2b964e3693fcffc9dcaf21532ccfd"",""implementation"":""Sionna_5G_LDPC"",""power_protocol"":""fixed_constellation_average_Es2"",""precision"":""float32"",""rate_matching"":""Sionna RV0; filler removal, first2Z and tail puncturing; supported n only"",""scrambling"":""public_PCG64_SHA256_protocol_session_frame_group_counter_after_rate_matching_v1"",""torch"":""2.11.0+cu128"",""version"":""2.2.0""},""interleaver_sha256"":""41719330075dd68aac7e0c25b613c42fa872c248e09d2226bb9cc162314e2855"",""k"":376,""k_filler"":104,""k_ldpc"":480,""layout_id"":""ea621ea03749fcd66bd3c7c0a3ec41bc30c4a4342f547276bdac00c681b64ed2"",""modulation_padding_bits"":0,""mother_bits"":2496,""n"":1012,""n_cb"":2400,""n_cb_comp"":2296,""power_protocol"":""fixed_constellation_average_Es2"",""puncturing_bits"":1380,""puncturing_first_2Z"":96,""puncturing_remaining"":1284,""repetition_bits"":0,""scrambling"":""public_PCG64_SHA256_protocol_session_frame_group_counter_after_rate_matching_v1"",""shortening_bits"":104,""z"":48}","[1024,2048]"
QPSK,1/2,QPSK:r1/2,dd35bc3261b8e05d099556a150988291c6ef9242d5327bf726a5f6a4c54a08b0,576,16,0,592,720,128,3744,2324,1162,0,0.2547332185886403,0.24784853700516352,"{""actual_effective_rate"":0.2547332185886403,""bg"":""bg2"",""bit_mapping"":""component_Gray_00_-3_01_-1_10_3_11_1_over_sqrt5;QPSK_0_plus1_1_minus1"",""code_blocks"":1,""decoder_config"":{""cn_schedule"":""flooding"",""cn_update"":""boxplus-phi"",""early_stop"":false,""hard_out"":true,""harq_mode"":false,""llr_max"":20.0,""num_iter"":20,""precision"":""single"",""prune_pcm"":true,""return_infobits"":true,""vn_update"":""sum""},""implementation"":{""bit_mapping"":""component_Gray_00_-3_01_-1_10_3_11_1_over_sqrt5;QPSK_0_plus1_1_minus1"",""cuda"":""12.8"",""decoder"":{""cn_schedule"":""flooding"",""cn_update"":""boxplus-phi"",""early_stop"":false,""hard_out"":true,""harq_mode"":false,""llr_max"":20.0,""num_iter"":20,""precision"":""single"",""prune_pcm"":true,""return_infobits"":true,""vn_update"":""sum""},""decoder_source_sha256"":""44d84b92b749e2970f94d92cd348a11648e2286b4d851faa0af8b21d08f0da23"",""encoder_source_sha256"":""34d8db6660b2e84708a8fb534f63c194f6f2b964e3693fcffc9dcaf21532ccfd"",""implementation"":""Sionna_5G_LDPC"",""power_protocol"":""fixed_constellation_average_Es2"",""precision"":""float32"",""rate_matching"":""Sionna RV0; filler removal, first2Z and tail puncturing; supported n only"",""scrambling"":""public_PCG64_SHA256_protocol_session_frame_group_counter_after_rate_matching_v1"",""torch"":""2.11.0+cu128"",""version"":""2.2.0""},""interleaver_sha256"":""d12564821134b676302174aa6a0a68c497dea27b46cd076775c575ca10e166ac"",""k"":592,""k_filler"":128,""k_ldpc"":720,""layout_id"":""400b709f13aa348031b4657e4a4c0fa576f1997a16a5071b98fa1433b05d8332"",""modulation_padding_bits"":0,""mother_bits"":3744,""n"":2324,""n_cb"":3600,""n_cb_comp"":3472,""power_protocol"":""fixed_constellation_average_Es2"",""puncturing_bits"":1292,""puncturing_first_2Z"":144,""puncturing_remaining"":1148,""repetition_bits"":0,""scrambling"":""public_PCG64_SHA256_protocol_session_frame_group_counter_after_rate_matching_v1"",""shortening_bits"":128,""z"":72}",[2048]
QPSK,5/6,QPSK:r5/6,dd433f01feca8adda451517a64de34de0018ab85101ad5ff581590bd710fdb35,300,16,0,316,330,14,1020,470,235,0,0.6723404255319149,0.6382978723404256,"{""actual_effective_rate"":0.6723404255319149,""bg"":""bg1"",""bit_mapping"":""component_Gray_00_-3_01_-1_10_3_11_1_over_sqrt5;QPSK_0_plus1_1_minus1"",""code_blocks"":1,""decoder_config"":{""cn_schedule"":""flooding"",""cn_update"":""boxplus-phi"",""early_stop"":false,""hard_out"":true,""harq_mode"":false,""llr_max"":20.0,""num_iter"":20,""precision"":""single"",""prune_pcm"":true,""return_infobits"":true,""vn_update"":""sum""},""implementation"":{""bit_mapping"":""component_Gray_00_-3_01_-1_10_3_11_1_over_sqrt5;QPSK_0_plus1_1_minus1"",""cuda"":""12.8"",""decoder"":{""cn_schedule"":""flooding"",""cn_update"":""boxplus-phi"",""early_stop"":false,""hard_out"":true,""harq_mode"":false,""llr_max"":20.0,""num_iter"":20,""precision"":""single"",""prune_pcm"":true,""return_infobits"":true,""vn_update"":""sum""},""decoder_source_sha256"":""44d84b92b749e2970f94d92cd348a11648e2286b4d851faa0af8b21d08f0da23"",""encoder_source_sha256"":""34d8db6660b2e84708a8fb534f63c194f6f2b964e3693fcffc9dcaf21532ccfd"",""implementation"":""Sionna_5G_LDPC"",""power_protocol"":""fixed_constellation_average_Es2"",""precision"":""float32"",""rate_matching"":""Sionna RV0; filler removal, first2Z and tail puncturing; supported n only"",""scrambling"":""public_PCG64_SHA256_protocol_session_frame_group_counter_after_rate_matching_v1"",""torch"":""2.11.0+cu128"",""version"":""2.2.0""},""interleaver_sha256"":""f544ea39c87ccddc79ddbc20ae4c1db020e9b25fc6f775dee499fe8bf3e03530"",""k"":316,""k_filler"":14,""k_ldpc"":330,""layout_id"":""d2431e519eb8de545d2b09f43dc566095f445fdadf1333fb766d46bcdd46f27f"",""modulation_padding_bits"":0,""mother_bits"":1020,""n"":470,""n_cb"":990,""n_cb_comp"":976,""power_protocol"":""fixed_constellation_average_Es2"",""puncturing_bits"":536,""puncturing_first_2Z"":30,""puncturing_remaining"":506,""repetition_bits"":0,""scrambling"":""public_PCG64_SHA256_protocol_session_frame_group_counter_after_rate_matching_v1"",""shortening_bits"":14,""z"":15}",[2048]
QPSK,3/4,QPSK:r3/4,dd4a841ae7ac2bf23084b3215bd4d2513ba118e270235926ac5b96ab4c65df7e,216,16,0,232,300,68,1560,528,264,0,0.4393939393939394,0.4090909090909091,"{""actual_effective_rate"":0.4393939393939394,""bg"":""bg2"",""bit_mapping"":""component_Gray_00_-3_01_-1_10_3_11_1_over_sqrt5;QPSK_0_plus1_1_minus1"",""code_blocks"":1,""decoder_config"":{""cn_schedule"":""flooding"",""cn_update"":""boxplus-phi"",""early_stop"":false,""hard_out"":true,""harq_mode"":false,""llr_max"":20.0,""num_iter"":20,""precision"":""single"",""prune_pcm"":true,""return_infobits"":true,""vn_update"":""sum""},""implementation"":{""bit_mapping"":""component_Gray_00_-3_01_-1_10_3_11_1_over_sqrt5;QPSK_0_plus1_1_minus1"",""cuda"":""12.8"",""decoder"":{""cn_schedule"":""flooding"",""cn_update"":""boxplus-phi"",""early_stop"":false,""hard_out"":true,""harq_mode"":false,""llr_max"":20.0,""num_iter"":20,""precision"":""single"",""prune_pcm"":true,""return_infobits"":true,""vn_update"":""sum""},""decoder_source_sha256"":""44d84b92b749e2970f94d92cd348a11648e2286b4d851faa0af8b21d08f0da23"",""encoder_source_sha256"":""34d8db6660b2e84708a8fb534f63c194f6f2b964e3693fcffc9dcaf21532ccfd"",""implementation"":""Sionna_5G_LDPC"",""power_protocol"":""fixed_constellation_average_Es2"",""precision"":""float32"",""rate_matching"":""Sionna RV0; filler removal, first2Z and tail puncturing; supported n only"",""scrambling"":""public_PCG64_SHA256_protocol_session_frame_group_counter_after_rate_matching_v1"",""torch"":""2.11.0+cu128"",""version"":""2.2.0""},""interleaver_sha256"":""7767b2c60bd6dfc712903cfa608cbca91a9854e4cfa8dc6fc8409943e5131783"",""k"":232,""k_filler"":68,""k_ldpc"":300,""layout_id"":""bfa5cc8dd0c274c148f2b54dbb5f069c55dec5c94730e900baf0621ffcfb7fae"",""modulation_padding_bits"":0,""mother_bits"":1560,""n"":528,""n_cb"":1500,""n_cb_comp"":1432,""power_protocol"":""fixed_constellation_average_Es2"",""puncturing_bits"":964,""puncturing_first_2Z"":60,""puncturing_remaining"":904,""repetition_bits"":0,""scrambling"":""public_PCG64_SHA256_protocol_session_frame_group_counter_after_rate_matching_v1"",""shortening_bits"":68,""z"":30}",[1024]
QPSK,2/3,QPSK:r2/3,dd54e2c61754ccb139111f8d50b42352d5661b9373df39efbccff136f4094666,660,16,0,676,720,44,3744,3128,1564,0,0.21611253196930946,0.21099744245524296,"{""actual_effective_rate"":0.21611253196930946,""bg"":""bg2"",""bit_mapping"":""component_Gray_00_-3_01_-1_10_3_11_1_over_sqrt5;QPSK_0_plus1_1_minus1"",""code_blocks"":1,""decoder_config"":{""cn_schedule"":""flooding"",""cn_update"":""boxplus-phi"",""early_stop"":false,""hard_out"":true,""harq_mode"":false,""llr_max"":20.0,""num_iter"":20,""precision"":""single"",""prune_pcm"":true,""return_infobits"":true,""vn_update"":""sum""},""implementation"":{""bit_mapping"":""component_Gray_00_-3_01_-1_10_3_11_1_over_sqrt5;QPSK_0_plus1_1_minus1"",""cuda"":""12.8"",""decoder"":{""cn_schedule"":""flooding"",""cn_update"":""boxplus-phi"",""early_stop"":false,""hard_out"":true,""harq_mode"":false,""llr_max"":20.0,""num_iter"":20,""precision"":""single"",""prune_pcm"":true,""return_infobits"":true,""vn_update"":""sum""},""decoder_source_sha256"":""44d84b92b749e2970f94d92cd348a11648e2286b4d851faa0af8b21d08f0da23"",""encoder_source_sha256"":""34d8db6660b2e84708a8fb534f63c194f6f2b964e3693fcffc9dcaf21532ccfd"",""implementation"":""Sionna_5G_LDPC"",""power_protocol"":""fixed_constellation_average_Es2"",""precision"":""float32"",""rate_matching"":""Sionna RV0; filler removal, first2Z and tail puncturing; supported n only"",""scrambling"":""public_PCG64_SHA256_protocol_session_frame_group_counter_after_rate_matching_v1"",""torch"":""2.11.0+cu128"",""version"":""2.2.0""},""interleaver_sha256"":""75b2d1b45d94f4d7442ca58fdfebdb23318ee9d84cf2608b74278b69163e8830"",""k"":676,""k_filler"":44,""k_ldpc"":720,""layout_id"":""3c26a13ec01919899268d9fbe7d7d8fc9a787f931cc30004c13ef7f7a6b2d793"",""modulation_padding_bits"":0,""mother_bits"":3744,""n"":3128,""n_cb"":3600,""n_cb_comp"":3556,""power_protocol"":""fixed_constellation_average_Es2"",""puncturing_bits"":572,""puncturing_first_2Z"":144,""puncturing_remaining"":428,""repetition_bits"":0,""scrambling"":""public_PCG64_SHA256_protocol_session_frame_group_counter_after_rate_matching_v1"",""shortening_bits"":44,""z"":72}",[2048]
16QAM,5/6,16QAM:r5/6,dd66f107616fbae68a0bfba97173be98f8d3a9c02fe458ec069c79bee31fac81,1668,16,0,1684,1760,76,9152,4572,1143,0,0.36832895888014,0.3648293963254593,"{""actual_effective_rate"":0.36832895888014,""bg"":""bg2"",""bit_mapping"":""component_Gray_00_-3_01_-1_10_3_11_1_over_sqrt5;QPSK_0_plus1_1_minus1"",""code_blocks"":1,""decoder_config"":{""cn_schedule"":""flooding"",""cn_update"":""boxplus-phi"",""early_stop"":false,""hard_out"":true,""harq_mode"":false,""llr_max"":20.0,""num_iter"":20,""precision"":""single"",""prune_pcm"":true,""return_infobits"":true,""vn_update"":""sum""},""implementation"":{""bit_mapping"":""component_Gray_00_-3_01_-1_10_3_11_1_over_sqrt5;QPSK_0_plus1_1_minus1"",""cuda"":""12.8"",""decoder"":{""cn_schedule"":""flooding"",""cn_update"":""boxplus-phi"",""early_stop"":false,""hard_out"":true,""harq_mode"":false,""llr_max"":20.0,""num_iter"":20,""precision"":""single"",""prune_pcm"":true,""return_infobits"":true,""vn_update"":""sum""},""decoder_source_sha256"":""44d84b92b749e2970f94d92cd348a11648e2286b4d851faa0af8b21d08f0da23"",""encoder_source_sha256"":""34d8db6660b2e84708a8fb534f63c194f6f2b964e3693fcffc9dcaf21532ccfd"",""implementation"":""Sionna_5G_LDPC"",""power_protocol"":""fixed_constellation_average_Es2"",""precision"":""float32"",""rate_matching"":""Sionna RV0; filler removal, first2Z and tail puncturing; supported n only"",""scrambling"":""public_PCG64_SHA256_protocol_session_frame_group_counter_after_rate_matching_v1"",""torch"":""2.11.0+cu128"",""version"":""2.2.0""},""interleaver_sha256"":""007a92532ab1909dff3fecde97b3b38547cdd66552693c36b556f1209444dc7a"",""k"":1684,""k_filler"":76,""k_ldpc"":1760,""layout_id"":""99967dce0695db8bf9d6fd127d97aebf93c4ae1603145d47e4b9a64d3fb49a84"",""modulation_padding_bits"":0,""mother_bits"":9152,""n"":4572,""n_cb"":8800,""n_cb_comp"":8724,""power_protocol"":""fixed_constellation_average_Es2"",""puncturing_bits"":4504,""puncturing_first_2Z"":352,""puncturing_remaining"":4152,""repetition_bits"":0,""scrambling"":""public_PCG64_SHA256_protocol_session_frame_group_counter_after_rate_matching_v1"",""shortening_bits"":76,""z"":176}",[2048]
16QAM,1/2,16QAM:r1/2,dd685953026347ac80d899469f43549bfecb7323ee2b2efcd56d980b7ec8c5ed,1224,16,0,1240,1280,40,6656,2484,621,0,0.499194847020934,0.4927536231884058,"{""actual_effective_rate"":0.499194847020934,""bg"":""bg2"",""bit_mapping"":""component_Gray_00_-3_01_-1_10_3_11_1_over_sqrt5;QPSK_0_plus1_1_minus1"",""code_blocks"":1,""decoder_config"":{""cn_schedule"":""flooding"",""cn_update"":""boxplus-phi"",""early_stop"":false,""hard_out"":true,""harq_mode"":false,""llr_max"":20.0,""num_iter"":20,""precision"":""single"",""prune_pcm"":true,""return_infobits"":true,""vn_update"":""sum""},""implementation"":{""bit_mapping"":""component_Gray_00_-3_01_-1_10_3_11_1_over_sqrt5;QPSK_0_plus1_1_minus1"",""cuda"":""12.8"",""decoder"":{""cn_schedule"":""flooding"",""cn_update"":""boxplus-phi"",""early_stop"":false,""hard_out"":true,""harq_mode"":false,""llr_max"":20.0,""num_iter"":20,""precision"":""single"",""prune_pcm"":true,""return_infobits"":true,""vn_update"":""sum""},""decoder_source_sha256"":""44d84b92b749e2970f94d92cd348a11648e2286b4d851faa0af8b21d08f0da23"",""encoder_source_sha256"":""34d8db6660b2e84708a8fb534f63c194f6f2b964e3693fcffc9dcaf21532ccfd"",""implementation"":""Sionna_5G_LDPC"",""power_protocol"":""fixed_constellation_average_Es2"",""precision"":""float32"",""rate_matching"":""Sionna RV0; filler removal, first2Z and tail puncturing; supported n only"",""scrambling"":""public_PCG64_SHA256_protocol_session_frame_group_counter_after_rate_matching_v1"",""torch"":""2.11.0+cu128"",""version"":""2.2.0""},""interleaver_sha256"":""6ba3d9d496c9fab6fe6b7129e05929d234cf7627a4dec4cf9489ba1d7fc0c52b"",""k"":1240,""k_filler"":40,""k_ldpc"":1280,""layout_id"":""2ce9431658102e64c53b9fe8bac9048145a349ec14cd95a13528d5dd1fd0a9c4"",""modulation_padding_bits"":0,""mother_bits"":6656,""n"":2484,""n_cb"":6400,""n_cb_comp"":6360,""power_protocol"":""fixed_constellation_average_Es2"",""puncturing_bits"":4132,""puncturing_first_2Z"":256,""puncturing_remaining"":3876,""repetition_bits"":0,""scrambling"":""public_PCG64_SHA256_protocol_session_frame_group_counter_after_rate_matching_v1"",""shortening_bits"":40,""z"":128}",[1024]
16QAM,3/4,16QAM:r3/4,dd727faf2cb6242444f3f71e4cf0bbfc79b2966dfcb5f89260c43d0651017418,1008,16,0,1024,1040,16,5408,2192,548,0,0.46715328467153283,0.45985401459854014,"{""actual_effective_rate"":0.46715328467153283,""bg"":""bg2"",""bit_mapping"":""component_Gray_00_-3_01_-1_10_3_11_1_over_sqrt5;QPSK_0_plus1_1_minus1"",""code_blocks"":1,""decoder_config"":{""cn_schedule"":""flooding"",""cn_update"":""boxplus-phi"",""early_stop"":false,""hard_out"":true,""harq_mode"":false,""llr_max"":20.0,""num_iter"":20,""precision"":""single"",""prune_pcm"":true,""return_infobits"":true,""vn_update"":""sum""},""implementation"":{""bit_mapping"":""component_Gray_00_-3_01_-1_10_3_11_1_over_sqrt5;QPSK_0_plus1_1_minus1"",""cuda"":""12.8"",""decoder"":{""cn_schedule"":""flooding"",""cn_update"":""boxplus-phi"",""early_stop"":false,""hard_out"":true,""harq_mode"":false,""llr_max"":20.0,""num_iter"":20,""precision"":""single"",""prune_pcm"":true,""return_infobits"":true,""vn_update"":""sum""},""decoder_source_sha256"":""44d84b92b749e2970f94d92cd348a11648e2286b4d851faa0af8b21d08f0da23"",""encoder_source_sha256"":""34d8db6660b2e84708a8fb534f63c194f6f2b964e3693fcffc9dcaf21532ccfd"",""implementation"":""Sionna_5G_LDPC"",""power_protocol"":""fixed_constellation_average_Es2"",""precision"":""float32"",""rate_matching"":""Sionna RV0; filler removal, first2Z and tail puncturing; supported n only"",""scrambling"":""public_PCG64_SHA256_protocol_session_frame_group_counter_after_rate_matching_v1"",""torch"":""2.11.0+cu128"",""version"":""2.2.0""},""interleaver_sha256"":""d3ad62f9dadff84c568229f1376b9a09f0227dd00153733fbd94e28110bc7e8f"",""k"":1024,""k_filler"":16,""k_ldpc"":1040,""layout_id"":""e54ef1991bd7f9b675216436f4e189f0a2cba3b99a6288287a519215424b1a4b"",""modulation_padding_bits"":0,""mother_bits"":5408,""n"":2192,""n_cb"":5200,""n_cb_comp"":5184,""power_protocol"":""fixed_constellation_average_Es2"",""puncturing_bits"":3200,""puncturing_first_2Z"":208,""puncturing_remaining"":2992,""repetition_bits"":0,""scrambling"":""public_PCG64_SHA256_protocol_session_frame_group_counter_after_rate_matching_v1"",""shortening_bits"":16,""z"":104}",[1024]
16QAM,3/4,16QAM:r3/4,dd730f54545ff7a260ac4c1fce30f3ec445ab8af3b70ea6167775d636d9ed626,660,16,0,676,720,44,3744,3032,758,0,0.22295514511873352,0.21767810026385223,"{""actual_effective_rate"":0.22295514511873352,""bg"":""bg2"",""bit_mapping"":""component_Gray_00_-3_01_-1_10_3_11_1_over_sqrt5;QPSK_0_plus1_1_minus1"",""code_blocks"":1,""decoder_config"":{""cn_schedule"":""flooding"",""cn_update"":""boxplus-phi"",""early_stop"":false,""hard_out"":true,""harq_mode"":false,""llr_max"":20.0,""num_iter"":20,""precision"":""single"",""prune_pcm"":true,""return_infobits"":true,""vn_update"":""sum""},""implementation"":{""bit_mapping"":""component_Gray_00_-3_01_-1_10_3_11_1_over_sqrt5;QPSK_0_plus1_1_minus1"",""cuda"":""12.8"",""decoder"":{""cn_schedule"":""flooding"",""cn_update"":""boxplus-phi"",""early_stop"":false,""hard_out"":true,""harq_mode"":false,""llr_max"":20.0,""num_iter"":20,""precision"":""single"",""prune_pcm"":true,""return_infobits"":true,""vn_update"":""sum""},""decoder_source_sha256"":""44d84b92b749e2970f94d92cd348a11648e2286b4d851faa0af8b21d08f0da23"",""encoder_source_sha256"":""34d8db6660b2e84708a8fb534f63c194f6f2b964e3693fcffc9dcaf21532ccfd"",""implementation"":""Sionna_5G_LDPC"",""power_protocol"":""fixed_constellation_average_Es2"",""precision"":""float32"",""rate_matching"":""Sionna RV0; filler removal, first2Z and tail puncturing; supported n only"",""scrambling"":""public_PCG64_SHA256_protocol_session_frame_group_counter_after_rate_matching_v1"",""torch"":""2.11.0+cu128"",""version"":""2.2.0""},""interleaver_sha256"":""d4da1a2da558d7489814e45a26358403dcd4119612bd3d844de592e53e66a638"",""k"":676,""k_filler"":44,""k_ldpc"":720,""layout_id"":""3374c2fd281778f2a2802c93a73b5170ffabab1a66630576754b2cbe794c0dc9"",""modulation_padding_bits"":0,""mother_bits"":3744,""n"":3032,""n_cb"":3600,""n_cb_comp"":3556,""power_protocol"":""fixed_constellation_average_Es2"",""puncturing_bits"":668,""puncturing_first_2Z"":144,""puncturing_remaining"":524,""repetition_bits"":0,""scrambling"":""public_PCG64_SHA256_protocol_session_frame_group_counter_after_rate_matching_v1"",""shortening_bits"":44,""z"":72}",[2048]
16QAM,1/3,16QAM:r1/3,dd798994674c65562631266a025f0f3b2f35d21f076259d9e52898e8b9fec3bf,300,16,0,316,400,84,2080,1476,369,0,0.2140921409214092,0.2032520325203252,"{""actual_effective_rate"":0.2140921409214092,""bg"":""bg2"",""bit_mapping"":""component_Gray_00_-3_01_-1_10_3_11_1_over_sqrt5;QPSK_0_plus1_1_minus1"",""code_blocks"":1,""decoder_config"":{""cn_schedule"":""flooding"",""cn_update"":""boxplus-phi"",""early_stop"":false,""hard_out"":true,""harq_mode"":false,""llr_max"":20.0,""num_iter"":20,""precision"":""single"",""prune_pcm"":true,""return_infobits"":true,""vn_update"":""sum""},""implementation"":{""bit_mapping"":""component_Gray_00_-3_01_-1_10_3_11_1_over_sqrt5;QPSK_0_plus1_1_minus1"",""cuda"":""12.8"",""decoder"":{""cn_schedule"":""flooding"",""cn_update"":""boxplus-phi"",""early_stop"":false,""hard_out"":true,""harq_mode"":false,""llr_max"":20.0,""num_iter"":20,""precision"":""single"",""prune_pcm"":true,""return_infobits"":true,""vn_update"":""sum""},""decoder_source_sha256"":""44d84b92b749e2970f94d92cd348a11648e2286b4d851faa0af8b21d08f0da23"",""encoder_source_sha256"":""34d8db6660b2e84708a8fb534f63c194f6f2b964e3693fcffc9dcaf21532ccfd"",""implementation"":""Sionna_5G_LDPC"",""power_protocol"":""fixed_constellation_average_Es2"",""precision"":""float32"",""rate_matching"":""Sionna RV0; filler removal, first2Z and tail puncturing; supported n only"",""scrambling"":""public_PCG64_SHA256_protocol_session_frame_group_counter_after_rate_matching_v1"",""torch"":""2.11.0+cu128"",""version"":""2.2.0""},""interleaver_sha256"":""a6283ffcddf8cb7699127db93d7582f62c498b7fdc3a6915a157ef44dab88839"",""k"":316,""k_filler"":84,""k_ldpc"":400,""layout_id"":""60a1fac2f4b73ef20beb5d1af5cfb356c5a19fc80f56452dc951d0073435ff52"",""modulation_padding_bits"":0,""mother_bits"":2080,""n"":1476,""n_cb"":2000,""n_cb_comp"":1916,""power_protocol"":""fixed_constellation_average_Es2"",""puncturing_bits"":520,""puncturing_first_2Z"":80,""puncturing_remaining"":440,""repetition_bits"":0,""scrambling"":""public_PCG64_SHA256_protocol_session_frame_group_counter_after_rate_matching_v1"",""shortening_bits"":84,""z"":40}",[1024]
16QAM,5/6,16QAM:r5/6,dda595324e9d19b49c0da0591da6b5959a7ba016fabc4a75c43780cbc5d4f283,384,16,0,400,520,120,2704,996,249,0,0.40160642570281124,0.3855421686746988,"{""actual_effective_rate"":0.40160642570281124,""bg"":""bg2"",""bit_mapping"":""component_Gray_00_-3_01_-1_10_3_11_1_over_sqrt5;QPSK_0_plus1_1_minus1"",""code_blocks"":1,""decoder_config"":{""cn_schedule"":""flooding"",""cn_update"":""boxplus-phi"",""early_stop"":false,""hard_out"":true,""harq_mode"":false,""llr_max"":20.0,""num_iter"":20,""precision"":""single"",""prune_pcm"":true,""return_infobits"":true,""vn_update"":""sum""},""implementation"":{""bit_mapping"":""component_Gray_00_-3_01_-1_10_3_11_1_over_sqrt5;QPSK_0_plus1_1_minus1"",""cuda"":""12.8"",""decoder"":{""cn_schedule"":""flooding"",""cn_update"":""boxplus-phi"",""early_stop"":false,""hard_out"":true,""harq_mode"":false,""llr_max"":20.0,""num_iter"":20,""precision"":""single"",""prune_pcm"":true,""return_infobits"":true,""vn_update"":""sum""},""decoder_source_sha256"":""44d84b92b749e2970f94d92cd348a11648e2286b4d851faa0af8b21d08f0da23"",""encoder_source_sha256"":""34d8db6660b2e84708a8fb534f63c194f6f2b964e3693fcffc9dcaf21532ccfd"",""implementation"":""Sionna_5G_LDPC"",""power_protocol"":""fixed_constellation_average_Es2"",""precision"":""float32"",""rate_matching"":""Sionna RV0; filler removal, first2Z and tail puncturing; supported n only"",""scrambling"":""public_PCG64_SHA256_protocol_session_frame_group_counter_after_rate_matching_v1"",""torch"":""2.11.0+cu128"",""version"":""2.2.0""},""interleaver_sha256"":""5521171071208759c99122fdc30efd32174aa15a281199b9a3d7941cf9d18641"",""k"":400,""k_filler"":120,""k_ldpc"":520,""layout_id"":""0062dfda8690988f0d7d495c2f822d69d6c782d037472abe9157d551458d5461"",""modulation_padding_bits"":0,""mother_bits"":2704,""n"":996,""n_cb"":2600,""n_cb_comp"":2480,""power_protocol"":""fixed_constellation_average_Es2"",""puncturing_bits"":1588,""puncturing_first_2Z"":104,""puncturing_remaining"":1484,""repetition_bits"":0,""scrambling"":""public_PCG64_SHA256_protocol_session_frame_group_counter_after_rate_matching_v1"",""shortening_bits"":120,""z"":52}",[2048]
QPSK,3/4,QPSK:r3/4,ddab529b945ad3bf0cc65f61d2c7a53facc39d5fab1964f7f019ec8ca8d11502,108,16,0,124,220,96,1144,268,134,0,0.4626865671641791,0.40298507462686567,"{""actual_effective_rate"":0.4626865671641791,""bg"":""bg2"",""bit_mapping"":""component_Gray_00_-3_01_-1_10_3_11_1_over_sqrt5;QPSK_0_plus1_1_minus1"",""code_blocks"":1,""decoder_config"":{""cn_schedule"":""flooding"",""cn_update"":""boxplus-phi"",""early_stop"":false,""hard_out"":true,""harq_mode"":false,""llr_max"":20.0,""num_iter"":20,""precision"":""single"",""prune_pcm"":true,""return_infobits"":true,""vn_update"":""sum""},""implementation"":{""bit_mapping"":""component_Gray_00_-3_01_-1_10_3_11_1_over_sqrt5;QPSK_0_plus1_1_minus1"",""cuda"":""12.8"",""decoder"":{""cn_schedule"":""flooding"",""cn_update"":""boxplus-phi"",""early_stop"":false,""hard_out"":true,""harq_mode"":false,""llr_max"":20.0,""num_iter"":20,""precision"":""single"",""prune_pcm"":true,""return_infobits"":true,""vn_update"":""sum""},""decoder_source_sha256"":""44d84b92b749e2970f94d92cd348a11648e2286b4d851faa0af8b21d08f0da23"",""encoder_source_sha256"":""34d8db6660b2e84708a8fb534f63c194f6f2b964e3693fcffc9dcaf21532ccfd"",""implementation"":""Sionna_5G_LDPC"",""power_protocol"":""fixed_constellation_average_Es2"",""precision"":""float32"",""rate_matching"":""Sionna RV0; filler removal, first2Z and tail puncturing; supported n only"",""scrambling"":""public_PCG64_SHA256_protocol_session_frame_group_counter_after_rate_matching_v1"",""torch"":""2.11.0+cu128"",""version"":""2.2.0""},""interleaver_sha256"":""39762819b312fbdd92962ea2a9240bdafb17085f368abed1950191a5d58a8bfe"",""k"":124,""k_filler"":96,""k_ldpc"":220,""layout_id"":""efbbdbbdfa136bcd96f1eddae5d4b28e2e1136bb7b75e64ff6db7f55a58230d9"",""modulation_padding_bits"":0,""mother_bits"":1144,""n"":268,""n_cb"":1100,""n_cb_comp"":1004,""power_protocol"":""fixed_constellation_average_Es2"",""puncturing_bits"":780,""puncturing_first_2Z"":44,""puncturing_remaining"":736,""repetition_bits"":0,""scrambling"":""public_PCG64_SHA256_protocol_session_frame_group_counter_after_rate_matching_v1"",""shortening_bits"":96,""z"":22}",[1024]
16QAM,5/6,16QAM:r5/6,ddca31a9b9aeae61f3663b9317ed6b02d41936c25c35b971ed07993d06c669dd,2484,16,0,2500,2640,140,8160,3000,750,0,0.8333333333333334,0.828,"{""actual_effective_rate"":0.8333333333333334,""bg"":""bg1"",""bit_mapping"":""component_Gray_00_-3_01_-1_10_3_11_1_over_sqrt5;QPSK_0_plus1_1_minus1"",""code_blocks"":1,""decoder_config"":{""cn_schedule"":""flooding"",""cn_update"":""boxplus-phi"",""early_stop"":false,""hard_out"":true,""harq_mode"":false,""llr_max"":20.0,""num_iter"":20,""precision"":""single"",""prune_pcm"":true,""return_infobits"":true,""vn_update"":""sum""},""implementation"":{""bit_mapping"":""component_Gray_00_-3_01_-1_10_3_11_1_over_sqrt5;QPSK_0_plus1_1_minus1"",""cuda"":""12.8"",""decoder"":{""cn_schedule"":""flooding"",""cn_update"":""boxplus-phi"",""early_stop"":false,""hard_out"":true,""harq_mode"":false,""llr_max"":20.0,""num_iter"":20,""precision"":""single"",""prune_pcm"":true,""return_infobits"":true,""vn_update"":""sum""},""decoder_source_sha256"":""44d84b92b749e2970f94d92cd348a11648e2286b4d851faa0af8b21d08f0da23"",""encoder_source_sha256"":""34d8db6660b2e84708a8fb534f63c194f6f2b964e3693fcffc9dcaf21532ccfd"",""implementation"":""Sionna_5G_LDPC"",""power_protocol"":""fixed_constellation_average_Es2"",""precision"":""float32"",""rate_matching"":""Sionna RV0; filler removal, first2Z and tail puncturing; supported n only"",""scrambling"":""public_PCG64_SHA256_protocol_session_frame_group_counter_after_rate_matching_v1"",""torch"":""2.11.0+cu128"",""version"":""2.2.0""},""interleaver_sha256"":""1a079114682ed11e6f8b763afe2f69ce8dbcad3261d5d846b029f0fc8e2fb132"",""k"":2500,""k_filler"":140,""k_ldpc"":2640,""layout_id"":""d3b9e56f778dd809f7bc4f93ab89ff118fe21128b2d80be336660b7d772ec375"",""modulation_padding_bits"":0,""mother_bits"":8160,""n"":3000,""n_cb"":7920,""n_cb_comp"":7780,""power_protocol"":""fixed_constellation_average_Es2"",""puncturing_bits"":5020,""puncturing_first_2Z"":240,""puncturing_remaining"":4780,""repetition_bits"":0,""scrambling"":""public_PCG64_SHA256_protocol_session_frame_group_counter_after_rate_matching_v1"",""shortening_bits"":140,""z"":120}",[1024]
QPSK,1/2,QPSK:r1/2,ddd6785018f4613c3fbf30aa1290553fd0e6843eb87be7f6d8e949177b471238,1308,16,0,1324,1440,116,7488,2648,1324,0,0.5,0.49395770392749244,"{""actual_effective_rate"":0.5,""bg"":""bg2"",""bit_mapping"":""component_Gray_00_-3_01_-1_10_3_11_1_over_sqrt5;QPSK_0_plus1_1_minus1"",""code_blocks"":1,""decoder_config"":{""cn_schedule"":""flooding"",""cn_update"":""boxplus-phi"",""early_stop"":false,""hard_out"":true,""harq_mode"":false,""llr_max"":20.0,""num_iter"":20,""precision"":""single"",""prune_pcm"":true,""return_infobits"":true,""vn_update"":""sum""},""implementation"":{""bit_mapping"":""component_Gray_00_-3_01_-1_10_3_11_1_over_sqrt5;QPSK_0_plus1_1_minus1"",""cuda"":""12.8"",""decoder"":{""cn_schedule"":""flooding"",""cn_update"":""boxplus-phi"",""early_stop"":false,""hard_out"":true,""harq_mode"":false,""llr_max"":20.0,""num_iter"":20,""precision"":""single"",""prune_pcm"":true,""return_infobits"":true,""vn_update"":""sum""},""decoder_source_sha256"":""44d84b92b749e2970f94d92cd348a11648e2286b4d851faa0af8b21d08f0da23"",""encoder_source_sha256"":""34d8db6660b2e84708a8fb534f63c194f6f2b964e3693fcffc9dcaf21532ccfd"",""implementation"":""Sionna_5G_LDPC"",""power_protocol"":""fixed_constellation_average_Es2"",""precision"":""float32"",""rate_matching"":""Sionna RV0; filler removal, first2Z and tail puncturing; supported n only"",""scrambling"":""public_PCG64_SHA256_protocol_session_frame_group_counter_after_rate_matching_v1"",""torch"":""2.11.0+cu128"",""version"":""2.2.0""},""interleaver_sha256"":""3f9c1a601bd7029050f8b4637a1b40a5078fd71e08f375bfd106c04f49b7dafe"",""k"":1324,""k_filler"":116,""k_ldpc"":1440,""layout_id"":""1b1ad7d26269efacb5c9f0e89d0deb03c4348f03905398993a6ac1964147987c"",""modulation_padding_bits"":0,""mother_bits"":7488,""n"":2648,""n_cb"":7200,""n_cb_comp"":7084,""power_protocol"":""fixed_constellation_average_Es2"",""puncturing_bits"":4724,""puncturing_first_2Z"":288,""puncturing_remaining"":4436,""repetition_bits"":0,""scrambling"":""public_PCG64_SHA256_protocol_session_frame_group_counter_after_rate_matching_v1"",""shortening_bits"":116,""z"":144}",[2048]
QPSK,3/4,QPSK:r3/4,ddde58f3f8511f7df539e0b7cef5d15b06fa8128f74b28c29c03ab94bb602711,384,16,0,400,520,120,2704,1548,774,0,0.25839793281653745,0.24806201550387597,"{""actual_effective_rate"":0.25839793281653745,""bg"":""bg2"",""bit_mapping"":""component_Gray_00_-3_01_-1_10_3_11_1_over_sqrt5;QPSK_0_plus1_1_minus1"",""code_blocks"":1,""decoder_config"":{""cn_schedule"":""flooding"",""cn_update"":""boxplus-phi"",""early_stop"":false,""hard_out"":true,""harq_mode"":false,""llr_max"":20.0,""num_iter"":20,""precision"":""single"",""prune_pcm"":true,""return_infobits"":true,""vn_update"":""sum""},""implementation"":{""bit_mapping"":""component_Gray_00_-3_01_-1_10_3_11_1_over_sqrt5;QPSK_0_plus1_1_minus1"",""cuda"":""12.8"",""decoder"":{""cn_schedule"":""flooding"",""cn_update"":""boxplus-phi"",""early_stop"":false,""hard_out"":true,""harq_mode"":false,""llr_max"":20.0,""num_iter"":20,""precision"":""single"",""prune_pcm"":true,""return_infobits"":true,""vn_update"":""sum""},""decoder_source_sha256"":""44d84b92b749e2970f94d92cd348a11648e2286b4d851faa0af8b21d08f0da23"",""encoder_source_sha256"":""34d8db6660b2e84708a8fb534f63c194f6f2b964e3693fcffc9dcaf21532ccfd"",""implementation"":""Sionna_5G_LDPC"",""power_protocol"":""fixed_constellation_average_Es2"",""precision"":""float32"",""rate_matching"":""Sionna RV0; filler removal, first2Z and tail puncturing; supported n only"",""scrambling"":""public_PCG64_SHA256_protocol_session_frame_group_counter_after_rate_matching_v1"",""torch"":""2.11.0+cu128"",""version"":""2.2.0""},""interleaver_sha256"":""8ea67e1b4894d216578c0e5c72fd98562b36111cef94c7673ee8439a5fe9fa79"",""k"":400,""k_filler"":120,""k_ldpc"":520,""layout_id"":""b389ea224244fce8bc9d400d17c9865272c6245adc3a266ceda904ced1a14da0"",""modulation_padding_bits"":0,""mother_bits"":2704,""n"":1548,""n_cb"":2600,""n_cb_comp"":2480,""power_protocol"":""fixed_constellation_average_Es2"",""puncturing_bits"":1036,""puncturing_first_2Z"":104,""puncturing_remaining"":932,""repetition_bits"":0,""scrambling"":""public_PCG64_SHA256_protocol_session_frame_group_counter_after_rate_matching_v1"",""shortening_bits"":120,""z"":52}",[2048]
16QAM,1/3,16QAM:r1/3,dde1ed07b83b86271e7669a30db2db792c53c7034402de299fb6b9db4c327121,420,16,0,436,560,124,2912,1308,327,0,0.3333333333333333,0.3211009174311927,"{""actual_effective_rate"":0.3333333333333333,""bg"":""bg2"",""bit_mapping"":""component_Gray_00_-3_01_-1_10_3_11_1_over_sqrt5;QPSK_0_plus1_1_minus1"",""code_blocks"":1,""decoder_config"":{""cn_schedule"":""flooding"",""cn_update"":""boxplus-phi"",""early_stop"":false,""hard_out"":true,""harq_mode"":false,""llr_max"":20.0,""num_iter"":20,""precision"":""single"",""prune_pcm"":true,""return_infobits"":true,""vn_update"":""sum""},""implementation"":{""bit_mapping"":""component_Gray_00_-3_01_-1_10_3_11_1_over_sqrt5;QPSK_0_plus1_1_minus1"",""cuda"":""12.8"",""decoder"":{""cn_schedule"":""flooding"",""cn_update"":""boxplus-phi"",""early_stop"":false,""hard_out"":true,""harq_mode"":false,""llr_max"":20.0,""num_iter"":20,""precision"":""single"",""prune_pcm"":true,""return_infobits"":true,""vn_update"":""sum""},""decoder_source_sha256"":""44d84b92b749e2970f94d92cd348a11648e2286b4d851faa0af8b21d08f0da23"",""encoder_source_sha256"":""34d8db6660b2e84708a8fb534f63c194f6f2b964e3693fcffc9dcaf21532ccfd"",""implementation"":""Sionna_5G_LDPC"",""power_protocol"":""fixed_constellation_average_Es2"",""precision"":""float32"",""rate_matching"":""Sionna RV0; filler removal, first2Z and tail puncturing; supported n only"",""scrambling"":""public_PCG64_SHA256_protocol_session_frame_group_counter_after_rate_matching_v1"",""torch"":""2.11.0+cu128"",""version"":""2.2.0""},""interleaver_sha256"":""62a251f72d11bdc528f80bde4132182d6f4904f733afccd311f0a114f2a40441"",""k"":436,""k_filler"":124,""k_ldpc"":560,""layout_id"":""d05be505d0609e38be2e055a0468d71a9ea5a49dd729d464ae631fa8da3c758b"",""modulation_padding_bits"":0,""mother_bits"":2912,""n"":1308,""n_cb"":2800,""n_cb_comp"":2676,""power_protocol"":""fixed_constellation_average_Es2"",""puncturing_bits"":1480,""puncturing_first_2Z"":112,""puncturing_remaining"":1368,""repetition_bits"":0,""scrambling"":""public_PCG64_SHA256_protocol_session_frame_group_counter_after_rate_matching_v1"",""shortening_bits"":124,""z"":56}",[1024]
16QAM,1/3,16QAM:r1/3,dded8846974f565c9946dcc2e1bbfbfec0069b388330e19eabd5781551faa916,264,16,0,280,360,80,1872,840,210,0,0.3333333333333333,0.3142857142857143,"{""actual_effective_rate"":0.3333333333333333,""bg"":""bg2"",""bit_mapping"":""component_Gray_00_-3_01_-1_10_3_11_1_over_sqrt5;QPSK_0_plus1_1_minus1"",""code_blocks"":1,""decoder_config"":{""cn_schedule"":""flooding"",""cn_update"":""boxplus-phi"",""early_stop"":false,""hard_out"":true,""harq_mode"":false,""llr_max"":20.0,""num_iter"":20,""precision"":""single"",""prune_pcm"":true,""return_infobits"":true,""vn_update"":""sum""},""implementation"":{""bit_mapping"":""component_Gray_00_-3_01_-1_10_3_11_1_over_sqrt5;QPSK_0_plus1_1_minus1"",""cuda"":""12.8"",""decoder"":{""cn_schedule"":""flooding"",""cn_update"":""boxplus-phi"",""early_stop"":false,""hard_out"":true,""harq_mode"":false,""llr_max"":20.0,""num_iter"":20,""precision"":""single"",""prune_pcm"":true,""return_infobits"":true,""vn_update"":""sum""},""decoder_source_sha256"":""44d84b92b749e2970f94d92cd348a11648e2286b4d851faa0af8b21d08f0da23"",""encoder_source_sha256"":""34d8db6660b2e84708a8fb534f63c194f6f2b964e3693fcffc9dcaf21532ccfd"",""implementation"":""Sionna_5G_LDPC"",""power_protocol"":""fixed_constellation_average_Es2"",""precision"":""float32"",""rate_matching"":""Sionna RV0; filler removal, first2Z and tail puncturing; supported n only"",""scrambling"":""public_PCG64_SHA256_protocol_session_frame_group_counter_after_rate_matching_v1"",""torch"":""2.11.0+cu128"",""version"":""2.2.0""},""interleaver_sha256"":""2a525d270e25fca16eefab069dd82bdee5c25dbc3194110c5503a68100f6bf08"",""k"":280,""k_filler"":80,""k_ldpc"":360,""layout_id"":""71b7b6c0e64690e919a688c6e19b6f14f9eee8ab567ea5729ffa583234df3e18"",""modulation_padding_bits"":0,""mother_bits"":1872,""n"":840,""n_cb"":1800,""n_cb_comp"":1720,""power_protocol"":""fixed_constellation_average_Es2"",""puncturing_bits"":952,""puncturing_first_2Z"":72,""puncturing_remaining"":880,""repetition_bits"":0,""scrambling"":""public_PCG64_SHA256_protocol_session_frame_group_counter_after_rate_matching_v1"",""shortening_bits"":80,""z"":36}",[1024]
QPSK,1/3,QPSK:r1/3,ddf5451a37754554c66e1d38649eb2fc1bbfa679ea22a7255221838dcff5cafe,324,16,0,340,440,100,2288,1148,574,0,0.2961672473867596,0.28222996515679444,"{""actual_effective_rate"":0.2961672473867596,""bg"":""bg2"",""bit_mapping"":""component_Gray_00_-3_01_-1_10_3_11_1_over_sqrt5;QPSK_0_plus1_1_minus1"",""code_blocks"":1,""decoder_config"":{""cn_schedule"":""flooding"",""cn_update"":""boxplus-phi"",""early_stop"":false,""hard_out"":true,""harq_mode"":false,""llr_max"":20.0,""num_iter"":20,""precision"":""single"",""prune_pcm"":true,""return_infobits"":true,""vn_update"":""sum""},""implementation"":{""bit_mapping"":""component_Gray_00_-3_01_-1_10_3_11_1_over_sqrt5;QPSK_0_plus1_1_minus1"",""cuda"":""12.8"",""decoder"":{""cn_schedule"":""flooding"",""cn_update"":""boxplus-phi"",""early_stop"":false,""hard_out"":true,""harq_mode"":false,""llr_max"":20.0,""num_iter"":20,""precision"":""single"",""prune_pcm"":true,""return_infobits"":true,""vn_update"":""sum""},""decoder_source_sha256"":""44d84b92b749e2970f94d92cd348a11648e2286b4d851faa0af8b21d08f0da23"",""encoder_source_sha256"":""34d8db6660b2e84708a8fb534f63c194f6f2b964e3693fcffc9dcaf21532ccfd"",""implementation"":""Sionna_5G_LDPC"",""power_protocol"":""fixed_constellation_average_Es2"",""precision"":""float32"",""rate_matching"":""Sionna RV0; filler removal, first2Z and tail puncturing; supported n only"",""scrambling"":""public_PCG64_SHA256_protocol_session_frame_group_counter_after_rate_matching_v1"",""torch"":""2.11.0+cu128"",""version"":""2.2.0""},""interleaver_sha256"":""c7c4f97372e453de88277fdd4a57e1a17cb7fe39763dc87560f2dd611df589f9"",""k"":340,""k_filler"":100,""k_ldpc"":440,""layout_id"":""41b75df09ab0220d8f356bd0acb9705f70536922837aea360737b79975084fd4"",""modulation_padding_bits"":0,""mother_bits"":2288,""n"":1148,""n_cb"":2200,""n_cb_comp"":2100,""power_protocol"":""fixed_constellation_average_Es2"",""puncturing_bits"":1040,""puncturing_first_2Z"":88,""puncturing_remaining"":952,""repetition_bits"":0,""scrambling"":""public_PCG64_SHA256_protocol_session_frame_group_counter_after_rate_matching_v1"",""shortening_bits"":100,""z"":44}",[1024]
16QAM,3/4,16QAM:r3/4,ddfbe1dac6211188c85041cc5a714211e01ab174accbe572f285395d4b24c413,2400,16,0,2416,2560,144,13312,5864,1466,0,0.4120054570259209,0.4092769440654843,"{""actual_effective_rate"":0.4120054570259209,""bg"":""bg2"",""bit_mapping"":""component_Gray_00_-3_01_-1_10_3_11_1_over_sqrt5;QPSK_0_plus1_1_minus1"",""code_blocks"":1,""decoder_config"":{""cn_schedule"":""flooding"",""cn_update"":""boxplus-phi"",""early_stop"":false,""hard_out"":true,""harq_mode"":false,""llr_max"":20.0,""num_iter"":20,""precision"":""single"",""prune_pcm"":true,""return_infobits"":true,""vn_update"":""sum""},""implementation"":{""bit_mapping"":""component_Gray_00_-3_01_-1_10_3_11_1_over_sqrt5;QPSK_0_plus1_1_minus1"",""cuda"":""12.8"",""decoder"":{""cn_schedule"":""flooding"",""cn_update"":""boxplus-phi"",""early_stop"":false,""hard_out"":true,""harq_mode"":false,""llr_max"":20.0,""num_iter"":20,""precision"":""single"",""prune_pcm"":true,""return_infobits"":true,""vn_update"":""sum""},""decoder_source_sha256"":""44d84b92b749e2970f94d92cd348a11648e2286b4d851faa0af8b21d08f0da23"",""encoder_source_sha256"":""34d8db6660b2e84708a8fb534f63c194f6f2b964e3693fcffc9dcaf21532ccfd"",""implementation"":""Sionna_5G_LDPC"",""power_protocol"":""fixed_constellation_average_Es2"",""precision"":""float32"",""rate_matching"":""Sionna RV0; filler removal, first2Z and tail puncturing; supported n only"",""scrambling"":""public_PCG64_SHA256_protocol_session_frame_group_counter_after_rate_matching_v1"",""torch"":""2.11.0+cu128"",""version"":""2.2.0""},""interleaver_sha256"":""e42159369a2bb5677dc54d17f00b379aa873aee0ba0765b4945cf91c8190c97b"",""k"":2416,""k_filler"":144,""k_ldpc"":2560,""layout_id"":""3c2dd24130609279abfbc0d810d1a172ec03808b2331ad71dcdc342d9691f17b"",""modulation_padding_bits"":0,""mother_bits"":13312,""n"":5864,""n_cb"":12800,""n_cb_comp"":12656,""power_protocol"":""fixed_constellation_average_Es2"",""puncturing_bits"":7304,""puncturing_first_2Z"":512,""puncturing_remaining"":6792,""repetition_bits"":0,""scrambling"":""public_PCG64_SHA256_protocol_session_frame_group_counter_after_rate_matching_v1"",""shortening_bits"":144,""z"":256}",[2048]
QPSK,5/6,QPSK:r5/6,de06b6299e2e3b1ad83a33c332174d14c97d2a277f554c522faacf233511c71a,2400,16,0,2416,2464,48,7616,3368,1684,0,0.7173396674584323,0.7125890736342043,"{""actual_effective_rate"":0.7173396674584323,""bg"":""bg1"",""bit_mapping"":""component_Gray_00_-3_01_-1_10_3_11_1_over_sqrt5;QPSK_0_plus1_1_minus1"",""code_blocks"":1,""decoder_config"":{""cn_schedule"":""flooding"",""cn_update"":""boxplus-phi"",""early_stop"":false,""hard_out"":true,""harq_mode"":false,""llr_max"":20.0,""num_iter"":20,""precision"":""single"",""prune_pcm"":true,""return_infobits"":true,""vn_update"":""sum""},""implementation"":{""bit_mapping"":""component_Gray_00_-3_01_-1_10_3_11_1_over_sqrt5;QPSK_0_plus1_1_minus1"",""cuda"":""12.8"",""decoder"":{""cn_schedule"":""flooding"",""cn_update"":""boxplus-phi"",""early_stop"":false,""hard_out"":true,""harq_mode"":false,""llr_max"":20.0,""num_iter"":20,""precision"":""single"",""prune_pcm"":true,""return_infobits"":true,""vn_update"":""sum""},""decoder_source_sha256"":""44d84b92b749e2970f94d92cd348a11648e2286b4d851faa0af8b21d08f0da23"",""encoder_source_sha256"":""34d8db6660b2e84708a8fb534f63c194f6f2b964e3693fcffc9dcaf21532ccfd"",""implementation"":""Sionna_5G_LDPC"",""power_protocol"":""fixed_constellation_average_Es2"",""precision"":""float32"",""rate_matching"":""Sionna RV0; filler removal, first2Z and tail puncturing; supported n only"",""scrambling"":""public_PCG64_SHA256_protocol_session_frame_group_counter_after_rate_matching_v1"",""torch"":""2.11.0+cu128"",""version"":""2.2.0""},""interleaver_sha256"":""0e0c4fc75c10ab0cda57d68b90b2951758d070e76b9bbc4d06167a2c2c148478"",""k"":2416,""k_filler"":48,""k_ldpc"":2464,""layout_id"":""465689bedf93e97ad0f80dd6f597567afb2b543a901c886f16efcbdec593ce1f"",""modulation_padding_bits"":0,""mother_bits"":7616,""n"":3368,""n_cb"":7392,""n_cb_comp"":7344,""power_protocol"":""fixed_constellation_average_Es2"",""puncturing_bits"":4200,""puncturing_first_2Z"":224,""puncturing_remaining"":3976,""repetition_bits"":0,""scrambling"":""public_PCG64_SHA256_protocol_session_frame_group_counter_after_rate_matching_v1"",""shortening_bits"":48,""z"":112}",[2048]
QPSK,5/6,QPSK:r5/6,de07bbd12bbd7ce0bda1db160a7a1f498739c721cc33767efa3def959397bb70,1860,16,0,1876,1920,44,9984,3474,1737,0,0.5400115141047783,0.5354058721934369,"{""actual_effective_rate"":0.5400115141047783,""bg"":""bg2"",""bit_mapping"":""component_Gray_00_-3_01_-1_10_3_11_1_over_sqrt5;QPSK_0_plus1_1_minus1"",""code_blocks"":1,""decoder_config"":{""cn_schedule"":""flooding"",""cn_update"":""boxplus-phi"",""early_stop"":false,""hard_out"":true,""harq_mode"":false,""llr_max"":20.0,""num_iter"":20,""precision"":""single"",""prune_pcm"":true,""return_infobits"":true,""vn_update"":""sum""},""implementation"":{""bit_mapping"":""component_Gray_00_-3_01_-1_10_3_11_1_over_sqrt5;QPSK_0_plus1_1_minus1"",""cuda"":""12.8"",""decoder"":{""cn_schedule"":""flooding"",""cn_update"":""boxplus-phi"",""early_stop"":false,""hard_out"":true,""harq_mode"":false,""llr_max"":20.0,""num_iter"":20,""precision"":""single"",""prune_pcm"":true,""return_infobits"":true,""vn_update"":""sum""},""decoder_source_sha256"":""44d84b92b749e2970f94d92cd348a11648e2286b4d851faa0af8b21d08f0da23"",""encoder_source_sha256"":""34d8db6660b2e84708a8fb534f63c194f6f2b964e3693fcffc9dcaf21532ccfd"",""implementation"":""Sionna_5G_LDPC"",""power_protocol"":""fixed_constellation_average_Es2"",""precision"":""float32"",""rate_matching"":""Sionna RV0; filler removal, first2Z and tail puncturing; supported n only"",""scrambling"":""public_PCG64_SHA256_protocol_session_frame_group_counter_after_rate_matching_v1"",""torch"":""2.11.0+cu128"",""version"":""2.2.0""},""interleaver_sha256"":""0aa6ca3df7502d8cb231049237a6961a0908f79de61eb73d6c5186ba5ae5f5f9"",""k"":1876,""k_filler"":44,""k_ldpc"":1920,""layout_id"":""0a46d4a00428f2cfa15bcb57222207c9ff8542d35c898243c8ada738414f2d31"",""modulation_padding_bits"":0,""mother_bits"":9984,""n"":3474,""n_cb"":9600,""n_cb_comp"":9556,""power_protocol"":""fixed_constellation_average_Es2"",""puncturing_bits"":6466,""puncturing_first_2Z"":384,""puncturing_remaining"":6082,""repetition_bits"":0,""scrambling"":""public_PCG64_SHA256_protocol_session_frame_group_counter_after_rate_matching_v1"",""shortening_bits"":44,""z"":192}",[2048]
16QAM,5/6,16QAM:r5/6,de1e53606161ced26f5be2b2541d09ff560c95a0711234e5d08f937f62823e7d,1092,16,0,1108,1120,12,5824,2452,613,0,0.45187601957585644,0.4453507340946166,"{""actual_effective_rate"":0.45187601957585644,""bg"":""bg2"",""bit_mapping"":""component_Gray_00_-3_01_-1_10_3_11_1_over_sqrt5;QPSK_0_plus1_1_minus1"",""code_blocks"":1,""decoder_config"":{""cn_schedule"":""flooding"",""cn_update"":""boxplus-phi"",""early_stop"":false,""hard_out"":true,""harq_mode"":false,""llr_max"":20.0,""num_iter"":20,""precision"":""single"",""prune_pcm"":true,""return_infobits"":true,""vn_update"":""sum""},""implementation"":{""bit_mapping"":""component_Gray_00_-3_01_-1_10_3_11_1_over_sqrt5;QPSK_0_plus1_1_minus1"",""cuda"":""12.8"",""decoder"":{""cn_schedule"":""flooding"",""cn_update"":""boxplus-phi"",""early_stop"":false,""hard_out"":true,""harq_mode"":false,""llr_max"":20.0,""num_iter"":20,""precision"":""single"",""prune_pcm"":true,""return_infobits"":true,""vn_update"":""sum""},""decoder_source_sha256"":""44d84b92b749e2970f94d92cd348a11648e2286b4d851faa0af8b21d08f0da23"",""encoder_source_sha256"":""34d8db6660b2e84708a8fb534f63c194f6f2b964e3693fcffc9dcaf21532ccfd"",""implementation"":""Sionna_5G_LDPC"",""power_protocol"":""fixed_constellation_average_Es2"",""precision"":""float32"",""rate_matching"":""Sionna RV0; filler removal, first2Z and tail puncturing; supported n only"",""scrambling"":""public_PCG64_SHA256_protocol_session_frame_group_counter_after_rate_matching_v1"",""torch"":""2.11.0+cu128"",""version"":""2.2.0""},""interleaver_sha256"":""774c12daa4f942ae99f62b90e19362c2df34e7d9da9ac68112f7c3eaee804a9d"",""k"":1108,""k_filler"":12,""k_ldpc"":1120,""layout_id"":""9a6c7e994ac5273b69be8095207fcbd7be08d2e9f3790f35bd9f0c6ae49fb8ca"",""modulation_padding_bits"":0,""mother_bits"":5824,""n"":2452,""n_cb"":5600,""n_cb_comp"":5588,""power_protocol"":""fixed_constellation_average_Es2"",""puncturing_bits"":3360,""puncturing_first_2Z"":224,""puncturing_remaining"":3136,""repetition_bits"":0,""scrambling"":""public_PCG64_SHA256_protocol_session_frame_group_counter_after_rate_matching_v1"",""shortening_bits"":12,""z"":112}",[2048]
QPSK,1/2,QPSK:r1/2,de23fd628187c2a0b65f77e35ed1b69127bef89214d63750436844d90fde7936,384,16,0,400,520,120,2704,992,496,0,0.4032258064516129,0.3870967741935484,"{""actual_effective_rate"":0.4032258064516129,""bg"":""bg2"",""bit_mapping"":""component_Gray_00_-3_01_-1_10_3_11_1_over_sqrt5;QPSK_0_plus1_1_minus1"",""code_blocks"":1,""decoder_config"":{""cn_schedule"":""flooding"",""cn_update"":""boxplus-phi"",""early_stop"":false,""hard_out"":true,""harq_mode"":false,""llr_max"":20.0,""num_iter"":20,""precision"":""single"",""prune_pcm"":true,""return_infobits"":true,""vn_update"":""sum""},""implementation"":{""bit_mapping"":""component_Gray_00_-3_01_-1_10_3_11_1_over_sqrt5;QPSK_0_plus1_1_minus1"",""cuda"":""12.8"",""decoder"":{""cn_schedule"":""flooding"",""cn_update"":""boxplus-phi"",""early_stop"":false,""hard_out"":true,""harq_mode"":false,""llr_max"":20.0,""num_iter"":20,""precision"":""single"",""prune_pcm"":true,""return_infobits"":true,""vn_update"":""sum""},""decoder_source_sha256"":""44d84b92b749e2970f94d92cd348a11648e2286b4d851faa0af8b21d08f0da23"",""encoder_source_sha256"":""34d8db6660b2e84708a8fb534f63c194f6f2b964e3693fcffc9dcaf21532ccfd"",""implementation"":""Sionna_5G_LDPC"",""power_protocol"":""fixed_constellation_average_Es2"",""precision"":""float32"",""rate_matching"":""Sionna RV0; filler removal, first2Z and tail puncturing; supported n only"",""scrambling"":""public_PCG64_SHA256_protocol_session_frame_group_counter_after_rate_matching_v1"",""torch"":""2.11.0+cu128"",""version"":""2.2.0""},""interleaver_sha256"":""94204533ec1675b813376fe110c3f0a51703ed8cb7b3445a15c4d8ea662a5610"",""k"":400,""k_filler"":120,""k_ldpc"":520,""layout_id"":""a47d1ecc0e5dfb5d6f15cced4f25f4618961f4443316ac366a6ea309e26ee237"",""modulation_padding_bits"":0,""mother_bits"":2704,""n"":992,""n_cb"":2600,""n_cb_comp"":2480,""power_protocol"":""fixed_constellation_average_Es2"",""puncturing_bits"":1592,""puncturing_first_2Z"":104,""puncturing_remaining"":1488,""repetition_bits"":0,""scrambling"":""public_PCG64_SHA256_protocol_session_frame_group_counter_after_rate_matching_v1"",""shortening_bits"":120,""z"":52}",[1024]
16QAM,1/3,16QAM:r1/3,de37276a7f1b8ce76116eaf60c752b2e73bf08df234b4d8676aef19b59ffe5ee,660,16,0,676,720,44,3744,2036,509,0,0.3320235756385069,0.3241650294695481,"{""actual_effective_rate"":0.3320235756385069,""bg"":""bg2"",""bit_mapping"":""component_Gray_00_-3_01_-1_10_3_11_1_over_sqrt5;QPSK_0_plus1_1_minus1"",""code_blocks"":1,""decoder_config"":{""cn_schedule"":""flooding"",""cn_update"":""boxplus-phi"",""early_stop"":false,""hard_out"":true,""harq_mode"":false,""llr_max"":20.0,""num_iter"":20,""precision"":""single"",""prune_pcm"":true,""return_infobits"":true,""vn_update"":""sum""},""implementation"":{""bit_mapping"":""component_Gray_00_-3_01_-1_10_3_11_1_over_sqrt5;QPSK_0_plus1_1_minus1"",""cuda"":""12.8"",""decoder"":{""cn_schedule"":""flooding"",""cn_update"":""boxplus-phi"",""early_stop"":false,""hard_out"":true,""harq_mode"":false,""llr_max"":20.0,""num_iter"":20,""precision"":""single"",""prune_pcm"":true,""return_infobits"":true,""vn_update"":""sum""},""decoder_source_sha256"":""44d84b92b749e2970f94d92cd348a11648e2286b4d851faa0af8b21d08f0da23"",""encoder_source_sha256"":""34d8db6660b2e84708a8fb534f63c194f6f2b964e3693fcffc9dcaf21532ccfd"",""implementation"":""Sionna_5G_LDPC"",""power_protocol"":""fixed_constellation_average_Es2"",""precision"":""float32"",""rate_matching"":""Sionna RV0; filler removal, first2Z and tail puncturing; supported n only"",""scrambling"":""public_PCG64_SHA256_protocol_session_frame_group_counter_after_rate_matching_v1"",""torch"":""2.11.0+cu128"",""version"":""2.2.0""},""interleaver_sha256"":""14d0cc44cd879d2b80e021732dbb487fed7e052a6c0233ddd20add69507115fb"",""k"":676,""k_filler"":44,""k_ldpc"":720,""layout_id"":""0b56daf552466f0d22b85fb0394d10959f241f4213eeb183a751079716ef8b2b"",""modulation_padding_bits"":0,""mother_bits"":3744,""n"":2036,""n_cb"":3600,""n_cb_comp"":3556,""power_protocol"":""fixed_constellation_average_Es2"",""puncturing_bits"":1664,""puncturing_first_2Z"":144,""puncturing_remaining"":1520,""repetition_bits"":0,""scrambling"":""public_PCG64_SHA256_protocol_session_frame_group_counter_after_rate_matching_v1"",""shortening_bits"":44,""z"":72}","[1024,2048]"
16QAM,3/4,16QAM:r3/4,de57e5a2980898b29bfbbd5243c3630e137947a333349910458c1cd67697d569,624,16,0,640,720,80,3744,1048,262,0,0.6106870229007634,0.5954198473282443,"{""actual_effective_rate"":0.6106870229007634,""bg"":""bg2"",""bit_mapping"":""component_Gray_00_-3_01_-1_10_3_11_1_over_sqrt5;QPSK_0_plus1_1_minus1"",""code_blocks"":1,""decoder_config"":{""cn_schedule"":""flooding"",""cn_update"":""boxplus-phi"",""early_stop"":false,""hard_out"":true,""harq_mode"":false,""llr_max"":20.0,""num_iter"":20,""precision"":""single"",""prune_pcm"":true,""return_infobits"":true,""vn_update"":""sum""},""implementation"":{""bit_mapping"":""component_Gray_00_-3_01_-1_10_3_11_1_over_sqrt5;QPSK_0_plus1_1_minus1"",""cuda"":""12.8"",""decoder"":{""cn_schedule"":""flooding"",""cn_update"":""boxplus-phi"",""early_stop"":false,""hard_out"":true,""harq_mode"":false,""llr_max"":20.0,""num_iter"":20,""precision"":""single"",""prune_pcm"":true,""return_infobits"":true,""vn_update"":""sum""},""decoder_source_sha256"":""44d84b92b749e2970f94d92cd348a11648e2286b4d851faa0af8b21d08f0da23"",""encoder_source_sha256"":""34d8db6660b2e84708a8fb534f63c194f6f2b964e3693fcffc9dcaf21532ccfd"",""implementation"":""Sionna_5G_LDPC"",""power_protocol"":""fixed_constellation_average_Es2"",""precision"":""float32"",""rate_matching"":""Sionna RV0; filler removal, first2Z and tail puncturing; supported n only"",""scrambling"":""public_PCG64_SHA256_protocol_session_frame_group_counter_after_rate_matching_v1"",""torch"":""2.11.0+cu128"",""version"":""2.2.0""},""interleaver_sha256"":""d4ec7f5fcbb86db6cd6aa9ddb1bb5a99443e1d38fddcb6cb642620e145e07db4"",""k"":640,""k_filler"":80,""k_ldpc"":720,""layout_id"":""103b1a5d40720837fe9d5fe43ea9a7374e7b10477d071f8fb52c2f084b337dfe"",""modulation_padding_bits"":0,""mother_bits"":3744,""n"":1048,""n_cb"":3600,""n_cb_comp"":3520,""power_protocol"":""fixed_constellation_average_Es2"",""puncturing_bits"":2616,""puncturing_first_2Z"":144,""puncturing_remaining"":2472,""repetition_bits"":0,""scrambling"":""public_PCG64_SHA256_protocol_session_frame_group_counter_after_rate_matching_v1"",""shortening_bits"":80,""z"":72}",[1024]
16QAM,3/4,16QAM:r3/4,de5a61bd66572cdd049118c98057418821357faea5ac0059ec656a55d94162f5,1008,16,0,1024,1040,16,5408,1540,385,0,0.6649350649350649,0.6545454545454545,"{""actual_effective_rate"":0.6649350649350649,""bg"":""bg2"",""bit_mapping"":""component_Gray_00_-3_01_-1_10_3_11_1_over_sqrt5;QPSK_0_plus1_1_minus1"",""code_blocks"":1,""decoder_config"":{""cn_schedule"":""flooding"",""cn_update"":""boxplus-phi"",""early_stop"":false,""hard_out"":true,""harq_mode"":false,""llr_max"":20.0,""num_iter"":20,""precision"":""single"",""prune_pcm"":true,""return_infobits"":true,""vn_update"":""sum""},""implementation"":{""bit_mapping"":""component_Gray_00_-3_01_-1_10_3_11_1_over_sqrt5;QPSK_0_plus1_1_minus1"",""cuda"":""12.8"",""decoder"":{""cn_schedule"":""flooding"",""cn_update"":""boxplus-phi"",""early_stop"":false,""hard_out"":true,""harq_mode"":false,""llr_max"":20.0,""num_iter"":20,""precision"":""single"",""prune_pcm"":true,""return_infobits"":true,""vn_update"":""sum""},""decoder_source_sha256"":""44d84b92b749e2970f94d92cd348a11648e2286b4d851faa0af8b21d08f0da23"",""encoder_source_sha256"":""34d8db6660b2e84708a8fb534f63c194f6f2b964e3693fcffc9dcaf21532ccfd"",""implementation"":""Sionna_5G_LDPC"",""power_protocol"":""fixed_constellation_average_Es2"",""precision"":""float32"",""rate_matching"":""Sionna RV0; filler removal, first2Z and tail puncturing; supported n only"",""scrambling"":""public_PCG64_SHA256_protocol_session_frame_group_counter_after_rate_matching_v1"",""torch"":""2.11.0+cu128"",""version"":""2.2.0""},""interleaver_sha256"":""708bc549ae3a1a3b705603b6a702d714e715d4f5691e64ad8d675890ea23f4d4"",""k"":1024,""k_filler"":16,""k_ldpc"":1040,""layout_id"":""56be50b9c19a792eec53f5c7b9ef2e3d6dd073b43a5edbe190e907a5f00eca89"",""modulation_padding_bits"":0,""mother_bits"":5408,""n"":1540,""n_cb"":5200,""n_cb_comp"":5184,""power_protocol"":""fixed_constellation_average_Es2"",""puncturing_bits"":3852,""puncturing_first_2Z"":208,""puncturing_remaining"":3644,""repetition_bits"":0,""scrambling"":""public_PCG64_SHA256_protocol_session_frame_group_counter_after_rate_matching_v1"",""shortening_bits"":16,""z"":104}",[1024]
16QAM,2/3,16QAM:r2/3,de6127525eb225cefe9887f7e17b62607fdfb7ff8e6e4199343cf7311e088f34,660,16,0,676,720,44,3744,1160,290,0,0.5827586206896552,0.5689655172413793,"{""actual_effective_rate"":0.5827586206896552,""bg"":""bg2"",""bit_mapping"":""component_Gray_00_-3_01_-1_10_3_11_1_over_sqrt5;QPSK_0_plus1_1_minus1"",""code_blocks"":1,""decoder_config"":{""cn_schedule"":""flooding"",""cn_update"":""boxplus-phi"",""early_stop"":false,""hard_out"":true,""harq_mode"":false,""llr_max"":20.0,""num_iter"":20,""precision"":""single"",""prune_pcm"":true,""return_infobits"":true,""vn_update"":""sum""},""implementation"":{""bit_mapping"":""component_Gray_00_-3_01_-1_10_3_11_1_over_sqrt5;QPSK_0_plus1_1_minus1"",""cuda"":""12.8"",""decoder"":{""cn_schedule"":""flooding"",""cn_update"":""boxplus-phi"",""early_stop"":false,""hard_out"":true,""harq_mode"":false,""llr_max"":20.0,""num_iter"":20,""precision"":""single"",""prune_pcm"":true,""return_infobits"":true,""vn_update"":""sum""},""decoder_source_sha256"":""44d84b92b749e2970f94d92cd348a11648e2286b4d851faa0af8b21d08f0da23"",""encoder_source_sha256"":""34d8db6660b2e84708a8fb534f63c194f6f2b964e3693fcffc9dcaf21532ccfd"",""implementation"":""Sionna_5G_LDPC"",""power_protocol"":""fixed_constellation_average_Es2"",""precision"":""float32"",""rate_matching"":""Sionna RV0; filler removal, first2Z and tail puncturing; supported n only"",""scrambling"":""public_PCG64_SHA256_protocol_session_frame_group_counter_after_rate_matching_v1"",""torch"":""2.11.0+cu128"",""version"":""2.2.0""},""interleaver_sha256"":""27e865d174fd072020037dd4c446175d9c46773c07b062645985de6fd09e33a8"",""k"":676,""k_filler"":44,""k_ldpc"":720,""layout_id"":""5177126c51d673f5437cc767940a8c14def2b634be43118f2af2daa90456292d"",""modulation_padding_bits"":0,""mother_bits"":3744,""n"":1160,""n_cb"":3600,""n_cb_comp"":3556,""power_protocol"":""fixed_constellation_average_Es2"",""puncturing_bits"":2540,""puncturing_first_2Z"":144,""puncturing_remaining"":2396,""repetition_bits"":0,""scrambling"":""public_PCG64_SHA256_protocol_session_frame_group_counter_after_rate_matching_v1"",""shortening_bits"":44,""z"":72}",[2048]
16QAM,1/2,16QAM:r1/2,de6b297585e3481d39ac994113a9edadb5bc0415e7203ecdde66d2d803ccd03d,624,16,0,640,720,80,3744,1476,369,0,0.43360433604336046,0.42276422764227645,"{""actual_effective_rate"":0.43360433604336046,""bg"":""bg2"",""bit_mapping"":""component_Gray_00_-3_01_-1_10_3_11_1_over_sqrt5;QPSK_0_plus1_1_minus1"",""code_blocks"":1,""decoder_config"":{""cn_schedule"":""flooding"",""cn_update"":""boxplus-phi"",""early_stop"":false,""hard_out"":true,""harq_mode"":false,""llr_max"":20.0,""num_iter"":20,""precision"":""single"",""prune_pcm"":true,""return_infobits"":true,""vn_update"":""sum""},""implementation"":{""bit_mapping"":""component_Gray_00_-3_01_-1_10_3_11_1_over_sqrt5;QPSK_0_plus1_1_minus1"",""cuda"":""12.8"",""decoder"":{""cn_schedule"":""flooding"",""cn_update"":""boxplus-phi"",""early_stop"":false,""hard_out"":true,""harq_mode"":false,""llr_max"":20.0,""num_iter"":20,""precision"":""single"",""prune_pcm"":true,""return_infobits"":true,""vn_update"":""sum""},""decoder_source_sha256"":""44d84b92b749e2970f94d92cd348a11648e2286b4d851faa0af8b21d08f0da23"",""encoder_source_sha256"":""34d8db6660b2e84708a8fb534f63c194f6f2b964e3693fcffc9dcaf21532ccfd"",""implementation"":""Sionna_5G_LDPC"",""power_protocol"":""fixed_constellation_average_Es2"",""precision"":""float32"",""rate_matching"":""Sionna RV0; filler removal, first2Z and tail puncturing; supported n only"",""scrambling"":""public_PCG64_SHA256_protocol_session_frame_group_counter_after_rate_matching_v1"",""torch"":""2.11.0+cu128"",""version"":""2.2.0""},""interleaver_sha256"":""a6283ffcddf8cb7699127db93d7582f62c498b7fdc3a6915a157ef44dab88839"",""k"":640,""k_filler"":80,""k_ldpc"":720,""layout_id"":""c7310e0495b53242c93b768b83c3e83cba6322f383bb6ded53d244fc4ba0ed69"",""modulation_padding_bits"":0,""mother_bits"":3744,""n"":1476,""n_cb"":3600,""n_cb_comp"":3520,""power_protocol"":""fixed_constellation_average_Es2"",""puncturing_bits"":2188,""puncturing_first_2Z"":144,""puncturing_remaining"":2044,""repetition_bits"":0,""scrambling"":""public_PCG64_SHA256_protocol_session_frame_group_counter_after_rate_matching_v1"",""shortening_bits"":80,""z"":72}",[1024]
QPSK,5/6,QPSK:r5/6,de715eb2ff0dcdbd5fc2d47769137b73165c814d261695e73780d9774ea4bb74,1092,16,0,1108,1144,36,3536,1432,716,0,0.7737430167597765,0.7625698324022346,"{""actual_effective_rate"":0.7737430167597765,""bg"":""bg1"",""bit_mapping"":""component_Gray_00_-3_01_-1_10_3_11_1_over_sqrt5;QPSK_0_plus1_1_minus1"",""code_blocks"":1,""decoder_config"":{""cn_schedule"":""flooding"",""cn_update"":""boxplus-phi"",""early_stop"":false,""hard_out"":true,""harq_mode"":false,""llr_max"":20.0,""num_iter"":20,""precision"":""single"",""prune_pcm"":true,""return_infobits"":true,""vn_update"":""sum""},""implementation"":{""bit_mapping"":""component_Gray_00_-3_01_-1_10_3_11_1_over_sqrt5;QPSK_0_plus1_1_minus1"",""cuda"":""12.8"",""decoder"":{""cn_schedule"":""flooding"",""cn_update"":""boxplus-phi"",""early_stop"":false,""hard_out"":true,""harq_mode"":false,""llr_max"":20.0,""num_iter"":20,""precision"":""single"",""prune_pcm"":true,""return_infobits"":true,""vn_update"":""sum""},""decoder_source_sha256"":""44d84b92b749e2970f94d92cd348a11648e2286b4d851faa0af8b21d08f0da23"",""encoder_source_sha256"":""34d8db6660b2e84708a8fb534f63c194f6f2b964e3693fcffc9dcaf21532ccfd"",""implementation"":""Sionna_5G_LDPC"",""power_protocol"":""fixed_constellation_average_Es2"",""precision"":""float32"",""rate_matching"":""Sionna RV0; filler removal, first2Z and tail puncturing; supported n only"",""scrambling"":""public_PCG64_SHA256_protocol_session_frame_group_counter_after_rate_matching_v1"",""torch"":""2.11.0+cu128"",""version"":""2.2.0""},""interleaver_sha256"":""d89d3d41c8077dc0e53c1b6c5960489dfefdc87d0e42f5926e31eca0d33b9149"",""k"":1108,""k_filler"":36,""k_ldpc"":1144,""layout_id"":""2a117c9f71456127844dc956323ace9a32c0b9ada9d9bcd5b0d6d552cba0a035"",""modulation_padding_bits"":0,""mother_bits"":3536,""n"":1432,""n_cb"":3432,""n_cb_comp"":3396,""power_protocol"":""fixed_constellation_average_Es2"",""puncturing_bits"":2068,""puncturing_first_2Z"":104,""puncturing_remaining"":1964,""repetition_bits"":0,""scrambling"":""public_PCG64_SHA256_protocol_session_frame_group_counter_after_rate_matching_v1"",""shortening_bits"":36,""z"":52}",[2048]
16QAM,5/6,16QAM:r5/6,de72ab88c533a94afa7b9cd591ffb00817827e63f21297c9f5bd707d44c819fe,984,16,0,1000,1056,56,3264,1200,300,0,0.8333333333333334,0.82,"{""actual_effective_rate"":0.8333333333333334,""bg"":""bg1"",""bit_mapping"":""component_Gray_00_-3_01_-1_10_3_11_1_over_sqrt5;QPSK_0_plus1_1_minus1"",""code_blocks"":1,""decoder_config"":{""cn_schedule"":""flooding"",""cn_update"":""boxplus-phi"",""early_stop"":false,""hard_out"":true,""harq_mode"":false,""llr_max"":20.0,""num_iter"":20,""precision"":""single"",""prune_pcm"":true,""return_infobits"":true,""vn_update"":""sum""},""implementation"":{""bit_mapping"":""component_Gray_00_-3_01_-1_10_3_11_1_over_sqrt5;QPSK_0_plus1_1_minus1"",""cuda"":""12.8"",""decoder"":{""cn_schedule"":""flooding"",""cn_update"":""boxplus-phi"",""early_stop"":false,""hard_out"":true,""harq_mode"":false,""llr_max"":20.0,""num_iter"":20,""precision"":""single"",""prune_pcm"":true,""return_infobits"":true,""vn_update"":""sum""},""decoder_source_sha256"":""44d84b92b749e2970f94d92cd348a11648e2286b4d851faa0af8b21d08f0da23"",""encoder_source_sha256"":""34d8db6660b2e84708a8fb534f63c194f6f2b964e3693fcffc9dcaf21532ccfd"",""implementation"":""Sionna_5G_LDPC"",""power_protocol"":""fixed_constellation_average_Es2"",""precision"":""float32"",""rate_matching"":""Sionna RV0; filler removal, first2Z and tail puncturing; supported n only"",""scrambling"":""public_PCG64_SHA256_protocol_session_frame_group_counter_after_rate_matching_v1"",""torch"":""2.11.0+cu128"",""version"":""2.2.0""},""interleaver_sha256"":""5a6a378eee1c0c5c8dd360b967c5f49828e8f5052a1440d490c204db9a284905"",""k"":1000,""k_filler"":56,""k_ldpc"":1056,""layout_id"":""308afa0828c244092e39092fd3e2f783ed6e8f1eab3d3ac5c67289893166bbbd"",""modulation_padding_bits"":0,""mother_bits"":3264,""n"":1200,""n_cb"":3168,""n_cb_comp"":3112,""power_protocol"":""fixed_constellation_average_Es2"",""puncturing_bits"":2008,""puncturing_first_2Z"":96,""puncturing_remaining"":1912,""repetition_bits"":0,""scrambling"":""public_PCG64_SHA256_protocol_session_frame_group_counter_after_rate_matching_v1"",""shortening_bits"":56,""z"":48}","[1024,2048]"
QPSK,1/2,QPSK:r1/2,de800d70a910ae9c3020d108d3686da0e3b726d1a550f1f36c0148fbe2f63430,792,16,0,808,880,72,4576,1626,813,0,0.4969249692496925,0.4870848708487085,"{""actual_effective_rate"":0.4969249692496925,""bg"":""bg2"",""bit_mapping"":""component_Gray_00_-3_01_-1_10_3_11_1_over_sqrt5;QPSK_0_plus1_1_minus1"",""code_blocks"":1,""decoder_config"":{""cn_schedule"":""flooding"",""cn_update"":""boxplus-phi"",""early_stop"":false,""hard_out"":true,""harq_mode"":false,""llr_max"":20.0,""num_iter"":20,""precision"":""single"",""prune_pcm"":true,""return_infobits"":true,""vn_update"":""sum""},""implementation"":{""bit_mapping"":""component_Gray_00_-3_01_-1_10_3_11_1_over_sqrt5;QPSK_0_plus1_1_minus1"",""cuda"":""12.8"",""decoder"":{""cn_schedule"":""flooding"",""cn_update"":""boxplus-phi"",""early_stop"":false,""hard_out"":true,""harq_mode"":false,""llr_max"":20.0,""num_iter"":20,""precision"":""single"",""prune_pcm"":true,""return_infobits"":true,""vn_update"":""sum""},""decoder_source_sha256"":""44d84b92b749e2970f94d92cd348a11648e2286b4d851faa0af8b21d08f0da23"",""encoder_source_sha256"":""34d8db6660b2e84708a8fb534f63c194f6f2b964e3693fcffc9dcaf21532ccfd"",""implementation"":""Sionna_5G_LDPC"",""power_protocol"":""fixed_constellation_average_Es2"",""precision"":""float32"",""rate_matching"":""Sionna RV0; filler removal, first2Z and tail puncturing; supported n only"",""scrambling"":""public_PCG64_SHA256_protocol_session_frame_group_counter_after_rate_matching_v1"",""torch"":""2.11.0+cu128"",""version"":""2.2.0""},""interleaver_sha256"":""212877aa657931d2c6afa050b9fe294352aa9f78918627b3ebe4c44844d354e8"",""k"":808,""k_filler"":72,""k_ldpc"":880,""layout_id"":""14eac48a689f535f7144048ba972b4200a0f1f36f5f68c6dfc6c98f8995a1fba"",""modulation_padding_bits"":0,""mother_bits"":4576,""n"":1626,""n_cb"":4400,""n_cb_comp"":4328,""power_protocol"":""fixed_constellation_average_Es2"",""puncturing_bits"":2878,""puncturing_first_2Z"":176,""puncturing_remaining"":2702,""repetition_bits"":0,""scrambling"":""public_PCG64_SHA256_protocol_session_frame_group_counter_after_rate_matching_v1"",""shortening_bits"":72,""z"":88}",[1024]
QPSK,3/4,QPSK:r3/4,de8624dca3342e760b37e0814f5172b6ace49274193a47fdfc1ac25100ab262c,108,16,0,124,220,96,1144,470,235,0,0.26382978723404255,0.2297872340425532,"{""actual_effective_rate"":0.26382978723404255,""bg"":""bg2"",""bit_mapping"":""component_Gray_00_-3_01_-1_10_3_11_1_over_sqrt5;QPSK_0_plus1_1_minus1"",""code_blocks"":1,""decoder_config"":{""cn_schedule"":""flooding"",""cn_update"":""boxplus-phi"",""early_stop"":false,""hard_out"":true,""harq_mode"":false,""llr_max"":20.0,""num_iter"":20,""precision"":""single"",""prune_pcm"":true,""return_infobits"":true,""vn_update"":""sum""},""implementation"":{""bit_mapping"":""component_Gray_00_-3_01_-1_10_3_11_1_over_sqrt5;QPSK_0_plus1_1_minus1"",""cuda"":""12.8"",""decoder"":{""cn_schedule"":""flooding"",""cn_update"":""boxplus-phi"",""early_stop"":false,""hard_out"":true,""harq_mode"":false,""llr_max"":20.0,""num_iter"":20,""precision"":""single"",""prune_pcm"":true,""return_infobits"":true,""vn_update"":""sum""},""decoder_source_sha256"":""44d84b92b749e2970f94d92cd348a11648e2286b4d851faa0af8b21d08f0da23"",""encoder_source_sha256"":""34d8db6660b2e84708a8fb534f63c194f6f2b964e3693fcffc9dcaf21532ccfd"",""implementation"":""Sionna_5G_LDPC"",""power_protocol"":""fixed_constellation_average_Es2"",""precision"":""float32"",""rate_matching"":""Sionna RV0; filler removal, first2Z and tail puncturing; supported n only"",""scrambling"":""public_PCG64_SHA256_protocol_session_frame_group_counter_after_rate_matching_v1"",""torch"":""2.11.0+cu128"",""version"":""2.2.0""},""interleaver_sha256"":""f544ea39c87ccddc79ddbc20ae4c1db020e9b25fc6f775dee499fe8bf3e03530"",""k"":124,""k_filler"":96,""k_ldpc"":220,""layout_id"":""34ca5561614af2bb91bc274ba719da65afbc30ffeeeab80ecdbbb4bc68ef190c"",""modulation_padding_bits"":0,""mother_bits"":1144,""n"":470,""n_cb"":1100,""n_cb_comp"":1004,""power_protocol"":""fixed_constellation_average_Es2"",""puncturing_bits"":578,""puncturing_first_2Z"":44,""puncturing_remaining"":534,""repetition_bits"":0,""scrambling"":""public_PCG64_SHA256_protocol_session_frame_group_counter_after_rate_matching_v1"",""shortening_bits"":96,""z"":22}",[1024]
QPSK,5/6,QPSK:r5/6,de8e908a398f2eca5f99812800f8e1504ae4b10e9aa03eedf76a5995b2f2d93a,984,16,0,1000,1040,40,5408,1912,956,0,0.5230125523012552,0.5146443514644351,"{""actual_effective_rate"":0.5230125523012552,""bg"":""bg2"",""bit_mapping"":""component_Gray_00_-3_01_-1_10_3_11_1_over_sqrt5;QPSK_0_plus1_1_minus1"",""code_blocks"":1,""decoder_config"":{""cn_schedule"":""flooding"",""cn_update"":""boxplus-phi"",""early_stop"":false,""hard_out"":true,""harq_mode"":false,""llr_max"":20.0,""num_iter"":20,""precision"":""single"",""prune_pcm"":true,""return_infobits"":true,""vn_update"":""sum""},""implementation"":{""bit_mapping"":""component_Gray_00_-3_01_-1_10_3_11_1_over_sqrt5;QPSK_0_plus1_1_minus1"",""cuda"":""12.8"",""decoder"":{""cn_schedule"":""flooding"",""cn_update"":""boxplus-phi"",""early_stop"":false,""hard_out"":true,""harq_mode"":false,""llr_max"":20.0,""num_iter"":20,""precision"":""single"",""prune_pcm"":true,""return_infobits"":true,""vn_update"":""sum""},""decoder_source_sha256"":""44d84b92b749e2970f94d92cd348a11648e2286b4d851faa0af8b21d08f0da23"",""encoder_source_sha256"":""34d8db6660b2e84708a8fb534f63c194f6f2b964e3693fcffc9dcaf21532ccfd"",""implementation"":""Sionna_5G_LDPC"",""power_protocol"":""fixed_constellation_average_Es2"",""precision"":""float32"",""rate_matching"":""Sionna RV0; filler removal, first2Z and tail puncturing; supported n only"",""scrambling"":""public_PCG64_SHA256_protocol_session_frame_group_counter_after_rate_matching_v1"",""torch"":""2.11.0+cu128"",""version"":""2.2.0""},""interleaver_sha256"":""6bf95bf2c0e2ecc0e051c11851f956a0c4628f53d98079936a61809b1b2704ba"",""k"":1000,""k_filler"":40,""k_ldpc"":1040,""layout_id"":""33640c1f9bb722081c143291124ac656b6960ddbab8b82df149bd07842819979"",""modulation_padding_bits"":0,""mother_bits"":5408,""n"":1912,""n_cb"":5200,""n_cb_comp"":5160,""power_protocol"":""fixed_constellation_average_Es2"",""puncturing_bits"":3456,""puncturing_first_2Z"":208,""puncturing_remaining"":3248,""repetition_bits"":0,""scrambling"":""public_PCG64_SHA256_protocol_session_frame_group_counter_after_rate_matching_v1"",""shortening_bits"":40,""z"":104}",[1024]
QPSK,1/2,QPSK:r1/2,de9d4f1b16a01115afe3c48c540470d2e50e606ebd82eadf8839ed7c6a711a21,660,16,0,676,720,44,3744,1854,927,0,0.36461704422869473,0.3559870550161812,"{""actual_effective_rate"":0.36461704422869473,""bg"":""bg2"",""bit_mapping"":""component_Gray_00_-3_01_-1_10_3_11_1_over_sqrt5;QPSK_0_plus1_1_minus1"",""code_blocks"":1,""decoder_config"":{""cn_schedule"":""flooding"",""cn_update"":""boxplus-phi"",""early_stop"":false,""hard_out"":true,""harq_mode"":false,""llr_max"":20.0,""num_iter"":20,""precision"":""single"",""prune_pcm"":true,""return_infobits"":true,""vn_update"":""sum""},""implementation"":{""bit_mapping"":""component_Gray_00_-3_01_-1_10_3_11_1_over_sqrt5;QPSK_0_plus1_1_minus1"",""cuda"":""12.8"",""decoder"":{""cn_schedule"":""flooding"",""cn_update"":""boxplus-phi"",""early_stop"":false,""hard_out"":true,""harq_mode"":false,""llr_max"":20.0,""num_iter"":20,""precision"":""single"",""prune_pcm"":true,""return_infobits"":true,""vn_update"":""sum""},""decoder_source_sha256"":""44d84b92b749e2970f94d92cd348a11648e2286b4d851faa0af8b21d08f0da23"",""encoder_source_sha256"":""34d8db6660b2e84708a8fb534f63c194f6f2b964e3693fcffc9dcaf21532ccfd"",""implementation"":""Sionna_5G_LDPC"",""power_protocol"":""fixed_constellation_average_Es2"",""precision"":""float32"",""rate_matching"":""Sionna RV0; filler removal, first2Z and tail puncturing; supported n only"",""scrambling"":""public_PCG64_SHA256_protocol_session_frame_group_counter_after_rate_matching_v1"",""torch"":""2.11.0+cu128"",""version"":""2.2.0""},""interleaver_sha256"":""0b5a365e086e77c84d449146b17ec1f181d1dd84aaf61281ed1276aa2a97268a"",""k"":676,""k_filler"":44,""k_ldpc"":720,""layout_id"":""d27435e617a174fa5df35b2471ac9d87a00fee60a321a92d7bc9f3a9f961b840"",""modulation_padding_bits"":0,""mother_bits"":3744,""n"":1854,""n_cb"":3600,""n_cb_comp"":3556,""power_protocol"":""fixed_constellation_average_Es2"",""puncturing_bits"":1846,""puncturing_first_2Z"":144,""puncturing_remaining"":1702,""repetition_bits"":0,""scrambling"":""public_PCG64_SHA256_protocol_session_frame_group_counter_after_rate_matching_v1"",""shortening_bits"":44,""z"":72}",[2048]
QPSK,1/2,QPSK:r1/2,dea137c6c7bc71212c844f65bce7befcf0c6f957f3f31b41d00b21a5bdd3ebba,516,16,0,532,720,188,3744,1544,772,0,0.344559585492228,0.33419689119170987,"{""actual_effective_rate"":0.344559585492228,""bg"":""bg2"",""bit_mapping"":""component_Gray_00_-3_01_-1_10_3_11_1_over_sqrt5;QPSK_0_plus1_1_minus1"",""code_blocks"":1,""decoder_config"":{""cn_schedule"":""flooding"",""cn_update"":""boxplus-phi"",""early_stop"":false,""hard_out"":true,""harq_mode"":false,""llr_max"":20.0,""num_iter"":20,""precision"":""single"",""prune_pcm"":true,""return_infobits"":true,""vn_update"":""sum""},""implementation"":{""bit_mapping"":""component_Gray_00_-3_01_-1_10_3_11_1_over_sqrt5;QPSK_0_plus1_1_minus1"",""cuda"":""12.8"",""decoder"":{""cn_schedule"":""flooding"",""cn_update"":""boxplus-phi"",""early_stop"":false,""hard_out"":true,""harq_mode"":false,""llr_max"":20.0,""num_iter"":20,""precision"":""single"",""prune_pcm"":true,""return_infobits"":true,""vn_update"":""sum""},""decoder_source_sha256"":""44d84b92b749e2970f94d92cd348a11648e2286b4d851faa0af8b21d08f0da23"",""encoder_source_sha256"":""34d8db6660b2e84708a8fb534f63c194f6f2b964e3693fcffc9dcaf21532ccfd"",""implementation"":""Sionna_5G_LDPC"",""power_protocol"":""fixed_constellation_average_Es2"",""precision"":""float32"",""rate_matching"":""Sionna RV0; filler removal, first2Z and tail puncturing; supported n only"",""scrambling"":""public_PCG64_SHA256_protocol_session_frame_group_counter_after_rate_matching_v1"",""torch"":""2.11.0+cu128"",""version"":""2.2.0""},""interleaver_sha256"":""a63c7ff99b968d9866c4b186e07e4e6f7a756f8f6f3cff32693d8648e997e315"",""k"":532,""k_filler"":188,""k_ldpc"":720,""layout_id"":""1afd614acab5eb67b1b7953cd8febc1e7c8a356e01b4bbaeb7664c58db3d6ff9"",""modulation_padding_bits"":0,""mother_bits"":3744,""n"":1544,""n_cb"":3600,""n_cb_comp"":3412,""power_protocol"":""fixed_constellation_average_Es2"",""puncturing_bits"":2012,""puncturing_first_2Z"":144,""puncturing_remaining"":1868,""repetition_bits"":0,""scrambling"":""public_PCG64_SHA256_protocol_session_frame_group_counter_after_rate_matching_v1"",""shortening_bits"":188,""z"":72}",[1024]
QPSK,1/3,QPSK:r1/3,dead470b0fc946809116948acd2c0ab62fe44758fccd4a578b0dcd113aaecae7,360,16,0,376,480,104,2496,1132,566,0,0.3321554770318021,0.31802120141342755,"{""actual_effective_rate"":0.3321554770318021,""bg"":""bg2"",""bit_mapping"":""component_Gray_00_-3_01_-1_10_3_11_1_over_sqrt5;QPSK_0_plus1_1_minus1"",""code_blocks"":1,""decoder_config"":{""cn_schedule"":""flooding"",""cn_update"":""boxplus-phi"",""early_stop"":false,""hard_out"":true,""harq_mode"":false,""llr_max"":20.0,""num_iter"":20,""precision"":""single"",""prune_pcm"":true,""return_infobits"":true,""vn_update"":""sum""},""implementation"":{""bit_mapping"":""component_Gray_00_-3_01_-1_10_3_11_1_over_sqrt5;QPSK_0_plus1_1_minus1"",""cuda"":""12.8"",""decoder"":{""cn_schedule"":""flooding"",""cn_update"":""boxplus-phi"",""early_stop"":false,""hard_out"":true,""harq_mode"":false,""llr_max"":20.0,""num_iter"":20,""precision"":""single"",""prune_pcm"":true,""return_infobits"":true,""vn_update"":""sum""},""decoder_source_sha256"":""44d84b92b749e2970f94d92cd348a11648e2286b4d851faa0af8b21d08f0da23"",""encoder_source_sha256"":""34d8db6660b2e84708a8fb534f63c194f6f2b964e3693fcffc9dcaf21532ccfd"",""implementation"":""Sionna_5G_LDPC"",""power_protocol"":""fixed_constellation_average_Es2"",""precision"":""float32"",""rate_matching"":""Sionna RV0; filler removal, first2Z and tail puncturing; supported n only"",""scrambling"":""public_PCG64_SHA256_protocol_session_frame_group_counter_after_rate_matching_v1"",""torch"":""2.11.0+cu128"",""version"":""2.2.0""},""interleaver_sha256"":""730a2788ca1cce747614fbdf193cb392eaa107fbd832d10907a7853260bb6394"",""k"":376,""k_filler"":104,""k_ldpc"":480,""layout_id"":""f71535b2476114463a01a23104ed2c769f61b581d4061f3e0f96efb0eeb99270"",""modulation_padding_bits"":0,""mother_bits"":2496,""n"":1132,""n_cb"":2400,""n_cb_comp"":2296,""power_protocol"":""fixed_constellation_average_Es2"",""puncturing_bits"":1260,""puncturing_first_2Z"":96,""puncturing_remaining"":1164,""repetition_bits"":0,""scrambling"":""public_PCG64_SHA256_protocol_session_frame_group_counter_after_rate_matching_v1"",""shortening_bits"":104,""z"":48}","[1024,2048]"
QPSK,5/6,QPSK:r5/6,deaeb5702422a190729dd958dc0d4c1a7576a5f8d4dc1540f2169177d8b8a991,624,16,0,640,660,20,2040,768,384,0,0.8333333333333334,0.8125,"{""actual_effective_rate"":0.8333333333333334,""bg"":""bg1"",""bit_mapping"":""component_Gray_00_-3_01_-1_10_3_11_1_over_sqrt5;QPSK_0_plus1_1_minus1"",""code_blocks"":1,""decoder_config"":{""cn_schedule"":""flooding"",""cn_update"":""boxplus-phi"",""early_stop"":false,""hard_out"":true,""harq_mode"":false,""llr_max"":20.0,""num_iter"":20,""precision"":""single"",""prune_pcm"":true,""return_infobits"":true,""vn_update"":""sum""},""implementation"":{""bit_mapping"":""component_Gray_00_-3_01_-1_10_3_11_1_over_sqrt5;QPSK_0_plus1_1_minus1"",""cuda"":""12.8"",""decoder"":{""cn_schedule"":""flooding"",""cn_update"":""boxplus-phi"",""early_stop"":false,""hard_out"":true,""harq_mode"":false,""llr_max"":20.0,""num_iter"":20,""precision"":""single"",""prune_pcm"":true,""return_infobits"":true,""vn_update"":""sum""},""decoder_source_sha256"":""44d84b92b749e2970f94d92cd348a11648e2286b4d851faa0af8b21d08f0da23"",""encoder_source_sha256"":""34d8db6660b2e84708a8fb534f63c194f6f2b964e3693fcffc9dcaf21532ccfd"",""implementation"":""Sionna_5G_LDPC"",""power_protocol"":""fixed_constellation_average_Es2"",""precision"":""float32"",""rate_matching"":""Sionna RV0; filler removal, first2Z and tail puncturing; supported n only"",""scrambling"":""public_PCG64_SHA256_protocol_session_frame_group_counter_after_rate_matching_v1"",""torch"":""2.11.0+cu128"",""version"":""2.2.0""},""interleaver_sha256"":""ac8231a18cee14a10de6358fce4012772aff33045f5d260f61552ea348486c8b"",""k"":640,""k_filler"":20,""k_ldpc"":660,""layout_id"":""297a107d1dd5625c3223f5ee45619d693a17b532abe5565a97bc77b19f76c82d"",""modulation_padding_bits"":0,""mother_bits"":2040,""n"":768,""n_cb"":1980,""n_cb_comp"":1960,""power_protocol"":""fixed_constellation_average_Es2"",""puncturing_bits"":1252,""puncturing_first_2Z"":60,""puncturing_remaining"":1192,""repetition_bits"":0,""scrambling"":""public_PCG64_SHA256_protocol_session_frame_group_counter_after_rate_matching_v1"",""shortening_bits"":20,""z"":30}","[1024,2048]"
QPSK,2/3,QPSK:r2/3,deafe45ef8a8bf356a3ca7e7abd477bb761e18b3f7bd409317d815cbdd9640c9,1092,16,0,1108,1120,12,5824,1806,903,0,0.6135105204872646,0.6046511627906976,"{""actual_effective_rate"":0.6135105204872646,""bg"":""bg2"",""bit_mapping"":""component_Gray_00_-3_01_-1_10_3_11_1_over_sqrt5;QPSK_0_plus1_1_minus1"",""code_blocks"":1,""decoder_config"":{""cn_schedule"":""flooding"",""cn_update"":""boxplus-phi"",""early_stop"":false,""hard_out"":true,""harq_mode"":false,""llr_max"":20.0,""num_iter"":20,""precision"":""single"",""prune_pcm"":true,""return_infobits"":true,""vn_update"":""sum""},""implementation"":{""bit_mapping"":""component_Gray_00_-3_01_-1_10_3_11_1_over_sqrt5;QPSK_0_plus1_1_minus1"",""cuda"":""12.8"",""decoder"":{""cn_schedule"":""flooding"",""cn_update"":""boxplus-phi"",""early_stop"":false,""hard_out"":true,""harq_mode"":false,""llr_max"":20.0,""num_iter"":20,""precision"":""single"",""prune_pcm"":true,""return_infobits"":true,""vn_update"":""sum""},""decoder_source_sha256"":""44d84b92b749e2970f94d92cd348a11648e2286b4d851faa0af8b21d08f0da23"",""encoder_source_sha256"":""34d8db6660b2e84708a8fb534f63c194f6f2b964e3693fcffc9dcaf21532ccfd"",""implementation"":""Sionna_5G_LDPC"",""power_protocol"":""fixed_constellation_average_Es2"",""precision"":""float32"",""rate_matching"":""Sionna RV0; filler removal, first2Z and tail puncturing; supported n only"",""scrambling"":""public_PCG64_SHA256_protocol_session_frame_group_counter_after_rate_matching_v1"",""torch"":""2.11.0+cu128"",""version"":""2.2.0""},""interleaver_sha256"":""d9dd079d718875e6562731dd59be81d75eba06726a44cf576d359a85873a745a"",""k"":1108,""k_filler"":12,""k_ldpc"":1120,""layout_id"":""741060f46b2423b02aaf9352aed3bd3dd82b8521fa7701594554d14c0b07f13c"",""modulation_padding_bits"":0,""mother_bits"":5824,""n"":1806,""n_cb"":5600,""n_cb_comp"":5588,""power_protocol"":""fixed_constellation_average_Es2"",""puncturing_bits"":4006,""puncturing_first_2Z"":224,""puncturing_remaining"":3782,""repetition_bits"":0,""scrambling"":""public_PCG64_SHA256_protocol_session_frame_group_counter_after_rate_matching_v1"",""shortening_bits"":12,""z"":112}",[2048]
16QAM,3/4,16QAM:r3/4,dec8b76d85502354d9f6adfc857bcafdee34b1ba347e298fb2f342efbe17fa94,660,16,0,676,720,44,3744,2872,718,0,0.23537604456824512,0.2298050139275766,"{""actual_effective_rate"":0.23537604456824512,""bg"":""bg2"",""bit_mapping"":""component_Gray_00_-3_01_-1_10_3_11_1_over_sqrt5;QPSK_0_plus1_1_minus1"",""code_blocks"":1,""decoder_config"":{""cn_schedule"":""flooding"",""cn_update"":""boxplus-phi"",""early_stop"":false,""hard_out"":true,""harq_mode"":false,""llr_max"":20.0,""num_iter"":20,""precision"":""single"",""prune_pcm"":true,""return_infobits"":true,""vn_update"":""sum""},""implementation"":{""bit_mapping"":""component_Gray_00_-3_01_-1_10_3_11_1_over_sqrt5;QPSK_0_plus1_1_minus1"",""cuda"":""12.8"",""decoder"":{""cn_schedule"":""flooding"",""cn_update"":""boxplus-phi"",""early_stop"":false,""hard_out"":true,""harq_mode"":false,""llr_max"":20.0,""num_iter"":20,""precision"":""single"",""prune_pcm"":true,""return_infobits"":true,""vn_update"":""sum""},""decoder_source_sha256"":""44d84b92b749e2970f94d92cd348a11648e2286b4d851faa0af8b21d08f0da23"",""encoder_source_sha256"":""34d8db6660b2e84708a8fb534f63c194f6f2b964e3693fcffc9dcaf21532ccfd"",""implementation"":""Sionna_5G_LDPC"",""power_protocol"":""fixed_constellation_average_Es2"",""precision"":""float32"",""rate_matching"":""Sionna RV0; filler removal, first2Z and tail puncturing; supported n only"",""scrambling"":""public_PCG64_SHA256_protocol_session_frame_group_counter_after_rate_matching_v1"",""torch"":""2.11.0+cu128"",""version"":""2.2.0""},""interleaver_sha256"":""156dfb9f56cd9c2c3ff59a1102c904388c8ee21c38af43e7c696cd4fe0ec834d"",""k"":676,""k_filler"":44,""k_ldpc"":720,""layout_id"":""a4e815fee0ab84e5f964ddfe40aeeec2693dc1a9404068742d2d096b87a90f51"",""modulation_padding_bits"":0,""mother_bits"":3744,""n"":2872,""n_cb"":3600,""n_cb_comp"":3556,""power_protocol"":""fixed_constellation_average_Es2"",""puncturing_bits"":828,""puncturing_first_2Z"":144,""puncturing_remaining"":684,""repetition_bits"":0,""scrambling"":""public_PCG64_SHA256_protocol_session_frame_group_counter_after_rate_matching_v1"",""shortening_bits"":44,""z"":72}",[1024]
QPSK,2/3,QPSK:r2/3,dedf9ef84f544f13ad61b48ee3a963325c28df94b8db09d470d47a8c35d98a9e,624,16,0,640,720,80,3744,1298,649,0,0.4930662557781202,0.48073959938366717,"{""actual_effective_rate"":0.4930662557781202,""bg"":""bg2"",""bit_mapping"":""component_Gray_00_-3_01_-1_10_3_11_1_over_sqrt5;QPSK_0_plus1_1_minus1"",""code_blocks"":1,""decoder_config"":{""cn_schedule"":""flooding"",""cn_update"":""boxplus-phi"",""early_stop"":false,""hard_out"":true,""harq_mode"":false,""llr_max"":20.0,""num_iter"":20,""precision"":""single"",""prune_pcm"":true,""return_infobits"":true,""vn_update"":""sum""},""implementation"":{""bit_mapping"":""component_Gray_00_-3_01_-1_10_3_11_1_over_sqrt5;QPSK_0_plus1_1_minus1"",""cuda"":""12.8"",""decoder"":{""cn_schedule"":""flooding"",""cn_update"":""boxplus-phi"",""early_stop"":false,""hard_out"":true,""harq_mode"":false,""llr_max"":20.0,""num_iter"":20,""precision"":""single"",""prune_pcm"":true,""return_infobits"":true,""vn_update"":""sum""},""decoder_source_sha256"":""44d84b92b749e2970f94d92cd348a11648e2286b4d851faa0af8b21d08f0da23"",""encoder_source_sha256"":""34d8db6660b2e84708a8fb534f63c194f6f2b964e3693fcffc9dcaf21532ccfd"",""implementation"":""Sionna_5G_LDPC"",""power_protocol"":""fixed_constellation_average_Es2"",""precision"":""float32"",""rate_matching"":""Sionna RV0; filler removal, first2Z and tail puncturing; supported n only"",""scrambling"":""public_PCG64_SHA256_protocol_session_frame_group_counter_after_rate_matching_v1"",""torch"":""2.11.0+cu128"",""version"":""2.2.0""},""interleaver_sha256"":""954135679c1c078a3cb6b9984def24f274f7fe18599791e7a0609239bf64d426"",""k"":640,""k_filler"":80,""k_ldpc"":720,""layout_id"":""caea5eefe95657f42629e4a17d9601d8ce42fecdfc9414e8098e9a3076755712"",""modulation_padding_bits"":0,""mother_bits"":3744,""n"":1298,""n_cb"":3600,""n_cb_comp"":3520,""power_protocol"":""fixed_constellation_average_Es2"",""puncturing_bits"":2366,""puncturing_first_2Z"":144,""puncturing_remaining"":2222,""repetition_bits"":0,""scrambling"":""public_PCG64_SHA256_protocol_session_frame_group_counter_after_rate_matching_v1"",""shortening_bits"":80,""z"":72}",[1024]
16QAM,3/4,16QAM:r3/4,def468b75ff7903ae2287e7c06387aeb57cadb064e4b3439491fc0d6569b9f74,1092,16,0,1108,1120,12,5824,2928,732,0,0.37841530054644806,0.3729508196721312,"{""actual_effective_rate"":0.37841530054644806,""bg"":""bg2"",""bit_mapping"":""component_Gray_00_-3_01_-1_10_3_11_1_over_sqrt5;QPSK_0_plus1_1_minus1"",""code_blocks"":1,""decoder_config"":{""cn_schedule"":""flooding"",""cn_update"":""boxplus-phi"",""early_stop"":false,""hard_out"":true,""harq_mode"":false,""llr_max"":20.0,""num_iter"":20,""precision"":""single"",""prune_pcm"":true,""return_infobits"":true,""vn_update"":""sum""},""implementation"":{""bit_mapping"":""component_Gray_00_-3_01_-1_10_3_11_1_over_sqrt5;QPSK_0_plus1_1_minus1"",""cuda"":""12.8"",""decoder"":{""cn_schedule"":""flooding"",""cn_update"":""boxplus-phi"",""early_stop"":false,""hard_out"":true,""harq_mode"":false,""llr_max"":20.0,""num_iter"":20,""precision"":""single"",""prune_pcm"":true,""return_infobits"":true,""vn_update"":""sum""},""decoder_source_sha256"":""44d84b92b749e2970f94d92cd348a11648e2286b4d851faa0af8b21d08f0da23"",""encoder_source_sha256"":""34d8db6660b2e84708a8fb534f63c194f6f2b964e3693fcffc9dcaf21532ccfd"",""implementation"":""Sionna_5G_LDPC"",""power_protocol"":""fixed_constellation_average_Es2"",""precision"":""float32"",""rate_matching"":""Sionna RV0; filler removal, first2Z and tail puncturing; supported n only"",""scrambling"":""public_PCG64_SHA256_protocol_session_frame_group_counter_after_rate_matching_v1"",""torch"":""2.11.0+cu128"",""version"":""2.2.0""},""interleaver_sha256"":""ea7addb99da78fc95a1f615e432bb0e6f5bbac5f2d42ac564cf8f20ab27f333e"",""k"":1108,""k_filler"":12,""k_ldpc"":1120,""layout_id"":""e61ea24552484a3f00f13eaab987bea59b3d5c13c9b7120f63ce5e269fe7051f"",""modulation_padding_bits"":0,""mother_bits"":5824,""n"":2928,""n_cb"":5600,""n_cb_comp"":5588,""power_protocol"":""fixed_constellation_average_Es2"",""puncturing_bits"":2884,""puncturing_first_2Z"":224,""puncturing_remaining"":2660,""repetition_bits"":0,""scrambling"":""public_PCG64_SHA256_protocol_session_frame_group_counter_after_rate_matching_v1"",""shortening_bits"":12,""z"":112}",[2048]
QPSK,5/6,QPSK:r5/6,def49aaf4d158c319ee56352131872c4758e38e549dd51bf781c6df5862705fb,1200,16,0,1216,1280,64,6656,3022,1511,0,0.40238252812706815,0.3970880211780278,"{""actual_effective_rate"":0.40238252812706815,""bg"":""bg2"",""bit_mapping"":""component_Gray_00_-3_01_-1_10_3_11_1_over_sqrt5;QPSK_0_plus1_1_minus1"",""code_blocks"":1,""decoder_config"":{""cn_schedule"":""flooding"",""cn_update"":""boxplus-phi"",""early_stop"":false,""hard_out"":true,""harq_mode"":false,""llr_max"":20.0,""num_iter"":20,""precision"":""single"",""prune_pcm"":true,""return_infobits"":true,""vn_update"":""sum""},""implementation"":{""bit_mapping"":""component_Gray_00_-3_01_-1_10_3_11_1_over_sqrt5;QPSK_0_plus1_1_minus1"",""cuda"":""12.8"",""decoder"":{""cn_schedule"":""flooding"",""cn_update"":""boxplus-phi"",""early_stop"":false,""hard_out"":true,""harq_mode"":false,""llr_max"":20.0,""num_iter"":20,""precision"":""single"",""prune_pcm"":true,""return_infobits"":true,""vn_update"":""sum""},""decoder_source_sha256"":""44d84b92b749e2970f94d92cd348a11648e2286b4d851faa0af8b21d08f0da23"",""encoder_source_sha256"":""34d8db6660b2e84708a8fb534f63c194f6f2b964e3693fcffc9dcaf21532ccfd"",""implementation"":""Sionna_5G_LDPC"",""power_protocol"":""fixed_constellation_average_Es2"",""precision"":""float32"",""rate_matching"":""Sionna RV0; filler removal, first2Z and tail puncturing; supported n only"",""scrambling"":""public_PCG64_SHA256_protocol_session_frame_group_counter_after_rate_matching_v1"",""torch"":""2.11.0+cu128"",""version"":""2.2.0""},""interleaver_sha256"":""a9e0b58fdbb4bcf642eb4b9177bbfee31df0cf1b0f7c2189a52a73c52af5a6c4"",""k"":1216,""k_filler"":64,""k_ldpc"":1280,""layout_id"":""d241b336d44a440b5f1a800d100aaa2da6ad287e1b02f922a853889f60ebf0bd"",""modulation_padding_bits"":0,""mother_bits"":6656,""n"":3022,""n_cb"":6400,""n_cb_comp"":6336,""power_protocol"":""fixed_constellation_average_Es2"",""puncturing_bits"":3570,""puncturing_first_2Z"":256,""puncturing_remaining"":3314,""repetition_bits"":0,""scrambling"":""public_PCG64_SHA256_protocol_session_frame_group_counter_after_rate_matching_v1"",""shortening_bits"":64,""z"":128}",[2048]
16QAM,1/3,16QAM:r1/3,df09317715d8494e7e1779b03c879380f0af4bd442e18a587b5bb0264b76c357,192,16,0,208,260,52,1352,1040,260,0,0.2,0.18461538461538463,"{""actual_effective_rate"":0.2,""bg"":""bg2"",""bit_mapping"":""component_Gray_00_-3_01_-1_10_3_11_1_over_sqrt5;QPSK_0_plus1_1_minus1"",""code_blocks"":1,""decoder_config"":{""cn_schedule"":""flooding"",""cn_update"":""boxplus-phi"",""early_stop"":false,""hard_out"":true,""harq_mode"":false,""llr_max"":20.0,""num_iter"":20,""precision"":""single"",""prune_pcm"":true,""return_infobits"":true,""vn_update"":""sum""},""implementation"":{""bit_mapping"":""component_Gray_00_-3_01_-1_10_3_11_1_over_sqrt5;QPSK_0_plus1_1_minus1"",""cuda"":""12.8"",""decoder"":{""cn_schedule"":""flooding"",""cn_update"":""boxplus-phi"",""early_stop"":false,""hard_out"":true,""harq_mode"":false,""llr_max"":20.0,""num_iter"":20,""precision"":""single"",""prune_pcm"":true,""return_infobits"":true,""vn_update"":""sum""},""decoder_source_sha256"":""44d84b92b749e2970f94d92cd348a11648e2286b4d851faa0af8b21d08f0da23"",""encoder_source_sha256"":""34d8db6660b2e84708a8fb534f63c194f6f2b964e3693fcffc9dcaf21532ccfd"",""implementation"":""Sionna_5G_LDPC"",""power_protocol"":""fixed_constellation_average_Es2"",""precision"":""float32"",""rate_matching"":""Sionna RV0; filler removal, first2Z and tail puncturing; supported n only"",""scrambling"":""public_PCG64_SHA256_protocol_session_frame_group_counter_after_rate_matching_v1"",""torch"":""2.11.0+cu128"",""version"":""2.2.0""},""interleaver_sha256"":""84d16d359a814b2c2212abd3669e88f3a5bf218972473b983962be85c03b0d6e"",""k"":208,""k_filler"":52,""k_ldpc"":260,""layout_id"":""56352a1eb4a2e898a2b8996f4779a51992accb8e7c48c94986d8a93884946c62"",""modulation_padding_bits"":0,""mother_bits"":1352,""n"":1040,""n_cb"":1300,""n_cb_comp"":1248,""power_protocol"":""fixed_constellation_average_Es2"",""puncturing_bits"":260,""puncturing_first_2Z"":52,""puncturing_remaining"":208,""repetition_bits"":0,""scrambling"":""public_PCG64_SHA256_protocol_session_frame_group_counter_after_rate_matching_v1"",""shortening_bits"":52,""z"":26}",[1024]
QPSK,2/3,QPSK:r2/3,df0d5ff7afe1f6f96a6c20e35269eb4ff7224689e8963beb94402ff736dff15b,360,16,0,376,480,104,2496,1390,695,0,0.27050359712230215,0.2589928057553957,"{""actual_effective_rate"":0.27050359712230215,""bg"":""bg2"",""bit_mapping"":""component_Gray_00_-3_01_-1_10_3_11_1_over_sqrt5;QPSK_0_plus1_1_minus1"",""code_blocks"":1,""decoder_config"":{""cn_schedule"":""flooding"",""cn_update"":""boxplus-phi"",""early_stop"":false,""hard_out"":true,""harq_mode"":false,""llr_max"":20.0,""num_iter"":20,""precision"":""single"",""prune_pcm"":true,""return_infobits"":true,""vn_update"":""sum""},""implementation"":{""bit_mapping"":""component_Gray_00_-3_01_-1_10_3_11_1_over_sqrt5;QPSK_0_plus1_1_minus1"",""cuda"":""12.8"",""decoder"":{""cn_schedule"":""flooding"",""cn_update"":""boxplus-phi"",""early_stop"":false,""hard_out"":true,""harq_mode"":false,""llr_max"":20.0,""num_iter"":20,""precision"":""single"",""prune_pcm"":true,""return_infobits"":true,""vn_update"":""sum""},""decoder_source_sha256"":""44d84b92b749e2970f94d92cd348a11648e2286b4d851faa0af8b21d08f0da23"",""encoder_source_sha256"":""34d8db6660b2e84708a8fb534f63c194f6f2b964e3693fcffc9dcaf21532ccfd"",""implementation"":""Sionna_5G_LDPC"",""power_protocol"":""fixed_constellation_average_Es2"",""precision"":""float32"",""rate_matching"":""Sionna RV0; filler removal, first2Z and tail puncturing; supported n only"",""scrambling"":""public_PCG64_SHA256_protocol_session_frame_group_counter_after_rate_matching_v1"",""torch"":""2.11.0+cu128"",""version"":""2.2.0""},""interleaver_sha256"":""32683d3f6786f63bb43514aa930c978b44fdc49ebef14373916f949b9cb35d30"",""k"":376,""k_filler"":104,""k_ldpc"":480,""layout_id"":""bfcf18aed4beec07df1f8847f17becb7a1e86c796c8421194af5a2e697703848"",""modulation_padding_bits"":0,""mother_bits"":2496,""n"":1390,""n_cb"":2400,""n_cb_comp"":2296,""power_protocol"":""fixed_constellation_average_Es2"",""puncturing_bits"":1002,""puncturing_first_2Z"":96,""puncturing_remaining"":906,""repetition_bits"":0,""scrambling"":""public_PCG64_SHA256_protocol_session_frame_group_counter_after_rate_matching_v1"",""shortening_bits"":104,""z"":48}",[1024]
QPSK,2/3,QPSK:r2/3,df1398f217f95679456ea4af11f04f2230a9bff8b8bd736e0bc64b120540150a,576,16,0,592,720,128,3744,1042,521,0,0.5681381957773513,0.5527831094049904,"{""actual_effective_rate"":0.5681381957773513,""bg"":""bg2"",""bit_mapping"":""component_Gray_00_-3_01_-1_10_3_11_1_over_sqrt5;QPSK_0_plus1_1_minus1"",""code_blocks"":1,""decoder_config"":{""cn_schedule"":""flooding"",""cn_update"":""boxplus-phi"",""early_stop"":false,""hard_out"":true,""harq_mode"":false,""llr_max"":20.0,""num_iter"":20,""precision"":""single"",""prune_pcm"":true,""return_infobits"":true,""vn_update"":""sum""},""implementation"":{""bit_mapping"":""component_Gray_00_-3_01_-1_10_3_11_1_over_sqrt5;QPSK_0_plus1_1_minus1"",""cuda"":""12.8"",""decoder"":{""cn_schedule"":""flooding"",""cn_update"":""boxplus-phi"",""early_stop"":false,""hard_out"":true,""harq_mode"":false,""llr_max"":20.0,""num_iter"":20,""precision"":""single"",""prune_pcm"":true,""return_infobits"":true,""vn_update"":""sum""},""decoder_source_sha256"":""44d84b92b749e2970f94d92cd348a11648e2286b4d851faa0af8b21d08f0da23"",""encoder_source_sha256"":""34d8db6660b2e84708a8fb534f63c194f6f2b964e3693fcffc9dcaf21532ccfd"",""implementation"":""Sionna_5G_LDPC"",""power_protocol"":""fixed_constellation_average_Es2"",""precision"":""float32"",""rate_matching"":""Sionna RV0; filler removal, first2Z and tail puncturing; supported n only"",""scrambling"":""public_PCG64_SHA256_protocol_session_frame_group_counter_after_rate_matching_v1"",""torch"":""2.11.0+cu128"",""version"":""2.2.0""},""interleaver_sha256"":""efec4f4eafd06d81600681b8b4326d03ee2120cbf0f071765f95bb11b83c2cc8"",""k"":592,""k_filler"":128,""k_ldpc"":720,""layout_id"":""8e183bccc06069b288ecd672bba848c02d4797c32d92edbc4e019cef16e3eb6b"",""modulation_padding_bits"":0,""mother_bits"":3744,""n"":1042,""n_cb"":3600,""n_cb_comp"":3472,""power_protocol"":""fixed_constellation_average_Es2"",""puncturing_bits"":2574,""puncturing_first_2Z"":144,""puncturing_remaining"":2430,""repetition_bits"":0,""scrambling"":""public_PCG64_SHA256_protocol_session_frame_group_counter_after_rate_matching_v1"",""shortening_bits"":128,""z"":72}",[1024]
16QAM,2/3,16QAM:r2/3,df1960e29161ac87100d51d59bec5d6feaab5754bad2a2fc7a884d7555d999d8,516,16,0,532,720,188,3744,1000,250,0,0.532,0.516,"{""actual_effective_rate"":0.532,""bg"":""bg2"",""bit_mapping"":""component_Gray_00_-3_01_-1_10_3_11_1_over_sqrt5;QPSK_0_plus1_1_minus1"",""code_blocks"":1,""decoder_config"":{""cn_schedule"":""flooding"",""cn_update"":""boxplus-phi"",""early_stop"":false,""hard_out"":true,""harq_mode"":false,""llr_max"":20.0,""num_iter"":20,""precision"":""single"",""prune_pcm"":true,""return_infobits"":true,""vn_update"":""sum""},""implementation"":{""bit_mapping"":""component_Gray_00_-3_01_-1_10_3_11_1_over_sqrt5;QPSK_0_plus1_1_minus1"",""cuda"":""12.8"",""decoder"":{""cn_schedule"":""flooding"",""cn_update"":""boxplus-phi"",""early_stop"":false,""hard_out"":true,""harq_mode"":false,""llr_max"":20.0,""num_iter"":20,""precision"":""single"",""prune_pcm"":true,""return_infobits"":true,""vn_update"":""sum""},""decoder_source_sha256"":""44d84b92b749e2970f94d92cd348a11648e2286b4d851faa0af8b21d08f0da23"",""encoder_source_sha256"":""34d8db6660b2e84708a8fb534f63c194f6f2b964e3693fcffc9dcaf21532ccfd"",""implementation"":""Sionna_5G_LDPC"",""power_protocol"":""fixed_constellation_average_Es2"",""precision"":""float32"",""rate_matching"":""Sionna RV0; filler removal, first2Z and tail puncturing; supported n only"",""scrambling"":""public_PCG64_SHA256_protocol_session_frame_group_counter_after_rate_matching_v1"",""torch"":""2.11.0+cu128"",""version"":""2.2.0""},""interleaver_sha256"":""5aef179cd8b3641fb7b475b8c3b99d4577092447f62803b7d728a5ff7b15aeda"",""k"":532,""k_filler"":188,""k_ldpc"":720,""layout_id"":""7470a2325621aa2405e06a9f64079c4edb766d45f1f2b0218ca20419becb1e55"",""modulation_padding_bits"":0,""mother_bits"":3744,""n"":1000,""n_cb"":3600,""n_cb_comp"":3412,""power_protocol"":""fixed_constellation_average_Es2"",""puncturing_bits"":2556,""puncturing_first_2Z"":144,""puncturing_remaining"":2412,""repetition_bits"":0,""scrambling"":""public_PCG64_SHA256_protocol_session_frame_group_counter_after_rate_matching_v1"",""shortening_bits"":188,""z"":72}",[1024]
16QAM,1/2,16QAM:r1/2,df286b3593a4ad40feab409cfaae3df4309b66a67d3241b182c6c6ddd1825007,324,16,0,340,440,100,2288,960,240,0,0.3541666666666667,0.3375,"{""actual_effective_rate"":0.3541666666666667,""bg"":""bg2"",""bit_mapping"":""component_Gray_00_-3_01_-1_10_3_11_1_over_sqrt5;QPSK_0_plus1_1_minus1"",""code_blocks"":1,""decoder_config"":{""cn_schedule"":""flooding"",""cn_update"":""boxplus-phi"",""early_stop"":false,""hard_out"":true,""harq_mode"":false,""llr_max"":20.0,""num_iter"":20,""precision"":""single"",""prune_pcm"":true,""return_infobits"":true,""vn_update"":""sum""},""implementation"":{""bit_mapping"":""component_Gray_00_-3_01_-1_10_3_11_1_over_sqrt5;QPSK_0_plus1_1_minus1"",""cuda"":""12.8"",""decoder"":{""cn_schedule"":""flooding"",""cn_update"":""boxplus-phi"",""early_stop"":false,""hard_out"":true,""harq_mode"":false,""llr_max"":20.0,""num_iter"":20,""precision"":""single"",""prune_pcm"":true,""return_infobits"":true,""vn_update"":""sum""},""decoder_source_sha256"":""44d84b92b749e2970f94d92cd348a11648e2286b4d851faa0af8b21d08f0da23"",""encoder_source_sha256"":""34d8db6660b2e84708a8fb534f63c194f6f2b964e3693fcffc9dcaf21532ccfd"",""implementation"":""Sionna_5G_LDPC"",""power_protocol"":""fixed_constellation_average_Es2"",""precision"":""float32"",""rate_matching"":""Sionna RV0; filler removal, first2Z and tail puncturing; supported n only"",""scrambling"":""public_PCG64_SHA256_protocol_session_frame_group_counter_after_rate_matching_v1"",""torch"":""2.11.0+cu128"",""version"":""2.2.0""},""interleaver_sha256"":""c11ab541c2737219a631458af1e58ec6d1ef8881c92d3e4569fe14b3e6729caa"",""k"":340,""k_filler"":100,""k_ldpc"":440,""layout_id"":""1d3e67cc474d6ba5d3bdcb2a17c1f66fe9845df2c6a3449e8398417e4c1ba8fc"",""modulation_padding_bits"":0,""mother_bits"":2288,""n"":960,""n_cb"":2200,""n_cb_comp"":2100,""power_protocol"":""fixed_constellation_average_Es2"",""puncturing_bits"":1228,""puncturing_first_2Z"":88,""puncturing_remaining"":1140,""repetition_bits"":0,""scrambling"":""public_PCG64_SHA256_protocol_session_frame_group_counter_after_rate_matching_v1"",""shortening_bits"":100,""z"":44}",[1024]
16QAM,1/3,16QAM:r1/3,df31bb79f0ddb582b57143bdf867b6f591430e693d1e5a2611a9e30e9cf7c055,2100,16,0,2116,2240,124,11648,6836,1709,0,0.30953774136922174,0.30719719133996487,"{""actual_effective_rate"":0.30953774136922174,""bg"":""bg2"",""bit_mapping"":""component_Gray_00_-3_01_-1_10_3_11_1_over_sqrt5;QPSK_0_plus1_1_minus1"",""code_blocks"":1,""decoder_config"":{""cn_schedule"":""flooding"",""cn_update"":""boxplus-phi"",""early_stop"":false,""hard_out"":true,""harq_mode"":false,""llr_max"":20.0,""num_iter"":20,""precision"":""single"",""prune_pcm"":true,""return_infobits"":true,""vn_update"":""sum""},""implementation"":{""bit_mapping"":""component_Gray_00_-3_01_-1_10_3_11_1_over_sqrt5;QPSK_0_plus1_1_minus1"",""cuda"":""12.8"",""decoder"":{""cn_schedule"":""flooding"",""cn_update"":""boxplus-phi"",""early_stop"":false,""hard_out"":true,""harq_mode"":false,""llr_max"":20.0,""num_iter"":20,""precision"":""single"",""prune_pcm"":true,""return_infobits"":true,""vn_update"":""sum""},""decoder_source_sha256"":""44d84b92b749e2970f94d92cd348a11648e2286b4d851faa0af8b21d08f0da23"",""encoder_source_sha256"":""34d8db6660b2e84708a8fb534f63c194f6f2b964e3693fcffc9dcaf21532ccfd"",""implementation"":""Sionna_5G_LDPC"",""power_protocol"":""fixed_constellation_average_Es2"",""precision"":""float32"",""rate_matching"":""Sionna RV0; filler removal, first2Z and tail puncturing; supported n only"",""scrambling"":""public_PCG64_SHA256_protocol_session_frame_group_counter_after_rate_matching_v1"",""torch"":""2.11.0+cu128"",""version"":""2.2.0""},""interleaver_sha256"":""b3ec8cd7b1d4780596c1ee93ab3fc2c4a6bbb4d3abb4930553b6ef36cad844a0"",""k"":2116,""k_filler"":124,""k_ldpc"":2240,""layout_id"":""f6f857ebdbd84bbfb89b09237fc272abb928c1c456d3f64c1445ee3dde0c64ac"",""modulation_padding_bits"":0,""mother_bits"":11648,""n"":6836,""n_cb"":11200,""n_cb_comp"":11076,""power_protocol"":""fixed_constellation_average_Es2"",""puncturing_bits"":4688,""puncturing_first_2Z"":448,""puncturing_remaining"":4240,""repetition_bits"":0,""scrambling"":""public_PCG64_SHA256_protocol_session_frame_group_counter_after_rate_matching_v1"",""shortening_bits"":124,""z"":224}",[2048]
QPSK,5/6,QPSK:r5/6,df338f7d3f22b297ecec0235963094fcc2b0bb01ad1d98f778ea324d8e3f83d0,360,16,0,376,396,20,1224,514,257,0,0.7315175097276264,0.7003891050583657,"{""actual_effective_rate"":0.7315175097276264,""bg"":""bg1"",""bit_mapping"":""component_Gray_00_-3_01_-1_10_3_11_1_over_sqrt5;QPSK_0_plus1_1_minus1"",""code_blocks"":1,""decoder_config"":{""cn_schedule"":""flooding"",""cn_update"":""boxplus-phi"",""early_stop"":false,""hard_out"":true,""harq_mode"":false,""llr_max"":20.0,""num_iter"":20,""precision"":""single"",""prune_pcm"":true,""return_infobits"":true,""vn_update"":""sum""},""implementation"":{""bit_mapping"":""component_Gray_00_-3_01_-1_10_3_11_1_over_sqrt5;QPSK_0_plus1_1_minus1"",""cuda"":""12.8"",""decoder"":{""cn_schedule"":""flooding"",""cn_update"":""boxplus-phi"",""early_stop"":false,""hard_out"":true,""harq_mode"":false,""llr_max"":20.0,""num_iter"":20,""precision"":""single"",""prune_pcm"":true,""return_infobits"":true,""vn_update"":""sum""},""decoder_source_sha256"":""44d84b92b749e2970f94d92cd348a11648e2286b4d851faa0af8b21d08f0da23"",""encoder_source_sha256"":""34d8db6660b2e84708a8fb534f63c194f6f2b964e3693fcffc9dcaf21532ccfd"",""implementation"":""Sionna_5G_LDPC"",""power_protocol"":""fixed_constellation_average_Es2"",""precision"":""float32"",""rate_matching"":""Sionna RV0; filler removal, first2Z and tail puncturing; supported n only"",""scrambling"":""public_PCG64_SHA256_protocol_session_frame_group_counter_after_rate_matching_v1"",""torch"":""2.11.0+cu128"",""version"":""2.2.0""},""interleaver_sha256"":""5dc2a5888645a651fc62de43b85dffc080689f79014a2522841ae0254905bd61"",""k"":376,""k_filler"":20,""k_ldpc"":396,""layout_id"":""248f7c736b1f200603bdbfda349ae2215ea7b03b1570bc2c74e34120eb0a010a"",""modulation_padding_bits"":0,""mother_bits"":1224,""n"":514,""n_cb"":1188,""n_cb_comp"":1168,""power_protocol"":""fixed_constellation_average_Es2"",""puncturing_bits"":690,""puncturing_first_2Z"":36,""puncturing_remaining"":654,""repetition_bits"":0,""scrambling"":""public_PCG64_SHA256_protocol_session_frame_group_counter_after_rate_matching_v1"",""shortening_bits"":20,""z"":18}",[2048]
16QAM,2/3,16QAM:r2/3,df35b7e4ab08017c46fb62e2e00d452d093483b6751b0a2aeb4f2249c500e468,624,16,0,640,720,80,3744,1328,332,0,0.4819277108433735,0.46987951807228917,"{""actual_effective_rate"":0.4819277108433735,""bg"":""bg2"",""bit_mapping"":""component_Gray_00_-3_01_-1_10_3_11_1_over_sqrt5;QPSK_0_plus1_1_minus1"",""code_blocks"":1,""decoder_config"":{""cn_schedule"":""flooding"",""cn_update"":""boxplus-phi"",""early_stop"":false,""hard_out"":true,""harq_mode"":false,""llr_max"":20.0,""num_iter"":20,""precision"":""single"",""prune_pcm"":true,""return_infobits"":true,""vn_update"":""sum""},""implementation"":{""bit_mapping"":""component_Gray_00_-3_01_-1_10_3_11_1_over_sqrt5;QPSK_0_plus1_1_minus1"",""cuda"":""12.8"",""decoder"":{""cn_schedule"":""flooding"",""cn_update"":""boxplus-phi"",""early_stop"":false,""hard_out"":true,""harq_mode"":false,""llr_max"":20.0,""num_iter"":20,""precision"":""single"",""prune_pcm"":true,""return_infobits"":true,""vn_update"":""sum""},""decoder_source_sha256"":""44d84b92b749e2970f94d92cd348a11648e2286b4d851faa0af8b21d08f0da23"",""encoder_source_sha256"":""34d8db6660b2e84708a8fb534f63c194f6f2b964e3693fcffc9dcaf21532ccfd"",""implementation"":""Sionna_5G_LDPC"",""power_protocol"":""fixed_constellation_average_Es2"",""precision"":""float32"",""rate_matching"":""Sionna RV0; filler removal, first2Z and tail puncturing; supported n only"",""scrambling"":""public_PCG64_SHA256_protocol_session_frame_group_counter_after_rate_matching_v1"",""torch"":""2.11.0+cu128"",""version"":""2.2.0""},""interleaver_sha256"":""f7ed3ef1e2bd8f3dccad29adfdea4422b329e1ed02dd684bc5b6af7928030ff1"",""k"":640,""k_filler"":80,""k_ldpc"":720,""layout_id"":""2f7cee9c7649656e8d274033fa1c763a45fb11bc2aa6baaa312486ad3dd15fa1"",""modulation_padding_bits"":0,""mother_bits"":3744,""n"":1328,""n_cb"":3600,""n_cb_comp"":3520,""power_protocol"":""fixed_constellation_average_Es2"",""puncturing_bits"":2336,""puncturing_first_2Z"":144,""puncturing_remaining"":2192,""repetition_bits"":0,""scrambling"":""public_PCG64_SHA256_protocol_session_frame_group_counter_after_rate_matching_v1"",""shortening_bits"":80,""z"":72}",[1024]
16QAM,1/3,16QAM:r1/3,df36cfa632aa188ae800f7f1ed389b69062e61bda86fe8f694a2ad942f909f6b,732,16,0,748,800,52,4160,2864,716,0,0.2611731843575419,0.25558659217877094,"{""actual_effective_rate"":0.2611731843575419,""bg"":""bg2"",""bit_mapping"":""component_Gray_00_-3_01_-1_10_3_11_1_over_sqrt5;QPSK_0_plus1_1_minus1"",""code_blocks"":1,""decoder_config"":{""cn_schedule"":""flooding"",""cn_update"":""boxplus-phi"",""early_stop"":false,""hard_out"":true,""harq_mode"":false,""llr_max"":20.0,""num_iter"":20,""precision"":""single"",""prune_pcm"":true,""return_infobits"":true,""vn_update"":""sum""},""implementation"":{""bit_mapping"":""component_Gray_00_-3_01_-1_10_3_11_1_over_sqrt5;QPSK_0_plus1_1_minus1"",""cuda"":""12.8"",""decoder"":{""cn_schedule"":""flooding"",""cn_update"":""boxplus-phi"",""early_stop"":false,""hard_out"":true,""harq_mode"":false,""llr_max"":20.0,""num_iter"":20,""precision"":""single"",""prune_pcm"":true,""return_infobits"":true,""vn_update"":""sum""},""decoder_source_sha256"":""44d84b92b749e2970f94d92cd348a11648e2286b4d851faa0af8b21d08f0da23"",""encoder_source_sha256"":""34d8db6660b2e84708a8fb534f63c194f6f2b964e3693fcffc9dcaf21532ccfd"",""implementation"":""Sionna_5G_LDPC"",""power_protocol"":""fixed_constellation_average_Es2"",""precision"":""float32"",""rate_matching"":""Sionna RV0; filler removal, first2Z and tail puncturing; supported n only"",""scrambling"":""public_PCG64_SHA256_protocol_session_frame_group_counter_after_rate_matching_v1"",""torch"":""2.11.0+cu128"",""version"":""2.2.0""},""interleaver_sha256"":""76a31bad5b7846506e378a3a4481b0070dd65e946de6568567d96d7eae456db9"",""k"":748,""k_filler"":52,""k_ldpc"":800,""layout_id"":""c598a000e89e6a347779f99b7d1c99766b40423dd4c5e830109ac1957a449413"",""modulation_padding_bits"":0,""mother_bits"":4160,""n"":2864,""n_cb"":4000,""n_cb_comp"":3948,""power_protocol"":""fixed_constellation_average_Es2"",""puncturing_bits"":1244,""puncturing_first_2Z"":160,""puncturing_remaining"":1084,""repetition_bits"":0,""scrambling"":""public_PCG64_SHA256_protocol_session_frame_group_counter_after_rate_matching_v1"",""shortening_bits"":52,""z"":80}",[1024]
QPSK,5/6,QPSK:r5/6,df3bd5c3ddd505bb87782618d4e94f91431e8865a8bb51a863e3416582e8c71e,2760,16,0,2776,2816,40,8704,3960,1980,0,0.701010101010101,0.696969696969697,"{""actual_effective_rate"":0.701010101010101,""bg"":""bg1"",""bit_mapping"":""component_Gray_00_-3_01_-1_10_3_11_1_over_sqrt5;QPSK_0_plus1_1_minus1"",""code_blocks"":1,""decoder_config"":{""cn_schedule"":""flooding"",""cn_update"":""boxplus-phi"",""early_stop"":false,""hard_out"":true,""harq_mode"":false,""llr_max"":20.0,""num_iter"":20,""precision"":""single"",""prune_pcm"":true,""return_infobits"":true,""vn_update"":""sum""},""implementation"":{""bit_mapping"":""component_Gray_00_-3_01_-1_10_3_11_1_over_sqrt5;QPSK_0_plus1_1_minus1"",""cuda"":""12.8"",""decoder"":{""cn_schedule"":""flooding"",""cn_update"":""boxplus-phi"",""early_stop"":false,""hard_out"":true,""harq_mode"":false,""llr_max"":20.0,""num_iter"":20,""precision"":""single"",""prune_pcm"":true,""return_infobits"":true,""vn_update"":""sum""},""decoder_source_sha256"":""44d84b92b749e2970f94d92cd348a11648e2286b4d851faa0af8b21d08f0da23"",""encoder_source_sha256"":""34d8db6660b2e84708a8fb534f63c194f6f2b964e3693fcffc9dcaf21532ccfd"",""implementation"":""Sionna_5G_LDPC"",""power_protocol"":""fixed_constellation_average_Es2"",""precision"":""float32"",""rate_matching"":""Sionna RV0; filler removal, first2Z and tail puncturing; supported n only"",""scrambling"":""public_PCG64_SHA256_protocol_session_frame_group_counter_after_rate_matching_v1"",""torch"":""2.11.0+cu128"",""version"":""2.2.0""},""interleaver_sha256"":""e945ff01d0dea21cecfeae3f08a5f14826ff52fa3f299c81057d8b54d766f72d"",""k"":2776,""k_filler"":40,""k_ldpc"":2816,""layout_id"":""d3097b046cf23a515f87f266e80f891c9c0c0793ac0386d78c9ec69e474c36c4"",""modulation_padding_bits"":0,""mother_bits"":8704,""n"":3960,""n_cb"":8448,""n_cb_comp"":8408,""power_protocol"":""fixed_constellation_average_Es2"",""puncturing_bits"":4704,""puncturing_first_2Z"":256,""puncturing_remaining"":4448,""repetition_bits"":0,""scrambling"":""public_PCG64_SHA256_protocol_session_frame_group_counter_after_rate_matching_v1"",""shortening_bits"":40,""z"":128}",[2048]
16QAM,5/6,16QAM:r5/6,df40f01892ab4beb64f9028f0a29e2d4c664d6d9dc928061975b44d0d546d38a,6576,16,0,6592,7040,448,21760,7920,1980,0,0.8323232323232324,0.8303030303030303,"{""actual_effective_rate"":0.8323232323232324,""bg"":""bg1"",""bit_mapping"":""component_Gray_00_-3_01_-1_10_3_11_1_over_sqrt5;QPSK_0_plus1_1_minus1"",""code_blocks"":1,""decoder_config"":{""cn_schedule"":""flooding"",""cn_update"":""boxplus-phi"",""early_stop"":false,""hard_out"":true,""harq_mode"":false,""llr_max"":20.0,""num_iter"":20,""precision"":""single"",""prune_pcm"":true,""return_infobits"":true,""vn_update"":""sum""},""implementation"":{""bit_mapping"":""component_Gray_00_-3_01_-1_10_3_11_1_over_sqrt5;QPSK_0_plus1_1_minus1"",""cuda"":""12.8"",""decoder"":{""cn_schedule"":""flooding"",""cn_update"":""boxplus-phi"",""early_stop"":false,""hard_out"":true,""harq_mode"":false,""llr_max"":20.0,""num_iter"":20,""precision"":""single"",""prune_pcm"":true,""return_infobits"":true,""vn_update"":""sum""},""decoder_source_sha256"":""44d84b92b749e2970f94d92cd348a11648e2286b4d851faa0af8b21d08f0da23"",""encoder_source_sha256"":""34d8db6660b2e84708a8fb534f63c194f6f2b964e3693fcffc9dcaf21532ccfd"",""implementation"":""Sionna_5G_LDPC"",""power_protocol"":""fixed_constellation_average_Es2"",""precision"":""float32"",""rate_matching"":""Sionna RV0; filler removal, first2Z and tail puncturing; supported n only"",""scrambling"":""public_PCG64_SHA256_protocol_session_frame_group_counter_after_rate_matching_v1"",""torch"":""2.11.0+cu128"",""version"":""2.2.0""},""interleaver_sha256"":""bf29d57f104b46cfad97442eb8b05f15d543d1ba6069085098da1ce605aaeccb"",""k"":6592,""k_filler"":448,""k_ldpc"":7040,""layout_id"":""d335a819d5670ccac9ff6725419be0e20979f522b9c09dc64c16f1a7233313c8"",""modulation_padding_bits"":0,""mother_bits"":21760,""n"":7920,""n_cb"":21120,""n_cb_comp"":20672,""power_protocol"":""fixed_constellation_average_Es2"",""puncturing_bits"":13392,""puncturing_first_2Z"":640,""puncturing_remaining"":12752,""repetition_bits"":0,""scrambling"":""public_PCG64_SHA256_protocol_session_frame_group_counter_after_rate_matching_v1"",""shortening_bits"":448,""z"":320}",[2048]
16QAM,1/2,16QAM:r1/2,df430b9975e353439fece6369164bacf9bc6e1fe2c8c67661b33e94184d9e9fb,1092,16,0,1108,1120,12,5824,3436,859,0,0.3224679860302678,0.3178114086146682,"{""actual_effective_rate"":0.3224679860302678,""bg"":""bg2"",""bit_mapping"":""component_Gray_00_-3_01_-1_10_3_11_1_over_sqrt5;QPSK_0_plus1_1_minus1"",""code_blocks"":1,""decoder_config"":{""cn_schedule"":""flooding"",""cn_update"":""boxplus-phi"",""early_stop"":false,""hard_out"":true,""harq_mode"":false,""llr_max"":20.0,""num_iter"":20,""precision"":""single"",""prune_pcm"":true,""return_infobits"":true,""vn_update"":""sum""},""implementation"":{""bit_mapping"":""component_Gray_00_-3_01_-1_10_3_11_1_over_sqrt5;QPSK_0_plus1_1_minus1"",""cuda"":""12.8"",""decoder"":{""cn_schedule"":""flooding"",""cn_update"":""boxplus-phi"",""early_stop"":false,""hard_out"":true,""harq_mode"":false,""llr_max"":20.0,""num_iter"":20,""precision"":""single"",""prune_pcm"":true,""return_infobits"":true,""vn_update"":""sum""},""decoder_source_sha256"":""44d84b92b749e2970f94d92cd348a11648e2286b4d851faa0af8b21d08f0da23"",""encoder_source_sha256"":""34d8db6660b2e84708a8fb534f63c194f6f2b964e3693fcffc9dcaf21532ccfd"",""implementation"":""Sionna_5G_LDPC"",""power_protocol"":""fixed_constellation_average_Es2"",""precision"":""float32"",""rate_matching"":""Sionna RV0; filler removal, first2Z and tail puncturing; supported n only"",""scrambling"":""public_PCG64_SHA256_protocol_session_frame_group_counter_after_rate_matching_v1"",""torch"":""2.11.0+cu128"",""version"":""2.2.0""},""interleaver_sha256"":""6462313beba2bc93b74ec48793e2d8a2e0a3574353b30f6aada37dac6b1d8af4"",""k"":1108,""k_filler"":12,""k_ldpc"":1120,""layout_id"":""769a47dd75323054110ce2fad94ba28ecbd57e42584354fc1d639471516df700"",""modulation_padding_bits"":0,""mother_bits"":5824,""n"":3436,""n_cb"":5600,""n_cb_comp"":5588,""power_protocol"":""fixed_constellation_average_Es2"",""puncturing_bits"":2376,""puncturing_first_2Z"":224,""puncturing_remaining"":2152,""repetition_bits"":0,""scrambling"":""public_PCG64_SHA256_protocol_session_frame_group_counter_after_rate_matching_v1"",""shortening_bits"":12,""z"":112}","[1024,2048]"
16QAM,3/4,16QAM:r3/4,df4787bc8af9a08b0d695cc140e9c84c402184d6dc21b24c249fc638b29f2d02,1200,16,0,1216,1280,64,6656,2084,521,0,0.5834932821497121,0.5758157389635317,"{""actual_effective_rate"":0.5834932821497121,""bg"":""bg2"",""bit_mapping"":""component_Gray_00_-3_01_-1_10_3_11_1_over_sqrt5;QPSK_0_plus1_1_minus1"",""code_blocks"":1,""decoder_config"":{""cn_schedule"":""flooding"",""cn_update"":""boxplus-phi"",""early_stop"":false,""hard_out"":true,""harq_mode"":false,""llr_max"":20.0,""num_iter"":20,""precision"":""single"",""prune_pcm"":true,""return_infobits"":true,""vn_update"":""sum""},""implementation"":{""bit_mapping"":""component_Gray_00_-3_01_-1_10_3_11_1_over_sqrt5;QPSK_0_plus1_1_minus1"",""cuda"":""12.8"",""decoder"":{""cn_schedule"":""flooding"",""cn_update"":""boxplus-phi"",""early_stop"":false,""hard_out"":true,""harq_mode"":false,""llr_max"":20.0,""num_iter"":20,""precision"":""single"",""prune_pcm"":true,""return_infobits"":true,""vn_update"":""sum""},""decoder_source_sha256"":""44d84b92b749e2970f94d92cd348a11648e2286b4d851faa0af8b21d08f0da23"",""encoder_source_sha256"":""34d8db6660b2e84708a8fb534f63c194f6f2b964e3693fcffc9dcaf21532ccfd"",""implementation"":""Sionna_5G_LDPC"",""power_protocol"":""fixed_constellation_average_Es2"",""precision"":""float32"",""rate_matching"":""Sionna RV0; filler removal, first2Z and tail puncturing; supported n only"",""scrambling"":""public_PCG64_SHA256_protocol_session_frame_group_counter_after_rate_matching_v1"",""torch"":""2.11.0+cu128"",""version"":""2.2.0""},""interleaver_sha256"":""ac9e91a97aba80ddc9883d5283a83707e0ec32504079e7099de7870d83f9ad80"",""k"":1216,""k_filler"":64,""k_ldpc"":1280,""layout_id"":""fcac868564c1f40d93ff85fd44084cacd2b2d19e50258cfa433ecc01dba7ec50"",""modulation_padding_bits"":0,""mother_bits"":6656,""n"":2084,""n_cb"":6400,""n_cb_comp"":6336,""power_protocol"":""fixed_constellation_average_Es2"",""puncturing_bits"":4508,""puncturing_first_2Z"":256,""puncturing_remaining"":4252,""repetition_bits"":0,""scrambling"":""public_PCG64_SHA256_protocol_session_frame_group_counter_after_rate_matching_v1"",""shortening_bits"":64,""z"":128}",[1024]
16QAM,2/3,16QAM:r2/3,df4915e4e2a845f9cc630f6a0a2de0917d6bf6fff6af448e695f62a398c31f24,3708,16,0,3724,3840,116,19968,5640,1410,0,0.6602836879432624,0.6574468085106383,"{""actual_effective_rate"":0.6602836879432624,""bg"":""bg2"",""bit_mapping"":""component_Gray_00_-3_01_-1_10_3_11_1_over_sqrt5;QPSK_0_plus1_1_minus1"",""code_blocks"":1,""decoder_config"":{""cn_schedule"":""flooding"",""cn_update"":""boxplus-phi"",""early_stop"":false,""hard_out"":true,""harq_mode"":false,""llr_max"":20.0,""num_iter"":20,""precision"":""single"",""prune_pcm"":true,""return_infobits"":true,""vn_update"":""sum""},""implementation"":{""bit_mapping"":""component_Gray_00_-3_01_-1_10_3_11_1_over_sqrt5;QPSK_0_plus1_1_minus1"",""cuda"":""12.8"",""decoder"":{""cn_schedule"":""flooding"",""cn_update"":""boxplus-phi"",""early_stop"":false,""hard_out"":true,""harq_mode"":false,""llr_max"":20.0,""num_iter"":20,""precision"":""single"",""prune_pcm"":true,""return_infobits"":true,""vn_update"":""sum""},""decoder_source_sha256"":""44d84b92b749e2970f94d92cd348a11648e2286b4d851faa0af8b21d08f0da23"",""encoder_source_sha256"":""34d8db6660b2e84708a8fb534f63c194f6f2b964e3693fcffc9dcaf21532ccfd"",""implementation"":""Sionna_5G_LDPC"",""power_protocol"":""fixed_constellation_average_Es2"",""precision"":""float32"",""rate_matching"":""Sionna RV0; filler removal, first2Z and tail puncturing; supported n only"",""scrambling"":""public_PCG64_SHA256_protocol_session_frame_group_counter_after_rate_matching_v1"",""torch"":""2.11.0+cu128"",""version"":""2.2.0""},""interleaver_sha256"":""1313d4f503e6ab6169790a6d1f106b9c541dee34625fb169dd3a7e6257acfa65"",""k"":3724,""k_filler"":116,""k_ldpc"":3840,""layout_id"":""9eee61bb1d85990c486379175a5d40eebcce21e7ff00f860da3ae157ab41ab97"",""modulation_padding_bits"":0,""mother_bits"":19968,""n"":5640,""n_cb"":19200,""n_cb_comp"":19084,""power_protocol"":""fixed_constellation_average_Es2"",""puncturing_bits"":14212,""puncturing_first_2Z"":768,""puncturing_remaining"":13444,""repetition_bits"":0,""scrambling"":""public_PCG64_SHA256_protocol_session_frame_group_counter_after_rate_matching_v1"",""shortening_bits"":116,""z"":384}",[2048]
16QAM,2/3,16QAM:r2/3,df511a9194580ac83176ec5f86c1358daeecc16532dfeb6c755836e3b10ad0dd,660,16,0,676,720,44,3744,1212,303,0,0.5577557755775577,0.5445544554455446,"{""actual_effective_rate"":0.5577557755775577,""bg"":""bg2"",""bit_mapping"":""component_Gray_00_-3_01_-1_10_3_11_1_over_sqrt5;QPSK_0_plus1_1_minus1"",""code_blocks"":1,""decoder_config"":{""cn_schedule"":""flooding"",""cn_update"":""boxplus-phi"",""early_stop"":false,""hard_out"":true,""harq_mode"":false,""llr_max"":20.0,""num_iter"":20,""precision"":""single"",""prune_pcm"":true,""return_infobits"":true,""vn_update"":""sum""},""implementation"":{""bit_mapping"":""component_Gray_00_-3_01_-1_10_3_11_1_over_sqrt5;QPSK_0_plus1_1_minus1"",""cuda"":""12.8"",""decoder"":{""cn_schedule"":""flooding"",""cn_update"":""boxplus-phi"",""early_stop"":false,""hard_out"":true,""harq_mode"":false,""llr_max"":20.0,""num_iter"":20,""precision"":""single"",""prune_pcm"":true,""return_infobits"":true,""vn_update"":""sum""},""decoder_source_sha256"":""44d84b92b749e2970f94d92cd348a11648e2286b4d851faa0af8b21d08f0da23"",""encoder_source_sha256"":""34d8db6660b2e84708a8fb534f63c194f6f2b964e3693fcffc9dcaf21532ccfd"",""implementation"":""Sionna_5G_LDPC"",""power_protocol"":""fixed_constellation_average_Es2"",""precision"":""float32"",""rate_matching"":""Sionna RV0; filler removal, first2Z and tail puncturing; supported n only"",""scrambling"":""public_PCG64_SHA256_protocol_session_frame_group_counter_after_rate_matching_v1"",""torch"":""2.11.0+cu128"",""version"":""2.2.0""},""interleaver_sha256"":""1ee145bc869c181b919d1b8e689c0c894910a6e91df01d1c31866d99ba30041b"",""k"":676,""k_filler"":44,""k_ldpc"":720,""layout_id"":""55ffb28d46993e90fb957daa9c11505c39aa14314eabda3822b866831e568c07"",""modulation_padding_bits"":0,""mother_bits"":3744,""n"":1212,""n_cb"":3600,""n_cb_comp"":3556,""power_protocol"":""fixed_constellation_average_Es2"",""puncturing_bits"":2488,""puncturing_first_2Z"":144,""puncturing_remaining"":2344,""repetition_bits"":0,""scrambling"":""public_PCG64_SHA256_protocol_session_frame_group_counter_after_rate_matching_v1"",""shortening_bits"":44,""z"":72}",[2048]
16QAM,3/4,16QAM:r3/4,df6aaaa721707dfafbb06a4b0f94cf3274d868bdbc577610c6534dd069a3b9ba,1092,16,0,1108,1144,36,3536,1552,388,0,0.7139175257731959,0.7036082474226805,"{""actual_effective_rate"":0.7139175257731959,""bg"":""bg1"",""bit_mapping"":""component_Gray_00_-3_01_-1_10_3_11_1_over_sqrt5;QPSK_0_plus1_1_minus1"",""code_blocks"":1,""decoder_config"":{""cn_schedule"":""flooding"",""cn_update"":""boxplus-phi"",""early_stop"":false,""hard_out"":true,""harq_mode"":false,""llr_max"":20.0,""num_iter"":20,""precision"":""single"",""prune_pcm"":true,""return_infobits"":true,""vn_update"":""sum""},""implementation"":{""bit_mapping"":""component_Gray_00_-3_01_-1_10_3_11_1_over_sqrt5;QPSK_0_plus1_1_minus1"",""cuda"":""12.8"",""decoder"":{""cn_schedule"":""flooding"",""cn_update"":""boxplus-phi"",""early_stop"":false,""hard_out"":true,""harq_mode"":false,""llr_max"":20.0,""num_iter"":20,""precision"":""single"",""prune_pcm"":true,""return_infobits"":true,""vn_update"":""sum""},""decoder_source_sha256"":""44d84b92b749e2970f94d92cd348a11648e2286b4d851faa0af8b21d08f0da23"",""encoder_source_sha256"":""34d8db6660b2e84708a8fb534f63c194f6f2b964e3693fcffc9dcaf21532ccfd"",""implementation"":""Sionna_5G_LDPC"",""power_protocol"":""fixed_constellation_average_Es2"",""precision"":""float32"",""rate_matching"":""Sionna RV0; filler removal, first2Z and tail puncturing; supported n only"",""scrambling"":""public_PCG64_SHA256_protocol_session_frame_group_counter_after_rate_matching_v1"",""torch"":""2.11.0+cu128"",""version"":""2.2.0""},""interleaver_sha256"":""bd990b43c4daa92a8226af788368d59a55fc7725321569be15314c5c6850da3d"",""k"":1108,""k_filler"":36,""k_ldpc"":1144,""layout_id"":""3e83cff132ec5e7cc7fa4357c06e8d5ec29bf021143fc9ca75b107378451461a"",""modulation_padding_bits"":0,""mother_bits"":3536,""n"":1552,""n_cb"":3432,""n_cb_comp"":3396,""power_protocol"":""fixed_constellation_average_Es2"",""puncturing_bits"":1948,""puncturing_first_2Z"":104,""puncturing_remaining"":1844,""repetition_bits"":0,""scrambling"":""public_PCG64_SHA256_protocol_session_frame_group_counter_after_rate_matching_v1"",""shortening_bits"":36,""z"":52}",[1024]
QPSK,3/4,QPSK:r3/4,df783478fb950071dc6b98f4336dba2f8d71c5bdd8480f5ef12eceff4dbe719d,360,16,0,376,480,104,2496,1172,586,0,0.32081911262798635,0.30716723549488056,"{""actual_effective_rate"":0.32081911262798635,""bg"":""bg2"",""bit_mapping"":""component_Gray_00_-3_01_-1_10_3_11_1_over_sqrt5;QPSK_0_plus1_1_minus1"",""code_blocks"":1,""decoder_config"":{""cn_schedule"":""flooding"",""cn_update"":""boxplus-phi"",""early_stop"":false,""hard_out"":true,""harq_mode"":false,""llr_max"":20.0,""num_iter"":20,""precision"":""single"",""prune_pcm"":true,""return_infobits"":true,""vn_update"":""sum""},""implementation"":{""bit_mapping"":""component_Gray_00_-3_01_-1_10_3_11_1_over_sqrt5;QPSK_0_plus1_1_minus1"",""cuda"":""12.8"",""decoder"":{""cn_schedule"":""flooding"",""cn_update"":""boxplus-phi"",""early_stop"":false,""hard_out"":true,""harq_mode"":false,""llr_max"":20.0,""num_iter"":20,""precision"":""single"",""prune_pcm"":true,""return_infobits"":true,""vn_update"":""sum""},""decoder_source_sha256"":""44d84b92b749e2970f94d92cd348a11648e2286b4d851faa0af8b21d08f0da23"",""encoder_source_sha256"":""34d8db6660b2e84708a8fb534f63c194f6f2b964e3693fcffc9dcaf21532ccfd"",""implementation"":""Sionna_5G_LDPC"",""power_protocol"":""fixed_constellation_average_Es2"",""precision"":""float32"",""rate_matching"":""Sionna RV0; filler removal, first2Z and tail puncturing; supported n only"",""scrambling"":""public_PCG64_SHA256_protocol_session_frame_group_counter_after_rate_matching_v1"",""torch"":""2.11.0+cu128"",""version"":""2.2.0""},""interleaver_sha256"":""f00ab03ddf5d95008539d8f152c709ce6ef05ce694dd82514be999b9692af59d"",""k"":376,""k_filler"":104,""k_ldpc"":480,""layout_id"":""f88752e205e73fe8ce5af18e55e0a1f8360c72346466a0b80c246b5b5794ff1a"",""modulation_padding_bits"":0,""mother_bits"":2496,""n"":1172,""n_cb"":2400,""n_cb_comp"":2296,""power_protocol"":""fixed_constellation_average_Es2"",""puncturing_bits"":1220,""puncturing_first_2Z"":96,""puncturing_remaining"":1124,""repetition_bits"":0,""scrambling"":""public_PCG64_SHA256_protocol_session_frame_group_counter_after_rate_matching_v1"",""shortening_bits"":104,""z"":48}",[1024]
16QAM,2/3,16QAM:r2/3,df8218129326d54a0d0d91ade3b44bf4f8ddd151fc45737572212eecf2deda61,2100,16,0,2116,2240,124,11648,4628,1157,0,0.45721694036300775,0.45375972342264476,"{""actual_effective_rate"":0.45721694036300775,""bg"":""bg2"",""bit_mapping"":""component_Gray_00_-3_01_-1_10_3_11_1_over_sqrt5;QPSK_0_plus1_1_minus1"",""code_blocks"":1,""decoder_config"":{""cn_schedule"":""flooding"",""cn_update"":""boxplus-phi"",""early_stop"":false,""hard_out"":true,""harq_mode"":false,""llr_max"":20.0,""num_iter"":20,""precision"":""single"",""prune_pcm"":true,""return_infobits"":true,""vn_update"":""sum""},""implementation"":{""bit_mapping"":""component_Gray_00_-3_01_-1_10_3_11_1_over_sqrt5;QPSK_0_plus1_1_minus1"",""cuda"":""12.8"",""decoder"":{""cn_schedule"":""flooding"",""cn_update"":""boxplus-phi"",""early_stop"":false,""hard_out"":true,""harq_mode"":false,""llr_max"":20.0,""num_iter"":20,""precision"":""single"",""prune_pcm"":true,""return_infobits"":true,""vn_update"":""sum""},""decoder_source_sha256"":""44d84b92b749e2970f94d92cd348a11648e2286b4d851faa0af8b21d08f0da23"",""encoder_source_sha256"":""34d8db6660b2e84708a8fb534f63c194f6f2b964e3693fcffc9dcaf21532ccfd"",""implementation"":""Sionna_5G_LDPC"",""power_protocol"":""fixed_constellation_average_Es2"",""precision"":""float32"",""rate_matching"":""Sionna RV0; filler removal, first2Z and tail puncturing; supported n only"",""scrambling"":""public_PCG64_SHA256_protocol_session_frame_group_counter_after_rate_matching_v1"",""torch"":""2.11.0+cu128"",""version"":""2.2.0""},""interleaver_sha256"":""61f7afb6693a513260c5c5004b3a40d7eb9bbc5a8aee8bb32eee6f9f87a45013"",""k"":2116,""k_filler"":124,""k_ldpc"":2240,""layout_id"":""d9bb807f5185db3de77417a9c684bd5dc4373e93e0a11e61df25a2bc367e533e"",""modulation_padding_bits"":0,""mother_bits"":11648,""n"":4628,""n_cb"":11200,""n_cb_comp"":11076,""power_protocol"":""fixed_constellation_average_Es2"",""puncturing_bits"":6896,""puncturing_first_2Z"":448,""puncturing_remaining"":6448,""repetition_bits"":0,""scrambling"":""public_PCG64_SHA256_protocol_session_frame_group_counter_after_rate_matching_v1"",""shortening_bits"":124,""z"":224}",[2048]
QPSK,3/4,QPSK:r3/4,df8b8edb7b298ecd630d7e63a2059f4b34563c2c3cdb4c59abdd851b284d9f4d,660,16,0,676,720,44,3744,2548,1274,0,0.2653061224489796,0.25902668759811615,"{""actual_effective_rate"":0.2653061224489796,""bg"":""bg2"",""bit_mapping"":""component_Gray_00_-3_01_-1_10_3_11_1_over_sqrt5;QPSK_0_plus1_1_minus1"",""code_blocks"":1,""decoder_config"":{""cn_schedule"":""flooding"",""cn_update"":""boxplus-phi"",""early_stop"":false,""hard_out"":true,""harq_mode"":false,""llr_max"":20.0,""num_iter"":20,""precision"":""single"",""prune_pcm"":true,""return_infobits"":true,""vn_update"":""sum""},""implementation"":{""bit_mapping"":""component_Gray_00_-3_01_-1_10_3_11_1_over_sqrt5;QPSK_0_plus1_1_minus1"",""cuda"":""12.8"",""decoder"":{""cn_schedule"":""flooding"",""cn_update"":""boxplus-phi"",""early_stop"":false,""hard_out"":true,""harq_mode"":false,""llr_max"":20.0,""num_iter"":20,""precision"":""single"",""prune_pcm"":true,""return_infobits"":true,""vn_update"":""sum""},""decoder_source_sha256"":""44d84b92b749e2970f94d92cd348a11648e2286b4d851faa0af8b21d08f0da23"",""encoder_source_sha256"":""34d8db6660b2e84708a8fb534f63c194f6f2b964e3693fcffc9dcaf21532ccfd"",""implementation"":""Sionna_5G_LDPC"",""power_protocol"":""fixed_constellation_average_Es2"",""precision"":""float32"",""rate_matching"":""Sionna RV0; filler removal, first2Z and tail puncturing; supported n only"",""scrambling"":""public_PCG64_SHA256_protocol_session_frame_group_counter_after_rate_matching_v1"",""torch"":""2.11.0+cu128"",""version"":""2.2.0""},""interleaver_sha256"":""06dd5c7b37619c08b2e81c93fe81ac2afe7d7d1e5b6aa128a55a3dec54419915"",""k"":676,""k_filler"":44,""k_ldpc"":720,""layout_id"":""a65670ebd53a793f0b594227ff1201b3579e5bf76d239e7f478d31325e58bb63"",""modulation_padding_bits"":0,""mother_bits"":3744,""n"":2548,""n_cb"":3600,""n_cb_comp"":3556,""power_protocol"":""fixed_constellation_average_Es2"",""puncturing_bits"":1152,""puncturing_first_2Z"":144,""puncturing_remaining"":1008,""repetition_bits"":0,""scrambling"":""public_PCG64_SHA256_protocol_session_frame_group_counter_after_rate_matching_v1"",""shortening_bits"":44,""z"":72}",[2048]
16QAM,3/4,16QAM:r3/4,df8d97f028d42cc48badf81b9161aa62f4d5b58df3118c2cd5d0e0aa6267023a,1092,16,0,1108,1120,12,5824,2420,605,0,0.4578512396694215,0.4512396694214876,"{""actual_effective_rate"":0.4578512396694215,""bg"":""bg2"",""bit_mapping"":""component_Gray_00_-3_01_-1_10_3_11_1_over_sqrt5;QPSK_0_plus1_1_minus1"",""code_blocks"":1,""decoder_config"":{""cn_schedule"":""flooding"",""cn_update"":""boxplus-phi"",""early_stop"":false,""hard_out"":true,""harq_mode"":false,""llr_max"":20.0,""num_iter"":20,""precision"":""single"",""prune_pcm"":true,""return_infobits"":true,""vn_update"":""sum""},""implementation"":{""bit_mapping"":""component_Gray_00_-3_01_-1_10_3_11_1_over_sqrt5;QPSK_0_plus1_1_minus1"",""cuda"":""12.8"",""decoder"":{""cn_schedule"":""flooding"",""cn_update"":""boxplus-phi"",""early_stop"":false,""hard_out"":true,""harq_mode"":false,""llr_max"":20.0,""num_iter"":20,""precision"":""single"",""prune_pcm"":true,""return_infobits"":true,""vn_update"":""sum""},""decoder_source_sha256"":""44d84b92b749e2970f94d92cd348a11648e2286b4d851faa0af8b21d08f0da23"",""encoder_source_sha256"":""34d8db6660b2e84708a8fb534f63c194f6f2b964e3693fcffc9dcaf21532ccfd"",""implementation"":""Sionna_5G_LDPC"",""power_protocol"":""fixed_constellation_average_Es2"",""precision"":""float32"",""rate_matching"":""Sionna RV0; filler removal, first2Z and tail puncturing; supported n only"",""scrambling"":""public_PCG64_SHA256_protocol_session_frame_group_counter_after_rate_matching_v1"",""torch"":""2.11.0+cu128"",""version"":""2.2.0""},""interleaver_sha256"":""62b2cba661f394aedda05e58a79375d44430bb7ce4313de476e773ded6b44f53"",""k"":1108,""k_filler"":12,""k_ldpc"":1120,""layout_id"":""e80ea637bddeaad8eb468f40f7c7aff4a2857a09ad9ae97a86b48754daad0bcf"",""modulation_padding_bits"":0,""mother_bits"":5824,""n"":2420,""n_cb"":5600,""n_cb_comp"":5588,""power_protocol"":""fixed_constellation_average_Es2"",""puncturing_bits"":3392,""puncturing_first_2Z"":224,""puncturing_remaining"":3168,""repetition_bits"":0,""scrambling"":""public_PCG64_SHA256_protocol_session_frame_group_counter_after_rate_matching_v1"",""shortening_bits"":12,""z"":112}",[2048]
16QAM,2/3,16QAM:r2/3,df8f21c1b9d3762757a328a2e024fd77b6f91bfd69a99dddafe1862d93966c45,1860,16,0,1876,1920,44,9984,3684,921,0,0.509229098805646,0.504885993485342,"{""actual_effective_rate"":0.509229098805646,""bg"":""bg2"",""bit_mapping"":""component_Gray_00_-3_01_-1_10_3_11_1_over_sqrt5;QPSK_0_plus1_1_minus1"",""code_blocks"":1,""decoder_config"":{""cn_schedule"":""flooding"",""cn_update"":""boxplus-phi"",""early_stop"":false,""hard_out"":true,""harq_mode"":false,""llr_max"":20.0,""num_iter"":20,""precision"":""single"",""prune_pcm"":true,""return_infobits"":true,""vn_update"":""sum""},""implementation"":{""bit_mapping"":""component_Gray_00_-3_01_-1_10_3_11_1_over_sqrt5;QPSK_0_plus1_1_minus1"",""cuda"":""12.8"",""decoder"":{""cn_schedule"":""flooding"",""cn_update"":""boxplus-phi"",""early_stop"":false,""hard_out"":true,""harq_mode"":false,""llr_max"":20.0,""num_iter"":20,""precision"":""single"",""prune_pcm"":true,""return_infobits"":true,""vn_update"":""sum""},""decoder_source_sha256"":""44d84b92b749e2970f94d92cd348a11648e2286b4d851faa0af8b21d08f0da23"",""encoder_source_sha256"":""34d8db6660b2e84708a8fb534f63c194f6f2b964e3693fcffc9dcaf21532ccfd"",""implementation"":""Sionna_5G_LDPC"",""power_protocol"":""fixed_constellation_average_Es2"",""precision"":""float32"",""rate_matching"":""Sionna RV0; filler removal, first2Z and tail puncturing; supported n only"",""scrambling"":""public_PCG64_SHA256_protocol_session_frame_group_counter_after_rate_matching_v1"",""torch"":""2.11.0+cu128"",""version"":""2.2.0""},""interleaver_sha256"":""2b984f704066667af89da87af777f7be50669608316b0c031d5dbaaef8155324"",""k"":1876,""k_filler"":44,""k_ldpc"":1920,""layout_id"":""78680e925ad1c92c7da6b910cf51cc5405524715b42f165358d046decac10b5a"",""modulation_padding_bits"":0,""mother_bits"":9984,""n"":3684,""n_cb"":9600,""n_cb_comp"":9556,""power_protocol"":""fixed_constellation_average_Es2"",""puncturing_bits"":6256,""puncturing_first_2Z"":384,""puncturing_remaining"":5872,""repetition_bits"":0,""scrambling"":""public_PCG64_SHA256_protocol_session_frame_group_counter_after_rate_matching_v1"",""shortening_bits"":44,""z"":192}",[2048]
16QAM,1/2,16QAM:r1/2,df91feaca7ad0ecc3ab59c9461d7e2604b9001d96dc8458d344ee15e4c7e7cc6,1200,16,0,1216,1280,64,6656,5584,1396,0,0.2177650429799427,0.2148997134670487,"{""actual_effective_rate"":0.2177650429799427,""bg"":""bg2"",""bit_mapping"":""component_Gray_00_-3_01_-1_10_3_11_1_over_sqrt5;QPSK_0_plus1_1_minus1"",""code_blocks"":1,""decoder_config"":{""cn_schedule"":""flooding"",""cn_update"":""boxplus-phi"",""early_stop"":false,""hard_out"":true,""harq_mode"":false,""llr_max"":20.0,""num_iter"":20,""precision"":""single"",""prune_pcm"":true,""return_infobits"":true,""vn_update"":""sum""},""implementation"":{""bit_mapping"":""component_Gray_00_-3_01_-1_10_3_11_1_over_sqrt5;QPSK_0_plus1_1_minus1"",""cuda"":""12.8"",""decoder"":{""cn_schedule"":""flooding"",""cn_update"":""boxplus-phi"",""early_stop"":false,""hard_out"":true,""harq_mode"":false,""llr_max"":20.0,""num_iter"":20,""precision"":""single"",""prune_pcm"":true,""return_infobits"":true,""vn_update"":""sum""},""decoder_source_sha256"":""44d84b92b749e2970f94d92cd348a11648e2286b4d851faa0af8b21d08f0da23"",""encoder_source_sha256"":""34d8db6660b2e84708a8fb534f63c194f6f2b964e3693fcffc9dcaf21532ccfd"",""implementation"":""Sionna_5G_LDPC"",""power_protocol"":""fixed_constellation_average_Es2"",""precision"":""float32"",""rate_matching"":""Sionna RV0; filler removal, first2Z and tail puncturing; supported n only"",""scrambling"":""public_PCG64_SHA256_protocol_session_frame_group_counter_after_rate_matching_v1"",""torch"":""2.11.0+cu128"",""version"":""2.2.0""},""interleaver_sha256"":""296722b2aab68b9c618a59c09251c82c64d650340eaa5fc944e7513fde4fa4a5"",""k"":1216,""k_filler"":64,""k_ldpc"":1280,""layout_id"":""89b6ca8de16e1b8f7acaa2dffdce7e4b15342e7a9b4fa89a339d1f143e8a8f67"",""modulation_padding_bits"":0,""mother_bits"":6656,""n"":5584,""n_cb"":6400,""n_cb_comp"":6336,""power_protocol"":""fixed_constellation_average_Es2"",""puncturing_bits"":1008,""puncturing_first_2Z"":256,""puncturing_remaining"":752,""repetition_bits"":0,""scrambling"":""public_PCG64_SHA256_protocol_session_frame_group_counter_after_rate_matching_v1"",""shortening_bits"":64,""z"":128}",[2048]
QPSK,5/6,QPSK:r5/6,df9821d03ee8abeebc464e32d060e4d6265382c4bbed144f5a13229bf95d045b,876,16,0,892,968,76,2992,1076,538,0,0.828996282527881,0.8141263940520446,"{""actual_effective_rate"":0.828996282527881,""bg"":""bg1"",""bit_mapping"":""component_Gray_00_-3_01_-1_10_3_11_1_over_sqrt5;QPSK_0_plus1_1_minus1"",""code_blocks"":1,""decoder_config"":{""cn_schedule"":""flooding"",""cn_update"":""boxplus-phi"",""early_stop"":false,""hard_out"":true,""harq_mode"":false,""llr_max"":20.0,""num_iter"":20,""precision"":""single"",""prune_pcm"":true,""return_infobits"":true,""vn_update"":""sum""},""implementation"":{""bit_mapping"":""component_Gray_00_-3_01_-1_10_3_11_1_over_sqrt5;QPSK_0_plus1_1_minus1"",""cuda"":""12.8"",""decoder"":{""cn_schedule"":""flooding"",""cn_update"":""boxplus-phi"",""early_stop"":false,""hard_out"":true,""harq_mode"":false,""llr_max"":20.0,""num_iter"":20,""precision"":""single"",""prune_pcm"":true,""return_infobits"":true,""vn_update"":""sum""},""decoder_source_sha256"":""44d84b92b749e2970f94d92cd348a11648e2286b4d851faa0af8b21d08f0da23"",""encoder_source_sha256"":""34d8db6660b2e84708a8fb534f63c194f6f2b964e3693fcffc9dcaf21532ccfd"",""implementation"":""Sionna_5G_LDPC"",""power_protocol"":""fixed_constellation_average_Es2"",""precision"":""float32"",""rate_matching"":""Sionna RV0; filler removal, first2Z and tail puncturing; supported n only"",""scrambling"":""public_PCG64_SHA256_protocol_session_frame_group_counter_after_rate_matching_v1"",""torch"":""2.11.0+cu128"",""version"":""2.2.0""},""interleaver_sha256"":""4baff546e6da3803e3cb34e0e990b3797a706c3ebaf7290fd75960a93b30e22f"",""k"":892,""k_filler"":76,""k_ldpc"":968,""layout_id"":""b0dd97e7043f5bfecca9944b8c723a91476cee7365e49c7026cd7bb2144f082b"",""modulation_padding_bits"":0,""mother_bits"":2992,""n"":1076,""n_cb"":2904,""n_cb_comp"":2828,""power_protocol"":""fixed_constellation_average_Es2"",""puncturing_bits"":1840,""puncturing_first_2Z"":88,""puncturing_remaining"":1752,""repetition_bits"":0,""scrambling"":""public_PCG64_SHA256_protocol_session_frame_group_counter_after_rate_matching_v1"",""shortening_bits"":76,""z"":44}",[1024]
16QAM,2/3,16QAM:r2/3,dfbbb73ae0dd655b5fc8a759f12b144ebdd0eca0867b80549250fa0aac11ade2,660,16,0,676,720,44,3744,1860,465,0,0.3634408602150538,0.3548387096774194,"{""actual_effective_rate"":0.3634408602150538,""bg"":""bg2"",""bit_mapping"":""component_Gray_00_-3_01_-1_10_3_11_1_over_sqrt5;QPSK_0_plus1_1_minus1"",""code_blocks"":1,""decoder_config"":{""cn_schedule"":""flooding"",""cn_update"":""boxplus-phi"",""early_stop"":false,""hard_out"":true,""harq_mode"":false,""llr_max"":20.0,""num_iter"":20,""precision"":""single"",""prune_pcm"":true,""return_infobits"":true,""vn_update"":""sum""},""implementation"":{""bit_mapping"":""component_Gray_00_-3_01_-1_10_3_11_1_over_sqrt5;QPSK_0_plus1_1_minus1"",""cuda"":""12.8"",""decoder"":{""cn_schedule"":""flooding"",""cn_update"":""boxplus-phi"",""early_stop"":false,""hard_out"":true,""harq_mode"":false,""llr_max"":20.0,""num_iter"":20,""precision"":""single"",""prune_pcm"":true,""return_infobits"":true,""vn_update"":""sum""},""decoder_source_sha256"":""44d84b92b749e2970f94d92cd348a11648e2286b4d851faa0af8b21d08f0da23"",""encoder_source_sha256"":""34d8db6660b2e84708a8fb534f63c194f6f2b964e3693fcffc9dcaf21532ccfd"",""implementation"":""Sionna_5G_LDPC"",""power_protocol"":""fixed_constellation_average_Es2"",""precision"":""float32"",""rate_matching"":""Sionna RV0; filler removal, first2Z and tail puncturing; supported n only"",""scrambling"":""public_PCG64_SHA256_protocol_session_frame_group_counter_after_rate_matching_v1"",""torch"":""2.11.0+cu128"",""version"":""2.2.0""},""interleaver_sha256"":""5a0e9c8fe301c304c2066a5cdfd25fd0b2e90c7a11d21c8b55d3c17e14074ee1"",""k"":676,""k_filler"":44,""k_ldpc"":720,""layout_id"":""3680a5e83be60e727bc0c51dd37dacf9c203ab055fcac5f7c1ace09e33e7e9e1"",""modulation_padding_bits"":0,""mother_bits"":3744,""n"":1860,""n_cb"":3600,""n_cb_comp"":3556,""power_protocol"":""fixed_constellation_average_Es2"",""puncturing_bits"":1840,""puncturing_first_2Z"":144,""puncturing_remaining"":1696,""repetition_bits"":0,""scrambling"":""public_PCG64_SHA256_protocol_session_frame_group_counter_after_rate_matching_v1"",""shortening_bits"":44,""z"":72}",[1024]
QPSK,3/4,QPSK:r3/4,dfbf193c9958087faf548fcbb70bc613f1f72999697c227970334f9cc0803530,660,16,0,676,720,44,3744,2270,1135,0,0.29779735682819386,0.2907488986784141,"{""actual_effective_rate"":0.29779735682819386,""bg"":""bg2"",""bit_mapping"":""component_Gray_00_-3_01_-1_10_3_11_1_over_sqrt5;QPSK_0_plus1_1_minus1"",""code_blocks"":1,""decoder_config"":{""cn_schedule"":""flooding"",""cn_update"":""boxplus-phi"",""early_stop"":false,""hard_out"":true,""harq_mode"":false,""llr_max"":20.0,""num_iter"":20,""precision"":""single"",""prune_pcm"":true,""return_infobits"":true,""vn_update"":""sum""},""implementation"":{""bit_mapping"":""component_Gray_00_-3_01_-1_10_3_11_1_over_sqrt5;QPSK_0_plus1_1_minus1"",""cuda"":""12.8"",""decoder"":{""cn_schedule"":""flooding"",""cn_update"":""boxplus-phi"",""early_stop"":false,""hard_out"":true,""harq_mode"":false,""llr_max"":20.0,""num_iter"":20,""precision"":""single"",""prune_pcm"":true,""return_infobits"":true,""vn_update"":""sum""},""decoder_source_sha256"":""44d84b92b749e2970f94d92cd348a11648e2286b4d851faa0af8b21d08f0da23"",""encoder_source_sha256"":""34d8db6660b2e84708a8fb534f63c194f6f2b964e3693fcffc9dcaf21532ccfd"",""implementation"":""Sionna_5G_LDPC"",""power_protocol"":""fixed_constellation_average_Es2"",""precision"":""float32"",""rate_matching"":""Sionna RV0; filler removal, first2Z and tail puncturing; supported n only"",""scrambling"":""public_PCG64_SHA256_protocol_session_frame_group_counter_after_rate_matching_v1"",""torch"":""2.11.0+cu128"",""version"":""2.2.0""},""interleaver_sha256"":""5de2e2d16ac763b9545761ca894e38e57a07d92852d2ef08ec910ed697e5732d"",""k"":676,""k_filler"":44,""k_ldpc"":720,""layout_id"":""027bb67e604b8e7bad14fe21c51632540d00f8cd4d29581c0d96f65afcc66fb5"",""modulation_padding_bits"":0,""mother_bits"":3744,""n"":2270,""n_cb"":3600,""n_cb_comp"":3556,""power_protocol"":""fixed_constellation_average_Es2"",""puncturing_bits"":1430,""puncturing_first_2Z"":144,""puncturing_remaining"":1286,""repetition_bits"":0,""scrambling"":""public_PCG64_SHA256_protocol_session_frame_group_counter_after_rate_matching_v1"",""shortening_bits"":44,""z"":72}",[2048]
QPSK,5/6,QPSK:r5/6,dfc1cbdc2de6f36acd3bf9c966275c0990ae89739c7cd6a5526a30feddd344da,2964,16,0,2980,3168,188,9792,3576,1788,0,0.8333333333333334,0.8288590604026845,"{""actual_effective_rate"":0.8333333333333334,""bg"":""bg1"",""bit_mapping"":""component_Gray_00_-3_01_-1_10_3_11_1_over_sqrt5;QPSK_0_plus1_1_minus1"",""code_blocks"":1,""decoder_config"":{""cn_schedule"":""flooding"",""cn_update"":""boxplus-phi"",""early_stop"":false,""hard_out"":true,""harq_mode"":false,""llr_max"":20.0,""num_iter"":20,""precision"":""single"",""prune_pcm"":true,""return_infobits"":true,""vn_update"":""sum""},""implementation"":{""bit_mapping"":""component_Gray_00_-3_01_-1_10_3_11_1_over_sqrt5;QPSK_0_plus1_1_minus1"",""cuda"":""12.8"",""decoder"":{""cn_schedule"":""flooding"",""cn_update"":""boxplus-phi"",""early_stop"":false,""hard_out"":true,""harq_mode"":false,""llr_max"":20.0,""num_iter"":20,""precision"":""single"",""prune_pcm"":true,""return_infobits"":true,""vn_update"":""sum""},""decoder_source_sha256"":""44d84b92b749e2970f94d92cd348a11648e2286b4d851faa0af8b21d08f0da23"",""encoder_source_sha256"":""34d8db6660b2e84708a8fb534f63c194f6f2b964e3693fcffc9dcaf21532ccfd"",""implementation"":""Sionna_5G_LDPC"",""power_protocol"":""fixed_constellation_average_Es2"",""precision"":""float32"",""rate_matching"":""Sionna RV0; filler removal, first2Z and tail puncturing; supported n only"",""scrambling"":""public_PCG64_SHA256_protocol_session_frame_group_counter_after_rate_matching_v1"",""torch"":""2.11.0+cu128"",""version"":""2.2.0""},""interleaver_sha256"":""f580cfc4c171e2808c11374bc1998e263f6e24cdf71551fbe1ccbd7c3e7baade"",""k"":2980,""k_filler"":188,""k_ldpc"":3168,""layout_id"":""8e4432cf8d0520f14af45627f38a1b61e1d0677ee7920755be2a1d0268c455de"",""modulation_padding_bits"":0,""mother_bits"":9792,""n"":3576,""n_cb"":9504,""n_cb_comp"":9316,""power_protocol"":""fixed_constellation_average_Es2"",""puncturing_bits"":6028,""puncturing_first_2Z"":288,""puncturing_remaining"":5740,""repetition_bits"":0,""scrambling"":""public_PCG64_SHA256_protocol_session_frame_group_counter_after_rate_matching_v1"",""shortening_bits"":188,""z"":144}",[2048]
16QAM,3/4,16QAM:r3/4,dfc850cb45838710e2505f41590bd6527f98409d578b4063d40c84ec8dfccc5f,1668,16,0,1684,1760,76,9152,3988,997,0,0.4222668004012036,0.4182547642928786,"{""actual_effective_rate"":0.4222668004012036,""bg"":""bg2"",""bit_mapping"":""component_Gray_00_-3_01_-1_10_3_11_1_over_sqrt5;QPSK_0_plus1_1_minus1"",""code_blocks"":1,""decoder_config"":{""cn_schedule"":""flooding"",""cn_update"":""boxplus-phi"",""early_stop"":false,""hard_out"":true,""harq_mode"":false,""llr_max"":20.0,""num_iter"":20,""precision"":""single"",""prune_pcm"":true,""return_infobits"":true,""vn_update"":""sum""},""implementation"":{""bit_mapping"":""component_Gray_00_-3_01_-1_10_3_11_1_over_sqrt5;QPSK_0_plus1_1_minus1"",""cuda"":""12.8"",""decoder"":{""cn_schedule"":""flooding"",""cn_update"":""boxplus-phi"",""early_stop"":false,""hard_out"":true,""harq_mode"":false,""llr_max"":20.0,""num_iter"":20,""precision"":""single"",""prune_pcm"":true,""return_infobits"":true,""vn_update"":""sum""},""decoder_source_sha256"":""44d84b92b749e2970f94d92cd348a11648e2286b4d851faa0af8b21d08f0da23"",""encoder_source_sha256"":""34d8db6660b2e84708a8fb534f63c194f6f2b964e3693fcffc9dcaf21532ccfd"",""implementation"":""Sionna_5G_LDPC"",""power_protocol"":""fixed_constellation_average_Es2"",""precision"":""float32"",""rate_matching"":""Sionna RV0; filler removal, first2Z and tail puncturing; supported n only"",""scrambling"":""public_PCG64_SHA256_protocol_session_frame_group_counter_after_rate_matching_v1"",""torch"":""2.11.0+cu128"",""version"":""2.2.0""},""interleaver_sha256"":""dae525f908aae1d2926353bbc34c6b213dec7e044d4a6d4d99d8fa87d6507352"",""k"":1684,""k_filler"":76,""k_ldpc"":1760,""layout_id"":""fc4bf891f452562ab62e914147f5921245c54273b1009783e103aa18062d9261"",""modulation_padding_bits"":0,""mother_bits"":9152,""n"":3988,""n_cb"":8800,""n_cb_comp"":8724,""power_protocol"":""fixed_constellation_average_Es2"",""puncturing_bits"":5088,""puncturing_first_2Z"":352,""puncturing_remaining"":4736,""repetition_bits"":0,""scrambling"":""public_PCG64_SHA256_protocol_session_frame_group_counter_after_rate_matching_v1"",""shortening_bits"":76,""z"":176}",[2048]
QPSK,1/3,QPSK:r1/3,dfcb902d78b5db54724093562ca30c1f55d342ebc7fe595e31af417bd18c9647,660,16,0,676,720,44,3744,3236,1618,0,0.2088998763906057,0.20395550061804696,"{""actual_effective_rate"":0.2088998763906057,""bg"":""bg2"",""bit_mapping"":""component_Gray_00_-3_01_-1_10_3_11_1_over_sqrt5;QPSK_0_plus1_1_minus1"",""code_blocks"":1,""decoder_config"":{""cn_schedule"":""flooding"",""cn_update"":""boxplus-phi"",""early_stop"":false,""hard_out"":true,""harq_mode"":false,""llr_max"":20.0,""num_iter"":20,""precision"":""single"",""prune_pcm"":true,""return_infobits"":true,""vn_update"":""sum""},""implementation"":{""bit_mapping"":""component_Gray_00_-3_01_-1_10_3_11_1_over_sqrt5;QPSK_0_plus1_1_minus1"",""cuda"":""12.8"",""decoder"":{""cn_schedule"":""flooding"",""cn_update"":""boxplus-phi"",""early_stop"":false,""hard_out"":true,""harq_mode"":false,""llr_max"":20.0,""num_iter"":20,""precision"":""single"",""prune_pcm"":true,""return_infobits"":true,""vn_update"":""sum""},""decoder_source_sha256"":""44d84b92b749e2970f94d92cd348a11648e2286b4d851faa0af8b21d08f0da23"",""encoder_source_sha256"":""34d8db6660b2e84708a8fb534f63c194f6f2b964e3693fcffc9dcaf21532ccfd"",""implementation"":""Sionna_5G_LDPC"",""power_protocol"":""fixed_constellation_average_Es2"",""precision"":""float32"",""rate_matching"":""Sionna RV0; filler removal, first2Z and tail puncturing; supported n only"",""scrambling"":""public_PCG64_SHA256_protocol_session_frame_group_counter_after_rate_matching_v1"",""torch"":""2.11.0+cu128"",""version"":""2.2.0""},""interleaver_sha256"":""c84540936eff30eda177fd9c682fa0dec7bd38eb3db45582bb260de340a1560c"",""k"":676,""k_filler"":44,""k_ldpc"":720,""layout_id"":""445b95e31e88b4767652ba6918755164d3c2a20513ea2f2f2ed8211e1e23e7d8"",""modulation_padding_bits"":0,""mother_bits"":3744,""n"":3236,""n_cb"":3600,""n_cb_comp"":3556,""power_protocol"":""fixed_constellation_average_Es2"",""puncturing_bits"":464,""puncturing_first_2Z"":144,""puncturing_remaining"":320,""repetition_bits"":0,""scrambling"":""public_PCG64_SHA256_protocol_session_frame_group_counter_after_rate_matching_v1"",""shortening_bits"":44,""z"":72}",[2048]
16QAM,5/6,16QAM:r5/6,dfde5985dc0ecd52c6627a2df87e8d4ad71167f9571af72f0521fe04ab8eba3f,660,16,0,676,720,44,3744,1236,309,0,0.5469255663430421,0.5339805825242718,"{""actual_effective_rate"":0.5469255663430421,""bg"":""bg2"",""bit_mapping"":""component_Gray_00_-3_01_-1_10_3_11_1_over_sqrt5;QPSK_0_plus1_1_minus1"",""code_blocks"":1,""decoder_config"":{""cn_schedule"":""flooding"",""cn_update"":""boxplus-phi"",""early_stop"":false,""hard_out"":true,""harq_mode"":false,""llr_max"":20.0,""num_iter"":20,""precision"":""single"",""prune_pcm"":true,""return_infobits"":true,""vn_update"":""sum""},""implementation"":{""bit_mapping"":""component_Gray_00_-3_01_-1_10_3_11_1_over_sqrt5;QPSK_0_plus1_1_minus1"",""cuda"":""12.8"",""decoder"":{""cn_schedule"":""flooding"",""cn_update"":""boxplus-phi"",""early_stop"":false,""hard_out"":true,""harq_mode"":false,""llr_max"":20.0,""num_iter"":20,""precision"":""single"",""prune_pcm"":true,""return_infobits"":true,""vn_update"":""sum""},""decoder_source_sha256"":""44d84b92b749e2970f94d92cd348a11648e2286b4d851faa0af8b21d08f0da23"",""encoder_source_sha256"":""34d8db6660b2e84708a8fb534f63c194f6f2b964e3693fcffc9dcaf21532ccfd"",""implementation"":""Sionna_5G_LDPC"",""power_protocol"":""fixed_constellation_average_Es2"",""precision"":""float32"",""rate_matching"":""Sionna RV0; filler removal, first2Z and tail puncturing; supported n only"",""scrambling"":""public_PCG64_SHA256_protocol_session_frame_group_counter_after_rate_matching_v1"",""torch"":""2.11.0+cu128"",""version"":""2.2.0""},""interleaver_sha256"":""7a232c39bd37152045f2cf2f316cae2c5f6a5622aac2b2b8e4d88b323142491c"",""k"":676,""k_filler"":44,""k_ldpc"":720,""layout_id"":""2e76792b1fdc7246df8177b05bfc247f2d33cf97939a4a39417e893fd1896f8e"",""modulation_padding_bits"":0,""mother_bits"":3744,""n"":1236,""n_cb"":3600,""n_cb_comp"":3556,""power_protocol"":""fixed_constellation_average_Es2"",""puncturing_bits"":2464,""puncturing_first_2Z"":144,""puncturing_remaining"":2320,""repetition_bits"":0,""scrambling"":""public_PCG64_SHA256_protocol_session_frame_group_counter_after_rate_matching_v1"",""shortening_bits"":44,""z"":72}",[1024]
16QAM,1/2,16QAM:r1/2,dfe1ddeea20c4ba7d10e72076e22740f36c24808c5781d46e1d129f8b1735377,2100,16,0,2116,2240,124,11648,6384,1596,0,0.33145363408521306,0.32894736842105265,"{""actual_effective_rate"":0.33145363408521306,""bg"":""bg2"",""bit_mapping"":""component_Gray_00_-3_01_-1_10_3_11_1_over_sqrt5;QPSK_0_plus1_1_minus1"",""code_blocks"":1,""decoder_config"":{""cn_schedule"":""flooding"",""cn_update"":""boxplus-phi"",""early_stop"":false,""hard_out"":true,""harq_mode"":false,""llr_max"":20.0,""num_iter"":20,""precision"":""single"",""prune_pcm"":true,""return_infobits"":true,""vn_update"":""sum""},""implementation"":{""bit_mapping"":""component_Gray_00_-3_01_-1_10_3_11_1_over_sqrt5;QPSK_0_plus1_1_minus1"",""cuda"":""12.8"",""decoder"":{""cn_schedule"":""flooding"",""cn_update"":""boxplus-phi"",""early_stop"":false,""hard_out"":true,""harq_mode"":false,""llr_max"":20.0,""num_iter"":20,""precision"":""single"",""prune_pcm"":true,""return_infobits"":true,""vn_update"":""sum""},""decoder_source_sha256"":""44d84b92b749e2970f94d92cd348a11648e2286b4d851faa0af8b21d08f0da23"",""encoder_source_sha256"":""34d8db6660b2e84708a8fb534f63c194f6f2b964e3693fcffc9dcaf21532ccfd"",""implementation"":""Sionna_5G_LDPC"",""power_protocol"":""fixed_constellation_average_Es2"",""precision"":""float32"",""rate_matching"":""Sionna RV0; filler removal, first2Z and tail puncturing; supported n only"",""scrambling"":""public_PCG64_SHA256_protocol_session_frame_group_counter_after_rate_matching_v1"",""torch"":""2.11.0+cu128"",""version"":""2.2.0""},""interleaver_sha256"":""ec09395f94db2e063484cf972f7409669681d0df3ce076fd9f6dcaf968417635"",""k"":2116,""k_filler"":124,""k_ldpc"":2240,""layout_id"":""7faf640675af6262a16e8ba572772b3a09e6e233456e35248cecc0c896ded79a"",""modulation_padding_bits"":0,""mother_bits"":11648,""n"":6384,""n_cb"":11200,""n_cb_comp"":11076,""power_protocol"":""fixed_constellation_average_Es2"",""puncturing_bits"":5140,""puncturing_first_2Z"":448,""puncturing_remaining"":4692,""repetition_bits"":0,""scrambling"":""public_PCG64_SHA256_protocol_session_frame_group_counter_after_rate_matching_v1"",""shortening_bits"":124,""z"":224}",[2048]
16QAM,3/4,16QAM:r3/4,dfe580fbd84039bda8bea3bf6d07229b8c2ecab2e6a0259674c30b3fe14b21c5,1800,16,0,1816,1920,104,9984,6424,1606,0,0.28268991282689915,0.28019925280199254,"{""actual_effective_rate"":0.28268991282689915,""bg"":""bg2"",""bit_mapping"":""component_Gray_00_-3_01_-1_10_3_11_1_over_sqrt5;QPSK_0_plus1_1_minus1"",""code_blocks"":1,""decoder_config"":{""cn_schedule"":""flooding"",""cn_update"":""boxplus-phi"",""early_stop"":false,""hard_out"":true,""harq_mode"":false,""llr_max"":20.0,""num_iter"":20,""precision"":""single"",""prune_pcm"":true,""return_infobits"":true,""vn_update"":""sum""},""implementation"":{""bit_mapping"":""component_Gray_00_-3_01_-1_10_3_11_1_over_sqrt5;QPSK_0_plus1_1_minus1"",""cuda"":""12.8"",""decoder"":{""cn_schedule"":""flooding"",""cn_update"":""boxplus-phi"",""early_stop"":false,""hard_out"":true,""harq_mode"":false,""llr_max"":20.0,""num_iter"":20,""precision"":""single"",""prune_pcm"":true,""return_infobits"":true,""vn_update"":""sum""},""decoder_source_sha256"":""44d84b92b749e2970f94d92cd348a11648e2286b4d851faa0af8b21d08f0da23"",""encoder_source_sha256"":""34d8db6660b2e84708a8fb534f63c194f6f2b964e3693fcffc9dcaf21532ccfd"",""implementation"":""Sionna_5G_LDPC"",""power_protocol"":""fixed_constellation_average_Es2"",""precision"":""float32"",""rate_matching"":""Sionna RV0; filler removal, first2Z and tail puncturing; supported n only"",""scrambling"":""public_PCG64_SHA256_protocol_session_frame_group_counter_after_rate_matching_v1"",""torch"":""2.11.0+cu128"",""version"":""2.2.0""},""interleaver_sha256"":""07015b18ada5e1c3692e5106e1b9d9746d086ba95e38cbcee3a36f267b590dfd"",""k"":1816,""k_filler"":104,""k_ldpc"":1920,""layout_id"":""9ef6cf349affc9678f0648b5a15cbc96f67003c5e525f37409ad60d421064dd8"",""modulation_padding_bits"":0,""mother_bits"":9984,""n"":6424,""n_cb"":9600,""n_cb_comp"":9496,""power_protocol"":""fixed_constellation_average_Es2"",""puncturing_bits"":3456,""puncturing_first_2Z"":384,""puncturing_remaining"":3072,""repetition_bits"":0,""scrambling"":""public_PCG64_SHA256_protocol_session_frame_group_counter_after_rate_matching_v1"",""shortening_bits"":104,""z"":192}",[2048]
16QAM,5/6,16QAM:r5/6,dfe79730d57df96a4d42729cfd69ce3dc1b5efa57c62bc0e37d2fd0d9ea5f4b3,3708,16,0,3724,3840,116,19968,6464,1616,0,0.5761138613861386,0.5736386138613861,"{""actual_effective_rate"":0.5761138613861386,""bg"":""bg2"",""bit_mapping"":""component_Gray_00_-3_01_-1_10_3_11_1_over_sqrt5;QPSK_0_plus1_1_minus1"",""code_blocks"":1,""decoder_config"":{""cn_schedule"":""flooding"",""cn_update"":""boxplus-phi"",""early_stop"":false,""hard_out"":true,""harq_mode"":false,""llr_max"":20.0,""num_iter"":20,""precision"":""single"",""prune_pcm"":true,""return_infobits"":true,""vn_update"":""sum""},""implementation"":{""bit_mapping"":""component_Gray_00_-3_01_-1_10_3_11_1_over_sqrt5;QPSK_0_plus1_1_minus1"",""cuda"":""12.8"",""decoder"":{""cn_schedule"":""flooding"",""cn_update"":""boxplus-phi"",""early_stop"":false,""hard_out"":true,""harq_mode"":false,""llr_max"":20.0,""num_iter"":20,""precision"":""single"",""prune_pcm"":true,""return_infobits"":true,""vn_update"":""sum""},""decoder_source_sha256"":""44d84b92b749e2970f94d92cd348a11648e2286b4d851faa0af8b21d08f0da23"",""encoder_source_sha256"":""34d8db6660b2e84708a8fb534f63c194f6f2b964e3693fcffc9dcaf21532ccfd"",""implementation"":""Sionna_5G_LDPC"",""power_protocol"":""fixed_constellation_average_Es2"",""precision"":""float32"",""rate_matching"":""Sionna RV0; filler removal, first2Z and tail puncturing; supported n only"",""scrambling"":""public_PCG64_SHA256_protocol_session_frame_group_counter_after_rate_matching_v1"",""torch"":""2.11.0+cu128"",""version"":""2.2.0""},""interleaver_sha256"":""f90b7a1f3ef58f77e49369f458b0947c2dd025c027217b108694458c563ed281"",""k"":3724,""k_filler"":116,""k_ldpc"":3840,""layout_id"":""cd043f2a131e7acb92f408e7c5e784caeab3fbad0bab6e3394fbd5e8b924e001"",""modulation_padding_bits"":0,""mother_bits"":19968,""n"":6464,""n_cb"":19200,""n_cb_comp"":19084,""power_protocol"":""fixed_constellation_average_Es2"",""puncturing_bits"":13388,""puncturing_first_2Z"":768,""puncturing_remaining"":12620,""repetition_bits"":0,""scrambling"":""public_PCG64_SHA256_protocol_session_frame_group_counter_after_rate_matching_v1"",""shortening_bits"":116,""z"":384}",[2048]
QPSK,3/4,QPSK:r3/4,dff00eb766e8bf21ed6e75f59e606e22e815c6f3f187a3b83183c0cc3c9f6f15,1092,16,0,1108,1120,12,5824,1674,837,0,0.6618876941457587,0.6523297491039427,"{""actual_effective_rate"":0.6618876941457587,""bg"":""bg2"",""bit_mapping"":""component_Gray_00_-3_01_-1_10_3_11_1_over_sqrt5;QPSK_0_plus1_1_minus1"",""code_blocks"":1,""decoder_config"":{""cn_schedule"":""flooding"",""cn_update"":""boxplus-phi"",""early_stop"":false,""hard_out"":true,""harq_mode"":false,""llr_max"":20.0,""num_iter"":20,""precision"":""single"",""prune_pcm"":true,""return_infobits"":true,""vn_update"":""sum""},""implementation"":{""bit_mapping"":""component_Gray_00_-3_01_-1_10_3_11_1_over_sqrt5;QPSK_0_plus1_1_minus1"",""cuda"":""12.8"",""decoder"":{""cn_schedule"":""flooding"",""cn_update"":""boxplus-phi"",""early_stop"":false,""hard_out"":true,""harq_mode"":false,""llr_max"":20.0,""num_iter"":20,""precision"":""single"",""prune_pcm"":true,""return_infobits"":true,""vn_update"":""sum""},""decoder_source_sha256"":""44d84b92b749e2970f94d92cd348a11648e2286b4d851faa0af8b21d08f0da23"",""encoder_source_sha256"":""34d8db6660b2e84708a8fb534f63c194f6f2b964e3693fcffc9dcaf21532ccfd"",""implementation"":""Sionna_5G_LDPC"",""power_protocol"":""fixed_constellation_average_Es2"",""precision"":""float32"",""rate_matching"":""Sionna RV0; filler removal, first2Z and tail puncturing; supported n only"",""scrambling"":""public_PCG64_SHA256_protocol_session_frame_group_counter_after_rate_matching_v1"",""torch"":""2.11.0+cu128"",""version"":""2.2.0""},""interleaver_sha256"":""de3efa0ef0ffc6bfbc2137f416c72172327ae90bebe78ee6ef98f5360c12857f"",""k"":1108,""k_filler"":12,""k_ldpc"":1120,""layout_id"":""17c113519462e9aa3adc45d3c17847b62ee2854ec9e4dfb608d1828272a824aa"",""modulation_padding_bits"":0,""mother_bits"":5824,""n"":1674,""n_cb"":5600,""n_cb_comp"":5588,""power_protocol"":""fixed_constellation_average_Es2"",""puncturing_bits"":4138,""puncturing_first_2Z"":224,""puncturing_remaining"":3914,""repetition_bits"":0,""scrambling"":""public_PCG64_SHA256_protocol_session_frame_group_counter_after_rate_matching_v1"",""shortening_bits"":12,""z"":112}",[2048]
16QAM,2/3,16QAM:r2/3,dff99178e9aa658f293db478ea98748f7ab6e9d59980f20aad86e2fa8ad0883a,660,16,0,676,720,44,3744,2520,630,0,0.26825396825396824,0.2619047619047619,"{""actual_effective_rate"":0.26825396825396824,""bg"":""bg2"",""bit_mapping"":""component_Gray_00_-3_01_-1_10_3_11_1_over_sqrt5;QPSK_0_plus1_1_minus1"",""code_blocks"":1,""decoder_config"":{""cn_schedule"":""flooding"",""cn_update"":""boxplus-phi"",""early_stop"":false,""hard_out"":true,""harq_mode"":false,""llr_max"":20.0,""num_iter"":20,""precision"":""single"",""prune_pcm"":true,""return_infobits"":true,""vn_update"":""sum""},""implementation"":{""bit_mapping"":""component_Gray_00_-3_01_-1_10_3_11_1_over_sqrt5;QPSK_0_plus1_1_minus1"",""cuda"":""12.8"",""decoder"":{""cn_schedule"":""flooding"",""cn_update"":""boxplus-phi"",""early_stop"":false,""hard_out"":true,""harq_mode"":false,""llr_max"":20.0,""num_iter"":20,""precision"":""single"",""prune_pcm"":true,""return_infobits"":true,""vn_update"":""sum""},""decoder_source_sha256"":""44d84b92b749e2970f94d92cd348a11648e2286b4d851faa0af8b21d08f0da23"",""encoder_source_sha256"":""34d8db6660b2e84708a8fb534f63c194f6f2b964e3693fcffc9dcaf21532ccfd"",""implementation"":""Sionna_5G_LDPC"",""power_protocol"":""fixed_constellation_average_Es2"",""precision"":""float32"",""rate_matching"":""Sionna RV0; filler removal, first2Z and tail puncturing; supported n only"",""scrambling"":""public_PCG64_SHA256_protocol_session_frame_group_counter_after_rate_matching_v1"",""torch"":""2.11.0+cu128"",""version"":""2.2.0""},""interleaver_sha256"":""1dbd45e65a7cb732eac4458bca54e4546ffe0548d346c422505686f0f56dd05b"",""k"":676,""k_filler"":44,""k_ldpc"":720,""layout_id"":""b05d7f0f7f06894f75d72ee0ba886f429dd245cc4f6e8f68decb815a520bfb29"",""modulation_padding_bits"":0,""mother_bits"":3744,""n"":2520,""n_cb"":3600,""n_cb_comp"":3556,""power_protocol"":""fixed_constellation_average_Es2"",""puncturing_bits"":1180,""puncturing_first_2Z"":144,""puncturing_remaining"":1036,""repetition_bits"":0,""scrambling"":""public_PCG64_SHA256_protocol_session_frame_group_counter_after_rate_matching_v1"",""shortening_bits"":44,""z"":72}",[2048]
QPSK,2/3,QPSK:r2/3,e00a3c93c04a0f7d19a914adc34fc80c8fa38abc6b62e57672af99e641d40e33,660,16,0,676,720,44,3744,1592,796,0,0.42462311557788945,0.41457286432160806,"{""actual_effective_rate"":0.42462311557788945,""bg"":""bg2"",""bit_mapping"":""component_Gray_00_-3_01_-1_10_3_11_1_over_sqrt5;QPSK_0_plus1_1_minus1"",""code_blocks"":1,""decoder_config"":{""cn_schedule"":""flooding"",""cn_update"":""boxplus-phi"",""early_stop"":false,""hard_out"":true,""harq_mode"":false,""llr_max"":20.0,""num_iter"":20,""precision"":""single"",""prune_pcm"":true,""return_infobits"":true,""vn_update"":""sum""},""implementation"":{""bit_mapping"":""component_Gray_00_-3_01_-1_10_3_11_1_over_sqrt5;QPSK_0_plus1_1_minus1"",""cuda"":""12.8"",""decoder"":{""cn_schedule"":""flooding"",""cn_update"":""boxplus-phi"",""early_stop"":false,""hard_out"":true,""harq_mode"":false,""llr_max"":20.0,""num_iter"":20,""precision"":""single"",""prune_pcm"":true,""return_infobits"":true,""vn_update"":""sum""},""decoder_source_sha256"":""44d84b92b749e2970f94d92cd348a11648e2286b4d851faa0af8b21d08f0da23"",""encoder_source_sha256"":""34d8db6660b2e84708a8fb534f63c194f6f2b964e3693fcffc9dcaf21532ccfd"",""implementation"":""Sionna_5G_LDPC"",""power_protocol"":""fixed_constellation_average_Es2"",""precision"":""float32"",""rate_matching"":""Sionna RV0; filler removal, first2Z and tail puncturing; supported n only"",""scrambling"":""public_PCG64_SHA256_protocol_session_frame_group_counter_after_rate_matching_v1"",""torch"":""2.11.0+cu128"",""version"":""2.2.0""},""interleaver_sha256"":""b1bd0eaf8077f65ddc34c97e61d66584db5dc148f0e615ca2a63a07681c1cbab"",""k"":676,""k_filler"":44,""k_ldpc"":720,""layout_id"":""c44cd5c94cc456e6997370eed31ea1e18fdfdf9afa055b6e004174fc032b5801"",""modulation_padding_bits"":0,""mother_bits"":3744,""n"":1592,""n_cb"":3600,""n_cb_comp"":3556,""power_protocol"":""fixed_constellation_average_Es2"",""puncturing_bits"":2108,""puncturing_first_2Z"":144,""puncturing_remaining"":1964,""repetition_bits"":0,""scrambling"":""public_PCG64_SHA256_protocol_session_frame_group_counter_after_rate_matching_v1"",""shortening_bits"":44,""z"":72}",[1024]
QPSK,5/6,QPSK:r5/6,e0170852eec411c34a7a2106de68d0ce8870e1d1367174aa4d7e848b69632f43,660,16,0,676,720,44,3744,1932,966,0,0.3498964803312629,0.3416149068322981,"{""actual_effective_rate"":0.3498964803312629,""bg"":""bg2"",""bit_mapping"":""component_Gray_00_-3_01_-1_10_3_11_1_over_sqrt5;QPSK_0_plus1_1_minus1"",""code_blocks"":1,""decoder_config"":{""cn_schedule"":""flooding"",""cn_update"":""boxplus-phi"",""early_stop"":false,""hard_out"":true,""harq_mode"":false,""llr_max"":20.0,""num_iter"":20,""precision"":""single"",""prune_pcm"":true,""return_infobits"":true,""vn_update"":""sum""},""implementation"":{""bit_mapping"":""component_Gray_00_-3_01_-1_10_3_11_1_over_sqrt5;QPSK_0_plus1_1_minus1"",""cuda"":""12.8"",""decoder"":{""cn_schedule"":""flooding"",""cn_update"":""boxplus-phi"",""early_stop"":false,""hard_out"":true,""harq_mode"":false,""llr_max"":20.0,""num_iter"":20,""precision"":""single"",""prune_pcm"":true,""return_infobits"":true,""vn_update"":""sum""},""decoder_source_sha256"":""44d84b92b749e2970f94d92cd348a11648e2286b4d851faa0af8b21d08f0da23"",""encoder_source_sha256"":""34d8db6660b2e84708a8fb534f63c194f6f2b964e3693fcffc9dcaf21532ccfd"",""implementation"":""Sionna_5G_LDPC"",""power_protocol"":""fixed_constellation_average_Es2"",""precision"":""float32"",""rate_matching"":""Sionna RV0; filler removal, first2Z and tail puncturing; supported n only"",""scrambling"":""public_PCG64_SHA256_protocol_session_frame_group_counter_after_rate_matching_v1"",""torch"":""2.11.0+cu128"",""version"":""2.2.0""},""interleaver_sha256"":""76b1e15bf7bb9ae261ee86ca52a59854c3604de52ed95914dfbdaccd95d2be3e"",""k"":676,""k_filler"":44,""k_ldpc"":720,""layout_id"":""93ed9c23b19cb008e3902f9d39cbcffca4fee2a4a052d14cc7279a779a7fdc23"",""modulation_padding_bits"":0,""mother_bits"":3744,""n"":1932,""n_cb"":3600,""n_cb_comp"":3556,""power_protocol"":""fixed_constellation_average_Es2"",""puncturing_bits"":1768,""puncturing_first_2Z"":144,""puncturing_remaining"":1624,""repetition_bits"":0,""scrambling"":""public_PCG64_SHA256_protocol_session_frame_group_counter_after_rate_matching_v1"",""shortening_bits"":44,""z"":72}",[2048]
QPSK,2/3,QPSK:r2/3,e02ae429cd0fb5d3466022c931e168d717721086e17a1ad585d32fa33ae44e2d,1092,16,0,1108,1120,12,5824,1700,850,0,0.6517647058823529,0.6423529411764706,"{""actual_effective_rate"":0.6517647058823529,""bg"":""bg2"",""bit_mapping"":""component_Gray_00_-3_01_-1_10_3_11_1_over_sqrt5;QPSK_0_plus1_1_minus1"",""code_blocks"":1,""decoder_config"":{""cn_schedule"":""flooding"",""cn_update"":""boxplus-phi"",""early_stop"":false,""hard_out"":true,""harq_mode"":false,""llr_max"":20.0,""num_iter"":20,""precision"":""single"",""prune_pcm"":true,""return_infobits"":true,""vn_update"":""sum""},""implementation"":{""bit_mapping"":""component_Gray_00_-3_01_-1_10_3_11_1_over_sqrt5;QPSK_0_plus1_1_minus1"",""cuda"":""12.8"",""decoder"":{""cn_schedule"":""flooding"",""cn_update"":""boxplus-phi"",""early_stop"":false,""hard_out"":true,""harq_mode"":false,""llr_max"":20.0,""num_iter"":20,""precision"":""single"",""prune_pcm"":true,""return_infobits"":true,""vn_update"":""sum""},""decoder_source_sha256"":""44d84b92b749e2970f94d92cd348a11648e2286b4d851faa0af8b21d08f0da23"",""encoder_source_sha256"":""34d8db6660b2e84708a8fb534f63c194f6f2b964e3693fcffc9dcaf21532ccfd"",""implementation"":""Sionna_5G_LDPC"",""power_protocol"":""fixed_constellation_average_Es2"",""precision"":""float32"",""rate_matching"":""Sionna RV0; filler removal, first2Z and tail puncturing; supported n only"",""scrambling"":""public_PCG64_SHA256_protocol_session_frame_group_counter_after_rate_matching_v1"",""torch"":""2.11.0+cu128"",""version"":""2.2.0""},""interleaver_sha256"":""953912923121d6f066f63f48292af7d57d21719fb37e529a245f2fd2c80a5a72"",""k"":1108,""k_filler"":12,""k_ldpc"":1120,""layout_id"":""1d0bcf67da00eb400f01e7e26d647aa65f307912fece2eb853df2056c3359c43"",""modulation_padding_bits"":0,""mother_bits"":5824,""n"":1700,""n_cb"":5600,""n_cb_comp"":5588,""power_protocol"":""fixed_constellation_average_Es2"",""puncturing_bits"":4112,""puncturing_first_2Z"":224,""puncturing_remaining"":3888,""repetition_bits"":0,""scrambling"":""public_PCG64_SHA256_protocol_session_frame_group_counter_after_rate_matching_v1"",""shortening_bits"":12,""z"":112}",[1024]
QPSK,1/2,QPSK:r1/2,e0327942ba05804f16f6502a5514a9e33286c4f3be655d3cfd64f45a036c7a1c,660,16,0,676,720,44,3744,1726,863,0,0.39165701042873696,0.3823870220162225,"{""actual_effective_rate"":0.39165701042873696,""bg"":""bg2"",""bit_mapping"":""component_Gray_00_-3_01_-1_10_3_11_1_over_sqrt5;QPSK_0_plus1_1_minus1"",""code_blocks"":1,""decoder_config"":{""cn_schedule"":""flooding"",""cn_update"":""boxplus-phi"",""early_stop"":false,""hard_out"":true,""harq_mode"":false,""llr_max"":20.0,""num_iter"":20,""precision"":""single"",""prune_pcm"":true,""return_infobits"":true,""vn_update"":""sum""},""implementation"":{""bit_mapping"":""component_Gray_00_-3_01_-1_10_3_11_1_over_sqrt5;QPSK_0_plus1_1_minus1"",""cuda"":""12.8"",""decoder"":{""cn_schedule"":""flooding"",""cn_update"":""boxplus-phi"",""early_stop"":false,""hard_out"":true,""harq_mode"":false,""llr_max"":20.0,""num_iter"":20,""precision"":""single"",""prune_pcm"":true,""return_infobits"":true,""vn_update"":""sum""},""decoder_source_sha256"":""44d84b92b749e2970f94d92cd348a11648e2286b4d851faa0af8b21d08f0da23"",""encoder_source_sha256"":""34d8db6660b2e84708a8fb534f63c194f6f2b964e3693fcffc9dcaf21532ccfd"",""implementation"":""Sionna_5G_LDPC"",""power_protocol"":""fixed_constellation_average_Es2"",""precision"":""float32"",""rate_matching"":""Sionna RV0; filler removal, first2Z and tail puncturing; supported n only"",""scrambling"":""public_PCG64_SHA256_protocol_session_frame_group_counter_after_rate_matching_v1"",""torch"":""2.11.0+cu128"",""version"":""2.2.0""},""interleaver_sha256"":""343b7f72cab269a1af88ae7659aaf283775f603f4f2e5fba0b9d51ed7df769f3"",""k"":676,""k_filler"":44,""k_ldpc"":720,""layout_id"":""b203952c7fc8f81adf18acfb5faccbee7ebafc85aa1ade2de4c9e9022fc11dfa"",""modulation_padding_bits"":0,""mother_bits"":3744,""n"":1726,""n_cb"":3600,""n_cb_comp"":3556,""power_protocol"":""fixed_constellation_average_Es2"",""puncturing_bits"":1974,""puncturing_first_2Z"":144,""puncturing_remaining"":1830,""repetition_bits"":0,""scrambling"":""public_PCG64_SHA256_protocol_session_frame_group_counter_after_rate_matching_v1"",""shortening_bits"":44,""z"":72}",[2048]
16QAM,1/2,16QAM:r1/2,e0503ada10f05f9413bc4dfedf3113949545ae9e419ce7246a86e6e185e7bcd1,816,16,0,832,880,48,4576,2372,593,0,0.35075885328836426,0.3440134907251265,"{""actual_effective_rate"":0.35075885328836426,""bg"":""bg2"",""bit_mapping"":""component_Gray_00_-3_01_-1_10_3_11_1_over_sqrt5;QPSK_0_plus1_1_minus1"",""code_blocks"":1,""decoder_config"":{""cn_schedule"":""flooding"",""cn_update"":""boxplus-phi"",""early_stop"":false,""hard_out"":true,""harq_mode"":false,""llr_max"":20.0,""num_iter"":20,""precision"":""single"",""prune_pcm"":true,""return_infobits"":true,""vn_update"":""sum""},""implementation"":{""bit_mapping"":""component_Gray_00_-3_01_-1_10_3_11_1_over_sqrt5;QPSK_0_plus1_1_minus1"",""cuda"":""12.8"",""decoder"":{""cn_schedule"":""flooding"",""cn_update"":""boxplus-phi"",""early_stop"":false,""hard_out"":true,""harq_mode"":false,""llr_max"":20.0,""num_iter"":20,""precision"":""single"",""prune_pcm"":true,""return_infobits"":true,""vn_update"":""sum""},""decoder_source_sha256"":""44d84b92b749e2970f94d92cd348a11648e2286b4d851faa0af8b21d08f0da23"",""encoder_source_sha256"":""34d8db6660b2e84708a8fb534f63c194f6f2b964e3693fcffc9dcaf21532ccfd"",""implementation"":""Sionna_5G_LDPC"",""power_protocol"":""fixed_constellation_average_Es2"",""precision"":""float32"",""rate_matching"":""Sionna RV0; filler removal, first2Z and tail puncturing; supported n only"",""scrambling"":""public_PCG64_SHA256_protocol_session_frame_group_counter_after_rate_matching_v1"",""torch"":""2.11.0+cu128"",""version"":""2.2.0""},""interleaver_sha256"":""4cd0e58a48a45c6c4748e9d426bb1788044c7c788279d3496c9ba81b58a6ebbc"",""k"":832,""k_filler"":48,""k_ldpc"":880,""layout_id"":""135b26fc25d6b6657a785ee1d6099c3b01ad252a655366815b2c41663ca23a7f"",""modulation_padding_bits"":0,""mother_bits"":4576,""n"":2372,""n_cb"":4400,""n_cb_comp"":4352,""power_protocol"":""fixed_constellation_average_Es2"",""puncturing_bits"":2156,""puncturing_first_2Z"":176,""puncturing_remaining"":1980,""repetition_bits"":0,""scrambling"":""public_PCG64_SHA256_protocol_session_frame_group_counter_after_rate_matching_v1"",""shortening_bits"":48,""z"":88}",[1024]
QPSK,1/3,QPSK:r1/3,e05195e5d48bd3ac5456ddfd221eee333f77784c3fc71e083ad348de3ee74398,924,16,0,940,960,20,4992,2830,1415,0,0.3321554770318021,0.3265017667844523,"{""actual_effective_rate"":0.3321554770318021,""bg"":""bg2"",""bit_mapping"":""component_Gray_00_-3_01_-1_10_3_11_1_over_sqrt5;QPSK_0_plus1_1_minus1"",""code_blocks"":1,""decoder_config"":{""cn_schedule"":""flooding"",""cn_update"":""boxplus-phi"",""early_stop"":false,""hard_out"":true,""harq_mode"":false,""llr_max"":20.0,""num_iter"":20,""precision"":""single"",""prune_pcm"":true,""return_infobits"":true,""vn_update"":""sum""},""implementation"":{""bit_mapping"":""component_Gray_00_-3_01_-1_10_3_11_1_over_sqrt5;QPSK_0_plus1_1_minus1"",""cuda"":""12.8"",""decoder"":{""cn_schedule"":""flooding"",""cn_update"":""boxplus-phi"",""early_stop"":false,""hard_out"":true,""harq_mode"":false,""llr_max"":20.0,""num_iter"":20,""precision"":""single"",""prune_pcm"":true,""return_infobits"":true,""vn_update"":""sum""},""decoder_source_sha256"":""44d84b92b749e2970f94d92cd348a11648e2286b4d851faa0af8b21d08f0da23"",""encoder_source_sha256"":""34d8db6660b2e84708a8fb534f63c194f6f2b964e3693fcffc9dcaf21532ccfd"",""implementation"":""Sionna_5G_LDPC"",""power_protocol"":""fixed_constellation_average_Es2"",""precision"":""float32"",""rate_matching"":""Sionna RV0; filler removal, first2Z and tail puncturing; supported n only"",""scrambling"":""public_PCG64_SHA256_protocol_session_frame_group_counter_after_rate_matching_v1"",""torch"":""2.11.0+cu128"",""version"":""2.2.0""},""interleaver_sha256"":""3063c2dba3099ccb7ffe8a25d60a5d810e27ae5cdea958bbb2c80bbdb5a246bd"",""k"":940,""k_filler"":20,""k_ldpc"":960,""layout_id"":""9cf119913a8a9711e43540007d03855f445c41035921c67f0d9ab77a1de48451"",""modulation_padding_bits"":0,""mother_bits"":4992,""n"":2830,""n_cb"":4800,""n_cb_comp"":4780,""power_protocol"":""fixed_constellation_average_Es2"",""puncturing_bits"":2142,""puncturing_first_2Z"":192,""puncturing_remaining"":1950,""repetition_bits"":0,""scrambling"":""public_PCG64_SHA256_protocol_session_frame_group_counter_after_rate_matching_v1"",""shortening_bits"":20,""z"":96}",[2048]
QPSK,2/3,QPSK:r2/3,e05ce3601484b316760c00a9ea66e3c528115d95fb27e593d1dc6070b76994f2,360,16,0,376,480,104,2496,1314,657,0,0.2861491628614916,0.273972602739726,"{""actual_effective_rate"":0.2861491628614916,""bg"":""bg2"",""bit_mapping"":""component_Gray_00_-3_01_-1_10_3_11_1_over_sqrt5;QPSK_0_plus1_1_minus1"",""code_blocks"":1,""decoder_config"":{""cn_schedule"":""flooding"",""cn_update"":""boxplus-phi"",""early_stop"":false,""hard_out"":true,""harq_mode"":false,""llr_max"":20.0,""num_iter"":20,""precision"":""single"",""prune_pcm"":true,""return_infobits"":true,""vn_update"":""sum""},""implementation"":{""bit_mapping"":""component_Gray_00_-3_01_-1_10_3_11_1_over_sqrt5;QPSK_0_plus1_1_minus1"",""cuda"":""12.8"",""decoder"":{""cn_schedule"":""flooding"",""cn_update"":""boxplus-phi"",""early_stop"":false,""hard_out"":true,""harq_mode"":false,""llr_max"":20.0,""num_iter"":20,""precision"":""single"",""prune_pcm"":true,""return_infobits"":true,""vn_update"":""sum""},""decoder_source_sha256"":""44d84b92b749e2970f94d92cd348a11648e2286b4d851faa0af8b21d08f0da23"",""encoder_source_sha256"":""34d8db6660b2e84708a8fb534f63c194f6f2b964e3693fcffc9dcaf21532ccfd"",""implementation"":""Sionna_5G_LDPC"",""power_protocol"":""fixed_constellation_average_Es2"",""precision"":""float32"",""rate_matching"":""Sionna RV0; filler removal, first2Z and tail puncturing; supported n only"",""scrambling"":""public_PCG64_SHA256_protocol_session_frame_group_counter_after_rate_matching_v1"",""torch"":""2.11.0+cu128"",""version"":""2.2.0""},""interleaver_sha256"":""b9b7681b131312a85e70c4942f51617ab0f878c678a75ce95800102b269f8641"",""k"":376,""k_filler"":104,""k_ldpc"":480,""layout_id"":""e4a3dd4d67709d5c5d070acefb3e48fe8f2660e14e23b4d82ef5d10dc0613cea"",""modulation_padding_bits"":0,""mother_bits"":2496,""n"":1314,""n_cb"":2400,""n_cb_comp"":2296,""power_protocol"":""fixed_constellation_average_Es2"",""puncturing_bits"":1078,""puncturing_first_2Z"":96,""puncturing_remaining"":982,""repetition_bits"":0,""scrambling"":""public_PCG64_SHA256_protocol_session_frame_group_counter_after_rate_matching_v1"",""shortening_bits"":104,""z"":48}",[2048]
QPSK,5/6,QPSK:r5/6,e0739c83d165747a26015fb22460e5d9913cf228e008eda1babc31b2be6bb5d0,924,16,0,940,960,20,4992,3168,1584,0,0.2967171717171717,0.2916666666666667,"{""actual_effective_rate"":0.2967171717171717,""bg"":""bg2"",""bit_mapping"":""component_Gray_00_-3_01_-1_10_3_11_1_over_sqrt5;QPSK_0_plus1_1_minus1"",""code_blocks"":1,""decoder_config"":{""cn_schedule"":""flooding"",""cn_update"":""boxplus-phi"",""early_stop"":false,""hard_out"":true,""harq_mode"":false,""llr_max"":20.0,""num_iter"":20,""precision"":""single"",""prune_pcm"":true,""return_infobits"":true,""vn_update"":""sum""},""implementation"":{""bit_mapping"":""component_Gray_00_-3_01_-1_10_3_11_1_over_sqrt5;QPSK_0_plus1_1_minus1"",""cuda"":""12.8"",""decoder"":{""cn_schedule"":""flooding"",""cn_update"":""boxplus-phi"",""early_stop"":false,""hard_out"":true,""harq_mode"":false,""llr_max"":20.0,""num_iter"":20,""precision"":""single"",""prune_pcm"":true,""return_infobits"":true,""vn_update"":""sum""},""decoder_source_sha256"":""44d84b92b749e2970f94d92cd348a11648e2286b4d851faa0af8b21d08f0da23"",""encoder_source_sha256"":""34d8db6660b2e84708a8fb534f63c194f6f2b964e3693fcffc9dcaf21532ccfd"",""implementation"":""Sionna_5G_LDPC"",""power_protocol"":""fixed_constellation_average_Es2"",""precision"":""float32"",""rate_matching"":""Sionna RV0; filler removal, first2Z and tail puncturing; supported n only"",""scrambling"":""public_PCG64_SHA256_protocol_session_frame_group_counter_after_rate_matching_v1"",""torch"":""2.11.0+cu128"",""version"":""2.2.0""},""interleaver_sha256"":""2bafe1c71484e99f3cfee5d71fbabf5d0ca15d9111012fb8a8c49546f74579e6"",""k"":940,""k_filler"":20,""k_ldpc"":960,""layout_id"":""92638e58ddbae489c884b774035397928e1f36f4388323ae91efdeb8082ca281"",""modulation_padding_bits"":0,""mother_bits"":4992,""n"":3168,""n_cb"":4800,""n_cb_comp"":4780,""power_protocol"":""fixed_constellation_average_Es2"",""puncturing_bits"":1804,""puncturing_first_2Z"":192,""puncturing_remaining"":1612,""repetition_bits"":0,""scrambling"":""public_PCG64_SHA256_protocol_session_frame_group_counter_after_rate_matching_v1"",""shortening_bits"":20,""z"":96}",[2048]
QPSK,1/3,QPSK:r1/3,e074cc583b589c0f1f3a7c6e779e1002c20694135837a903b7da756c43225629,924,16,0,940,960,20,4992,3600,1800,0,0.2611111111111111,0.25666666666666665,"{""actual_effective_rate"":0.2611111111111111,""bg"":""bg2"",""bit_mapping"":""component_Gray_00_-3_01_-1_10_3_11_1_over_sqrt5;QPSK_0_plus1_1_minus1"",""code_blocks"":1,""decoder_config"":{""cn_schedule"":""flooding"",""cn_update"":""boxplus-phi"",""early_stop"":false,""hard_out"":true,""harq_mode"":false,""llr_max"":20.0,""num_iter"":20,""precision"":""single"",""prune_pcm"":true,""return_infobits"":true,""vn_update"":""sum""},""implementation"":{""bit_mapping"":""component_Gray_00_-3_01_-1_10_3_11_1_over_sqrt5;QPSK_0_plus1_1_minus1"",""cuda"":""12.8"",""decoder"":{""cn_schedule"":""flooding"",""cn_update"":""boxplus-phi"",""early_stop"":false,""hard_out"":true,""harq_mode"":false,""llr_max"":20.0,""num_iter"":20,""precision"":""single"",""prune_pcm"":true,""return_infobits"":true,""vn_update"":""sum""},""decoder_source_sha256"":""44d84b92b749e2970f94d92cd348a11648e2286b4d851faa0af8b21d08f0da23"",""encoder_source_sha256"":""34d8db6660b2e84708a8fb534f63c194f6f2b964e3693fcffc9dcaf21532ccfd"",""implementation"":""Sionna_5G_LDPC"",""power_protocol"":""fixed_constellation_average_Es2"",""precision"":""float32"",""rate_matching"":""Sionna RV0; filler removal, first2Z and tail puncturing; supported n only"",""scrambling"":""public_PCG64_SHA256_protocol_session_frame_group_counter_after_rate_matching_v1"",""torch"":""2.11.0+cu128"",""version"":""2.2.0""},""interleaver_sha256"":""eb52bef5f60b27b830c8e8e2916000c626cf18475428138f616ede0ca7bc5786"",""k"":940,""k_filler"":20,""k_ldpc"":960,""layout_id"":""97737e712a08deb530bf677ce8c662d25835e222b814981c96a52ebb4d79faa0"",""modulation_padding_bits"":0,""mother_bits"":4992,""n"":3600,""n_cb"":4800,""n_cb_comp"":4780,""power_protocol"":""fixed_constellation_average_Es2"",""puncturing_bits"":1372,""puncturing_first_2Z"":192,""puncturing_remaining"":1180,""repetition_bits"":0,""scrambling"":""public_PCG64_SHA256_protocol_session_frame_group_counter_after_rate_matching_v1"",""shortening_bits"":20,""z"":96}",[2048]
16QAM,1/3,16QAM:r1/3,e07b48480cb5a60273de232b942f8954bc698b04ebb618252b3603df32bce487,660,16,0,676,720,44,3744,2648,662,0,0.2552870090634441,0.24924471299093656,"{""actual_effective_rate"":0.2552870090634441,""bg"":""bg2"",""bit_mapping"":""component_Gray_00_-3_01_-1_10_3_11_1_over_sqrt5;QPSK_0_plus1_1_minus1"",""code_blocks"":1,""decoder_config"":{""cn_schedule"":""flooding"",""cn_update"":""boxplus-phi"",""early_stop"":false,""hard_out"":true,""harq_mode"":false,""llr_max"":20.0,""num_iter"":20,""precision"":""single"",""prune_pcm"":true,""return_infobits"":true,""vn_update"":""sum""},""implementation"":{""bit_mapping"":""component_Gray_00_-3_01_-1_10_3_11_1_over_sqrt5;QPSK_0_plus1_1_minus1"",""cuda"":""12.8"",""decoder"":{""cn_schedule"":""flooding"",""cn_update"":""boxplus-phi"",""early_stop"":false,""hard_out"":true,""harq_mode"":false,""llr_max"":20.0,""num_iter"":20,""precision"":""single"",""prune_pcm"":true,""return_infobits"":true,""vn_update"":""sum""},""decoder_source_sha256"":""44d84b92b749e2970f94d92cd348a11648e2286b4d851faa0af8b21d08f0da23"",""encoder_source_sha256"":""34d8db6660b2e84708a8fb534f63c194f6f2b964e3693fcffc9dcaf21532ccfd"",""implementation"":""Sionna_5G_LDPC"",""power_protocol"":""fixed_constellation_average_Es2"",""precision"":""float32"",""rate_matching"":""Sionna RV0; filler removal, first2Z and tail puncturing; supported n only"",""scrambling"":""public_PCG64_SHA256_protocol_session_frame_group_counter_after_rate_matching_v1"",""torch"":""2.11.0+cu128"",""version"":""2.2.0""},""interleaver_sha256"":""e614b56561912b7a559f797e4da87028080250fabe0e4ab22f26e23c3bb2c070"",""k"":676,""k_filler"":44,""k_ldpc"":720,""layout_id"":""d54f9b2981c30ebf8ade5270e3abfc6b29c74521f0cde385d71196e8b5e6ffda"",""modulation_padding_bits"":0,""mother_bits"":3744,""n"":2648,""n_cb"":3600,""n_cb_comp"":3556,""power_protocol"":""fixed_constellation_average_Es2"",""puncturing_bits"":1052,""puncturing_first_2Z"":144,""puncturing_remaining"":908,""repetition_bits"":0,""scrambling"":""public_PCG64_SHA256_protocol_session_frame_group_counter_after_rate_matching_v1"",""shortening_bits"":44,""z"":72}",[2048]
QPSK,3/4,QPSK:r3/4,e089698fefb198d44e47fc560c2c47171a3cf72361ca4c156b0e3b676dbfea82,1860,16,0,1876,1936,60,5984,2654,1327,0,0.7068575734740015,0.7008289374529013,"{""actual_effective_rate"":0.7068575734740015,""bg"":""bg1"",""bit_mapping"":""component_Gray_00_-3_01_-1_10_3_11_1_over_sqrt5;QPSK_0_plus1_1_minus1"",""code_blocks"":1,""decoder_config"":{""cn_schedule"":""flooding"",""cn_update"":""boxplus-phi"",""early_stop"":false,""hard_out"":true,""harq_mode"":false,""llr_max"":20.0,""num_iter"":20,""precision"":""single"",""prune_pcm"":true,""return_infobits"":true,""vn_update"":""sum""},""implementation"":{""bit_mapping"":""component_Gray_00_-3_01_-1_10_3_11_1_over_sqrt5;QPSK_0_plus1_1_minus1"",""cuda"":""12.8"",""decoder"":{""cn_schedule"":""flooding"",""cn_update"":""boxplus-phi"",""early_stop"":false,""hard_out"":true,""harq_mode"":false,""llr_max"":20.0,""num_iter"":20,""precision"":""single"",""prune_pcm"":true,""return_infobits"":true,""vn_update"":""sum""},""decoder_source_sha256"":""44d84b92b749e2970f94d92cd348a11648e2286b4d851faa0af8b21d08f0da23"",""encoder_source_sha256"":""34d8db6660b2e84708a8fb534f63c194f6f2b964e3693fcffc9dcaf21532ccfd"",""implementation"":""Sionna_5G_LDPC"",""power_protocol"":""fixed_constellation_average_Es2"",""precision"":""float32"",""rate_matching"":""Sionna RV0; filler removal, first2Z and tail puncturing; supported n only"",""scrambling"":""public_PCG64_SHA256_protocol_session_frame_group_counter_after_rate_matching_v1"",""torch"":""2.11.0+cu128"",""version"":""2.2.0""},""interleaver_sha256"":""61070141fdf6c47cf9a199925be165cc043bc2063571a0d3a682f9c4ebb71408"",""k"":1876,""k_filler"":60,""k_ldpc"":1936,""layout_id"":""e90e32fbb56baeb8d486212de1f8555daaa8c2abcca9fb966687bdde17f9ec03"",""modulation_padding_bits"":0,""mother_bits"":5984,""n"":2654,""n_cb"":5808,""n_cb_comp"":5748,""power_protocol"":""fixed_constellation_average_Es2"",""puncturing_bits"":3270,""puncturing_first_2Z"":176,""puncturing_remaining"":3094,""repetition_bits"":0,""scrambling"":""public_PCG64_SHA256_protocol_session_frame_group_counter_after_rate_matching_v1"",""shortening_bits"":60,""z"":88}",[2048]
16QAM,1/3,16QAM:r1/3,e0a62bb93f116929e6553208e8d31124dbba206ff97878881806e9cb2a094cea,2016,16,0,2032,2080,48,10816,6108,1527,0,0.3326784544859201,0.3300589390962672,"{""actual_effective_rate"":0.3326784544859201,""bg"":""bg2"",""bit_mapping"":""component_Gray_00_-3_01_-1_10_3_11_1_over_sqrt5;QPSK_0_plus1_1_minus1"",""code_blocks"":1,""decoder_config"":{""cn_schedule"":""flooding"",""cn_update"":""boxplus-phi"",""early_stop"":false,""hard_out"":true,""harq_mode"":false,""llr_max"":20.0,""num_iter"":20,""precision"":""single"",""prune_pcm"":true,""return_infobits"":true,""vn_update"":""sum""},""implementation"":{""bit_mapping"":""component_Gray_00_-3_01_-1_10_3_11_1_over_sqrt5;QPSK_0_plus1_1_minus1"",""cuda"":""12.8"",""decoder"":{""cn_schedule"":""flooding"",""cn_update"":""boxplus-phi"",""early_stop"":false,""hard_out"":true,""harq_mode"":false,""llr_max"":20.0,""num_iter"":20,""precision"":""single"",""prune_pcm"":true,""return_infobits"":true,""vn_update"":""sum""},""decoder_source_sha256"":""44d84b92b749e2970f94d92cd348a11648e2286b4d851faa0af8b21d08f0da23"",""encoder_source_sha256"":""34d8db6660b2e84708a8fb534f63c194f6f2b964e3693fcffc9dcaf21532ccfd"",""implementation"":""Sionna_5G_LDPC"",""power_protocol"":""fixed_constellation_average_Es2"",""precision"":""float32"",""rate_matching"":""Sionna RV0; filler removal, first2Z and tail puncturing; supported n only"",""scrambling"":""public_PCG64_SHA256_protocol_session_frame_group_counter_after_rate_matching_v1"",""torch"":""2.11.0+cu128"",""version"":""2.2.0""},""interleaver_sha256"":""1e8b745f0a933f65b34e6f1efa5c083d608f071c221310cdac9d521c4c71c4d9"",""k"":2032,""k_filler"":48,""k_ldpc"":2080,""layout_id"":""4c13f9a81160e99acd6d72545847aeaafc17038f77871a1ccb6d1ebc686f3089"",""modulation_padding_bits"":0,""mother_bits"":10816,""n"":6108,""n_cb"":10400,""n_cb_comp"":10352,""power_protocol"":""fixed_constellation_average_Es2"",""puncturing_bits"":4660,""puncturing_first_2Z"":416,""puncturing_remaining"":4244,""repetition_bits"":0,""scrambling"":""public_PCG64_SHA256_protocol_session_frame_group_counter_after_rate_matching_v1"",""shortening_bits"":48,""z"":208}",[2048]
QPSK,3/4,QPSK:r3/4,e0ac6e08846f56c9fbcdc51280753601931f1825fcda818d2b00083bdb21bd12,360,16,0,376,480,104,2496,1038,519,0,0.3622350674373796,0.3468208092485549,"{""actual_effective_rate"":0.3622350674373796,""bg"":""bg2"",""bit_mapping"":""component_Gray_00_-3_01_-1_10_3_11_1_over_sqrt5;QPSK_0_plus1_1_minus1"",""code_blocks"":1,""decoder_config"":{""cn_schedule"":""flooding"",""cn_update"":""boxplus-phi"",""early_stop"":false,""hard_out"":true,""harq_mode"":false,""llr_max"":20.0,""num_iter"":20,""precision"":""single"",""prune_pcm"":true,""return_infobits"":true,""vn_update"":""sum""},""implementation"":{""bit_mapping"":""component_Gray_00_-3_01_-1_10_3_11_1_over_sqrt5;QPSK_0_plus1_1_minus1"",""cuda"":""12.8"",""decoder"":{""cn_schedule"":""flooding"",""cn_update"":""boxplus-phi"",""early_stop"":false,""hard_out"":true,""harq_mode"":false,""llr_max"":20.0,""num_iter"":20,""precision"":""single"",""prune_pcm"":true,""return_infobits"":true,""vn_update"":""sum""},""decoder_source_sha256"":""44d84b92b749e2970f94d92cd348a11648e2286b4d851faa0af8b21d08f0da23"",""encoder_source_sha256"":""34d8db6660b2e84708a8fb534f63c194f6f2b964e3693fcffc9dcaf21532ccfd"",""implementation"":""Sionna_5G_LDPC"",""power_protocol"":""fixed_constellation_average_Es2"",""precision"":""float32"",""rate_matching"":""Sionna RV0; filler removal, first2Z and tail puncturing; supported n only"",""scrambling"":""public_PCG64_SHA256_protocol_session_frame_group_counter_after_rate_matching_v1"",""torch"":""2.11.0+cu128"",""version"":""2.2.0""},""interleaver_sha256"":""448e6fb1976a210a36ad6a132db5825df7d5ceb7f6999133a36225bd4f9bbc4a"",""k"":376,""k_filler"":104,""k_ldpc"":480,""layout_id"":""a0f74d3fc52b6a4fdd348e8aecc8ec14758450f419161a8bee82bc433983dcfb"",""modulation_padding_bits"":0,""mother_bits"":2496,""n"":1038,""n_cb"":2400,""n_cb_comp"":2296,""power_protocol"":""fixed_constellation_average_Es2"",""puncturing_bits"":1354,""puncturing_first_2Z"":96,""puncturing_remaining"":1258,""repetition_bits"":0,""scrambling"":""public_PCG64_SHA256_protocol_session_frame_group_counter_after_rate_matching_v1"",""shortening_bits"":104,""z"":48}","[1024,2048]"
QPSK,1/2,QPSK:r1/2,e0bb319b6b59be403161cdea051da0608c9383bf013bab58e0638eefda1f8211,228,16,0,244,320,76,1664,492,246,0,0.4959349593495935,0.4634146341463415,"{""actual_effective_rate"":0.4959349593495935,""bg"":""bg2"",""bit_mapping"":""component_Gray_00_-3_01_-1_10_3_11_1_over_sqrt5;QPSK_0_plus1_1_minus1"",""code_blocks"":1,""decoder_config"":{""cn_schedule"":""flooding"",""cn_update"":""boxplus-phi"",""early_stop"":false,""hard_out"":true,""harq_mode"":false,""llr_max"":20.0,""num_iter"":20,""precision"":""single"",""prune_pcm"":true,""return_infobits"":true,""vn_update"":""sum""},""implementation"":{""bit_mapping"":""component_Gray_00_-3_01_-1_10_3_11_1_over_sqrt5;QPSK_0_plus1_1_minus1"",""cuda"":""12.8"",""decoder"":{""cn_schedule"":""flooding"",""cn_update"":""boxplus-phi"",""early_stop"":false,""hard_out"":true,""harq_mode"":false,""llr_max"":20.0,""num_iter"":20,""precision"":""single"",""prune_pcm"":true,""return_infobits"":true,""vn_update"":""sum""},""decoder_source_sha256"":""44d84b92b749e2970f94d92cd348a11648e2286b4d851faa0af8b21d08f0da23"",""encoder_source_sha256"":""34d8db6660b2e84708a8fb534f63c194f6f2b964e3693fcffc9dcaf21532ccfd"",""implementation"":""Sionna_5G_LDPC"",""power_protocol"":""fixed_constellation_average_Es2"",""precision"":""float32"",""rate_matching"":""Sionna RV0; filler removal, first2Z and tail puncturing; supported n only"",""scrambling"":""public_PCG64_SHA256_protocol_session_frame_group_counter_after_rate_matching_v1"",""torch"":""2.11.0+cu128"",""version"":""2.2.0""},""interleaver_sha256"":""7e129cc5dce229ab5b2c518e3e0ccb3fb577e6f41e02000393f44e0744756f27"",""k"":244,""k_filler"":76,""k_ldpc"":320,""layout_id"":""ffda91a8b2b83700c2e540b558f7635daac79457ace4d3f33af12220d6becae5"",""modulation_padding_bits"":0,""mother_bits"":1664,""n"":492,""n_cb"":1600,""n_cb_comp"":1524,""power_protocol"":""fixed_constellation_average_Es2"",""puncturing_bits"":1096,""puncturing_first_2Z"":64,""puncturing_remaining"":1032,""repetition_bits"":0,""scrambling"":""public_PCG64_SHA256_protocol_session_frame_group_counter_after_rate_matching_v1"",""shortening_bits"":76,""z"":32}",[1024]
16QAM,3/4,16QAM:r3/4,e0c359ca05f73fee7952682d992d8ddd80204c16b688d19beb9d947efab3cc31,816,16,0,832,880,48,4576,3216,804,0,0.25870646766169153,0.2537313432835821,"{""actual_effective_rate"":0.25870646766169153,""bg"":""bg2"",""bit_mapping"":""component_Gray_00_-3_01_-1_10_3_11_1_over_sqrt5;QPSK_0_plus1_1_minus1"",""code_blocks"":1,""decoder_config"":{""cn_schedule"":""flooding"",""cn_update"":""boxplus-phi"",""early_stop"":false,""hard_out"":true,""harq_mode"":false,""llr_max"":20.0,""num_iter"":20,""precision"":""single"",""prune_pcm"":true,""return_infobits"":true,""vn_update"":""sum""},""implementation"":{""bit_mapping"":""component_Gray_00_-3_01_-1_10_3_11_1_over_sqrt5;QPSK_0_plus1_1_minus1"",""cuda"":""12.8"",""decoder"":{""cn_schedule"":""flooding"",""cn_update"":""boxplus-phi"",""early_stop"":false,""hard_out"":true,""harq_mode"":false,""llr_max"":20.0,""num_iter"":20,""precision"":""single"",""prune_pcm"":true,""return_infobits"":true,""vn_update"":""sum""},""decoder_source_sha256"":""44d84b92b749e2970f94d92cd348a11648e2286b4d851faa0af8b21d08f0da23"",""encoder_source_sha256"":""34d8db6660b2e84708a8fb534f63c194f6f2b964e3693fcffc9dcaf21532ccfd"",""implementation"":""Sionna_5G_LDPC"",""power_protocol"":""fixed_constellation_average_Es2"",""precision"":""float32"",""rate_matching"":""Sionna RV0; filler removal, first2Z and tail puncturing; supported n only"",""scrambling"":""public_PCG64_SHA256_protocol_session_frame_group_counter_after_rate_matching_v1"",""torch"":""2.11.0+cu128"",""version"":""2.2.0""},""interleaver_sha256"":""b2ac71d8408bc5066ad8a8ba4335183c1a91ec929f15b5a43b57a8373a6585e9"",""k"":832,""k_filler"":48,""k_ldpc"":880,""layout_id"":""c162c50aceadd7031d4a64b80801156c8b06cc0db2318e3f27940207a04e82a7"",""modulation_padding_bits"":0,""mother_bits"":4576,""n"":3216,""n_cb"":4400,""n_cb_comp"":4352,""power_protocol"":""fixed_constellation_average_Es2"",""puncturing_bits"":1312,""puncturing_first_2Z"":176,""puncturing_remaining"":1136,""repetition_bits"":0,""scrambling"":""public_PCG64_SHA256_protocol_session_frame_group_counter_after_rate_matching_v1"",""shortening_bits"":48,""z"":88}",[2048]
QPSK,5/6,QPSK:r5/6,e0c87233a9a9381db2d0030f34afbf3ab86a2d0b6f5b54c455c2c3ad12bb381a,600,16,0,616,616,0,1904,740,370,0,0.8324324324324325,0.8108108108108109,"{""actual_effective_rate"":0.8324324324324325,""bg"":""bg1"",""bit_mapping"":""component_Gray_00_-3_01_-1_10_3_11_1_over_sqrt5;QPSK_0_plus1_1_minus1"",""code_blocks"":1,""decoder_config"":{""cn_schedule"":""flooding"",""cn_update"":""boxplus-phi"",""early_stop"":false,""hard_out"":true,""harq_mode"":false,""llr_max"":20.0,""num_iter"":20,""precision"":""single"",""prune_pcm"":true,""return_infobits"":true,""vn_update"":""sum""},""implementation"":{""bit_mapping"":""component_Gray_00_-3_01_-1_10_3_11_1_over_sqrt5;QPSK_0_plus1_1_minus1"",""cuda"":""12.8"",""decoder"":{""cn_schedule"":""flooding"",""cn_update"":""boxplus-phi"",""early_stop"":false,""hard_out"":true,""harq_mode"":false,""llr_max"":20.0,""num_iter"":20,""precision"":""single"",""prune_pcm"":true,""return_infobits"":true,""vn_update"":""sum""},""decoder_source_sha256"":""44d84b92b749e2970f94d92cd348a11648e2286b4d851faa0af8b21d08f0da23"",""encoder_source_sha256"":""34d8db6660b2e84708a8fb534f63c194f6f2b964e3693fcffc9dcaf21532ccfd"",""implementation"":""Sionna_5G_LDPC"",""power_protocol"":""fixed_constellation_average_Es2"",""precision"":""float32"",""rate_matching"":""Sionna RV0; filler removal, first2Z and tail puncturing; supported n only"",""scrambling"":""public_PCG64_SHA256_protocol_session_frame_group_counter_after_rate_matching_v1"",""torch"":""2.11.0+cu128"",""version"":""2.2.0""},""interleaver_sha256"":""f3573235342998da25ac1e5422dfc02871f987ac9d1724b477684c131ed11031"",""k"":616,""k_filler"":0,""k_ldpc"":616,""layout_id"":""08f700ccdbe261c343853aa040a07935d418bbbf9202673a25d412263d21e391"",""modulation_padding_bits"":0,""mother_bits"":1904,""n"":740,""n_cb"":1848,""n_cb_comp"":1848,""power_protocol"":""fixed_constellation_average_Es2"",""puncturing_bits"":1164,""puncturing_first_2Z"":56,""puncturing_remaining"":1108,""repetition_bits"":0,""scrambling"":""public_PCG64_SHA256_protocol_session_frame_group_counter_after_rate_matching_v1"",""shortening_bits"":0,""z"":28}","[1024,2048]"
QPSK,1/3,QPSK:r1/3,e0d8fe56c9c42fbfb3f958e1269b1255e831950595cddc0532d54127fb393637,900,16,0,916,960,44,4992,2748,1374,0,0.3333333333333333,0.32751091703056767,"{""actual_effective_rate"":0.3333333333333333,""bg"":""bg2"",""bit_mapping"":""component_Gray_00_-3_01_-1_10_3_11_1_over_sqrt5;QPSK_0_plus1_1_minus1"",""code_blocks"":1,""decoder_config"":{""cn_schedule"":""flooding"",""cn_update"":""boxplus-phi"",""early_stop"":false,""hard_out"":true,""harq_mode"":false,""llr_max"":20.0,""num_iter"":20,""precision"":""single"",""prune_pcm"":true,""return_infobits"":true,""vn_update"":""sum""},""implementation"":{""bit_mapping"":""component_Gray_00_-3_01_-1_10_3_11_1_over_sqrt5;QPSK_0_plus1_1_minus1"",""cuda"":""12.8"",""decoder"":{""cn_schedule"":""flooding"",""cn_update"":""boxplus-phi"",""early_stop"":false,""hard_out"":true,""harq_mode"":false,""llr_max"":20.0,""num_iter"":20,""precision"":""single"",""prune_pcm"":true,""return_infobits"":true,""vn_update"":""sum""},""decoder_source_sha256"":""44d84b92b749e2970f94d92cd348a11648e2286b4d851faa0af8b21d08f0da23"",""encoder_source_sha256"":""34d8db6660b2e84708a8fb534f63c194f6f2b964e3693fcffc9dcaf21532ccfd"",""implementation"":""Sionna_5G_LDPC"",""power_protocol"":""fixed_constellation_average_Es2"",""precision"":""float32"",""rate_matching"":""Sionna RV0; filler removal, first2Z and tail puncturing; supported n only"",""scrambling"":""public_PCG64_SHA256_protocol_session_frame_group_counter_after_rate_matching_v1"",""torch"":""2.11.0+cu128"",""version"":""2.2.0""},""interleaver_sha256"":""6527dc52790d3f7bdd9694964d9b34563856924ac1a96bbfc40e973a1d9c1608"",""k"":916,""k_filler"":44,""k_ldpc"":960,""layout_id"":""62970313d34aa5ec7353558145f4d3fd947cddc055bf753690fc8b0147227eb2"",""modulation_padding_bits"":0,""mother_bits"":4992,""n"":2748,""n_cb"":4800,""n_cb_comp"":4756,""power_protocol"":""fixed_constellation_average_Es2"",""puncturing_bits"":2200,""puncturing_first_2Z"":192,""puncturing_remaining"":2008,""repetition_bits"":0,""scrambling"":""public_PCG64_SHA256_protocol_session_frame_group_counter_after_rate_matching_v1"",""shortening_bits"":44,""z"":96}",[2048]
QPSK,2/3,QPSK:r2/3,e0ead07b8287af4b11d2c344d059767c78d76541bff8da29fbc8405ba573f3f0,948,16,0,964,1040,76,5408,1456,728,0,0.6620879120879121,0.6510989010989011,"{""actual_effective_rate"":0.6620879120879121,""bg"":""bg2"",""bit_mapping"":""component_Gray_00_-3_01_-1_10_3_11_1_over_sqrt5;QPSK_0_plus1_1_minus1"",""code_blocks"":1,""decoder_config"":{""cn_schedule"":""flooding"",""cn_update"":""boxplus-phi"",""early_stop"":false,""hard_out"":true,""harq_mode"":false,""llr_max"":20.0,""num_iter"":20,""precision"":""single"",""prune_pcm"":true,""return_infobits"":true,""vn_update"":""sum""},""implementation"":{""bit_mapping"":""component_Gray_00_-3_01_-1_10_3_11_1_over_sqrt5;QPSK_0_plus1_1_minus1"",""cuda"":""12.8"",""decoder"":{""cn_schedule"":""flooding"",""cn_update"":""boxplus-phi"",""early_stop"":false,""hard_out"":true,""harq_mode"":false,""llr_max"":20.0,""num_iter"":20,""precision"":""single"",""prune_pcm"":true,""return_infobits"":true,""vn_update"":""sum""},""decoder_source_sha256"":""44d84b92b749e2970f94d92cd348a11648e2286b4d851faa0af8b21d08f0da23"",""encoder_source_sha256"":""34d8db6660b2e84708a8fb534f63c194f6f2b964e3693fcffc9dcaf21532ccfd"",""implementation"":""Sionna_5G_LDPC"",""power_protocol"":""fixed_constellation_average_Es2"",""precision"":""float32"",""rate_matching"":""Sionna RV0; filler removal, first2Z and tail puncturing; supported n only"",""scrambling"":""public_PCG64_SHA256_protocol_session_frame_group_counter_after_rate_matching_v1"",""torch"":""2.11.0+cu128"",""version"":""2.2.0""},""interleaver_sha256"":""1fda75b5d38e24ce257590fb48f7848282a8685fd81899733faaeedd8e94c703"",""k"":964,""k_filler"":76,""k_ldpc"":1040,""layout_id"":""77fc0886b77e2ee8def4b9a2e9a1432cd6044682a2002f2e622b3e95eef03aee"",""modulation_padding_bits"":0,""mother_bits"":5408,""n"":1456,""n_cb"":5200,""n_cb_comp"":5124,""power_protocol"":""fixed_constellation_average_Es2"",""puncturing_bits"":3876,""puncturing_first_2Z"":208,""puncturing_remaining"":3668,""repetition_bits"":0,""scrambling"":""public_PCG64_SHA256_protocol_session_frame_group_counter_after_rate_matching_v1"",""shortening_bits"":76,""z"":104}",[1024]
QPSK,1/3,QPSK:r1/3,e0f557486b1f22a1ee1450f8469379e53af768ed245013d30d037deebb915f28,768,16,0,784,800,16,4160,2924,1462,0,0.26812585499316005,0.26265389876880985,"{""actual_effective_rate"":0.26812585499316005,""bg"":""bg2"",""bit_mapping"":""component_Gray_00_-3_01_-1_10_3_11_1_over_sqrt5;QPSK_0_plus1_1_minus1"",""code_blocks"":1,""decoder_config"":{""cn_schedule"":""flooding"",""cn_update"":""boxplus-phi"",""early_stop"":false,""hard_out"":true,""harq_mode"":false,""llr_max"":20.0,""num_iter"":20,""precision"":""single"",""prune_pcm"":true,""return_infobits"":true,""vn_update"":""sum""},""implementation"":{""bit_mapping"":""component_Gray_00_-3_01_-1_10_3_11_1_over_sqrt5;QPSK_0_plus1_1_minus1"",""cuda"":""12.8"",""decoder"":{""cn_schedule"":""flooding"",""cn_update"":""boxplus-phi"",""early_stop"":false,""hard_out"":true,""harq_mode"":false,""llr_max"":20.0,""num_iter"":20,""precision"":""single"",""prune_pcm"":true,""return_infobits"":true,""vn_update"":""sum""},""decoder_source_sha256"":""44d84b92b749e2970f94d92cd348a11648e2286b4d851faa0af8b21d08f0da23"",""encoder_source_sha256"":""34d8db6660b2e84708a8fb534f63c194f6f2b964e3693fcffc9dcaf21532ccfd"",""implementation"":""Sionna_5G_LDPC"",""power_protocol"":""fixed_constellation_average_Es2"",""precision"":""float32"",""rate_matching"":""Sionna RV0; filler removal, first2Z and tail puncturing; supported n only"",""scrambling"":""public_PCG64_SHA256_protocol_session_frame_group_counter_after_rate_matching_v1"",""torch"":""2.11.0+cu128"",""version"":""2.2.0""},""interleaver_sha256"":""5ddbb5b3e835d0b6a6fae0b32ba9df738fefe61383b58968d1c8b863754bffc7"",""k"":784,""k_filler"":16,""k_ldpc"":800,""layout_id"":""44d9d894b3fb14e5be6429adf729c8d96b028eb5df888cf159fd42809712ef91"",""modulation_padding_bits"":0,""mother_bits"":4160,""n"":2924,""n_cb"":4000,""n_cb_comp"":3984,""power_protocol"":""fixed_constellation_average_Es2"",""puncturing_bits"":1220,""puncturing_first_2Z"":160,""puncturing_remaining"":1060,""repetition_bits"":0,""scrambling"":""public_PCG64_SHA256_protocol_session_frame_group_counter_after_rate_matching_v1"",""shortening_bits"":16,""z"":80}",[2048]
QPSK,2/3,QPSK:r2/3,e0ffc12bf589f10e48aaacde14cecc6cd4ebf32d4890d0104097086089c12624,2316,16,0,2332,2400,68,12480,3498,1749,0,0.6666666666666666,0.6620926243567753,"{""actual_effective_rate"":0.6666666666666666,""bg"":""bg2"",""bit_mapping"":""component_Gray_00_-3_01_-1_10_3_11_1_over_sqrt5;QPSK_0_plus1_1_minus1"",""code_blocks"":1,""decoder_config"":{""cn_schedule"":""flooding"",""cn_update"":""boxplus-phi"",""early_stop"":false,""hard_out"":true,""harq_mode"":false,""llr_max"":20.0,""num_iter"":20,""precision"":""single"",""prune_pcm"":true,""return_infobits"":true,""vn_update"":""sum""},""implementation"":{""bit_mapping"":""component_Gray_00_-3_01_-1_10_3_11_1_over_sqrt5;QPSK_0_plus1_1_minus1"",""cuda"":""12.8"",""decoder"":{""cn_schedule"":""flooding"",""cn_update"":""boxplus-phi"",""early_stop"":false,""hard_out"":true,""harq_mode"":false,""llr_max"":20.0,""num_iter"":20,""precision"":""single"",""prune_pcm"":true,""return_infobits"":true,""vn_update"":""sum""},""decoder_source_sha256"":""44d84b92b749e2970f94d92cd348a11648e2286b4d851faa0af8b21d08f0da23"",""encoder_source_sha256"":""34d8db6660b2e84708a8fb534f63c194f6f2b964e3693fcffc9dcaf21532ccfd"",""implementation"":""Sionna_5G_LDPC"",""power_protocol"":""fixed_constellation_average_Es2"",""precision"":""float32"",""rate_matching"":""Sionna RV0; filler removal, first2Z and tail puncturing; supported n only"",""scrambling"":""public_PCG64_SHA256_protocol_session_frame_group_counter_after_rate_matching_v1"",""torch"":""2.11.0+cu128"",""version"":""2.2.0""},""interleaver_sha256"":""520dfa1934913b6e0cf042dd459f5099bf51a8748eb11e2d8c16456c99647a1a"",""k"":2332,""k_filler"":68,""k_ldpc"":2400,""layout_id"":""a1f5d6f4be1d8e851f17a141ae306329741e4c6c16be13b269970a334e1a558f"",""modulation_padding_bits"":0,""mother_bits"":12480,""n"":3498,""n_cb"":12000,""n_cb_comp"":11932,""power_protocol"":""fixed_constellation_average_Es2"",""puncturing_bits"":8914,""puncturing_first_2Z"":480,""puncturing_remaining"":8434,""repetition_bits"":0,""scrambling"":""public_PCG64_SHA256_protocol_session_frame_group_counter_after_rate_matching_v1"",""shortening_bits"":68,""z"":240}",[2048]
16QAM,5/6,16QAM:r5/6,e102fe83c325a297ded4d7ef83e9dcaa49e54c0b71535310ab4bb294d0c2b7a1,2700,16,0,2716,2880,164,14976,6952,1738,0,0.3906789413118527,0.38837744533947066,"{""actual_effective_rate"":0.3906789413118527,""bg"":""bg2"",""bit_mapping"":""component_Gray_00_-3_01_-1_10_3_11_1_over_sqrt5;QPSK_0_plus1_1_minus1"",""code_blocks"":1,""decoder_config"":{""cn_schedule"":""flooding"",""cn_update"":""boxplus-phi"",""early_stop"":false,""hard_out"":true,""harq_mode"":false,""llr_max"":20.0,""num_iter"":20,""precision"":""single"",""prune_pcm"":true,""return_infobits"":true,""vn_update"":""sum""},""implementation"":{""bit_mapping"":""component_Gray_00_-3_01_-1_10_3_11_1_over_sqrt5;QPSK_0_plus1_1_minus1"",""cuda"":""12.8"",""decoder"":{""cn_schedule"":""flooding"",""cn_update"":""boxplus-phi"",""early_stop"":false,""hard_out"":true,""harq_mode"":false,""llr_max"":20.0,""num_iter"":20,""precision"":""single"",""prune_pcm"":true,""return_infobits"":true,""vn_update"":""sum""},""decoder_source_sha256"":""44d84b92b749e2970f94d92cd348a11648e2286b4d851faa0af8b21d08f0da23"",""encoder_source_sha256"":""34d8db6660b2e84708a8fb534f63c194f6f2b964e3693fcffc9dcaf21532ccfd"",""implementation"":""Sionna_5G_LDPC"",""power_protocol"":""fixed_constellation_average_Es2"",""precision"":""float32"",""rate_matching"":""Sionna RV0; filler removal, first2Z and tail puncturing; supported n only"",""scrambling"":""public_PCG64_SHA256_protocol_session_frame_group_counter_after_rate_matching_v1"",""torch"":""2.11.0+cu128"",""version"":""2.2.0""},""interleaver_sha256"":""e7115a685b1028af580a1dfb52b26d48d403e103cf430ae52668cd3e97fd1c70"",""k"":2716,""k_filler"":164,""k_ldpc"":2880,""layout_id"":""8f85d72d6d0db270671e0d590be181b796347fb1903082010668c3261d439e19"",""modulation_padding_bits"":0,""mother_bits"":14976,""n"":6952,""n_cb"":14400,""n_cb_comp"":14236,""power_protocol"":""fixed_constellation_average_Es2"",""puncturing_bits"":7860,""puncturing_first_2Z"":576,""puncturing_remaining"":7284,""repetition_bits"":0,""scrambling"":""public_PCG64_SHA256_protocol_session_frame_group_counter_after_rate_matching_v1"",""shortening_bits"":164,""z"":288}",[2048]
QPSK,1/2,QPSK:r1/2,e103fcf61316c4a33a839581d7dcbc3a376af002de13ada0632e3b1386239504,360,16,0,376,480,104,2496,1706,853,0,0.22039859320046892,0.21101992966002345,"{""actual_effective_rate"":0.22039859320046892,""bg"":""bg2"",""bit_mapping"":""component_Gray_00_-3_01_-1_10_3_11_1_over_sqrt5;QPSK_0_plus1_1_minus1"",""code_blocks"":1,""decoder_config"":{""cn_schedule"":""flooding"",""cn_update"":""boxplus-phi"",""early_stop"":false,""hard_out"":true,""harq_mode"":false,""llr_max"":20.0,""num_iter"":20,""precision"":""single"",""prune_pcm"":true,""return_infobits"":true,""vn_update"":""sum""},""implementation"":{""bit_mapping"":""component_Gray_00_-3_01_-1_10_3_11_1_over_sqrt5;QPSK_0_plus1_1_minus1"",""cuda"":""12.8"",""decoder"":{""cn_schedule"":""flooding"",""cn_update"":""boxplus-phi"",""early_stop"":false,""hard_out"":true,""harq_mode"":false,""llr_max"":20.0,""num_iter"":20,""precision"":""single"",""prune_pcm"":true,""return_infobits"":true,""vn_update"":""sum""},""decoder_source_sha256"":""44d84b92b749e2970f94d92cd348a11648e2286b4d851faa0af8b21d08f0da23"",""encoder_source_sha256"":""34d8db6660b2e84708a8fb534f63c194f6f2b964e3693fcffc9dcaf21532ccfd"",""implementation"":""Sionna_5G_LDPC"",""power_protocol"":""fixed_constellation_average_Es2"",""precision"":""float32"",""rate_matching"":""Sionna RV0; filler removal, first2Z and tail puncturing; supported n only"",""scrambling"":""public_PCG64_SHA256_protocol_session_frame_group_counter_after_rate_matching_v1"",""torch"":""2.11.0+cu128"",""version"":""2.2.0""},""interleaver_sha256"":""93f38601d861d1fa28f18e271e0827ce8702f75e54a6ea1e012a46fdb7817a80"",""k"":376,""k_filler"":104,""k_ldpc"":480,""layout_id"":""7ee87cb2bd1e423118e8ba35f83b02c9080cdf94d2076565c8b04ee50d3ff65e"",""modulation_padding_bits"":0,""mother_bits"":2496,""n"":1706,""n_cb"":2400,""n_cb_comp"":2296,""power_protocol"":""fixed_constellation_average_Es2"",""puncturing_bits"":686,""puncturing_first_2Z"":96,""puncturing_remaining"":590,""repetition_bits"":0,""scrambling"":""public_PCG64_SHA256_protocol_session_frame_group_counter_after_rate_matching_v1"",""shortening_bits"":104,""z"":48}",[2048]
16QAM,5/6,16QAM:r5/6,e107aca96e2a9e928041f87981bd358a9f507554b9e09adbefaa6793d9889aa8,816,16,0,832,880,48,4576,1360,340,0,0.611764705882353,0.6,"{""actual_effective_rate"":0.611764705882353,""bg"":""bg2"",""bit_mapping"":""component_Gray_00_-3_01_-1_10_3_11_1_over_sqrt5;QPSK_0_plus1_1_minus1"",""code_blocks"":1,""decoder_config"":{""cn_schedule"":""flooding"",""cn_update"":""boxplus-phi"",""early_stop"":false,""hard_out"":true,""harq_mode"":false,""llr_max"":20.0,""num_iter"":20,""precision"":""single"",""prune_pcm"":true,""return_infobits"":true,""vn_update"":""sum""},""implementation"":{""bit_mapping"":""component_Gray_00_-3_01_-1_10_3_11_1_over_sqrt5;QPSK_0_plus1_1_minus1"",""cuda"":""12.8"",""decoder"":{""cn_schedule"":""flooding"",""cn_update"":""boxplus-phi"",""early_stop"":false,""hard_out"":true,""harq_mode"":false,""llr_max"":20.0,""num_iter"":20,""precision"":""single"",""prune_pcm"":true,""return_infobits"":true,""vn_update"":""sum""},""decoder_source_sha256"":""44d84b92b749e2970f94d92cd348a11648e2286b4d851faa0af8b21d08f0da23"",""encoder_source_sha256"":""34d8db6660b2e84708a8fb534f63c194f6f2b964e3693fcffc9dcaf21532ccfd"",""implementation"":""Sionna_5G_LDPC"",""power_protocol"":""fixed_constellation_average_Es2"",""precision"":""float32"",""rate_matching"":""Sionna RV0; filler removal, first2Z and tail puncturing; supported n only"",""scrambling"":""public_PCG64_SHA256_protocol_session_frame_group_counter_after_rate_matching_v1"",""torch"":""2.11.0+cu128"",""version"":""2.2.0""},""interleaver_sha256"":""ffe4a91b2dbf3157aff76ff48d3d032b4a29063afcd92c2ae4f602b377946d9c"",""k"":832,""k_filler"":48,""k_ldpc"":880,""layout_id"":""32d3a205114fdb289f1debaaaff7713b5807223030ddb4d1be1aff134ff6fab8"",""modulation_padding_bits"":0,""mother_bits"":4576,""n"":1360,""n_cb"":4400,""n_cb_comp"":4352,""power_protocol"":""fixed_constellation_average_Es2"",""puncturing_bits"":3168,""puncturing_first_2Z"":176,""puncturing_remaining"":2992,""repetition_bits"":0,""scrambling"":""public_PCG64_SHA256_protocol_session_frame_group_counter_after_rate_matching_v1"",""shortening_bits"":48,""z"":88}",[1024]
16QAM,3/4,16QAM:r3/4,e10acedcb52cdb5437ca66102417b4e26e5396058b0ee63e5cced220e7c40ba0,1800,16,0,1816,1920,104,9984,6556,1639,0,0.2769981696156193,0.2745576571079927,"{""actual_effective_rate"":0.2769981696156193,""bg"":""bg2"",""bit_mapping"":""component_Gray_00_-3_01_-1_10_3_11_1_over_sqrt5;QPSK_0_plus1_1_minus1"",""code_blocks"":1,""decoder_config"":{""cn_schedule"":""flooding"",""cn_update"":""boxplus-phi"",""early_stop"":false,""hard_out"":true,""harq_mode"":false,""llr_max"":20.0,""num_iter"":20,""precision"":""single"",""prune_pcm"":true,""return_infobits"":true,""vn_update"":""sum""},""implementation"":{""bit_mapping"":""component_Gray_00_-3_01_-1_10_3_11_1_over_sqrt5;QPSK_0_plus1_1_minus1"",""cuda"":""12.8"",""decoder"":{""cn_schedule"":""flooding"",""cn_update"":""boxplus-phi"",""early_stop"":false,""hard_out"":true,""harq_mode"":false,""llr_max"":20.0,""num_iter"":20,""precision"":""single"",""prune_pcm"":true,""return_infobits"":true,""vn_update"":""sum""},""decoder_source_sha256"":""44d84b92b749e2970f94d92cd348a11648e2286b4d851faa0af8b21d08f0da23"",""encoder_source_sha256"":""34d8db6660b2e84708a8fb534f63c194f6f2b964e3693fcffc9dcaf21532ccfd"",""implementation"":""Sionna_5G_LDPC"",""power_protocol"":""fixed_constellation_average_Es2"",""precision"":""float32"",""rate_matching"":""Sionna RV0; filler removal, first2Z and tail puncturing; supported n only"",""scrambling"":""public_PCG64_SHA256_protocol_session_frame_group_counter_after_rate_matching_v1"",""torch"":""2.11.0+cu128"",""version"":""2.2.0""},""interleaver_sha256"":""f356c8ff21872a64d6dabb3f363ade48f2fbd0d98a197236e0a4a1369df06f10"",""k"":1816,""k_filler"":104,""k_ldpc"":1920,""layout_id"":""6aef4acdc0ccd9915070823e578ed9e42ba7b2a27d875808962d167be021812b"",""modulation_padding_bits"":0,""mother_bits"":9984,""n"":6556,""n_cb"":9600,""n_cb_comp"":9496,""power_protocol"":""fixed_constellation_average_Es2"",""puncturing_bits"":3324,""puncturing_first_2Z"":384,""puncturing_remaining"":2940,""repetition_bits"":0,""scrambling"":""public_PCG64_SHA256_protocol_session_frame_group_counter_after_rate_matching_v1"",""shortening_bits"":104,""z"":192}",[2048]
QPSK,1/3,QPSK:r1/3,e11261e216a50b0c3de0f7e4952785880b5b950a898972371658c57803eb4993,1008,16,0,1024,1040,16,5408,3072,1536,0,0.3333333333333333,0.328125,"{""actual_effective_rate"":0.3333333333333333,""bg"":""bg2"",""bit_mapping"":""component_Gray_00_-3_01_-1_10_3_11_1_over_sqrt5;QPSK_0_plus1_1_minus1"",""code_blocks"":1,""decoder_config"":{""cn_schedule"":""flooding"",""cn_update"":""boxplus-phi"",""early_stop"":false,""hard_out"":true,""harq_mode"":false,""llr_max"":20.0,""num_iter"":20,""precision"":""single"",""prune_pcm"":true,""return_infobits"":true,""vn_update"":""sum""},""implementation"":{""bit_mapping"":""component_Gray_00_-3_01_-1_10_3_11_1_over_sqrt5;QPSK_0_plus1_1_minus1"",""cuda"":""12.8"",""decoder"":{""cn_schedule"":""flooding"",""cn_update"":""boxplus-phi"",""early_stop"":false,""hard_out"":true,""harq_mode"":false,""llr_max"":20.0,""num_iter"":20,""precision"":""single"",""prune_pcm"":true,""return_infobits"":true,""vn_update"":""sum""},""decoder_source_sha256"":""44d84b92b749e2970f94d92cd348a11648e2286b4d851faa0af8b21d08f0da23"",""encoder_source_sha256"":""34d8db6660b2e84708a8fb534f63c194f6f2b964e3693fcffc9dcaf21532ccfd"",""implementation"":""Sionna_5G_LDPC"",""power_protocol"":""fixed_constellation_average_Es2"",""precision"":""float32"",""rate_matching"":""Sionna RV0; filler removal, first2Z and tail puncturing; supported n only"",""scrambling"":""public_PCG64_SHA256_protocol_session_frame_group_counter_after_rate_matching_v1"",""torch"":""2.11.0+cu128"",""version"":""2.2.0""},""interleaver_sha256"":""7ae3dab80a334882098c249629d2e3083f66d2ad01439ea8f9cc4ecc55699884"",""k"":1024,""k_filler"":16,""k_ldpc"":1040,""layout_id"":""654ca3960db0fb2c1034c94bf2b3d52fb2df7858a87c2bddb300399d45876f74"",""modulation_padding_bits"":0,""mother_bits"":5408,""n"":3072,""n_cb"":5200,""n_cb_comp"":5184,""power_protocol"":""fixed_constellation_average_Es2"",""puncturing_bits"":2320,""puncturing_first_2Z"":208,""puncturing_remaining"":2112,""repetition_bits"":0,""scrambling"":""public_PCG64_SHA256_protocol_session_frame_group_counter_after_rate_matching_v1"",""shortening_bits"":16,""z"":104}",[2048]
16QAM,5/6,16QAM:r5/6,e119c0ab988543d197b066ad831abcaeeb9f08804152467948a693dfbd1a4b32,384,16,0,400,520,120,2704,856,214,0,0.4672897196261682,0.4485981308411215,"{""actual_effective_rate"":0.4672897196261682,""bg"":""bg2"",""bit_mapping"":""component_Gray_00_-3_01_-1_10_3_11_1_over_sqrt5;QPSK_0_plus1_1_minus1"",""code_blocks"":1,""decoder_config"":{""cn_schedule"":""flooding"",""cn_update"":""boxplus-phi"",""early_stop"":false,""hard_out"":true,""harq_mode"":false,""llr_max"":20.0,""num_iter"":20,""precision"":""single"",""prune_pcm"":true,""return_infobits"":true,""vn_update"":""sum""},""implementation"":{""bit_mapping"":""component_Gray_00_-3_01_-1_10_3_11_1_over_sqrt5;QPSK_0_plus1_1_minus1"",""cuda"":""12.8"",""decoder"":{""cn_schedule"":""flooding"",""cn_update"":""boxplus-phi"",""early_stop"":false,""hard_out"":true,""harq_mode"":false,""llr_max"":20.0,""num_iter"":20,""precision"":""single"",""prune_pcm"":true,""return_infobits"":true,""vn_update"":""sum""},""decoder_source_sha256"":""44d84b92b749e2970f94d92cd348a11648e2286b4d851faa0af8b21d08f0da23"",""encoder_source_sha256"":""34d8db6660b2e84708a8fb534f63c194f6f2b964e3693fcffc9dcaf21532ccfd"",""implementation"":""Sionna_5G_LDPC"",""power_protocol"":""fixed_constellation_average_Es2"",""precision"":""float32"",""rate_matching"":""Sionna RV0; filler removal, first2Z and tail puncturing; supported n only"",""scrambling"":""public_PCG64_SHA256_protocol_session_frame_group_counter_after_rate_matching_v1"",""torch"":""2.11.0+cu128"",""version"":""2.2.0""},""interleaver_sha256"":""11dbef0d163ae13afa3e4cbd9cf1d336240eae6d804b405a0844cc5832e25eb9"",""k"":400,""k_filler"":120,""k_ldpc"":520,""layout_id"":""c1c2dff349d1d0f50cf1c0a9c5860211ddfe0689fabf25eab1673d4662e31720"",""modulation_padding_bits"":0,""mother_bits"":2704,""n"":856,""n_cb"":2600,""n_cb_comp"":2480,""power_protocol"":""fixed_constellation_average_Es2"",""puncturing_bits"":1728,""puncturing_first_2Z"":104,""puncturing_remaining"":1624,""repetition_bits"":0,""scrambling"":""public_PCG64_SHA256_protocol_session_frame_group_counter_after_rate_matching_v1"",""shortening_bits"":120,""z"":52}",[1024]
16QAM,1/3,16QAM:r1/3,e125ef42f061a809345324fd4eb284b29294a900c148e0f7cad2ca8109de995c,432,16,0,448,560,112,2912,1344,336,0,0.3333333333333333,0.32142857142857145,"{""actual_effective_rate"":0.3333333333333333,""bg"":""bg2"",""bit_mapping"":""component_Gray_00_-3_01_-1_10_3_11_1_over_sqrt5;QPSK_0_plus1_1_minus1"",""code_blocks"":1,""decoder_config"":{""cn_schedule"":""flooding"",""cn_update"":""boxplus-phi"",""early_stop"":false,""hard_out"":true,""harq_mode"":false,""llr_max"":20.0,""num_iter"":20,""precision"":""single"",""prune_pcm"":true,""return_infobits"":true,""vn_update"":""sum""},""implementation"":{""bit_mapping"":""component_Gray_00_-3_01_-1_10_3_11_1_over_sqrt5;QPSK_0_plus1_1_minus1"",""cuda"":""12.8"",""decoder"":{""cn_schedule"":""flooding"",""cn_update"":""boxplus-phi"",""early_stop"":false,""hard_out"":true,""harq_mode"":false,""llr_max"":20.0,""num_iter"":20,""precision"":""single"",""prune_pcm"":true,""return_infobits"":true,""vn_update"":""sum""},""decoder_source_sha256"":""44d84b92b749e2970f94d92cd348a11648e2286b4d851faa0af8b21d08f0da23"",""encoder_source_sha256"":""34d8db6660b2e84708a8fb534f63c194f6f2b964e3693fcffc9dcaf21532ccfd"",""implementation"":""Sionna_5G_LDPC"",""power_protocol"":""fixed_constellation_average_Es2"",""precision"":""float32"",""rate_matching"":""Sionna RV0; filler removal, first2Z and tail puncturing; supported n only"",""scrambling"":""public_PCG64_SHA256_protocol_session_frame_group_counter_after_rate_matching_v1"",""torch"":""2.11.0+cu128"",""version"":""2.2.0""},""interleaver_sha256"":""b9f23f7b69a297752e56aad889770a9198377e8ecdbc31cd012411f59353a3c2"",""k"":448,""k_filler"":112,""k_ldpc"":560,""layout_id"":""8b5c66dceb9379aee01fef0c5691b685dcc0c8ee27c99b2da8c36cb764b57a75"",""modulation_padding_bits"":0,""mother_bits"":2912,""n"":1344,""n_cb"":2800,""n_cb_comp"":2688,""power_protocol"":""fixed_constellation_average_Es2"",""puncturing_bits"":1456,""puncturing_first_2Z"":112,""puncturing_remaining"":1344,""repetition_bits"":0,""scrambling"":""public_PCG64_SHA256_protocol_session_frame_group_counter_after_rate_matching_v1"",""shortening_bits"":112,""z"":56}","[1024,2048]"
16QAM,1/2,16QAM:r1/2,e132c25ec796163d2546761f7d1094244e307bafecbd918a8138cbbf89b006f2,360,16,0,376,480,104,2496,820,205,0,0.4585365853658537,0.43902439024390244,"{""actual_effective_rate"":0.4585365853658537,""bg"":""bg2"",""bit_mapping"":""component_Gray_00_-3_01_-1_10_3_11_1_over_sqrt5;QPSK_0_plus1_1_minus1"",""code_blocks"":1,""decoder_config"":{""cn_schedule"":""flooding"",""cn_update"":""boxplus-phi"",""early_stop"":false,""hard_out"":true,""harq_mode"":false,""llr_max"":20.0,""num_iter"":20,""precision"":""single"",""prune_pcm"":true,""return_infobits"":true,""vn_update"":""sum""},""implementation"":{""bit_mapping"":""component_Gray_00_-3_01_-1_10_3_11_1_over_sqrt5;QPSK_0_plus1_1_minus1"",""cuda"":""12.8"",""decoder"":{""cn_schedule"":""flooding"",""cn_update"":""boxplus-phi"",""early_stop"":false,""hard_out"":true,""harq_mode"":false,""llr_max"":20.0,""num_iter"":20,""precision"":""single"",""prune_pcm"":true,""return_infobits"":true,""vn_update"":""sum""},""decoder_source_sha256"":""44d84b92b749e2970f94d92cd348a11648e2286b4d851faa0af8b21d08f0da23"",""encoder_source_sha256"":""34d8db6660b2e84708a8fb534f63c194f6f2b964e3693fcffc9dcaf21532ccfd"",""implementation"":""Sionna_5G_LDPC"",""power_protocol"":""fixed_constellation_average_Es2"",""precision"":""float32"",""rate_matching"":""Sionna RV0; filler removal, first2Z and tail puncturing; supported n only"",""scrambling"":""public_PCG64_SHA256_protocol_session_frame_group_counter_after_rate_matching_v1"",""torch"":""2.11.0+cu128"",""version"":""2.2.0""},""interleaver_sha256"":""ce129f51f37f6b58177702d9b8c5340cb0aee936a207d8dfb1fc91f6b5ea4b25"",""k"":376,""k_filler"":104,""k_ldpc"":480,""layout_id"":""9d39625ebd100fe6caa45769df4df445c5a51fa4bd61f0a40478fb93fdf39ed5"",""modulation_padding_bits"":0,""mother_bits"":2496,""n"":820,""n_cb"":2400,""n_cb_comp"":2296,""power_protocol"":""fixed_constellation_average_Es2"",""puncturing_bits"":1572,""puncturing_first_2Z"":96,""puncturing_remaining"":1476,""repetition_bits"":0,""scrambling"":""public_PCG64_SHA256_protocol_session_frame_group_counter_after_rate_matching_v1"",""shortening_bits"":104,""z"":48}",[2048]
QPSK,1/2,QPSK:r1/2,e13919bea40a9626988dc6605d1f790f03f42f5d0770593b41ebe1347712fd68,144,16,0,160,280,120,1456,320,160,0,0.5,0.45,"{""actual_effective_rate"":0.5,""bg"":""bg2"",""bit_mapping"":""component_Gray_00_-3_01_-1_10_3_11_1_over_sqrt5;QPSK_0_plus1_1_minus1"",""code_blocks"":1,""decoder_config"":{""cn_schedule"":""flooding"",""cn_update"":""boxplus-phi"",""early_stop"":false,""hard_out"":true,""harq_mode"":false,""llr_max"":20.0,""num_iter"":20,""precision"":""single"",""prune_pcm"":true,""return_infobits"":true,""vn_update"":""sum""},""implementation"":{""bit_mapping"":""component_Gray_00_-3_01_-1_10_3_11_1_over_sqrt5;QPSK_0_plus1_1_minus1"",""cuda"":""12.8"",""decoder"":{""cn_schedule"":""flooding"",""cn_update"":""boxplus-phi"",""early_stop"":false,""hard_out"":true,""harq_mode"":false,""llr_max"":20.0,""num_iter"":20,""precision"":""single"",""prune_pcm"":true,""return_infobits"":true,""vn_update"":""sum""},""decoder_source_sha256"":""44d84b92b749e2970f94d92cd348a11648e2286b4d851faa0af8b21d08f0da23"",""encoder_source_sha256"":""34d8db6660b2e84708a8fb534f63c194f6f2b964e3693fcffc9dcaf21532ccfd"",""implementation"":""Sionna_5G_LDPC"",""power_protocol"":""fixed_constellation_average_Es2"",""precision"":""float32"",""rate_matching"":""Sionna RV0; filler removal, first2Z and tail puncturing; supported n only"",""scrambling"":""public_PCG64_SHA256_protocol_session_frame_group_counter_after_rate_matching_v1"",""torch"":""2.11.0+cu128"",""version"":""2.2.0""},""interleaver_sha256"":""b3adb3f207765051349c941b87bb269db161f30de546a2cd3232098b9cb4afa6"",""k"":160,""k_filler"":120,""k_ldpc"":280,""layout_id"":""6fca0798077561ab2fadc2c117c98253b4d21136a51e299ffa911a9163c0e557"",""modulation_padding_bits"":0,""mother_bits"":1456,""n"":320,""n_cb"":1400,""n_cb_comp"":1280,""power_protocol"":""fixed_constellation_average_Es2"",""puncturing_bits"":1016,""puncturing_first_2Z"":56,""puncturing_remaining"":960,""repetition_bits"":0,""scrambling"":""public_PCG64_SHA256_protocol_session_frame_group_counter_after_rate_matching_v1"",""shortening_bits"":120,""z"":28}","[1024,2048]"
16QAM,3/4,16QAM:r3/4,e13be35e0b12e852fbd3ee7a175011312f82d7103940bb3f8e1fb0268aa1f5eb,1092,16,0,1108,1144,36,3536,1492,373,0,0.7426273458445041,0.7319034852546917,"{""actual_effective_rate"":0.7426273458445041,""bg"":""bg1"",""bit_mapping"":""component_Gray_00_-3_01_-1_10_3_11_1_over_sqrt5;QPSK_0_plus1_1_minus1"",""code_blocks"":1,""decoder_config"":{""cn_schedule"":""flooding"",""cn_update"":""boxplus-phi"",""early_stop"":false,""hard_out"":true,""harq_mode"":false,""llr_max"":20.0,""num_iter"":20,""precision"":""single"",""prune_pcm"":true,""return_infobits"":true,""vn_update"":""sum""},""implementation"":{""bit_mapping"":""component_Gray_00_-3_01_-1_10_3_11_1_over_sqrt5;QPSK_0_plus1_1_minus1"",""cuda"":""12.8"",""decoder"":{""cn_schedule"":""flooding"",""cn_update"":""boxplus-phi"",""early_stop"":false,""hard_out"":true,""harq_mode"":false,""llr_max"":20.0,""num_iter"":20,""precision"":""single"",""prune_pcm"":true,""return_infobits"":true,""vn_update"":""sum""},""decoder_source_sha256"":""44d84b92b749e2970f94d92cd348a11648e2286b4d851faa0af8b21d08f0da23"",""encoder_source_sha256"":""34d8db6660b2e84708a8fb534f63c194f6f2b964e3693fcffc9dcaf21532ccfd"",""implementation"":""Sionna_5G_LDPC"",""power_protocol"":""fixed_constellation_average_Es2"",""precision"":""float32"",""rate_matching"":""Sionna RV0; filler removal, first2Z and tail puncturing; supported n only"",""scrambling"":""public_PCG64_SHA256_protocol_session_frame_group_counter_after_rate_matching_v1"",""torch"":""2.11.0+cu128"",""version"":""2.2.0""},""interleaver_sha256"":""7c1ba16a86ec8cf21da4a24a58c348964ddd6939e91540878f2fff9b771fe493"",""k"":1108,""k_filler"":36,""k_ldpc"":1144,""layout_id"":""a9f449f0954d306331e3d74e5bc51ed525efd46a7cb92345bcecdd909e59d3d6"",""modulation_padding_bits"":0,""mother_bits"":3536,""n"":1492,""n_cb"":3432,""n_cb_comp"":3396,""power_protocol"":""fixed_constellation_average_Es2"",""puncturing_bits"":2008,""puncturing_first_2Z"":104,""puncturing_remaining"":1904,""repetition_bits"":0,""scrambling"":""public_PCG64_SHA256_protocol_session_frame_group_counter_after_rate_matching_v1"",""shortening_bits"":36,""z"":52}",[1024]
16QAM,1/2,16QAM:r1/2,e141bddd9a210a070640172677ccf1b7d68130732daed21be6b2df0a6ebd0a4f,1860,16,0,1876,1920,44,9984,5264,1316,0,0.35638297872340424,0.3533434650455927,"{""actual_effective_rate"":0.35638297872340424,""bg"":""bg2"",""bit_mapping"":""component_Gray_00_-3_01_-1_10_3_11_1_over_sqrt5;QPSK_0_plus1_1_minus1"",""code_blocks"":1,""decoder_config"":{""cn_schedule"":""flooding"",""cn_update"":""boxplus-phi"",""early_stop"":false,""hard_out"":true,""harq_mode"":false,""llr_max"":20.0,""num_iter"":20,""precision"":""single"",""prune_pcm"":true,""return_infobits"":true,""vn_update"":""sum""},""implementation"":{""bit_mapping"":""component_Gray_00_-3_01_-1_10_3_11_1_over_sqrt5;QPSK_0_plus1_1_minus1"",""cuda"":""12.8"",""decoder"":{""cn_schedule"":""flooding"",""cn_update"":""boxplus-phi"",""early_stop"":false,""hard_out"":true,""harq_mode"":false,""llr_max"":20.0,""num_iter"":20,""precision"":""single"",""prune_pcm"":true,""return_infobits"":true,""vn_update"":""sum""},""decoder_source_sha256"":""44d84b92b749e2970f94d92cd348a11648e2286b4d851faa0af8b21d08f0da23"",""encoder_source_sha256"":""34d8db6660b2e84708a8fb534f63c194f6f2b964e3693fcffc9dcaf21532ccfd"",""implementation"":""Sionna_5G_LDPC"",""power_protocol"":""fixed_constellation_average_Es2"",""precision"":""float32"",""rate_matching"":""Sionna RV0; filler removal, first2Z and tail puncturing; supported n only"",""scrambling"":""public_PCG64_SHA256_protocol_session_frame_group_counter_after_rate_matching_v1"",""torch"":""2.11.0+cu128"",""version"":""2.2.0""},""interleaver_sha256"":""e1fc41bcd66b3e6fbff5dd4fe4a87e8628cdd74b9e98e95f1117c33cace585d1"",""k"":1876,""k_filler"":44,""k_ldpc"":1920,""layout_id"":""a7105911ab818ca98755c023fdfd9e84fb52f53304ea37e23494cd472e96aedc"",""modulation_padding_bits"":0,""mother_bits"":9984,""n"":5264,""n_cb"":9600,""n_cb_comp"":9556,""power_protocol"":""fixed_constellation_average_Es2"",""puncturing_bits"":4676,""puncturing_first_2Z"":384,""puncturing_remaining"":4292,""repetition_bits"":0,""scrambling"":""public_PCG64_SHA256_protocol_session_frame_group_counter_after_rate_matching_v1"",""shortening_bits"":44,""z"":192}",[2048]
16QAM,5/6,16QAM:r5/6,e153095b68b5472babb8fa3234491d8d2d84c125cd990d2540d3c5ec37875adf,108,16,0,124,220,96,1144,548,137,0,0.22627737226277372,0.19708029197080293,"{""actual_effective_rate"":0.22627737226277372,""bg"":""bg2"",""bit_mapping"":""component_Gray_00_-3_01_-1_10_3_11_1_over_sqrt5;QPSK_0_plus1_1_minus1"",""code_blocks"":1,""decoder_config"":{""cn_schedule"":""flooding"",""cn_update"":""boxplus-phi"",""early_stop"":false,""hard_out"":true,""harq_mode"":false,""llr_max"":20.0,""num_iter"":20,""precision"":""single"",""prune_pcm"":true,""return_infobits"":true,""vn_update"":""sum""},""implementation"":{""bit_mapping"":""component_Gray_00_-3_01_-1_10_3_11_1_over_sqrt5;QPSK_0_plus1_1_minus1"",""cuda"":""12.8"",""decoder"":{""cn_schedule"":""flooding"",""cn_update"":""boxplus-phi"",""early_stop"":false,""hard_out"":true,""harq_mode"":false,""llr_max"":20.0,""num_iter"":20,""precision"":""single"",""prune_pcm"":true,""return_infobits"":true,""vn_update"":""sum""},""decoder_source_sha256"":""44d84b92b749e2970f94d92cd348a11648e2286b4d851faa0af8b21d08f0da23"",""encoder_source_sha256"":""34d8db6660b2e84708a8fb534f63c194f6f2b964e3693fcffc9dcaf21532ccfd"",""implementation"":""Sionna_5G_LDPC"",""power_protocol"":""fixed_constellation_average_Es2"",""precision"":""float32"",""rate_matching"":""Sionna RV0; filler removal, first2Z and tail puncturing; supported n only"",""scrambling"":""public_PCG64_SHA256_protocol_session_frame_group_counter_after_rate_matching_v1"",""torch"":""2.11.0+cu128"",""version"":""2.2.0""},""interleaver_sha256"":""cb18c9df86dcabc0722094101213937b0b21546f430d80fbb01ac6aa62fb74b8"",""k"":124,""k_filler"":96,""k_ldpc"":220,""layout_id"":""4271aecb0f99e1a91e4881428579d5758bfa7f9a790657d2be728ee4f2c0a9c3"",""modulation_padding_bits"":0,""mother_bits"":1144,""n"":548,""n_cb"":1100,""n_cb_comp"":1004,""power_protocol"":""fixed_constellation_average_Es2"",""puncturing_bits"":500,""puncturing_first_2Z"":44,""puncturing_remaining"":456,""repetition_bits"":0,""scrambling"":""public_PCG64_SHA256_protocol_session_frame_group_counter_after_rate_matching_v1"",""shortening_bits"":96,""z"":22}",[1024]
QPSK,5/6,QPSK:r5/6,e1531a001e991939765f9ca91e48ee3ae4bcff8394d4f8494bc9f8a8d6155e88,1800,16,0,1816,1936,120,5984,2444,1222,0,0.7430441898527005,0.7364975450081833,"{""actual_effective_rate"":0.7430441898527005,""bg"":""bg1"",""bit_mapping"":""component_Gray_00_-3_01_-1_10_3_11_1_over_sqrt5;QPSK_0_plus1_1_minus1"",""code_blocks"":1,""decoder_config"":{""cn_schedule"":""flooding"",""cn_update"":""boxplus-phi"",""early_stop"":false,""hard_out"":true,""harq_mode"":false,""llr_max"":20.0,""num_iter"":20,""precision"":""single"",""prune_pcm"":true,""return_infobits"":true,""vn_update"":""sum""},""implementation"":{""bit_mapping"":""component_Gray_00_-3_01_-1_10_3_11_1_over_sqrt5;QPSK_0_plus1_1_minus1"",""cuda"":""12.8"",""decoder"":{""cn_schedule"":""flooding"",""cn_update"":""boxplus-phi"",""early_stop"":false,""hard_out"":true,""harq_mode"":false,""llr_max"":20.0,""num_iter"":20,""precision"":""single"",""prune_pcm"":true,""return_infobits"":true,""vn_update"":""sum""},""decoder_source_sha256"":""44d84b92b749e2970f94d92cd348a11648e2286b4d851faa0af8b21d08f0da23"",""encoder_source_sha256"":""34d8db6660b2e84708a8fb534f63c194f6f2b964e3693fcffc9dcaf21532ccfd"",""implementation"":""Sionna_5G_LDPC"",""power_protocol"":""fixed_constellation_average_Es2"",""precision"":""float32"",""rate_matching"":""Sionna RV0; filler removal, first2Z and tail puncturing; supported n only"",""scrambling"":""public_PCG64_SHA256_protocol_session_frame_group_counter_after_rate_matching_v1"",""torch"":""2.11.0+cu128"",""version"":""2.2.0""},""interleaver_sha256"":""6580d5bd95835475a4974f7a39d8823a0eec6186811e08647f87bf9db220834f"",""k"":1816,""k_filler"":120,""k_ldpc"":1936,""layout_id"":""e40c6c90f52b7a121d634a53659905333f33a93b348f3825a16eaea33d5eb033"",""modulation_padding_bits"":0,""mother_bits"":5984,""n"":2444,""n_cb"":5808,""n_cb_comp"":5688,""power_protocol"":""fixed_constellation_average_Es2"",""puncturing_bits"":3420,""puncturing_first_2Z"":176,""puncturing_remaining"":3244,""repetition_bits"":0,""scrambling"":""public_PCG64_SHA256_protocol_session_frame_group_counter_after_rate_matching_v1"",""shortening_bits"":120,""z"":88}",[2048]
16QAM,3/4,16QAM:r3/4,e153616b97d19f076d6bc9eca5b8eb3982848b3469079bf082e5b1056fbaca46,4212,16,0,4228,4576,348,14144,6252,1563,0,0.6762635956493922,0.6737044145873321,"{""actual_effective_rate"":0.6762635956493922,""bg"":""bg1"",""bit_mapping"":""component_Gray_00_-3_01_-1_10_3_11_1_over_sqrt5;QPSK_0_plus1_1_minus1"",""code_blocks"":1,""decoder_config"":{""cn_schedule"":""flooding"",""cn_update"":""boxplus-phi"",""early_stop"":false,""hard_out"":true,""harq_mode"":false,""llr_max"":20.0,""num_iter"":20,""precision"":""single"",""prune_pcm"":true,""return_infobits"":true,""vn_update"":""sum""},""implementation"":{""bit_mapping"":""component_Gray_00_-3_01_-1_10_3_11_1_over_sqrt5;QPSK_0_plus1_1_minus1"",""cuda"":""12.8"",""decoder"":{""cn_schedule"":""flooding"",""cn_update"":""boxplus-phi"",""early_stop"":false,""hard_out"":true,""harq_mode"":false,""llr_max"":20.0,""num_iter"":20,""precision"":""single"",""prune_pcm"":true,""return_infobits"":true,""vn_update"":""sum""},""decoder_source_sha256"":""44d84b92b749e2970f94d92cd348a11648e2286b4d851faa0af8b21d08f0da23"",""encoder_source_sha256"":""34d8db6660b2e84708a8fb534f63c194f6f2b964e3693fcffc9dcaf21532ccfd"",""implementation"":""Sionna_5G_LDPC"",""power_protocol"":""fixed_constellation_average_Es2"",""precision"":""float32"",""rate_matching"":""Sionna RV0; filler removal, first2Z and tail puncturing; supported n only"",""scrambling"":""public_PCG64_SHA256_protocol_session_frame_group_counter_after_rate_matching_v1"",""torch"":""2.11.0+cu128"",""version"":""2.2.0""},""interleaver_sha256"":""1fec71fedb55051d20471e8590a3fe5197177b7d6f3ab77cc0621f6147a7485f"",""k"":4228,""k_filler"":348,""k_ldpc"":4576,""layout_id"":""3fc8ce796b0147f789d0c5c221520c551756bf2db529c21c9336166bbf9d0ce0"",""modulation_padding_bits"":0,""mother_bits"":14144,""n"":6252,""n_cb"":13728,""n_cb_comp"":13380,""power_protocol"":""fixed_constellation_average_Es2"",""puncturing_bits"":7544,""puncturing_first_2Z"":416,""puncturing_remaining"":7128,""repetition_bits"":0,""scrambling"":""public_PCG64_SHA256_protocol_session_frame_group_counter_after_rate_matching_v1"",""shortening_bits"":348,""z"":208}",[2048]
QPSK,1/2,QPSK:r1/2,e156f6c281fd3e7979a02fab7e36745d0a80b3ca24067c9f0582063c1a2a4457,1008,16,0,1024,1040,16,5408,2976,1488,0,0.34408602150537637,0.3387096774193548,"{""actual_effective_rate"":0.34408602150537637,""bg"":""bg2"",""bit_mapping"":""component_Gray_00_-3_01_-1_10_3_11_1_over_sqrt5;QPSK_0_plus1_1_minus1"",""code_blocks"":1,""decoder_config"":{""cn_schedule"":""flooding"",""cn_update"":""boxplus-phi"",""early_stop"":false,""hard_out"":true,""harq_mode"":false,""llr_max"":20.0,""num_iter"":20,""precision"":""single"",""prune_pcm"":true,""return_infobits"":true,""vn_update"":""sum""},""implementation"":{""bit_mapping"":""component_Gray_00_-3_01_-1_10_3_11_1_over_sqrt5;QPSK_0_plus1_1_minus1"",""cuda"":""12.8"",""decoder"":{""cn_schedule"":""flooding"",""cn_update"":""boxplus-phi"",""early_stop"":false,""hard_out"":true,""harq_mode"":false,""llr_max"":20.0,""num_iter"":20,""precision"":""single"",""prune_pcm"":true,""return_infobits"":true,""vn_update"":""sum""},""decoder_source_sha256"":""44d84b92b749e2970f94d92cd348a11648e2286b4d851faa0af8b21d08f0da23"",""encoder_source_sha256"":""34d8db6660b2e84708a8fb534f63c194f6f2b964e3693fcffc9dcaf21532ccfd"",""implementation"":""Sionna_5G_LDPC"",""power_protocol"":""fixed_constellation_average_Es2"",""precision"":""float32"",""rate_matching"":""Sionna RV0; filler removal, first2Z and tail puncturing; supported n only"",""scrambling"":""public_PCG64_SHA256_protocol_session_frame_group_counter_after_rate_matching_v1"",""torch"":""2.11.0+cu128"",""version"":""2.2.0""},""interleaver_sha256"":""69401afe953b19eee15f6c61853051a5f7bad5d442f87666a0ec63fa0e488145"",""k"":1024,""k_filler"":16,""k_ldpc"":1040,""layout_id"":""61a64fd678ee347549cfc00a3f17d98ae60fb541c46da6210acc44d0b8ada4c2"",""modulation_padding_bits"":0,""mother_bits"":5408,""n"":2976,""n_cb"":5200,""n_cb_comp"":5184,""power_protocol"":""fixed_constellation_average_Es2"",""puncturing_bits"":2416,""puncturing_first_2Z"":208,""puncturing_remaining"":2208,""repetition_bits"":0,""scrambling"":""public_PCG64_SHA256_protocol_session_frame_group_counter_after_rate_matching_v1"",""shortening_bits"":16,""z"":104}",[2048]
16QAM,5/6,16QAM:r5/6,e1571a684c454e12d9190511ca268a7e6bea604667f25159cad4b6acf478277f,432,16,0,448,560,112,2912,1664,416,0,0.2692307692307692,0.25961538461538464,"{""actual_effective_rate"":0.2692307692307692,""bg"":""bg2"",""bit_mapping"":""component_Gray_00_-3_01_-1_10_3_11_1_over_sqrt5;QPSK_0_plus1_1_minus1"",""code_blocks"":1,""decoder_config"":{""cn_schedule"":""flooding"",""cn_update"":""boxplus-phi"",""early_stop"":false,""hard_out"":true,""harq_mode"":false,""llr_max"":20.0,""num_iter"":20,""precision"":""single"",""prune_pcm"":true,""return_infobits"":true,""vn_update"":""sum""},""implementation"":{""bit_mapping"":""component_Gray_00_-3_01_-1_10_3_11_1_over_sqrt5;QPSK_0_plus1_1_minus1"",""cuda"":""12.8"",""decoder"":{""cn_schedule"":""flooding"",""cn_update"":""boxplus-phi"",""early_stop"":false,""hard_out"":true,""harq_mode"":false,""llr_max"":20.0,""num_iter"":20,""precision"":""single"",""prune_pcm"":true,""return_infobits"":true,""vn_update"":""sum""},""decoder_source_sha256"":""44d84b92b749e2970f94d92cd348a11648e2286b4d851faa0af8b21d08f0da23"",""encoder_source_sha256"":""34d8db6660b2e84708a8fb534f63c194f6f2b964e3693fcffc9dcaf21532ccfd"",""implementation"":""Sionna_5G_LDPC"",""power_protocol"":""fixed_constellation_average_Es2"",""precision"":""float32"",""rate_matching"":""Sionna RV0; filler removal, first2Z and tail puncturing; supported n only"",""scrambling"":""public_PCG64_SHA256_protocol_session_frame_group_counter_after_rate_matching_v1"",""torch"":""2.11.0+cu128"",""version"":""2.2.0""},""interleaver_sha256"":""f6dde009525145637911f5c545ed577d4ce7421514055dd21b1f39aeab75068e"",""k"":448,""k_filler"":112,""k_ldpc"":560,""layout_id"":""d5c02cdcf677367b39bd20eef4022494827f0bfb7be2f16b7aa9d25bad9ab0eb"",""modulation_padding_bits"":0,""mother_bits"":2912,""n"":1664,""n_cb"":2800,""n_cb_comp"":2688,""power_protocol"":""fixed_constellation_average_Es2"",""puncturing_bits"":1136,""puncturing_first_2Z"":112,""puncturing_remaining"":1024,""repetition_bits"":0,""scrambling"":""public_PCG64_SHA256_protocol_session_frame_group_counter_after_rate_matching_v1"",""shortening_bits"":112,""z"":56}",[2048]
QPSK,1/3,QPSK:r1/3,e161d4454a83bc7ef345ed49a4a89a22993e33656b8aa1f6dbb55bda9687886a,408,16,0,424,560,136,2912,1564,782,0,0.2710997442455243,0.2608695652173913,"{""actual_effective_rate"":0.2710997442455243,""bg"":""bg2"",""bit_mapping"":""component_Gray_00_-3_01_-1_10_3_11_1_over_sqrt5;QPSK_0_plus1_1_minus1"",""code_blocks"":1,""decoder_config"":{""cn_schedule"":""flooding"",""cn_update"":""boxplus-phi"",""early_stop"":false,""hard_out"":true,""harq_mode"":false,""llr_max"":20.0,""num_iter"":20,""precision"":""single"",""prune_pcm"":true,""return_infobits"":true,""vn_update"":""sum""},""implementation"":{""bit_mapping"":""component_Gray_00_-3_01_-1_10_3_11_1_over_sqrt5;QPSK_0_plus1_1_minus1"",""cuda"":""12.8"",""decoder"":{""cn_schedule"":""flooding"",""cn_update"":""boxplus-phi"",""early_stop"":false,""hard_out"":true,""harq_mode"":false,""llr_max"":20.0,""num_iter"":20,""precision"":""single"",""prune_pcm"":true,""return_infobits"":true,""vn_update"":""sum""},""decoder_source_sha256"":""44d84b92b749e2970f94d92cd348a11648e2286b4d851faa0af8b21d08f0da23"",""encoder_source_sha256"":""34d8db6660b2e84708a8fb534f63c194f6f2b964e3693fcffc9dcaf21532ccfd"",""implementation"":""Sionna_5G_LDPC"",""power_protocol"":""fixed_constellation_average_Es2"",""precision"":""float32"",""rate_matching"":""Sionna RV0; filler removal, first2Z and tail puncturing; supported n only"",""scrambling"":""public_PCG64_SHA256_protocol_session_frame_group_counter_after_rate_matching_v1"",""torch"":""2.11.0+cu128"",""version"":""2.2.0""},""interleaver_sha256"":""012c211c952a15da5f5367e67081fb36517ec203574c549299141c6c54508072"",""k"":424,""k_filler"":136,""k_ldpc"":560,""layout_id"":""1e922695fd32b4f106df5ff296d489be1a53deb40760fc150c1b784890c5a58d"",""modulation_padding_bits"":0,""mother_bits"":2912,""n"":1564,""n_cb"":2800,""n_cb_comp"":2664,""power_protocol"":""fixed_constellation_average_Es2"",""puncturing_bits"":1212,""puncturing_first_2Z"":112,""puncturing_remaining"":1100,""repetition_bits"":0,""scrambling"":""public_PCG64_SHA256_protocol_session_frame_group_counter_after_rate_matching_v1"",""shortening_bits"":136,""z"":56}",[1024]
QPSK,1/2,QPSK:r1/2,e1631e8763d84c9122de33792c4bdce5626ffdbb6a1c820b7c63fa5a99e735a2,360,16,0,376,480,104,2496,954,477,0,0.3941299790356394,0.37735849056603776,"{""actual_effective_rate"":0.3941299790356394,""bg"":""bg2"",""bit_mapping"":""component_Gray_00_-3_01_-1_10_3_11_1_over_sqrt5;QPSK_0_plus1_1_minus1"",""code_blocks"":1,""decoder_config"":{""cn_schedule"":""flooding"",""cn_update"":""boxplus-phi"",""early_stop"":false,""hard_out"":true,""harq_mode"":false,""llr_max"":20.0,""num_iter"":20,""precision"":""single"",""prune_pcm"":true,""return_infobits"":true,""vn_update"":""sum""},""implementation"":{""bit_mapping"":""component_Gray_00_-3_01_-1_10_3_11_1_over_sqrt5;QPSK_0_plus1_1_minus1"",""cuda"":""12.8"",""decoder"":{""cn_schedule"":""flooding"",""cn_update"":""boxplus-phi"",""early_stop"":false,""hard_out"":true,""harq_mode"":false,""llr_max"":20.0,""num_iter"":20,""precision"":""single"",""prune_pcm"":true,""return_infobits"":true,""vn_update"":""sum""},""decoder_source_sha256"":""44d84b92b749e2970f94d92cd348a11648e2286b4d851faa0af8b21d08f0da23"",""encoder_source_sha256"":""34d8db6660b2e84708a8fb534f63c194f6f2b964e3693fcffc9dcaf21532ccfd"",""implementation"":""Sionna_5G_LDPC"",""power_protocol"":""fixed_constellation_average_Es2"",""precision"":""float32"",""rate_matching"":""Sionna RV0; filler removal, first2Z and tail puncturing; supported n only"",""scrambling"":""public_PCG64_SHA256_protocol_session_frame_group_counter_after_rate_matching_v1"",""torch"":""2.11.0+cu128"",""version"":""2.2.0""},""interleaver_sha256"":""94eb5324ec9669434fa0e3404b3de59942c2938731f52134b94de5a2e757672b"",""k"":376,""k_filler"":104,""k_ldpc"":480,""layout_id"":""a6ea5d37e5423472c73117a5bab9ded4101508653b95ef9112e0d589073938b2"",""modulation_padding_bits"":0,""mother_bits"":2496,""n"":954,""n_cb"":2400,""n_cb_comp"":2296,""power_protocol"":""fixed_constellation_average_Es2"",""puncturing_bits"":1438,""puncturing_first_2Z"":96,""puncturing_remaining"":1342,""repetition_bits"":0,""scrambling"":""public_PCG64_SHA256_protocol_session_frame_group_counter_after_rate_matching_v1"",""shortening_bits"":104,""z"":48}",[1024]
16QAM,3/4,16QAM:r3/4,e16b7c91824a620f10efdc0b9ae4dc84058b3edc7d8f6a69fa55b4912fb81428,1860,16,0,1876,1920,44,9984,5320,1330,0,0.3526315789473684,0.34962406015037595,"{""actual_effective_rate"":0.3526315789473684,""bg"":""bg2"",""bit_mapping"":""component_Gray_00_-3_01_-1_10_3_11_1_over_sqrt5;QPSK_0_plus1_1_minus1"",""code_blocks"":1,""decoder_config"":{""cn_schedule"":""flooding"",""cn_update"":""boxplus-phi"",""early_stop"":false,""hard_out"":true,""harq_mode"":false,""llr_max"":20.0,""num_iter"":20,""precision"":""single"",""prune_pcm"":true,""return_infobits"":true,""vn_update"":""sum""},""implementation"":{""bit_mapping"":""component_Gray_00_-3_01_-1_10_3_11_1_over_sqrt5;QPSK_0_plus1_1_minus1"",""cuda"":""12.8"",""decoder"":{""cn_schedule"":""flooding"",""cn_update"":""boxplus-phi"",""early_stop"":false,""hard_out"":true,""harq_mode"":false,""llr_max"":20.0,""num_iter"":20,""precision"":""single"",""prune_pcm"":true,""return_infobits"":true,""vn_update"":""sum""},""decoder_source_sha256"":""44d84b92b749e2970f94d92cd348a11648e2286b4d851faa0af8b21d08f0da23"",""encoder_source_sha256"":""34d8db6660b2e84708a8fb534f63c194f6f2b964e3693fcffc9dcaf21532ccfd"",""implementation"":""Sionna_5G_LDPC"",""power_protocol"":""fixed_constellation_average_Es2"",""precision"":""float32"",""rate_matching"":""Sionna RV0; filler removal, first2Z and tail puncturing; supported n only"",""scrambling"":""public_PCG64_SHA256_protocol_session_frame_group_counter_after_rate_matching_v1"",""torch"":""2.11.0+cu128"",""version"":""2.2.0""},""interleaver_sha256"":""4ea80b31c776be0f7e1835cdc30ee66fbe1ce17ecad8d4fe06dba787bea505f2"",""k"":1876,""k_filler"":44,""k_ldpc"":1920,""layout_id"":""b1ab51939a52a8625b0a9263c5561d1ac89a844478c36dc69f844d5a339edc03"",""modulation_padding_bits"":0,""mother_bits"":9984,""n"":5320,""n_cb"":9600,""n_cb_comp"":9556,""power_protocol"":""fixed_constellation_average_Es2"",""puncturing_bits"":4620,""puncturing_first_2Z"":384,""puncturing_remaining"":4236,""repetition_bits"":0,""scrambling"":""public_PCG64_SHA256_protocol_session_frame_group_counter_after_rate_matching_v1"",""shortening_bits"":44,""z"":192}",[2048]
16QAM,3/4,16QAM:r3/4,e17bd2c1c6202f7197beadf88aef8b5e6ec298ad4f2373734bd62cf4754d10c1,660,16,0,676,720,44,3744,2632,658,0,0.256838905775076,0.2507598784194529,"{""actual_effective_rate"":0.256838905775076,""bg"":""bg2"",""bit_mapping"":""component_Gray_00_-3_01_-1_10_3_11_1_over_sqrt5;QPSK_0_plus1_1_minus1"",""code_blocks"":1,""decoder_config"":{""cn_schedule"":""flooding"",""cn_update"":""boxplus-phi"",""early_stop"":false,""hard_out"":true,""harq_mode"":false,""llr_max"":20.0,""num_iter"":20,""precision"":""single"",""prune_pcm"":true,""return_infobits"":true,""vn_update"":""sum""},""implementation"":{""bit_mapping"":""component_Gray_00_-3_01_-1_10_3_11_1_over_sqrt5;QPSK_0_plus1_1_minus1"",""cuda"":""12.8"",""decoder"":{""cn_schedule"":""flooding"",""cn_update"":""boxplus-phi"",""early_stop"":false,""hard_out"":true,""harq_mode"":false,""llr_max"":20.0,""num_iter"":20,""precision"":""single"",""prune_pcm"":true,""return_infobits"":true,""vn_update"":""sum""},""decoder_source_sha256"":""44d84b92b749e2970f94d92cd348a11648e2286b4d851faa0af8b21d08f0da23"",""encoder_source_sha256"":""34d8db6660b2e84708a8fb534f63c194f6f2b964e3693fcffc9dcaf21532ccfd"",""implementation"":""Sionna_5G_LDPC"",""power_protocol"":""fixed_constellation_average_Es2"",""precision"":""float32"",""rate_matching"":""Sionna RV0; filler removal, first2Z and tail puncturing; supported n only"",""scrambling"":""public_PCG64_SHA256_protocol_session_frame_group_counter_after_rate_matching_v1"",""torch"":""2.11.0+cu128"",""version"":""2.2.0""},""interleaver_sha256"":""61777449accc914294e82212475d4a5d2f385737626f862ef12df9dc3e7f7559"",""k"":676,""k_filler"":44,""k_ldpc"":720,""layout_id"":""ecd8cf5bd2b258fd1e555b999552f0b83ad274f97be552c25b83935a84659bc8"",""modulation_padding_bits"":0,""mother_bits"":3744,""n"":2632,""n_cb"":3600,""n_cb_comp"":3556,""power_protocol"":""fixed_constellation_average_Es2"",""puncturing_bits"":1068,""puncturing_first_2Z"":144,""puncturing_remaining"":924,""repetition_bits"":0,""scrambling"":""public_PCG64_SHA256_protocol_session_frame_group_counter_after_rate_matching_v1"",""shortening_bits"":44,""z"":72}",[2048]
16QAM,1/3,16QAM:r1/3,e18126ea97b8845176b31831d8a6f2b02ef77af37cc62f3c80feaf25594a05cc,360,16,0,376,480,104,2496,1176,294,0,0.3197278911564626,0.30612244897959184,"{""actual_effective_rate"":0.3197278911564626,""bg"":""bg2"",""bit_mapping"":""component_Gray_00_-3_01_-1_10_3_11_1_over_sqrt5;QPSK_0_plus1_1_minus1"",""code_blocks"":1,""decoder_config"":{""cn_schedule"":""flooding"",""cn_update"":""boxplus-phi"",""early_stop"":false,""hard_out"":true,""harq_mode"":false,""llr_max"":20.0,""num_iter"":20,""precision"":""single"",""prune_pcm"":true,""return_infobits"":true,""vn_update"":""sum""},""implementation"":{""bit_mapping"":""component_Gray_00_-3_01_-1_10_3_11_1_over_sqrt5;QPSK_0_plus1_1_minus1"",""cuda"":""12.8"",""decoder"":{""cn_schedule"":""flooding"",""cn_update"":""boxplus-phi"",""early_stop"":false,""hard_out"":true,""harq_mode"":false,""llr_max"":20.0,""num_iter"":20,""precision"":""single"",""prune_pcm"":true,""return_infobits"":true,""vn_update"":""sum""},""decoder_source_sha256"":""44d84b92b749e2970f94d92cd348a11648e2286b4d851faa0af8b21d08f0da23"",""encoder_source_sha256"":""34d8db6660b2e84708a8fb534f63c194f6f2b964e3693fcffc9dcaf21532ccfd"",""implementation"":""Sionna_5G_LDPC"",""power_protocol"":""fixed_constellation_average_Es2"",""precision"":""float32"",""rate_matching"":""Sionna RV0; filler removal, first2Z and tail puncturing; supported n only"",""scrambling"":""public_PCG64_SHA256_protocol_session_frame_group_counter_after_rate_matching_v1"",""torch"":""2.11.0+cu128"",""version"":""2.2.0""},""interleaver_sha256"":""5677addd54d2aa4916c2fa78c6f5cd07b52006280ec9a8f6a71170ee8a5a76b3"",""k"":376,""k_filler"":104,""k_ldpc"":480,""layout_id"":""b3c4f7009d4c56be4d613e4c7d808b13ad5a3a752de21c086cc93941c7a6910e"",""modulation_padding_bits"":0,""mother_bits"":2496,""n"":1176,""n_cb"":2400,""n_cb_comp"":2296,""power_protocol"":""fixed_constellation_average_Es2"",""puncturing_bits"":1216,""puncturing_first_2Z"":96,""puncturing_remaining"":1120,""repetition_bits"":0,""scrambling"":""public_PCG64_SHA256_protocol_session_frame_group_counter_after_rate_matching_v1"",""shortening_bits"":104,""z"":48}","[1024,2048]"
QPSK,2/3,QPSK:r2/3,e18e9d1ec7785c583658fe968bd4ebf27b88abbb71992b30af41cdbcab77c10c,108,16,0,124,220,96,1144,556,278,0,0.22302158273381295,0.19424460431654678,"{""actual_effective_rate"":0.22302158273381295,""bg"":""bg2"",""bit_mapping"":""component_Gray_00_-3_01_-1_10_3_11_1_over_sqrt5;QPSK_0_plus1_1_minus1"",""code_blocks"":1,""decoder_config"":{""cn_schedule"":""flooding"",""cn_update"":""boxplus-phi"",""early_stop"":false,""hard_out"":true,""harq_mode"":false,""llr_max"":20.0,""num_iter"":20,""precision"":""single"",""prune_pcm"":true,""return_infobits"":true,""vn_update"":""sum""},""implementation"":{""bit_mapping"":""component_Gray_00_-3_01_-1_10_3_11_1_over_sqrt5;QPSK_0_plus1_1_minus1"",""cuda"":""12.8"",""decoder"":{""cn_schedule"":""flooding"",""cn_update"":""boxplus-phi"",""early_stop"":false,""hard_out"":true,""harq_mode"":false,""llr_max"":20.0,""num_iter"":20,""precision"":""single"",""prune_pcm"":true,""return_infobits"":true,""vn_update"":""sum""},""decoder_source_sha256"":""44d84b92b749e2970f94d92cd348a11648e2286b4d851faa0af8b21d08f0da23"",""encoder_source_sha256"":""34d8db6660b2e84708a8fb534f63c194f6f2b964e3693fcffc9dcaf21532ccfd"",""implementation"":""Sionna_5G_LDPC"",""power_protocol"":""fixed_constellation_average_Es2"",""precision"":""float32"",""rate_matching"":""Sionna RV0; filler removal, first2Z and tail puncturing; supported n only"",""scrambling"":""public_PCG64_SHA256_protocol_session_frame_group_counter_after_rate_matching_v1"",""torch"":""2.11.0+cu128"",""version"":""2.2.0""},""interleaver_sha256"":""770e59e067f45b836a300f8baeb90165c62a7171ba016c37d64979a2f3914ce7"",""k"":124,""k_filler"":96,""k_ldpc"":220,""layout_id"":""97d0ea2636825fc0df3b38dd5969c2dfae00344e3dbc6c6a91bf98b5df5465d3"",""modulation_padding_bits"":0,""mother_bits"":1144,""n"":556,""n_cb"":1100,""n_cb_comp"":1004,""power_protocol"":""fixed_constellation_average_Es2"",""puncturing_bits"":492,""puncturing_first_2Z"":44,""puncturing_remaining"":448,""repetition_bits"":0,""scrambling"":""public_PCG64_SHA256_protocol_session_frame_group_counter_after_rate_matching_v1"",""shortening_bits"":96,""z"":22}",[1024]
QPSK,3/4,QPSK:r3/4,e196b885e24627c2248a4669f21f559b0df4114df2fb763508a5cfd03be1e164,1092,16,0,1108,1144,36,3536,1482,741,0,0.747638326585695,0.7368421052631579,"{""actual_effective_rate"":0.747638326585695,""bg"":""bg1"",""bit_mapping"":""component_Gray_00_-3_01_-1_10_3_11_1_over_sqrt5;QPSK_0_plus1_1_minus1"",""code_blocks"":1,""decoder_config"":{""cn_schedule"":""flooding"",""cn_update"":""boxplus-phi"",""early_stop"":false,""hard_out"":true,""harq_mode"":false,""llr_max"":20.0,""num_iter"":20,""precision"":""single"",""prune_pcm"":true,""return_infobits"":true,""vn_update"":""sum""},""implementation"":{""bit_mapping"":""component_Gray_00_-3_01_-1_10_3_11_1_over_sqrt5;QPSK_0_plus1_1_minus1"",""cuda"":""12.8"",""decoder"":{""cn_schedule"":""flooding"",""cn_update"":""boxplus-phi"",""early_stop"":false,""hard_out"":true,""harq_mode"":false,""llr_max"":20.0,""num_iter"":20,""precision"":""single"",""prune_pcm"":true,""return_infobits"":true,""vn_update"":""sum""},""decoder_source_sha256"":""44d84b92b749e2970f94d92cd348a11648e2286b4d851faa0af8b21d08f0da23"",""encoder_source_sha256"":""34d8db6660b2e84708a8fb534f63c194f6f2b964e3693fcffc9dcaf21532ccfd"",""implementation"":""Sionna_5G_LDPC"",""power_protocol"":""fixed_constellation_average_Es2"",""precision"":""float32"",""rate_matching"":""Sionna RV0; filler removal, first2Z and tail puncturing; supported n only"",""scrambling"":""public_PCG64_SHA256_protocol_session_frame_group_counter_after_rate_matching_v1"",""torch"":""2.11.0+cu128"",""version"":""2.2.0""},""interleaver_sha256"":""aa4c0909c429bdd298148c76739db3e8c2323483beb7235803440bd31a867d20"",""k"":1108,""k_filler"":36,""k_ldpc"":1144,""layout_id"":""a663d6905723f4704d3496f56ac203431abf4b30cc44abc1a870aea596977434"",""modulation_padding_bits"":0,""mother_bits"":3536,""n"":1482,""n_cb"":3432,""n_cb_comp"":3396,""power_protocol"":""fixed_constellation_average_Es2"",""puncturing_bits"":2018,""puncturing_first_2Z"":104,""puncturing_remaining"":1914,""repetition_bits"":0,""scrambling"":""public_PCG64_SHA256_protocol_session_frame_group_counter_after_rate_matching_v1"",""shortening_bits"":36,""z"":52}",[2048]
QPSK,3/4,QPSK:r3/4,e1a31fa94addc008366fd82de3407ebc379fabd637a8f7c4f85ac7cf8d5bd923,1668,16,0,1684,1760,76,5440,2274,1137,0,0.7405452946350044,0.7335092348284961,"{""actual_effective_rate"":0.7405452946350044,""bg"":""bg1"",""bit_mapping"":""component_Gray_00_-3_01_-1_10_3_11_1_over_sqrt5;QPSK_0_plus1_1_minus1"",""code_blocks"":1,""decoder_config"":{""cn_schedule"":""flooding"",""cn_update"":""boxplus-phi"",""early_stop"":false,""hard_out"":true,""harq_mode"":false,""llr_max"":20.0,""num_iter"":20,""precision"":""single"",""prune_pcm"":true,""return_infobits"":true,""vn_update"":""sum""},""implementation"":{""bit_mapping"":""component_Gray_00_-3_01_-1_10_3_11_1_over_sqrt5;QPSK_0_plus1_1_minus1"",""cuda"":""12.8"",""decoder"":{""cn_schedule"":""flooding"",""cn_update"":""boxplus-phi"",""early_stop"":false,""hard_out"":true,""harq_mode"":false,""llr_max"":20.0,""num_iter"":20,""precision"":""single"",""prune_pcm"":true,""return_infobits"":true,""vn_update"":""sum""},""decoder_source_sha256"":""44d84b92b749e2970f94d92cd348a11648e2286b4d851faa0af8b21d08f0da23"",""encoder_source_sha256"":""34d8db6660b2e84708a8fb534f63c194f6f2b964e3693fcffc9dcaf21532ccfd"",""implementation"":""Sionna_5G_LDPC"",""power_protocol"":""fixed_constellation_average_Es2"",""precision"":""float32"",""rate_matching"":""Sionna RV0; filler removal, first2Z and tail puncturing; supported n only"",""scrambling"":""public_PCG64_SHA256_protocol_session_frame_group_counter_after_rate_matching_v1"",""torch"":""2.11.0+cu128"",""version"":""2.2.0""},""interleaver_sha256"":""906ee6d7f1e3d55ad4bcf061540a1d3d5e5d31e326f66c904b5c7f55d448fa7d"",""k"":1684,""k_filler"":76,""k_ldpc"":1760,""layout_id"":""82c08280bd664b5d9916d533819882ae063566f933508acf6e6016d0547bc4de"",""modulation_padding_bits"":0,""mother_bits"":5440,""n"":2274,""n_cb"":5280,""n_cb_comp"":5204,""power_protocol"":""fixed_constellation_average_Es2"",""puncturing_bits"":3090,""puncturing_first_2Z"":160,""puncturing_remaining"":2930,""repetition_bits"":0,""scrambling"":""public_PCG64_SHA256_protocol_session_frame_group_counter_after_rate_matching_v1"",""shortening_bits"":76,""z"":80}",[2048]
QPSK,2/3,QPSK:r2/3,e1a8bac4932c64e18630d9acd799df1d2bbe488ca8228ab1ececa33dd1da2a0d,1860,16,0,1876,1920,44,9984,3066,1533,0,0.6118721461187214,0.6066536203522505,"{""actual_effective_rate"":0.6118721461187214,""bg"":""bg2"",""bit_mapping"":""component_Gray_00_-3_01_-1_10_3_11_1_over_sqrt5;QPSK_0_plus1_1_minus1"",""code_blocks"":1,""decoder_config"":{""cn_schedule"":""flooding"",""cn_update"":""boxplus-phi"",""early_stop"":false,""hard_out"":true,""harq_mode"":false,""llr_max"":20.0,""num_iter"":20,""precision"":""single"",""prune_pcm"":true,""return_infobits"":true,""vn_update"":""sum""},""implementation"":{""bit_mapping"":""component_Gray_00_-3_01_-1_10_3_11_1_over_sqrt5;QPSK_0_plus1_1_minus1"",""cuda"":""12.8"",""decoder"":{""cn_schedule"":""flooding"",""cn_update"":""boxplus-phi"",""early_stop"":false,""hard_out"":true,""harq_mode"":false,""llr_max"":20.0,""num_iter"":20,""precision"":""single"",""prune_pcm"":true,""return_infobits"":true,""vn_update"":""sum""},""decoder_source_sha256"":""44d84b92b749e2970f94d92cd348a11648e2286b4d851faa0af8b21d08f0da23"",""encoder_source_sha256"":""34d8db6660b2e84708a8fb534f63c194f6f2b964e3693fcffc9dcaf21532ccfd"",""implementation"":""Sionna_5G_LDPC"",""power_protocol"":""fixed_constellation_average_Es2"",""precision"":""float32"",""rate_matching"":""Sionna RV0; filler removal, first2Z and tail puncturing; supported n only"",""scrambling"":""public_PCG64_SHA256_protocol_session_frame_group_counter_after_rate_matching_v1"",""torch"":""2.11.0+cu128"",""version"":""2.2.0""},""interleaver_sha256"":""dff9af219d6fb2693f769403566d48d08bfff622a58846fe12f30727b8971bf0"",""k"":1876,""k_filler"":44,""k_ldpc"":1920,""layout_id"":""9566ac5009aec84187f6972635aa8d9285f1d26f9da19eb33cf40daf5af8082a"",""modulation_padding_bits"":0,""mother_bits"":9984,""n"":3066,""n_cb"":9600,""n_cb_comp"":9556,""power_protocol"":""fixed_constellation_average_Es2"",""puncturing_bits"":6874,""puncturing_first_2Z"":384,""puncturing_remaining"":6490,""repetition_bits"":0,""scrambling"":""public_PCG64_SHA256_protocol_session_frame_group_counter_after_rate_matching_v1"",""shortening_bits"":44,""z"":192}",[2048]
16QAM,1/2,16QAM:r1/2,e1b4e042f9a302e270fdf35aa073b82cba6b14bef6f320ba6d7bdb7bf333f71d,1212,16,0,1228,1280,52,6656,2456,614,0,0.5,0.49348534201954397,"{""actual_effective_rate"":0.5,""bg"":""bg2"",""bit_mapping"":""component_Gray_00_-3_01_-1_10_3_11_1_over_sqrt5;QPSK_0_plus1_1_minus1"",""code_blocks"":1,""decoder_config"":{""cn_schedule"":""flooding"",""cn_update"":""boxplus-phi"",""early_stop"":false,""hard_out"":true,""harq_mode"":false,""llr_max"":20.0,""num_iter"":20,""precision"":""single"",""prune_pcm"":true,""return_infobits"":true,""vn_update"":""sum""},""implementation"":{""bit_mapping"":""component_Gray_00_-3_01_-1_10_3_11_1_over_sqrt5;QPSK_0_plus1_1_minus1"",""cuda"":""12.8"",""decoder"":{""cn_schedule"":""flooding"",""cn_update"":""boxplus-phi"",""early_stop"":false,""hard_out"":true,""harq_mode"":false,""llr_max"":20.0,""num_iter"":20,""precision"":""single"",""prune_pcm"":true,""return_infobits"":true,""vn_update"":""sum""},""decoder_source_sha256"":""44d84b92b749e2970f94d92cd348a11648e2286b4d851faa0af8b21d08f0da23"",""encoder_source_sha256"":""34d8db6660b2e84708a8fb534f63c194f6f2b964e3693fcffc9dcaf21532ccfd"",""implementation"":""Sionna_5G_LDPC"",""power_protocol"":""fixed_constellation_average_Es2"",""precision"":""float32"",""rate_matching"":""Sionna RV0; filler removal, first2Z and tail puncturing; supported n only"",""scrambling"":""public_PCG64_SHA256_protocol_session_frame_group_counter_after_rate_matching_v1"",""torch"":""2.11.0+cu128"",""version"":""2.2.0""},""interleaver_sha256"":""85d684e3140b72fae874a3be9fe7387003dec564906670d4e23523cb7a322a2f"",""k"":1228,""k_filler"":52,""k_ldpc"":1280,""layout_id"":""aab4cb549d04cbcc73f669b63c01d1c3306e52b449b50b6f11e360fa2dc6ecac"",""modulation_padding_bits"":0,""mother_bits"":6656,""n"":2456,""n_cb"":6400,""n_cb_comp"":6348,""power_protocol"":""fixed_constellation_average_Es2"",""puncturing_bits"":4148,""puncturing_first_2Z"":256,""puncturing_remaining"":3892,""repetition_bits"":0,""scrambling"":""public_PCG64_SHA256_protocol_session_frame_group_counter_after_rate_matching_v1"",""shortening_bits"":52,""z"":128}",[1024]
16QAM,5/6,16QAM:r5/6,e1db4a8d7bb662def072d43a4338e8c0becacf1f51d8f47c41cdd05558a5ce19,816,16,0,832,880,48,4576,1564,391,0,0.5319693094629157,0.5217391304347826,"{""actual_effective_rate"":0.5319693094629157,""bg"":""bg2"",""bit_mapping"":""component_Gray_00_-3_01_-1_10_3_11_1_over_sqrt5;QPSK_0_plus1_1_minus1"",""code_blocks"":1,""decoder_config"":{""cn_schedule"":""flooding"",""cn_update"":""boxplus-phi"",""early_stop"":false,""hard_out"":true,""harq_mode"":false,""llr_max"":20.0,""num_iter"":20,""precision"":""single"",""prune_pcm"":true,""return_infobits"":true,""vn_update"":""sum""},""implementation"":{""bit_mapping"":""component_Gray_00_-3_01_-1_10_3_11_1_over_sqrt5;QPSK_0_plus1_1_minus1"",""cuda"":""12.8"",""decoder"":{""cn_schedule"":""flooding"",""cn_update"":""boxplus-phi"",""early_stop"":false,""hard_out"":true,""harq_mode"":false,""llr_max"":20.0,""num_iter"":20,""precision"":""single"",""prune_pcm"":true,""return_infobits"":true,""vn_update"":""sum""},""decoder_source_sha256"":""44d84b92b749e2970f94d92cd348a11648e2286b4d851faa0af8b21d08f0da23"",""encoder_source_sha256"":""34d8db6660b2e84708a8fb534f63c194f6f2b964e3693fcffc9dcaf21532ccfd"",""implementation"":""Sionna_5G_LDPC"",""power_protocol"":""fixed_constellation_average_Es2"",""precision"":""float32"",""rate_matching"":""Sionna RV0; filler removal, first2Z and tail puncturing; supported n only"",""scrambling"":""public_PCG64_SHA256_protocol_session_frame_group_counter_after_rate_matching_v1"",""torch"":""2.11.0+cu128"",""version"":""2.2.0""},""interleaver_sha256"":""f98414d0b57fa9ce4c3eaff3900fed125eab3645f37682caf86a34d387b571e1"",""k"":832,""k_filler"":48,""k_ldpc"":880,""layout_id"":""1d62588f011891752c3c65dc60610af623410a05450eeb09628440463ad9431c"",""modulation_padding_bits"":0,""mother_bits"":4576,""n"":1564,""n_cb"":4400,""n_cb_comp"":4352,""power_protocol"":""fixed_constellation_average_Es2"",""puncturing_bits"":2964,""puncturing_first_2Z"":176,""puncturing_remaining"":2788,""repetition_bits"":0,""scrambling"":""public_PCG64_SHA256_protocol_session_frame_group_counter_after_rate_matching_v1"",""shortening_bits"":48,""z"":88}",[2048]
16QAM,2/3,16QAM:r2/3,e217767fa70118c90a3f8c5aaa87a94d3549e0313dd2e45cbfb6215d60637388,1092,16,0,1108,1120,12,5824,2064,516,0,0.5368217054263565,0.5290697674418605,"{""actual_effective_rate"":0.5368217054263565,""bg"":""bg2"",""bit_mapping"":""component_Gray_00_-3_01_-1_10_3_11_1_over_sqrt5;QPSK_0_plus1_1_minus1"",""code_blocks"":1,""decoder_config"":{""cn_schedule"":""flooding"",""cn_update"":""boxplus-phi"",""early_stop"":false,""hard_out"":true,""harq_mode"":false,""llr_max"":20.0,""num_iter"":20,""precision"":""single"",""prune_pcm"":true,""return_infobits"":true,""vn_update"":""sum""},""implementation"":{""bit_mapping"":""component_Gray_00_-3_01_-1_10_3_11_1_over_sqrt5;QPSK_0_plus1_1_minus1"",""cuda"":""12.8"",""decoder"":{""cn_schedule"":""flooding"",""cn_update"":""boxplus-phi"",""early_stop"":false,""hard_out"":true,""harq_mode"":false,""llr_max"":20.0,""num_iter"":20,""precision"":""single"",""prune_pcm"":true,""return_infobits"":true,""vn_update"":""sum""},""decoder_source_sha256"":""44d84b92b749e2970f94d92cd348a11648e2286b4d851faa0af8b21d08f0da23"",""encoder_source_sha256"":""34d8db6660b2e84708a8fb534f63c194f6f2b964e3693fcffc9dcaf21532ccfd"",""implementation"":""Sionna_5G_LDPC"",""power_protocol"":""fixed_constellation_average_Es2"",""precision"":""float32"",""rate_matching"":""Sionna RV0; filler removal, first2Z and tail puncturing; supported n only"",""scrambling"":""public_PCG64_SHA256_protocol_session_frame_group_counter_after_rate_matching_v1"",""torch"":""2.11.0+cu128"",""version"":""2.2.0""},""interleaver_sha256"":""ca594fcdc8c4da2bb421c4a56299bb42878bbf55cefef7cddfe083b3ad405eb2"",""k"":1108,""k_filler"":12,""k_ldpc"":1120,""layout_id"":""eaa1df0738d1ebbe63636e5a130c8622882e4afb199a4edd93986d418285eef5"",""modulation_padding_bits"":0,""mother_bits"":5824,""n"":2064,""n_cb"":5600,""n_cb_comp"":5588,""power_protocol"":""fixed_constellation_average_Es2"",""puncturing_bits"":3748,""puncturing_first_2Z"":224,""puncturing_remaining"":3524,""repetition_bits"":0,""scrambling"":""public_PCG64_SHA256_protocol_session_frame_group_counter_after_rate_matching_v1"",""shortening_bits"":12,""z"":112}",[1024]
QPSK,1/2,QPSK:r1/2,e2179036a96e80d76c2b79d8538b09634b29730980b027d35651ca91a916516b,1092,16,0,1108,1120,12,5824,2266,1133,0,0.4889673433362754,0.4819064430714916,"{""actual_effective_rate"":0.4889673433362754,""bg"":""bg2"",""bit_mapping"":""component_Gray_00_-3_01_-1_10_3_11_1_over_sqrt5;QPSK_0_plus1_1_minus1"",""code_blocks"":1,""decoder_config"":{""cn_schedule"":""flooding"",""cn_update"":""boxplus-phi"",""early_stop"":false,""hard_out"":true,""harq_mode"":false,""llr_max"":20.0,""num_iter"":20,""precision"":""single"",""prune_pcm"":true,""return_infobits"":true,""vn_update"":""sum""},""implementation"":{""bit_mapping"":""component_Gray_00_-3_01_-1_10_3_11_1_over_sqrt5;QPSK_0_plus1_1_minus1"",""cuda"":""12.8"",""decoder"":{""cn_schedule"":""flooding"",""cn_update"":""boxplus-phi"",""early_stop"":false,""hard_out"":true,""harq_mode"":false,""llr_max"":20.0,""num_iter"":20,""precision"":""single"",""prune_pcm"":true,""return_infobits"":true,""vn_update"":""sum""},""decoder_source_sha256"":""44d84b92b749e2970f94d92cd348a11648e2286b4d851faa0af8b21d08f0da23"",""encoder_source_sha256"":""34d8db6660b2e84708a8fb534f63c194f6f2b964e3693fcffc9dcaf21532ccfd"",""implementation"":""Sionna_5G_LDPC"",""power_protocol"":""fixed_constellation_average_Es2"",""precision"":""float32"",""rate_matching"":""Sionna RV0; filler removal, first2Z and tail puncturing; supported n only"",""scrambling"":""public_PCG64_SHA256_protocol_session_frame_group_counter_after_rate_matching_v1"",""torch"":""2.11.0+cu128"",""version"":""2.2.0""},""interleaver_sha256"":""6523555a616b5f75ca2e0c1b069d0f73f260c3aaaa1ef291895be70878715321"",""k"":1108,""k_filler"":12,""k_ldpc"":1120,""layout_id"":""08162dd0c01ddf215b11ad220995c383a28fa04f47eca1d6bee39689f53b84a9"",""modulation_padding_bits"":0,""mother_bits"":5824,""n"":2266,""n_cb"":5600,""n_cb_comp"":5588,""power_protocol"":""fixed_constellation_average_Es2"",""puncturing_bits"":3546,""puncturing_first_2Z"":224,""puncturing_remaining"":3322,""repetition_bits"":0,""scrambling"":""public_PCG64_SHA256_protocol_session_frame_group_counter_after_rate_matching_v1"",""shortening_bits"":12,""z"":112}",[2048]
QPSK,3/4,QPSK:r3/4,e21a744981512a3c38e3f96b2deb74613bbe8167c2e0c1e96d544b2b90e2156b,192,16,0,208,260,52,1352,684,342,0,0.30409356725146197,0.2807017543859649,"{""actual_effective_rate"":0.30409356725146197,""bg"":""bg2"",""bit_mapping"":""component_Gray_00_-3_01_-1_10_3_11_1_over_sqrt5;QPSK_0_plus1_1_minus1"",""code_blocks"":1,""decoder_config"":{""cn_schedule"":""flooding"",""cn_update"":""boxplus-phi"",""early_stop"":false,""hard_out"":true,""harq_mode"":false,""llr_max"":20.0,""num_iter"":20,""precision"":""single"",""prune_pcm"":true,""return_infobits"":true,""vn_update"":""sum""},""implementation"":{""bit_mapping"":""component_Gray_00_-3_01_-1_10_3_11_1_over_sqrt5;QPSK_0_plus1_1_minus1"",""cuda"":""12.8"",""decoder"":{""cn_schedule"":""flooding"",""cn_update"":""boxplus-phi"",""early_stop"":false,""hard_out"":true,""harq_mode"":false,""llr_max"":20.0,""num_iter"":20,""precision"":""single"",""prune_pcm"":true,""return_infobits"":true,""vn_update"":""sum""},""decoder_source_sha256"":""44d84b92b749e2970f94d92cd348a11648e2286b4d851faa0af8b21d08f0da23"",""encoder_source_sha256"":""34d8db6660b2e84708a8fb534f63c194f6f2b964e3693fcffc9dcaf21532ccfd"",""implementation"":""Sionna_5G_LDPC"",""power_protocol"":""fixed_constellation_average_Es2"",""precision"":""float32"",""rate_matching"":""Sionna RV0; filler removal, first2Z and tail puncturing; supported n only"",""scrambling"":""public_PCG64_SHA256_protocol_session_frame_group_counter_after_rate_matching_v1"",""torch"":""2.11.0+cu128"",""version"":""2.2.0""},""interleaver_sha256"":""dacc0a49c4981255c57c3ab5b44a69e5f122f07ed3b01f86b231c9e20314e712"",""k"":208,""k_filler"":52,""k_ldpc"":260,""layout_id"":""1d3081f1c63d4822b6405c9112a888ba36eaeca943e5b82581dc3b9a9b776194"",""modulation_padding_bits"":0,""mother_bits"":1352,""n"":684,""n_cb"":1300,""n_cb_comp"":1248,""power_protocol"":""fixed_constellation_average_Es2"",""puncturing_bits"":616,""puncturing_first_2Z"":52,""puncturing_remaining"":564,""repetition_bits"":0,""scrambling"":""public_PCG64_SHA256_protocol_session_frame_group_counter_after_rate_matching_v1"",""shortening_bits"":52,""z"":26}",[2048]
16QAM,2/3,16QAM:r2/3,e21c625d09ca15ff57b51d8949381cf2d449e17b9559853ff03009f88096451f,360,16,0,376,480,104,2496,1124,281,0,0.33451957295373663,0.3202846975088968,"{""actual_effective_rate"":0.33451957295373663,""bg"":""bg2"",""bit_mapping"":""component_Gray_00_-3_01_-1_10_3_11_1_over_sqrt5;QPSK_0_plus1_1_minus1"",""code_blocks"":1,""decoder_config"":{""cn_schedule"":""flooding"",""cn_update"":""boxplus-phi"",""early_stop"":false,""hard_out"":true,""harq_mode"":false,""llr_max"":20.0,""num_iter"":20,""precision"":""single"",""prune_pcm"":true,""return_infobits"":true,""vn_update"":""sum""},""implementation"":{""bit_mapping"":""component_Gray_00_-3_01_-1_10_3_11_1_over_sqrt5;QPSK_0_plus1_1_minus1"",""cuda"":""12.8"",""decoder"":{""cn_schedule"":""flooding"",""cn_update"":""boxplus-phi"",""early_stop"":false,""hard_out"":true,""harq_mode"":false,""llr_max"":20.0,""num_iter"":20,""precision"":""single"",""prune_pcm"":true,""return_infobits"":true,""vn_update"":""sum""},""decoder_source_sha256"":""44d84b92b749e2970f94d92cd348a11648e2286b4d851faa0af8b21d08f0da23"",""encoder_source_sha256"":""34d8db6660b2e84708a8fb534f63c194f6f2b964e3693fcffc9dcaf21532ccfd"",""implementation"":""Sionna_5G_LDPC"",""power_protocol"":""fixed_constellation_average_Es2"",""precision"":""float32"",""rate_matching"":""Sionna RV0; filler removal, first2Z and tail puncturing; supported n only"",""scrambling"":""public_PCG64_SHA256_protocol_session_frame_group_counter_after_rate_matching_v1"",""torch"":""2.11.0+cu128"",""version"":""2.2.0""},""interleaver_sha256"":""4235714b3be6bedd9e1eec169d5cdd91cffd46026e0bc842f71f4a8602085039"",""k"":376,""k_filler"":104,""k_ldpc"":480,""layout_id"":""85a0a01a8a102b7f5da606acabd3fc95f24fdc836951e26b20595d4d136ec521"",""modulation_padding_bits"":0,""mother_bits"":2496,""n"":1124,""n_cb"":2400,""n_cb_comp"":2296,""power_protocol"":""fixed_constellation_average_Es2"",""puncturing_bits"":1268,""puncturing_first_2Z"":96,""puncturing_remaining"":1172,""repetition_bits"":0,""scrambling"":""public_PCG64_SHA256_protocol_session_frame_group_counter_after_rate_matching_v1"",""shortening_bits"":104,""z"":48}","[1024,2048]"
QPSK,5/6,QPSK:r5/6,e22fff16f3380301fb23e4cff871897ad15e476bf9234065cfb910a80de50f5c,660,16,0,676,720,44,3744,1588,794,0,0.4256926952141058,0.4156171284634761,"{""actual_effective_rate"":0.4256926952141058,""bg"":""bg2"",""bit_mapping"":""component_Gray_00_-3_01_-1_10_3_11_1_over_sqrt5;QPSK_0_plus1_1_minus1"",""code_blocks"":1,""decoder_config"":{""cn_schedule"":""flooding"",""cn_update"":""boxplus-phi"",""early_stop"":false,""hard_out"":true,""harq_mode"":false,""llr_max"":20.0,""num_iter"":20,""precision"":""single"",""prune_pcm"":true,""return_infobits"":true,""vn_update"":""sum""},""implementation"":{""bit_mapping"":""component_Gray_00_-3_01_-1_10_3_11_1_over_sqrt5;QPSK_0_plus1_1_minus1"",""cuda"":""12.8"",""decoder"":{""cn_schedule"":""flooding"",""cn_update"":""boxplus-phi"",""early_stop"":false,""hard_out"":true,""harq_mode"":false,""llr_max"":20.0,""num_iter"":20,""precision"":""single"",""prune_pcm"":true,""return_infobits"":true,""vn_update"":""sum""},""decoder_source_sha256"":""44d84b92b749e2970f94d92cd348a11648e2286b4d851faa0af8b21d08f0da23"",""encoder_source_sha256"":""34d8db6660b2e84708a8fb534f63c194f6f2b964e3693fcffc9dcaf21532ccfd"",""implementation"":""Sionna_5G_LDPC"",""power_protocol"":""fixed_constellation_average_Es2"",""precision"":""float32"",""rate_matching"":""Sionna RV0; filler removal, first2Z and tail puncturing; supported n only"",""scrambling"":""public_PCG64_SHA256_protocol_session_frame_group_counter_after_rate_matching_v1"",""torch"":""2.11.0+cu128"",""version"":""2.2.0""},""interleaver_sha256"":""db76a8f027cbeffc447074e4a9a10e6ff914e2f7cec9243185fd1b12fa251394"",""k"":676,""k_filler"":44,""k_ldpc"":720,""layout_id"":""5e11948eded18c72ebc8858852ae3a24385f55c9337b6809854b0d5cc86274f0"",""modulation_padding_bits"":0,""mother_bits"":3744,""n"":1588,""n_cb"":3600,""n_cb_comp"":3556,""power_protocol"":""fixed_constellation_average_Es2"",""puncturing_bits"":2112,""puncturing_first_2Z"":144,""puncturing_remaining"":1968,""repetition_bits"":0,""scrambling"":""public_PCG64_SHA256_protocol_session_frame_group_counter_after_rate_matching_v1"",""shortening_bits"":44,""z"":72}","[1024,2048]"
16QAM,2/3,16QAM:r2/3,e233e46737199eb424a2e4570bb99d346c0bd3ccf9c81df0059c5403223e5252,4512,16,0,4528,4576,48,14144,6792,1698,0,0.6666666666666666,0.6643109540636042,"{""actual_effective_rate"":0.6666666666666666,""bg"":""bg1"",""bit_mapping"":""component_Gray_00_-3_01_-1_10_3_11_1_over_sqrt5;QPSK_0_plus1_1_minus1"",""code_blocks"":1,""decoder_config"":{""cn_schedule"":""flooding"",""cn_update"":""boxplus-phi"",""early_stop"":false,""hard_out"":true,""harq_mode"":false,""llr_max"":20.0,""num_iter"":20,""precision"":""single"",""prune_pcm"":true,""return_infobits"":true,""vn_update"":""sum""},""implementation"":{""bit_mapping"":""component_Gray_00_-3_01_-1_10_3_11_1_over_sqrt5;QPSK_0_plus1_1_minus1"",""cuda"":""12.8"",""decoder"":{""cn_schedule"":""flooding"",""cn_update"":""boxplus-phi"",""early_stop"":false,""hard_out"":true,""harq_mode"":false,""llr_max"":20.0,""num_iter"":20,""precision"":""single"",""prune_pcm"":true,""return_infobits"":true,""vn_update"":""sum""},""decoder_source_sha256"":""44d84b92b749e2970f94d92cd348a11648e2286b4d851faa0af8b21d08f0da23"",""encoder_source_sha256"":""34d8db6660b2e84708a8fb534f63c194f6f2b964e3693fcffc9dcaf21532ccfd"",""implementation"":""Sionna_5G_LDPC"",""power_protocol"":""fixed_constellation_average_Es2"",""precision"":""float32"",""rate_matching"":""Sionna RV0; filler removal, first2Z and tail puncturing; supported n only"",""scrambling"":""public_PCG64_SHA256_protocol_session_frame_group_counter_after_rate_matching_v1"",""torch"":""2.11.0+cu128"",""version"":""2.2.0""},""interleaver_sha256"":""14b335715eae9ba26b957f881b646b642d73414d77df826a4e9dca6e51461f70"",""k"":4528,""k_filler"":48,""k_ldpc"":4576,""layout_id"":""74b2c30ce1ef91d86c8cc694a5f75e73c3c1006e225aeb2df0757b57f935da37"",""modulation_padding_bits"":0,""mother_bits"":14144,""n"":6792,""n_cb"":13728,""n_cb_comp"":13680,""power_protocol"":""fixed_constellation_average_Es2"",""puncturing_bits"":7304,""puncturing_first_2Z"":416,""puncturing_remaining"":6888,""repetition_bits"":0,""scrambling"":""public_PCG64_SHA256_protocol_session_frame_group_counter_after_rate_matching_v1"",""shortening_bits"":48,""z"":208}",[2048]
QPSK,3/4,QPSK:r3/4,e23925e715c76f535acdcb41c5cbcaa9d4dbd2f99ae60fd998eeedcb5fda76fc,300,16,0,316,400,84,2080,726,363,0,0.43526170798898073,0.4132231404958678,"{""actual_effective_rate"":0.43526170798898073,""bg"":""bg2"",""bit_mapping"":""component_Gray_00_-3_01_-1_10_3_11_1_over_sqrt5;QPSK_0_plus1_1_minus1"",""code_blocks"":1,""decoder_config"":{""cn_schedule"":""flooding"",""cn_update"":""boxplus-phi"",""early_stop"":false,""hard_out"":true,""harq_mode"":false,""llr_max"":20.0,""num_iter"":20,""precision"":""single"",""prune_pcm"":true,""return_infobits"":true,""vn_update"":""sum""},""implementation"":{""bit_mapping"":""component_Gray_00_-3_01_-1_10_3_11_1_over_sqrt5;QPSK_0_plus1_1_minus1"",""cuda"":""12.8"",""decoder"":{""cn_schedule"":""flooding"",""cn_update"":""boxplus-phi"",""early_stop"":false,""hard_out"":true,""harq_mode"":false,""llr_max"":20.0,""num_iter"":20,""precision"":""single"",""prune_pcm"":true,""return_infobits"":true,""vn_update"":""sum""},""decoder_source_sha256"":""44d84b92b749e2970f94d92cd348a11648e2286b4d851faa0af8b21d08f0da23"",""encoder_source_sha256"":""34d8db6660b2e84708a8fb534f63c194f6f2b964e3693fcffc9dcaf21532ccfd"",""implementation"":""Sionna_5G_LDPC"",""power_protocol"":""fixed_constellation_average_Es2"",""precision"":""float32"",""rate_matching"":""Sionna RV0; filler removal, first2Z and tail puncturing; supported n only"",""scrambling"":""public_PCG64_SHA256_protocol_session_frame_group_counter_after_rate_matching_v1"",""torch"":""2.11.0+cu128"",""version"":""2.2.0""},""interleaver_sha256"":""cea3be5e6182e66d0ea2915ba92394ae2d109842f7884da263f3ec003802a6f2"",""k"":316,""k_filler"":84,""k_ldpc"":400,""layout_id"":""259a81bbef97cf16bb76acafbea0fc4875074bdba19fcc54bd9d90446c577f17"",""modulation_padding_bits"":0,""mother_bits"":2080,""n"":726,""n_cb"":2000,""n_cb_comp"":1916,""power_protocol"":""fixed_constellation_average_Es2"",""puncturing_bits"":1270,""puncturing_first_2Z"":80,""puncturing_remaining"":1190,""repetition_bits"":0,""scrambling"":""public_PCG64_SHA256_protocol_session_frame_group_counter_after_rate_matching_v1"",""shortening_bits"":84,""z"":40}",[2048]
QPSK,1/2,QPSK:r1/2,e2414ed543753aaf504543683a0d6ea0d68d083e95bdb5d1f0495f71109ee03e,744,16,0,760,800,40,4160,1532,766,0,0.4960835509138381,0.4856396866840731,"{""actual_effective_rate"":0.4960835509138381,""bg"":""bg2"",""bit_mapping"":""component_Gray_00_-3_01_-1_10_3_11_1_over_sqrt5;QPSK_0_plus1_1_minus1"",""code_blocks"":1,""decoder_config"":{""cn_schedule"":""flooding"",""cn_update"":""boxplus-phi"",""early_stop"":false,""hard_out"":true,""harq_mode"":false,""llr_max"":20.0,""num_iter"":20,""precision"":""single"",""prune_pcm"":true,""return_infobits"":true,""vn_update"":""sum""},""implementation"":{""bit_mapping"":""component_Gray_00_-3_01_-1_10_3_11_1_over_sqrt5;QPSK_0_plus1_1_minus1"",""cuda"":""12.8"",""decoder"":{""cn_schedule"":""flooding"",""cn_update"":""boxplus-phi"",""early_stop"":false,""hard_out"":true,""harq_mode"":false,""llr_max"":20.0,""num_iter"":20,""precision"":""single"",""prune_pcm"":true,""return_infobits"":true,""vn_update"":""sum""},""decoder_source_sha256"":""44d84b92b749e2970f94d92cd348a11648e2286b4d851faa0af8b21d08f0da23"",""encoder_source_sha256"":""34d8db6660b2e84708a8fb534f63c194f6f2b964e3693fcffc9dcaf21532ccfd"",""implementation"":""Sionna_5G_LDPC"",""power_protocol"":""fixed_constellation_average_Es2"",""precision"":""float32"",""rate_matching"":""Sionna RV0; filler removal, first2Z and tail puncturing; supported n only"",""scrambling"":""public_PCG64_SHA256_protocol_session_frame_group_counter_after_rate_matching_v1"",""torch"":""2.11.0+cu128"",""version"":""2.2.0""},""interleaver_sha256"":""359ff09c39db53fca2a179d2d29a542ddf7cd5c9ddf43838fbf3c0cd3a13c525"",""k"":760,""k_filler"":40,""k_ldpc"":800,""layout_id"":""b465f755f19fd432f7267f50a702ca3dae849d952a0659ab3276a9ae24c27964"",""modulation_padding_bits"":0,""mother_bits"":4160,""n"":1532,""n_cb"":4000,""n_cb_comp"":3960,""power_protocol"":""fixed_constellation_average_Es2"",""puncturing_bits"":2588,""puncturing_first_2Z"":160,""puncturing_remaining"":2428,""repetition_bits"":0,""scrambling"":""public_PCG64_SHA256_protocol_session_frame_group_counter_after_rate_matching_v1"",""shortening_bits"":40,""z"":80}",[1024]
QPSK,5/6,QPSK:r5/6,e24b26c11c8a14803e27a10ad6cbba4a8c2cd0b960943d915fdc84e70e3c88f8,1584,16,0,1600,1760,160,5440,1920,960,0,0.8333333333333334,0.825,"{""actual_effective_rate"":0.8333333333333334,""bg"":""bg1"",""bit_mapping"":""component_Gray_00_-3_01_-1_10_3_11_1_over_sqrt5;QPSK_0_plus1_1_minus1"",""code_blocks"":1,""decoder_config"":{""cn_schedule"":""flooding"",""cn_update"":""boxplus-phi"",""early_stop"":false,""hard_out"":true,""harq_mode"":false,""llr_max"":20.0,""num_iter"":20,""precision"":""single"",""prune_pcm"":true,""return_infobits"":true,""vn_update"":""sum""},""implementation"":{""bit_mapping"":""component_Gray_00_-3_01_-1_10_3_11_1_over_sqrt5;QPSK_0_plus1_1_minus1"",""cuda"":""12.8"",""decoder"":{""cn_schedule"":""flooding"",""cn_update"":""boxplus-phi"",""early_stop"":false,""hard_out"":true,""harq_mode"":false,""llr_max"":20.0,""num_iter"":20,""precision"":""single"",""prune_pcm"":true,""return_infobits"":true,""vn_update"":""sum""},""decoder_source_sha256"":""44d84b92b749e2970f94d92cd348a11648e2286b4d851faa0af8b21d08f0da23"",""encoder_source_sha256"":""34d8db6660b2e84708a8fb534f63c194f6f2b964e3693fcffc9dcaf21532ccfd"",""implementation"":""Sionna_5G_LDPC"",""power_protocol"":""fixed_constellation_average_Es2"",""precision"":""float32"",""rate_matching"":""Sionna RV0; filler removal, first2Z and tail puncturing; supported n only"",""scrambling"":""public_PCG64_SHA256_protocol_session_frame_group_counter_after_rate_matching_v1"",""torch"":""2.11.0+cu128"",""version"":""2.2.0""},""interleaver_sha256"":""c1a12abf1a29a29161b2c8747b338a093a8c00511292780e6415c2805ef28089"",""k"":1600,""k_filler"":160,""k_ldpc"":1760,""layout_id"":""ce7869346b35484371ff91a748acbabb937497161321b3459e2b46983eebd7c2"",""modulation_padding_bits"":0,""mother_bits"":5440,""n"":1920,""n_cb"":5280,""n_cb_comp"":5120,""power_protocol"":""fixed_constellation_average_Es2"",""puncturing_bits"":3360,""puncturing_first_2Z"":160,""puncturing_remaining"":3200,""repetition_bits"":0,""scrambling"":""public_PCG64_SHA256_protocol_session_frame_group_counter_after_rate_matching_v1"",""shortening_bits"":160,""z"":80}",[2048]
16QAM,1/2,16QAM:r1/2,e26ab4e7eba855ea47d856c81e91cb09b249bc1fbf79629ada79e0a4b746dcec,660,16,0,676,720,44,3744,1392,348,0,0.48563218390804597,0.47413793103448276,"{""actual_effective_rate"":0.48563218390804597,""bg"":""bg2"",""bit_mapping"":""component_Gray_00_-3_01_-1_10_3_11_1_over_sqrt5;QPSK_0_plus1_1_minus1"",""code_blocks"":1,""decoder_config"":{""cn_schedule"":""flooding"",""cn_update"":""boxplus-phi"",""early_stop"":false,""hard_out"":true,""harq_mode"":false,""llr_max"":20.0,""num_iter"":20,""precision"":""single"",""prune_pcm"":true,""return_infobits"":true,""vn_update"":""sum""},""implementation"":{""bit_mapping"":""component_Gray_00_-3_01_-1_10_3_11_1_over_sqrt5;QPSK_0_plus1_1_minus1"",""cuda"":""12.8"",""decoder"":{""cn_schedule"":""flooding"",""cn_update"":""boxplus-phi"",""early_stop"":false,""hard_out"":true,""harq_mode"":false,""llr_max"":20.0,""num_iter"":20,""precision"":""single"",""prune_pcm"":true,""return_infobits"":true,""vn_update"":""sum""},""decoder_source_sha256"":""44d84b92b749e2970f94d92cd348a11648e2286b4d851faa0af8b21d08f0da23"",""encoder_source_sha256"":""34d8db6660b2e84708a8fb534f63c194f6f2b964e3693fcffc9dcaf21532ccfd"",""implementation"":""Sionna_5G_LDPC"",""power_protocol"":""fixed_constellation_average_Es2"",""precision"":""float32"",""rate_matching"":""Sionna RV0; filler removal, first2Z and tail puncturing; supported n only"",""scrambling"":""public_PCG64_SHA256_protocol_session_frame_group_counter_after_rate_matching_v1"",""torch"":""2.11.0+cu128"",""version"":""2.2.0""},""interleaver_sha256"":""3b80d22f76c4dd09c9d2767feadb6231df926877764877fb6d1f9968384a83cf"",""k"":676,""k_filler"":44,""k_ldpc"":720,""layout_id"":""9427fada3f7eb1bcdc0d1c5a829c3d1b3b0ec0ca0d458c1dd5bd76b9bf9a8903"",""modulation_padding_bits"":0,""mother_bits"":3744,""n"":1392,""n_cb"":3600,""n_cb_comp"":3556,""power_protocol"":""fixed_constellation_average_Es2"",""puncturing_bits"":2308,""puncturing_first_2Z"":144,""puncturing_remaining"":2164,""repetition_bits"":0,""scrambling"":""public_PCG64_SHA256_protocol_session_frame_group_counter_after_rate_matching_v1"",""shortening_bits"":44,""z"":72}",[2048]
QPSK,5/6,QPSK:r5/6,e26d20c8eedbc437587ff34c50b914687b04cfc6cd0440af8e7b56a0028e6280,816,16,0,832,880,48,2720,1004,502,0,0.8286852589641435,0.8127490039840638,"{""actual_effective_rate"":0.8286852589641435,""bg"":""bg1"",""bit_mapping"":""component_Gray_00_-3_01_-1_10_3_11_1_over_sqrt5;QPSK_0_plus1_1_minus1"",""code_blocks"":1,""decoder_config"":{""cn_schedule"":""flooding"",""cn_update"":""boxplus-phi"",""early_stop"":false,""hard_out"":true,""harq_mode"":false,""llr_max"":20.0,""num_iter"":20,""precision"":""single"",""prune_pcm"":true,""return_infobits"":true,""vn_update"":""sum""},""implementation"":{""bit_mapping"":""component_Gray_00_-3_01_-1_10_3_11_1_over_sqrt5;QPSK_0_plus1_1_minus1"",""cuda"":""12.8"",""decoder"":{""cn_schedule"":""flooding"",""cn_update"":""boxplus-phi"",""early_stop"":false,""hard_out"":true,""harq_mode"":false,""llr_max"":20.0,""num_iter"":20,""precision"":""single"",""prune_pcm"":true,""return_infobits"":true,""vn_update"":""sum""},""decoder_source_sha256"":""44d84b92b749e2970f94d92cd348a11648e2286b4d851faa0af8b21d08f0da23"",""encoder_source_sha256"":""34d8db6660b2e84708a8fb534f63c194f6f2b964e3693fcffc9dcaf21532ccfd"",""implementation"":""Sionna_5G_LDPC"",""power_protocol"":""fixed_constellation_average_Es2"",""precision"":""float32"",""rate_matching"":""Sionna RV0; filler removal, first2Z and tail puncturing; supported n only"",""scrambling"":""public_PCG64_SHA256_protocol_session_frame_group_counter_after_rate_matching_v1"",""torch"":""2.11.0+cu128"",""version"":""2.2.0""},""interleaver_sha256"":""ab8815b09d17ea25543a82993fe377002ccf0af03bc19229b36c9c80880c70f6"",""k"":832,""k_filler"":48,""k_ldpc"":880,""layout_id"":""d18749baac01a0bd3ce7ec14340cb988b2ceb36c16735bde235e38da75502cf2"",""modulation_padding_bits"":0,""mother_bits"":2720,""n"":1004,""n_cb"":2640,""n_cb_comp"":2592,""power_protocol"":""fixed_constellation_average_Es2"",""puncturing_bits"":1668,""puncturing_first_2Z"":80,""puncturing_remaining"":1588,""repetition_bits"":0,""scrambling"":""public_PCG64_SHA256_protocol_session_frame_group_counter_after_rate_matching_v1"",""shortening_bits"":48,""z"":40}",[1024]
16QAM,3/4,16QAM:r3/4,e26e80b2080c6a271755e4238e0d5332429fc98505c7197670379a744f86dc07,1704,16,0,1720,1760,40,9152,3004,751,0,0.5725699067909454,0.5672436750998668,"{""actual_effective_rate"":0.5725699067909454,""bg"":""bg2"",""bit_mapping"":""component_Gray_00_-3_01_-1_10_3_11_1_over_sqrt5;QPSK_0_plus1_1_minus1"",""code_blocks"":1,""decoder_config"":{""cn_schedule"":""flooding"",""cn_update"":""boxplus-phi"",""early_stop"":false,""hard_out"":true,""harq_mode"":false,""llr_max"":20.0,""num_iter"":20,""precision"":""single"",""prune_pcm"":true,""return_infobits"":true,""vn_update"":""sum""},""implementation"":{""bit_mapping"":""component_Gray_00_-3_01_-1_10_3_11_1_over_sqrt5;QPSK_0_plus1_1_minus1"",""cuda"":""12.8"",""decoder"":{""cn_schedule"":""flooding"",""cn_update"":""boxplus-phi"",""early_stop"":false,""hard_out"":true,""harq_mode"":false,""llr_max"":20.0,""num_iter"":20,""precision"":""single"",""prune_pcm"":true,""return_infobits"":true,""vn_update"":""sum""},""decoder_source_sha256"":""44d84b92b749e2970f94d92cd348a11648e2286b4d851faa0af8b21d08f0da23"",""encoder_source_sha256"":""34d8db6660b2e84708a8fb534f63c194f6f2b964e3693fcffc9dcaf21532ccfd"",""implementation"":""Sionna_5G_LDPC"",""power_protocol"":""fixed_constellation_average_Es2"",""precision"":""float32"",""rate_matching"":""Sionna RV0; filler removal, first2Z and tail puncturing; supported n only"",""scrambling"":""public_PCG64_SHA256_protocol_session_frame_group_counter_after_rate_matching_v1"",""torch"":""2.11.0+cu128"",""version"":""2.2.0""},""interleaver_sha256"":""1c3c8acc409a37d746f3f144cd623d86f22fe482c08d2f471efee380fcf175d0"",""k"":1720,""k_filler"":40,""k_ldpc"":1760,""layout_id"":""93b20d04e74a2331715395bb956d8e3cd4a2530d6a94f36416b44b325f99e460"",""modulation_padding_bits"":0,""mother_bits"":9152,""n"":3004,""n_cb"":8800,""n_cb_comp"":8760,""power_protocol"":""fixed_constellation_average_Es2"",""puncturing_bits"":6108,""puncturing_first_2Z"":352,""puncturing_remaining"":5756,""repetition_bits"":0,""scrambling"":""public_PCG64_SHA256_protocol_session_frame_group_counter_after_rate_matching_v1"",""shortening_bits"":40,""z"":176}",[2048]
16QAM,1/2,16QAM:r1/2,e2733bb2d65aa6c1b7894c5365a49fa47578e9c6ac684866c149469076584b48,1092,16,0,1108,1120,12,5824,3212,803,0,0.3449564134495641,0.33997509339975096,"{""actual_effective_rate"":0.3449564134495641,""bg"":""bg2"",""bit_mapping"":""component_Gray_00_-3_01_-1_10_3_11_1_over_sqrt5;QPSK_0_plus1_1_minus1"",""code_blocks"":1,""decoder_config"":{""cn_schedule"":""flooding"",""cn_update"":""boxplus-phi"",""early_stop"":false,""hard_out"":true,""harq_mode"":false,""llr_max"":20.0,""num_iter"":20,""precision"":""single"",""prune_pcm"":true,""return_infobits"":true,""vn_update"":""sum""},""implementation"":{""bit_mapping"":""component_Gray_00_-3_01_-1_10_3_11_1_over_sqrt5;QPSK_0_plus1_1_minus1"",""cuda"":""12.8"",""decoder"":{""cn_schedule"":""flooding"",""cn_update"":""boxplus-phi"",""early_stop"":false,""hard_out"":true,""harq_mode"":false,""llr_max"":20.0,""num_iter"":20,""precision"":""single"",""prune_pcm"":true,""return_infobits"":true,""vn_update"":""sum""},""decoder_source_sha256"":""44d84b92b749e2970f94d92cd348a11648e2286b4d851faa0af8b21d08f0da23"",""encoder_source_sha256"":""34d8db6660b2e84708a8fb534f63c194f6f2b964e3693fcffc9dcaf21532ccfd"",""implementation"":""Sionna_5G_LDPC"",""power_protocol"":""fixed_constellation_average_Es2"",""precision"":""float32"",""rate_matching"":""Sionna RV0; filler removal, first2Z and tail puncturing; supported n only"",""scrambling"":""public_PCG64_SHA256_protocol_session_frame_group_counter_after_rate_matching_v1"",""torch"":""2.11.0+cu128"",""version"":""2.2.0""},""interleaver_sha256"":""05790510a163c2cbe22048eb4fbc34df842412b493b510e06c78ac2146c04d2b"",""k"":1108,""k_filler"":12,""k_ldpc"":1120,""layout_id"":""696b922889eee71c58c6b4fb2bf963c787b1969c8316c8b7adaa594177296e41"",""modulation_padding_bits"":0,""mother_bits"":5824,""n"":3212,""n_cb"":5600,""n_cb_comp"":5588,""power_protocol"":""fixed_constellation_average_Es2"",""puncturing_bits"":2600,""puncturing_first_2Z"":224,""puncturing_remaining"":2376,""repetition_bits"":0,""scrambling"":""public_PCG64_SHA256_protocol_session_frame_group_counter_after_rate_matching_v1"",""shortening_bits"":12,""z"":112}",[2048]
QPSK,3/4,QPSK:r3/4,e289913443efdbb0076b17669b2b505bb391ecbe21102bc244958ca3d5462da2,660,16,0,676,720,44,3744,1682,841,0,0.40190249702734837,0.3923900118906064,"{""actual_effective_rate"":0.40190249702734837,""bg"":""bg2"",""bit_mapping"":""component_Gray_00_-3_01_-1_10_3_11_1_over_sqrt5;QPSK_0_plus1_1_minus1"",""code_blocks"":1,""decoder_config"":{""cn_schedule"":""flooding"",""cn_update"":""boxplus-phi"",""early_stop"":false,""hard_out"":true,""harq_mode"":false,""llr_max"":20.0,""num_iter"":20,""precision"":""single"",""prune_pcm"":true,""return_infobits"":true,""vn_update"":""sum""},""implementation"":{""bit_mapping"":""component_Gray_00_-3_01_-1_10_3_11_1_over_sqrt5;QPSK_0_plus1_1_minus1"",""cuda"":""12.8"",""decoder"":{""cn_schedule"":""flooding"",""cn_update"":""boxplus-phi"",""early_stop"":false,""hard_out"":true,""harq_mode"":false,""llr_max"":20.0,""num_iter"":20,""precision"":""single"",""prune_pcm"":true,""return_infobits"":true,""vn_update"":""sum""},""decoder_source_sha256"":""44d84b92b749e2970f94d92cd348a11648e2286b4d851faa0af8b21d08f0da23"",""encoder_source_sha256"":""34d8db6660b2e84708a8fb534f63c194f6f2b964e3693fcffc9dcaf21532ccfd"",""implementation"":""Sionna_5G_LDPC"",""power_protocol"":""fixed_constellation_average_Es2"",""precision"":""float32"",""rate_matching"":""Sionna RV0; filler removal, first2Z and tail puncturing; supported n only"",""scrambling"":""public_PCG64_SHA256_protocol_session_frame_group_counter_after_rate_matching_v1"",""torch"":""2.11.0+cu128"",""version"":""2.2.0""},""interleaver_sha256"":""0a84521f6dcbf320202ed99d9e1e34997fa9a4e46c273c8ad651872705a02dbd"",""k"":676,""k_filler"":44,""k_ldpc"":720,""layout_id"":""698c5c906c5fef46c190ec165e8b71af44a740c98ec75fca97208e2fa3ab3b0c"",""modulation_padding_bits"":0,""mother_bits"":3744,""n"":1682,""n_cb"":3600,""n_cb_comp"":3556,""power_protocol"":""fixed_constellation_average_Es2"",""puncturing_bits"":2018,""puncturing_first_2Z"":144,""puncturing_remaining"":1874,""repetition_bits"":0,""scrambling"":""public_PCG64_SHA256_protocol_session_frame_group_counter_after_rate_matching_v1"",""shortening_bits"":44,""z"":72}",[1024]
QPSK,5/6,QPSK:r5/6,e28fd2f1bd163db621f564ae90f70ac2912b97c5ea8471d48d50dd61a56e23e2,624,16,0,640,720,80,3744,1924,962,0,0.33264033264033266,0.32432432432432434,"{""actual_effective_rate"":0.33264033264033266,""bg"":""bg2"",""bit_mapping"":""component_Gray_00_-3_01_-1_10_3_11_1_over_sqrt5;QPSK_0_plus1_1_minus1"",""code_blocks"":1,""decoder_config"":{""cn_schedule"":""flooding"",""cn_update"":""boxplus-phi"",""early_stop"":false,""hard_out"":true,""harq_mode"":false,""llr_max"":20.0,""num_iter"":20,""precision"":""single"",""prune_pcm"":true,""return_infobits"":true,""vn_update"":""sum""},""implementation"":{""bit_mapping"":""component_Gray_00_-3_01_-1_10_3_11_1_over_sqrt5;QPSK_0_plus1_1_minus1"",""cuda"":""12.8"",""decoder"":{""cn_schedule"":""flooding"",""cn_update"":""boxplus-phi"",""early_stop"":false,""hard_out"":true,""harq_mode"":false,""llr_max"":20.0,""num_iter"":20,""precision"":""single"",""prune_pcm"":true,""return_infobits"":true,""vn_update"":""sum""},""decoder_source_sha256"":""44d84b92b749e2970f94d92cd348a11648e2286b4d851faa0af8b21d08f0da23"",""encoder_source_sha256"":""34d8db6660b2e84708a8fb534f63c194f6f2b964e3693fcffc9dcaf21532ccfd"",""implementation"":""Sionna_5G_LDPC"",""power_protocol"":""fixed_constellation_average_Es2"",""precision"":""float32"",""rate_matching"":""Sionna RV0; filler removal, first2Z and tail puncturing; supported n only"",""scrambling"":""public_PCG64_SHA256_protocol_session_frame_group_counter_after_rate_matching_v1"",""torch"":""2.11.0+cu128"",""version"":""2.2.0""},""interleaver_sha256"":""9582a79a2d16d756b7d5e14911566357bed97556cfdb957f8e61defe9f011cd1"",""k"":640,""k_filler"":80,""k_ldpc"":720,""layout_id"":""89618efb9f5e0dac97717ee3a7d4143a180053260a6e3ed3bc9b244e93ef5a0d"",""modulation_padding_bits"":0,""mother_bits"":3744,""n"":1924,""n_cb"":3600,""n_cb_comp"":3520,""power_protocol"":""fixed_constellation_average_Es2"",""puncturing_bits"":1740,""puncturing_first_2Z"":144,""puncturing_remaining"":1596,""repetition_bits"":0,""scrambling"":""public_PCG64_SHA256_protocol_session_frame_group_counter_after_rate_matching_v1"",""shortening_bits"":80,""z"":72}",[2048]
QPSK,1/2,QPSK:r1/2,e299d75886af6524e540a59caa539d1aa28516e37776d112df84cf1c3a694d9a,660,16,0,676,720,44,3744,1352,676,0,0.5,0.4881656804733728,"{""actual_effective_rate"":0.5,""bg"":""bg2"",""bit_mapping"":""component_Gray_00_-3_01_-1_10_3_11_1_over_sqrt5;QPSK_0_plus1_1_minus1"",""code_blocks"":1,""decoder_config"":{""cn_schedule"":""flooding"",""cn_update"":""boxplus-phi"",""early_stop"":false,""hard_out"":true,""harq_mode"":false,""llr_max"":20.0,""num_iter"":20,""precision"":""single"",""prune_pcm"":true,""return_infobits"":true,""vn_update"":""sum""},""implementation"":{""bit_mapping"":""component_Gray_00_-3_01_-1_10_3_11_1_over_sqrt5;QPSK_0_plus1_1_minus1"",""cuda"":""12.8"",""decoder"":{""cn_schedule"":""flooding"",""cn_update"":""boxplus-phi"",""early_stop"":false,""hard_out"":true,""harq_mode"":false,""llr_max"":20.0,""num_iter"":20,""precision"":""single"",""prune_pcm"":true,""return_infobits"":true,""vn_update"":""sum""},""decoder_source_sha256"":""44d84b92b749e2970f94d92cd348a11648e2286b4d851faa0af8b21d08f0da23"",""encoder_source_sha256"":""34d8db6660b2e84708a8fb534f63c194f6f2b964e3693fcffc9dcaf21532ccfd"",""implementation"":""Sionna_5G_LDPC"",""power_protocol"":""fixed_constellation_average_Es2"",""precision"":""float32"",""rate_matching"":""Sionna RV0; filler removal, first2Z and tail puncturing; supported n only"",""scrambling"":""public_PCG64_SHA256_protocol_session_frame_group_counter_after_rate_matching_v1"",""torch"":""2.11.0+cu128"",""version"":""2.2.0""},""interleaver_sha256"":""13a17da6d8266e86e053ed1a5793495403824fb22bf66b9c2d0cf12fabd05b88"",""k"":676,""k_filler"":44,""k_ldpc"":720,""layout_id"":""32135db843796f3faaaa1e3e237034e1d18ff4b26c671164fe52727fe78a6113"",""modulation_padding_bits"":0,""mother_bits"":3744,""n"":1352,""n_cb"":3600,""n_cb_comp"":3556,""power_protocol"":""fixed_constellation_average_Es2"",""puncturing_bits"":2348,""puncturing_first_2Z"":144,""puncturing_remaining"":2204,""repetition_bits"":0,""scrambling"":""public_PCG64_SHA256_protocol_session_frame_group_counter_after_rate_matching_v1"",""shortening_bits"":44,""z"":72}","[1024,2048]"
QPSK,5/6,QPSK:r5/6,e29d0ebad54df1dede8aab801b12149bdce966993d7b0ea612db6bdace85f8bf,1500,16,0,1516,1600,84,8320,3102,1551,0,0.4887169568020632,0.4835589941972921,"{""actual_effective_rate"":0.4887169568020632,""bg"":""bg2"",""bit_mapping"":""component_Gray_00_-3_01_-1_10_3_11_1_over_sqrt5;QPSK_0_plus1_1_minus1"",""code_blocks"":1,""decoder_config"":{""cn_schedule"":""flooding"",""cn_update"":""boxplus-phi"",""early_stop"":false,""hard_out"":true,""harq_mode"":false,""llr_max"":20.0,""num_iter"":20,""precision"":""single"",""prune_pcm"":true,""return_infobits"":true,""vn_update"":""sum""},""implementation"":{""bit_mapping"":""component_Gray_00_-3_01_-1_10_3_11_1_over_sqrt5;QPSK_0_plus1_1_minus1"",""cuda"":""12.8"",""decoder"":{""cn_schedule"":""flooding"",""cn_update"":""boxplus-phi"",""early_stop"":false,""hard_out"":true,""harq_mode"":false,""llr_max"":20.0,""num_iter"":20,""precision"":""single"",""prune_pcm"":true,""return_infobits"":true,""vn_update"":""sum""},""decoder_source_sha256"":""44d84b92b749e2970f94d92cd348a11648e2286b4d851faa0af8b21d08f0da23"",""encoder_source_sha256"":""34d8db6660b2e84708a8fb534f63c194f6f2b964e3693fcffc9dcaf21532ccfd"",""implementation"":""Sionna_5G_LDPC"",""power_protocol"":""fixed_constellation_average_Es2"",""precision"":""float32"",""rate_matching"":""Sionna RV0; filler removal, first2Z and tail puncturing; supported n only"",""scrambling"":""public_PCG64_SHA256_protocol_session_frame_group_counter_after_rate_matching_v1"",""torch"":""2.11.0+cu128"",""version"":""2.2.0""},""interleaver_sha256"":""7a72f16b0b87488017d1c08755767f4f09f07f48247c935b52a6b41f93508cae"",""k"":1516,""k_filler"":84,""k_ldpc"":1600,""layout_id"":""21829eb7ac01c2c09827d8daf8507ae80b98a1fc6492f77a77259df7a7e04bbc"",""modulation_padding_bits"":0,""mother_bits"":8320,""n"":3102,""n_cb"":8000,""n_cb_comp"":7916,""power_protocol"":""fixed_constellation_average_Es2"",""puncturing_bits"":5134,""puncturing_first_2Z"":320,""puncturing_remaining"":4814,""repetition_bits"":0,""scrambling"":""public_PCG64_SHA256_protocol_session_frame_group_counter_after_rate_matching_v1"",""shortening_bits"":84,""z"":160}",[2048]
16QAM,1/3,16QAM:r1/3,e2a43de9175ad20751b18c66bc198853cca31862ccd84c54a7d885a5542b9a67,360,16,0,376,480,104,2496,1700,425,0,0.2211764705882353,0.21176470588235294,"{""actual_effective_rate"":0.2211764705882353,""bg"":""bg2"",""bit_mapping"":""component_Gray_00_-3_01_-1_10_3_11_1_over_sqrt5;QPSK_0_plus1_1_minus1"",""code_blocks"":1,""decoder_config"":{""cn_schedule"":""flooding"",""cn_update"":""boxplus-phi"",""early_stop"":false,""hard_out"":true,""harq_mode"":false,""llr_max"":20.0,""num_iter"":20,""precision"":""single"",""prune_pcm"":true,""return_infobits"":true,""vn_update"":""sum""},""implementation"":{""bit_mapping"":""component_Gray_00_-3_01_-1_10_3_11_1_over_sqrt5;QPSK_0_plus1_1_minus1"",""cuda"":""12.8"",""decoder"":{""cn_schedule"":""flooding"",""cn_update"":""boxplus-phi"",""early_stop"":false,""hard_out"":true,""harq_mode"":false,""llr_max"":20.0,""num_iter"":20,""precision"":""single"",""prune_pcm"":true,""return_infobits"":true,""vn_update"":""sum""},""decoder_source_sha256"":""44d84b92b749e2970f94d92cd348a11648e2286b4d851faa0af8b21d08f0da23"",""encoder_source_sha256"":""34d8db6660b2e84708a8fb534f63c194f6f2b964e3693fcffc9dcaf21532ccfd"",""implementation"":""Sionna_5G_LDPC"",""power_protocol"":""fixed_constellation_average_Es2"",""precision"":""float32"",""rate_matching"":""Sionna RV0; filler removal, first2Z and tail puncturing; supported n only"",""scrambling"":""public_PCG64_SHA256_protocol_session_frame_group_counter_after_rate_matching_v1"",""torch"":""2.11.0+cu128"",""version"":""2.2.0""},""interleaver_sha256"":""6b385f2c52234f87375a576593bd10786b92d6c595dd897615dca150770bfacf"",""k"":376,""k_filler"":104,""k_ldpc"":480,""layout_id"":""24c122f613d1e70f563442af5f79868eee49730c0748493a47567720b782bff8"",""modulation_padding_bits"":0,""mother_bits"":2496,""n"":1700,""n_cb"":2400,""n_cb_comp"":2296,""power_protocol"":""fixed_constellation_average_Es2"",""puncturing_bits"":692,""puncturing_first_2Z"":96,""puncturing_remaining"":596,""repetition_bits"":0,""scrambling"":""public_PCG64_SHA256_protocol_session_frame_group_counter_after_rate_matching_v1"",""shortening_bits"":104,""z"":48}",[1024]
QPSK,5/6,QPSK:r5/6,e2a84e43d8e7c28ae3b91896a8c780f77d84e058d7ce735f8550a8386a70940c,1092,16,0,1108,1120,12,5824,2082,1041,0,0.5321805955811719,0.5244956772334294,"{""actual_effective_rate"":0.5321805955811719,""bg"":""bg2"",""bit_mapping"":""component_Gray_00_-3_01_-1_10_3_11_1_over_sqrt5;QPSK_0_plus1_1_minus1"",""code_blocks"":1,""decoder_config"":{""cn_schedule"":""flooding"",""cn_update"":""boxplus-phi"",""early_stop"":false,""hard_out"":true,""harq_mode"":false,""llr_max"":20.0,""num_iter"":20,""precision"":""single"",""prune_pcm"":true,""return_infobits"":true,""vn_update"":""sum""},""implementation"":{""bit_mapping"":""component_Gray_00_-3_01_-1_10_3_11_1_over_sqrt5;QPSK_0_plus1_1_minus1"",""cuda"":""12.8"",""decoder"":{""cn_schedule"":""flooding"",""cn_update"":""boxplus-phi"",""early_stop"":false,""hard_out"":true,""harq_mode"":false,""llr_max"":20.0,""num_iter"":20,""precision"":""single"",""prune_pcm"":true,""return_infobits"":true,""vn_update"":""sum""},""decoder_source_sha256"":""44d84b92b749e2970f94d92cd348a11648e2286b4d851faa0af8b21d08f0da23"",""encoder_source_sha256"":""34d8db6660b2e84708a8fb534f63c194f6f2b964e3693fcffc9dcaf21532ccfd"",""implementation"":""Sionna_5G_LDPC"",""power_protocol"":""fixed_constellation_average_Es2"",""precision"":""float32"",""rate_matching"":""Sionna RV0; filler removal, first2Z and tail puncturing; supported n only"",""scrambling"":""public_PCG64_SHA256_protocol_session_frame_group_counter_after_rate_matching_v1"",""torch"":""2.11.0+cu128"",""version"":""2.2.0""},""interleaver_sha256"":""f48ded14eeedcb0e2f219d109637fc08dd2634c68e0ca94374facbfdf9da7ef1"",""k"":1108,""k_filler"":12,""k_ldpc"":1120,""layout_id"":""821f2c1a0e9c3b948f4c6af1bbc3a627af6ab946c198dddb518bf42e54c969f8"",""modulation_padding_bits"":0,""mother_bits"":5824,""n"":2082,""n_cb"":5600,""n_cb_comp"":5588,""power_protocol"":""fixed_constellation_average_Es2"",""puncturing_bits"":3730,""puncturing_first_2Z"":224,""puncturing_remaining"":3506,""repetition_bits"":0,""scrambling"":""public_PCG64_SHA256_protocol_session_frame_group_counter_after_rate_matching_v1"",""shortening_bits"":12,""z"":112}",[2048]
16QAM,1/2,16QAM:r1/2,e2b0245d1336f01a7e6ddeb25cf5ef3c97e24fa5ad2481b05cd4d069f8042f36,384,16,0,400,520,120,2704,1208,302,0,0.33112582781456956,0.31788079470198677,"{""actual_effective_rate"":0.33112582781456956,""bg"":""bg2"",""bit_mapping"":""component_Gray_00_-3_01_-1_10_3_11_1_over_sqrt5;QPSK_0_plus1_1_minus1"",""code_blocks"":1,""decoder_config"":{""cn_schedule"":""flooding"",""cn_update"":""boxplus-phi"",""early_stop"":false,""hard_out"":true,""harq_mode"":false,""llr_max"":20.0,""num_iter"":20,""precision"":""single"",""prune_pcm"":true,""return_infobits"":true,""vn_update"":""sum""},""implementation"":{""bit_mapping"":""component_Gray_00_-3_01_-1_10_3_11_1_over_sqrt5;QPSK_0_plus1_1_minus1"",""cuda"":""12.8"",""decoder"":{""cn_schedule"":""flooding"",""cn_update"":""boxplus-phi"",""early_stop"":false,""hard_out"":true,""harq_mode"":false,""llr_max"":20.0,""num_iter"":20,""precision"":""single"",""prune_pcm"":true,""return_infobits"":true,""vn_update"":""sum""},""decoder_source_sha256"":""44d84b92b749e2970f94d92cd348a11648e2286b4d851faa0af8b21d08f0da23"",""encoder_source_sha256"":""34d8db6660b2e84708a8fb534f63c194f6f2b964e3693fcffc9dcaf21532ccfd"",""implementation"":""Sionna_5G_LDPC"",""power_protocol"":""fixed_constellation_average_Es2"",""precision"":""float32"",""rate_matching"":""Sionna RV0; filler removal, first2Z and tail puncturing; supported n only"",""scrambling"":""public_PCG64_SHA256_protocol_session_frame_group_counter_after_rate_matching_v1"",""torch"":""2.11.0+cu128"",""version"":""2.2.0""},""interleaver_sha256"":""9edef93174f06d68592f83eddef50707e31e40a2a15959b451e86e4c22b5e7c0"",""k"":400,""k_filler"":120,""k_ldpc"":520,""layout_id"":""30998603d238a15b09b8db6f217a396f5756c3ceb7748c2a94a348a00a7adcda"",""modulation_padding_bits"":0,""mother_bits"":2704,""n"":1208,""n_cb"":2600,""n_cb_comp"":2480,""power_protocol"":""fixed_constellation_average_Es2"",""puncturing_bits"":1376,""puncturing_first_2Z"":104,""puncturing_remaining"":1272,""repetition_bits"":0,""scrambling"":""public_PCG64_SHA256_protocol_session_frame_group_counter_after_rate_matching_v1"",""shortening_bits"":120,""z"":52}",[2048]
QPSK,5/6,QPSK:r5/6,e2b83597bf5d23991bead881d267a928ca24633478763dcf22f95d7743bb123e,324,16,0,340,440,100,2288,718,359,0,0.4735376044568245,0.45125348189415043,"{""actual_effective_rate"":0.4735376044568245,""bg"":""bg2"",""bit_mapping"":""component_Gray_00_-3_01_-1_10_3_11_1_over_sqrt5;QPSK_0_plus1_1_minus1"",""code_blocks"":1,""decoder_config"":{""cn_schedule"":""flooding"",""cn_update"":""boxplus-phi"",""early_stop"":false,""hard_out"":true,""harq_mode"":false,""llr_max"":20.0,""num_iter"":20,""precision"":""single"",""prune_pcm"":true,""return_infobits"":true,""vn_update"":""sum""},""implementation"":{""bit_mapping"":""component_Gray_00_-3_01_-1_10_3_11_1_over_sqrt5;QPSK_0_plus1_1_minus1"",""cuda"":""12.8"",""decoder"":{""cn_schedule"":""flooding"",""cn_update"":""boxplus-phi"",""early_stop"":false,""hard_out"":true,""harq_mode"":false,""llr_max"":20.0,""num_iter"":20,""precision"":""single"",""prune_pcm"":true,""return_infobits"":true,""vn_update"":""sum""},""decoder_source_sha256"":""44d84b92b749e2970f94d92cd348a11648e2286b4d851faa0af8b21d08f0da23"",""encoder_source_sha256"":""34d8db6660b2e84708a8fb534f63c194f6f2b964e3693fcffc9dcaf21532ccfd"",""implementation"":""Sionna_5G_LDPC"",""power_protocol"":""fixed_constellation_average_Es2"",""precision"":""float32"",""rate_matching"":""Sionna RV0; filler removal, first2Z and tail puncturing; supported n only"",""scrambling"":""public_PCG64_SHA256_protocol_session_frame_group_counter_after_rate_matching_v1"",""torch"":""2.11.0+cu128"",""version"":""2.2.0""},""interleaver_sha256"":""1836218ffb4423c1660249e1c759453ef304c499a45686949ab46535837c40d2"",""k"":340,""k_filler"":100,""k_ldpc"":440,""layout_id"":""c12301bbd7e32f884ded5b10fe2d30bce83f7ceae40b57ecf7a31397eaf2be8f"",""modulation_padding_bits"":0,""mother_bits"":2288,""n"":718,""n_cb"":2200,""n_cb_comp"":2100,""power_protocol"":""fixed_constellation_average_Es2"",""puncturing_bits"":1470,""puncturing_first_2Z"":88,""puncturing_remaining"":1382,""repetition_bits"":0,""scrambling"":""public_PCG64_SHA256_protocol_session_frame_group_counter_after_rate_matching_v1"",""shortening_bits"":100,""z"":44}",[1024]
16QAM,5/6,16QAM:r5/6,e2bbbfa0e246b7fdbc817129d271f8bddf669ca7f679a4fc03867dece8061273,1500,16,0,1516,1600,84,8320,6200,1550,0,0.24451612903225806,0.24193548387096775,"{""actual_effective_rate"":0.24451612903225806,""bg"":""bg2"",""bit_mapping"":""component_Gray_00_-3_01_-1_10_3_11_1_over_sqrt5;QPSK_0_plus1_1_minus1"",""code_blocks"":1,""decoder_config"":{""cn_schedule"":""flooding"",""cn_update"":""boxplus-phi"",""early_stop"":false,""hard_out"":true,""harq_mode"":false,""llr_max"":20.0,""num_iter"":20,""precision"":""single"",""prune_pcm"":true,""return_infobits"":true,""vn_update"":""sum""},""implementation"":{""bit_mapping"":""component_Gray_00_-3_01_-1_10_3_11_1_over_sqrt5;QPSK_0_plus1_1_minus1"",""cuda"":""12.8"",""decoder"":{""cn_schedule"":""flooding"",""cn_update"":""boxplus-phi"",""early_stop"":false,""hard_out"":true,""harq_mode"":false,""llr_max"":20.0,""num_iter"":20,""precision"":""single"",""prune_pcm"":true,""return_infobits"":true,""vn_update"":""sum""},""decoder_source_sha256"":""44d84b92b749e2970f94d92cd348a11648e2286b4d851faa0af8b21d08f0da23"",""encoder_source_sha256"":""34d8db6660b2e84708a8fb534f63c194f6f2b964e3693fcffc9dcaf21532ccfd"",""implementation"":""Sionna_5G_LDPC"",""power_protocol"":""fixed_constellation_average_Es2"",""precision"":""float32"",""rate_matching"":""Sionna RV0; filler removal, first2Z and tail puncturing; supported n only"",""scrambling"":""public_PCG64_SHA256_protocol_session_frame_group_counter_after_rate_matching_v1"",""torch"":""2.11.0+cu128"",""version"":""2.2.0""},""interleaver_sha256"":""02a78ff5c77097b61e175d94a693fda9c0e825dd4eb713963e98df48b43c1f5e"",""k"":1516,""k_filler"":84,""k_ldpc"":1600,""layout_id"":""053e78eef97ac961fdbb5f475439de650043a938c51bc3a0085a1f9fc37e11d0"",""modulation_padding_bits"":0,""mother_bits"":8320,""n"":6200,""n_cb"":8000,""n_cb_comp"":7916,""power_protocol"":""fixed_constellation_average_Es2"",""puncturing_bits"":2036,""puncturing_first_2Z"":320,""puncturing_remaining"":1716,""repetition_bits"":0,""scrambling"":""public_PCG64_SHA256_protocol_session_frame_group_counter_after_rate_matching_v1"",""shortening_bits"":84,""z"":160}",[2048]
QPSK,5/6,QPSK:r5/6,e2c230f1cc1e8b5b2223514fb6bc94f692b466411827e88682100a2eabd5b1c4,624,16,0,640,720,80,3744,1706,853,0,0.37514654161781946,0.365767878077374,"{""actual_effective_rate"":0.37514654161781946,""bg"":""bg2"",""bit_mapping"":""component_Gray_00_-3_01_-1_10_3_11_1_over_sqrt5;QPSK_0_plus1_1_minus1"",""code_blocks"":1,""decoder_config"":{""cn_schedule"":""flooding"",""cn_update"":""boxplus-phi"",""early_stop"":false,""hard_out"":true,""harq_mode"":false,""llr_max"":20.0,""num_iter"":20,""precision"":""single"",""prune_pcm"":true,""return_infobits"":true,""vn_update"":""sum""},""implementation"":{""bit_mapping"":""component_Gray_00_-3_01_-1_10_3_11_1_over_sqrt5;QPSK_0_plus1_1_minus1"",""cuda"":""12.8"",""decoder"":{""cn_schedule"":""flooding"",""cn_update"":""boxplus-phi"",""early_stop"":false,""hard_out"":true,""harq_mode"":false,""llr_max"":20.0,""num_iter"":20,""precision"":""single"",""prune_pcm"":true,""return_infobits"":true,""vn_update"":""sum""},""decoder_source_sha256"":""44d84b92b749e2970f94d92cd348a11648e2286b4d851faa0af8b21d08f0da23"",""encoder_source_sha256"":""34d8db6660b2e84708a8fb534f63c194f6f2b964e3693fcffc9dcaf21532ccfd"",""implementation"":""Sionna_5G_LDPC"",""power_protocol"":""fixed_constellation_average_Es2"",""precision"":""float32"",""rate_matching"":""Sionna RV0; filler removal, first2Z and tail puncturing; supported n only"",""scrambling"":""public_PCG64_SHA256_protocol_session_frame_group_counter_after_rate_matching_v1"",""torch"":""2.11.0+cu128"",""version"":""2.2.0""},""interleaver_sha256"":""93f38601d861d1fa28f18e271e0827ce8702f75e54a6ea1e012a46fdb7817a80"",""k"":640,""k_filler"":80,""k_ldpc"":720,""layout_id"":""04540356e281bb319ed26c8eed9d0cfc26ebdf69642709b81fc2253dde4390ec"",""modulation_padding_bits"":0,""mother_bits"":3744,""n"":1706,""n_cb"":3600,""n_cb_comp"":3520,""power_protocol"":""fixed_constellation_average_Es2"",""puncturing_bits"":1958,""puncturing_first_2Z"":144,""puncturing_remaining"":1814,""repetition_bits"":0,""scrambling"":""public_PCG64_SHA256_protocol_session_frame_group_counter_after_rate_matching_v1"",""shortening_bits"":80,""z"":72}",[2048]
QPSK,1/3,QPSK:r1/3,e2cbcfb4cf44005ee73d149bcc9c0b02ffdd65eba725ffe977be605049375251,612,16,0,628,720,92,3744,1884,942,0,0.3333333333333333,0.3248407643312102,"{""actual_effective_rate"":0.3333333333333333,""bg"":""bg2"",""bit_mapping"":""component_Gray_00_-3_01_-1_10_3_11_1_over_sqrt5;QPSK_0_plus1_1_minus1"",""code_blocks"":1,""decoder_config"":{""cn_schedule"":""flooding"",""cn_update"":""boxplus-phi"",""early_stop"":false,""hard_out"":true,""harq_mode"":false,""llr_max"":20.0,""num_iter"":20,""precision"":""single"",""prune_pcm"":true,""return_infobits"":true,""vn_update"":""sum""},""implementation"":{""bit_mapping"":""component_Gray_00_-3_01_-1_10_3_11_1_over_sqrt5;QPSK_0_plus1_1_minus1"",""cuda"":""12.8"",""decoder"":{""cn_schedule"":""flooding"",""cn_update"":""boxplus-phi"",""early_stop"":false,""hard_out"":true,""harq_mode"":false,""llr_max"":20.0,""num_iter"":20,""precision"":""single"",""prune_pcm"":true,""return_infobits"":true,""vn_update"":""sum""},""decoder_source_sha256"":""44d84b92b749e2970f94d92cd348a11648e2286b4d851faa0af8b21d08f0da23"",""encoder_source_sha256"":""34d8db6660b2e84708a8fb534f63c194f6f2b964e3693fcffc9dcaf21532ccfd"",""implementation"":""Sionna_5G_LDPC"",""power_protocol"":""fixed_constellation_average_Es2"",""precision"":""float32"",""rate_matching"":""Sionna RV0; filler removal, first2Z and tail puncturing; supported n only"",""scrambling"":""public_PCG64_SHA256_protocol_session_frame_group_counter_after_rate_matching_v1"",""torch"":""2.11.0+cu128"",""version"":""2.2.0""},""interleaver_sha256"":""9984c922437f20035999d968c586028ee83b9c7f8b7ad50097466c3e75288f11"",""k"":628,""k_filler"":92,""k_ldpc"":720,""layout_id"":""533cf16f390dc367ea892fc687e76dd846a3f87979e4f2a5cc282b015d87c0df"",""modulation_padding_bits"":0,""mother_bits"":3744,""n"":1884,""n_cb"":3600,""n_cb_comp"":3508,""power_protocol"":""fixed_constellation_average_Es2"",""puncturing_bits"":1768,""puncturing_first_2Z"":144,""puncturing_remaining"":1624,""repetition_bits"":0,""scrambling"":""public_PCG64_SHA256_protocol_session_frame_group_counter_after_rate_matching_v1"",""shortening_bits"":92,""z"":72}",[1024]
16QAM,1/2,16QAM:r1/2,e2eb749c8a9ae246b5d875e320e45fda94a4d2f112ad49b65a44d05929f6b11c,600,16,0,616,720,104,3744,1700,425,0,0.3623529411764706,0.35294117647058826,"{""actual_effective_rate"":0.3623529411764706,""bg"":""bg2"",""bit_mapping"":""component_Gray_00_-3_01_-1_10_3_11_1_over_sqrt5;QPSK_0_plus1_1_minus1"",""code_blocks"":1,""decoder_config"":{""cn_schedule"":""flooding"",""cn_update"":""boxplus-phi"",""early_stop"":false,""hard_out"":true,""harq_mode"":false,""llr_max"":20.0,""num_iter"":20,""precision"":""single"",""prune_pcm"":true,""return_infobits"":true,""vn_update"":""sum""},""implementation"":{""bit_mapping"":""component_Gray_00_-3_01_-1_10_3_11_1_over_sqrt5;QPSK_0_plus1_1_minus1"",""cuda"":""12.8"",""decoder"":{""cn_schedule"":""flooding"",""cn_update"":""boxplus-phi"",""early_stop"":false,""hard_out"":true,""harq_mode"":false,""llr_max"":20.0,""num_iter"":20,""precision"":""single"",""prune_pcm"":true,""return_infobits"":true,""vn_update"":""sum""},""decoder_source_sha256"":""44d84b92b749e2970f94d92cd348a11648e2286b4d851faa0af8b21d08f0da23"",""encoder_source_sha256"":""34d8db6660b2e84708a8fb534f63c194f6f2b964e3693fcffc9dcaf21532ccfd"",""implementation"":""Sionna_5G_LDPC"",""power_protocol"":""fixed_constellation_average_Es2"",""precision"":""float32"",""rate_matching"":""Sionna RV0; filler removal, first2Z and tail puncturing; supported n only"",""scrambling"":""public_PCG64_SHA256_protocol_session_frame_group_counter_after_rate_matching_v1"",""torch"":""2.11.0+cu128"",""version"":""2.2.0""},""interleaver_sha256"":""6b385f2c52234f87375a576593bd10786b92d6c595dd897615dca150770bfacf"",""k"":616,""k_filler"":104,""k_ldpc"":720,""layout_id"":""945c6ad005ea8a1d4a3c93ff63919e10f98d9a3fedc2907e6922b3e6058f448a"",""modulation_padding_bits"":0,""mother_bits"":3744,""n"":1700,""n_cb"":3600,""n_cb_comp"":3496,""power_protocol"":""fixed_constellation_average_Es2"",""puncturing_bits"":1940,""puncturing_first_2Z"":144,""puncturing_remaining"":1796,""repetition_bits"":0,""scrambling"":""public_PCG64_SHA256_protocol_session_frame_group_counter_after_rate_matching_v1"",""shortening_bits"":104,""z"":72}",[2048]
QPSK,2/3,QPSK:r2/3,e2fd7e7c5ae6cd002ff2370d4cf57fc037aa69492944252533f42a01f42e26df,2076,16,0,2092,2240,148,11648,3144,1572,0,0.6653944020356234,0.6603053435114504,"{""actual_effective_rate"":0.6653944020356234,""bg"":""bg2"",""bit_mapping"":""component_Gray_00_-3_01_-1_10_3_11_1_over_sqrt5;QPSK_0_plus1_1_minus1"",""code_blocks"":1,""decoder_config"":{""cn_schedule"":""flooding"",""cn_update"":""boxplus-phi"",""early_stop"":false,""hard_out"":true,""harq_mode"":false,""llr_max"":20.0,""num_iter"":20,""precision"":""single"",""prune_pcm"":true,""return_infobits"":true,""vn_update"":""sum""},""implementation"":{""bit_mapping"":""component_Gray_00_-3_01_-1_10_3_11_1_over_sqrt5;QPSK_0_plus1_1_minus1"",""cuda"":""12.8"",""decoder"":{""cn_schedule"":""flooding"",""cn_update"":""boxplus-phi"",""early_stop"":false,""hard_out"":true,""harq_mode"":false,""llr_max"":20.0,""num_iter"":20,""precision"":""single"",""prune_pcm"":true,""return_infobits"":true,""vn_update"":""sum""},""decoder_source_sha256"":""44d84b92b749e2970f94d92cd348a11648e2286b4d851faa0af8b21d08f0da23"",""encoder_source_sha256"":""34d8db6660b2e84708a8fb534f63c194f6f2b964e3693fcffc9dcaf21532ccfd"",""implementation"":""Sionna_5G_LDPC"",""power_protocol"":""fixed_constellation_average_Es2"",""precision"":""float32"",""rate_matching"":""Sionna RV0; filler removal, first2Z and tail puncturing; supported n only"",""scrambling"":""public_PCG64_SHA256_protocol_session_frame_group_counter_after_rate_matching_v1"",""torch"":""2.11.0+cu128"",""version"":""2.2.0""},""interleaver_sha256"":""4aad0cee046acdf73cf9ad4522fe02a5b8f961c1268384bd47da716df3cd1264"",""k"":2092,""k_filler"":148,""k_ldpc"":2240,""layout_id"":""d5bac7889ded6b962a6d69ee63ce527323ac63bf20d433f4efff3b2cac39d752"",""modulation_padding_bits"":0,""mother_bits"":11648,""n"":3144,""n_cb"":11200,""n_cb_comp"":11052,""power_protocol"":""fixed_constellation_average_Es2"",""puncturing_bits"":8356,""puncturing_first_2Z"":448,""puncturing_remaining"":7908,""repetition_bits"":0,""scrambling"":""public_PCG64_SHA256_protocol_session_frame_group_counter_after_rate_matching_v1"",""shortening_bits"":148,""z"":224}",[2048]
16QAM,1/3,16QAM:r1/3,e2fe1c38fb32a63bf4039ef388750f56f680e1babc0fbe488935de943b73868c,1500,16,0,1516,1600,84,8320,7128,1782,0,0.21268237934904602,0.21043771043771045,"{""actual_effective_rate"":0.21268237934904602,""bg"":""bg2"",""bit_mapping"":""component_Gray_00_-3_01_-1_10_3_11_1_over_sqrt5;QPSK_0_plus1_1_minus1"",""code_blocks"":1,""decoder_config"":{""cn_schedule"":""flooding"",""cn_update"":""boxplus-phi"",""early_stop"":false,""hard_out"":true,""harq_mode"":false,""llr_max"":20.0,""num_iter"":20,""precision"":""single"",""prune_pcm"":true,""return_infobits"":true,""vn_update"":""sum""},""implementation"":{""bit_mapping"":""component_Gray_00_-3_01_-1_10_3_11_1_over_sqrt5;QPSK_0_plus1_1_minus1"",""cuda"":""12.8"",""decoder"":{""cn_schedule"":""flooding"",""cn_update"":""boxplus-phi"",""early_stop"":false,""hard_out"":true,""harq_mode"":false,""llr_max"":20.0,""num_iter"":20,""precision"":""single"",""prune_pcm"":true,""return_infobits"":true,""vn_update"":""sum""},""decoder_source_sha256"":""44d84b92b749e2970f94d92cd348a11648e2286b4d851faa0af8b21d08f0da23"",""encoder_source_sha256"":""34d8db6660b2e84708a8fb534f63c194f6f2b964e3693fcffc9dcaf21532ccfd"",""implementation"":""Sionna_5G_LDPC"",""power_protocol"":""fixed_constellation_average_Es2"",""precision"":""float32"",""rate_matching"":""Sionna RV0; filler removal, first2Z and tail puncturing; supported n only"",""scrambling"":""public_PCG64_SHA256_protocol_session_frame_group_counter_after_rate_matching_v1"",""torch"":""2.11.0+cu128"",""version"":""2.2.0""},""interleaver_sha256"":""b70900bdad5916719356e6673f986f3eae63bb3d44fcd4c1bf4cc97dd05dcfb9"",""k"":1516,""k_filler"":84,""k_ldpc"":1600,""layout_id"":""fcf593cd35bbc91145caf46ed1879bb14dd3e001dc6d506831fb04b9d0b61d18"",""modulation_padding_bits"":0,""mother_bits"":8320,""n"":7128,""n_cb"":8000,""n_cb_comp"":7916,""power_protocol"":""fixed_constellation_average_Es2"",""puncturing_bits"":1108,""puncturing_first_2Z"":320,""puncturing_remaining"":788,""repetition_bits"":0,""scrambling"":""public_PCG64_SHA256_protocol_session_frame_group_counter_after_rate_matching_v1"",""shortening_bits"":84,""z"":160}",[2048]
QPSK,5/6,QPSK:r5/6,e3005dd3d0e62cd0d0bf86f04072a288ee312a417aff7593eec334ea304dce3b,1092,16,0,1108,1144,36,3536,1380,690,0,0.8028985507246377,0.7913043478260869,"{""actual_effective_rate"":0.8028985507246377,""bg"":""bg1"",""bit_mapping"":""component_Gray_00_-3_01_-1_10_3_11_1_over_sqrt5;QPSK_0_plus1_1_minus1"",""code_blocks"":1,""decoder_config"":{""cn_schedule"":""flooding"",""cn_update"":""boxplus-phi"",""early_stop"":false,""hard_out"":true,""harq_mode"":false,""llr_max"":20.0,""num_iter"":20,""precision"":""single"",""prune_pcm"":true,""return_infobits"":true,""vn_update"":""sum""},""implementation"":{""bit_mapping"":""component_Gray_00_-3_01_-1_10_3_11_1_over_sqrt5;QPSK_0_plus1_1_minus1"",""cuda"":""12.8"",""decoder"":{""cn_schedule"":""flooding"",""cn_update"":""boxplus-phi"",""early_stop"":false,""hard_out"":true,""harq_mode"":false,""llr_max"":20.0,""num_iter"":20,""precision"":""single"",""prune_pcm"":true,""return_infobits"":true,""vn_update"":""sum""},""decoder_source_sha256"":""44d84b92b749e2970f94d92cd348a11648e2286b4d851faa0af8b21d08f0da23"",""encoder_source_sha256"":""34d8db6660b2e84708a8fb534f63c194f6f2b964e3693fcffc9dcaf21532ccfd"",""implementation"":""Sionna_5G_LDPC"",""power_protocol"":""fixed_constellation_average_Es2"",""precision"":""float32"",""rate_matching"":""Sionna RV0; filler removal, first2Z and tail puncturing; supported n only"",""scrambling"":""public_PCG64_SHA256_protocol_session_frame_group_counter_after_rate_matching_v1"",""torch"":""2.11.0+cu128"",""version"":""2.2.0""},""interleaver_sha256"":""d2ce203968e98622f20c74a2d1d37421c00bc17548322970c52d38b9b2ea0448"",""k"":1108,""k_filler"":36,""k_ldpc"":1144,""layout_id"":""3fffbde7c020f299cfad15fa08942a0fff31e3e0c158dde98d9f29e5290dde53"",""modulation_padding_bits"":0,""mother_bits"":3536,""n"":1380,""n_cb"":3432,""n_cb_comp"":3396,""power_protocol"":""fixed_constellation_average_Es2"",""puncturing_bits"":2120,""puncturing_first_2Z"":104,""puncturing_remaining"":2016,""repetition_bits"":0,""scrambling"":""public_PCG64_SHA256_protocol_session_frame_group_counter_after_rate_matching_v1"",""shortening_bits"":36,""z"":52}",[2048]
QPSK,5/6,QPSK:r5/6,e300af119e5ae67c3610f61db750a5decc62821b24ff6375d5218756092109e8,924,16,0,940,960,20,4992,2376,1188,0,0.3956228956228956,0.3888888888888889,"{""actual_effective_rate"":0.3956228956228956,""bg"":""bg2"",""bit_mapping"":""component_Gray_00_-3_01_-1_10_3_11_1_over_sqrt5;QPSK_0_plus1_1_minus1"",""code_blocks"":1,""decoder_config"":{""cn_schedule"":""flooding"",""cn_update"":""boxplus-phi"",""early_stop"":false,""hard_out"":true,""harq_mode"":false,""llr_max"":20.0,""num_iter"":20,""precision"":""single"",""prune_pcm"":true,""return_infobits"":true,""vn_update"":""sum""},""implementation"":{""bit_mapping"":""component_Gray_00_-3_01_-1_10_3_11_1_over_sqrt5;QPSK_0_plus1_1_minus1"",""cuda"":""12.8"",""decoder"":{""cn_schedule"":""flooding"",""cn_update"":""boxplus-phi"",""early_stop"":false,""hard_out"":true,""harq_mode"":false,""llr_max"":20.0,""num_iter"":20,""precision"":""single"",""prune_pcm"":true,""return_infobits"":true,""vn_update"":""sum""},""decoder_source_sha256"":""44d84b92b749e2970f94d92cd348a11648e2286b4d851faa0af8b21d08f0da23"",""encoder_source_sha256"":""34d8db6660b2e84708a8fb534f63c194f6f2b964e3693fcffc9dcaf21532ccfd"",""implementation"":""Sionna_5G_LDPC"",""power_protocol"":""fixed_constellation_average_Es2"",""precision"":""float32"",""rate_matching"":""Sionna RV0; filler removal, first2Z and tail puncturing; supported n only"",""scrambling"":""public_PCG64_SHA256_protocol_session_frame_group_counter_after_rate_matching_v1"",""torch"":""2.11.0+cu128"",""version"":""2.2.0""},""interleaver_sha256"":""29cb57b95df4843768f844c74ab2d5a4e90627af4c7013c35a42ee822e3aed24"",""k"":940,""k_filler"":20,""k_ldpc"":960,""layout_id"":""42f4de04c07f93fb6ea202cd9af21394495685937843904d191f272a28fe079d"",""modulation_padding_bits"":0,""mother_bits"":4992,""n"":2376,""n_cb"":4800,""n_cb_comp"":4780,""power_protocol"":""fixed_constellation_average_Es2"",""puncturing_bits"":2596,""puncturing_first_2Z"":192,""puncturing_remaining"":2404,""repetition_bits"":0,""scrambling"":""public_PCG64_SHA256_protocol_session_frame_group_counter_after_rate_matching_v1"",""shortening_bits"":20,""z"":96}",[2048]
16QAM,2/3,16QAM:r2/3,e323cc5873ee253729d8bf055b5959565bdb612b74ccdaa045417cf4d7bf3608,576,16,0,592,720,128,3744,932,233,0,0.6351931330472103,0.6180257510729614,"{""actual_effective_rate"":0.6351931330472103,""bg"":""bg2"",""bit_mapping"":""component_Gray_00_-3_01_-1_10_3_11_1_over_sqrt5;QPSK_0_plus1_1_minus1"",""code_blocks"":1,""decoder_config"":{""cn_schedule"":""flooding"",""cn_update"":""boxplus-phi"",""early_stop"":false,""hard_out"":true,""harq_mode"":false,""llr_max"":20.0,""num_iter"":20,""precision"":""single"",""prune_pcm"":true,""return_infobits"":true,""vn_update"":""sum""},""implementation"":{""bit_mapping"":""component_Gray_00_-3_01_-1_10_3_11_1_over_sqrt5;QPSK_0_plus1_1_minus1"",""cuda"":""12.8"",""decoder"":{""cn_schedule"":""flooding"",""cn_update"":""boxplus-phi"",""early_stop"":false,""hard_out"":true,""harq_mode"":false,""llr_max"":20.0,""num_iter"":20,""precision"":""single"",""prune_pcm"":true,""return_infobits"":true,""vn_update"":""sum""},""decoder_source_sha256"":""44d84b92b749e2970f94d92cd348a11648e2286b4d851faa0af8b21d08f0da23"",""encoder_source_sha256"":""34d8db6660b2e84708a8fb534f63c194f6f2b964e3693fcffc9dcaf21532ccfd"",""implementation"":""Sionna_5G_LDPC"",""power_protocol"":""fixed_constellation_average_Es2"",""precision"":""float32"",""rate_matching"":""Sionna RV0; filler removal, first2Z and tail puncturing; supported n only"",""scrambling"":""public_PCG64_SHA256_protocol_session_frame_group_counter_after_rate_matching_v1"",""torch"":""2.11.0+cu128"",""version"":""2.2.0""},""interleaver_sha256"":""4ebdbbad722aa80b9e714300f974f04fbf8f91a99aba7fbacfe7fe68cfcfcd83"",""k"":592,""k_filler"":128,""k_ldpc"":720,""layout_id"":""7c32e32835fecaf99f00ce80c5fafacb08560830ad6ad2b8440a85af9627e6e1"",""modulation_padding_bits"":0,""mother_bits"":3744,""n"":932,""n_cb"":3600,""n_cb_comp"":3472,""power_protocol"":""fixed_constellation_average_Es2"",""puncturing_bits"":2684,""puncturing_first_2Z"":144,""puncturing_remaining"":2540,""repetition_bits"":0,""scrambling"":""public_PCG64_SHA256_protocol_session_frame_group_counter_after_rate_matching_v1"",""shortening_bits"":128,""z"":72}",[2048]
16QAM,2/3,16QAM:r2/3,e32632f05bbca17f553a452e9fbaef1d4e8a0dbbf54f14bda172d168acb23333,1668,16,0,1684,1760,76,9152,4220,1055,0,0.3990521327014218,0.395260663507109,"{""actual_effective_rate"":0.3990521327014218,""bg"":""bg2"",""bit_mapping"":""component_Gray_00_-3_01_-1_10_3_11_1_over_sqrt5;QPSK_0_plus1_1_minus1"",""code_blocks"":1,""decoder_config"":{""cn_schedule"":""flooding"",""cn_update"":""boxplus-phi"",""early_stop"":false,""hard_out"":true,""harq_mode"":false,""llr_max"":20.0,""num_iter"":20,""precision"":""single"",""prune_pcm"":true,""return_infobits"":true,""vn_update"":""sum""},""implementation"":{""bit_mapping"":""component_Gray_00_-3_01_-1_10_3_11_1_over_sqrt5;QPSK_0_plus1_1_minus1"",""cuda"":""12.8"",""decoder"":{""cn_schedule"":""flooding"",""cn_update"":""boxplus-phi"",""early_stop"":false,""hard_out"":true,""harq_mode"":false,""llr_max"":20.0,""num_iter"":20,""precision"":""single"",""prune_pcm"":true,""return_infobits"":true,""vn_update"":""sum""},""decoder_source_sha256"":""44d84b92b749e2970f94d92cd348a11648e2286b4d851faa0af8b21d08f0da23"",""encoder_source_sha256"":""34d8db6660b2e84708a8fb534f63c194f6f2b964e3693fcffc9dcaf21532ccfd"",""implementation"":""Sionna_5G_LDPC"",""power_protocol"":""fixed_constellation_average_Es2"",""precision"":""float32"",""rate_matching"":""Sionna RV0; filler removal, first2Z and tail puncturing; supported n only"",""scrambling"":""public_PCG64_SHA256_protocol_session_frame_group_counter_after_rate_matching_v1"",""torch"":""2.11.0+cu128"",""version"":""2.2.0""},""interleaver_sha256"":""e195bd363029b0d02dbdcdd885dc30d8bec73bbc0cd11ac4fc48cd3c84b7c7e7"",""k"":1684,""k_filler"":76,""k_ldpc"":1760,""layout_id"":""c48961deb1fba263678fee5edcc0b774725f36e17af7ef0de8c1805a5c14dca0"",""modulation_padding_bits"":0,""mother_bits"":9152,""n"":4220,""n_cb"":8800,""n_cb_comp"":8724,""power_protocol"":""fixed_constellation_average_Es2"",""puncturing_bits"":4856,""puncturing_first_2Z"":352,""puncturing_remaining"":4504,""repetition_bits"":0,""scrambling"":""public_PCG64_SHA256_protocol_session_frame_group_counter_after_rate_matching_v1"",""shortening_bits"":76,""z"":176}",[2048]
QPSK,5/6,QPSK:r5/6,e32774635ca311c83f1980b9ca46934092ef1a940679bbd8535ce6bc05a1f485,660,16,0,676,720,44,3744,1136,568,0,0.5950704225352113,0.5809859154929577,"{""actual_effective_rate"":0.5950704225352113,""bg"":""bg2"",""bit_mapping"":""component_Gray_00_-3_01_-1_10_3_11_1_over_sqrt5;QPSK_0_plus1_1_minus1"",""code_blocks"":1,""decoder_config"":{""cn_schedule"":""flooding"",""cn_update"":""boxplus-phi"",""early_stop"":false,""hard_out"":true,""harq_mode"":false,""llr_max"":20.0,""num_iter"":20,""precision"":""single"",""prune_pcm"":true,""return_infobits"":true,""vn_update"":""sum""},""implementation"":{""bit_mapping"":""component_Gray_00_-3_01_-1_10_3_11_1_over_sqrt5;QPSK_0_plus1_1_minus1"",""cuda"":""12.8"",""decoder"":{""cn_schedule"":""flooding"",""cn_update"":""boxplus-phi"",""early_stop"":false,""hard_out"":true,""harq_mode"":false,""llr_max"":20.0,""num_iter"":20,""precision"":""single"",""prune_pcm"":true,""return_infobits"":true,""vn_update"":""sum""},""decoder_source_sha256"":""44d84b92b749e2970f94d92cd348a11648e2286b4d851faa0af8b21d08f0da23"",""encoder_source_sha256"":""34d8db6660b2e84708a8fb534f63c194f6f2b964e3693fcffc9dcaf21532ccfd"",""implementation"":""Sionna_5G_LDPC"",""power_protocol"":""fixed_constellation_average_Es2"",""precision"":""float32"",""rate_matching"":""Sionna RV0; filler removal, first2Z and tail puncturing; supported n only"",""scrambling"":""public_PCG64_SHA256_protocol_session_frame_group_counter_after_rate_matching_v1"",""torch"":""2.11.0+cu128"",""version"":""2.2.0""},""interleaver_sha256"":""a79dc4d1582bc39a75254819a28d4b678cab7e3513c76bc387c4ab87649c6395"",""k"":676,""k_filler"":44,""k_ldpc"":720,""layout_id"":""e9220791e868e36dd5e81c2ff868971165c6ff942bd871277b77194529abfce7"",""modulation_padding_bits"":0,""mother_bits"":3744,""n"":1136,""n_cb"":3600,""n_cb_comp"":3556,""power_protocol"":""fixed_constellation_average_Es2"",""puncturing_bits"":2564,""puncturing_first_2Z"":144,""puncturing_remaining"":2420,""repetition_bits"":0,""scrambling"":""public_PCG64_SHA256_protocol_session_frame_group_counter_after_rate_matching_v1"",""shortening_bits"":44,""z"":72}","[1024,2048]"
16QAM,2/3,16QAM:r2/3,e32ca4b78a72f0c84d092537dc3f5c2020adf60fd91fc9de49fa55a87d31b4cc,660,16,0,676,720,44,3744,1524,381,0,0.4435695538057743,0.4330708661417323,"{""actual_effective_rate"":0.4435695538057743,""bg"":""bg2"",""bit_mapping"":""component_Gray_00_-3_01_-1_10_3_11_1_over_sqrt5;QPSK_0_plus1_1_minus1"",""code_blocks"":1,""decoder_config"":{""cn_schedule"":""flooding"",""cn_update"":""boxplus-phi"",""early_stop"":false,""hard_out"":true,""harq_mode"":false,""llr_max"":20.0,""num_iter"":20,""precision"":""single"",""prune_pcm"":true,""return_infobits"":true,""vn_update"":""sum""},""implementation"":{""bit_mapping"":""component_Gray_00_-3_01_-1_10_3_11_1_over_sqrt5;QPSK_0_plus1_1_minus1"",""cuda"":""12.8"",""decoder"":{""cn_schedule"":""flooding"",""cn_update"":""boxplus-phi"",""early_stop"":false,""hard_out"":true,""harq_mode"":false,""llr_max"":20.0,""num_iter"":20,""precision"":""single"",""prune_pcm"":true,""return_infobits"":true,""vn_update"":""sum""},""decoder_source_sha256"":""44d84b92b749e2970f94d92cd348a11648e2286b4d851faa0af8b21d08f0da23"",""encoder_source_sha256"":""34d8db6660b2e84708a8fb534f63c194f6f2b964e3693fcffc9dcaf21532ccfd"",""implementation"":""Sionna_5G_LDPC"",""power_protocol"":""fixed_constellation_average_Es2"",""precision"":""float32"",""rate_matching"":""Sionna RV0; filler removal, first2Z and tail puncturing; supported n only"",""scrambling"":""public_PCG64_SHA256_protocol_session_frame_group_counter_after_rate_matching_v1"",""torch"":""2.11.0+cu128"",""version"":""2.2.0""},""interleaver_sha256"":""50b838987d5525b8472a8397e7b98342db5416f6d604a88b36e84dd223e89c25"",""k"":676,""k_filler"":44,""k_ldpc"":720,""layout_id"":""8ea6d20775a2d6339fceb3d9a226b60f2db11ea2931c65d11a8a024ce7bd0be3"",""modulation_padding_bits"":0,""mother_bits"":3744,""n"":1524,""n_cb"":3600,""n_cb_comp"":3556,""power_protocol"":""fixed_constellation_average_Es2"",""puncturing_bits"":2176,""puncturing_first_2Z"":144,""puncturing_remaining"":2032,""repetition_bits"":0,""scrambling"":""public_PCG64_SHA256_protocol_session_frame_group_counter_after_rate_matching_v1"",""shortening_bits"":44,""z"":72}",[1024]
QPSK,2/3,QPSK:r2/3,e33af7f5bb8e181664889dbee715e3b6bad550b27583affe69b2a4c8bbe79e31,660,16,0,676,720,44,3744,2824,1412,0,0.23937677053824363,0.23371104815864022,"{""actual_effective_rate"":0.23937677053824363,""bg"":""bg2"",""bit_mapping"":""component_Gray_00_-3_01_-1_10_3_11_1_over_sqrt5;QPSK_0_plus1_1_minus1"",""code_blocks"":1,""decoder_config"":{""cn_schedule"":""flooding"",""cn_update"":""boxplus-phi"",""early_stop"":false,""hard_out"":true,""harq_mode"":false,""llr_max"":20.0,""num_iter"":20,""precision"":""single"",""prune_pcm"":true,""return_infobits"":true,""vn_update"":""sum""},""implementation"":{""bit_mapping"":""component_Gray_00_-3_01_-1_10_3_11_1_over_sqrt5;QPSK_0_plus1_1_minus1"",""cuda"":""12.8"",""decoder"":{""cn_schedule"":""flooding"",""cn_update"":""boxplus-phi"",""early_stop"":false,""hard_out"":true,""harq_mode"":false,""llr_max"":20.0,""num_iter"":20,""precision"":""single"",""prune_pcm"":true,""return_infobits"":true,""vn_update"":""sum""},""decoder_source_sha256"":""44d84b92b749e2970f94d92cd348a11648e2286b4d851faa0af8b21d08f0da23"",""encoder_source_sha256"":""34d8db6660b2e84708a8fb534f63c194f6f2b964e3693fcffc9dcaf21532ccfd"",""implementation"":""Sionna_5G_LDPC"",""power_protocol"":""fixed_constellation_average_Es2"",""precision"":""float32"",""rate_matching"":""Sionna RV0; filler removal, first2Z and tail puncturing; supported n only"",""scrambling"":""public_PCG64_SHA256_protocol_session_frame_group_counter_after_rate_matching_v1"",""torch"":""2.11.0+cu128"",""version"":""2.2.0""},""interleaver_sha256"":""6172068ec16b8e46e83152717c8b02f3eed183a9605e585f13683f43100eb23f"",""k"":676,""k_filler"":44,""k_ldpc"":720,""layout_id"":""004cad483ef1b31cfdd908272281d98f473beae0dd882552fd53e3ccf023d425"",""modulation_padding_bits"":0,""mother_bits"":3744,""n"":2824,""n_cb"":3600,""n_cb_comp"":3556,""power_protocol"":""fixed_constellation_average_Es2"",""puncturing_bits"":876,""puncturing_first_2Z"":144,""puncturing_remaining"":732,""repetition_bits"":0,""scrambling"":""public_PCG64_SHA256_protocol_session_frame_group_counter_after_rate_matching_v1"",""shortening_bits"":44,""z"":72}",[2048]
16QAM,1/2,16QAM:r1/2,e33defb9e03d84a6107d611f1e763cceaa2c6f1920282ac1101f8d9093a17595,3936,16,0,3952,4224,272,13056,7904,1976,0,0.5,0.4979757085020243,"{""actual_effective_rate"":0.5,""bg"":""bg1"",""bit_mapping"":""component_Gray_00_-3_01_-1_10_3_11_1_over_sqrt5;QPSK_0_plus1_1_minus1"",""code_blocks"":1,""decoder_config"":{""cn_schedule"":""flooding"",""cn_update"":""boxplus-phi"",""early_stop"":false,""hard_out"":true,""harq_mode"":false,""llr_max"":20.0,""num_iter"":20,""precision"":""single"",""prune_pcm"":true,""return_infobits"":true,""vn_update"":""sum""},""implementation"":{""bit_mapping"":""component_Gray_00_-3_01_-1_10_3_11_1_over_sqrt5;QPSK_0_plus1_1_minus1"",""cuda"":""12.8"",""decoder"":{""cn_schedule"":""flooding"",""cn_update"":""boxplus-phi"",""early_stop"":false,""hard_out"":true,""harq_mode"":false,""llr_max"":20.0,""num_iter"":20,""precision"":""single"",""prune_pcm"":true,""return_infobits"":true,""vn_update"":""sum""},""decoder_source_sha256"":""44d84b92b749e2970f94d92cd348a11648e2286b4d851faa0af8b21d08f0da23"",""encoder_source_sha256"":""34d8db6660b2e84708a8fb534f63c194f6f2b964e3693fcffc9dcaf21532ccfd"",""implementation"":""Sionna_5G_LDPC"",""power_protocol"":""fixed_constellation_average_Es2"",""precision"":""float32"",""rate_matching"":""Sionna RV0; filler removal, first2Z and tail puncturing; supported n only"",""scrambling"":""public_PCG64_SHA256_protocol_session_frame_group_counter_after_rate_matching_v1"",""torch"":""2.11.0+cu128"",""version"":""2.2.0""},""interleaver_sha256"":""35b499765675b53734c34cea384eb69de3bc38daf90a47652e942a44d0214634"",""k"":3952,""k_filler"":272,""k_ldpc"":4224,""layout_id"":""8afd78e273e0cda789deef6ea14c39d25f09f526c9f464ca2bb0731567521d1d"",""modulation_padding_bits"":0,""mother_bits"":13056,""n"":7904,""n_cb"":12672,""n_cb_comp"":12400,""power_protocol"":""fixed_constellation_average_Es2"",""puncturing_bits"":4880,""puncturing_first_2Z"":384,""puncturing_remaining"":4496,""repetition_bits"":0,""scrambling"":""public_PCG64_SHA256_protocol_session_frame_group_counter_after_rate_matching_v1"",""shortening_bits"":272,""z"":192}",[2048]
QPSK,1/2,QPSK:r1/2,e341b3eda7cc1a9ded631ff81af046b01e8e0ce861457f9272d9879798e8cf5d,108,16,0,124,220,96,1144,374,187,0,0.3315508021390374,0.2887700534759358,"{""actual_effective_rate"":0.3315508021390374,""bg"":""bg2"",""bit_mapping"":""component_Gray_00_-3_01_-1_10_3_11_1_over_sqrt5;QPSK_0_plus1_1_minus1"",""code_blocks"":1,""decoder_config"":{""cn_schedule"":""flooding"",""cn_update"":""boxplus-phi"",""early_stop"":false,""hard_out"":true,""harq_mode"":false,""llr_max"":20.0,""num_iter"":20,""precision"":""single"",""prune_pcm"":true,""return_infobits"":true,""vn_update"":""sum""},""implementation"":{""bit_mapping"":""component_Gray_00_-3_01_-1_10_3_11_1_over_sqrt5;QPSK_0_plus1_1_minus1"",""cuda"":""12.8"",""decoder"":{""cn_schedule"":""flooding"",""cn_update"":""boxplus-phi"",""early_stop"":false,""hard_out"":true,""harq_mode"":false,""llr_max"":20.0,""num_iter"":20,""precision"":""single"",""prune_pcm"":true,""return_infobits"":true,""vn_update"":""sum""},""decoder_source_sha256"":""44d84b92b749e2970f94d92cd348a11648e2286b4d851faa0af8b21d08f0da23"",""encoder_source_sha256"":""34d8db6660b2e84708a8fb534f63c194f6f2b964e3693fcffc9dcaf21532ccfd"",""implementation"":""Sionna_5G_LDPC"",""power_protocol"":""fixed_constellation_average_Es2"",""precision"":""float32"",""rate_matching"":""Sionna RV0; filler removal, first2Z and tail puncturing; supported n only"",""scrambling"":""public_PCG64_SHA256_protocol_session_frame_group_counter_after_rate_matching_v1"",""torch"":""2.11.0+cu128"",""version"":""2.2.0""},""interleaver_sha256"":""25ffd79cf418b9f62ce1193600c3d92a6124f0e8385d1a5c06ec0aab56637dd2"",""k"":124,""k_filler"":96,""k_ldpc"":220,""layout_id"":""c49dbd64d7a281a49c8469fe285508d1c518428ce0a6964c5f4c610a48e3f0b3"",""modulation_padding_bits"":0,""mother_bits"":1144,""n"":374,""n_cb"":1100,""n_cb_comp"":1004,""power_protocol"":""fixed_constellation_average_Es2"",""puncturing_bits"":674,""puncturing_first_2Z"":44,""puncturing_remaining"":630,""repetition_bits"":0,""scrambling"":""public_PCG64_SHA256_protocol_session_frame_group_counter_after_rate_matching_v1"",""shortening_bits"":96,""z"":22}",[1024]
16QAM,5/6,16QAM:r5/6,e34f2d9abb0026afe2c99402cd22063281dda827ed22267b4907879b8b832d3e,1092,16,0,1108,1144,36,3536,1372,343,0,0.8075801749271136,0.7959183673469388,"{""actual_effective_rate"":0.8075801749271136,""bg"":""bg1"",""bit_mapping"":""component_Gray_00_-3_01_-1_10_3_11_1_over_sqrt5;QPSK_0_plus1_1_minus1"",""code_blocks"":1,""decoder_config"":{""cn_schedule"":""flooding"",""cn_update"":""boxplus-phi"",""early_stop"":false,""hard_out"":true,""harq_mode"":false,""llr_max"":20.0,""num_iter"":20,""precision"":""single"",""prune_pcm"":true,""return_infobits"":true,""vn_update"":""sum""},""implementation"":{""bit_mapping"":""component_Gray_00_-3_01_-1_10_3_11_1_over_sqrt5;QPSK_0_plus1_1_minus1"",""cuda"":""12.8"",""decoder"":{""cn_schedule"":""flooding"",""cn_update"":""boxplus-phi"",""early_stop"":false,""hard_out"":true,""harq_mode"":false,""llr_max"":20.0,""num_iter"":20,""precision"":""single"",""prune_pcm"":true,""return_infobits"":true,""vn_update"":""sum""},""decoder_source_sha256"":""44d84b92b749e2970f94d92cd348a11648e2286b4d851faa0af8b21d08f0da23"",""encoder_source_sha256"":""34d8db6660b2e84708a8fb534f63c194f6f2b964e3693fcffc9dcaf21532ccfd"",""implementation"":""Sionna_5G_LDPC"",""power_protocol"":""fixed_constellation_average_Es2"",""precision"":""float32"",""rate_matching"":""Sionna RV0; filler removal, first2Z and tail puncturing; supported n only"",""scrambling"":""public_PCG64_SHA256_protocol_session_frame_group_counter_after_rate_matching_v1"",""torch"":""2.11.0+cu128"",""version"":""2.2.0""},""interleaver_sha256"":""c745c5d514bf14b6fe1dfeeee2cdde4b53db7c6ded84f5eb54ae05aa74619200"",""k"":1108,""k_filler"":36,""k_ldpc"":1144,""layout_id"":""02b3d5781246bd5f376bc53f146b02eb68569054afaccffd62a4407b4ec592c7"",""modulation_padding_bits"":0,""mother_bits"":3536,""n"":1372,""n_cb"":3432,""n_cb_comp"":3396,""power_protocol"":""fixed_constellation_average_Es2"",""puncturing_bits"":2128,""puncturing_first_2Z"":104,""puncturing_remaining"":2024,""repetition_bits"":0,""scrambling"":""public_PCG64_SHA256_protocol_session_frame_group_counter_after_rate_matching_v1"",""shortening_bits"":36,""z"":52}","[1024,2048]"
16QAM,5/6,16QAM:r5/6,e357518b2951be34b0349a61acddd08ad417924299729203f0f9504dafc03baa,600,16,0,616,616,0,1904,792,198,0,0.7777777777777778,0.7575757575757576,"{""actual_effective_rate"":0.7777777777777778,""bg"":""bg1"",""bit_mapping"":""component_Gray_00_-3_01_-1_10_3_11_1_over_sqrt5;QPSK_0_plus1_1_minus1"",""code_blocks"":1,""decoder_config"":{""cn_schedule"":""flooding"",""cn_update"":""boxplus-phi"",""early_stop"":false,""hard_out"":true,""harq_mode"":false,""llr_max"":20.0,""num_iter"":20,""precision"":""single"",""prune_pcm"":true,""return_infobits"":true,""vn_update"":""sum""},""implementation"":{""bit_mapping"":""component_Gray_00_-3_01_-1_10_3_11_1_over_sqrt5;QPSK_0_plus1_1_minus1"",""cuda"":""12.8"",""decoder"":{""cn_schedule"":""flooding"",""cn_update"":""boxplus-phi"",""early_stop"":false,""hard_out"":true,""harq_mode"":false,""llr_max"":20.0,""num_iter"":20,""precision"":""single"",""prune_pcm"":true,""return_infobits"":true,""vn_update"":""sum""},""decoder_source_sha256"":""44d84b92b749e2970f94d92cd348a11648e2286b4d851faa0af8b21d08f0da23"",""encoder_source_sha256"":""34d8db6660b2e84708a8fb534f63c194f6f2b964e3693fcffc9dcaf21532ccfd"",""implementation"":""Sionna_5G_LDPC"",""power_protocol"":""fixed_constellation_average_Es2"",""precision"":""float32"",""rate_matching"":""Sionna RV0; filler removal, first2Z and tail puncturing; supported n only"",""scrambling"":""public_PCG64_SHA256_protocol_session_frame_group_counter_after_rate_matching_v1"",""torch"":""2.11.0+cu128"",""version"":""2.2.0""},""interleaver_sha256"":""7c87fe471d3e28ab2fbd502f7ae10d6e1cce11183115f3bc16be20bc4f4d50d1"",""k"":616,""k_filler"":0,""k_ldpc"":616,""layout_id"":""4e9f17e8f618f3b7282043558ad0ebaed15f30f8c24f7fc835a6ceeed44ba55b"",""modulation_padding_bits"":0,""mother_bits"":1904,""n"":792,""n_cb"":1848,""n_cb_comp"":1848,""power_protocol"":""fixed_constellation_average_Es2"",""puncturing_bits"":1112,""puncturing_first_2Z"":56,""puncturing_remaining"":1056,""repetition_bits"":0,""scrambling"":""public_PCG64_SHA256_protocol_session_frame_group_counter_after_rate_matching_v1"",""shortening_bits"":0,""z"":28}",[1024]
QPSK,2/3,QPSK:r2/3,e36520d7c6207eb12e1b474dd07681539e67bbc1989aee2816e90d41ed07cc43,924,16,0,940,960,20,4992,1508,754,0,0.623342175066313,0.6127320954907162,"{""actual_effective_rate"":0.623342175066313,""bg"":""bg2"",""bit_mapping"":""component_Gray_00_-3_01_-1_10_3_11_1_over_sqrt5;QPSK_0_plus1_1_minus1"",""code_blocks"":1,""decoder_config"":{""cn_schedule"":""flooding"",""cn_update"":""boxplus-phi"",""early_stop"":false,""hard_out"":true,""harq_mode"":false,""llr_max"":20.0,""num_iter"":20,""precision"":""single"",""prune_pcm"":true,""return_infobits"":true,""vn_update"":""sum""},""implementation"":{""bit_mapping"":""component_Gray_00_-3_01_-1_10_3_11_1_over_sqrt5;QPSK_0_plus1_1_minus1"",""cuda"":""12.8"",""decoder"":{""cn_schedule"":""flooding"",""cn_update"":""boxplus-phi"",""early_stop"":false,""hard_out"":true,""harq_mode"":false,""llr_max"":20.0,""num_iter"":20,""precision"":""single"",""prune_pcm"":true,""return_infobits"":true,""vn_update"":""sum""},""decoder_source_sha256"":""44d84b92b749e2970f94d92cd348a11648e2286b4d851faa0af8b21d08f0da23"",""encoder_source_sha256"":""34d8db6660b2e84708a8fb534f63c194f6f2b964e3693fcffc9dcaf21532ccfd"",""implementation"":""Sionna_5G_LDPC"",""power_protocol"":""fixed_constellation_average_Es2"",""precision"":""float32"",""rate_matching"":""Sionna RV0; filler removal, first2Z and tail puncturing; supported n only"",""scrambling"":""public_PCG64_SHA256_protocol_session_frame_group_counter_after_rate_matching_v1"",""torch"":""2.11.0+cu128"",""version"":""2.2.0""},""interleaver_sha256"":""0ff51f150580e86dcd3bf8a138411cccd31bdd041a23aa284d5ce148990d49a7"",""k"":940,""k_filler"":20,""k_ldpc"":960,""layout_id"":""7f51bae24ac16021dcc628a9d6f2ca03798797cc4e011c84bbd29086edb59415"",""modulation_padding_bits"":0,""mother_bits"":4992,""n"":1508,""n_cb"":4800,""n_cb_comp"":4780,""power_protocol"":""fixed_constellation_average_Es2"",""puncturing_bits"":3464,""puncturing_first_2Z"":192,""puncturing_remaining"":3272,""repetition_bits"":0,""scrambling"":""public_PCG64_SHA256_protocol_session_frame_group_counter_after_rate_matching_v1"",""shortening_bits"":20,""z"":96}",[1024]
16QAM,5/6,16QAM:r5/6,e36ac7b9908b2fa17cbcb050db34e3024c1e4bdac102d0610cf344a0e9d92024,1800,16,0,1816,1936,120,5984,2260,565,0,0.8035398230088495,0.7964601769911505,"{""actual_effective_rate"":0.8035398230088495,""bg"":""bg1"",""bit_mapping"":""component_Gray_00_-3_01_-1_10_3_11_1_over_sqrt5;QPSK_0_plus1_1_minus1"",""code_blocks"":1,""decoder_config"":{""cn_schedule"":""flooding"",""cn_update"":""boxplus-phi"",""early_stop"":false,""hard_out"":true,""harq_mode"":false,""llr_max"":20.0,""num_iter"":20,""precision"":""single"",""prune_pcm"":true,""return_infobits"":true,""vn_update"":""sum""},""implementation"":{""bit_mapping"":""component_Gray_00_-3_01_-1_10_3_11_1_over_sqrt5;QPSK_0_plus1_1_minus1"",""cuda"":""12.8"",""decoder"":{""cn_schedule"":""flooding"",""cn_update"":""boxplus-phi"",""early_stop"":false,""hard_out"":true,""harq_mode"":false,""llr_max"":20.0,""num_iter"":20,""precision"":""single"",""prune_pcm"":true,""return_infobits"":true,""vn_update"":""sum""},""decoder_source_sha256"":""44d84b92b749e2970f94d92cd348a11648e2286b4d851faa0af8b21d08f0da23"",""encoder_source_sha256"":""34d8db6660b2e84708a8fb534f63c194f6f2b964e3693fcffc9dcaf21532ccfd"",""implementation"":""Sionna_5G_LDPC"",""power_protocol"":""fixed_constellation_average_Es2"",""precision"":""float32"",""rate_matching"":""Sionna RV0; filler removal, first2Z and tail puncturing; supported n only"",""scrambling"":""public_PCG64_SHA256_protocol_session_frame_group_counter_after_rate_matching_v1"",""torch"":""2.11.0+cu128"",""version"":""2.2.0""},""interleaver_sha256"":""6ab9930179e0216cf7d48ca9cc2368f0b37acfb15fd93a7aa99ed5cb1846b62b"",""k"":1816,""k_filler"":120,""k_ldpc"":1936,""layout_id"":""fa56cf4e5c2c2cec8cc0d5dd123c3ebb756f6c3f9dd8ae46e04780d7aa14ae5f"",""modulation_padding_bits"":0,""mother_bits"":5984,""n"":2260,""n_cb"":5808,""n_cb_comp"":5688,""power_protocol"":""fixed_constellation_average_Es2"",""puncturing_bits"":3604,""puncturing_first_2Z"":176,""puncturing_remaining"":3428,""repetition_bits"":0,""scrambling"":""public_PCG64_SHA256_protocol_session_frame_group_counter_after_rate_matching_v1"",""shortening_bits"":120,""z"":88}",[1024]
QPSK,1/2,QPSK:r1/2,e36eb033230bec955ce8a7a70cadb34e4c6e76a12ceb2f970536f6b75269f572,360,16,0,376,480,104,2496,1074,537,0,0.3500931098696462,0.33519553072625696,"{""actual_effective_rate"":0.3500931098696462,""bg"":""bg2"",""bit_mapping"":""component_Gray_00_-3_01_-1_10_3_11_1_over_sqrt5;QPSK_0_plus1_1_minus1"",""code_blocks"":1,""decoder_config"":{""cn_schedule"":""flooding"",""cn_update"":""boxplus-phi"",""early_stop"":false,""hard_out"":true,""harq_mode"":false,""llr_max"":20.0,""num_iter"":20,""precision"":""single"",""prune_pcm"":true,""return_infobits"":true,""vn_update"":""sum""},""implementation"":{""bit_mapping"":""component_Gray_00_-3_01_-1_10_3_11_1_over_sqrt5;QPSK_0_plus1_1_minus1"",""cuda"":""12.8"",""decoder"":{""cn_schedule"":""flooding"",""cn_update"":""boxplus-phi"",""early_stop"":false,""hard_out"":true,""harq_mode"":false,""llr_max"":20.0,""num_iter"":20,""precision"":""single"",""prune_pcm"":true,""return_infobits"":true,""vn_update"":""sum""},""decoder_source_sha256"":""44d84b92b749e2970f94d92cd348a11648e2286b4d851faa0af8b21d08f0da23"",""encoder_source_sha256"":""34d8db6660b2e84708a8fb534f63c194f6f2b964e3693fcffc9dcaf21532ccfd"",""implementation"":""Sionna_5G_LDPC"",""power_protocol"":""fixed_constellation_average_Es2"",""precision"":""float32"",""rate_matching"":""Sionna RV0; filler removal, first2Z and tail puncturing; supported n only"",""scrambling"":""public_PCG64_SHA256_protocol_session_frame_group_counter_after_rate_matching_v1"",""torch"":""2.11.0+cu128"",""version"":""2.2.0""},""interleaver_sha256"":""6a106d834a29944208c5ce88fe362e355f2e682aa41e6dce488718e622fd3dd6"",""k"":376,""k_filler"":104,""k_ldpc"":480,""layout_id"":""9721f2d71d85ca20bda640cd9fd5d83caa19642aaa1a6ac60e8955f12576ae16"",""modulation_padding_bits"":0,""mother_bits"":2496,""n"":1074,""n_cb"":2400,""n_cb_comp"":2296,""power_protocol"":""fixed_constellation_average_Es2"",""puncturing_bits"":1318,""puncturing_first_2Z"":96,""puncturing_remaining"":1222,""repetition_bits"":0,""scrambling"":""public_PCG64_SHA256_protocol_session_frame_group_counter_after_rate_matching_v1"",""shortening_bits"":104,""z"":48}",[2048]
16QAM,1/2,16QAM:r1/2,e39069d58323429f10358fe1ababf72643265e89a624b8efa89ef16e091a5be9,432,16,0,448,560,112,2912,2004,501,0,0.22355289421157684,0.2155688622754491,"{""actual_effective_rate"":0.22355289421157684,""bg"":""bg2"",""bit_mapping"":""component_Gray_00_-3_01_-1_10_3_11_1_over_sqrt5;QPSK_0_plus1_1_minus1"",""code_blocks"":1,""decoder_config"":{""cn_schedule"":""flooding"",""cn_update"":""boxplus-phi"",""early_stop"":false,""hard_out"":true,""harq_mode"":false,""llr_max"":20.0,""num_iter"":20,""precision"":""single"",""prune_pcm"":true,""return_infobits"":true,""vn_update"":""sum""},""implementation"":{""bit_mapping"":""component_Gray_00_-3_01_-1_10_3_11_1_over_sqrt5;QPSK_0_plus1_1_minus1"",""cuda"":""12.8"",""decoder"":{""cn_schedule"":""flooding"",""cn_update"":""boxplus-phi"",""early_stop"":false,""hard_out"":true,""harq_mode"":false,""llr_max"":20.0,""num_iter"":20,""precision"":""single"",""prune_pcm"":true,""return_infobits"":true,""vn_update"":""sum""},""decoder_source_sha256"":""44d84b92b749e2970f94d92cd348a11648e2286b4d851faa0af8b21d08f0da23"",""encoder_source_sha256"":""34d8db6660b2e84708a8fb534f63c194f6f2b964e3693fcffc9dcaf21532ccfd"",""implementation"":""Sionna_5G_LDPC"",""power_protocol"":""fixed_constellation_average_Es2"",""precision"":""float32"",""rate_matching"":""Sionna RV0; filler removal, first2Z and tail puncturing; supported n only"",""scrambling"":""public_PCG64_SHA256_protocol_session_frame_group_counter_after_rate_matching_v1"",""torch"":""2.11.0+cu128"",""version"":""2.2.0""},""interleaver_sha256"":""52174db4d6752f0b60b45c7f002c97e517bcdf3e7a52b38e0538f149706afca8"",""k"":448,""k_filler"":112,""k_ldpc"":560,""layout_id"":""5554900305212ca58f61f4f95c995b2428fba26ee7ba16b95b3a3a1f76f4ddbd"",""modulation_padding_bits"":0,""mother_bits"":2912,""n"":2004,""n_cb"":2800,""n_cb_comp"":2688,""power_protocol"":""fixed_constellation_average_Es2"",""puncturing_bits"":796,""puncturing_first_2Z"":112,""puncturing_remaining"":684,""repetition_bits"":0,""scrambling"":""public_PCG64_SHA256_protocol_session_frame_group_counter_after_rate_matching_v1"",""shortening_bits"":112,""z"":56}",[1024]
QPSK,5/6,QPSK:r5/6,e3c0c79b2e8443381ebe70c463f8dbebed18016e6f4434ec84328819681bc083,1092,16,0,1108,1144,36,3536,1440,720,0,0.7694444444444445,0.7583333333333333,"{""actual_effective_rate"":0.7694444444444445,""bg"":""bg1"",""bit_mapping"":""component_Gray_00_-3_01_-1_10_3_11_1_over_sqrt5;QPSK_0_plus1_1_minus1"",""code_blocks"":1,""decoder_config"":{""cn_schedule"":""flooding"",""cn_update"":""boxplus-phi"",""early_stop"":false,""hard_out"":true,""harq_mode"":false,""llr_max"":20.0,""num_iter"":20,""precision"":""single"",""prune_pcm"":true,""return_infobits"":true,""vn_update"":""sum""},""implementation"":{""bit_mapping"":""component_Gray_00_-3_01_-1_10_3_11_1_over_sqrt5;QPSK_0_plus1_1_minus1"",""cuda"":""12.8"",""decoder"":{""cn_schedule"":""flooding"",""cn_update"":""boxplus-phi"",""early_stop"":false,""hard_out"":true,""harq_mode"":false,""llr_max"":20.0,""num_iter"":20,""precision"":""single"",""prune_pcm"":true,""return_infobits"":true,""vn_update"":""sum""},""decoder_source_sha256"":""44d84b92b749e2970f94d92cd348a11648e2286b4d851faa0af8b21d08f0da23"",""encoder_source_sha256"":""34d8db6660b2e84708a8fb534f63c194f6f2b964e3693fcffc9dcaf21532ccfd"",""implementation"":""Sionna_5G_LDPC"",""power_protocol"":""fixed_constellation_average_Es2"",""precision"":""float32"",""rate_matching"":""Sionna RV0; filler removal, first2Z and tail puncturing; supported n only"",""scrambling"":""public_PCG64_SHA256_protocol_session_frame_group_counter_after_rate_matching_v1"",""torch"":""2.11.0+cu128"",""version"":""2.2.0""},""interleaver_sha256"":""cea89badeb3c68fe7a91384b1d26dce08a4469d0615d32703995976b8f78f775"",""k"":1108,""k_filler"":36,""k_ldpc"":1144,""layout_id"":""fe40cbcdb60e083fbe6275a94dc7c80acd7c85b2504b0d5daf08960686165846"",""modulation_padding_bits"":0,""mother_bits"":3536,""n"":1440,""n_cb"":3432,""n_cb_comp"":3396,""power_protocol"":""fixed_constellation_average_Es2"",""puncturing_bits"":2060,""puncturing_first_2Z"":104,""puncturing_remaining"":1956,""repetition_bits"":0,""scrambling"":""public_PCG64_SHA256_protocol_session_frame_group_counter_after_rate_matching_v1"",""shortening_bits"":36,""z"":52}",[2048]
QPSK,3/4,QPSK:r3/4,e3d39fa50af156db28790dc114e17fe15e00d4a43eccc9f96119f6d55eef3c42,660,16,0,676,720,44,3744,1266,633,0,0.5339652448657188,0.5213270142180095,"{""actual_effective_rate"":0.5339652448657188,""bg"":""bg2"",""bit_mapping"":""component_Gray_00_-3_01_-1_10_3_11_1_over_sqrt5;QPSK_0_plus1_1_minus1"",""code_blocks"":1,""decoder_config"":{""cn_schedule"":""flooding"",""cn_update"":""boxplus-phi"",""early_stop"":false,""hard_out"":true,""harq_mode"":false,""llr_max"":20.0,""num_iter"":20,""precision"":""single"",""prune_pcm"":true,""return_infobits"":true,""vn_update"":""sum""},""implementation"":{""bit_mapping"":""component_Gray_00_-3_01_-1_10_3_11_1_over_sqrt5;QPSK_0_plus1_1_minus1"",""cuda"":""12.8"",""decoder"":{""cn_schedule"":""flooding"",""cn_update"":""boxplus-phi"",""early_stop"":false,""hard_out"":true,""harq_mode"":false,""llr_max"":20.0,""num_iter"":20,""precision"":""single"",""prune_pcm"":true,""return_infobits"":true,""vn_update"":""sum""},""decoder_source_sha256"":""44d84b92b749e2970f94d92cd348a11648e2286b4d851faa0af8b21d08f0da23"",""encoder_source_sha256"":""34d8db6660b2e84708a8fb534f63c194f6f2b964e3693fcffc9dcaf21532ccfd"",""implementation"":""Sionna_5G_LDPC"",""power_protocol"":""fixed_constellation_average_Es2"",""precision"":""float32"",""rate_matching"":""Sionna RV0; filler removal, first2Z and tail puncturing; supported n only"",""scrambling"":""public_PCG64_SHA256_protocol_session_frame_group_counter_after_rate_matching_v1"",""torch"":""2.11.0+cu128"",""version"":""2.2.0""},""interleaver_sha256"":""d72ce60051ceed62347e97745b65ba236c4f6d99c50ea74cd62d372885ca700c"",""k"":676,""k_filler"":44,""k_ldpc"":720,""layout_id"":""630dc48ea05ed41797cc446bee317da3acc8e136a8b157c13eb8f57b4bd4c3da"",""modulation_padding_bits"":0,""mother_bits"":3744,""n"":1266,""n_cb"":3600,""n_cb_comp"":3556,""power_protocol"":""fixed_constellation_average_Es2"",""puncturing_bits"":2434,""puncturing_first_2Z"":144,""puncturing_remaining"":2290,""repetition_bits"":0,""scrambling"":""public_PCG64_SHA256_protocol_session_frame_group_counter_after_rate_matching_v1"",""shortening_bits"":44,""z"":72}",[2048]
QPSK,3/4,QPSK:r3/4,e3d3b3cbb2917dc0e6eb95034403cf9afe35a192a0cfc7f560cd8262038ca74a,420,16,0,436,440,4,1360,582,291,0,0.7491408934707904,0.7216494845360825,"{""actual_effective_rate"":0.7491408934707904,""bg"":""bg1"",""bit_mapping"":""component_Gray_00_-3_01_-1_10_3_11_1_over_sqrt5;QPSK_0_plus1_1_minus1"",""code_blocks"":1,""decoder_config"":{""cn_schedule"":""flooding"",""cn_update"":""boxplus-phi"",""early_stop"":false,""hard_out"":true,""harq_mode"":false,""llr_max"":20.0,""num_iter"":20,""precision"":""single"",""prune_pcm"":true,""return_infobits"":true,""vn_update"":""sum""},""implementation"":{""bit_mapping"":""component_Gray_00_-3_01_-1_10_3_11_1_over_sqrt5;QPSK_0_plus1_1_minus1"",""cuda"":""12.8"",""decoder"":{""cn_schedule"":""flooding"",""cn_update"":""boxplus-phi"",""early_stop"":false,""hard_out"":true,""harq_mode"":false,""llr_max"":20.0,""num_iter"":20,""precision"":""single"",""prune_pcm"":true,""return_infobits"":true,""vn_update"":""sum""},""decoder_source_sha256"":""44d84b92b749e2970f94d92cd348a11648e2286b4d851faa0af8b21d08f0da23"",""encoder_source_sha256"":""34d8db6660b2e84708a8fb534f63c194f6f2b964e3693fcffc9dcaf21532ccfd"",""implementation"":""Sionna_5G_LDPC"",""power_protocol"":""fixed_constellation_average_Es2"",""precision"":""float32"",""rate_matching"":""Sionna RV0; filler removal, first2Z and tail puncturing; supported n only"",""scrambling"":""public_PCG64_SHA256_protocol_session_frame_group_counter_after_rate_matching_v1"",""torch"":""2.11.0+cu128"",""version"":""2.2.0""},""interleaver_sha256"":""7b3bc0781df6c716a8a1a8d8e9558790ab3f6dd7bd568eeed8838eb006e51a3c"",""k"":436,""k_filler"":4,""k_ldpc"":440,""layout_id"":""68c7c341e5b0f6e98d059df29d68c5a1b2a4b399cd71a78083cf3b3ba3d4fd58"",""modulation_padding_bits"":0,""mother_bits"":1360,""n"":582,""n_cb"":1320,""n_cb_comp"":1316,""power_protocol"":""fixed_constellation_average_Es2"",""puncturing_bits"":774,""puncturing_first_2Z"":40,""puncturing_remaining"":734,""repetition_bits"":0,""scrambling"":""public_PCG64_SHA256_protocol_session_frame_group_counter_after_rate_matching_v1"",""shortening_bits"":4,""z"":20}",[1024]
QPSK,3/4,QPSK:r3/4,e3e8382b88a608198e080689aac123abe258943f1e5c4cebab6bf233b3758622,2784,16,0,2800,2816,16,8704,3734,1867,0,0.7498660953401178,0.7455811462238886,"{""actual_effective_rate"":0.7498660953401178,""bg"":""bg1"",""bit_mapping"":""component_Gray_00_-3_01_-1_10_3_11_1_over_sqrt5;QPSK_0_plus1_1_minus1"",""code_blocks"":1,""decoder_config"":{""cn_schedule"":""flooding"",""cn_update"":""boxplus-phi"",""early_stop"":false,""hard_out"":true,""harq_mode"":false,""llr_max"":20.0,""num_iter"":20,""precision"":""single"",""prune_pcm"":true,""return_infobits"":true,""vn_update"":""sum""},""implementation"":{""bit_mapping"":""component_Gray_00_-3_01_-1_10_3_11_1_over_sqrt5;QPSK_0_plus1_1_minus1"",""cuda"":""12.8"",""decoder"":{""cn_schedule"":""flooding"",""cn_update"":""boxplus-phi"",""early_stop"":false,""hard_out"":true,""harq_mode"":false,""llr_max"":20.0,""num_iter"":20,""precision"":""single"",""prune_pcm"":true,""return_infobits"":true,""vn_update"":""sum""},""decoder_source_sha256"":""44d84b92b749e2970f94d92cd348a11648e2286b4d851faa0af8b21d08f0da23"",""encoder_source_sha256"":""34d8db6660b2e84708a8fb534f63c194f6f2b964e3693fcffc9dcaf21532ccfd"",""implementation"":""Sionna_5G_LDPC"",""power_protocol"":""fixed_constellation_average_Es2"",""precision"":""float32"",""rate_matching"":""Sionna RV0; filler removal, first2Z and tail puncturing; supported n only"",""scrambling"":""public_PCG64_SHA256_protocol_session_frame_group_counter_after_rate_matching_v1"",""torch"":""2.11.0+cu128"",""version"":""2.2.0""},""interleaver_sha256"":""09aae882b8324bd7160ef8e374cec2f0bd21e7ccfede4775c470a56abc0c2025"",""k"":2800,""k_filler"":16,""k_ldpc"":2816,""layout_id"":""425f50f4621c075e2ef8d4ff47624382429a44f689496806b01015af8167fb65"",""modulation_padding_bits"":0,""mother_bits"":8704,""n"":3734,""n_cb"":8448,""n_cb_comp"":8432,""power_protocol"":""fixed_constellation_average_Es2"",""puncturing_bits"":4954,""puncturing_first_2Z"":256,""puncturing_remaining"":4698,""repetition_bits"":0,""scrambling"":""public_PCG64_SHA256_protocol_session_frame_group_counter_after_rate_matching_v1"",""shortening_bits"":16,""z"":128}",[2048]
QPSK,2/3,QPSK:r2/3,e3f708fa002d836296bcd1be4f7f51cf87a04b233e70760896fb996f4e55f5e3,1140,16,0,1156,1200,44,6240,1734,867,0,0.6666666666666666,0.657439446366782,"{""actual_effective_rate"":0.6666666666666666,""bg"":""bg2"",""bit_mapping"":""component_Gray_00_-3_01_-1_10_3_11_1_over_sqrt5;QPSK_0_plus1_1_minus1"",""code_blocks"":1,""decoder_config"":{""cn_schedule"":""flooding"",""cn_update"":""boxplus-phi"",""early_stop"":false,""hard_out"":true,""harq_mode"":false,""llr_max"":20.0,""num_iter"":20,""precision"":""single"",""prune_pcm"":true,""return_infobits"":true,""vn_update"":""sum""},""implementation"":{""bit_mapping"":""component_Gray_00_-3_01_-1_10_3_11_1_over_sqrt5;QPSK_0_plus1_1_minus1"",""cuda"":""12.8"",""decoder"":{""cn_schedule"":""flooding"",""cn_update"":""boxplus-phi"",""early_stop"":false,""hard_out"":true,""harq_mode"":false,""llr_max"":20.0,""num_iter"":20,""precision"":""single"",""prune_pcm"":true,""return_infobits"":true,""vn_update"":""sum""},""decoder_source_sha256"":""44d84b92b749e2970f94d92cd348a11648e2286b4d851faa0af8b21d08f0da23"",""encoder_source_sha256"":""34d8db6660b2e84708a8fb534f63c194f6f2b964e3693fcffc9dcaf21532ccfd"",""implementation"":""Sionna_5G_LDPC"",""power_protocol"":""fixed_constellation_average_Es2"",""precision"":""float32"",""rate_matching"":""Sionna RV0; filler removal, first2Z and tail puncturing; supported n only"",""scrambling"":""public_PCG64_SHA256_protocol_session_frame_group_counter_after_rate_matching_v1"",""torch"":""2.11.0+cu128"",""version"":""2.2.0""},""interleaver_sha256"":""658d77f6a4ac58c7503ed7f8b3a9a52dc7c216b3e9c01be14e326a48099b62e3"",""k"":1156,""k_filler"":44,""k_ldpc"":1200,""layout_id"":""24333f85e8fc87280c182e4a91475e70b96548da1b28ef35d5161ba2ac9fc789"",""modulation_padding_bits"":0,""mother_bits"":6240,""n"":1734,""n_cb"":6000,""n_cb_comp"":5956,""power_protocol"":""fixed_constellation_average_Es2"",""puncturing_bits"":4462,""puncturing_first_2Z"":240,""puncturing_remaining"":4222,""repetition_bits"":0,""scrambling"":""public_PCG64_SHA256_protocol_session_frame_group_counter_after_rate_matching_v1"",""shortening_bits"":44,""z"":120}",[2048]
QPSK,3/4,QPSK:r3/4,e401bbceec65cbdf327c7a0cbcd1e9abfbf2d90de3f695e949460b0338a5753a,300,16,0,316,400,84,2080,872,436,0,0.3623853211009174,0.3440366972477064,"{""actual_effective_rate"":0.3623853211009174,""bg"":""bg2"",""bit_mapping"":""component_Gray_00_-3_01_-1_10_3_11_1_over_sqrt5;QPSK_0_plus1_1_minus1"",""code_blocks"":1,""decoder_config"":{""cn_schedule"":""flooding"",""cn_update"":""boxplus-phi"",""early_stop"":false,""hard_out"":true,""harq_mode"":false,""llr_max"":20.0,""num_iter"":20,""precision"":""single"",""prune_pcm"":true,""return_infobits"":true,""vn_update"":""sum""},""implementation"":{""bit_mapping"":""component_Gray_00_-3_01_-1_10_3_11_1_over_sqrt5;QPSK_0_plus1_1_minus1"",""cuda"":""12.8"",""decoder"":{""cn_schedule"":""flooding"",""cn_update"":""boxplus-phi"",""early_stop"":false,""hard_out"":true,""harq_mode"":false,""llr_max"":20.0,""num_iter"":20,""precision"":""single"",""prune_pcm"":true,""return_infobits"":true,""vn_update"":""sum""},""decoder_source_sha256"":""44d84b92b749e2970f94d92cd348a11648e2286b4d851faa0af8b21d08f0da23"",""encoder_source_sha256"":""34d8db6660b2e84708a8fb534f63c194f6f2b964e3693fcffc9dcaf21532ccfd"",""implementation"":""Sionna_5G_LDPC"",""power_protocol"":""fixed_constellation_average_Es2"",""precision"":""float32"",""rate_matching"":""Sionna RV0; filler removal, first2Z and tail puncturing; supported n only"",""scrambling"":""public_PCG64_SHA256_protocol_session_frame_group_counter_after_rate_matching_v1"",""torch"":""2.11.0+cu128"",""version"":""2.2.0""},""interleaver_sha256"":""94a18717152525fb4f74743a90a46d66e36b15122c9d2f8cfec50fbfbd9a462a"",""k"":316,""k_filler"":84,""k_ldpc"":400,""layout_id"":""e80dad324440641a770abc13fab91c0b8a46e4450c39d2ca097a9fd5124d5bfb"",""modulation_padding_bits"":0,""mother_bits"":2080,""n"":872,""n_cb"":2000,""n_cb_comp"":1916,""power_protocol"":""fixed_constellation_average_Es2"",""puncturing_bits"":1124,""puncturing_first_2Z"":80,""puncturing_remaining"":1044,""repetition_bits"":0,""scrambling"":""public_PCG64_SHA256_protocol_session_frame_group_counter_after_rate_matching_v1"",""shortening_bits"":84,""z"":40}",[1024]
QPSK,3/4,QPSK:r3/4,e40e0b8ac10b167242cfd1ecce7e50ccef312e528ffae56ffc99e3a9f2ba890b,660,16,0,676,720,44,3744,1264,632,0,0.5348101265822784,0.5221518987341772,"{""actual_effective_rate"":0.5348101265822784,""bg"":""bg2"",""bit_mapping"":""component_Gray_00_-3_01_-1_10_3_11_1_over_sqrt5;QPSK_0_plus1_1_minus1"",""code_blocks"":1,""decoder_config"":{""cn_schedule"":""flooding"",""cn_update"":""boxplus-phi"",""early_stop"":false,""hard_out"":true,""harq_mode"":false,""llr_max"":20.0,""num_iter"":20,""precision"":""single"",""prune_pcm"":true,""return_infobits"":true,""vn_update"":""sum""},""implementation"":{""bit_mapping"":""component_Gray_00_-3_01_-1_10_3_11_1_over_sqrt5;QPSK_0_plus1_1_minus1"",""cuda"":""12.8"",""decoder"":{""cn_schedule"":""flooding"",""cn_update"":""boxplus-phi"",""early_stop"":false,""hard_out"":true,""harq_mode"":false,""llr_max"":20.0,""num_iter"":20,""precision"":""single"",""prune_pcm"":true,""return_infobits"":true,""vn_update"":""sum""},""decoder_source_sha256"":""44d84b92b749e2970f94d92cd348a11648e2286b4d851faa0af8b21d08f0da23"",""encoder_source_sha256"":""34d8db6660b2e84708a8fb534f63c194f6f2b964e3693fcffc9dcaf21532ccfd"",""implementation"":""Sionna_5G_LDPC"",""power_protocol"":""fixed_constellation_average_Es2"",""precision"":""float32"",""rate_matching"":""Sionna RV0; filler removal, first2Z and tail puncturing; supported n only"",""scrambling"":""public_PCG64_SHA256_protocol_session_frame_group_counter_after_rate_matching_v1"",""torch"":""2.11.0+cu128"",""version"":""2.2.0""},""interleaver_sha256"":""f56f62a770ee3de3386f65164c93f2dcf5178e8ee2479332c3521ac0ba922fe8"",""k"":676,""k_filler"":44,""k_ldpc"":720,""layout_id"":""a0ecf9a2ad8461c1632d9c0549e804bcf735e271069a016ea2158462af758e31"",""modulation_padding_bits"":0,""mother_bits"":3744,""n"":1264,""n_cb"":3600,""n_cb_comp"":3556,""power_protocol"":""fixed_constellation_average_Es2"",""puncturing_bits"":2436,""puncturing_first_2Z"":144,""puncturing_remaining"":2292,""repetition_bits"":0,""scrambling"":""public_PCG64_SHA256_protocol_session_frame_group_counter_after_rate_matching_v1"",""shortening_bits"":44,""z"":72}",[1024]
QPSK,1/2,QPSK:r1/2,e41685bc1f83ad0644d4164b03d06d42bb2637976f9acd1099bc37ec35838f9d,576,16,0,592,720,128,3744,2534,1267,0,0.23362273086029992,0.22730860299921074,"{""actual_effective_rate"":0.23362273086029992,""bg"":""bg2"",""bit_mapping"":""component_Gray_00_-3_01_-1_10_3_11_1_over_sqrt5;QPSK_0_plus1_1_minus1"",""code_blocks"":1,""decoder_config"":{""cn_schedule"":""flooding"",""cn_update"":""boxplus-phi"",""early_stop"":false,""hard_out"":true,""harq_mode"":false,""llr_max"":20.0,""num_iter"":20,""precision"":""single"",""prune_pcm"":true,""return_infobits"":true,""vn_update"":""sum""},""implementation"":{""bit_mapping"":""component_Gray_00_-3_01_-1_10_3_11_1_over_sqrt5;QPSK_0_plus1_1_minus1"",""cuda"":""12.8"",""decoder"":{""cn_schedule"":""flooding"",""cn_update"":""boxplus-phi"",""early_stop"":false,""hard_out"":true,""harq_mode"":false,""llr_max"":20.0,""num_iter"":20,""precision"":""single"",""prune_pcm"":true,""return_infobits"":true,""vn_update"":""sum""},""decoder_source_sha256"":""44d84b92b749e2970f94d92cd348a11648e2286b4d851faa0af8b21d08f0da23"",""encoder_source_sha256"":""34d8db6660b2e84708a8fb534f63c194f6f2b964e3693fcffc9dcaf21532ccfd"",""implementation"":""Sionna_5G_LDPC"",""power_protocol"":""fixed_constellation_average_Es2"",""precision"":""float32"",""rate_matching"":""Sionna RV0; filler removal, first2Z and tail puncturing; supported n only"",""scrambling"":""public_PCG64_SHA256_protocol_session_frame_group_counter_after_rate_matching_v1"",""torch"":""2.11.0+cu128"",""version"":""2.2.0""},""interleaver_sha256"":""d2173d60f482d37d09617e31073a2c6c636ea64f183fe89b0952cc3f7c79c9f3"",""k"":592,""k_filler"":128,""k_ldpc"":720,""layout_id"":""d0ab084beba31d5a4642a2ec3cb4c9a03ff97ecdfcb50940714ffdd7abb15eed"",""modulation_padding_bits"":0,""mother_bits"":3744,""n"":2534,""n_cb"":3600,""n_cb_comp"":3472,""power_protocol"":""fixed_constellation_average_Es2"",""puncturing_bits"":1082,""puncturing_first_2Z"":144,""puncturing_remaining"":938,""repetition_bits"":0,""scrambling"":""public_PCG64_SHA256_protocol_session_frame_group_counter_after_rate_matching_v1"",""shortening_bits"":128,""z"":72}",[2048]
QPSK,2/3,QPSK:r2/3,e41c7788ea2deb4b866a569c008963e6305bbe0b17f9a46b5da19939ffefb489,360,16,0,376,480,104,2496,646,323,0,0.5820433436532507,0.5572755417956656,"{""actual_effective_rate"":0.5820433436532507,""bg"":""bg2"",""bit_mapping"":""component_Gray_00_-3_01_-1_10_3_11_1_over_sqrt5;QPSK_0_plus1_1_minus1"",""code_blocks"":1,""decoder_config"":{""cn_schedule"":""flooding"",""cn_update"":""boxplus-phi"",""early_stop"":false,""hard_out"":true,""harq_mode"":false,""llr_max"":20.0,""num_iter"":20,""precision"":""single"",""prune_pcm"":true,""return_infobits"":true,""vn_update"":""sum""},""implementation"":{""bit_mapping"":""component_Gray_00_-3_01_-1_10_3_11_1_over_sqrt5;QPSK_0_plus1_1_minus1"",""cuda"":""12.8"",""decoder"":{""cn_schedule"":""flooding"",""cn_update"":""boxplus-phi"",""early_stop"":false,""hard_out"":true,""harq_mode"":false,""llr_max"":20.0,""num_iter"":20,""precision"":""single"",""prune_pcm"":true,""return_infobits"":true,""vn_update"":""sum""},""decoder_source_sha256"":""44d84b92b749e2970f94d92cd348a11648e2286b4d851faa0af8b21d08f0da23"",""encoder_source_sha256"":""34d8db6660b2e84708a8fb534f63c194f6f2b964e3693fcffc9dcaf21532ccfd"",""implementation"":""Sionna_5G_LDPC"",""power_protocol"":""fixed_constellation_average_Es2"",""precision"":""float32"",""rate_matching"":""Sionna RV0; filler removal, first2Z and tail puncturing; supported n only"",""scrambling"":""public_PCG64_SHA256_protocol_session_frame_group_counter_after_rate_matching_v1"",""torch"":""2.11.0+cu128"",""version"":""2.2.0""},""interleaver_sha256"":""c65ccb1d06c3f89d32fb95020be268913e14ed01f72a822ab3c9821850ff2ef1"",""k"":376,""k_filler"":104,""k_ldpc"":480,""layout_id"":""443cc7c160e3c6addb8b9198be5acfc327e282675e72c24aaea36f1785a38c36"",""modulation_padding_bits"":0,""mother_bits"":2496,""n"":646,""n_cb"":2400,""n_cb_comp"":2296,""power_protocol"":""fixed_constellation_average_Es2"",""puncturing_bits"":1746,""puncturing_first_2Z"":96,""puncturing_remaining"":1650,""repetition_bits"":0,""scrambling"":""public_PCG64_SHA256_protocol_session_frame_group_counter_after_rate_matching_v1"",""shortening_bits"":104,""z"":48}",[2048]
QPSK,2/3,QPSK:r2/3,e4241f0b63824df023bf8beb11d34fc2a46fd66f9a7ca18e3cd72838f6c866e9,732,16,0,748,800,52,4160,1320,660,0,0.5666666666666667,0.5545454545454546,"{""actual_effective_rate"":0.5666666666666667,""bg"":""bg2"",""bit_mapping"":""component_Gray_00_-3_01_-1_10_3_11_1_over_sqrt5;QPSK_0_plus1_1_minus1"",""code_blocks"":1,""decoder_config"":{""cn_schedule"":""flooding"",""cn_update"":""boxplus-phi"",""early_stop"":false,""hard_out"":true,""harq_mode"":false,""llr_max"":20.0,""num_iter"":20,""precision"":""single"",""prune_pcm"":true,""return_infobits"":true,""vn_update"":""sum""},""implementation"":{""bit_mapping"":""component_Gray_00_-3_01_-1_10_3_11_1_over_sqrt5;QPSK_0_plus1_1_minus1"",""cuda"":""12.8"",""decoder"":{""cn_schedule"":""flooding"",""cn_update"":""boxplus-phi"",""early_stop"":false,""hard_out"":true,""harq_mode"":false,""llr_max"":20.0,""num_iter"":20,""precision"":""single"",""prune_pcm"":true,""return_infobits"":true,""vn_update"":""sum""},""decoder_source_sha256"":""44d84b92b749e2970f94d92cd348a11648e2286b4d851faa0af8b21d08f0da23"",""encoder_source_sha256"":""34d8db6660b2e84708a8fb534f63c194f6f2b964e3693fcffc9dcaf21532ccfd"",""implementation"":""Sionna_5G_LDPC"",""power_protocol"":""fixed_constellation_average_Es2"",""precision"":""float32"",""rate_matching"":""Sionna RV0; filler removal, first2Z and tail puncturing; supported n only"",""scrambling"":""public_PCG64_SHA256_protocol_session_frame_group_counter_after_rate_matching_v1"",""torch"":""2.11.0+cu128"",""version"":""2.2.0""},""interleaver_sha256"":""0d3574f66b14e23c5dee2c566daceb449f8cc54e21b988098f10d5e0498e3e41"",""k"":748,""k_filler"":52,""k_ldpc"":800,""layout_id"":""b33af5b315648efe381f50680555df456784e84272d73b2a7a82719386d094c5"",""modulation_padding_bits"":0,""mother_bits"":4160,""n"":1320,""n_cb"":4000,""n_cb_comp"":3948,""power_protocol"":""fixed_constellation_average_Es2"",""puncturing_bits"":2788,""puncturing_first_2Z"":160,""puncturing_remaining"":2628,""repetition_bits"":0,""scrambling"":""public_PCG64_SHA256_protocol_session_frame_group_counter_after_rate_matching_v1"",""shortening_bits"":52,""z"":80}",[1024]
16QAM,1/2,16QAM:r1/2,e42698b7f36123018606dc7f514796e08fb6db4a43c8a02cdaf0d1b469ca0f18,660,16,0,676,720,44,3744,2736,684,0,0.24707602339181287,0.2412280701754386,"{""actual_effective_rate"":0.24707602339181287,""bg"":""bg2"",""bit_mapping"":""component_Gray_00_-3_01_-1_10_3_11_1_over_sqrt5;QPSK_0_plus1_1_minus1"",""code_blocks"":1,""decoder_config"":{""cn_schedule"":""flooding"",""cn_update"":""boxplus-phi"",""early_stop"":false,""hard_out"":true,""harq_mode"":false,""llr_max"":20.0,""num_iter"":20,""precision"":""single"",""prune_pcm"":true,""return_infobits"":true,""vn_update"":""sum""},""implementation"":{""bit_mapping"":""component_Gray_00_-3_01_-1_10_3_11_1_over_sqrt5;QPSK_0_plus1_1_minus1"",""cuda"":""12.8"",""decoder"":{""cn_schedule"":""flooding"",""cn_update"":""boxplus-phi"",""early_stop"":false,""hard_out"":true,""harq_mode"":false,""llr_max"":20.0,""num_iter"":20,""precision"":""single"",""prune_pcm"":true,""return_infobits"":true,""vn_update"":""sum""},""decoder_source_sha256"":""44d84b92b749e2970f94d92cd348a11648e2286b4d851faa0af8b21d08f0da23"",""encoder_source_sha256"":""34d8db6660b2e84708a8fb534f63c194f6f2b964e3693fcffc9dcaf21532ccfd"",""implementation"":""Sionna_5G_LDPC"",""power_protocol"":""fixed_constellation_average_Es2"",""precision"":""float32"",""rate_matching"":""Sionna RV0; filler removal, first2Z and tail puncturing; supported n only"",""scrambling"":""public_PCG64_SHA256_protocol_session_frame_group_counter_after_rate_matching_v1"",""torch"":""2.11.0+cu128"",""version"":""2.2.0""},""interleaver_sha256"":""d960aa8b1b8b31a30b54ec710cddc13c6e7487e4a4ae1b9bafa55a6869c2cbf2"",""k"":676,""k_filler"":44,""k_ldpc"":720,""layout_id"":""fc60948487994be25b790d8e66d9878d4ebf57a86995865bb922caa9bf3c001a"",""modulation_padding_bits"":0,""mother_bits"":3744,""n"":2736,""n_cb"":3600,""n_cb_comp"":3556,""power_protocol"":""fixed_constellation_average_Es2"",""puncturing_bits"":964,""puncturing_first_2Z"":144,""puncturing_remaining"":820,""repetition_bits"":0,""scrambling"":""public_PCG64_SHA256_protocol_session_frame_group_counter_after_rate_matching_v1"",""shortening_bits"":44,""z"":72}",[1024]
16QAM,2/3,16QAM:r2/3,e4271ff45b8c01755b5e67fadabfb17234b1d7c39d820057c01da93d92e02ffe,1704,16,0,1720,1760,40,9152,2884,721,0,0.5963938973647711,0.5908460471567267,"{""actual_effective_rate"":0.5963938973647711,""bg"":""bg2"",""bit_mapping"":""component_Gray_00_-3_01_-1_10_3_11_1_over_sqrt5;QPSK_0_plus1_1_minus1"",""code_blocks"":1,""decoder_config"":{""cn_schedule"":""flooding"",""cn_update"":""boxplus-phi"",""early_stop"":false,""hard_out"":true,""harq_mode"":false,""llr_max"":20.0,""num_iter"":20,""precision"":""single"",""prune_pcm"":true,""return_infobits"":true,""vn_update"":""sum""},""implementation"":{""bit_mapping"":""component_Gray_00_-3_01_-1_10_3_11_1_over_sqrt5;QPSK_0_plus1_1_minus1"",""cuda"":""12.8"",""decoder"":{""cn_schedule"":""flooding"",""cn_update"":""boxplus-phi"",""early_stop"":false,""hard_out"":true,""harq_mode"":false,""llr_max"":20.0,""num_iter"":20,""precision"":""single"",""prune_pcm"":true,""return_infobits"":true,""vn_update"":""sum""},""decoder_source_sha256"":""44d84b92b749e2970f94d92cd348a11648e2286b4d851faa0af8b21d08f0da23"",""encoder_source_sha256"":""34d8db6660b2e84708a8fb534f63c194f6f2b964e3693fcffc9dcaf21532ccfd"",""implementation"":""Sionna_5G_LDPC"",""power_protocol"":""fixed_constellation_average_Es2"",""precision"":""float32"",""rate_matching"":""Sionna RV0; filler removal, first2Z and tail puncturing; supported n only"",""scrambling"":""public_PCG64_SHA256_protocol_session_frame_group_counter_after_rate_matching_v1"",""torch"":""2.11.0+cu128"",""version"":""2.2.0""},""interleaver_sha256"":""69e2faf6125de20916c2505e5c0ff4cb236f66143919e5e502891007d5dc2c1f"",""k"":1720,""k_filler"":40,""k_ldpc"":1760,""layout_id"":""5348e21d4ec83ff303f44e6f322f01bb02a4c4c87882a3deb38adc1686a14178"",""modulation_padding_bits"":0,""mother_bits"":9152,""n"":2884,""n_cb"":8800,""n_cb_comp"":8760,""power_protocol"":""fixed_constellation_average_Es2"",""puncturing_bits"":6228,""puncturing_first_2Z"":352,""puncturing_remaining"":5876,""repetition_bits"":0,""scrambling"":""public_PCG64_SHA256_protocol_session_frame_group_counter_after_rate_matching_v1"",""shortening_bits"":40,""z"":176}",[2048]
16QAM,5/6,16QAM:r5/6,e42fdfad47ad7951f93286e4b027c7648f062af0deb761f035336bcc6193d0f1,360,16,0,376,480,104,2496,1032,258,0,0.3643410852713178,0.3488372093023256,"{""actual_effective_rate"":0.3643410852713178,""bg"":""bg2"",""bit_mapping"":""component_Gray_00_-3_01_-1_10_3_11_1_over_sqrt5;QPSK_0_plus1_1_minus1"",""code_blocks"":1,""decoder_config"":{""cn_schedule"":""flooding"",""cn_update"":""boxplus-phi"",""early_stop"":false,""hard_out"":true,""harq_mode"":false,""llr_max"":20.0,""num_iter"":20,""precision"":""single"",""prune_pcm"":true,""return_infobits"":true,""vn_update"":""sum""},""implementation"":{""bit_mapping"":""component_Gray_00_-3_01_-1_10_3_11_1_over_sqrt5;QPSK_0_plus1_1_minus1"",""cuda"":""12.8"",""decoder"":{""cn_schedule"":""flooding"",""cn_update"":""boxplus-phi"",""early_stop"":false,""hard_out"":true,""harq_mode"":false,""llr_max"":20.0,""num_iter"":20,""precision"":""single"",""prune_pcm"":true,""return_infobits"":true,""vn_update"":""sum""},""decoder_source_sha256"":""44d84b92b749e2970f94d92cd348a11648e2286b4d851faa0af8b21d08f0da23"",""encoder_source_sha256"":""34d8db6660b2e84708a8fb534f63c194f6f2b964e3693fcffc9dcaf21532ccfd"",""implementation"":""Sionna_5G_LDPC"",""power_protocol"":""fixed_constellation_average_Es2"",""precision"":""float32"",""rate_matching"":""Sionna RV0; filler removal, first2Z and tail puncturing; supported n only"",""scrambling"":""public_PCG64_SHA256_protocol_session_frame_group_counter_after_rate_matching_v1"",""torch"":""2.11.0+cu128"",""version"":""2.2.0""},""interleaver_sha256"":""c46b3285916079515368b0fdac95c8c4d346074a73cb7499636c9d756f011443"",""k"":376,""k_filler"":104,""k_ldpc"":480,""layout_id"":""6dd57e78a62f59d74c1449b6a26ea766f980a8ea13256d0474e7ced5fda329d0"",""modulation_padding_bits"":0,""mother_bits"":2496,""n"":1032,""n_cb"":2400,""n_cb_comp"":2296,""power_protocol"":""fixed_constellation_average_Es2"",""puncturing_bits"":1360,""puncturing_first_2Z"":96,""puncturing_remaining"":1264,""repetition_bits"":0,""scrambling"":""public_PCG64_SHA256_protocol_session_frame_group_counter_after_rate_matching_v1"",""shortening_bits"":104,""z"":48}",[2048]
QPSK,1/3,QPSK:r1/3,e43931afb4c9bcc2fe739fab8154906b2aa39784a8521b3994871fbf0b1f400a,60,16,0,76,130,54,676,230,115,0,0.33043478260869563,0.2608695652173913,"{""actual_effective_rate"":0.33043478260869563,""bg"":""bg2"",""bit_mapping"":""component_Gray_00_-3_01_-1_10_3_11_1_over_sqrt5;QPSK_0_plus1_1_minus1"",""code_blocks"":1,""decoder_config"":{""cn_schedule"":""flooding"",""cn_update"":""boxplus-phi"",""early_stop"":false,""hard_out"":true,""harq_mode"":false,""llr_max"":20.0,""num_iter"":20,""precision"":""single"",""prune_pcm"":true,""return_infobits"":true,""vn_update"":""sum""},""implementation"":{""bit_mapping"":""component_Gray_00_-3_01_-1_10_3_11_1_over_sqrt5;QPSK_0_plus1_1_minus1"",""cuda"":""12.8"",""decoder"":{""cn_schedule"":""flooding"",""cn_update"":""boxplus-phi"",""early_stop"":false,""hard_out"":true,""harq_mode"":false,""llr_max"":20.0,""num_iter"":20,""precision"":""single"",""prune_pcm"":true,""return_infobits"":true,""vn_update"":""sum""},""decoder_source_sha256"":""44d84b92b749e2970f94d92cd348a11648e2286b4d851faa0af8b21d08f0da23"",""encoder_source_sha256"":""34d8db6660b2e84708a8fb534f63c194f6f2b964e3693fcffc9dcaf21532ccfd"",""implementation"":""Sionna_5G_LDPC"",""power_protocol"":""fixed_constellation_average_Es2"",""precision"":""float32"",""rate_matching"":""Sionna RV0; filler removal, first2Z and tail puncturing; supported n only"",""scrambling"":""public_PCG64_SHA256_protocol_session_frame_group_counter_after_rate_matching_v1"",""torch"":""2.11.0+cu128"",""version"":""2.2.0""},""interleaver_sha256"":""c88580ba3ab6d7aeb18b69419b89f22b15f40d1d19be91eee107b7d272659412"",""k"":76,""k_filler"":54,""k_ldpc"":130,""layout_id"":""c2bab1d2564946a48210b9d242ccf336f3f13cd156b99de7d963a0a8b87bb241"",""modulation_padding_bits"":0,""mother_bits"":676,""n"":230,""n_cb"":650,""n_cb_comp"":596,""power_protocol"":""fixed_constellation_average_Es2"",""puncturing_bits"":392,""puncturing_first_2Z"":26,""puncturing_remaining"":366,""repetition_bits"":0,""scrambling"":""public_PCG64_SHA256_protocol_session_frame_group_counter_after_rate_matching_v1"",""shortening_bits"":54,""z"":13}",[1024]
QPSK,3/4,QPSK:r3/4,e43a1b872088f2563c6125b2056dce29dadfd6aa60715a24c4973e1a5ef2f043,1116,16,0,1132,1200,68,6240,2970,1485,0,0.3811447811447811,0.37575757575757573,"{""actual_effective_rate"":0.3811447811447811,""bg"":""bg2"",""bit_mapping"":""component_Gray_00_-3_01_-1_10_3_11_1_over_sqrt5;QPSK_0_plus1_1_minus1"",""code_blocks"":1,""decoder_config"":{""cn_schedule"":""flooding"",""cn_update"":""boxplus-phi"",""early_stop"":false,""hard_out"":true,""harq_mode"":false,""llr_max"":20.0,""num_iter"":20,""precision"":""single"",""prune_pcm"":true,""return_infobits"":true,""vn_update"":""sum""},""implementation"":{""bit_mapping"":""component_Gray_00_-3_01_-1_10_3_11_1_over_sqrt5;QPSK_0_plus1_1_minus1"",""cuda"":""12.8"",""decoder"":{""cn_schedule"":""flooding"",""cn_update"":""boxplus-phi"",""early_stop"":false,""hard_out"":true,""harq_mode"":false,""llr_max"":20.0,""num_iter"":20,""precision"":""single"",""prune_pcm"":true,""return_infobits"":true,""vn_update"":""sum""},""decoder_source_sha256"":""44d84b92b749e2970f94d92cd348a11648e2286b4d851faa0af8b21d08f0da23"",""encoder_source_sha256"":""34d8db6660b2e84708a8fb534f63c194f6f2b964e3693fcffc9dcaf21532ccfd"",""implementation"":""Sionna_5G_LDPC"",""power_protocol"":""fixed_constellation_average_Es2"",""precision"":""float32"",""rate_matching"":""Sionna RV0; filler removal, first2Z and tail puncturing; supported n only"",""scrambling"":""public_PCG64_SHA256_protocol_session_frame_group_counter_after_rate_matching_v1"",""torch"":""2.11.0+cu128"",""version"":""2.2.0""},""interleaver_sha256"":""99c312ba69877e6933c038786ca510c06ed442c507f0e35b9ab29384a4d23e5e"",""k"":1132,""k_filler"":68,""k_ldpc"":1200,""layout_id"":""ebb8501c4671432a247c5ba01a78fe898cb936a3fe5c24c06275faeacda0acba"",""modulation_padding_bits"":0,""mother_bits"":6240,""n"":2970,""n_cb"":6000,""n_cb_comp"":5932,""power_protocol"":""fixed_constellation_average_Es2"",""puncturing_bits"":3202,""puncturing_first_2Z"":240,""puncturing_remaining"":2962,""repetition_bits"":0,""scrambling"":""public_PCG64_SHA256_protocol_session_frame_group_counter_after_rate_matching_v1"",""shortening_bits"":68,""z"":120}",[2048]
16QAM,1/3,16QAM:r1/3,e44f2e607e4cd2497667f73194ed90548467656a4d8ebe8c8ee86a4c3f67aebf,900,16,0,916,960,44,4992,2804,701,0,0.32667617689015693,0.3209700427960057,"{""actual_effective_rate"":0.32667617689015693,""bg"":""bg2"",""bit_mapping"":""component_Gray_00_-3_01_-1_10_3_11_1_over_sqrt5;QPSK_0_plus1_1_minus1"",""code_blocks"":1,""decoder_config"":{""cn_schedule"":""flooding"",""cn_update"":""boxplus-phi"",""early_stop"":false,""hard_out"":true,""harq_mode"":false,""llr_max"":20.0,""num_iter"":20,""precision"":""single"",""prune_pcm"":true,""return_infobits"":true,""vn_update"":""sum""},""implementation"":{""bit_mapping"":""component_Gray_00_-3_01_-1_10_3_11_1_over_sqrt5;QPSK_0_plus1_1_minus1"",""cuda"":""12.8"",""decoder"":{""cn_schedule"":""flooding"",""cn_update"":""boxplus-phi"",""early_stop"":false,""hard_out"":true,""harq_mode"":false,""llr_max"":20.0,""num_iter"":20,""precision"":""single"",""prune_pcm"":true,""return_infobits"":true,""vn_update"":""sum""},""decoder_source_sha256"":""44d84b92b749e2970f94d92cd348a11648e2286b4d851faa0af8b21d08f0da23"",""encoder_source_sha256"":""34d8db6660b2e84708a8fb534f63c194f6f2b964e3693fcffc9dcaf21532ccfd"",""implementation"":""Sionna_5G_LDPC"",""power_protocol"":""fixed_constellation_average_Es2"",""precision"":""float32"",""rate_matching"":""Sionna RV0; filler removal, first2Z and tail puncturing; supported n only"",""scrambling"":""public_PCG64_SHA256_protocol_session_frame_group_counter_after_rate_matching_v1"",""torch"":""2.11.0+cu128"",""version"":""2.2.0""},""interleaver_sha256"":""34ae189d650db47203236180e9318b6ed7b436c746b33cc4b07e1ca7d04ee5c7"",""k"":916,""k_filler"":44,""k_ldpc"":960,""layout_id"":""85407ba565f63b4d0c7898dddcce5581640041767d68f072b7912d6a891f842e"",""modulation_padding_bits"":0,""mother_bits"":4992,""n"":2804,""n_cb"":4800,""n_cb_comp"":4756,""power_protocol"":""fixed_constellation_average_Es2"",""puncturing_bits"":2144,""puncturing_first_2Z"":192,""puncturing_remaining"":1952,""repetition_bits"":0,""scrambling"":""public_PCG64_SHA256_protocol_session_frame_group_counter_after_rate_matching_v1"",""shortening_bits"":44,""z"":96}",[2048]
QPSK,2/3,QPSK:r2/3,e467b4baa10fb07e0531b6aa7c30f9fe2743c821bca2ae7ab09756bf3ee23286,624,16,0,640,720,80,3744,2600,1300,0,0.24615384615384617,0.24,"{""actual_effective_rate"":0.24615384615384617,""bg"":""bg2"",""bit_mapping"":""component_Gray_00_-3_01_-1_10_3_11_1_over_sqrt5;QPSK_0_plus1_1_minus1"",""code_blocks"":1,""decoder_config"":{""cn_schedule"":""flooding"",""cn_update"":""boxplus-phi"",""early_stop"":false,""hard_out"":true,""harq_mode"":false,""llr_max"":20.0,""num_iter"":20,""precision"":""single"",""prune_pcm"":true,""return_infobits"":true,""vn_update"":""sum""},""implementation"":{""bit_mapping"":""component_Gray_00_-3_01_-1_10_3_11_1_over_sqrt5;QPSK_0_plus1_1_minus1"",""cuda"":""12.8"",""decoder"":{""cn_schedule"":""flooding"",""cn_update"":""boxplus-phi"",""early_stop"":false,""hard_out"":true,""harq_mode"":false,""llr_max"":20.0,""num_iter"":20,""precision"":""single"",""prune_pcm"":true,""return_infobits"":true,""vn_update"":""sum""},""decoder_source_sha256"":""44d84b92b749e2970f94d92cd348a11648e2286b4d851faa0af8b21d08f0da23"",""encoder_source_sha256"":""34d8db6660b2e84708a8fb534f63c194f6f2b964e3693fcffc9dcaf21532ccfd"",""implementation"":""Sionna_5G_LDPC"",""power_protocol"":""fixed_constellation_average_Es2"",""precision"":""float32"",""rate_matching"":""Sionna RV0; filler removal, first2Z and tail puncturing; supported n only"",""scrambling"":""public_PCG64_SHA256_protocol_session_frame_group_counter_after_rate_matching_v1"",""torch"":""2.11.0+cu128"",""version"":""2.2.0""},""interleaver_sha256"":""de2403292d0cec7e11ad23d25a14cc46492b67f4eb39958145efecc789a2b357"",""k"":640,""k_filler"":80,""k_ldpc"":720,""layout_id"":""2fb8f57339107143a97dfa0556d2fb73e63fb57179c47087d5dcbd1cfb19d0a9"",""modulation_padding_bits"":0,""mother_bits"":3744,""n"":2600,""n_cb"":3600,""n_cb_comp"":3520,""power_protocol"":""fixed_constellation_average_Es2"",""puncturing_bits"":1064,""puncturing_first_2Z"":144,""puncturing_remaining"":920,""repetition_bits"":0,""scrambling"":""public_PCG64_SHA256_protocol_session_frame_group_counter_after_rate_matching_v1"",""shortening_bits"":80,""z"":72}",[2048]
16QAM,5/6,16QAM:r5/6,e46ebc84b4ec8885d7ca61d60d44cf5e357687969fe68715e85d41c3da467e39,1668,16,0,1684,1760,76,5440,2304,576,0,0.7309027777777778,0.7239583333333334,"{""actual_effective_rate"":0.7309027777777778,""bg"":""bg1"",""bit_mapping"":""component_Gray_00_-3_01_-1_10_3_11_1_over_sqrt5;QPSK_0_plus1_1_minus1"",""code_blocks"":1,""decoder_config"":{""cn_schedule"":""flooding"",""cn_update"":""boxplus-phi"",""early_stop"":false,""hard_out"":true,""harq_mode"":false,""llr_max"":20.0,""num_iter"":20,""precision"":""single"",""prune_pcm"":true,""return_infobits"":true,""vn_update"":""sum""},""implementation"":{""bit_mapping"":""component_Gray_00_-3_01_-1_10_3_11_1_over_sqrt5;QPSK_0_plus1_1_minus1"",""cuda"":""12.8"",""decoder"":{""cn_schedule"":""flooding"",""cn_update"":""boxplus-phi"",""early_stop"":false,""hard_out"":true,""harq_mode"":false,""llr_max"":20.0,""num_iter"":20,""precision"":""single"",""prune_pcm"":true,""return_infobits"":true,""vn_update"":""sum""},""decoder_source_sha256"":""44d84b92b749e2970f94d92cd348a11648e2286b4d851faa0af8b21d08f0da23"",""encoder_source_sha256"":""34d8db6660b2e84708a8fb534f63c194f6f2b964e3693fcffc9dcaf21532ccfd"",""implementation"":""Sionna_5G_LDPC"",""power_protocol"":""fixed_constellation_average_Es2"",""precision"":""float32"",""rate_matching"":""Sionna RV0; filler removal, first2Z and tail puncturing; supported n only"",""scrambling"":""public_PCG64_SHA256_protocol_session_frame_group_counter_after_rate_matching_v1"",""torch"":""2.11.0+cu128"",""version"":""2.2.0""},""interleaver_sha256"":""6a7d9f6776138d4a753f3821c49d76c9ff12908779a1e8c61e718e5ecadd4d8f"",""k"":1684,""k_filler"":76,""k_ldpc"":1760,""layout_id"":""0773dac5c44d4e19c4caa29f1dd519e6e1a80277c0fd5027af714695afc88729"",""modulation_padding_bits"":0,""mother_bits"":5440,""n"":2304,""n_cb"":5280,""n_cb_comp"":5204,""power_protocol"":""fixed_constellation_average_Es2"",""puncturing_bits"":3060,""puncturing_first_2Z"":160,""puncturing_remaining"":2900,""repetition_bits"":0,""scrambling"":""public_PCG64_SHA256_protocol_session_frame_group_counter_after_rate_matching_v1"",""shortening_bits"":76,""z"":80}",[1024]
16QAM,5/6,16QAM:r5/6,e496b1ac5d3264fda70a5dc146e015bbea678c3404f9e212d15b248fdd5072e0,1200,16,0,1216,1280,64,6656,3540,885,0,0.34350282485875705,0.3389830508474576,"{""actual_effective_rate"":0.34350282485875705,""bg"":""bg2"",""bit_mapping"":""component_Gray_00_-3_01_-1_10_3_11_1_over_sqrt5;QPSK_0_plus1_1_minus1"",""code_blocks"":1,""decoder_config"":{""cn_schedule"":""flooding"",""cn_update"":""boxplus-phi"",""early_stop"":false,""hard_out"":true,""harq_mode"":false,""llr_max"":20.0,""num_iter"":20,""precision"":""single"",""prune_pcm"":true,""return_infobits"":true,""vn_update"":""sum""},""implementation"":{""bit_mapping"":""component_Gray_00_-3_01_-1_10_3_11_1_over_sqrt5;QPSK_0_plus1_1_minus1"",""cuda"":""12.8"",""decoder"":{""cn_schedule"":""flooding"",""cn_update"":""boxplus-phi"",""early_stop"":false,""hard_out"":true,""harq_mode"":false,""llr_max"":20.0,""num_iter"":20,""precision"":""single"",""prune_pcm"":true,""return_infobits"":true,""vn_update"":""sum""},""decoder_source_sha256"":""44d84b92b749e2970f94d92cd348a11648e2286b4d851faa0af8b21d08f0da23"",""encoder_source_sha256"":""34d8db6660b2e84708a8fb534f63c194f6f2b964e3693fcffc9dcaf21532ccfd"",""implementation"":""Sionna_5G_LDPC"",""power_protocol"":""fixed_constellation_average_Es2"",""precision"":""float32"",""rate_matching"":""Sionna RV0; filler removal, first2Z and tail puncturing; supported n only"",""scrambling"":""public_PCG64_SHA256_protocol_session_frame_group_counter_after_rate_matching_v1"",""torch"":""2.11.0+cu128"",""version"":""2.2.0""},""interleaver_sha256"":""9619aa5d2caa80314798bbec3827f6e09eae0786b2ff2a55d66a5f539fdde34d"",""k"":1216,""k_filler"":64,""k_ldpc"":1280,""layout_id"":""338bda023a55ebffc36aba88dad25b40379ff317b792c4e6b1344216a0b30d29"",""modulation_padding_bits"":0,""mother_bits"":6656,""n"":3540,""n_cb"":6400,""n_cb_comp"":6336,""power_protocol"":""fixed_constellation_average_Es2"",""puncturing_bits"":3052,""puncturing_first_2Z"":256,""puncturing_remaining"":2796,""repetition_bits"":0,""scrambling"":""public_PCG64_SHA256_protocol_session_frame_group_counter_after_rate_matching_v1"",""shortening_bits"":64,""z"":128}",[2048]
QPSK,3/4,QPSK:r3/4,e4a0ede9340755973ed2d392bbd75b3d0b18f3d3a0acede50c22fe3535bdef56,660,16,0,676,720,44,3744,1528,764,0,0.4424083769633508,0.4319371727748691,"{""actual_effective_rate"":0.4424083769633508,""bg"":""bg2"",""bit_mapping"":""component_Gray_00_-3_01_-1_10_3_11_1_over_sqrt5;QPSK_0_plus1_1_minus1"",""code_blocks"":1,""decoder_config"":{""cn_schedule"":""flooding"",""cn_update"":""boxplus-phi"",""early_stop"":false,""hard_out"":true,""harq_mode"":false,""llr_max"":20.0,""num_iter"":20,""precision"":""single"",""prune_pcm"":true,""return_infobits"":true,""vn_update"":""sum""},""implementation"":{""bit_mapping"":""component_Gray_00_-3_01_-1_10_3_11_1_over_sqrt5;QPSK_0_plus1_1_minus1"",""cuda"":""12.8"",""decoder"":{""cn_schedule"":""flooding"",""cn_update"":""boxplus-phi"",""early_stop"":false,""hard_out"":true,""harq_mode"":false,""llr_max"":20.0,""num_iter"":20,""precision"":""single"",""prune_pcm"":true,""return_infobits"":true,""vn_update"":""sum""},""decoder_source_sha256"":""44d84b92b749e2970f94d92cd348a11648e2286b4d851faa0af8b21d08f0da23"",""encoder_source_sha256"":""34d8db6660b2e84708a8fb534f63c194f6f2b964e3693fcffc9dcaf21532ccfd"",""implementation"":""Sionna_5G_LDPC"",""power_protocol"":""fixed_constellation_average_Es2"",""precision"":""float32"",""rate_matching"":""Sionna RV0; filler removal, first2Z and tail puncturing; supported n only"",""scrambling"":""public_PCG64_SHA256_protocol_session_frame_group_counter_after_rate_matching_v1"",""torch"":""2.11.0+cu128"",""version"":""2.2.0""},""interleaver_sha256"":""b12c27aaa0f85dab823c4aaaa1f1c349bb07f5b680c9388857f69dd8cb861821"",""k"":676,""k_filler"":44,""k_ldpc"":720,""layout_id"":""5abab9ea08c28e5646800d6c8773f2f4396414a6a91d9184f0137f1f3dd85dde"",""modulation_padding_bits"":0,""mother_bits"":3744,""n"":1528,""n_cb"":3600,""n_cb_comp"":3556,""power_protocol"":""fixed_constellation_average_Es2"",""puncturing_bits"":2172,""puncturing_first_2Z"":144,""puncturing_remaining"":2028,""repetition_bits"":0,""scrambling"":""public_PCG64_SHA256_protocol_session_frame_group_counter_after_rate_matching_v1"",""shortening_bits"":44,""z"":72}",[1024]
16QAM,3/4,16QAM:r3/4,e4a3b11a98a2d8fb1f718b1e4982c73288b5dc6a331f094dffb600e6a18387cd,660,16,0,676,704,28,2176,912,228,0,0.7412280701754386,0.7236842105263158,"{""actual_effective_rate"":0.7412280701754386,""bg"":""bg1"",""bit_mapping"":""component_Gray_00_-3_01_-1_10_3_11_1_over_sqrt5;QPSK_0_plus1_1_minus1"",""code_blocks"":1,""decoder_config"":{""cn_schedule"":""flooding"",""cn_update"":""boxplus-phi"",""early_stop"":false,""hard_out"":true,""harq_mode"":false,""llr_max"":20.0,""num_iter"":20,""precision"":""single"",""prune_pcm"":true,""return_infobits"":true,""vn_update"":""sum""},""implementation"":{""bit_mapping"":""component_Gray_00_-3_01_-1_10_3_11_1_over_sqrt5;QPSK_0_plus1_1_minus1"",""cuda"":""12.8"",""decoder"":{""cn_schedule"":""flooding"",""cn_update"":""boxplus-phi"",""early_stop"":false,""hard_out"":true,""harq_mode"":false,""llr_max"":20.0,""num_iter"":20,""precision"":""single"",""prune_pcm"":true,""return_infobits"":true,""vn_update"":""sum""},""decoder_source_sha256"":""44d84b92b749e2970f94d92cd348a11648e2286b4d851faa0af8b21d08f0da23"",""encoder_source_sha256"":""34d8db6660b2e84708a8fb534f63c194f6f2b964e3693fcffc9dcaf21532ccfd"",""implementation"":""Sionna_5G_LDPC"",""power_protocol"":""fixed_constellation_average_Es2"",""precision"":""float32"",""rate_matching"":""Sionna RV0; filler removal, first2Z and tail puncturing; supported n only"",""scrambling"":""public_PCG64_SHA256_protocol_session_frame_group_counter_after_rate_matching_v1"",""torch"":""2.11.0+cu128"",""version"":""2.2.0""},""interleaver_sha256"":""22eef4c88ba7adb9d10ca303eaae102cb4f0cafaf8df25eeb9c2888aec0a3d7b"",""k"":676,""k_filler"":28,""k_ldpc"":704,""layout_id"":""15ce4501a08dbb04b6cece03b054c4d0c615c3bc1706618670e82a9cd4d0188d"",""modulation_padding_bits"":0,""mother_bits"":2176,""n"":912,""n_cb"":2112,""n_cb_comp"":2084,""power_protocol"":""fixed_constellation_average_Es2"",""puncturing_bits"":1236,""puncturing_first_2Z"":64,""puncturing_remaining"":1172,""repetition_bits"":0,""scrambling"":""public_PCG64_SHA256_protocol_session_frame_group_counter_after_rate_matching_v1"",""shortening_bits"":28,""z"":32}","[1024,2048]"
QPSK,5/6,QPSK:r5/6,e4a55a8463383b2fac2a7dbf14df6ab2a8ccbc3e2386162d79398c16dd5f9bc4,624,16,0,640,720,80,3744,2382,1191,0,0.2686817800167926,0.2619647355163728,"{""actual_effective_rate"":0.2686817800167926,""bg"":""bg2"",""bit_mapping"":""component_Gray_00_-3_01_-1_10_3_11_1_over_sqrt5;QPSK_0_plus1_1_minus1"",""code_blocks"":1,""decoder_config"":{""cn_schedule"":""flooding"",""cn_update"":""boxplus-phi"",""early_stop"":false,""hard_out"":true,""harq_mode"":false,""llr_max"":20.0,""num_iter"":20,""precision"":""single"",""prune_pcm"":true,""return_infobits"":true,""vn_update"":""sum""},""implementation"":{""bit_mapping"":""component_Gray_00_-3_01_-1_10_3_11_1_over_sqrt5;QPSK_0_plus1_1_minus1"",""cuda"":""12.8"",""decoder"":{""cn_schedule"":""flooding"",""cn_update"":""boxplus-phi"",""early_stop"":false,""hard_out"":true,""harq_mode"":false,""llr_max"":20.0,""num_iter"":20,""precision"":""single"",""prune_pcm"":true,""return_infobits"":true,""vn_update"":""sum""},""decoder_source_sha256"":""44d84b92b749e2970f94d92cd348a11648e2286b4d851faa0af8b21d08f0da23"",""encoder_source_sha256"":""34d8db6660b2e84708a8fb534f63c194f6f2b964e3693fcffc9dcaf21532ccfd"",""implementation"":""Sionna_5G_LDPC"",""power_protocol"":""fixed_constellation_average_Es2"",""precision"":""float32"",""rate_matching"":""Sionna RV0; filler removal, first2Z and tail puncturing; supported n only"",""scrambling"":""public_PCG64_SHA256_protocol_session_frame_group_counter_after_rate_matching_v1"",""torch"":""2.11.0+cu128"",""version"":""2.2.0""},""interleaver_sha256"":""f6616c41e1c4e63e149fb185d4f53797bd6a2296a70ad2c6f7bd2d4230563f66"",""k"":640,""k_filler"":80,""k_ldpc"":720,""layout_id"":""b3263fea7465519a73b29322be2940770b1db783a42d83bc47ab64934665bfa8"",""modulation_padding_bits"":0,""mother_bits"":3744,""n"":2382,""n_cb"":3600,""n_cb_comp"":3520,""power_protocol"":""fixed_constellation_average_Es2"",""puncturing_bits"":1282,""puncturing_first_2Z"":144,""puncturing_remaining"":1138,""repetition_bits"":0,""scrambling"":""public_PCG64_SHA256_protocol_session_frame_group_counter_after_rate_matching_v1"",""shortening_bits"":80,""z"":72}",[2048]
16QAM,5/6,16QAM:r5/6,e4a5702235d992c2b47ffb42c764339d43266fabd8bda3edf04775474344553a,2400,16,0,2416,2464,48,7616,3036,759,0,0.7957839262187089,0.7905138339920948,"{""actual_effective_rate"":0.7957839262187089,""bg"":""bg1"",""bit_mapping"":""component_Gray_00_-3_01_-1_10_3_11_1_over_sqrt5;QPSK_0_plus1_1_minus1"",""code_blocks"":1,""decoder_config"":{""cn_schedule"":""flooding"",""cn_update"":""boxplus-phi"",""early_stop"":false,""hard_out"":true,""harq_mode"":false,""llr_max"":20.0,""num_iter"":20,""precision"":""single"",""prune_pcm"":true,""return_infobits"":true,""vn_update"":""sum""},""implementation"":{""bit_mapping"":""component_Gray_00_-3_01_-1_10_3_11_1_over_sqrt5;QPSK_0_plus1_1_minus1"",""cuda"":""12.8"",""decoder"":{""cn_schedule"":""flooding"",""cn_update"":""boxplus-phi"",""early_stop"":false,""hard_out"":true,""harq_mode"":false,""llr_max"":20.0,""num_iter"":20,""precision"":""single"",""prune_pcm"":true,""return_infobits"":true,""vn_update"":""sum""},""decoder_source_sha256"":""44d84b92b749e2970f94d92cd348a11648e2286b4d851faa0af8b21d08f0da23"",""encoder_source_sha256"":""34d8db6660b2e84708a8fb534f63c194f6f2b964e3693fcffc9dcaf21532ccfd"",""implementation"":""Sionna_5G_LDPC"",""power_protocol"":""fixed_constellation_average_Es2"",""precision"":""float32"",""rate_matching"":""Sionna RV0; filler removal, first2Z and tail puncturing; supported n only"",""scrambling"":""public_PCG64_SHA256_protocol_session_frame_group_counter_after_rate_matching_v1"",""torch"":""2.11.0+cu128"",""version"":""2.2.0""},""interleaver_sha256"":""83510edfa770bbb0a013c3e20dafd0f5a578fcdc9d18664872860ddce94c1f98"",""k"":2416,""k_filler"":48,""k_ldpc"":2464,""layout_id"":""c9b21c7ec356617b0029ff99a0c2f45f2afb4adccaa207ee2105972236b7142a"",""modulation_padding_bits"":0,""mother_bits"":7616,""n"":3036,""n_cb"":7392,""n_cb_comp"":7344,""power_protocol"":""fixed_constellation_average_Es2"",""puncturing_bits"":4532,""puncturing_first_2Z"":224,""puncturing_remaining"":4308,""repetition_bits"":0,""scrambling"":""public_PCG64_SHA256_protocol_session_frame_group_counter_after_rate_matching_v1"",""shortening_bits"":48,""z"":112}",[1024]
16QAM,1/2,16QAM:r1/2,e4acbd7d2e2a60c8c11da6fd13719e16e9a135f6a90522c84c9145cfa8635980,1704,16,0,1720,1760,40,9152,4580,1145,0,0.37554585152838427,0.3720524017467249,"{""actual_effective_rate"":0.37554585152838427,""bg"":""bg2"",""bit_mapping"":""component_Gray_00_-3_01_-1_10_3_11_1_over_sqrt5;QPSK_0_plus1_1_minus1"",""code_blocks"":1,""decoder_config"":{""cn_schedule"":""flooding"",""cn_update"":""boxplus-phi"",""early_stop"":false,""hard_out"":true,""harq_mode"":false,""llr_max"":20.0,""num_iter"":20,""precision"":""single"",""prune_pcm"":true,""return_infobits"":true,""vn_update"":""sum""},""implementation"":{""bit_mapping"":""component_Gray_00_-3_01_-1_10_3_11_1_over_sqrt5;QPSK_0_plus1_1_minus1"",""cuda"":""12.8"",""decoder"":{""cn_schedule"":""flooding"",""cn_update"":""boxplus-phi"",""early_stop"":false,""hard_out"":true,""harq_mode"":false,""llr_max"":20.0,""num_iter"":20,""precision"":""single"",""prune_pcm"":true,""return_infobits"":true,""vn_update"":""sum""},""decoder_source_sha256"":""44d84b92b749e2970f94d92cd348a11648e2286b4d851faa0af8b21d08f0da23"",""encoder_source_sha256"":""34d8db6660b2e84708a8fb534f63c194f6f2b964e3693fcffc9dcaf21532ccfd"",""implementation"":""Sionna_5G_LDPC"",""power_protocol"":""fixed_constellation_average_Es2"",""precision"":""float32"",""rate_matching"":""Sionna RV0; filler removal, first2Z and tail puncturing; supported n only"",""scrambling"":""public_PCG64_SHA256_protocol_session_frame_group_counter_after_rate_matching_v1"",""torch"":""2.11.0+cu128"",""version"":""2.2.0""},""interleaver_sha256"":""8c7549599285742c26957d69374211630d90b88d7c7f3dbbefa66a7115ca53f2"",""k"":1720,""k_filler"":40,""k_ldpc"":1760,""layout_id"":""33ed3ff3160c832acd5a69d528bf0ce0c69d1f99fd741f4962a5f2ad4bde7ee1"",""modulation_padding_bits"":0,""mother_bits"":9152,""n"":4580,""n_cb"":8800,""n_cb_comp"":8760,""power_protocol"":""fixed_constellation_average_Es2"",""puncturing_bits"":4532,""puncturing_first_2Z"":352,""puncturing_remaining"":4180,""repetition_bits"":0,""scrambling"":""public_PCG64_SHA256_protocol_session_frame_group_counter_after_rate_matching_v1"",""shortening_bits"":40,""z"":176}",[2048]
QPSK,1/2,QPSK:r1/2,e4b5f1aa5897b373d8aa953d1ee051023bfd815f3152b09551a078f92b9ffca5,360,16,0,376,480,104,2496,834,417,0,0.45083932853717024,0.4316546762589928,"{""actual_effective_rate"":0.45083932853717024,""bg"":""bg2"",""bit_mapping"":""component_Gray_00_-3_01_-1_10_3_11_1_over_sqrt5;QPSK_0_plus1_1_minus1"",""code_blocks"":1,""decoder_config"":{""cn_schedule"":""flooding"",""cn_update"":""boxplus-phi"",""early_stop"":false,""hard_out"":true,""harq_mode"":false,""llr_max"":20.0,""num_iter"":20,""precision"":""single"",""prune_pcm"":true,""return_infobits"":true,""vn_update"":""sum""},""implementation"":{""bit_mapping"":""component_Gray_00_-3_01_-1_10_3_11_1_over_sqrt5;QPSK_0_plus1_1_minus1"",""cuda"":""12.8"",""decoder"":{""cn_schedule"":""flooding"",""cn_update"":""boxplus-phi"",""early_stop"":false,""hard_out"":true,""harq_mode"":false,""llr_max"":20.0,""num_iter"":20,""precision"":""single"",""prune_pcm"":true,""return_infobits"":true,""vn_update"":""sum""},""decoder_source_sha256"":""44d84b92b749e2970f94d92cd348a11648e2286b4d851faa0af8b21d08f0da23"",""encoder_source_sha256"":""34d8db6660b2e84708a8fb534f63c194f6f2b964e3693fcffc9dcaf21532ccfd"",""implementation"":""Sionna_5G_LDPC"",""power_protocol"":""fixed_constellation_average_Es2"",""precision"":""float32"",""rate_matching"":""Sionna RV0; filler removal, first2Z and tail puncturing; supported n only"",""scrambling"":""public_PCG64_SHA256_protocol_session_frame_group_counter_after_rate_matching_v1"",""torch"":""2.11.0+cu128"",""version"":""2.2.0""},""interleaver_sha256"":""2366179cf5a137bfc4f2ae71a3133e1a1636a58bdc89a23e829bce2857d1aa26"",""k"":376,""k_filler"":104,""k_ldpc"":480,""layout_id"":""02eae236248fe0e7a06ead8cbcb82c8b3f10c5e860c8aa9746fbfeee564c2b07"",""modulation_padding_bits"":0,""mother_bits"":2496,""n"":834,""n_cb"":2400,""n_cb_comp"":2296,""power_protocol"":""fixed_constellation_average_Es2"",""puncturing_bits"":1558,""puncturing_first_2Z"":96,""puncturing_remaining"":1462,""repetition_bits"":0,""scrambling"":""public_PCG64_SHA256_protocol_session_frame_group_counter_after_rate_matching_v1"",""shortening_bits"":104,""z"":48}",[2048]
16QAM,2/3,16QAM:r2/3,e4b818ff847ea8b2b53d2e00579c7ba47973fdccffe4075ad62501e81fa52e51,312,16,0,328,440,112,2288,492,123,0,0.6666666666666666,0.6341463414634146,"{""actual_effective_rate"":0.6666666666666666,""bg"":""bg2"",""bit_mapping"":""component_Gray_00_-3_01_-1_10_3_11_1_over_sqrt5;QPSK_0_plus1_1_minus1"",""code_blocks"":1,""decoder_config"":{""cn_schedule"":""flooding"",""cn_update"":""boxplus-phi"",""early_stop"":false,""hard_out"":true,""harq_mode"":false,""llr_max"":20.0,""num_iter"":20,""precision"":""single"",""prune_pcm"":true,""return_infobits"":true,""vn_update"":""sum""},""implementation"":{""bit_mapping"":""component_Gray_00_-3_01_-1_10_3_11_1_over_sqrt5;QPSK_0_plus1_1_minus1"",""cuda"":""12.8"",""decoder"":{""cn_schedule"":""flooding"",""cn_update"":""boxplus-phi"",""early_stop"":false,""hard_out"":true,""harq_mode"":false,""llr_max"":20.0,""num_iter"":20,""precision"":""single"",""prune_pcm"":true,""return_infobits"":true,""vn_update"":""sum""},""decoder_source_sha256"":""44d84b92b749e2970f94d92cd348a11648e2286b4d851faa0af8b21d08f0da23"",""encoder_source_sha256"":""34d8db6660b2e84708a8fb534f63c194f6f2b964e3693fcffc9dcaf21532ccfd"",""implementation"":""Sionna_5G_LDPC"",""power_protocol"":""fixed_constellation_average_Es2"",""precision"":""float32"",""rate_matching"":""Sionna RV0; filler removal, first2Z and tail puncturing; supported n only"",""scrambling"":""public_PCG64_SHA256_protocol_session_frame_group_counter_after_rate_matching_v1"",""torch"":""2.11.0+cu128"",""version"":""2.2.0""},""interleaver_sha256"":""c547b0151cd3fbc7cae9039a0e9993eac64e60e4fb9abe864d47823c4d52f5ff"",""k"":328,""k_filler"":112,""k_ldpc"":440,""layout_id"":""f655e82933a8ee5410c018a2a1e38c81ce6a2a3a5c04359ea31800f9024b52f2"",""modulation_padding_bits"":0,""mother_bits"":2288,""n"":492,""n_cb"":2200,""n_cb_comp"":2088,""power_protocol"":""fixed_constellation_average_Es2"",""puncturing_bits"":1684,""puncturing_first_2Z"":88,""puncturing_remaining"":1596,""repetition_bits"":0,""scrambling"":""public_PCG64_SHA256_protocol_session_frame_group_counter_after_rate_matching_v1"",""shortening_bits"":112,""z"":44}",[1024]
16QAM,5/6,16QAM:r5/6,e4c338fceb83fb2e4cb9f2727cc8d600dde2ff6bd7893a757cb7be87ac69b39b,1092,16,0,1108,1144,36,3536,1424,356,0,0.7780898876404494,0.7668539325842697,"{""actual_effective_rate"":0.7780898876404494,""bg"":""bg1"",""bit_mapping"":""component_Gray_00_-3_01_-1_10_3_11_1_over_sqrt5;QPSK_0_plus1_1_minus1"",""code_blocks"":1,""decoder_config"":{""cn_schedule"":""flooding"",""cn_update"":""boxplus-phi"",""early_stop"":false,""hard_out"":true,""harq_mode"":false,""llr_max"":20.0,""num_iter"":20,""precision"":""single"",""prune_pcm"":true,""return_infobits"":true,""vn_update"":""sum""},""implementation"":{""bit_mapping"":""component_Gray_00_-3_01_-1_10_3_11_1_over_sqrt5;QPSK_0_plus1_1_minus1"",""cuda"":""12.8"",""decoder"":{""cn_schedule"":""flooding"",""cn_update"":""boxplus-phi"",""early_stop"":false,""hard_out"":true,""harq_mode"":false,""llr_max"":20.0,""num_iter"":20,""precision"":""single"",""prune_pcm"":true,""return_infobits"":true,""vn_update"":""sum""},""decoder_source_sha256"":""44d84b92b749e2970f94d92cd348a11648e2286b4d851faa0af8b21d08f0da23"",""encoder_source_sha256"":""34d8db6660b2e84708a8fb534f63c194f6f2b964e3693fcffc9dcaf21532ccfd"",""implementation"":""Sionna_5G_LDPC"",""power_protocol"":""fixed_constellation_average_Es2"",""precision"":""float32"",""rate_matching"":""Sionna RV0; filler removal, first2Z and tail puncturing; supported n only"",""scrambling"":""public_PCG64_SHA256_protocol_session_frame_group_counter_after_rate_matching_v1"",""torch"":""2.11.0+cu128"",""version"":""2.2.0""},""interleaver_sha256"":""10764e40b9af808b79c01349c9f73ef75dd7255b103d305737e5f715e45e8f52"",""k"":1108,""k_filler"":36,""k_ldpc"":1144,""layout_id"":""adaba6bb3ab0ac613cad26ab2f8db97448b6b9162aa79bfa83dfec6e079fc4eb"",""modulation_padding_bits"":0,""mother_bits"":3536,""n"":1424,""n_cb"":3432,""n_cb_comp"":3396,""power_protocol"":""fixed_constellation_average_Es2"",""puncturing_bits"":2076,""puncturing_first_2Z"":104,""puncturing_remaining"":1972,""repetition_bits"":0,""scrambling"":""public_PCG64_SHA256_protocol_session_frame_group_counter_after_rate_matching_v1"",""shortening_bits"":36,""z"":52}",[1024]
16QAM,5/6,16QAM:r5/6,e4c900d2d3f4ed5f8c320cc63cc93d246674a2edd5dc7de9f7ec53dfee2c6080,5496,16,0,5512,5632,120,17408,7108,1777,0,0.7754642656162071,0.7732132808103546,"{""actual_effective_rate"":0.7754642656162071,""bg"":""bg1"",""bit_mapping"":""component_Gray_00_-3_01_-1_10_3_11_1_over_sqrt5;QPSK_0_plus1_1_minus1"",""code_blocks"":1,""decoder_config"":{""cn_schedule"":""flooding"",""cn_update"":""boxplus-phi"",""early_stop"":false,""hard_out"":true,""harq_mode"":false,""llr_max"":20.0,""num_iter"":20,""precision"":""single"",""prune_pcm"":true,""return_infobits"":true,""vn_update"":""sum""},""implementation"":{""bit_mapping"":""component_Gray_00_-3_01_-1_10_3_11_1_over_sqrt5;QPSK_0_plus1_1_minus1"",""cuda"":""12.8"",""decoder"":{""cn_schedule"":""flooding"",""cn_update"":""boxplus-phi"",""early_stop"":false,""hard_out"":true,""harq_mode"":false,""llr_max"":20.0,""num_iter"":20,""precision"":""single"",""prune_pcm"":true,""return_infobits"":true,""vn_update"":""sum""},""decoder_source_sha256"":""44d84b92b749e2970f94d92cd348a11648e2286b4d851faa0af8b21d08f0da23"",""encoder_source_sha256"":""34d8db6660b2e84708a8fb534f63c194f6f2b964e3693fcffc9dcaf21532ccfd"",""implementation"":""Sionna_5G_LDPC"",""power_protocol"":""fixed_constellation_average_Es2"",""precision"":""float32"",""rate_matching"":""Sionna RV0; filler removal, first2Z and tail puncturing; supported n only"",""scrambling"":""public_PCG64_SHA256_protocol_session_frame_group_counter_after_rate_matching_v1"",""torch"":""2.11.0+cu128"",""version"":""2.2.0""},""interleaver_sha256"":""fe2b4117f5010634975e8babc537c57349a8b252cf138f703407fda54b49e362"",""k"":5512,""k_filler"":120,""k_ldpc"":5632,""layout_id"":""d9e527e52d7686f20e3c7102b0fe12a5e3295a874fae76d58db75d0a19539b8b"",""modulation_padding_bits"":0,""mother_bits"":17408,""n"":7108,""n_cb"":16896,""n_cb_comp"":16776,""power_protocol"":""fixed_constellation_average_Es2"",""puncturing_bits"":10180,""puncturing_first_2Z"":512,""puncturing_remaining"":9668,""repetition_bits"":0,""scrambling"":""public_PCG64_SHA256_protocol_session_frame_group_counter_after_rate_matching_v1"",""shortening_bits"":120,""z"":256}",[2048]
16QAM,2/3,16QAM:r2/3,e4cc5d7be4a9cc188f5963a39ff774a996502f4bb96cddca1f08df2d21548271,576,16,0,592,720,128,3744,1432,358,0,0.4134078212290503,0.4022346368715084,"{""actual_effective_rate"":0.4134078212290503,""bg"":""bg2"",""bit_mapping"":""component_Gray_00_-3_01_-1_10_3_11_1_over_sqrt5;QPSK_0_plus1_1_minus1"",""code_blocks"":1,""decoder_config"":{""cn_schedule"":""flooding"",""cn_update"":""boxplus-phi"",""early_stop"":false,""hard_out"":true,""harq_mode"":false,""llr_max"":20.0,""num_iter"":20,""precision"":""single"",""prune_pcm"":true,""return_infobits"":true,""vn_update"":""sum""},""implementation"":{""bit_mapping"":""component_Gray_00_-3_01_-1_10_3_11_1_over_sqrt5;QPSK_0_plus1_1_minus1"",""cuda"":""12.8"",""decoder"":{""cn_schedule"":""flooding"",""cn_update"":""boxplus-phi"",""early_stop"":false,""hard_out"":true,""harq_mode"":false,""llr_max"":20.0,""num_iter"":20,""precision"":""single"",""prune_pcm"":true,""return_infobits"":true,""vn_update"":""sum""},""decoder_source_sha256"":""44d84b92b749e2970f94d92cd348a11648e2286b4d851faa0af8b21d08f0da23"",""encoder_source_sha256"":""34d8db6660b2e84708a8fb534f63c194f6f2b964e3693fcffc9dcaf21532ccfd"",""implementation"":""Sionna_5G_LDPC"",""power_protocol"":""fixed_constellation_average_Es2"",""precision"":""float32"",""rate_matching"":""Sionna RV0; filler removal, first2Z and tail puncturing; supported n only"",""scrambling"":""public_PCG64_SHA256_protocol_session_frame_group_counter_after_rate_matching_v1"",""torch"":""2.11.0+cu128"",""version"":""2.2.0""},""interleaver_sha256"":""e237c0ed5d4761d7ed87707af18f989b913c2c04dadc7e8be715e53e3f1e08b4"",""k"":592,""k_filler"":128,""k_ldpc"":720,""layout_id"":""c3fa2605e3fc34960683740bfb0948e8fa5cbe42a8ddad85b3499f6bbf55697b"",""modulation_padding_bits"":0,""mother_bits"":3744,""n"":1432,""n_cb"":3600,""n_cb_comp"":3472,""power_protocol"":""fixed_constellation_average_Es2"",""puncturing_bits"":2184,""puncturing_first_2Z"":144,""puncturing_remaining"":2040,""repetition_bits"":0,""scrambling"":""public_PCG64_SHA256_protocol_session_frame_group_counter_after_rate_matching_v1"",""shortening_bits"":128,""z"":72}",[1024]
QPSK,2/3,QPSK:r2/3,e4ce571003dfcf4d49292e40821b849cb21fba9c4a7b2fa07fc5c133c4495fd5,72,16,0,88,150,62,780,398,199,0,0.22110552763819097,0.18090452261306533,"{""actual_effective_rate"":0.22110552763819097,""bg"":""bg2"",""bit_mapping"":""component_Gray_00_-3_01_-1_10_3_11_1_over_sqrt5;QPSK_0_plus1_1_minus1"",""code_blocks"":1,""decoder_config"":{""cn_schedule"":""flooding"",""cn_update"":""boxplus-phi"",""early_stop"":false,""hard_out"":true,""harq_mode"":false,""llr_max"":20.0,""num_iter"":20,""precision"":""single"",""prune_pcm"":true,""return_infobits"":true,""vn_update"":""sum""},""implementation"":{""bit_mapping"":""component_Gray_00_-3_01_-1_10_3_11_1_over_sqrt5;QPSK_0_plus1_1_minus1"",""cuda"":""12.8"",""decoder"":{""cn_schedule"":""flooding"",""cn_update"":""boxplus-phi"",""early_stop"":false,""hard_out"":true,""harq_mode"":false,""llr_max"":20.0,""num_iter"":20,""precision"":""single"",""prune_pcm"":true,""return_infobits"":true,""vn_update"":""sum""},""decoder_source_sha256"":""44d84b92b749e2970f94d92cd348a11648e2286b4d851faa0af8b21d08f0da23"",""encoder_source_sha256"":""34d8db6660b2e84708a8fb534f63c194f6f2b964e3693fcffc9dcaf21532ccfd"",""implementation"":""Sionna_5G_LDPC"",""power_protocol"":""fixed_constellation_average_Es2"",""precision"":""float32"",""rate_matching"":""Sionna RV0; filler removal, first2Z and tail puncturing; supported n only"",""scrambling"":""public_PCG64_SHA256_protocol_session_frame_group_counter_after_rate_matching_v1"",""torch"":""2.11.0+cu128"",""version"":""2.2.0""},""interleaver_sha256"":""6f02cb760448343d386fe35fe71bfcaa8a4d918b0ef5a403e9e7b911a11a558b"",""k"":88,""k_filler"":62,""k_ldpc"":150,""layout_id"":""6cbb05651471fb716417cd6c4b25aca6f003c1fa6089f66a9be6e74ecd201dee"",""modulation_padding_bits"":0,""mother_bits"":780,""n"":398,""n_cb"":750,""n_cb_comp"":688,""power_protocol"":""fixed_constellation_average_Es2"",""puncturing_bits"":320,""puncturing_first_2Z"":30,""puncturing_remaining"":290,""repetition_bits"":0,""scrambling"":""public_PCG64_SHA256_protocol_session_frame_group_counter_after_rate_matching_v1"",""shortening_bits"":62,""z"":15}",[1024]
16QAM,3/4,16QAM:r3/4,e4d06b71af1eab4709d35679ad634182833a8bb741cf5d9b9534cb52bfbb925f,1860,16,0,1876,1920,44,9984,4576,1144,0,0.40996503496503495,0.40646853146853146,"{""actual_effective_rate"":0.40996503496503495,""bg"":""bg2"",""bit_mapping"":""component_Gray_00_-3_01_-1_10_3_11_1_over_sqrt5;QPSK_0_plus1_1_minus1"",""code_blocks"":1,""decoder_config"":{""cn_schedule"":""flooding"",""cn_update"":""boxplus-phi"",""early_stop"":false,""hard_out"":true,""harq_mode"":false,""llr_max"":20.0,""num_iter"":20,""precision"":""single"",""prune_pcm"":true,""return_infobits"":true,""vn_update"":""sum""},""implementation"":{""bit_mapping"":""component_Gray_00_-3_01_-1_10_3_11_1_over_sqrt5;QPSK_0_plus1_1_minus1"",""cuda"":""12.8"",""decoder"":{""cn_schedule"":""flooding"",""cn_update"":""boxplus-phi"",""early_stop"":false,""hard_out"":true,""harq_mode"":false,""llr_max"":20.0,""num_iter"":20,""precision"":""single"",""prune_pcm"":true,""return_infobits"":true,""vn_update"":""sum""},""decoder_source_sha256"":""44d84b92b749e2970f94d92cd348a11648e2286b4d851faa0af8b21d08f0da23"",""encoder_source_sha256"":""34d8db6660b2e84708a8fb534f63c194f6f2b964e3693fcffc9dcaf21532ccfd"",""implementation"":""Sionna_5G_LDPC"",""power_protocol"":""fixed_constellation_average_Es2"",""precision"":""float32"",""rate_matching"":""Sionna RV0; filler removal, first2Z and tail puncturing; supported n only"",""scrambling"":""public_PCG64_SHA256_protocol_session_frame_group_counter_after_rate_matching_v1"",""torch"":""2.11.0+cu128"",""version"":""2.2.0""},""interleaver_sha256"":""7370ef1ded880e3d7aca486790b93a5f462baddb3d8c77d1cdae17b7d50c0d64"",""k"":1876,""k_filler"":44,""k_ldpc"":1920,""layout_id"":""907d259e17f47acd61059ea38e539009eb0211f1b52ff7453ed10934b6ecc954"",""modulation_padding_bits"":0,""mother_bits"":9984,""n"":4576,""n_cb"":9600,""n_cb_comp"":9556,""power_protocol"":""fixed_constellation_average_Es2"",""puncturing_bits"":5364,""puncturing_first_2Z"":384,""puncturing_remaining"":4980,""repetition_bits"":0,""scrambling"":""public_PCG64_SHA256_protocol_session_frame_group_counter_after_rate_matching_v1"",""shortening_bits"":44,""z"":192}",[2048]
16QAM,5/6,16QAM:r5/6,e4d7820a98603875dcc78ecc8c7e24e8a8d9be1d11d4a1e17d637cba812e905b,660,16,0,676,720,44,3744,2452,613,0,0.27569331158238175,0.26916802610114193,"{""actual_effective_rate"":0.27569331158238175,""bg"":""bg2"",""bit_mapping"":""component_Gray_00_-3_01_-1_10_3_11_1_over_sqrt5;QPSK_0_plus1_1_minus1"",""code_blocks"":1,""decoder_config"":{""cn_schedule"":""flooding"",""cn_update"":""boxplus-phi"",""early_stop"":false,""hard_out"":true,""harq_mode"":false,""llr_max"":20.0,""num_iter"":20,""precision"":""single"",""prune_pcm"":true,""return_infobits"":true,""vn_update"":""sum""},""implementation"":{""bit_mapping"":""component_Gray_00_-3_01_-1_10_3_11_1_over_sqrt5;QPSK_0_plus1_1_minus1"",""cuda"":""12.8"",""decoder"":{""cn_schedule"":""flooding"",""cn_update"":""boxplus-phi"",""early_stop"":false,""hard_out"":true,""harq_mode"":false,""llr_max"":20.0,""num_iter"":20,""precision"":""single"",""prune_pcm"":true,""return_infobits"":true,""vn_update"":""sum""},""decoder_source_sha256"":""44d84b92b749e2970f94d92cd348a11648e2286b4d851faa0af8b21d08f0da23"",""encoder_source_sha256"":""34d8db6660b2e84708a8fb534f63c194f6f2b964e3693fcffc9dcaf21532ccfd"",""implementation"":""Sionna_5G_LDPC"",""power_protocol"":""fixed_constellation_average_Es2"",""precision"":""float32"",""rate_matching"":""Sionna RV0; filler removal, first2Z and tail puncturing; supported n only"",""scrambling"":""public_PCG64_SHA256_protocol_session_frame_group_counter_after_rate_matching_v1"",""torch"":""2.11.0+cu128"",""version"":""2.2.0""},""interleaver_sha256"":""774c12daa4f942ae99f62b90e19362c2df34e7d9da9ac68112f7c3eaee804a9d"",""k"":676,""k_filler"":44,""k_ldpc"":720,""layout_id"":""b5a5cacbe6ffe01964a347e8c288788583a00a4bf58fdbcb86b1ba652fbaf389"",""modulation_padding_bits"":0,""mother_bits"":3744,""n"":2452,""n_cb"":3600,""n_cb_comp"":3556,""power_protocol"":""fixed_constellation_average_Es2"",""puncturing_bits"":1248,""puncturing_first_2Z"":144,""puncturing_remaining"":1104,""repetition_bits"":0,""scrambling"":""public_PCG64_SHA256_protocol_session_frame_group_counter_after_rate_matching_v1"",""shortening_bits"":44,""z"":72}",[1024]
QPSK,5/6,QPSK:r5/6,e4f5abd188f76b17ac5e536c0dd57a47c8a996cb4bd4406e1690e301f055ee3c,1200,16,0,1216,1232,16,3808,1556,778,0,0.781491002570694,0.7712082262210797,"{""actual_effective_rate"":0.781491002570694,""bg"":""bg1"",""bit_mapping"":""component_Gray_00_-3_01_-1_10_3_11_1_over_sqrt5;QPSK_0_plus1_1_minus1"",""code_blocks"":1,""decoder_config"":{""cn_schedule"":""flooding"",""cn_update"":""boxplus-phi"",""early_stop"":false,""hard_out"":true,""harq_mode"":false,""llr_max"":20.0,""num_iter"":20,""precision"":""single"",""prune_pcm"":true,""return_infobits"":true,""vn_update"":""sum""},""implementation"":{""bit_mapping"":""component_Gray_00_-3_01_-1_10_3_11_1_over_sqrt5;QPSK_0_plus1_1_minus1"",""cuda"":""12.8"",""decoder"":{""cn_schedule"":""flooding"",""cn_update"":""boxplus-phi"",""early_stop"":false,""hard_out"":true,""harq_mode"":false,""llr_max"":20.0,""num_iter"":20,""precision"":""single"",""prune_pcm"":true,""return_infobits"":true,""vn_update"":""sum""},""decoder_source_sha256"":""44d84b92b749e2970f94d92cd348a11648e2286b4d851faa0af8b21d08f0da23"",""encoder_source_sha256"":""34d8db6660b2e84708a8fb534f63c194f6f2b964e3693fcffc9dcaf21532ccfd"",""implementation"":""Sionna_5G_LDPC"",""power_protocol"":""fixed_constellation_average_Es2"",""precision"":""float32"",""rate_matching"":""Sionna RV0; filler removal, first2Z and tail puncturing; supported n only"",""scrambling"":""public_PCG64_SHA256_protocol_session_frame_group_counter_after_rate_matching_v1"",""torch"":""2.11.0+cu128"",""version"":""2.2.0""},""interleaver_sha256"":""0c9310f2bff49066dd77e9ace5a628a3402a2bbcf0db352fef522d5fb71b97b3"",""k"":1216,""k_filler"":16,""k_ldpc"":1232,""layout_id"":""491be049730c56381065d5aeb73a411d390db13d5d1d6344e6525d4ab7cd75c2"",""modulation_padding_bits"":0,""mother_bits"":3808,""n"":1556,""n_cb"":3696,""n_cb_comp"":3680,""power_protocol"":""fixed_constellation_average_Es2"",""puncturing_bits"":2236,""puncturing_first_2Z"":112,""puncturing_remaining"":2124,""repetition_bits"":0,""scrambling"":""public_PCG64_SHA256_protocol_session_frame_group_counter_after_rate_matching_v1"",""shortening_bits"":16,""z"":56}",[2048]
16QAM,5/6,16QAM:r5/6,e5042be5c01661788990dacaebfd7f4b80abb0b53ffce51c95696a22a32b5ca5,4764,16,0,4780,4928,148,15232,5736,1434,0,0.8333333333333334,0.8305439330543933,"{""actual_effective_rate"":0.8333333333333334,""bg"":""bg1"",""bit_mapping"":""component_Gray_00_-3_01_-1_10_3_11_1_over_sqrt5;QPSK_0_plus1_1_minus1"",""code_blocks"":1,""decoder_config"":{""cn_schedule"":""flooding"",""cn_update"":""boxplus-phi"",""early_stop"":false,""hard_out"":true,""harq_mode"":false,""llr_max"":20.0,""num_iter"":20,""precision"":""single"",""prune_pcm"":true,""return_infobits"":true,""vn_update"":""sum""},""implementation"":{""bit_mapping"":""component_Gray_00_-3_01_-1_10_3_11_1_over_sqrt5;QPSK_0_plus1_1_minus1"",""cuda"":""12.8"",""decoder"":{""cn_schedule"":""flooding"",""cn_update"":""boxplus-phi"",""early_stop"":false,""hard_out"":true,""harq_mode"":false,""llr_max"":20.0,""num_iter"":20,""precision"":""single"",""prune_pcm"":true,""return_infobits"":true,""vn_update"":""sum""},""decoder_source_sha256"":""44d84b92b749e2970f94d92cd348a11648e2286b4d851faa0af8b21d08f0da23"",""encoder_source_sha256"":""34d8db6660b2e84708a8fb534f63c194f6f2b964e3693fcffc9dcaf21532ccfd"",""implementation"":""Sionna_5G_LDPC"",""power_protocol"":""fixed_constellation_average_Es2"",""precision"":""float32"",""rate_matching"":""Sionna RV0; filler removal, first2Z and tail puncturing; supported n only"",""scrambling"":""public_PCG64_SHA256_protocol_session_frame_group_counter_after_rate_matching_v1"",""torch"":""2.11.0+cu128"",""version"":""2.2.0""},""interleaver_sha256"":""b504ee55b8f992269038900accdd61479d375c69ccea319442bfd36e20dcfb67"",""k"":4780,""k_filler"":148,""k_ldpc"":4928,""layout_id"":""2e8895638ecc3edb73d9ae7d89639b4ffab02326c825b43a91c085a397ae6097"",""modulation_padding_bits"":0,""mother_bits"":15232,""n"":5736,""n_cb"":14784,""n_cb_comp"":14636,""power_protocol"":""fixed_constellation_average_Es2"",""puncturing_bits"":9348,""puncturing_first_2Z"":448,""puncturing_remaining"":8900,""repetition_bits"":0,""scrambling"":""public_PCG64_SHA256_protocol_session_frame_group_counter_after_rate_matching_v1"",""shortening_bits"":148,""z"":224}",[2048]
QPSK,1/2,QPSK:r1/2,e50d56bf4706d39d8be58f613c030eb758a69f925f6a78b1e1105065f10cf255,1116,16,0,1132,1200,68,6240,3170,1585,0,0.35709779179810724,0.35205047318611987,"{""actual_effective_rate"":0.35709779179810724,""bg"":""bg2"",""bit_mapping"":""component_Gray_00_-3_01_-1_10_3_11_1_over_sqrt5;QPSK_0_plus1_1_minus1"",""code_blocks"":1,""decoder_config"":{""cn_schedule"":""flooding"",""cn_update"":""boxplus-phi"",""early_stop"":false,""hard_out"":true,""harq_mode"":false,""llr_max"":20.0,""num_iter"":20,""precision"":""single"",""prune_pcm"":true,""return_infobits"":true,""vn_update"":""sum""},""implementation"":{""bit_mapping"":""component_Gray_00_-3_01_-1_10_3_11_1_over_sqrt5;QPSK_0_plus1_1_minus1"",""cuda"":""12.8"",""decoder"":{""cn_schedule"":""flooding"",""cn_update"":""boxplus-phi"",""early_stop"":false,""hard_out"":true,""harq_mode"":false,""llr_max"":20.0,""num_iter"":20,""precision"":""single"",""prune_pcm"":true,""return_infobits"":true,""vn_update"":""sum""},""decoder_source_sha256"":""44d84b92b749e2970f94d92cd348a11648e2286b4d851faa0af8b21d08f0da23"",""encoder_source_sha256"":""34d8db6660b2e84708a8fb534f63c194f6f2b964e3693fcffc9dcaf21532ccfd"",""implementation"":""Sionna_5G_LDPC"",""power_protocol"":""fixed_constellation_average_Es2"",""precision"":""float32"",""rate_matching"":""Sionna RV0; filler removal, first2Z and tail puncturing; supported n only"",""scrambling"":""public_PCG64_SHA256_protocol_session_frame_group_counter_after_rate_matching_v1"",""torch"":""2.11.0+cu128"",""version"":""2.2.0""},""interleaver_sha256"":""4a068e76a8ee3a73b4b00e035810feca53ad6490094a1ac8425443fb35404ce2"",""k"":1132,""k_filler"":68,""k_ldpc"":1200,""layout_id"":""33952793aa90d34855222688972713cbd88f43765adc6c4707761502a19cf9af"",""modulation_padding_bits"":0,""mother_bits"":6240,""n"":3170,""n_cb"":6000,""n_cb_comp"":5932,""power_protocol"":""fixed_constellation_average_Es2"",""puncturing_bits"":3002,""puncturing_first_2Z"":240,""puncturing_remaining"":2762,""repetition_bits"":0,""scrambling"":""public_PCG64_SHA256_protocol_session_frame_group_counter_after_rate_matching_v1"",""shortening_bits"":68,""z"":120}",[2048]
QPSK,2/3,QPSK:r2/3,e51049b161e7f729d2b98aaa50d673a414fe069daf81c401e242f7e4436c3b3f,300,16,0,316,400,84,2080,524,262,0,0.6030534351145038,0.5725190839694656,"{""actual_effective_rate"":0.6030534351145038,""bg"":""bg2"",""bit_mapping"":""component_Gray_00_-3_01_-1_10_3_11_1_over_sqrt5;QPSK_0_plus1_1_minus1"",""code_blocks"":1,""decoder_config"":{""cn_schedule"":""flooding"",""cn_update"":""boxplus-phi"",""early_stop"":false,""hard_out"":true,""harq_mode"":false,""llr_max"":20.0,""num_iter"":20,""precision"":""single"",""prune_pcm"":true,""return_infobits"":true,""vn_update"":""sum""},""implementation"":{""bit_mapping"":""component_Gray_00_-3_01_-1_10_3_11_1_over_sqrt5;QPSK_0_plus1_1_minus1"",""cuda"":""12.8"",""decoder"":{""cn_schedule"":""flooding"",""cn_update"":""boxplus-phi"",""early_stop"":false,""hard_out"":true,""harq_mode"":false,""llr_max"":20.0,""num_iter"":20,""precision"":""single"",""prune_pcm"":true,""return_infobits"":true,""vn_update"":""sum""},""decoder_source_sha256"":""44d84b92b749e2970f94d92cd348a11648e2286b4d851faa0af8b21d08f0da23"",""encoder_source_sha256"":""34d8db6660b2e84708a8fb534f63c194f6f2b964e3693fcffc9dcaf21532ccfd"",""implementation"":""Sionna_5G_LDPC"",""power_protocol"":""fixed_constellation_average_Es2"",""precision"":""float32"",""rate_matching"":""Sionna RV0; filler removal, first2Z and tail puncturing; supported n only"",""scrambling"":""public_PCG64_SHA256_protocol_session_frame_group_counter_after_rate_matching_v1"",""torch"":""2.11.0+cu128"",""version"":""2.2.0""},""interleaver_sha256"":""fee25fccf79234aaf7a8aec7427d2e77808000860be37d9280047a4f8e0923f1"",""k"":316,""k_filler"":84,""k_ldpc"":400,""layout_id"":""b1ead42971ff722d3aeeb10bd8bfc92d3bce12130e47a1906f5fb3b00e524237"",""modulation_padding_bits"":0,""mother_bits"":2080,""n"":524,""n_cb"":2000,""n_cb_comp"":1916,""power_protocol"":""fixed_constellation_average_Es2"",""puncturing_bits"":1472,""puncturing_first_2Z"":80,""puncturing_remaining"":1392,""repetition_bits"":0,""scrambling"":""public_PCG64_SHA256_protocol_session_frame_group_counter_after_rate_matching_v1"",""shortening_bits"":84,""z"":40}",[1024]
16QAM,5/6,16QAM:r5/6,e518d6dde04a798a529e24ca03ed3272143c460a4e66839adc96d66061c63dac,1860,16,0,1876,1920,44,9984,3220,805,0,0.5826086956521739,0.577639751552795,"{""actual_effective_rate"":0.5826086956521739,""bg"":""bg2"",""bit_mapping"":""component_Gray_00_-3_01_-1_10_3_11_1_over_sqrt5;QPSK_0_plus1_1_minus1"",""code_blocks"":1,""decoder_config"":{""cn_schedule"":""flooding"",""cn_update"":""boxplus-phi"",""early_stop"":false,""hard_out"":true,""harq_mode"":false,""llr_max"":20.0,""num_iter"":20,""precision"":""single"",""prune_pcm"":true,""return_infobits"":true,""vn_update"":""sum""},""implementation"":{""bit_mapping"":""component_Gray_00_-3_01_-1_10_3_11_1_over_sqrt5;QPSK_0_plus1_1_minus1"",""cuda"":""12.8"",""decoder"":{""cn_schedule"":""flooding"",""cn_update"":""boxplus-phi"",""early_stop"":false,""hard_out"":true,""harq_mode"":false,""llr_max"":20.0,""num_iter"":20,""precision"":""single"",""prune_pcm"":true,""return_infobits"":true,""vn_update"":""sum""},""decoder_source_sha256"":""44d84b92b749e2970f94d92cd348a11648e2286b4d851faa0af8b21d08f0da23"",""encoder_source_sha256"":""34d8db6660b2e84708a8fb534f63c194f6f2b964e3693fcffc9dcaf21532ccfd"",""implementation"":""Sionna_5G_LDPC"",""power_protocol"":""fixed_constellation_average_Es2"",""precision"":""float32"",""rate_matching"":""Sionna RV0; filler removal, first2Z and tail puncturing; supported n only"",""scrambling"":""public_PCG64_SHA256_protocol_session_frame_group_counter_after_rate_matching_v1"",""torch"":""2.11.0+cu128"",""version"":""2.2.0""},""interleaver_sha256"":""dc1ae30f45b0c4cebd4803cc0d7f0595f2738b870cd5a7994514f0a79fa1be5c"",""k"":1876,""k_filler"":44,""k_ldpc"":1920,""layout_id"":""9f4d08fee85e136c52704d7e1d07eebc6df9975c2b4b4b76008bfd04f484037c"",""modulation_padding_bits"":0,""mother_bits"":9984,""n"":3220,""n_cb"":9600,""n_cb_comp"":9556,""power_protocol"":""fixed_constellation_average_Es2"",""puncturing_bits"":6720,""puncturing_first_2Z"":384,""puncturing_remaining"":6336,""repetition_bits"":0,""scrambling"":""public_PCG64_SHA256_protocol_session_frame_group_counter_after_rate_matching_v1"",""shortening_bits"":44,""z"":192}",[1024]
QPSK,1/2,QPSK:r1/2,e5250792e3d42ad0697e19bb60ed4a72b59486a88d505f726c041c7b8d48de10,1092,16,0,1108,1120,12,5824,3520,1760,0,0.31477272727272726,0.31022727272727274,"{""actual_effective_rate"":0.31477272727272726,""bg"":""bg2"",""bit_mapping"":""component_Gray_00_-3_01_-1_10_3_11_1_over_sqrt5;QPSK_0_plus1_1_minus1"",""code_blocks"":1,""decoder_config"":{""cn_schedule"":""flooding"",""cn_update"":""boxplus-phi"",""early_stop"":false,""hard_out"":true,""harq_mode"":false,""llr_max"":20.0,""num_iter"":20,""precision"":""single"",""prune_pcm"":true,""return_infobits"":true,""vn_update"":""sum""},""implementation"":{""bit_mapping"":""component_Gray_00_-3_01_-1_10_3_11_1_over_sqrt5;QPSK_0_plus1_1_minus1"",""cuda"":""12.8"",""decoder"":{""cn_schedule"":""flooding"",""cn_update"":""boxplus-phi"",""early_stop"":false,""hard_out"":true,""harq_mode"":false,""llr_max"":20.0,""num_iter"":20,""precision"":""single"",""prune_pcm"":true,""return_infobits"":true,""vn_update"":""sum""},""decoder_source_sha256"":""44d84b92b749e2970f94d92cd348a11648e2286b4d851faa0af8b21d08f0da23"",""encoder_source_sha256"":""34d8db6660b2e84708a8fb534f63c194f6f2b964e3693fcffc9dcaf21532ccfd"",""implementation"":""Sionna_5G_LDPC"",""power_protocol"":""fixed_constellation_average_Es2"",""precision"":""float32"",""rate_matching"":""Sionna RV0; filler removal, first2Z and tail puncturing; supported n only"",""scrambling"":""public_PCG64_SHA256_protocol_session_frame_group_counter_after_rate_matching_v1"",""torch"":""2.11.0+cu128"",""version"":""2.2.0""},""interleaver_sha256"":""292da9791ab3e8d2db185c028bc5375fee1f301485206dd1ff7af4e78e7d5f5f"",""k"":1108,""k_filler"":12,""k_ldpc"":1120,""layout_id"":""c7c59d9760adc1a12095fedad47be7f06cfd2a740a21b3d7118e3a09c6721e09"",""modulation_padding_bits"":0,""mother_bits"":5824,""n"":3520,""n_cb"":5600,""n_cb_comp"":5588,""power_protocol"":""fixed_constellation_average_Es2"",""puncturing_bits"":2292,""puncturing_first_2Z"":224,""puncturing_remaining"":2068,""repetition_bits"":0,""scrambling"":""public_PCG64_SHA256_protocol_session_frame_group_counter_after_rate_matching_v1"",""shortening_bits"":12,""z"":112}",[2048]
16QAM,1/3,16QAM:r1/3,e52ed2418f4f06cebe25f60c7398f36e95e322d2a58b6b013eb7f8471f030050,660,16,0,676,720,44,3744,2616,654,0,0.25840978593272174,0.25229357798165136,"{""actual_effective_rate"":0.25840978593272174,""bg"":""bg2"",""bit_mapping"":""component_Gray_00_-3_01_-1_10_3_11_1_over_sqrt5;QPSK_0_plus1_1_minus1"",""code_blocks"":1,""decoder_config"":{""cn_schedule"":""flooding"",""cn_update"":""boxplus-phi"",""early_stop"":false,""hard_out"":true,""harq_mode"":false,""llr_max"":20.0,""num_iter"":20,""precision"":""single"",""prune_pcm"":true,""return_infobits"":true,""vn_update"":""sum""},""implementation"":{""bit_mapping"":""component_Gray_00_-3_01_-1_10_3_11_1_over_sqrt5;QPSK_0_plus1_1_minus1"",""cuda"":""12.8"",""decoder"":{""cn_schedule"":""flooding"",""cn_update"":""boxplus-phi"",""early_stop"":false,""hard_out"":true,""harq_mode"":false,""llr_max"":20.0,""num_iter"":20,""precision"":""single"",""prune_pcm"":true,""return_infobits"":true,""vn_update"":""sum""},""decoder_source_sha256"":""44d84b92b749e2970f94d92cd348a11648e2286b4d851faa0af8b21d08f0da23"",""encoder_source_sha256"":""34d8db6660b2e84708a8fb534f63c194f6f2b964e3693fcffc9dcaf21532ccfd"",""implementation"":""Sionna_5G_LDPC"",""power_protocol"":""fixed_constellation_average_Es2"",""precision"":""float32"",""rate_matching"":""Sionna RV0; filler removal, first2Z and tail puncturing; supported n only"",""scrambling"":""public_PCG64_SHA256_protocol_session_frame_group_counter_after_rate_matching_v1"",""torch"":""2.11.0+cu128"",""version"":""2.2.0""},""interleaver_sha256"":""2704854d36e67005225fc016a7aa9d055996b4a3f34d55746bd74a4f51008edc"",""k"":676,""k_filler"":44,""k_ldpc"":720,""layout_id"":""4b366e844ff47f7d62346a5d4439ab134f786214112e26630aa4c98283704433"",""modulation_padding_bits"":0,""mother_bits"":3744,""n"":2616,""n_cb"":3600,""n_cb_comp"":3556,""power_protocol"":""fixed_constellation_average_Es2"",""puncturing_bits"":1084,""puncturing_first_2Z"":144,""puncturing_remaining"":940,""repetition_bits"":0,""scrambling"":""public_PCG64_SHA256_protocol_session_frame_group_counter_after_rate_matching_v1"",""shortening_bits"":44,""z"":72}",[2048]
QPSK,3/4,QPSK:r3/4,e5343d9735bfe18f36480ce17a36a73e0f7b1be22d5f91e49522809da6bc2d14,216,16,0,232,300,68,1560,446,223,0,0.5201793721973094,0.484304932735426,"{""actual_effective_rate"":0.5201793721973094,""bg"":""bg2"",""bit_mapping"":""component_Gray_00_-3_01_-1_10_3_11_1_over_sqrt5;QPSK_0_plus1_1_minus1"",""code_blocks"":1,""decoder_config"":{""cn_schedule"":""flooding"",""cn_update"":""boxplus-phi"",""early_stop"":false,""hard_out"":true,""harq_mode"":false,""llr_max"":20.0,""num_iter"":20,""precision"":""single"",""prune_pcm"":true,""return_infobits"":true,""vn_update"":""sum""},""implementation"":{""bit_mapping"":""component_Gray_00_-3_01_-1_10_3_11_1_over_sqrt5;QPSK_0_plus1_1_minus1"",""cuda"":""12.8"",""decoder"":{""cn_schedule"":""flooding"",""cn_update"":""boxplus-phi"",""early_stop"":false,""hard_out"":true,""harq_mode"":false,""llr_max"":20.0,""num_iter"":20,""precision"":""single"",""prune_pcm"":true,""return_infobits"":true,""vn_update"":""sum""},""decoder_source_sha256"":""44d84b92b749e2970f94d92cd348a11648e2286b4d851faa0af8b21d08f0da23"",""encoder_source_sha256"":""34d8db6660b2e84708a8fb534f63c194f6f2b964e3693fcffc9dcaf21532ccfd"",""implementation"":""Sionna_5G_LDPC"",""power_protocol"":""fixed_constellation_average_Es2"",""precision"":""float32"",""rate_matching"":""Sionna RV0; filler removal, first2Z and tail puncturing; supported n only"",""scrambling"":""public_PCG64_SHA256_protocol_session_frame_group_counter_after_rate_matching_v1"",""torch"":""2.11.0+cu128"",""version"":""2.2.0""},""interleaver_sha256"":""db1d2a309ddf2414e7766f920dfa72aeaece75581c9ceda2318b4ee5e91aba2d"",""k"":232,""k_filler"":68,""k_ldpc"":300,""layout_id"":""6a2620f48e0b559d8d7a47435373c22d36246824ef5c5db8f7c8048620c16502"",""modulation_padding_bits"":0,""mother_bits"":1560,""n"":446,""n_cb"":1500,""n_cb_comp"":1432,""power_protocol"":""fixed_constellation_average_Es2"",""puncturing_bits"":1046,""puncturing_first_2Z"":60,""puncturing_remaining"":986,""repetition_bits"":0,""scrambling"":""public_PCG64_SHA256_protocol_session_frame_group_counter_after_rate_matching_v1"",""shortening_bits"":68,""z"":30}",[1024]
16QAM,1/3,16QAM:r1/3,e535b88e74433390b1e7d41a18947dd3811cc1d2b3fe2ad7be2bc178bf1d0e83,360,16,0,376,480,104,2496,1388,347,0,0.27089337175792505,0.25936599423631124,"{""actual_effective_rate"":0.27089337175792505,""bg"":""bg2"",""bit_mapping"":""component_Gray_00_-3_01_-1_10_3_11_1_over_sqrt5;QPSK_0_plus1_1_minus1"",""code_blocks"":1,""decoder_config"":{""cn_schedule"":""flooding"",""cn_update"":""boxplus-phi"",""early_stop"":false,""hard_out"":true,""harq_mode"":false,""llr_max"":20.0,""num_iter"":20,""precision"":""single"",""prune_pcm"":true,""return_infobits"":true,""vn_update"":""sum""},""implementation"":{""bit_mapping"":""component_Gray_00_-3_01_-1_10_3_11_1_over_sqrt5;QPSK_0_plus1_1_minus1"",""cuda"":""12.8"",""decoder"":{""cn_schedule"":""flooding"",""cn_update"":""boxplus-phi"",""early_stop"":false,""hard_out"":true,""harq_mode"":false,""llr_max"":20.0,""num_iter"":20,""precision"":""single"",""prune_pcm"":true,""return_infobits"":true,""vn_update"":""sum""},""decoder_source_sha256"":""44d84b92b749e2970f94d92cd348a11648e2286b4d851faa0af8b21d08f0da23"",""encoder_source_sha256"":""34d8db6660b2e84708a8fb534f63c194f6f2b964e3693fcffc9dcaf21532ccfd"",""implementation"":""Sionna_5G_LDPC"",""power_protocol"":""fixed_constellation_average_Es2"",""precision"":""float32"",""rate_matching"":""Sionna RV0; filler removal, first2Z and tail puncturing; supported n only"",""scrambling"":""public_PCG64_SHA256_protocol_session_frame_group_counter_after_rate_matching_v1"",""torch"":""2.11.0+cu128"",""version"":""2.2.0""},""interleaver_sha256"":""2f5b3a311ef8fd56422f0177637ecde6252559d7fc12ac0ff71274dc6035e1c5"",""k"":376,""k_filler"":104,""k_ldpc"":480,""layout_id"":""1f89b93f031b7c04a6f762fc9a480603ed48586e5771d80a3843c7258422f147"",""modulation_padding_bits"":0,""mother_bits"":2496,""n"":1388,""n_cb"":2400,""n_cb_comp"":2296,""power_protocol"":""fixed_constellation_average_Es2"",""puncturing_bits"":1004,""puncturing_first_2Z"":96,""puncturing_remaining"":908,""repetition_bits"":0,""scrambling"":""public_PCG64_SHA256_protocol_session_frame_group_counter_after_rate_matching_v1"",""shortening_bits"":104,""z"":48}",[1024]
QPSK,3/4,QPSK:r3/4,e53a860ee822d39d8ae78b0a161e36927effe34aec25891de0121ad5d504f6c4,300,16,0,316,400,84,2080,922,461,0,0.34273318872017355,0.32537960954446854,"{""actual_effective_rate"":0.34273318872017355,""bg"":""bg2"",""bit_mapping"":""component_Gray_00_-3_01_-1_10_3_11_1_over_sqrt5;QPSK_0_plus1_1_minus1"",""code_blocks"":1,""decoder_config"":{""cn_schedule"":""flooding"",""cn_update"":""boxplus-phi"",""early_stop"":false,""hard_out"":true,""harq_mode"":false,""llr_max"":20.0,""num_iter"":20,""precision"":""single"",""prune_pcm"":true,""return_infobits"":true,""vn_update"":""sum""},""implementation"":{""bit_mapping"":""component_Gray_00_-3_01_-1_10_3_11_1_over_sqrt5;QPSK_0_plus1_1_minus1"",""cuda"":""12.8"",""decoder"":{""cn_schedule"":""flooding"",""cn_update"":""boxplus-phi"",""early_stop"":false,""hard_out"":true,""harq_mode"":false,""llr_max"":20.0,""num_iter"":20,""precision"":""single"",""prune_pcm"":true,""return_infobits"":true,""vn_update"":""sum""},""decoder_source_sha256"":""44d84b92b749e2970f94d92cd348a11648e2286b4d851faa0af8b21d08f0da23"",""encoder_source_sha256"":""34d8db6660b2e84708a8fb534f63c194f6f2b964e3693fcffc9dcaf21532ccfd"",""implementation"":""Sionna_5G_LDPC"",""power_protocol"":""fixed_constellation_average_Es2"",""precision"":""float32"",""rate_matching"":""Sionna RV0; filler removal, first2Z and tail puncturing; supported n only"",""scrambling"":""public_PCG64_SHA256_protocol_session_frame_group_counter_after_rate_matching_v1"",""torch"":""2.11.0+cu128"",""version"":""2.2.0""},""interleaver_sha256"":""6a43ea0cbd6151b0b255badf1774c97c79f02ac5764227446ea84c0611c2e3db"",""k"":316,""k_filler"":84,""k_ldpc"":400,""layout_id"":""b889f0563b942093bed6f63335b232d8752952486048fcd89c078ac1a5d2377a"",""modulation_padding_bits"":0,""mother_bits"":2080,""n"":922,""n_cb"":2000,""n_cb_comp"":1916,""power_protocol"":""fixed_constellation_average_Es2"",""puncturing_bits"":1074,""puncturing_first_2Z"":80,""puncturing_remaining"":994,""repetition_bits"":0,""scrambling"":""public_PCG64_SHA256_protocol_session_frame_group_counter_after_rate_matching_v1"",""shortening_bits"":84,""z"":40}","[1024,2048]"
QPSK,3/4,QPSK:r3/4,e55c364912f9b38a01df466aec9e66fbef01cd9f47b11d651b7230dbce52ecf8,600,16,0,616,720,104,3744,1058,529,0,0.5822306238185255,0.5671077504725898,"{""actual_effective_rate"":0.5822306238185255,""bg"":""bg2"",""bit_mapping"":""component_Gray_00_-3_01_-1_10_3_11_1_over_sqrt5;QPSK_0_plus1_1_minus1"",""code_blocks"":1,""decoder_config"":{""cn_schedule"":""flooding"",""cn_update"":""boxplus-phi"",""early_stop"":false,""hard_out"":true,""harq_mode"":false,""llr_max"":20.0,""num_iter"":20,""precision"":""single"",""prune_pcm"":true,""return_infobits"":true,""vn_update"":""sum""},""implementation"":{""bit_mapping"":""component_Gray_00_-3_01_-1_10_3_11_1_over_sqrt5;QPSK_0_plus1_1_minus1"",""cuda"":""12.8"",""decoder"":{""cn_schedule"":""flooding"",""cn_update"":""boxplus-phi"",""early_stop"":false,""hard_out"":true,""harq_mode"":false,""llr_max"":20.0,""num_iter"":20,""precision"":""single"",""prune_pcm"":true,""return_infobits"":true,""vn_update"":""sum""},""decoder_source_sha256"":""44d84b92b749e2970f94d92cd348a11648e2286b4d851faa0af8b21d08f0da23"",""encoder_source_sha256"":""34d8db6660b2e84708a8fb534f63c194f6f2b964e3693fcffc9dcaf21532ccfd"",""implementation"":""Sionna_5G_LDPC"",""power_protocol"":""fixed_constellation_average_Es2"",""precision"":""float32"",""rate_matching"":""Sionna RV0; filler removal, first2Z and tail puncturing; supported n only"",""scrambling"":""public_PCG64_SHA256_protocol_session_frame_group_counter_after_rate_matching_v1"",""torch"":""2.11.0+cu128"",""version"":""2.2.0""},""interleaver_sha256"":""aa23383fa636bb138ee02532ba81d88d1561f11b5852158d391490c3f041ac17"",""k"":616,""k_filler"":104,""k_ldpc"":720,""layout_id"":""e34733dc4e65cdf414be99ac3dbbd5484475d396db85a8ed698054422de7db68"",""modulation_padding_bits"":0,""mother_bits"":3744,""n"":1058,""n_cb"":3600,""n_cb_comp"":3496,""power_protocol"":""fixed_constellation_average_Es2"",""puncturing_bits"":2582,""puncturing_first_2Z"":144,""puncturing_remaining"":2438,""repetition_bits"":0,""scrambling"":""public_PCG64_SHA256_protocol_session_frame_group_counter_after_rate_matching_v1"",""shortening_bits"":104,""z"":72}",[2048]
16QAM,1/2,16QAM:r1/2,e57ffad14bbe9ba9222797757df6baecfad2bac3733f6647fb9cf37f0a3d8db6,3192,16,0,3208,3520,312,18304,6416,1604,0,0.5,0.4975062344139651,"{""actual_effective_rate"":0.5,""bg"":""bg2"",""bit_mapping"":""component_Gray_00_-3_01_-1_10_3_11_1_over_sqrt5;QPSK_0_plus1_1_minus1"",""code_blocks"":1,""decoder_config"":{""cn_schedule"":""flooding"",""cn_update"":""boxplus-phi"",""early_stop"":false,""hard_out"":true,""harq_mode"":false,""llr_max"":20.0,""num_iter"":20,""precision"":""single"",""prune_pcm"":true,""return_infobits"":true,""vn_update"":""sum""},""implementation"":{""bit_mapping"":""component_Gray_00_-3_01_-1_10_3_11_1_over_sqrt5;QPSK_0_plus1_1_minus1"",""cuda"":""12.8"",""decoder"":{""cn_schedule"":""flooding"",""cn_update"":""boxplus-phi"",""early_stop"":false,""hard_out"":true,""harq_mode"":false,""llr_max"":20.0,""num_iter"":20,""precision"":""single"",""prune_pcm"":true,""return_infobits"":true,""vn_update"":""sum""},""decoder_source_sha256"":""44d84b92b749e2970f94d92cd348a11648e2286b4d851faa0af8b21d08f0da23"",""encoder_source_sha256"":""34d8db6660b2e84708a8fb534f63c194f6f2b964e3693fcffc9dcaf21532ccfd"",""implementation"":""Sionna_5G_LDPC"",""power_protocol"":""fixed_constellation_average_Es2"",""precision"":""float32"",""rate_matching"":""Sionna RV0; filler removal, first2Z and tail puncturing; supported n only"",""scrambling"":""public_PCG64_SHA256_protocol_session_frame_group_counter_after_rate_matching_v1"",""torch"":""2.11.0+cu128"",""version"":""2.2.0""},""interleaver_sha256"":""958950cd0d9926c64ccd295e854446825907df8a06aadfbd394d770134a44f20"",""k"":3208,""k_filler"":312,""k_ldpc"":3520,""layout_id"":""e4c39921a294442161e3300ffbd2536f5473520e94da69eb84eb0ba81a79d3ce"",""modulation_padding_bits"":0,""mother_bits"":18304,""n"":6416,""n_cb"":17600,""n_cb_comp"":17288,""power_protocol"":""fixed_constellation_average_Es2"",""puncturing_bits"":11576,""puncturing_first_2Z"":704,""puncturing_remaining"":10872,""repetition_bits"":0,""scrambling"":""public_PCG64_SHA256_protocol_session_frame_group_counter_after_rate_matching_v1"",""shortening_bits"":312,""z"":352}",[2048]
16QAM,1/2,16QAM:r1/2,e5ab017e69f9ec43b530a2567ff675f65c67370419ddf3ad024f782ad5a36780,1092,16,0,1108,1120,12,5824,2216,554,0,0.5,0.4927797833935018,"{""actual_effective_rate"":0.5,""bg"":""bg2"",""bit_mapping"":""component_Gray_00_-3_01_-1_10_3_11_1_over_sqrt5;QPSK_0_plus1_1_minus1"",""code_blocks"":1,""decoder_config"":{""cn_schedule"":""flooding"",""cn_update"":""boxplus-phi"",""early_stop"":false,""hard_out"":true,""harq_mode"":false,""llr_max"":20.0,""num_iter"":20,""precision"":""single"",""prune_pcm"":true,""return_infobits"":true,""vn_update"":""sum""},""implementation"":{""bit_mapping"":""component_Gray_00_-3_01_-1_10_3_11_1_over_sqrt5;QPSK_0_plus1_1_minus1"",""cuda"":""12.8"",""decoder"":{""cn_schedule"":""flooding"",""cn_update"":""boxplus-phi"",""early_stop"":false,""hard_out"":true,""harq_mode"":false,""llr_max"":20.0,""num_iter"":20,""precision"":""single"",""prune_pcm"":true,""return_infobits"":true,""vn_update"":""sum""},""decoder_source_sha256"":""44d84b92b749e2970f94d92cd348a11648e2286b4d851faa0af8b21d08f0da23"",""encoder_source_sha256"":""34d8db6660b2e84708a8fb534f63c194f6f2b964e3693fcffc9dcaf21532ccfd"",""implementation"":""Sionna_5G_LDPC"",""power_protocol"":""fixed_constellation_average_Es2"",""precision"":""float32"",""rate_matching"":""Sionna RV0; filler removal, first2Z and tail puncturing; supported n only"",""scrambling"":""public_PCG64_SHA256_protocol_session_frame_group_counter_after_rate_matching_v1"",""torch"":""2.11.0+cu128"",""version"":""2.2.0""},""interleaver_sha256"":""f0070b9e08726762967c062f3c2906108b11dfe89378436384e8b75330983836"",""k"":1108,""k_filler"":12,""k_ldpc"":1120,""layout_id"":""f96d78f42476b6eeae99c99329f3d29e1883ca5fa911f79ec5e24cd2b3191f7d"",""modulation_padding_bits"":0,""mother_bits"":5824,""n"":2216,""n_cb"":5600,""n_cb_comp"":5588,""power_protocol"":""fixed_constellation_average_Es2"",""puncturing_bits"":3596,""puncturing_first_2Z"":224,""puncturing_remaining"":3372,""repetition_bits"":0,""scrambling"":""public_PCG64_SHA256_protocol_session_frame_group_counter_after_rate_matching_v1"",""shortening_bits"":12,""z"":112}","[1024,2048]"
16QAM,5/6,16QAM:r5/6,e5b55391e2c3feff58f3279f1882a866a6838795e32401dd3863b658d6030cbb,1968,16,0,1984,2112,128,6528,2384,596,0,0.8322147651006712,0.825503355704698,"{""actual_effective_rate"":0.8322147651006712,""bg"":""bg1"",""bit_mapping"":""component_Gray_00_-3_01_-1_10_3_11_1_over_sqrt5;QPSK_0_plus1_1_minus1"",""code_blocks"":1,""decoder_config"":{""cn_schedule"":""flooding"",""cn_update"":""boxplus-phi"",""early_stop"":false,""hard_out"":true,""harq_mode"":false,""llr_max"":20.0,""num_iter"":20,""precision"":""single"",""prune_pcm"":true,""return_infobits"":true,""vn_update"":""sum""},""implementation"":{""bit_mapping"":""component_Gray_00_-3_01_-1_10_3_11_1_over_sqrt5;QPSK_0_plus1_1_minus1"",""cuda"":""12.8"",""decoder"":{""cn_schedule"":""flooding"",""cn_update"":""boxplus-phi"",""early_stop"":false,""hard_out"":true,""harq_mode"":false,""llr_max"":20.0,""num_iter"":20,""precision"":""single"",""prune_pcm"":true,""return_infobits"":true,""vn_update"":""sum""},""decoder_source_sha256"":""44d84b92b749e2970f94d92cd348a11648e2286b4d851faa0af8b21d08f0da23"",""encoder_source_sha256"":""34d8db6660b2e84708a8fb534f63c194f6f2b964e3693fcffc9dcaf21532ccfd"",""implementation"":""Sionna_5G_LDPC"",""power_protocol"":""fixed_constellation_average_Es2"",""precision"":""float32"",""rate_matching"":""Sionna RV0; filler removal, first2Z and tail puncturing; supported n only"",""scrambling"":""public_PCG64_SHA256_protocol_session_frame_group_counter_after_rate_matching_v1"",""torch"":""2.11.0+cu128"",""version"":""2.2.0""},""interleaver_sha256"":""07bfd0bcb5445cb231195cc6fe0a6ffcadd6167c7a1eb389cfe1aab67bd7e8a0"",""k"":1984,""k_filler"":128,""k_ldpc"":2112,""layout_id"":""400bf5a25f1bcc90429e4a9f58c65510a3b7a9f11c63f530aa3ac2e7045f0b9a"",""modulation_padding_bits"":0,""mother_bits"":6528,""n"":2384,""n_cb"":6336,""n_cb_comp"":6208,""power_protocol"":""fixed_constellation_average_Es2"",""puncturing_bits"":4016,""puncturing_first_2Z"":192,""puncturing_remaining"":3824,""repetition_bits"":0,""scrambling"":""public_PCG64_SHA256_protocol_session_frame_group_counter_after_rate_matching_v1"",""shortening_bits"":128,""z"":96}","[1024,2048]"
16QAM,5/6,16QAM:r5/6,e5beb028df9c4442abec9ce465dbcb1f1b5191a475784c9f2ca48fc21448102a,1092,16,0,1108,1120,12,5824,4968,1242,0,0.22302737520128824,0.21980676328502416,"{""actual_effective_rate"":0.22302737520128824,""bg"":""bg2"",""bit_mapping"":""component_Gray_00_-3_01_-1_10_3_11_1_over_sqrt5;QPSK_0_plus1_1_minus1"",""code_blocks"":1,""decoder_config"":{""cn_schedule"":""flooding"",""cn_update"":""boxplus-phi"",""early_stop"":false,""hard_out"":true,""harq_mode"":false,""llr_max"":20.0,""num_iter"":20,""precision"":""single"",""prune_pcm"":true,""return_infobits"":true,""vn_update"":""sum""},""implementation"":{""bit_mapping"":""component_Gray_00_-3_01_-1_10_3_11_1_over_sqrt5;QPSK_0_plus1_1_minus1"",""cuda"":""12.8"",""decoder"":{""cn_schedule"":""flooding"",""cn_update"":""boxplus-phi"",""early_stop"":false,""hard_out"":true,""harq_mode"":false,""llr_max"":20.0,""num_iter"":20,""precision"":""single"",""prune_pcm"":true,""return_infobits"":true,""vn_update"":""sum""},""decoder_source_sha256"":""44d84b92b749e2970f94d92cd348a11648e2286b4d851faa0af8b21d08f0da23"",""encoder_source_sha256"":""34d8db6660b2e84708a8fb534f63c194f6f2b964e3693fcffc9dcaf21532ccfd"",""implementation"":""Sionna_5G_LDPC"",""power_protocol"":""fixed_constellation_average_Es2"",""precision"":""float32"",""rate_matching"":""Sionna RV0; filler removal, first2Z and tail puncturing; supported n only"",""scrambling"":""public_PCG64_SHA256_protocol_session_frame_group_counter_after_rate_matching_v1"",""torch"":""2.11.0+cu128"",""version"":""2.2.0""},""interleaver_sha256"":""2fadd1b04654c949f9fa908ea01dca600301f05979336f18ae4993f359a4d256"",""k"":1108,""k_filler"":12,""k_ldpc"":1120,""layout_id"":""48f159cad2ccd8be2c51e3fee95c0f150741ebfe2139d8b32dcbcedd723e7a42"",""modulation_padding_bits"":0,""mother_bits"":5824,""n"":4968,""n_cb"":5600,""n_cb_comp"":5588,""power_protocol"":""fixed_constellation_average_Es2"",""puncturing_bits"":844,""puncturing_first_2Z"":224,""puncturing_remaining"":620,""repetition_bits"":0,""scrambling"":""public_PCG64_SHA256_protocol_session_frame_group_counter_after_rate_matching_v1"",""shortening_bits"":12,""z"":112}",[2048]
QPSK,1/3,QPSK:r1/3,e5cba2df9cf7ffc4323d699cf13a9f48a6b15080409eeab051251c34f24e3db2,744,16,0,760,800,40,4160,2280,1140,0,0.3333333333333333,0.3263157894736842,"{""actual_effective_rate"":0.3333333333333333,""bg"":""bg2"",""bit_mapping"":""component_Gray_00_-3_01_-1_10_3_11_1_over_sqrt5;QPSK_0_plus1_1_minus1"",""code_blocks"":1,""decoder_config"":{""cn_schedule"":""flooding"",""cn_update"":""boxplus-phi"",""early_stop"":false,""hard_out"":true,""harq_mode"":false,""llr_max"":20.0,""num_iter"":20,""precision"":""single"",""prune_pcm"":true,""return_infobits"":true,""vn_update"":""sum""},""implementation"":{""bit_mapping"":""component_Gray_00_-3_01_-1_10_3_11_1_over_sqrt5;QPSK_0_plus1_1_minus1"",""cuda"":""12.8"",""decoder"":{""cn_schedule"":""flooding"",""cn_update"":""boxplus-phi"",""early_stop"":false,""hard_out"":true,""harq_mode"":false,""llr_max"":20.0,""num_iter"":20,""precision"":""single"",""prune_pcm"":true,""return_infobits"":true,""vn_update"":""sum""},""decoder_source_sha256"":""44d84b92b749e2970f94d92cd348a11648e2286b4d851faa0af8b21d08f0da23"",""encoder_source_sha256"":""34d8db6660b2e84708a8fb534f63c194f6f2b964e3693fcffc9dcaf21532ccfd"",""implementation"":""Sionna_5G_LDPC"",""power_protocol"":""fixed_constellation_average_Es2"",""precision"":""float32"",""rate_matching"":""Sionna RV0; filler removal, first2Z and tail puncturing; supported n only"",""scrambling"":""public_PCG64_SHA256_protocol_session_frame_group_counter_after_rate_matching_v1"",""torch"":""2.11.0+cu128"",""version"":""2.2.0""},""interleaver_sha256"":""d145ce731f847d243490205e6dd70f95184ef3c3cdfc98088ac64adda14eebda"",""k"":760,""k_filler"":40,""k_ldpc"":800,""layout_id"":""cc11cd8e3f4dcaef8ed6e0dff7fac41bb7b95e1424547d65228edf2ae139b1d6"",""modulation_padding_bits"":0,""mother_bits"":4160,""n"":2280,""n_cb"":4000,""n_cb_comp"":3960,""power_protocol"":""fixed_constellation_average_Es2"",""puncturing_bits"":1840,""puncturing_first_2Z"":160,""puncturing_remaining"":1680,""repetition_bits"":0,""scrambling"":""public_PCG64_SHA256_protocol_session_frame_group_counter_after_rate_matching_v1"",""shortening_bits"":40,""z"":80}",[2048]
QPSK,3/4,QPSK:r3/4,e5de571cea63d4f7f271df6c461beddad180475b9cecdc8058ed170af129ca59,624,16,0,640,660,20,2040,874,437,0,0.7322654462242563,0.7139588100686499,"{""actual_effective_rate"":0.7322654462242563,""bg"":""bg1"",""bit_mapping"":""component_Gray_00_-3_01_-1_10_3_11_1_over_sqrt5;QPSK_0_plus1_1_minus1"",""code_blocks"":1,""decoder_config"":{""cn_schedule"":""flooding"",""cn_update"":""boxplus-phi"",""early_stop"":false,""hard_out"":true,""harq_mode"":false,""llr_max"":20.0,""num_iter"":20,""precision"":""single"",""prune_pcm"":true,""return_infobits"":true,""vn_update"":""sum""},""implementation"":{""bit_mapping"":""component_Gray_00_-3_01_-1_10_3_11_1_over_sqrt5;QPSK_0_plus1_1_minus1"",""cuda"":""12.8"",""decoder"":{""cn_schedule"":""flooding"",""cn_update"":""boxplus-phi"",""early_stop"":false,""hard_out"":true,""harq_mode"":false,""llr_max"":20.0,""num_iter"":20,""precision"":""single"",""prune_pcm"":true,""return_infobits"":true,""vn_update"":""sum""},""decoder_source_sha256"":""44d84b92b749e2970f94d92cd348a11648e2286b4d851faa0af8b21d08f0da23"",""encoder_source_sha256"":""34d8db6660b2e84708a8fb534f63c194f6f2b964e3693fcffc9dcaf21532ccfd"",""implementation"":""Sionna_5G_LDPC"",""power_protocol"":""fixed_constellation_average_Es2"",""precision"":""float32"",""rate_matching"":""Sionna RV0; filler removal, first2Z and tail puncturing; supported n only"",""scrambling"":""public_PCG64_SHA256_protocol_session_frame_group_counter_after_rate_matching_v1"",""torch"":""2.11.0+cu128"",""version"":""2.2.0""},""interleaver_sha256"":""77519b05b51aab9527704cd277637da821e3310afd2492d98b33a912c33b14fb"",""k"":640,""k_filler"":20,""k_ldpc"":660,""layout_id"":""4e537c8479c362047c1f58f716aa668e265ade5a287faf5fd42e371fa64d98ae"",""modulation_padding_bits"":0,""mother_bits"":2040,""n"":874,""n_cb"":1980,""n_cb_comp"":1960,""power_protocol"":""fixed_constellation_average_Es2"",""puncturing_bits"":1146,""puncturing_first_2Z"":60,""puncturing_remaining"":1086,""repetition_bits"":0,""scrambling"":""public_PCG64_SHA256_protocol_session_frame_group_counter_after_rate_matching_v1"",""shortening_bits"":20,""z"":30}",[1024]
16QAM,1/2,16QAM:r1/2,e5eda501a0d1be7429a80584e78bb12999316ade2e0987e9186e041471244be1,660,16,0,676,720,44,3744,3196,799,0,0.21151439299123906,0.2065081351689612,"{""actual_effective_rate"":0.21151439299123906,""bg"":""bg2"",""bit_mapping"":""component_Gray_00_-3_01_-1_10_3_11_1_over_sqrt5;QPSK_0_plus1_1_minus1"",""code_blocks"":1,""decoder_config"":{""cn_schedule"":""flooding"",""cn_update"":""boxplus-phi"",""early_stop"":false,""hard_out"":true,""harq_mode"":false,""llr_max"":20.0,""num_iter"":20,""precision"":""single"",""prune_pcm"":true,""return_infobits"":true,""vn_update"":""sum""},""implementation"":{""bit_mapping"":""component_Gray_00_-3_01_-1_10_3_11_1_over_sqrt5;QPSK_0_plus1_1_minus1"",""cuda"":""12.8"",""decoder"":{""cn_schedule"":""flooding"",""cn_update"":""boxplus-phi"",""early_stop"":false,""hard_out"":true,""harq_mode"":false,""llr_max"":20.0,""num_iter"":20,""precision"":""single"",""prune_pcm"":true,""return_infobits"":true,""vn_update"":""sum""},""decoder_source_sha256"":""44d84b92b749e2970f94d92cd348a11648e2286b4d851faa0af8b21d08f0da23"",""encoder_source_sha256"":""34d8db6660b2e84708a8fb534f63c194f6f2b964e3693fcffc9dcaf21532ccfd"",""implementation"":""Sionna_5G_LDPC"",""power_protocol"":""fixed_constellation_average_Es2"",""precision"":""float32"",""rate_matching"":""Sionna RV0; filler removal, first2Z and tail puncturing; supported n only"",""scrambling"":""public_PCG64_SHA256_protocol_session_frame_group_counter_after_rate_matching_v1"",""torch"":""2.11.0+cu128"",""version"":""2.2.0""},""interleaver_sha256"":""dc02ee6fbdcca26fb4862a83c32988c69994c7936dadbec7699228c03f2fb8b6"",""k"":676,""k_filler"":44,""k_ldpc"":720,""layout_id"":""d20f305de2c4d643b24ccbf17c021d73d55530aa86bba9a999a5b512ff4c4797"",""modulation_padding_bits"":0,""mother_bits"":3744,""n"":3196,""n_cb"":3600,""n_cb_comp"":3556,""power_protocol"":""fixed_constellation_average_Es2"",""puncturing_bits"":504,""puncturing_first_2Z"":144,""puncturing_remaining"":360,""repetition_bits"":0,""scrambling"":""public_PCG64_SHA256_protocol_session_frame_group_counter_after_rate_matching_v1"",""shortening_bits"":44,""z"":72}",[2048]
16QAM,5/6,16QAM:r5/6,e5f0b0680953201d86ca8c887ece78eed6bb4a4878fff31f58860f9ce3ec2403,3480,16,0,3496,3520,24,18304,5852,1463,0,0.5974025974025974,0.5946684894053315,"{""actual_effective_rate"":0.5974025974025974,""bg"":""bg2"",""bit_mapping"":""component_Gray_00_-3_01_-1_10_3_11_1_over_sqrt5;QPSK_0_plus1_1_minus1"",""code_blocks"":1,""decoder_config"":{""cn_schedule"":""flooding"",""cn_update"":""boxplus-phi"",""early_stop"":false,""hard_out"":true,""harq_mode"":false,""llr_max"":20.0,""num_iter"":20,""precision"":""single"",""prune_pcm"":true,""return_infobits"":true,""vn_update"":""sum""},""implementation"":{""bit_mapping"":""component_Gray_00_-3_01_-1_10_3_11_1_over_sqrt5;QPSK_0_plus1_1_minus1"",""cuda"":""12.8"",""decoder"":{""cn_schedule"":""flooding"",""cn_update"":""boxplus-phi"",""early_stop"":false,""hard_out"":true,""harq_mode"":false,""llr_max"":20.0,""num_iter"":20,""precision"":""single"",""prune_pcm"":true,""return_infobits"":true,""vn_update"":""sum""},""decoder_source_sha256"":""44d84b92b749e2970f94d92cd348a11648e2286b4d851faa0af8b21d08f0da23"",""encoder_source_sha256"":""34d8db6660b2e84708a8fb534f63c194f6f2b964e3693fcffc9dcaf21532ccfd"",""implementation"":""Sionna_5G_LDPC"",""power_protocol"":""fixed_constellation_average_Es2"",""precision"":""float32"",""rate_matching"":""Sionna RV0; filler removal, first2Z and tail puncturing; supported n only"",""scrambling"":""public_PCG64_SHA256_protocol_session_frame_group_counter_after_rate_matching_v1"",""torch"":""2.11.0+cu128"",""version"":""2.2.0""},""interleaver_sha256"":""accd697a618eb31af34f25dc7873ec31fcb14055b635473463b5a2cda01910b5"",""k"":3496,""k_filler"":24,""k_ldpc"":3520,""layout_id"":""043a2c41d6c3235363a2c8a02e2a51575cb66bf9969d7f4b2ce7c26367a64323"",""modulation_padding_bits"":0,""mother_bits"":18304,""n"":5852,""n_cb"":17600,""n_cb_comp"":17576,""power_protocol"":""fixed_constellation_average_Es2"",""puncturing_bits"":12428,""puncturing_first_2Z"":704,""puncturing_remaining"":11724,""repetition_bits"":0,""scrambling"":""public_PCG64_SHA256_protocol_session_frame_group_counter_after_rate_matching_v1"",""shortening_bits"":24,""z"":352}",[2048]
QPSK,1/2,QPSK:r1/2,e5f771b4c620fa255242a110a2f6e63ca066980277941f4f379fd876a0240430,1296,16,0,1312,1440,128,7488,2624,1312,0,0.5,0.49390243902439024,"{""actual_effective_rate"":0.5,""bg"":""bg2"",""bit_mapping"":""component_Gray_00_-3_01_-1_10_3_11_1_over_sqrt5;QPSK_0_plus1_1_minus1"",""code_blocks"":1,""decoder_config"":{""cn_schedule"":""flooding"",""cn_update"":""boxplus-phi"",""early_stop"":false,""hard_out"":true,""harq_mode"":false,""llr_max"":20.0,""num_iter"":20,""precision"":""single"",""prune_pcm"":true,""return_infobits"":true,""vn_update"":""sum""},""implementation"":{""bit_mapping"":""component_Gray_00_-3_01_-1_10_3_11_1_over_sqrt5;QPSK_0_plus1_1_minus1"",""cuda"":""12.8"",""decoder"":{""cn_schedule"":""flooding"",""cn_update"":""boxplus-phi"",""early_stop"":false,""hard_out"":true,""harq_mode"":false,""llr_max"":20.0,""num_iter"":20,""precision"":""single"",""prune_pcm"":true,""return_infobits"":true,""vn_update"":""sum""},""decoder_source_sha256"":""44d84b92b749e2970f94d92cd348a11648e2286b4d851faa0af8b21d08f0da23"",""encoder_source_sha256"":""34d8db6660b2e84708a8fb534f63c194f6f2b964e3693fcffc9dcaf21532ccfd"",""implementation"":""Sionna_5G_LDPC"",""power_protocol"":""fixed_constellation_average_Es2"",""precision"":""float32"",""rate_matching"":""Sionna RV0; filler removal, first2Z and tail puncturing; supported n only"",""scrambling"":""public_PCG64_SHA256_protocol_session_frame_group_counter_after_rate_matching_v1"",""torch"":""2.11.0+cu128"",""version"":""2.2.0""},""interleaver_sha256"":""f403cc4b3bfd6ab5dd339d5800a2a1f534a37062ad749da2e36254ac5060dd01"",""k"":1312,""k_filler"":128,""k_ldpc"":1440,""layout_id"":""88844ca32500c9f6b072d922a487a46c61b164f5b31995bf645519fb0fa7b2c2"",""modulation_padding_bits"":0,""mother_bits"":7488,""n"":2624,""n_cb"":7200,""n_cb_comp"":7072,""power_protocol"":""fixed_constellation_average_Es2"",""puncturing_bits"":4736,""puncturing_first_2Z"":288,""puncturing_remaining"":4448,""repetition_bits"":0,""scrambling"":""public_PCG64_SHA256_protocol_session_frame_group_counter_after_rate_matching_v1"",""shortening_bits"":128,""z"":144}",[2048]
16QAM,1/3,16QAM:r1/3,e606425dd5936f2f295118e719cd7a4730d224e5de5d29588f451d9e9615f8c5,660,16,0,676,720,44,3744,2832,708,0,0.2387005649717514,0.2330508474576271,"{""actual_effective_rate"":0.2387005649717514,""bg"":""bg2"",""bit_mapping"":""component_Gray_00_-3_01_-1_10_3_11_1_over_sqrt5;QPSK_0_plus1_1_minus1"",""code_blocks"":1,""decoder_config"":{""cn_schedule"":""flooding"",""cn_update"":""boxplus-phi"",""early_stop"":false,""hard_out"":true,""harq_mode"":false,""llr_max"":20.0,""num_iter"":20,""precision"":""single"",""prune_pcm"":true,""return_infobits"":true,""vn_update"":""sum""},""implementation"":{""bit_mapping"":""component_Gray_00_-3_01_-1_10_3_11_1_over_sqrt5;QPSK_0_plus1_1_minus1"",""cuda"":""12.8"",""decoder"":{""cn_schedule"":""flooding"",""cn_update"":""boxplus-phi"",""early_stop"":false,""hard_out"":true,""harq_mode"":false,""llr_max"":20.0,""num_iter"":20,""precision"":""single"",""prune_pcm"":true,""return_infobits"":true,""vn_update"":""sum""},""decoder_source_sha256"":""44d84b92b749e2970f94d92cd348a11648e2286b4d851faa0af8b21d08f0da23"",""encoder_source_sha256"":""34d8db6660b2e84708a8fb534f63c194f6f2b964e3693fcffc9dcaf21532ccfd"",""implementation"":""Sionna_5G_LDPC"",""power_protocol"":""fixed_constellation_average_Es2"",""precision"":""float32"",""rate_matching"":""Sionna RV0; filler removal, first2Z and tail puncturing; supported n only"",""scrambling"":""public_PCG64_SHA256_protocol_session_frame_group_counter_after_rate_matching_v1"",""torch"":""2.11.0+cu128"",""version"":""2.2.0""},""interleaver_sha256"":""d7c7011f23bcbb153864692f8fc9d8b0852ae05b2d93419fc8237db7027a5710"",""k"":676,""k_filler"":44,""k_ldpc"":720,""layout_id"":""2ae11facd927fbd73900efb510a8eab008424cc603b89c6ab3536f1edaffe6a7"",""modulation_padding_bits"":0,""mother_bits"":3744,""n"":2832,""n_cb"":3600,""n_cb_comp"":3556,""power_protocol"":""fixed_constellation_average_Es2"",""puncturing_bits"":868,""puncturing_first_2Z"":144,""puncturing_remaining"":724,""repetition_bits"":0,""scrambling"":""public_PCG64_SHA256_protocol_session_frame_group_counter_after_rate_matching_v1"",""shortening_bits"":44,""z"":72}",[2048]
QPSK,1/3,QPSK:r1/3,e6075465dafb9a158a9cd81499addc68dff8d8054d96745a28727eb0989bc0f7,468,16,0,484,640,156,3328,1452,726,0,0.3333333333333333,0.32231404958677684,"{""actual_effective_rate"":0.3333333333333333,""bg"":""bg2"",""bit_mapping"":""component_Gray_00_-3_01_-1_10_3_11_1_over_sqrt5;QPSK_0_plus1_1_minus1"",""code_blocks"":1,""decoder_config"":{""cn_schedule"":""flooding"",""cn_update"":""boxplus-phi"",""early_stop"":false,""hard_out"":true,""harq_mode"":false,""llr_max"":20.0,""num_iter"":20,""precision"":""single"",""prune_pcm"":true,""return_infobits"":true,""vn_update"":""sum""},""implementation"":{""bit_mapping"":""component_Gray_00_-3_01_-1_10_3_11_1_over_sqrt5;QPSK_0_plus1_1_minus1"",""cuda"":""12.8"",""decoder"":{""cn_schedule"":""flooding"",""cn_update"":""boxplus-phi"",""early_stop"":false,""hard_out"":true,""harq_mode"":false,""llr_max"":20.0,""num_iter"":20,""precision"":""single"",""prune_pcm"":true,""return_infobits"":true,""vn_update"":""sum""},""decoder_source_sha256"":""44d84b92b749e2970f94d92cd348a11648e2286b4d851faa0af8b21d08f0da23"",""encoder_source_sha256"":""34d8db6660b2e84708a8fb534f63c194f6f2b964e3693fcffc9dcaf21532ccfd"",""implementation"":""Sionna_5G_LDPC"",""power_protocol"":""fixed_constellation_average_Es2"",""precision"":""float32"",""rate_matching"":""Sionna RV0; filler removal, first2Z and tail puncturing; supported n only"",""scrambling"":""public_PCG64_SHA256_protocol_session_frame_group_counter_after_rate_matching_v1"",""torch"":""2.11.0+cu128"",""version"":""2.2.0""},""interleaver_sha256"":""4ab59a1cb8f3547816fc4176ec8558c700a60311f59904028d4ae5a05c8535ed"",""k"":484,""k_filler"":156,""k_ldpc"":640,""layout_id"":""dbd2ef321e877f41392793702f2b1689e9e2fb9b1879bafb4453077dd1b81d78"",""modulation_padding_bits"":0,""mother_bits"":3328,""n"":1452,""n_cb"":3200,""n_cb_comp"":3044,""power_protocol"":""fixed_constellation_average_Es2"",""puncturing_bits"":1720,""puncturing_first_2Z"":128,""puncturing_remaining"":1592,""repetition_bits"":0,""scrambling"":""public_PCG64_SHA256_protocol_session_frame_group_counter_after_rate_matching_v1"",""shortening_bits"":156,""z"":64}","[1024,2048]"
QPSK,3/4,QPSK:r3/4,e607a3e413ba6089c6f61b8436e7991c1626dc2d3bb0abbc4690a37a46c6959a,624,16,0,640,720,80,3744,1510,755,0,0.423841059602649,0.41324503311258276,"{""actual_effective_rate"":0.423841059602649,""bg"":""bg2"",""bit_mapping"":""component_Gray_00_-3_01_-1_10_3_11_1_over_sqrt5;QPSK_0_plus1_1_minus1"",""code_blocks"":1,""decoder_config"":{""cn_schedule"":""flooding"",""cn_update"":""boxplus-phi"",""early_stop"":false,""hard_out"":true,""harq_mode"":false,""llr_max"":20.0,""num_iter"":20,""precision"":""single"",""prune_pcm"":true,""return_infobits"":true,""vn_update"":""sum""},""implementation"":{""bit_mapping"":""component_Gray_00_-3_01_-1_10_3_11_1_over_sqrt5;QPSK_0_plus1_1_minus1"",""cuda"":""12.8"",""decoder"":{""cn_schedule"":""flooding"",""cn_update"":""boxplus-phi"",""early_stop"":false,""hard_out"":true,""harq_mode"":false,""llr_max"":20.0,""num_iter"":20,""precision"":""single"",""prune_pcm"":true,""return_infobits"":true,""vn_update"":""sum""},""decoder_source_sha256"":""44d84b92b749e2970f94d92cd348a11648e2286b4d851faa0af8b21d08f0da23"",""encoder_source_sha256"":""34d8db6660b2e84708a8fb534f63c194f6f2b964e3693fcffc9dcaf21532ccfd"",""implementation"":""Sionna_5G_LDPC"",""power_protocol"":""fixed_constellation_average_Es2"",""precision"":""float32"",""rate_matching"":""Sionna RV0; filler removal, first2Z and tail puncturing; supported n only"",""scrambling"":""public_PCG64_SHA256_protocol_session_frame_group_counter_after_rate_matching_v1"",""torch"":""2.11.0+cu128"",""version"":""2.2.0""},""interleaver_sha256"":""67c8563edc62c5c2bccbaaf57cecc2dd43e5d71894196f751f5ff085744ec6f9"",""k"":640,""k_filler"":80,""k_ldpc"":720,""layout_id"":""d05ab9d09b353af8c37d7b3cef386226b0b4f27ec466e64bac46faa0e86b77d1"",""modulation_padding_bits"":0,""mother_bits"":3744,""n"":1510,""n_cb"":3600,""n_cb_comp"":3520,""power_protocol"":""fixed_constellation_average_Es2"",""puncturing_bits"":2154,""puncturing_first_2Z"":144,""puncturing_remaining"":2010,""repetition_bits"":0,""scrambling"":""public_PCG64_SHA256_protocol_session_frame_group_counter_after_rate_matching_v1"",""shortening_bits"":80,""z"":72}",[1024]
QPSK,5/6,QPSK:r5/6,e60c907cf485a6fb8124d7d18cdcc8addafb755781d189bc1b1700a6406d47f9,216,16,0,232,300,68,1560,1058,529,0,0.21928166351606806,0.20415879017013233,"{""actual_effective_rate"":0.21928166351606806,""bg"":""bg2"",""bit_mapping"":""component_Gray_00_-3_01_-1_10_3_11_1_over_sqrt5;QPSK_0_plus1_1_minus1"",""code_blocks"":1,""decoder_config"":{""cn_schedule"":""flooding"",""cn_update"":""boxplus-phi"",""early_stop"":false,""hard_out"":true,""harq_mode"":false,""llr_max"":20.0,""num_iter"":20,""precision"":""single"",""prune_pcm"":true,""return_infobits"":true,""vn_update"":""sum""},""implementation"":{""bit_mapping"":""component_Gray_00_-3_01_-1_10_3_11_1_over_sqrt5;QPSK_0_plus1_1_minus1"",""cuda"":""12.8"",""decoder"":{""cn_schedule"":""flooding"",""cn_update"":""boxplus-phi"",""early_stop"":false,""hard_out"":true,""harq_mode"":false,""llr_max"":20.0,""num_iter"":20,""precision"":""single"",""prune_pcm"":true,""return_infobits"":true,""vn_update"":""sum""},""decoder_source_sha256"":""44d84b92b749e2970f94d92cd348a11648e2286b4d851faa0af8b21d08f0da23"",""encoder_source_sha256"":""34d8db6660b2e84708a8fb534f63c194f6f2b964e3693fcffc9dcaf21532ccfd"",""implementation"":""Sionna_5G_LDPC"",""power_protocol"":""fixed_constellation_average_Es2"",""precision"":""float32"",""rate_matching"":""Sionna RV0; filler removal, first2Z and tail puncturing; supported n only"",""scrambling"":""public_PCG64_SHA256_protocol_session_frame_group_counter_after_rate_matching_v1"",""torch"":""2.11.0+cu128"",""version"":""2.2.0""},""interleaver_sha256"":""aa23383fa636bb138ee02532ba81d88d1561f11b5852158d391490c3f041ac17"",""k"":232,""k_filler"":68,""k_ldpc"":300,""layout_id"":""0fb0d1bde4ee5359a5c371fcfc6e49c4bc8940aa71cc0e0ecbd21ee69d3dd6e0"",""modulation_padding_bits"":0,""mother_bits"":1560,""n"":1058,""n_cb"":1500,""n_cb_comp"":1432,""power_protocol"":""fixed_constellation_average_Es2"",""puncturing_bits"":434,""puncturing_first_2Z"":60,""puncturing_remaining"":374,""repetition_bits"":0,""scrambling"":""public_PCG64_SHA256_protocol_session_frame_group_counter_after_rate_matching_v1"",""shortening_bits"":68,""z"":30}",[1024]
16QAM,3/4,16QAM:r3/4,e61cfbccc476cc2ed0f4afd19f2970fdd6d665200087a88416cfa72a944a06b4,1668,16,0,1684,1760,76,9152,3624,906,0,0.46467991169977924,0.4602649006622517,"{""actual_effective_rate"":0.46467991169977924,""bg"":""bg2"",""bit_mapping"":""component_Gray_00_-3_01_-1_10_3_11_1_over_sqrt5;QPSK_0_plus1_1_minus1"",""code_blocks"":1,""decoder_config"":{""cn_schedule"":""flooding"",""cn_update"":""boxplus-phi"",""early_stop"":false,""hard_out"":true,""harq_mode"":false,""llr_max"":20.0,""num_iter"":20,""precision"":""single"",""prune_pcm"":true,""return_infobits"":true,""vn_update"":""sum""},""implementation"":{""bit_mapping"":""component_Gray_00_-3_01_-1_10_3_11_1_over_sqrt5;QPSK_0_plus1_1_minus1"",""cuda"":""12.8"",""decoder"":{""cn_schedule"":""flooding"",""cn_update"":""boxplus-phi"",""early_stop"":false,""hard_out"":true,""harq_mode"":false,""llr_max"":20.0,""num_iter"":20,""precision"":""single"",""prune_pcm"":true,""return_infobits"":true,""vn_update"":""sum""},""decoder_source_sha256"":""44d84b92b749e2970f94d92cd348a11648e2286b4d851faa0af8b21d08f0da23"",""encoder_source_sha256"":""34d8db6660b2e84708a8fb534f63c194f6f2b964e3693fcffc9dcaf21532ccfd"",""implementation"":""Sionna_5G_LDPC"",""power_protocol"":""fixed_constellation_average_Es2"",""precision"":""float32"",""rate_matching"":""Sionna RV0; filler removal, first2Z and tail puncturing; supported n only"",""scrambling"":""public_PCG64_SHA256_protocol_session_frame_group_counter_after_rate_matching_v1"",""torch"":""2.11.0+cu128"",""version"":""2.2.0""},""interleaver_sha256"":""9a0765f98fc13497f5d7ad48961313be4d5630c961bc856d4430b9f98b5bffff"",""k"":1684,""k_filler"":76,""k_ldpc"":1760,""layout_id"":""477c59c1888742ff40a8a9150543af8672d3843765193349c6635d44bb6fdd16"",""modulation_padding_bits"":0,""mother_bits"":9152,""n"":3624,""n_cb"":8800,""n_cb_comp"":8724,""power_protocol"":""fixed_constellation_average_Es2"",""puncturing_bits"":5452,""puncturing_first_2Z"":352,""puncturing_remaining"":5100,""repetition_bits"":0,""scrambling"":""public_PCG64_SHA256_protocol_session_frame_group_counter_after_rate_matching_v1"",""shortening_bits"":76,""z"":176}",[2048]
16QAM,1/3,16QAM:r1/3,e61eaba4cc22d69e193bbe58a185f073a268fe5f4c0618786933cae3f91db7b4,324,16,0,340,440,100,2288,1276,319,0,0.2664576802507837,0.25391849529780564,"{""actual_effective_rate"":0.2664576802507837,""bg"":""bg2"",""bit_mapping"":""component_Gray_00_-3_01_-1_10_3_11_1_over_sqrt5;QPSK_0_plus1_1_minus1"",""code_blocks"":1,""decoder_config"":{""cn_schedule"":""flooding"",""cn_update"":""boxplus-phi"",""early_stop"":false,""hard_out"":true,""harq_mode"":false,""llr_max"":20.0,""num_iter"":20,""precision"":""single"",""prune_pcm"":true,""return_infobits"":true,""vn_update"":""sum""},""implementation"":{""bit_mapping"":""component_Gray_00_-3_01_-1_10_3_11_1_over_sqrt5;QPSK_0_plus1_1_minus1"",""cuda"":""12.8"",""decoder"":{""cn_schedule"":""flooding"",""cn_update"":""boxplus-phi"",""early_stop"":false,""hard_out"":true,""harq_mode"":false,""llr_max"":20.0,""num_iter"":20,""precision"":""single"",""prune_pcm"":true,""return_infobits"":true,""vn_update"":""sum""},""decoder_source_sha256"":""44d84b92b749e2970f94d92cd348a11648e2286b4d851faa0af8b21d08f0da23"",""encoder_source_sha256"":""34d8db6660b2e84708a8fb534f63c194f6f2b964e3693fcffc9dcaf21532ccfd"",""implementation"":""Sionna_5G_LDPC"",""power_protocol"":""fixed_constellation_average_Es2"",""precision"":""float32"",""rate_matching"":""Sionna RV0; filler removal, first2Z and tail puncturing; supported n only"",""scrambling"":""public_PCG64_SHA256_protocol_session_frame_group_counter_after_rate_matching_v1"",""torch"":""2.11.0+cu128"",""version"":""2.2.0""},""interleaver_sha256"":""b74dacbec0bc440157c79287fa294fa01c677ec03de9880ec83a97a4e24d4f6d"",""k"":340,""k_filler"":100,""k_ldpc"":440,""layout_id"":""389715cf99e4569bceb6efbe4afceb8b714e0e2c877097a83f4cbcd184cba2e0"",""modulation_padding_bits"":0,""mother_bits"":2288,""n"":1276,""n_cb"":2200,""n_cb_comp"":2100,""power_protocol"":""fixed_constellation_average_Es2"",""puncturing_bits"":912,""puncturing_first_2Z"":88,""puncturing_remaining"":824,""repetition_bits"":0,""scrambling"":""public_PCG64_SHA256_protocol_session_frame_group_counter_after_rate_matching_v1"",""shortening_bits"":100,""z"":44}",[1024]
QPSK,2/3,QPSK:r2/3,e635821cbbfa018b9f9f0a3271a48f1c19beae9478c667f1edb56b8ec620c3b4,360,16,0,376,480,104,2496,1006,503,0,0.37375745526838966,0.35785288270377735,"{""actual_effective_rate"":0.37375745526838966,""bg"":""bg2"",""bit_mapping"":""component_Gray_00_-3_01_-1_10_3_11_1_over_sqrt5;QPSK_0_plus1_1_minus1"",""code_blocks"":1,""decoder_config"":{""cn_schedule"":""flooding"",""cn_update"":""boxplus-phi"",""early_stop"":false,""hard_out"":true,""harq_mode"":false,""llr_max"":20.0,""num_iter"":20,""precision"":""single"",""prune_pcm"":true,""return_infobits"":true,""vn_update"":""sum""},""implementation"":{""bit_mapping"":""component_Gray_00_-3_01_-1_10_3_11_1_over_sqrt5;QPSK_0_plus1_1_minus1"",""cuda"":""12.8"",""decoder"":{""cn_schedule"":""flooding"",""cn_update"":""boxplus-phi"",""early_stop"":false,""hard_out"":true,""harq_mode"":false,""llr_max"":20.0,""num_iter"":20,""precision"":""single"",""prune_pcm"":true,""return_infobits"":true,""vn_update"":""sum""},""decoder_source_sha256"":""44d84b92b749e2970f94d92cd348a11648e2286b4d851faa0af8b21d08f0da23"",""encoder_source_sha256"":""34d8db6660b2e84708a8fb534f63c194f6f2b964e3693fcffc9dcaf21532ccfd"",""implementation"":""Sionna_5G_LDPC"",""power_protocol"":""fixed_constellation_average_Es2"",""precision"":""float32"",""rate_matching"":""Sionna RV0; filler removal, first2Z and tail puncturing; supported n only"",""scrambling"":""public_PCG64_SHA256_protocol_session_frame_group_counter_after_rate_matching_v1"",""torch"":""2.11.0+cu128"",""version"":""2.2.0""},""interleaver_sha256"":""9acca2a80adce09bed581beddf66a6085eb126c9d0e7837422faefce06e51f2d"",""k"":376,""k_filler"":104,""k_ldpc"":480,""layout_id"":""0fbfd3224b56d7a66238cceebb88f6801fcc7e272da4112acce9345dc6a2dea4"",""modulation_padding_bits"":0,""mother_bits"":2496,""n"":1006,""n_cb"":2400,""n_cb_comp"":2296,""power_protocol"":""fixed_constellation_average_Es2"",""puncturing_bits"":1386,""puncturing_first_2Z"":96,""puncturing_remaining"":1290,""repetition_bits"":0,""scrambling"":""public_PCG64_SHA256_protocol_session_frame_group_counter_after_rate_matching_v1"",""shortening_bits"":104,""z"":48}",[1024]
QPSK,2/3,QPSK:r2/3,e63833b6d1898ded33325ed3e33f6a045bf9ab6818102d964a033bb36daa82d7,660,16,0,676,720,44,3744,1624,812,0,0.41625615763546797,0.4064039408866995,"{""actual_effective_rate"":0.41625615763546797,""bg"":""bg2"",""bit_mapping"":""component_Gray_00_-3_01_-1_10_3_11_1_over_sqrt5;QPSK_0_plus1_1_minus1"",""code_blocks"":1,""decoder_config"":{""cn_schedule"":""flooding"",""cn_update"":""boxplus-phi"",""early_stop"":false,""hard_out"":true,""harq_mode"":false,""llr_max"":20.0,""num_iter"":20,""precision"":""single"",""prune_pcm"":true,""return_infobits"":true,""vn_update"":""sum""},""implementation"":{""bit_mapping"":""component_Gray_00_-3_01_-1_10_3_11_1_over_sqrt5;QPSK_0_plus1_1_minus1"",""cuda"":""12.8"",""decoder"":{""cn_schedule"":""flooding"",""cn_update"":""boxplus-phi"",""early_stop"":false,""hard_out"":true,""harq_mode"":false,""llr_max"":20.0,""num_iter"":20,""precision"":""single"",""prune_pcm"":true,""return_infobits"":true,""vn_update"":""sum""},""decoder_source_sha256"":""44d84b92b749e2970f94d92cd348a11648e2286b4d851faa0af8b21d08f0da23"",""encoder_source_sha256"":""34d8db6660b2e84708a8fb534f63c194f6f2b964e3693fcffc9dcaf21532ccfd"",""implementation"":""Sionna_5G_LDPC"",""power_protocol"":""fixed_constellation_average_Es2"",""precision"":""float32"",""rate_matching"":""Sionna RV0; filler removal, first2Z and tail puncturing; supported n only"",""scrambling"":""public_PCG64_SHA256_protocol_session_frame_group_counter_after_rate_matching_v1"",""torch"":""2.11.0+cu128"",""version"":""2.2.0""},""interleaver_sha256"":""aa018ea742758a7e11d13c3749fc63094e843a6c97681a432ef8db9d3a2eef56"",""k"":676,""k_filler"":44,""k_ldpc"":720,""layout_id"":""884f2a7d3ef251cf609c6907f5b50f99a8dc2d7334676e365996ebb72fdd337a"",""modulation_padding_bits"":0,""mother_bits"":3744,""n"":1624,""n_cb"":3600,""n_cb_comp"":3556,""power_protocol"":""fixed_constellation_average_Es2"",""puncturing_bits"":2076,""puncturing_first_2Z"":144,""puncturing_remaining"":1932,""repetition_bits"":0,""scrambling"":""public_PCG64_SHA256_protocol_session_frame_group_counter_after_rate_matching_v1"",""shortening_bits"":44,""z"":72}",[2048]
QPSK,1/2,QPSK:r1/2,e64764873f72ee7de15ef641afdd30bd6d9fa5985e09f71d18825c5661484f38,360,16,0,376,480,104,2496,1672,836,0,0.22488038277511962,0.215311004784689,"{""actual_effective_rate"":0.22488038277511962,""bg"":""bg2"",""bit_mapping"":""component_Gray_00_-3_01_-1_10_3_11_1_over_sqrt5;QPSK_0_plus1_1_minus1"",""code_blocks"":1,""decoder_config"":{""cn_schedule"":""flooding"",""cn_update"":""boxplus-phi"",""early_stop"":false,""hard_out"":true,""harq_mode"":false,""llr_max"":20.0,""num_iter"":20,""precision"":""single"",""prune_pcm"":true,""return_infobits"":true,""vn_update"":""sum""},""implementation"":{""bit_mapping"":""component_Gray_00_-3_01_-1_10_3_11_1_over_sqrt5;QPSK_0_plus1_1_minus1"",""cuda"":""12.8"",""decoder"":{""cn_schedule"":""flooding"",""cn_update"":""boxplus-phi"",""early_stop"":false,""hard_out"":true,""harq_mode"":false,""llr_max"":20.0,""num_iter"":20,""precision"":""single"",""prune_pcm"":true,""return_infobits"":true,""vn_update"":""sum""},""decoder_source_sha256"":""44d84b92b749e2970f94d92cd348a11648e2286b4d851faa0af8b21d08f0da23"",""encoder_source_sha256"":""34d8db6660b2e84708a8fb534f63c194f6f2b964e3693fcffc9dcaf21532ccfd"",""implementation"":""Sionna_5G_LDPC"",""power_protocol"":""fixed_constellation_average_Es2"",""precision"":""float32"",""rate_matching"":""Sionna RV0; filler removal, first2Z and tail puncturing; supported n only"",""scrambling"":""public_PCG64_SHA256_protocol_session_frame_group_counter_after_rate_matching_v1"",""torch"":""2.11.0+cu128"",""version"":""2.2.0""},""interleaver_sha256"":""34d745af00d5a617b70d8b419c2c55af3e06ce4fb7f63b4ef64b9905a70c9821"",""k"":376,""k_filler"":104,""k_ldpc"":480,""layout_id"":""74c81d74e604ffc2e79ec61b66300d845e934ccabaa4fd5ce80aa29a7bb65d86"",""modulation_padding_bits"":0,""mother_bits"":2496,""n"":1672,""n_cb"":2400,""n_cb_comp"":2296,""power_protocol"":""fixed_constellation_average_Es2"",""puncturing_bits"":720,""puncturing_first_2Z"":96,""puncturing_remaining"":624,""repetition_bits"":0,""scrambling"":""public_PCG64_SHA256_protocol_session_frame_group_counter_after_rate_matching_v1"",""shortening_bits"":104,""z"":48}",[1024]
QPSK,5/6,QPSK:r5/6,e64d68358d70fffa218423975831f78eb1ce8f1acde613ac9525f67d989d6add,1860,16,0,1876,1936,60,5984,2460,1230,0,0.7626016260162601,0.7560975609756098,"{""actual_effective_rate"":0.7626016260162601,""bg"":""bg1"",""bit_mapping"":""component_Gray_00_-3_01_-1_10_3_11_1_over_sqrt5;QPSK_0_plus1_1_minus1"",""code_blocks"":1,""decoder_config"":{""cn_schedule"":""flooding"",""cn_update"":""boxplus-phi"",""early_stop"":false,""hard_out"":true,""harq_mode"":false,""llr_max"":20.0,""num_iter"":20,""precision"":""single"",""prune_pcm"":true,""return_infobits"":true,""vn_update"":""sum""},""implementation"":{""bit_mapping"":""component_Gray_00_-3_01_-1_10_3_11_1_over_sqrt5;QPSK_0_plus1_1_minus1"",""cuda"":""12.8"",""decoder"":{""cn_schedule"":""flooding"",""cn_update"":""boxplus-phi"",""early_stop"":false,""hard_out"":true,""harq_mode"":false,""llr_max"":20.0,""num_iter"":20,""precision"":""single"",""prune_pcm"":true,""return_infobits"":true,""vn_update"":""sum""},""decoder_source_sha256"":""44d84b92b749e2970f94d92cd348a11648e2286b4d851faa0af8b21d08f0da23"",""encoder_source_sha256"":""34d8db6660b2e84708a8fb534f63c194f6f2b964e3693fcffc9dcaf21532ccfd"",""implementation"":""Sionna_5G_LDPC"",""power_protocol"":""fixed_constellation_average_Es2"",""precision"":""float32"",""rate_matching"":""Sionna RV0; filler removal, first2Z and tail puncturing; supported n only"",""scrambling"":""public_PCG64_SHA256_protocol_session_frame_group_counter_after_rate_matching_v1"",""torch"":""2.11.0+cu128"",""version"":""2.2.0""},""interleaver_sha256"":""708e5c03baef5c62909aa6ec95c572f380e8afb2ebcde497076a28b602218add"",""k"":1876,""k_filler"":60,""k_ldpc"":1936,""layout_id"":""51988926495173fee25a1486ab6ecead0a3cba2998e362eee257d13be646d4fb"",""modulation_padding_bits"":0,""mother_bits"":5984,""n"":2460,""n_cb"":5808,""n_cb_comp"":5748,""power_protocol"":""fixed_constellation_average_Es2"",""puncturing_bits"":3464,""puncturing_first_2Z"":176,""puncturing_remaining"":3288,""repetition_bits"":0,""scrambling"":""public_PCG64_SHA256_protocol_session_frame_group_counter_after_rate_matching_v1"",""shortening_bits"":60,""z"":88}",[2048]
QPSK,3/4,QPSK:r3/4,e6604923e7557696c5a6bd9117553267863db842fd83ca89620715f60c026055,2568,16,0,2584,2640,56,8160,3456,1728,0,0.7476851851851852,0.7430555555555556,"{""actual_effective_rate"":0.7476851851851852,""bg"":""bg1"",""bit_mapping"":""component_Gray_00_-3_01_-1_10_3_11_1_over_sqrt5;QPSK_0_plus1_1_minus1"",""code_blocks"":1,""decoder_config"":{""cn_schedule"":""flooding"",""cn_update"":""boxplus-phi"",""early_stop"":false,""hard_out"":true,""harq_mode"":false,""llr_max"":20.0,""num_iter"":20,""precision"":""single"",""prune_pcm"":true,""return_infobits"":true,""vn_update"":""sum""},""implementation"":{""bit_mapping"":""component_Gray_00_-3_01_-1_10_3_11_1_over_sqrt5;QPSK_0_plus1_1_minus1"",""cuda"":""12.8"",""decoder"":{""cn_schedule"":""flooding"",""cn_update"":""boxplus-phi"",""early_stop"":false,""hard_out"":true,""harq_mode"":false,""llr_max"":20.0,""num_iter"":20,""precision"":""single"",""prune_pcm"":true,""return_infobits"":true,""vn_update"":""sum""},""decoder_source_sha256"":""44d84b92b749e2970f94d92cd348a11648e2286b4d851faa0af8b21d08f0da23"",""encoder_source_sha256"":""34d8db6660b2e84708a8fb534f63c194f6f2b964e3693fcffc9dcaf21532ccfd"",""implementation"":""Sionna_5G_LDPC"",""power_protocol"":""fixed_constellation_average_Es2"",""precision"":""float32"",""rate_matching"":""Sionna RV0; filler removal, first2Z and tail puncturing; supported n only"",""scrambling"":""public_PCG64_SHA256_protocol_session_frame_group_counter_after_rate_matching_v1"",""torch"":""2.11.0+cu128"",""version"":""2.2.0""},""interleaver_sha256"":""ce171fa9d8fd4d8b1c2104c71419bc6ad89b00441a93666ab70a30ba08ab37a5"",""k"":2584,""k_filler"":56,""k_ldpc"":2640,""layout_id"":""22430851d6edd721c8e79558fe4bfebe3b15295b0f51d502a9c57884e7f60b1a"",""modulation_padding_bits"":0,""mother_bits"":8160,""n"":3456,""n_cb"":7920,""n_cb_comp"":7864,""power_protocol"":""fixed_constellation_average_Es2"",""puncturing_bits"":4648,""puncturing_first_2Z"":240,""puncturing_remaining"":4408,""repetition_bits"":0,""scrambling"":""public_PCG64_SHA256_protocol_session_frame_group_counter_after_rate_matching_v1"",""shortening_bits"":56,""z"":120}",[2048]
16QAM,2/3,16QAM:r2/3,e66ccb44b5ab70e18107440a18e2a6ed8e53c506e8876bd8a546dff0077ae45f,144,16,0,160,280,120,1456,800,200,0,0.2,0.18,"{""actual_effective_rate"":0.2,""bg"":""bg2"",""bit_mapping"":""component_Gray_00_-3_01_-1_10_3_11_1_over_sqrt5;QPSK_0_plus1_1_minus1"",""code_blocks"":1,""decoder_config"":{""cn_schedule"":""flooding"",""cn_update"":""boxplus-phi"",""early_stop"":false,""hard_out"":true,""harq_mode"":false,""llr_max"":20.0,""num_iter"":20,""precision"":""single"",""prune_pcm"":true,""return_infobits"":true,""vn_update"":""sum""},""implementation"":{""bit_mapping"":""component_Gray_00_-3_01_-1_10_3_11_1_over_sqrt5;QPSK_0_plus1_1_minus1"",""cuda"":""12.8"",""decoder"":{""cn_schedule"":""flooding"",""cn_update"":""boxplus-phi"",""early_stop"":false,""hard_out"":true,""harq_mode"":false,""llr_max"":20.0,""num_iter"":20,""precision"":""single"",""prune_pcm"":true,""return_infobits"":true,""vn_update"":""sum""},""decoder_source_sha256"":""44d84b92b749e2970f94d92cd348a11648e2286b4d851faa0af8b21d08f0da23"",""encoder_source_sha256"":""34d8db6660b2e84708a8fb534f63c194f6f2b964e3693fcffc9dcaf21532ccfd"",""implementation"":""Sionna_5G_LDPC"",""power_protocol"":""fixed_constellation_average_Es2"",""precision"":""float32"",""rate_matching"":""Sionna RV0; filler removal, first2Z and tail puncturing; supported n only"",""scrambling"":""public_PCG64_SHA256_protocol_session_frame_group_counter_after_rate_matching_v1"",""torch"":""2.11.0+cu128"",""version"":""2.2.0""},""interleaver_sha256"":""260fff54a93f8e52f487d889d835ed4b04a9ee4a461016189e79da5af2b2d407"",""k"":160,""k_filler"":120,""k_ldpc"":280,""layout_id"":""0338a052255c42308a7b013acefa2325e4bee1b6b0f9c13d6e3f2037fff5fdb2"",""modulation_padding_bits"":0,""mother_bits"":1456,""n"":800,""n_cb"":1400,""n_cb_comp"":1280,""power_protocol"":""fixed_constellation_average_Es2"",""puncturing_bits"":536,""puncturing_first_2Z"":56,""puncturing_remaining"":480,""repetition_bits"":0,""scrambling"":""public_PCG64_SHA256_protocol_session_frame_group_counter_after_rate_matching_v1"",""shortening_bits"":120,""z"":28}",[1024]
QPSK,3/4,QPSK:r3/4,e682be96d17d031fc467131551047c1b5852ba6775139a05469ee04cae3725e9,1092,16,0,1108,1120,12,5824,2328,1164,0,0.47594501718213056,0.4690721649484536,"{""actual_effective_rate"":0.47594501718213056,""bg"":""bg2"",""bit_mapping"":""component_Gray_00_-3_01_-1_10_3_11_1_over_sqrt5;QPSK_0_plus1_1_minus1"",""code_blocks"":1,""decoder_config"":{""cn_schedule"":""flooding"",""cn_update"":""boxplus-phi"",""early_stop"":false,""hard_out"":true,""harq_mode"":false,""llr_max"":20.0,""num_iter"":20,""precision"":""single"",""prune_pcm"":true,""return_infobits"":true,""vn_update"":""sum""},""implementation"":{""bit_mapping"":""component_Gray_00_-3_01_-1_10_3_11_1_over_sqrt5;QPSK_0_plus1_1_minus1"",""cuda"":""12.8"",""decoder"":{""cn_schedule"":""flooding"",""cn_update"":""boxplus-phi"",""early_stop"":false,""hard_out"":true,""harq_mode"":false,""llr_max"":20.0,""num_iter"":20,""precision"":""single"",""prune_pcm"":true,""return_infobits"":true,""vn_update"":""sum""},""decoder_source_sha256"":""44d84b92b749e2970f94d92cd348a11648e2286b4d851faa0af8b21d08f0da23"",""encoder_source_sha256"":""34d8db6660b2e84708a8fb534f63c194f6f2b964e3693fcffc9dcaf21532ccfd"",""implementation"":""Sionna_5G_LDPC"",""power_protocol"":""fixed_constellation_average_Es2"",""precision"":""float32"",""rate_matching"":""Sionna RV0; filler removal, first2Z and tail puncturing; supported n only"",""scrambling"":""public_PCG64_SHA256_protocol_session_frame_group_counter_after_rate_matching_v1"",""torch"":""2.11.0+cu128"",""version"":""2.2.0""},""interleaver_sha256"":""53acb70a8c7577110a2e69a74ca21aa4f357a352c5977b1839cb1e27bd341bf2"",""k"":1108,""k_filler"":12,""k_ldpc"":1120,""layout_id"":""ad78da4c0a5e30b6bdd2c137abe9351051f6f6e72007d0a6a5acfce2ea2ee06d"",""modulation_padding_bits"":0,""mother_bits"":5824,""n"":2328,""n_cb"":5600,""n_cb_comp"":5588,""power_protocol"":""fixed_constellation_average_Es2"",""puncturing_bits"":3484,""puncturing_first_2Z"":224,""puncturing_remaining"":3260,""repetition_bits"":0,""scrambling"":""public_PCG64_SHA256_protocol_session_frame_group_counter_after_rate_matching_v1"",""shortening_bits"":12,""z"":112}",[2048]
QPSK,2/3,QPSK:r2/3,e685016da79e84e74e121c4549e6f3046546cae406df75a6762f11a8c14ea727,924,16,0,940,960,20,4992,3412,1706,0,0.27549824150058616,0.2708089097303634,"{""actual_effective_rate"":0.27549824150058616,""bg"":""bg2"",""bit_mapping"":""component_Gray_00_-3_01_-1_10_3_11_1_over_sqrt5;QPSK_0_plus1_1_minus1"",""code_blocks"":1,""decoder_config"":{""cn_schedule"":""flooding"",""cn_update"":""boxplus-phi"",""early_stop"":false,""hard_out"":true,""harq_mode"":false,""llr_max"":20.0,""num_iter"":20,""precision"":""single"",""prune_pcm"":true,""return_infobits"":true,""vn_update"":""sum""},""implementation"":{""bit_mapping"":""component_Gray_00_-3_01_-1_10_3_11_1_over_sqrt5;QPSK_0_plus1_1_minus1"",""cuda"":""12.8"",""decoder"":{""cn_schedule"":""flooding"",""cn_update"":""boxplus-phi"",""early_stop"":false,""hard_out"":true,""harq_mode"":false,""llr_max"":20.0,""num_iter"":20,""precision"":""single"",""prune_pcm"":true,""return_infobits"":true,""vn_update"":""sum""},""decoder_source_sha256"":""44d84b92b749e2970f94d92cd348a11648e2286b4d851faa0af8b21d08f0da23"",""encoder_source_sha256"":""34d8db6660b2e84708a8fb534f63c194f6f2b964e3693fcffc9dcaf21532ccfd"",""implementation"":""Sionna_5G_LDPC"",""power_protocol"":""fixed_constellation_average_Es2"",""precision"":""float32"",""rate_matching"":""Sionna RV0; filler removal, first2Z and tail puncturing; supported n only"",""scrambling"":""public_PCG64_SHA256_protocol_session_frame_group_counter_after_rate_matching_v1"",""torch"":""2.11.0+cu128"",""version"":""2.2.0""},""interleaver_sha256"":""a067e20f73ec3f7b1a7083e7bc01f373dab0bb1a717c6810b5d5c37917676477"",""k"":940,""k_filler"":20,""k_ldpc"":960,""layout_id"":""ddbf4ac1d55327c5e273ef210cf003c783acb1ba632064441cb6a03a83693901"",""modulation_padding_bits"":0,""mother_bits"":4992,""n"":3412,""n_cb"":4800,""n_cb_comp"":4780,""power_protocol"":""fixed_constellation_average_Es2"",""puncturing_bits"":1560,""puncturing_first_2Z"":192,""puncturing_remaining"":1368,""repetition_bits"":0,""scrambling"":""public_PCG64_SHA256_protocol_session_frame_group_counter_after_rate_matching_v1"",""shortening_bits"":20,""z"":96}",[2048]
QPSK,3/4,QPSK:r3/4,e696004057cf134a2a0db47e7d889fcb86e2fc1358993e3ae1e145f17f40626c,144,16,0,160,280,120,1456,304,152,0,0.5263157894736842,0.47368421052631576,"{""actual_effective_rate"":0.5263157894736842,""bg"":""bg2"",""bit_mapping"":""component_Gray_00_-3_01_-1_10_3_11_1_over_sqrt5;QPSK_0_plus1_1_minus1"",""code_blocks"":1,""decoder_config"":{""cn_schedule"":""flooding"",""cn_update"":""boxplus-phi"",""early_stop"":false,""hard_out"":true,""harq_mode"":false,""llr_max"":20.0,""num_iter"":20,""precision"":""single"",""prune_pcm"":true,""return_infobits"":true,""vn_update"":""sum""},""implementation"":{""bit_mapping"":""component_Gray_00_-3_01_-1_10_3_11_1_over_sqrt5;QPSK_0_plus1_1_minus1"",""cuda"":""12.8"",""decoder"":{""cn_schedule"":""flooding"",""cn_update"":""boxplus-phi"",""early_stop"":false,""hard_out"":true,""harq_mode"":false,""llr_max"":20.0,""num_iter"":20,""precision"":""single"",""prune_pcm"":true,""return_infobits"":true,""vn_update"":""sum""},""decoder_source_sha256"":""44d84b92b749e2970f94d92cd348a11648e2286b4d851faa0af8b21d08f0da23"",""encoder_source_sha256"":""34d8db6660b2e84708a8fb534f63c194f6f2b964e3693fcffc9dcaf21532ccfd"",""implementation"":""Sionna_5G_LDPC"",""power_protocol"":""fixed_constellation_average_Es2"",""precision"":""float32"",""rate_matching"":""Sionna RV0; filler removal, first2Z and tail puncturing; supported n only"",""scrambling"":""public_PCG64_SHA256_protocol_session_frame_group_counter_after_rate_matching_v1"",""torch"":""2.11.0+cu128"",""version"":""2.2.0""},""interleaver_sha256"":""123d47ffd1fe9a695b58e7992dab36a4a9dfc4820a0881119fa5784c4a811e27"",""k"":160,""k_filler"":120,""k_ldpc"":280,""layout_id"":""84462ea7612177d0357c181edb0985f7ffaada1b9dc09cf2a2ac678d7304ce8e"",""modulation_padding_bits"":0,""mother_bits"":1456,""n"":304,""n_cb"":1400,""n_cb_comp"":1280,""power_protocol"":""fixed_constellation_average_Es2"",""puncturing_bits"":1032,""puncturing_first_2Z"":56,""puncturing_remaining"":976,""repetition_bits"":0,""scrambling"":""public_PCG64_SHA256_protocol_session_frame_group_counter_after_rate_matching_v1"",""shortening_bits"":120,""z"":28}",[1024]
16QAM,5/6,16QAM:r5/6,e6a6a733647c638ee711bfc540da22633087ad2d36e3e3f52d82608c0b06b4f7,5196,16,0,5212,5280,68,16320,7008,1752,0,0.7437214611872146,0.7414383561643836,"{""actual_effective_rate"":0.7437214611872146,""bg"":""bg1"",""bit_mapping"":""component_Gray_00_-3_01_-1_10_3_11_1_over_sqrt5;QPSK_0_plus1_1_minus1"",""code_blocks"":1,""decoder_config"":{""cn_schedule"":""flooding"",""cn_update"":""boxplus-phi"",""early_stop"":false,""hard_out"":true,""harq_mode"":false,""llr_max"":20.0,""num_iter"":20,""precision"":""single"",""prune_pcm"":true,""return_infobits"":true,""vn_update"":""sum""},""implementation"":{""bit_mapping"":""component_Gray_00_-3_01_-1_10_3_11_1_over_sqrt5;QPSK_0_plus1_1_minus1"",""cuda"":""12.8"",""decoder"":{""cn_schedule"":""flooding"",""cn_update"":""boxplus-phi"",""early_stop"":false,""hard_out"":true,""harq_mode"":false,""llr_max"":20.0,""num_iter"":20,""precision"":""single"",""prune_pcm"":true,""return_infobits"":true,""vn_update"":""sum""},""decoder_source_sha256"":""44d84b92b749e2970f94d92cd348a11648e2286b4d851faa0af8b21d08f0da23"",""encoder_source_sha256"":""34d8db6660b2e84708a8fb534f63c194f6f2b964e3693fcffc9dcaf21532ccfd"",""implementation"":""Sionna_5G_LDPC"",""power_protocol"":""fixed_constellation_average_Es2"",""precision"":""float32"",""rate_matching"":""Sionna RV0; filler removal, first2Z and tail puncturing; supported n only"",""scrambling"":""public_PCG64_SHA256_protocol_session_frame_group_counter_after_rate_matching_v1"",""torch"":""2.11.0+cu128"",""version"":""2.2.0""},""interleaver_sha256"":""635d8b9a6f305c83969bfcff3ba2d00cc31191f04e71ac3f7e80a888cc02ae5e"",""k"":5212,""k_filler"":68,""k_ldpc"":5280,""layout_id"":""ad5f0ede80782f9d1c97c7355f136f3a85ed49c78708711f525f6fac2f44f952"",""modulation_padding_bits"":0,""mother_bits"":16320,""n"":7008,""n_cb"":15840,""n_cb_comp"":15772,""power_protocol"":""fixed_constellation_average_Es2"",""puncturing_bits"":9244,""puncturing_first_2Z"":480,""puncturing_remaining"":8764,""repetition_bits"":0,""scrambling"":""public_PCG64_SHA256_protocol_session_frame_group_counter_after_rate_matching_v1"",""shortening_bits"":68,""z"":240}",[2048]
16QAM,5/6,16QAM:r5/6,e6c82db0bfc2a3aa5ffd84983008c643b65fcb26ecbff6b553e574061bde140e,600,16,0,616,616,0,1904,740,185,0,0.8324324324324325,0.8108108108108109,"{""actual_effective_rate"":0.8324324324324325,""bg"":""bg1"",""bit_mapping"":""component_Gray_00_-3_01_-1_10_3_11_1_over_sqrt5;QPSK_0_plus1_1_minus1"",""code_blocks"":1,""decoder_config"":{""cn_schedule"":""flooding"",""cn_update"":""boxplus-phi"",""early_stop"":false,""hard_out"":true,""harq_mode"":false,""llr_max"":20.0,""num_iter"":20,""precision"":""single"",""prune_pcm"":true,""return_infobits"":true,""vn_update"":""sum""},""implementation"":{""bit_mapping"":""component_Gray_00_-3_01_-1_10_3_11_1_over_sqrt5;QPSK_0_plus1_1_minus1"",""cuda"":""12.8"",""decoder"":{""cn_schedule"":""flooding"",""cn_update"":""boxplus-phi"",""early_stop"":false,""hard_out"":true,""harq_mode"":false,""llr_max"":20.0,""num_iter"":20,""precision"":""single"",""prune_pcm"":true,""return_infobits"":true,""vn_update"":""sum""},""decoder_source_sha256"":""44d84b92b749e2970f94d92cd348a11648e2286b4d851faa0af8b21d08f0da23"",""encoder_source_sha256"":""34d8db6660b2e84708a8fb534f63c194f6f2b964e3693fcffc9dcaf21532ccfd"",""implementation"":""Sionna_5G_LDPC"",""power_protocol"":""fixed_constellation_average_Es2"",""precision"":""float32"",""rate_matching"":""Sionna RV0; filler removal, first2Z and tail puncturing; supported n only"",""scrambling"":""public_PCG64_SHA256_protocol_session_frame_group_counter_after_rate_matching_v1"",""torch"":""2.11.0+cu128"",""version"":""2.2.0""},""interleaver_sha256"":""6e68c18df5ccf5e72f663b845a147135faa9061bd9fa7a4fe1a1e54dd6cf5ff3"",""k"":616,""k_filler"":0,""k_ldpc"":616,""layout_id"":""9e5c8fec468f5d8d8156336e516dc6573fb5822e946c22383852f73348ff65a3"",""modulation_padding_bits"":0,""mother_bits"":1904,""n"":740,""n_cb"":1848,""n_cb_comp"":1848,""power_protocol"":""fixed_constellation_average_Es2"",""puncturing_bits"":1164,""puncturing_first_2Z"":56,""puncturing_remaining"":1108,""repetition_bits"":0,""scrambling"":""public_PCG64_SHA256_protocol_session_frame_group_counter_after_rate_matching_v1"",""shortening_bits"":0,""z"":28}","[1024,2048]"
QPSK,3/4,QPSK:r3/4,e6d5fb0c288985d95ebd258de915ec8e5b73e649e000222e3cfea61c81e2c88b,660,16,0,676,720,44,3744,2190,1095,0,0.308675799086758,0.3013698630136986,"{""actual_effective_rate"":0.308675799086758,""bg"":""bg2"",""bit_mapping"":""component_Gray_00_-3_01_-1_10_3_11_1_over_sqrt5;QPSK_0_plus1_1_minus1"",""code_blocks"":1,""decoder_config"":{""cn_schedule"":""flooding"",""cn_update"":""boxplus-phi"",""early_stop"":false,""hard_out"":true,""harq_mode"":false,""llr_max"":20.0,""num_iter"":20,""precision"":""single"",""prune_pcm"":true,""return_infobits"":true,""vn_update"":""sum""},""implementation"":{""bit_mapping"":""component_Gray_00_-3_01_-1_10_3_11_1_over_sqrt5;QPSK_0_plus1_1_minus1"",""cuda"":""12.8"",""decoder"":{""cn_schedule"":""flooding"",""cn_update"":""boxplus-phi"",""early_stop"":false,""hard_out"":true,""harq_mode"":false,""llr_max"":20.0,""num_iter"":20,""precision"":""single"",""prune_pcm"":true,""return_infobits"":true,""vn_update"":""sum""},""decoder_source_sha256"":""44d84b92b749e2970f94d92cd348a11648e2286b4d851faa0af8b21d08f0da23"",""encoder_source_sha256"":""34d8db6660b2e84708a8fb534f63c194f6f2b964e3693fcffc9dcaf21532ccfd"",""implementation"":""Sionna_5G_LDPC"",""power_protocol"":""fixed_constellation_average_Es2"",""precision"":""float32"",""rate_matching"":""Sionna RV0; filler removal, first2Z and tail puncturing; supported n only"",""scrambling"":""public_PCG64_SHA256_protocol_session_frame_group_counter_after_rate_matching_v1"",""torch"":""2.11.0+cu128"",""version"":""2.2.0""},""interleaver_sha256"":""dfc978cdf18575f0a57041f10c9e344b3cd14f2988bd1f3214c5a778554d0e09"",""k"":676,""k_filler"":44,""k_ldpc"":720,""layout_id"":""abf79d5de963733c37278f27599b548e05d14f24c8079c46fa85b8668a2b2f6e"",""modulation_padding_bits"":0,""mother_bits"":3744,""n"":2190,""n_cb"":3600,""n_cb_comp"":3556,""power_protocol"":""fixed_constellation_average_Es2"",""puncturing_bits"":1510,""puncturing_first_2Z"":144,""puncturing_remaining"":1366,""repetition_bits"":0,""scrambling"":""public_PCG64_SHA256_protocol_session_frame_group_counter_after_rate_matching_v1"",""shortening_bits"":44,""z"":72}",[2048]
QPSK,3/4,QPSK:r3/4,e6df41c15750a98e1a5808868b596a1f0d089d76aeaf97fb3188a70031c6bce4,1092,16,0,1108,1144,36,3536,1478,739,0,0.7496617050067659,0.7388362652232747,"{""actual_effective_rate"":0.7496617050067659,""bg"":""bg1"",""bit_mapping"":""component_Gray_00_-3_01_-1_10_3_11_1_over_sqrt5;QPSK_0_plus1_1_minus1"",""code_blocks"":1,""decoder_config"":{""cn_schedule"":""flooding"",""cn_update"":""boxplus-phi"",""early_stop"":false,""hard_out"":true,""harq_mode"":false,""llr_max"":20.0,""num_iter"":20,""precision"":""single"",""prune_pcm"":true,""return_infobits"":true,""vn_update"":""sum""},""implementation"":{""bit_mapping"":""component_Gray_00_-3_01_-1_10_3_11_1_over_sqrt5;QPSK_0_plus1_1_minus1"",""cuda"":""12.8"",""decoder"":{""cn_schedule"":""flooding"",""cn_update"":""boxplus-phi"",""early_stop"":false,""hard_out"":true,""harq_mode"":false,""llr_max"":20.0,""num_iter"":20,""precision"":""single"",""prune_pcm"":true,""return_infobits"":true,""vn_update"":""sum""},""decoder_source_sha256"":""44d84b92b749e2970f94d92cd348a11648e2286b4d851faa0af8b21d08f0da23"",""encoder_source_sha256"":""34d8db6660b2e84708a8fb534f63c194f6f2b964e3693fcffc9dcaf21532ccfd"",""implementation"":""Sionna_5G_LDPC"",""power_protocol"":""fixed_constellation_average_Es2"",""precision"":""float32"",""rate_matching"":""Sionna RV0; filler removal, first2Z and tail puncturing; supported n only"",""scrambling"":""public_PCG64_SHA256_protocol_session_frame_group_counter_after_rate_matching_v1"",""torch"":""2.11.0+cu128"",""version"":""2.2.0""},""interleaver_sha256"":""50233b50bdf08ba671fded93e0d031e469287384c85a720739cfbb7f7cad23d7"",""k"":1108,""k_filler"":36,""k_ldpc"":1144,""layout_id"":""73b9a08e35b1aace3bf6168053481f2ebbc83c1fa3d5bfcc0a033ea2313a7ea4"",""modulation_padding_bits"":0,""mother_bits"":3536,""n"":1478,""n_cb"":3432,""n_cb_comp"":3396,""power_protocol"":""fixed_constellation_average_Es2"",""puncturing_bits"":2022,""puncturing_first_2Z"":104,""puncturing_remaining"":1918,""repetition_bits"":0,""scrambling"":""public_PCG64_SHA256_protocol_session_frame_group_counter_after_rate_matching_v1"",""shortening_bits"":36,""z"":52}","[1024,2048]"
16QAM,5/6,16QAM:r5/6,e6e687af1fac7e7ce0f620f2518adc21c39aff78d5f5243e2d62a020f49ee55b,2700,16,0,2716,2880,164,14976,6432,1608,0,0.4222636815920398,0.4197761194029851,"{""actual_effective_rate"":0.4222636815920398,""bg"":""bg2"",""bit_mapping"":""component_Gray_00_-3_01_-1_10_3_11_1_over_sqrt5;QPSK_0_plus1_1_minus1"",""code_blocks"":1,""decoder_config"":{""cn_schedule"":""flooding"",""cn_update"":""boxplus-phi"",""early_stop"":false,""hard_out"":true,""harq_mode"":false,""llr_max"":20.0,""num_iter"":20,""precision"":""single"",""prune_pcm"":true,""return_infobits"":true,""vn_update"":""sum""},""implementation"":{""bit_mapping"":""component_Gray_00_-3_01_-1_10_3_11_1_over_sqrt5;QPSK_0_plus1_1_minus1"",""cuda"":""12.8"",""decoder"":{""cn_schedule"":""flooding"",""cn_update"":""boxplus-phi"",""early_stop"":false,""hard_out"":true,""harq_mode"":false,""llr_max"":20.0,""num_iter"":20,""precision"":""single"",""prune_pcm"":true,""return_infobits"":true,""vn_update"":""sum""},""decoder_source_sha256"":""44d84b92b749e2970f94d92cd348a11648e2286b4d851faa0af8b21d08f0da23"",""encoder_source_sha256"":""34d8db6660b2e84708a8fb534f63c194f6f2b964e3693fcffc9dcaf21532ccfd"",""implementation"":""Sionna_5G_LDPC"",""power_protocol"":""fixed_constellation_average_Es2"",""precision"":""float32"",""rate_matching"":""Sionna RV0; filler removal, first2Z and tail puncturing; supported n only"",""scrambling"":""public_PCG64_SHA256_protocol_session_frame_group_counter_after_rate_matching_v1"",""torch"":""2.11.0+cu128"",""version"":""2.2.0""},""interleaver_sha256"":""3923ec5d087be7f43cdf16ac6d43c9681be32e15ba5f4f0d07db04289bcb3423"",""k"":2716,""k_filler"":164,""k_ldpc"":2880,""layout_id"":""b6c3ba761e6869ec4f028e72e383f39eb58ecbcf2ba840d8b1ec3cb4f28f015a"",""modulation_padding_bits"":0,""mother_bits"":14976,""n"":6432,""n_cb"":14400,""n_cb_comp"":14236,""power_protocol"":""fixed_constellation_average_Es2"",""puncturing_bits"":8380,""puncturing_first_2Z"":576,""puncturing_remaining"":7804,""repetition_bits"":0,""scrambling"":""public_PCG64_SHA256_protocol_session_frame_group_counter_after_rate_matching_v1"",""shortening_bits"":164,""z"":288}",[2048]
16QAM,5/6,16QAM:r5/6,e6ed18cb3215c90ec4dfb00e478e4448ebfe943246495f51d474a3819ff6a10a,1092,16,0,1108,1120,12,5824,1724,431,0,0.642691415313225,0.6334106728538283,"{""actual_effective_rate"":0.642691415313225,""bg"":""bg2"",""bit_mapping"":""component_Gray_00_-3_01_-1_10_3_11_1_over_sqrt5;QPSK_0_plus1_1_minus1"",""code_blocks"":1,""decoder_config"":{""cn_schedule"":""flooding"",""cn_update"":""boxplus-phi"",""early_stop"":false,""hard_out"":true,""harq_mode"":false,""llr_max"":20.0,""num_iter"":20,""precision"":""single"",""prune_pcm"":true,""return_infobits"":true,""vn_update"":""sum""},""implementation"":{""bit_mapping"":""component_Gray_00_-3_01_-1_10_3_11_1_over_sqrt5;QPSK_0_plus1_1_minus1"",""cuda"":""12.8"",""decoder"":{""cn_schedule"":""flooding"",""cn_update"":""boxplus-phi"",""early_stop"":false,""hard_out"":true,""harq_mode"":false,""llr_max"":20.0,""num_iter"":20,""precision"":""single"",""prune_pcm"":true,""return_infobits"":true,""vn_update"":""sum""},""decoder_source_sha256"":""44d84b92b749e2970f94d92cd348a11648e2286b4d851faa0af8b21d08f0da23"",""encoder_source_sha256"":""34d8db6660b2e84708a8fb534f63c194f6f2b964e3693fcffc9dcaf21532ccfd"",""implementation"":""Sionna_5G_LDPC"",""power_protocol"":""fixed_constellation_average_Es2"",""precision"":""float32"",""rate_matching"":""Sionna RV0; filler removal, first2Z and tail puncturing; supported n only"",""scrambling"":""public_PCG64_SHA256_protocol_session_frame_group_counter_after_rate_matching_v1"",""torch"":""2.11.0+cu128"",""version"":""2.2.0""},""interleaver_sha256"":""45ac65257730442b3ce6ef5f9772435dd59bbbf5df7c3b1d625675f48dac8f7d"",""k"":1108,""k_filler"":12,""k_ldpc"":1120,""layout_id"":""69b8338a8ccc258fb40ad1957457ae9224a26ad9760f9d3899b48b021d357cb7"",""modulation_padding_bits"":0,""mother_bits"":5824,""n"":1724,""n_cb"":5600,""n_cb_comp"":5588,""power_protocol"":""fixed_constellation_average_Es2"",""puncturing_bits"":4088,""puncturing_first_2Z"":224,""puncturing_remaining"":3864,""repetition_bits"":0,""scrambling"":""public_PCG64_SHA256_protocol_session_frame_group_counter_after_rate_matching_v1"",""shortening_bits"":12,""z"":112}","[1024,2048]"
16QAM,3/4,16QAM:r3/4,e6ed9ca9fb4306eed1d259a80c102bc970b0c6686d67b41ff72256446746c762,1500,16,0,1516,1600,84,8320,2292,573,0,0.6614310645724258,0.6544502617801047,"{""actual_effective_rate"":0.6614310645724258,""bg"":""bg2"",""bit_mapping"":""component_Gray_00_-3_01_-1_10_3_11_1_over_sqrt5;QPSK_0_plus1_1_minus1"",""code_blocks"":1,""decoder_config"":{""cn_schedule"":""flooding"",""cn_update"":""boxplus-phi"",""early_stop"":false,""hard_out"":true,""harq_mode"":false,""llr_max"":20.0,""num_iter"":20,""precision"":""single"",""prune_pcm"":true,""return_infobits"":true,""vn_update"":""sum""},""implementation"":{""bit_mapping"":""component_Gray_00_-3_01_-1_10_3_11_1_over_sqrt5;QPSK_0_plus1_1_minus1"",""cuda"":""12.8"",""decoder"":{""cn_schedule"":""flooding"",""cn_update"":""boxplus-phi"",""early_stop"":false,""hard_out"":true,""harq_mode"":false,""llr_max"":20.0,""num_iter"":20,""precision"":""single"",""prune_pcm"":true,""return_infobits"":true,""vn_update"":""sum""},""decoder_source_sha256"":""44d84b92b749e2970f94d92cd348a11648e2286b4d851faa0af8b21d08f0da23"",""encoder_source_sha256"":""34d8db6660b2e84708a8fb534f63c194f6f2b964e3693fcffc9dcaf21532ccfd"",""implementation"":""Sionna_5G_LDPC"",""power_protocol"":""fixed_constellation_average_Es2"",""precision"":""float32"",""rate_matching"":""Sionna RV0; filler removal, first2Z and tail puncturing; supported n only"",""scrambling"":""public_PCG64_SHA256_protocol_session_frame_group_counter_after_rate_matching_v1"",""torch"":""2.11.0+cu128"",""version"":""2.2.0""},""interleaver_sha256"":""070f4d7595bb60adef546cd9863361b4aa1555cb7f84c2fa9c26ad3a2922ae06"",""k"":1516,""k_filler"":84,""k_ldpc"":1600,""layout_id"":""c7c984b4de99b26a7ab43340c6a7fa7172c582b0abe79af2a4f88d4768bc4766"",""modulation_padding_bits"":0,""mother_bits"":8320,""n"":2292,""n_cb"":8000,""n_cb_comp"":7916,""power_protocol"":""fixed_constellation_average_Es2"",""puncturing_bits"":5944,""puncturing_first_2Z"":320,""puncturing_remaining"":5624,""repetition_bits"":0,""scrambling"":""public_PCG64_SHA256_protocol_session_frame_group_counter_after_rate_matching_v1"",""shortening_bits"":84,""z"":160}",[1024]
QPSK,5/6,QPSK:r5/6,e6f3554df42c2202b21c01b4d42eff9bcff8c4752387aa4c2aeb41e91b9859a0,816,16,0,832,880,48,2720,1054,527,0,0.7893738140417458,0.7741935483870968,"{""actual_effective_rate"":0.7893738140417458,""bg"":""bg1"",""bit_mapping"":""component_Gray_00_-3_01_-1_10_3_11_1_over_sqrt5;QPSK_0_plus1_1_minus1"",""code_blocks"":1,""decoder_config"":{""cn_schedule"":""flooding"",""cn_update"":""boxplus-phi"",""early_stop"":false,""hard_out"":true,""harq_mode"":false,""llr_max"":20.0,""num_iter"":20,""precision"":""single"",""prune_pcm"":true,""return_infobits"":true,""vn_update"":""sum""},""implementation"":{""bit_mapping"":""component_Gray_00_-3_01_-1_10_3_11_1_over_sqrt5;QPSK_0_plus1_1_minus1"",""cuda"":""12.8"",""decoder"":{""cn_schedule"":""flooding"",""cn_update"":""boxplus-phi"",""early_stop"":false,""hard_out"":true,""harq_mode"":false,""llr_max"":20.0,""num_iter"":20,""precision"":""single"",""prune_pcm"":true,""return_infobits"":true,""vn_update"":""sum""},""decoder_source_sha256"":""44d84b92b749e2970f94d92cd348a11648e2286b4d851faa0af8b21d08f0da23"",""encoder_source_sha256"":""34d8db6660b2e84708a8fb534f63c194f6f2b964e3693fcffc9dcaf21532ccfd"",""implementation"":""Sionna_5G_LDPC"",""power_protocol"":""fixed_constellation_average_Es2"",""precision"":""float32"",""rate_matching"":""Sionna RV0; filler removal, first2Z and tail puncturing; supported n only"",""scrambling"":""public_PCG64_SHA256_protocol_session_frame_group_counter_after_rate_matching_v1"",""torch"":""2.11.0+cu128"",""version"":""2.2.0""},""interleaver_sha256"":""5603df918f7618186de1a58dfb540648d1ac7409479f94145fab1239bff00f0b"",""k"":832,""k_filler"":48,""k_ldpc"":880,""layout_id"":""25a4fb692fe37e80a95bfa31593eb7d8ebd453868812ad13d0b9c6c99228d1ea"",""modulation_padding_bits"":0,""mother_bits"":2720,""n"":1054,""n_cb"":2640,""n_cb_comp"":2592,""power_protocol"":""fixed_constellation_average_Es2"",""puncturing_bits"":1618,""puncturing_first_2Z"":80,""puncturing_remaining"":1538,""repetition_bits"":0,""scrambling"":""public_PCG64_SHA256_protocol_session_frame_group_counter_after_rate_matching_v1"",""shortening_bits"":48,""z"":40}",[1024]
16QAM,3/4,16QAM:r3/4,e6f43dfa72f86c85018c7f63ede13c43baa68bf3392bdcf26ce7fc670e223eb3,1200,16,0,1216,1280,64,6656,3316,829,0,0.36670687575392036,0.3618817852834741,"{""actual_effective_rate"":0.36670687575392036,""bg"":""bg2"",""bit_mapping"":""component_Gray_00_-3_01_-1_10_3_11_1_over_sqrt5;QPSK_0_plus1_1_minus1"",""code_blocks"":1,""decoder_config"":{""cn_schedule"":""flooding"",""cn_update"":""boxplus-phi"",""early_stop"":false,""hard_out"":true,""harq_mode"":false,""llr_max"":20.0,""num_iter"":20,""precision"":""single"",""prune_pcm"":true,""return_infobits"":true,""vn_update"":""sum""},""implementation"":{""bit_mapping"":""component_Gray_00_-3_01_-1_10_3_11_1_over_sqrt5;QPSK_0_plus1_1_minus1"",""cuda"":""12.8"",""decoder"":{""cn_schedule"":""flooding"",""cn_update"":""boxplus-phi"",""early_stop"":false,""hard_out"":true,""harq_mode"":false,""llr_max"":20.0,""num_iter"":20,""precision"":""single"",""prune_pcm"":true,""return_infobits"":true,""vn_update"":""sum""},""decoder_source_sha256"":""44d84b92b749e2970f94d92cd348a11648e2286b4d851faa0af8b21d08f0da23"",""encoder_source_sha256"":""34d8db6660b2e84708a8fb534f63c194f6f2b964e3693fcffc9dcaf21532ccfd"",""implementation"":""Sionna_5G_LDPC"",""power_protocol"":""fixed_constellation_average_Es2"",""precision"":""float32"",""rate_matching"":""Sionna RV0; filler removal, first2Z and tail puncturing; supported n only"",""scrambling"":""public_PCG64_SHA256_protocol_session_frame_group_counter_after_rate_matching_v1"",""torch"":""2.11.0+cu128"",""version"":""2.2.0""},""interleaver_sha256"":""706169411b3ea1e8cc8657efde6a55ee044d9691e4fcf163cc2d1a76504aed51"",""k"":1216,""k_filler"":64,""k_ldpc"":1280,""layout_id"":""6f751c715e81153ff038a9219be0d933ddb9c82591d0211fb9203b524e4ff134"",""modulation_padding_bits"":0,""mother_bits"":6656,""n"":3316,""n_cb"":6400,""n_cb_comp"":6336,""power_protocol"":""fixed_constellation_average_Es2"",""puncturing_bits"":3276,""puncturing_first_2Z"":256,""puncturing_remaining"":3020,""repetition_bits"":0,""scrambling"":""public_PCG64_SHA256_protocol_session_frame_group_counter_after_rate_matching_v1"",""shortening_bits"":64,""z"":128}",[2048]
16QAM,5/6,16QAM:r5/6,e6f7b1a32718831326f5d7558d872531840da83eb0607ddead9be7133aba9153,5820,16,0,5836,6336,500,19584,7012,1753,0,0.8322875071306332,0.8300057045065602,"{""actual_effective_rate"":0.8322875071306332,""bg"":""bg1"",""bit_mapping"":""component_Gray_00_-3_01_-1_10_3_11_1_over_sqrt5;QPSK_0_plus1_1_minus1"",""code_blocks"":1,""decoder_config"":{""cn_schedule"":""flooding"",""cn_update"":""boxplus-phi"",""early_stop"":false,""hard_out"":true,""harq_mode"":false,""llr_max"":20.0,""num_iter"":20,""precision"":""single"",""prune_pcm"":true,""return_infobits"":true,""vn_update"":""sum""},""implementation"":{""bit_mapping"":""component_Gray_00_-3_01_-1_10_3_11_1_over_sqrt5;QPSK_0_plus1_1_minus1"",""cuda"":""12.8"",""decoder"":{""cn_schedule"":""flooding"",""cn_update"":""boxplus-phi"",""early_stop"":false,""hard_out"":true,""harq_mode"":false,""llr_max"":20.0,""num_iter"":20,""precision"":""single"",""prune_pcm"":true,""return_infobits"":true,""vn_update"":""sum""},""decoder_source_sha256"":""44d84b92b749e2970f94d92cd348a11648e2286b4d851faa0af8b21d08f0da23"",""encoder_source_sha256"":""34d8db6660b2e84708a8fb534f63c194f6f2b964e3693fcffc9dcaf21532ccfd"",""implementation"":""Sionna_5G_LDPC"",""power_protocol"":""fixed_constellation_average_Es2"",""precision"":""float32"",""rate_matching"":""Sionna RV0; filler removal, first2Z and tail puncturing; supported n only"",""scrambling"":""public_PCG64_SHA256_protocol_session_frame_group_counter_after_rate_matching_v1"",""torch"":""2.11.0+cu128"",""version"":""2.2.0""},""interleaver_sha256"":""991c5b86e28c1141e0546753a6b8ae693836ab9aeff81aa66ac87ab529d6e4b0"",""k"":5836,""k_filler"":500,""k_ldpc"":6336,""layout_id"":""91f21a1aad7965d77ee32bd88b82315cddcf0944a25a890154e5715692d661d7"",""modulation_padding_bits"":0,""mother_bits"":19584,""n"":7012,""n_cb"":19008,""n_cb_comp"":18508,""power_protocol"":""fixed_constellation_average_Es2"",""puncturing_bits"":12072,""puncturing_first_2Z"":576,""puncturing_remaining"":11496,""repetition_bits"":0,""scrambling"":""public_PCG64_SHA256_protocol_session_frame_group_counter_after_rate_matching_v1"",""shortening_bits"":500,""z"":288}",[2048]
16QAM,1/3,16QAM:r1/3,e715ac276cc39e2f0fd67f325d228d0a0cfc004c2b0763888ede1f52d395e5ef,924,16,0,940,960,20,4992,2892,723,0,0.32503457814661135,0.31950207468879666,"{""actual_effective_rate"":0.32503457814661135,""bg"":""bg2"",""bit_mapping"":""component_Gray_00_-3_01_-1_10_3_11_1_over_sqrt5;QPSK_0_plus1_1_minus1"",""code_blocks"":1,""decoder_config"":{""cn_schedule"":""flooding"",""cn_update"":""boxplus-phi"",""early_stop"":false,""hard_out"":true,""harq_mode"":false,""llr_max"":20.0,""num_iter"":20,""precision"":""single"",""prune_pcm"":true,""return_infobits"":true,""vn_update"":""sum""},""implementation"":{""bit_mapping"":""component_Gray_00_-3_01_-1_10_3_11_1_over_sqrt5;QPSK_0_plus1_1_minus1"",""cuda"":""12.8"",""decoder"":{""cn_schedule"":""flooding"",""cn_update"":""boxplus-phi"",""early_stop"":false,""hard_out"":true,""harq_mode"":false,""llr_max"":20.0,""num_iter"":20,""precision"":""single"",""prune_pcm"":true,""return_infobits"":true,""vn_update"":""sum""},""decoder_source_sha256"":""44d84b92b749e2970f94d92cd348a11648e2286b4d851faa0af8b21d08f0da23"",""encoder_source_sha256"":""34d8db6660b2e84708a8fb534f63c194f6f2b964e3693fcffc9dcaf21532ccfd"",""implementation"":""Sionna_5G_LDPC"",""power_protocol"":""fixed_constellation_average_Es2"",""precision"":""float32"",""rate_matching"":""Sionna RV0; filler removal, first2Z and tail puncturing; supported n only"",""scrambling"":""public_PCG64_SHA256_protocol_session_frame_group_counter_after_rate_matching_v1"",""torch"":""2.11.0+cu128"",""version"":""2.2.0""},""interleaver_sha256"":""cbdde151fadafbaaecb52a38d1ba76e392ab51bc8c7549ea56e9f63812713023"",""k"":940,""k_filler"":20,""k_ldpc"":960,""layout_id"":""6fef3a88a68240f47f613e40ee9c4358bc2f4526cab269422beea76781fd81c7"",""modulation_padding_bits"":0,""mother_bits"":4992,""n"":2892,""n_cb"":4800,""n_cb_comp"":4780,""power_protocol"":""fixed_constellation_average_Es2"",""puncturing_bits"":2080,""puncturing_first_2Z"":192,""puncturing_remaining"":1888,""repetition_bits"":0,""scrambling"":""public_PCG64_SHA256_protocol_session_frame_group_counter_after_rate_matching_v1"",""shortening_bits"":20,""z"":96}",[1024]
16QAM,2/3,16QAM:r2/3,e7169872d9fc059514bd6f4dcc2d1991663f31f6bccf2c0e532d33711f92929a,660,16,0,676,720,44,3744,1128,282,0,0.599290780141844,0.5851063829787234,"{""actual_effective_rate"":0.599290780141844,""bg"":""bg2"",""bit_mapping"":""component_Gray_00_-3_01_-1_10_3_11_1_over_sqrt5;QPSK_0_plus1_1_minus1"",""code_blocks"":1,""decoder_config"":{""cn_schedule"":""flooding"",""cn_update"":""boxplus-phi"",""early_stop"":false,""hard_out"":true,""harq_mode"":false,""llr_max"":20.0,""num_iter"":20,""precision"":""single"",""prune_pcm"":true,""return_infobits"":true,""vn_update"":""sum""},""implementation"":{""bit_mapping"":""component_Gray_00_-3_01_-1_10_3_11_1_over_sqrt5;QPSK_0_plus1_1_minus1"",""cuda"":""12.8"",""decoder"":{""cn_schedule"":""flooding"",""cn_update"":""boxplus-phi"",""early_stop"":false,""hard_out"":true,""harq_mode"":false,""llr_max"":20.0,""num_iter"":20,""precision"":""single"",""prune_pcm"":true,""return_infobits"":true,""vn_update"":""sum""},""decoder_source_sha256"":""44d84b92b749e2970f94d92cd348a11648e2286b4d851faa0af8b21d08f0da23"",""encoder_source_sha256"":""34d8db6660b2e84708a8fb534f63c194f6f2b964e3693fcffc9dcaf21532ccfd"",""implementation"":""Sionna_5G_LDPC"",""power_protocol"":""fixed_constellation_average_Es2"",""precision"":""float32"",""rate_matching"":""Sionna RV0; filler removal, first2Z and tail puncturing; supported n only"",""scrambling"":""public_PCG64_SHA256_protocol_session_frame_group_counter_after_rate_matching_v1"",""torch"":""2.11.0+cu128"",""version"":""2.2.0""},""interleaver_sha256"":""2cc1bd226db93a5d0219dd8d5e17db1c7e6bd79e8af87f343cf5b9ae882b41e5"",""k"":676,""k_filler"":44,""k_ldpc"":720,""layout_id"":""09611491c2955d1e82a3cdb2fb010749d505501020fe6857209fb278daedb53d"",""modulation_padding_bits"":0,""mother_bits"":3744,""n"":1128,""n_cb"":3600,""n_cb_comp"":3556,""power_protocol"":""fixed_constellation_average_Es2"",""puncturing_bits"":2572,""puncturing_first_2Z"":144,""puncturing_remaining"":2428,""repetition_bits"":0,""scrambling"":""public_PCG64_SHA256_protocol_session_frame_group_counter_after_rate_matching_v1"",""shortening_bits"":44,""z"":72}","[1024,2048]"
16QAM,1/2,16QAM:r1/2,e745daf190dd5dba0f810239b92e31a0d3acca723e0750155b169ed1725ec9be,1092,16,0,1108,1120,12,5824,3384,846,0,0.32742316784869974,0.32269503546099293,"{""actual_effective_rate"":0.32742316784869974,""bg"":""bg2"",""bit_mapping"":""component_Gray_00_-3_01_-1_10_3_11_1_over_sqrt5;QPSK_0_plus1_1_minus1"",""code_blocks"":1,""decoder_config"":{""cn_schedule"":""flooding"",""cn_update"":""boxplus-phi"",""early_stop"":false,""hard_out"":true,""harq_mode"":false,""llr_max"":20.0,""num_iter"":20,""precision"":""single"",""prune_pcm"":true,""return_infobits"":true,""vn_update"":""sum""},""implementation"":{""bit_mapping"":""component_Gray_00_-3_01_-1_10_3_11_1_over_sqrt5;QPSK_0_plus1_1_minus1"",""cuda"":""12.8"",""decoder"":{""cn_schedule"":""flooding"",""cn_update"":""boxplus-phi"",""early_stop"":false,""hard_out"":true,""harq_mode"":false,""llr_max"":20.0,""num_iter"":20,""precision"":""single"",""prune_pcm"":true,""return_infobits"":true,""vn_update"":""sum""},""decoder_source_sha256"":""44d84b92b749e2970f94d92cd348a11648e2286b4d851faa0af8b21d08f0da23"",""encoder_source_sha256"":""34d8db6660b2e84708a8fb534f63c194f6f2b964e3693fcffc9dcaf21532ccfd"",""implementation"":""Sionna_5G_LDPC"",""power_protocol"":""fixed_constellation_average_Es2"",""precision"":""float32"",""rate_matching"":""Sionna RV0; filler removal, first2Z and tail puncturing; supported n only"",""scrambling"":""public_PCG64_SHA256_protocol_session_frame_group_counter_after_rate_matching_v1"",""torch"":""2.11.0+cu128"",""version"":""2.2.0""},""interleaver_sha256"":""b2a9b98eceaafc26fe02fd3f521188494ed1b27f8e930d8fa125f39ea79fc1ab"",""k"":1108,""k_filler"":12,""k_ldpc"":1120,""layout_id"":""d5c0a64f17802550624a664d168d33ee0679bba76055785017158d1a0fe482c4"",""modulation_padding_bits"":0,""mother_bits"":5824,""n"":3384,""n_cb"":5600,""n_cb_comp"":5588,""power_protocol"":""fixed_constellation_average_Es2"",""puncturing_bits"":2428,""puncturing_first_2Z"":224,""puncturing_remaining"":2204,""repetition_bits"":0,""scrambling"":""public_PCG64_SHA256_protocol_session_frame_group_counter_after_rate_matching_v1"",""shortening_bits"":12,""z"":112}",[2048]
16QAM,5/6,16QAM:r5/6,e758dc445c1ea0af7ae8a23490b64e34f0680884bfc88e352368a2f1a3607fb1,1092,16,0,1108,1120,12,5824,3624,906,0,0.3057395143487859,0.30132450331125826,"{""actual_effective_rate"":0.3057395143487859,""bg"":""bg2"",""bit_mapping"":""component_Gray_00_-3_01_-1_10_3_11_1_over_sqrt5;QPSK_0_plus1_1_minus1"",""code_blocks"":1,""decoder_config"":{""cn_schedule"":""flooding"",""cn_update"":""boxplus-phi"",""early_stop"":false,""hard_out"":true,""harq_mode"":false,""llr_max"":20.0,""num_iter"":20,""precision"":""single"",""prune_pcm"":true,""return_infobits"":true,""vn_update"":""sum""},""implementation"":{""bit_mapping"":""component_Gray_00_-3_01_-1_10_3_11_1_over_sqrt5;QPSK_0_plus1_1_minus1"",""cuda"":""12.8"",""decoder"":{""cn_schedule"":""flooding"",""cn_update"":""boxplus-phi"",""early_stop"":false,""hard_out"":true,""harq_mode"":false,""llr_max"":20.0,""num_iter"":20,""precision"":""single"",""prune_pcm"":true,""return_infobits"":true,""vn_update"":""sum""},""decoder_source_sha256"":""44d84b92b749e2970f94d92cd348a11648e2286b4d851faa0af8b21d08f0da23"",""encoder_source_sha256"":""34d8db6660b2e84708a8fb534f63c194f6f2b964e3693fcffc9dcaf21532ccfd"",""implementation"":""Sionna_5G_LDPC"",""power_protocol"":""fixed_constellation_average_Es2"",""precision"":""float32"",""rate_matching"":""Sionna RV0; filler removal, first2Z and tail puncturing; supported n only"",""scrambling"":""public_PCG64_SHA256_protocol_session_frame_group_counter_after_rate_matching_v1"",""torch"":""2.11.0+cu128"",""version"":""2.2.0""},""interleaver_sha256"":""9a0765f98fc13497f5d7ad48961313be4d5630c961bc856d4430b9f98b5bffff"",""k"":1108,""k_filler"":12,""k_ldpc"":1120,""layout_id"":""4d6452fbd2d2e1c00b834a41c32c900ba3996721724b6f070b2f5ee2c616e3c1"",""modulation_padding_bits"":0,""mother_bits"":5824,""n"":3624,""n_cb"":5600,""n_cb_comp"":5588,""power_protocol"":""fixed_constellation_average_Es2"",""puncturing_bits"":2188,""puncturing_first_2Z"":224,""puncturing_remaining"":1964,""repetition_bits"":0,""scrambling"":""public_PCG64_SHA256_protocol_session_frame_group_counter_after_rate_matching_v1"",""shortening_bits"":12,""z"":112}",[2048]
16QAM,5/6,16QAM:r5/6,e759e8ba2b3efa3b4ce14a41d1b82cf003350eef7c7479cd3cec72f80301526c,360,16,0,376,480,104,2496,1468,367,0,0.2561307901907357,0.2452316076294278,"{""actual_effective_rate"":0.2561307901907357,""bg"":""bg2"",""bit_mapping"":""component_Gray_00_-3_01_-1_10_3_11_1_over_sqrt5;QPSK_0_plus1_1_minus1"",""code_blocks"":1,""decoder_config"":{""cn_schedule"":""flooding"",""cn_update"":""boxplus-phi"",""early_stop"":false,""hard_out"":true,""harq_mode"":false,""llr_max"":20.0,""num_iter"":20,""precision"":""single"",""prune_pcm"":true,""return_infobits"":true,""vn_update"":""sum""},""implementation"":{""bit_mapping"":""component_Gray_00_-3_01_-1_10_3_11_1_over_sqrt5;QPSK_0_plus1_1_minus1"",""cuda"":""12.8"",""decoder"":{""cn_schedule"":""flooding"",""cn_update"":""boxplus-phi"",""early_stop"":false,""hard_out"":true,""harq_mode"":false,""llr_max"":20.0,""num_iter"":20,""precision"":""single"",""prune_pcm"":true,""return_infobits"":true,""vn_update"":""sum""},""decoder_source_sha256"":""44d84b92b749e2970f94d92cd348a11648e2286b4d851faa0af8b21d08f0da23"",""encoder_source_sha256"":""34d8db6660b2e84708a8fb534f63c194f6f2b964e3693fcffc9dcaf21532ccfd"",""implementation"":""Sionna_5G_LDPC"",""power_protocol"":""fixed_constellation_average_Es2"",""precision"":""float32"",""rate_matching"":""Sionna RV0; filler removal, first2Z and tail puncturing; supported n only"",""scrambling"":""public_PCG64_SHA256_protocol_session_frame_group_counter_after_rate_matching_v1"",""torch"":""2.11.0+cu128"",""version"":""2.2.0""},""interleaver_sha256"":""6683d29adcd52b94a0a1249344d7409b076cff6437f33b9df76d779a33e3b475"",""k"":376,""k_filler"":104,""k_ldpc"":480,""layout_id"":""e1c9ba95a8a6c98a5a8860d976f352ac43100a44980e9623019b2ab353688bba"",""modulation_padding_bits"":0,""mother_bits"":2496,""n"":1468,""n_cb"":2400,""n_cb_comp"":2296,""power_protocol"":""fixed_constellation_average_Es2"",""puncturing_bits"":924,""puncturing_first_2Z"":96,""puncturing_remaining"":828,""repetition_bits"":0,""scrambling"":""public_PCG64_SHA256_protocol_session_frame_group_counter_after_rate_matching_v1"",""shortening_bits"":104,""z"":48}",[2048]
QPSK,1/2,QPSK:r1/2,e76b7639968686b9e34b7ba43f0e429017b92ffcffa264a35ace290dd1f32e7e,816,16,0,832,880,48,4576,2566,1283,0,0.32424006235385816,0.3180046765393609,"{""actual_effective_rate"":0.32424006235385816,""bg"":""bg2"",""bit_mapping"":""component_Gray_00_-3_01_-1_10_3_11_1_over_sqrt5;QPSK_0_plus1_1_minus1"",""code_blocks"":1,""decoder_config"":{""cn_schedule"":""flooding"",""cn_update"":""boxplus-phi"",""early_stop"":false,""hard_out"":true,""harq_mode"":false,""llr_max"":20.0,""num_iter"":20,""precision"":""single"",""prune_pcm"":true,""return_infobits"":true,""vn_update"":""sum""},""implementation"":{""bit_mapping"":""component_Gray_00_-3_01_-1_10_3_11_1_over_sqrt5;QPSK_0_plus1_1_minus1"",""cuda"":""12.8"",""decoder"":{""cn_schedule"":""flooding"",""cn_update"":""boxplus-phi"",""early_stop"":false,""hard_out"":true,""harq_mode"":false,""llr_max"":20.0,""num_iter"":20,""precision"":""single"",""prune_pcm"":true,""return_infobits"":true,""vn_update"":""sum""},""decoder_source_sha256"":""44d84b92b749e2970f94d92cd348a11648e2286b4d851faa0af8b21d08f0da23"",""encoder_source_sha256"":""34d8db6660b2e84708a8fb534f63c194f6f2b964e3693fcffc9dcaf21532ccfd"",""implementation"":""Sionna_5G_LDPC"",""power_protocol"":""fixed_constellation_average_Es2"",""precision"":""float32"",""rate_matching"":""Sionna RV0; filler removal, first2Z and tail puncturing; supported n only"",""scrambling"":""public_PCG64_SHA256_protocol_session_frame_group_counter_after_rate_matching_v1"",""torch"":""2.11.0+cu128"",""version"":""2.2.0""},""interleaver_sha256"":""ab0ddd7ed685bcbd21b4cd952827f56ecdb6157ce1bb73668ba24dcc95874bbb"",""k"":832,""k_filler"":48,""k_ldpc"":880,""layout_id"":""c5070f57ccb32dee0558dbe6422b39b61062c39479f139f7e560c0655a72ce57"",""modulation_padding_bits"":0,""mother_bits"":4576,""n"":2566,""n_cb"":4400,""n_cb_comp"":4352,""power_protocol"":""fixed_constellation_average_Es2"",""puncturing_bits"":1962,""puncturing_first_2Z"":176,""puncturing_remaining"":1786,""repetition_bits"":0,""scrambling"":""public_PCG64_SHA256_protocol_session_frame_group_counter_after_rate_matching_v1"",""shortening_bits"":48,""z"":88}",[2048]
QPSK,5/6,QPSK:r5/6,e76ec411b7f7dce3692f73069bb011480bcb81bfa050e805d1ecbafde9cba230,2808,16,0,2824,3168,344,9792,3394,1697,0,0.8320565704183854,0.8273423688862699,"{""actual_effective_rate"":0.8320565704183854,""bg"":""bg1"",""bit_mapping"":""component_Gray_00_-3_01_-1_10_3_11_1_over_sqrt5;QPSK_0_plus1_1_minus1"",""code_blocks"":1,""decoder_config"":{""cn_schedule"":""flooding"",""cn_update"":""boxplus-phi"",""early_stop"":false,""hard_out"":true,""harq_mode"":false,""llr_max"":20.0,""num_iter"":20,""precision"":""single"",""prune_pcm"":true,""return_infobits"":true,""vn_update"":""sum""},""implementation"":{""bit_mapping"":""component_Gray_00_-3_01_-1_10_3_11_1_over_sqrt5;QPSK_0_plus1_1_minus1"",""cuda"":""12.8"",""decoder"":{""cn_schedule"":""flooding"",""cn_update"":""boxplus-phi"",""early_stop"":false,""hard_out"":true,""harq_mode"":false,""llr_max"":20.0,""num_iter"":20,""precision"":""single"",""prune_pcm"":true,""return_infobits"":true,""vn_update"":""sum""},""decoder_source_sha256"":""44d84b92b749e2970f94d92cd348a11648e2286b4d851faa0af8b21d08f0da23"",""encoder_source_sha256"":""34d8db6660b2e84708a8fb534f63c194f6f2b964e3693fcffc9dcaf21532ccfd"",""implementation"":""Sionna_5G_LDPC"",""power_protocol"":""fixed_constellation_average_Es2"",""precision"":""float32"",""rate_matching"":""Sionna RV0; filler removal, first2Z and tail puncturing; supported n only"",""scrambling"":""public_PCG64_SHA256_protocol_session_frame_group_counter_after_rate_matching_v1"",""torch"":""2.11.0+cu128"",""version"":""2.2.0""},""interleaver_sha256"":""aad2ee4cfa28c9f051daff1a3407286df8a9ee139a0c17abce7311716fd83c38"",""k"":2824,""k_filler"":344,""k_ldpc"":3168,""layout_id"":""29ece2f767bfbb0c0c2a9849ea63b387eee33e0a08bcae46435b64c0fa1ec671"",""modulation_padding_bits"":0,""mother_bits"":9792,""n"":3394,""n_cb"":9504,""n_cb_comp"":9160,""power_protocol"":""fixed_constellation_average_Es2"",""puncturing_bits"":6054,""puncturing_first_2Z"":288,""puncturing_remaining"":5766,""repetition_bits"":0,""scrambling"":""public_PCG64_SHA256_protocol_session_frame_group_counter_after_rate_matching_v1"",""shortening_bits"":344,""z"":144}",[2048]
QPSK,3/4,QPSK:r3/4,e774553b443a220f2532b14da3178f909ce3edaf5af2a03af2c0feda7c2a9e7b,1008,16,0,1024,1040,16,5408,2482,1241,0,0.4125705076551168,0.40612409347300565,"{""actual_effective_rate"":0.4125705076551168,""bg"":""bg2"",""bit_mapping"":""component_Gray_00_-3_01_-1_10_3_11_1_over_sqrt5;QPSK_0_plus1_1_minus1"",""code_blocks"":1,""decoder_config"":{""cn_schedule"":""flooding"",""cn_update"":""boxplus-phi"",""early_stop"":false,""hard_out"":true,""harq_mode"":false,""llr_max"":20.0,""num_iter"":20,""precision"":""single"",""prune_pcm"":true,""return_infobits"":true,""vn_update"":""sum""},""implementation"":{""bit_mapping"":""component_Gray_00_-3_01_-1_10_3_11_1_over_sqrt5;QPSK_0_plus1_1_minus1"",""cuda"":""12.8"",""decoder"":{""cn_schedule"":""flooding"",""cn_update"":""boxplus-phi"",""early_stop"":false,""hard_out"":true,""harq_mode"":false,""llr_max"":20.0,""num_iter"":20,""precision"":""single"",""prune_pcm"":true,""return_infobits"":true,""vn_update"":""sum""},""decoder_source_sha256"":""44d84b92b749e2970f94d92cd348a11648e2286b4d851faa0af8b21d08f0da23"",""encoder_source_sha256"":""34d8db6660b2e84708a8fb534f63c194f6f2b964e3693fcffc9dcaf21532ccfd"",""implementation"":""Sionna_5G_LDPC"",""power_protocol"":""fixed_constellation_average_Es2"",""precision"":""float32"",""rate_matching"":""Sionna RV0; filler removal, first2Z and tail puncturing; supported n only"",""scrambling"":""public_PCG64_SHA256_protocol_session_frame_group_counter_after_rate_matching_v1"",""torch"":""2.11.0+cu128"",""version"":""2.2.0""},""interleaver_sha256"":""ee9a7b75bf780a094b5b6ae0b27d5c93ce3486bfc4cdaf9cbbde62c6b8a8326a"",""k"":1024,""k_filler"":16,""k_ldpc"":1040,""layout_id"":""bfa38552ebdfda2745ecd7b231a0f97e7be96b0bb4ee436b2f99375534f5dd09"",""modulation_padding_bits"":0,""mother_bits"":5408,""n"":2482,""n_cb"":5200,""n_cb_comp"":5184,""power_protocol"":""fixed_constellation_average_Es2"",""puncturing_bits"":2910,""puncturing_first_2Z"":208,""puncturing_remaining"":2702,""repetition_bits"":0,""scrambling"":""public_PCG64_SHA256_protocol_session_frame_group_counter_after_rate_matching_v1"",""shortening_bits"":16,""z"":104}",[2048]
16QAM,2/3,16QAM:r2/3,e77c5c7a39b07609d3bde8529ae8c704d75f0c72ab97c24144d8ca9db7c9e967,3384,16,0,3400,3520,120,18304,5100,1275,0,0.6666666666666666,0.6635294117647059,"{""actual_effective_rate"":0.6666666666666666,""bg"":""bg2"",""bit_mapping"":""component_Gray_00_-3_01_-1_10_3_11_1_over_sqrt5;QPSK_0_plus1_1_minus1"",""code_blocks"":1,""decoder_config"":{""cn_schedule"":""flooding"",""cn_update"":""boxplus-phi"",""early_stop"":false,""hard_out"":true,""harq_mode"":false,""llr_max"":20.0,""num_iter"":20,""precision"":""single"",""prune_pcm"":true,""return_infobits"":true,""vn_update"":""sum""},""implementation"":{""bit_mapping"":""component_Gray_00_-3_01_-1_10_3_11_1_over_sqrt5;QPSK_0_plus1_1_minus1"",""cuda"":""12.8"",""decoder"":{""cn_schedule"":""flooding"",""cn_update"":""boxplus-phi"",""early_stop"":false,""hard_out"":true,""harq_mode"":false,""llr_max"":20.0,""num_iter"":20,""precision"":""single"",""prune_pcm"":true,""return_infobits"":true,""vn_update"":""sum""},""decoder_source_sha256"":""44d84b92b749e2970f94d92cd348a11648e2286b4d851faa0af8b21d08f0da23"",""encoder_source_sha256"":""34d8db6660b2e84708a8fb534f63c194f6f2b964e3693fcffc9dcaf21532ccfd"",""implementation"":""Sionna_5G_LDPC"",""power_protocol"":""fixed_constellation_average_Es2"",""precision"":""float32"",""rate_matching"":""Sionna RV0; filler removal, first2Z and tail puncturing; supported n only"",""scrambling"":""public_PCG64_SHA256_protocol_session_frame_group_counter_after_rate_matching_v1"",""torch"":""2.11.0+cu128"",""version"":""2.2.0""},""interleaver_sha256"":""b1e71ad79e3f2e419409f8c5c4b67c6b2248b76784068b333938eee1488158e6"",""k"":3400,""k_filler"":120,""k_ldpc"":3520,""layout_id"":""03214fc71584ffcb23ab85e4d296fbd5d5f1a2dc8f4f994c9f02ead5b7ce42ac"",""modulation_padding_bits"":0,""mother_bits"":18304,""n"":5100,""n_cb"":17600,""n_cb_comp"":17480,""power_protocol"":""fixed_constellation_average_Es2"",""puncturing_bits"":13084,""puncturing_first_2Z"":704,""puncturing_remaining"":12380,""repetition_bits"":0,""scrambling"":""public_PCG64_SHA256_protocol_session_frame_group_counter_after_rate_matching_v1"",""shortening_bits"":120,""z"":352}",[2048]
16QAM,1/2,16QAM:r1/2,e787b7b97e884d22e206aa6bb94dff107e4f638ea8055b97e4e4c7600163ee08,1092,16,0,1108,1120,12,5824,2732,683,0,0.4055636896046852,0.39970717423133234,"{""actual_effective_rate"":0.4055636896046852,""bg"":""bg2"",""bit_mapping"":""component_Gray_00_-3_01_-1_10_3_11_1_over_sqrt5;QPSK_0_plus1_1_minus1"",""code_blocks"":1,""decoder_config"":{""cn_schedule"":""flooding"",""cn_update"":""boxplus-phi"",""early_stop"":false,""hard_out"":true,""harq_mode"":false,""llr_max"":20.0,""num_iter"":20,""precision"":""single"",""prune_pcm"":true,""return_infobits"":true,""vn_update"":""sum""},""implementation"":{""bit_mapping"":""component_Gray_00_-3_01_-1_10_3_11_1_over_sqrt5;QPSK_0_plus1_1_minus1"",""cuda"":""12.8"",""decoder"":{""cn_schedule"":""flooding"",""cn_update"":""boxplus-phi"",""early_stop"":false,""hard_out"":true,""harq_mode"":false,""llr_max"":20.0,""num_iter"":20,""precision"":""single"",""prune_pcm"":true,""return_infobits"":true,""vn_update"":""sum""},""decoder_source_sha256"":""44d84b92b749e2970f94d92cd348a11648e2286b4d851faa0af8b21d08f0da23"",""encoder_source_sha256"":""34d8db6660b2e84708a8fb534f63c194f6f2b964e3693fcffc9dcaf21532ccfd"",""implementation"":""Sionna_5G_LDPC"",""power_protocol"":""fixed_constellation_average_Es2"",""precision"":""float32"",""rate_matching"":""Sionna RV0; filler removal, first2Z and tail puncturing; supported n only"",""scrambling"":""public_PCG64_SHA256_protocol_session_frame_group_counter_after_rate_matching_v1"",""torch"":""2.11.0+cu128"",""version"":""2.2.0""},""interleaver_sha256"":""8e3bd98ff261284bf1dd47200b0ee84f97dd0b4b0c43b797bcca41312d23a50f"",""k"":1108,""k_filler"":12,""k_ldpc"":1120,""layout_id"":""f38156c61c8c5f95be9cb50167513bdb80b89f46547a313e4aa1f3c07ecbbadd"",""modulation_padding_bits"":0,""mother_bits"":5824,""n"":2732,""n_cb"":5600,""n_cb_comp"":5588,""power_protocol"":""fixed_constellation_average_Es2"",""puncturing_bits"":3080,""puncturing_first_2Z"":224,""puncturing_remaining"":2856,""repetition_bits"":0,""scrambling"":""public_PCG64_SHA256_protocol_session_frame_group_counter_after_rate_matching_v1"",""shortening_bits"":12,""z"":112}",[1024]
QPSK,5/6,QPSK:r5/6,e78aeb51cac1cb70b4d919ff5f6d9883c3e01012493f79ca8127044e7d58b4c7,1008,16,0,1024,1040,16,5408,2802,1401,0,0.3654532476802284,0.35974304068522484,"{""actual_effective_rate"":0.3654532476802284,""bg"":""bg2"",""bit_mapping"":""component_Gray_00_-3_01_-1_10_3_11_1_over_sqrt5;QPSK_0_plus1_1_minus1"",""code_blocks"":1,""decoder_config"":{""cn_schedule"":""flooding"",""cn_update"":""boxplus-phi"",""early_stop"":false,""hard_out"":true,""harq_mode"":false,""llr_max"":20.0,""num_iter"":20,""precision"":""single"",""prune_pcm"":true,""return_infobits"":true,""vn_update"":""sum""},""implementation"":{""bit_mapping"":""component_Gray_00_-3_01_-1_10_3_11_1_over_sqrt5;QPSK_0_plus1_1_minus1"",""cuda"":""12.8"",""decoder"":{""cn_schedule"":""flooding"",""cn_update"":""boxplus-phi"",""early_stop"":false,""hard_out"":true,""harq_mode"":false,""llr_max"":20.0,""num_iter"":20,""precision"":""single"",""prune_pcm"":true,""return_infobits"":true,""vn_update"":""sum""},""decoder_source_sha256"":""44d84b92b749e2970f94d92cd348a11648e2286b4d851faa0af8b21d08f0da23"",""encoder_source_sha256"":""34d8db6660b2e84708a8fb534f63c194f6f2b964e3693fcffc9dcaf21532ccfd"",""implementation"":""Sionna_5G_LDPC"",""power_protocol"":""fixed_constellation_average_Es2"",""precision"":""float32"",""rate_matching"":""Sionna RV0; filler removal, first2Z and tail puncturing; supported n only"",""scrambling"":""public_PCG64_SHA256_protocol_session_frame_group_counter_after_rate_matching_v1"",""torch"":""2.11.0+cu128"",""version"":""2.2.0""},""interleaver_sha256"":""c0849a35c2ae1b241db4af5091dabbb80c841eba243d32370b97bf328921e81f"",""k"":1024,""k_filler"":16,""k_ldpc"":1040,""layout_id"":""a19c9ddf12b9e696f63b38dbc1e53ef5a1d529171c99ecdbc21c23b80b66d324"",""modulation_padding_bits"":0,""mother_bits"":5408,""n"":2802,""n_cb"":5200,""n_cb_comp"":5184,""power_protocol"":""fixed_constellation_average_Es2"",""puncturing_bits"":2590,""puncturing_first_2Z"":208,""puncturing_remaining"":2382,""repetition_bits"":0,""scrambling"":""public_PCG64_SHA256_protocol_session_frame_group_counter_after_rate_matching_v1"",""shortening_bits"":16,""z"":104}",[2048]
QPSK,1/2,QPSK:r1/2,e7bbb7e3facb5e50f25d93209317c038d17fca86c95278476457cc336577c22d,1092,16,0,1108,1120,12,5824,3060,1530,0,0.36209150326797385,0.3568627450980392,"{""actual_effective_rate"":0.36209150326797385,""bg"":""bg2"",""bit_mapping"":""component_Gray_00_-3_01_-1_10_3_11_1_over_sqrt5;QPSK_0_plus1_1_minus1"",""code_blocks"":1,""decoder_config"":{""cn_schedule"":""flooding"",""cn_update"":""boxplus-phi"",""early_stop"":false,""hard_out"":true,""harq_mode"":false,""llr_max"":20.0,""num_iter"":20,""precision"":""single"",""prune_pcm"":true,""return_infobits"":true,""vn_update"":""sum""},""implementation"":{""bit_mapping"":""component_Gray_00_-3_01_-1_10_3_11_1_over_sqrt5;QPSK_0_plus1_1_minus1"",""cuda"":""12.8"",""decoder"":{""cn_schedule"":""flooding"",""cn_update"":""boxplus-phi"",""early_stop"":false,""hard_out"":true,""harq_mode"":false,""llr_max"":20.0,""num_iter"":20,""precision"":""single"",""prune_pcm"":true,""return_infobits"":true,""vn_update"":""sum""},""decoder_source_sha256"":""44d84b92b749e2970f94d92cd348a11648e2286b4d851faa0af8b21d08f0da23"",""encoder_source_sha256"":""34d8db6660b2e84708a8fb534f63c194f6f2b964e3693fcffc9dcaf21532ccfd"",""implementation"":""Sionna_5G_LDPC"",""power_protocol"":""fixed_constellation_average_Es2"",""precision"":""float32"",""rate_matching"":""Sionna RV0; filler removal, first2Z and tail puncturing; supported n only"",""scrambling"":""public_PCG64_SHA256_protocol_session_frame_group_counter_after_rate_matching_v1"",""torch"":""2.11.0+cu128"",""version"":""2.2.0""},""interleaver_sha256"":""4448912740fb893c20775384ad26f1a055432026a3ab47c9e45b48e906e4af03"",""k"":1108,""k_filler"":12,""k_ldpc"":1120,""layout_id"":""ce2a83540207bf1bf19b428e19ee71b2eac222dfa6f275e0da742295ad50ab49"",""modulation_padding_bits"":0,""mother_bits"":5824,""n"":3060,""n_cb"":5600,""n_cb_comp"":5588,""power_protocol"":""fixed_constellation_average_Es2"",""puncturing_bits"":2752,""puncturing_first_2Z"":224,""puncturing_remaining"":2528,""repetition_bits"":0,""scrambling"":""public_PCG64_SHA256_protocol_session_frame_group_counter_after_rate_matching_v1"",""shortening_bits"":12,""z"":112}",[2048]
16QAM,2/3,16QAM:r2/3,e7c06ea1ec51b28253802da9bbf58417a80dddb7ed31c22fe1acbd15bbf9c08e,660,16,0,676,720,44,3744,2048,512,0,0.330078125,0.322265625,"{""actual_effective_rate"":0.330078125,""bg"":""bg2"",""bit_mapping"":""component_Gray_00_-3_01_-1_10_3_11_1_over_sqrt5;QPSK_0_plus1_1_minus1"",""code_blocks"":1,""decoder_config"":{""cn_schedule"":""flooding"",""cn_update"":""boxplus-phi"",""early_stop"":false,""hard_out"":true,""harq_mode"":false,""llr_max"":20.0,""num_iter"":20,""precision"":""single"",""prune_pcm"":true,""return_infobits"":true,""vn_update"":""sum""},""implementation"":{""bit_mapping"":""component_Gray_00_-3_01_-1_10_3_11_1_over_sqrt5;QPSK_0_plus1_1_minus1"",""cuda"":""12.8"",""decoder"":{""cn_schedule"":""flooding"",""cn_update"":""boxplus-phi"",""early_stop"":false,""hard_out"":true,""harq_mode"":false,""llr_max"":20.0,""num_iter"":20,""precision"":""single"",""prune_pcm"":true,""return_infobits"":true,""vn_update"":""sum""},""decoder_source_sha256"":""44d84b92b749e2970f94d92cd348a11648e2286b4d851faa0af8b21d08f0da23"",""encoder_source_sha256"":""34d8db6660b2e84708a8fb534f63c194f6f2b964e3693fcffc9dcaf21532ccfd"",""implementation"":""Sionna_5G_LDPC"",""power_protocol"":""fixed_constellation_average_Es2"",""precision"":""float32"",""rate_matching"":""Sionna RV0; filler removal, first2Z and tail puncturing; supported n only"",""scrambling"":""public_PCG64_SHA256_protocol_session_frame_group_counter_after_rate_matching_v1"",""torch"":""2.11.0+cu128"",""version"":""2.2.0""},""interleaver_sha256"":""d47040b13428760b5ca1eb60cb37369a0401ddbf8afca1f46560a931d3ea2abe"",""k"":676,""k_filler"":44,""k_ldpc"":720,""layout_id"":""b710f899820adcfed41bf841793f2d479bd1997e79dbbe6f145f14d2c0a72396"",""modulation_padding_bits"":0,""mother_bits"":3744,""n"":2048,""n_cb"":3600,""n_cb_comp"":3556,""power_protocol"":""fixed_constellation_average_Es2"",""puncturing_bits"":1652,""puncturing_first_2Z"":144,""puncturing_remaining"":1508,""repetition_bits"":0,""scrambling"":""public_PCG64_SHA256_protocol_session_frame_group_counter_after_rate_matching_v1"",""shortening_bits"":44,""z"":72}",[2048]
QPSK,3/4,QPSK:r3/4,e7c0ec3c740a6f87aca1b281aaf9ceaa30d3c8e2b294b9eb1484f65782b54200,360,16,0,376,480,104,2496,604,302,0,0.6225165562913907,0.5960264900662252,"{""actual_effective_rate"":0.6225165562913907,""bg"":""bg2"",""bit_mapping"":""component_Gray_00_-3_01_-1_10_3_11_1_over_sqrt5;QPSK_0_plus1_1_minus1"",""code_blocks"":1,""decoder_config"":{""cn_schedule"":""flooding"",""cn_update"":""boxplus-phi"",""early_stop"":false,""hard_out"":true,""harq_mode"":false,""llr_max"":20.0,""num_iter"":20,""precision"":""single"",""prune_pcm"":true,""return_infobits"":true,""vn_update"":""sum""},""implementation"":{""bit_mapping"":""component_Gray_00_-3_01_-1_10_3_11_1_over_sqrt5;QPSK_0_plus1_1_minus1"",""cuda"":""12.8"",""decoder"":{""cn_schedule"":""flooding"",""cn_update"":""boxplus-phi"",""early_stop"":false,""hard_out"":true,""harq_mode"":false,""llr_max"":20.0,""num_iter"":20,""precision"":""single"",""prune_pcm"":true,""return_infobits"":true,""vn_update"":""sum""},""decoder_source_sha256"":""44d84b92b749e2970f94d92cd348a11648e2286b4d851faa0af8b21d08f0da23"",""encoder_source_sha256"":""34d8db6660b2e84708a8fb534f63c194f6f2b964e3693fcffc9dcaf21532ccfd"",""implementation"":""Sionna_5G_LDPC"",""power_protocol"":""fixed_constellation_average_Es2"",""precision"":""float32"",""rate_matching"":""Sionna RV0; filler removal, first2Z and tail puncturing; supported n only"",""scrambling"":""public_PCG64_SHA256_protocol_session_frame_group_counter_after_rate_matching_v1"",""torch"":""2.11.0+cu128"",""version"":""2.2.0""},""interleaver_sha256"":""095fe32e9e4888c176525be379e2c7d16b14e4bb5ad69b63aee1f42e724a3d23"",""k"":376,""k_filler"":104,""k_ldpc"":480,""layout_id"":""c0b2a68527c6ec9ef926eb05ff583840b9778699220e2b0f8d8adc2a759aa0da"",""modulation_padding_bits"":0,""mother_bits"":2496,""n"":604,""n_cb"":2400,""n_cb_comp"":2296,""power_protocol"":""fixed_constellation_average_Es2"",""puncturing_bits"":1788,""puncturing_first_2Z"":96,""puncturing_remaining"":1692,""repetition_bits"":0,""scrambling"":""public_PCG64_SHA256_protocol_session_frame_group_counter_after_rate_matching_v1"",""shortening_bits"":104,""z"":48}","[1024,2048]"
16QAM,2/3,16QAM:r2/3,e7c2f2388d8a4ae675f32f395b66227703f34439452054a2f52abbb01bddb92f,360,16,0,376,480,104,2496,1028,257,0,0.3657587548638132,0.35019455252918286,"{""actual_effective_rate"":0.3657587548638132,""bg"":""bg2"",""bit_mapping"":""component_Gray_00_-3_01_-1_10_3_11_1_over_sqrt5;QPSK_0_plus1_1_minus1"",""code_blocks"":1,""decoder_config"":{""cn_schedule"":""flooding"",""cn_update"":""boxplus-phi"",""early_stop"":false,""hard_out"":true,""harq_mode"":false,""llr_max"":20.0,""num_iter"":20,""precision"":""single"",""prune_pcm"":true,""return_infobits"":true,""vn_update"":""sum""},""implementation"":{""bit_mapping"":""component_Gray_00_-3_01_-1_10_3_11_1_over_sqrt5;QPSK_0_plus1_1_minus1"",""cuda"":""12.8"",""decoder"":{""cn_schedule"":""flooding"",""cn_update"":""boxplus-phi"",""early_stop"":false,""hard_out"":true,""harq_mode"":false,""llr_max"":20.0,""num_iter"":20,""precision"":""single"",""prune_pcm"":true,""return_infobits"":true,""vn_update"":""sum""},""decoder_source_sha256"":""44d84b92b749e2970f94d92cd348a11648e2286b4d851faa0af8b21d08f0da23"",""encoder_source_sha256"":""34d8db6660b2e84708a8fb534f63c194f6f2b964e3693fcffc9dcaf21532ccfd"",""implementation"":""Sionna_5G_LDPC"",""power_protocol"":""fixed_constellation_average_Es2"",""precision"":""float32"",""rate_matching"":""Sionna RV0; filler removal, first2Z and tail puncturing; supported n only"",""scrambling"":""public_PCG64_SHA256_protocol_session_frame_group_counter_after_rate_matching_v1"",""torch"":""2.11.0+cu128"",""version"":""2.2.0""},""interleaver_sha256"":""0ddca2997c16131738999875c6211013dbc0f3b5668a1c1839c419a9f9b9f594"",""k"":376,""k_filler"":104,""k_ldpc"":480,""layout_id"":""1964a0810f4e18b7ab76e6651c4007957a43b1d96f1d44f2fb6ffe9a5869f715"",""modulation_padding_bits"":0,""mother_bits"":2496,""n"":1028,""n_cb"":2400,""n_cb_comp"":2296,""power_protocol"":""fixed_constellation_average_Es2"",""puncturing_bits"":1364,""puncturing_first_2Z"":96,""puncturing_remaining"":1268,""repetition_bits"":0,""scrambling"":""public_PCG64_SHA256_protocol_session_frame_group_counter_after_rate_matching_v1"",""shortening_bits"":104,""z"":48}","[1024,2048]"
16QAM,1/2,16QAM:r1/2,e7c74586e8fce9bf595749bd423fd66c09ceb9a82bca99d6101b05d045c8267d,2064,16,0,2080,2080,0,10816,4164,1041,0,0.49951969260326606,0.4956772334293948,"{""actual_effective_rate"":0.49951969260326606,""bg"":""bg2"",""bit_mapping"":""component_Gray_00_-3_01_-1_10_3_11_1_over_sqrt5;QPSK_0_plus1_1_minus1"",""code_blocks"":1,""decoder_config"":{""cn_schedule"":""flooding"",""cn_update"":""boxplus-phi"",""early_stop"":false,""hard_out"":true,""harq_mode"":false,""llr_max"":20.0,""num_iter"":20,""precision"":""single"",""prune_pcm"":true,""return_infobits"":true,""vn_update"":""sum""},""implementation"":{""bit_mapping"":""component_Gray_00_-3_01_-1_10_3_11_1_over_sqrt5;QPSK_0_plus1_1_minus1"",""cuda"":""12.8"",""decoder"":{""cn_schedule"":""flooding"",""cn_update"":""boxplus-phi"",""early_stop"":false,""hard_out"":true,""harq_mode"":false,""llr_max"":20.0,""num_iter"":20,""precision"":""single"",""prune_pcm"":true,""return_infobits"":true,""vn_update"":""sum""},""decoder_source_sha256"":""44d84b92b749e2970f94d92cd348a11648e2286b4d851faa0af8b21d08f0da23"",""encoder_source_sha256"":""34d8db6660b2e84708a8fb534f63c194f6f2b964e3693fcffc9dcaf21532ccfd"",""implementation"":""Sionna_5G_LDPC"",""power_protocol"":""fixed_constellation_average_Es2"",""precision"":""float32"",""rate_matching"":""Sionna RV0; filler removal, first2Z and tail puncturing; supported n only"",""scrambling"":""public_PCG64_SHA256_protocol_session_frame_group_counter_after_rate_matching_v1"",""torch"":""2.11.0+cu128"",""version"":""2.2.0""},""interleaver_sha256"":""02c1b298fe634e3abc52e7b6d2bfbbc785c32b2e282d974e7489c689998a0000"",""k"":2080,""k_filler"":0,""k_ldpc"":2080,""layout_id"":""0d9adf31bb2ae3da00393c5abf0772fbd75b6655b00f55e3d5fd6fdd2c427ce2"",""modulation_padding_bits"":0,""mother_bits"":10816,""n"":4164,""n_cb"":10400,""n_cb_comp"":10400,""power_protocol"":""fixed_constellation_average_Es2"",""puncturing_bits"":6652,""puncturing_first_2Z"":416,""puncturing_remaining"":6236,""repetition_bits"":0,""scrambling"":""public_PCG64_SHA256_protocol_session_frame_group_counter_after_rate_matching_v1"",""shortening_bits"":0,""z"":208}",[2048]
16QAM,5/6,16QAM:r5/6,e7cc9ac79adda3fe3d9f9050d25efe21cc3bb472f689290d2b827adfc854788c,660,16,0,676,720,44,3744,1084,271,0,0.6236162361623616,0.6088560885608856,"{""actual_effective_rate"":0.6236162361623616,""bg"":""bg2"",""bit_mapping"":""component_Gray_00_-3_01_-1_10_3_11_1_over_sqrt5;QPSK_0_plus1_1_minus1"",""code_blocks"":1,""decoder_config"":{""cn_schedule"":""flooding"",""cn_update"":""boxplus-phi"",""early_stop"":false,""hard_out"":true,""harq_mode"":false,""llr_max"":20.0,""num_iter"":20,""precision"":""single"",""prune_pcm"":true,""return_infobits"":true,""vn_update"":""sum""},""implementation"":{""bit_mapping"":""component_Gray_00_-3_01_-1_10_3_11_1_over_sqrt5;QPSK_0_plus1_1_minus1"",""cuda"":""12.8"",""decoder"":{""cn_schedule"":""flooding"",""cn_update"":""boxplus-phi"",""early_stop"":false,""hard_out"":true,""harq_mode"":false,""llr_max"":20.0,""num_iter"":20,""precision"":""single"",""prune_pcm"":true,""return_infobits"":true,""vn_update"":""sum""},""decoder_source_sha256"":""44d84b92b749e2970f94d92cd348a11648e2286b4d851faa0af8b21d08f0da23"",""encoder_source_sha256"":""34d8db6660b2e84708a8fb534f63c194f6f2b964e3693fcffc9dcaf21532ccfd"",""implementation"":""Sionna_5G_LDPC"",""power_protocol"":""fixed_constellation_average_Es2"",""precision"":""float32"",""rate_matching"":""Sionna RV0; filler removal, first2Z and tail puncturing; supported n only"",""scrambling"":""public_PCG64_SHA256_protocol_session_frame_group_counter_after_rate_matching_v1"",""torch"":""2.11.0+cu128"",""version"":""2.2.0""},""interleaver_sha256"":""cb78e7cd3c7611c6cd4da861ea8ab301a0251d4061f39c0a07f3ad93bb904d4a"",""k"":676,""k_filler"":44,""k_ldpc"":720,""layout_id"":""ed57ec7478919c31127a264ebdff82482e312244e7d4d27a884289021f126f36"",""modulation_padding_bits"":0,""mother_bits"":3744,""n"":1084,""n_cb"":3600,""n_cb_comp"":3556,""power_protocol"":""fixed_constellation_average_Es2"",""puncturing_bits"":2616,""puncturing_first_2Z"":144,""puncturing_remaining"":2472,""repetition_bits"":0,""scrambling"":""public_PCG64_SHA256_protocol_session_frame_group_counter_after_rate_matching_v1"",""shortening_bits"":44,""z"":72}",[2048]
QPSK,2/3,QPSK:r2/3,e7d1789cf3da79f0f385779930f3d4b76f7fd5d531617dd78d1c9ebb687728d1,1860,16,0,1876,1920,44,9984,3444,1722,0,0.5447154471544715,0.5400696864111498,"{""actual_effective_rate"":0.5447154471544715,""bg"":""bg2"",""bit_mapping"":""component_Gray_00_-3_01_-1_10_3_11_1_over_sqrt5;QPSK_0_plus1_1_minus1"",""code_blocks"":1,""decoder_config"":{""cn_schedule"":""flooding"",""cn_update"":""boxplus-phi"",""early_stop"":false,""hard_out"":true,""harq_mode"":false,""llr_max"":20.0,""num_iter"":20,""precision"":""single"",""prune_pcm"":true,""return_infobits"":true,""vn_update"":""sum""},""implementation"":{""bit_mapping"":""component_Gray_00_-3_01_-1_10_3_11_1_over_sqrt5;QPSK_0_plus1_1_minus1"",""cuda"":""12.8"",""decoder"":{""cn_schedule"":""flooding"",""cn_update"":""boxplus-phi"",""early_stop"":false,""hard_out"":true,""harq_mode"":false,""llr_max"":20.0,""num_iter"":20,""precision"":""single"",""prune_pcm"":true,""return_infobits"":true,""vn_update"":""sum""},""decoder_source_sha256"":""44d84b92b749e2970f94d92cd348a11648e2286b4d851faa0af8b21d08f0da23"",""encoder_source_sha256"":""34d8db6660b2e84708a8fb534f63c194f6f2b964e3693fcffc9dcaf21532ccfd"",""implementation"":""Sionna_5G_LDPC"",""power_protocol"":""fixed_constellation_average_Es2"",""precision"":""float32"",""rate_matching"":""Sionna RV0; filler removal, first2Z and tail puncturing; supported n only"",""scrambling"":""public_PCG64_SHA256_protocol_session_frame_group_counter_after_rate_matching_v1"",""torch"":""2.11.0+cu128"",""version"":""2.2.0""},""interleaver_sha256"":""e904972a43e0d162065f239c7b2bf6a5701152982ff0bcee1638c081c290682a"",""k"":1876,""k_filler"":44,""k_ldpc"":1920,""layout_id"":""ff9e638261fac792c2fa86550368a433224d100f7e8e3da88ecb75e2b3c45b22"",""modulation_padding_bits"":0,""mother_bits"":9984,""n"":3444,""n_cb"":9600,""n_cb_comp"":9556,""power_protocol"":""fixed_constellation_average_Es2"",""puncturing_bits"":6496,""puncturing_first_2Z"":384,""puncturing_remaining"":6112,""repetition_bits"":0,""scrambling"":""public_PCG64_SHA256_protocol_session_frame_group_counter_after_rate_matching_v1"",""shortening_bits"":44,""z"":192}",[2048]
QPSK,2/3,QPSK:r2/3,e7d2f328e1bc8c5430d9f7a8f05148add432bfed7f0ced98d7247356955f9ff3,360,16,0,376,480,104,2496,1212,606,0,0.3102310231023102,0.297029702970297,"{""actual_effective_rate"":0.3102310231023102,""bg"":""bg2"",""bit_mapping"":""component_Gray_00_-3_01_-1_10_3_11_1_over_sqrt5;QPSK_0_plus1_1_minus1"",""code_blocks"":1,""decoder_config"":{""cn_schedule"":""flooding"",""cn_update"":""boxplus-phi"",""early_stop"":false,""hard_out"":true,""harq_mode"":false,""llr_max"":20.0,""num_iter"":20,""precision"":""single"",""prune_pcm"":true,""return_infobits"":true,""vn_update"":""sum""},""implementation"":{""bit_mapping"":""component_Gray_00_-3_01_-1_10_3_11_1_over_sqrt5;QPSK_0_plus1_1_minus1"",""cuda"":""12.8"",""decoder"":{""cn_schedule"":""flooding"",""cn_update"":""boxplus-phi"",""early_stop"":false,""hard_out"":true,""harq_mode"":false,""llr_max"":20.0,""num_iter"":20,""precision"":""single"",""prune_pcm"":true,""return_infobits"":true,""vn_update"":""sum""},""decoder_source_sha256"":""44d84b92b749e2970f94d92cd348a11648e2286b4d851faa0af8b21d08f0da23"",""encoder_source_sha256"":""34d8db6660b2e84708a8fb534f63c194f6f2b964e3693fcffc9dcaf21532ccfd"",""implementation"":""Sionna_5G_LDPC"",""power_protocol"":""fixed_constellation_average_Es2"",""precision"":""float32"",""rate_matching"":""Sionna RV0; filler removal, first2Z and tail puncturing; supported n only"",""scrambling"":""public_PCG64_SHA256_protocol_session_frame_group_counter_after_rate_matching_v1"",""torch"":""2.11.0+cu128"",""version"":""2.2.0""},""interleaver_sha256"":""bf0438c45a85c018c9f4c81ca0fcb6da75764f2130e7a7bf99791b59afdc2d3c"",""k"":376,""k_filler"":104,""k_ldpc"":480,""layout_id"":""0650b68119d10adb08c7f6424d6042572d8adc18fbad886437f6468122196768"",""modulation_padding_bits"":0,""mother_bits"":2496,""n"":1212,""n_cb"":2400,""n_cb_comp"":2296,""power_protocol"":""fixed_constellation_average_Es2"",""puncturing_bits"":1180,""puncturing_first_2Z"":96,""puncturing_remaining"":1084,""repetition_bits"":0,""scrambling"":""public_PCG64_SHA256_protocol_session_frame_group_counter_after_rate_matching_v1"",""shortening_bits"":104,""z"":48}",[2048]
QPSK,1/2,QPSK:r1/2,e7e6bf8a657e3d2c9af9a0e4874b1f2940319799d94e68c97ac88e7c1a5264b3,300,16,0,316,400,84,2080,632,316,0,0.5,0.47468354430379744,"{""actual_effective_rate"":0.5,""bg"":""bg2"",""bit_mapping"":""component_Gray_00_-3_01_-1_10_3_11_1_over_sqrt5;QPSK_0_plus1_1_minus1"",""code_blocks"":1,""decoder_config"":{""cn_schedule"":""flooding"",""cn_update"":""boxplus-phi"",""early_stop"":false,""hard_out"":true,""harq_mode"":false,""llr_max"":20.0,""num_iter"":20,""precision"":""single"",""prune_pcm"":true,""return_infobits"":true,""vn_update"":""sum""},""implementation"":{""bit_mapping"":""component_Gray_00_-3_01_-1_10_3_11_1_over_sqrt5;QPSK_0_plus1_1_minus1"",""cuda"":""12.8"",""decoder"":{""cn_schedule"":""flooding"",""cn_update"":""boxplus-phi"",""early_stop"":false,""hard_out"":true,""harq_mode"":false,""llr_max"":20.0,""num_iter"":20,""precision"":""single"",""prune_pcm"":true,""return_infobits"":true,""vn_update"":""sum""},""decoder_source_sha256"":""44d84b92b749e2970f94d92cd348a11648e2286b4d851faa0af8b21d08f0da23"",""encoder_source_sha256"":""34d8db6660b2e84708a8fb534f63c194f6f2b964e3693fcffc9dcaf21532ccfd"",""implementation"":""Sionna_5G_LDPC"",""power_protocol"":""fixed_constellation_average_Es2"",""precision"":""float32"",""rate_matching"":""Sionna RV0; filler removal, first2Z and tail puncturing; supported n only"",""scrambling"":""public_PCG64_SHA256_protocol_session_frame_group_counter_after_rate_matching_v1"",""torch"":""2.11.0+cu128"",""version"":""2.2.0""},""interleaver_sha256"":""ff5caaef3327074ef80c541d723887ae20a981fbe7f4ffae8b7f2dba0aea2acf"",""k"":316,""k_filler"":84,""k_ldpc"":400,""layout_id"":""430b62c6f26c2ca6a53cd0379349085be2c083b6c1e2667493c00edbc087f1ab"",""modulation_padding_bits"":0,""mother_bits"":2080,""n"":632,""n_cb"":2000,""n_cb_comp"":1916,""power_protocol"":""fixed_constellation_average_Es2"",""puncturing_bits"":1364,""puncturing_first_2Z"":80,""puncturing_remaining"":1284,""repetition_bits"":0,""scrambling"":""public_PCG64_SHA256_protocol_session_frame_group_counter_after_rate_matching_v1"",""shortening_bits"":84,""z"":40}","[1024,2048]"
QPSK,5/6,QPSK:r5/6,e7e82c2377c5f44b6e979538d7cf6e955c8ff6558c8fdb6c980c5f9f4995a27f,108,16,0,124,220,96,1144,514,257,0,0.24124513618677043,0.21011673151750973,"{""actual_effective_rate"":0.24124513618677043,""bg"":""bg2"",""bit_mapping"":""component_Gray_00_-3_01_-1_10_3_11_1_over_sqrt5;QPSK_0_plus1_1_minus1"",""code_blocks"":1,""decoder_config"":{""cn_schedule"":""flooding"",""cn_update"":""boxplus-phi"",""early_stop"":false,""hard_out"":true,""harq_mode"":false,""llr_max"":20.0,""num_iter"":20,""precision"":""single"",""prune_pcm"":true,""return_infobits"":true,""vn_update"":""sum""},""implementation"":{""bit_mapping"":""component_Gray_00_-3_01_-1_10_3_11_1_over_sqrt5;QPSK_0_plus1_1_minus1"",""cuda"":""12.8"",""decoder"":{""cn_schedule"":""flooding"",""cn_update"":""boxplus-phi"",""early_stop"":false,""hard_out"":true,""harq_mode"":false,""llr_max"":20.0,""num_iter"":20,""precision"":""single"",""prune_pcm"":true,""return_infobits"":true,""vn_update"":""sum""},""decoder_source_sha256"":""44d84b92b749e2970f94d92cd348a11648e2286b4d851faa0af8b21d08f0da23"",""encoder_source_sha256"":""34d8db6660b2e84708a8fb534f63c194f6f2b964e3693fcffc9dcaf21532ccfd"",""implementation"":""Sionna_5G_LDPC"",""power_protocol"":""fixed_constellation_average_Es2"",""precision"":""float32"",""rate_matching"":""Sionna RV0; filler removal, first2Z and tail puncturing; supported n only"",""scrambling"":""public_PCG64_SHA256_protocol_session_frame_group_counter_after_rate_matching_v1"",""torch"":""2.11.0+cu128"",""version"":""2.2.0""},""interleaver_sha256"":""5dc2a5888645a651fc62de43b85dffc080689f79014a2522841ae0254905bd61"",""k"":124,""k_filler"":96,""k_ldpc"":220,""layout_id"":""d05595d5e4fd8e43fe4af2bcc90aff388fc1619ebc9a30308948101d9f6b9eee"",""modulation_padding_bits"":0,""mother_bits"":1144,""n"":514,""n_cb"":1100,""n_cb_comp"":1004,""power_protocol"":""fixed_constellation_average_Es2"",""puncturing_bits"":534,""puncturing_first_2Z"":44,""puncturing_remaining"":490,""repetition_bits"":0,""scrambling"":""public_PCG64_SHA256_protocol_session_frame_group_counter_after_rate_matching_v1"",""shortening_bits"":96,""z"":22}",[1024]
16QAM,1/2,16QAM:r1/2,e7f704dfec55dd710f1680558ee9f1d2203c2b06d7fa88106a23caaa5e775224,360,16,0,376,480,104,2496,872,218,0,0.43119266055045874,0.41284403669724773,"{""actual_effective_rate"":0.43119266055045874,""bg"":""bg2"",""bit_mapping"":""component_Gray_00_-3_01_-1_10_3_11_1_over_sqrt5;QPSK_0_plus1_1_minus1"",""code_blocks"":1,""decoder_config"":{""cn_schedule"":""flooding"",""cn_update"":""boxplus-phi"",""early_stop"":false,""hard_out"":true,""harq_mode"":false,""llr_max"":20.0,""num_iter"":20,""precision"":""single"",""prune_pcm"":true,""return_infobits"":true,""vn_update"":""sum""},""implementation"":{""bit_mapping"":""component_Gray_00_-3_01_-1_10_3_11_1_over_sqrt5;QPSK_0_plus1_1_minus1"",""cuda"":""12.8"",""decoder"":{""cn_schedule"":""flooding"",""cn_update"":""boxplus-phi"",""early_stop"":false,""hard_out"":true,""harq_mode"":false,""llr_max"":20.0,""num_iter"":20,""precision"":""single"",""prune_pcm"":true,""return_infobits"":true,""vn_update"":""sum""},""decoder_source_sha256"":""44d84b92b749e2970f94d92cd348a11648e2286b4d851faa0af8b21d08f0da23"",""encoder_source_sha256"":""34d8db6660b2e84708a8fb534f63c194f6f2b964e3693fcffc9dcaf21532ccfd"",""implementation"":""Sionna_5G_LDPC"",""power_protocol"":""fixed_constellation_average_Es2"",""precision"":""float32"",""rate_matching"":""Sionna RV0; filler removal, first2Z and tail puncturing; supported n only"",""scrambling"":""public_PCG64_SHA256_protocol_session_frame_group_counter_after_rate_matching_v1"",""torch"":""2.11.0+cu128"",""version"":""2.2.0""},""interleaver_sha256"":""0595adcc2caa5241e1132af5962e524dc89462db276939421c68be21c2e9202f"",""k"":376,""k_filler"":104,""k_ldpc"":480,""layout_id"":""bb1d7e68ebe0104a281f95dbb45a257c294f8e41acc7760e94c897d21aa383b7"",""modulation_padding_bits"":0,""mother_bits"":2496,""n"":872,""n_cb"":2400,""n_cb_comp"":2296,""power_protocol"":""fixed_constellation_average_Es2"",""puncturing_bits"":1520,""puncturing_first_2Z"":96,""puncturing_remaining"":1424,""repetition_bits"":0,""scrambling"":""public_PCG64_SHA256_protocol_session_frame_group_counter_after_rate_matching_v1"",""shortening_bits"":104,""z"":48}","[1024,2048]"
16QAM,1/3,16QAM:r1/3,e7f7da8bf3f0d8b99dc8f582e979a6217f8412e83644e9586c299dd17516445c,1500,16,0,1516,1600,84,8320,6796,1699,0,0.22307239552678046,0.22071806945261918,"{""actual_effective_rate"":0.22307239552678046,""bg"":""bg2"",""bit_mapping"":""component_Gray_00_-3_01_-1_10_3_11_1_over_sqrt5;QPSK_0_plus1_1_minus1"",""code_blocks"":1,""decoder_config"":{""cn_schedule"":""flooding"",""cn_update"":""boxplus-phi"",""early_stop"":false,""hard_out"":true,""harq_mode"":false,""llr_max"":20.0,""num_iter"":20,""precision"":""single"",""prune_pcm"":true,""return_infobits"":true,""vn_update"":""sum""},""implementation"":{""bit_mapping"":""component_Gray_00_-3_01_-1_10_3_11_1_over_sqrt5;QPSK_0_plus1_1_minus1"",""cuda"":""12.8"",""decoder"":{""cn_schedule"":""flooding"",""cn_update"":""boxplus-phi"",""early_stop"":false,""hard_out"":true,""harq_mode"":false,""llr_max"":20.0,""num_iter"":20,""precision"":""single"",""prune_pcm"":true,""return_infobits"":true,""vn_update"":""sum""},""decoder_source_sha256"":""44d84b92b749e2970f94d92cd348a11648e2286b4d851faa0af8b21d08f0da23"",""encoder_source_sha256"":""34d8db6660b2e84708a8fb534f63c194f6f2b964e3693fcffc9dcaf21532ccfd"",""implementation"":""Sionna_5G_LDPC"",""power_protocol"":""fixed_constellation_average_Es2"",""precision"":""float32"",""rate_matching"":""Sionna RV0; filler removal, first2Z and tail puncturing; supported n only"",""scrambling"":""public_PCG64_SHA256_protocol_session_frame_group_counter_after_rate_matching_v1"",""torch"":""2.11.0+cu128"",""version"":""2.2.0""},""interleaver_sha256"":""fc125658eabcd00be87c97ec4e0448749b619d674b7617b6fb006000558d0289"",""k"":1516,""k_filler"":84,""k_ldpc"":1600,""layout_id"":""16050e0d35aca8c207471b47d6c60ed3b1866cf7dde3f49079adb91f8fdaf66b"",""modulation_padding_bits"":0,""mother_bits"":8320,""n"":6796,""n_cb"":8000,""n_cb_comp"":7916,""power_protocol"":""fixed_constellation_average_Es2"",""puncturing_bits"":1440,""puncturing_first_2Z"":320,""puncturing_remaining"":1120,""repetition_bits"":0,""scrambling"":""public_PCG64_SHA256_protocol_session_frame_group_counter_after_rate_matching_v1"",""shortening_bits"":84,""z"":160}",[2048]
16QAM,1/2,16QAM:r1/2,e7fe3849d61edeb4eddadf18390c7a291647e30cc8cd5384d3255b2c6f2fb15f,1092,16,0,1108,1120,12,5824,2220,555,0,0.4990990990990991,0.4918918918918919,"{""actual_effective_rate"":0.4990990990990991,""bg"":""bg2"",""bit_mapping"":""component_Gray_00_-3_01_-1_10_3_11_1_over_sqrt5;QPSK_0_plus1_1_minus1"",""code_blocks"":1,""decoder_config"":{""cn_schedule"":""flooding"",""cn_update"":""boxplus-phi"",""early_stop"":false,""hard_out"":true,""harq_mode"":false,""llr_max"":20.0,""num_iter"":20,""precision"":""single"",""prune_pcm"":true,""return_infobits"":true,""vn_update"":""sum""},""implementation"":{""bit_mapping"":""component_Gray_00_-3_01_-1_10_3_11_1_over_sqrt5;QPSK_0_plus1_1_minus1"",""cuda"":""12.8"",""decoder"":{""cn_schedule"":""flooding"",""cn_update"":""boxplus-phi"",""early_stop"":false,""hard_out"":true,""harq_mode"":false,""llr_max"":20.0,""num_iter"":20,""precision"":""single"",""prune_pcm"":true,""return_infobits"":true,""vn_update"":""sum""},""decoder_source_sha256"":""44d84b92b749e2970f94d92cd348a11648e2286b4d851faa0af8b21d08f0da23"",""encoder_source_sha256"":""34d8db6660b2e84708a8fb534f63c194f6f2b964e3693fcffc9dcaf21532ccfd"",""implementation"":""Sionna_5G_LDPC"",""power_protocol"":""fixed_constellation_average_Es2"",""precision"":""float32"",""rate_matching"":""Sionna RV0; filler removal, first2Z and tail puncturing; supported n only"",""scrambling"":""public_PCG64_SHA256_protocol_session_frame_group_counter_after_rate_matching_v1"",""torch"":""2.11.0+cu128"",""version"":""2.2.0""},""interleaver_sha256"":""506068223a0ee7a820a369d7d06cdeb1f876cf3a6f2e0fc09e563494e34fd2bc"",""k"":1108,""k_filler"":12,""k_ldpc"":1120,""layout_id"":""2e4af13f4673496d83587fbc225ba77f049b0dbc06b07f578d8202b32227dcb4"",""modulation_padding_bits"":0,""mother_bits"":5824,""n"":2220,""n_cb"":5600,""n_cb_comp"":5588,""power_protocol"":""fixed_constellation_average_Es2"",""puncturing_bits"":3592,""puncturing_first_2Z"":224,""puncturing_remaining"":3368,""repetition_bits"":0,""scrambling"":""public_PCG64_SHA256_protocol_session_frame_group_counter_after_rate_matching_v1"",""shortening_bits"":12,""z"":112}","[1024,2048]"
QPSK,3/4,QPSK:r3/4,e812c98aec05d5ce66d8cfc148f8df722d2fb21c3545492932b791e25f04fe33,912,16,0,928,968,40,2992,1238,619,0,0.7495961227786753,0.7366720516962844,"{""actual_effective_rate"":0.7495961227786753,""bg"":""bg1"",""bit_mapping"":""component_Gray_00_-3_01_-1_10_3_11_1_over_sqrt5;QPSK_0_plus1_1_minus1"",""code_blocks"":1,""decoder_config"":{""cn_schedule"":""flooding"",""cn_update"":""boxplus-phi"",""early_stop"":false,""hard_out"":true,""harq_mode"":false,""llr_max"":20.0,""num_iter"":20,""precision"":""single"",""prune_pcm"":true,""return_infobits"":true,""vn_update"":""sum""},""implementation"":{""bit_mapping"":""component_Gray_00_-3_01_-1_10_3_11_1_over_sqrt5;QPSK_0_plus1_1_minus1"",""cuda"":""12.8"",""decoder"":{""cn_schedule"":""flooding"",""cn_update"":""boxplus-phi"",""early_stop"":false,""hard_out"":true,""harq_mode"":false,""llr_max"":20.0,""num_iter"":20,""precision"":""single"",""prune_pcm"":true,""return_infobits"":true,""vn_update"":""sum""},""decoder_source_sha256"":""44d84b92b749e2970f94d92cd348a11648e2286b4d851faa0af8b21d08f0da23"",""encoder_source_sha256"":""34d8db6660b2e84708a8fb534f63c194f6f2b964e3693fcffc9dcaf21532ccfd"",""implementation"":""Sionna_5G_LDPC"",""power_protocol"":""fixed_constellation_average_Es2"",""precision"":""float32"",""rate_matching"":""Sionna RV0; filler removal, first2Z and tail puncturing; supported n only"",""scrambling"":""public_PCG64_SHA256_protocol_session_frame_group_counter_after_rate_matching_v1"",""torch"":""2.11.0+cu128"",""version"":""2.2.0""},""interleaver_sha256"":""8423a588b108d4c6a4d717c359936ace95d32f62ace3e14c793507af13d1a7cc"",""k"":928,""k_filler"":40,""k_ldpc"":968,""layout_id"":""ff26305ec7d9035b80097ddeba888d48195c3f24ae428966e23cd20772dcfe2f"",""modulation_padding_bits"":0,""mother_bits"":2992,""n"":1238,""n_cb"":2904,""n_cb_comp"":2864,""power_protocol"":""fixed_constellation_average_Es2"",""puncturing_bits"":1714,""puncturing_first_2Z"":88,""puncturing_remaining"":1626,""repetition_bits"":0,""scrambling"":""public_PCG64_SHA256_protocol_session_frame_group_counter_after_rate_matching_v1"",""shortening_bits"":40,""z"":44}",[1024]
16QAM,3/4,16QAM:r3/4,e816cb90429f3afe47a98aed500400e7e69ca7fd53983eb3ee2e2c6b3c63f376,1860,16,0,1876,1936,60,5984,2544,636,0,0.7374213836477987,0.7311320754716981,"{""actual_effective_rate"":0.7374213836477987,""bg"":""bg1"",""bit_mapping"":""component_Gray_00_-3_01_-1_10_3_11_1_over_sqrt5;QPSK_0_plus1_1_minus1"",""code_blocks"":1,""decoder_config"":{""cn_schedule"":""flooding"",""cn_update"":""boxplus-phi"",""early_stop"":false,""hard_out"":true,""harq_mode"":false,""llr_max"":20.0,""num_iter"":20,""precision"":""single"",""prune_pcm"":true,""return_infobits"":true,""vn_update"":""sum""},""implementation"":{""bit_mapping"":""component_Gray_00_-3_01_-1_10_3_11_1_over_sqrt5;QPSK_0_plus1_1_minus1"",""cuda"":""12.8"",""decoder"":{""cn_schedule"":""flooding"",""cn_update"":""boxplus-phi"",""early_stop"":false,""hard_out"":true,""harq_mode"":false,""llr_max"":20.0,""num_iter"":20,""precision"":""single"",""prune_pcm"":true,""return_infobits"":true,""vn_update"":""sum""},""decoder_source_sha256"":""44d84b92b749e2970f94d92cd348a11648e2286b4d851faa0af8b21d08f0da23"",""encoder_source_sha256"":""34d8db6660b2e84708a8fb534f63c194f6f2b964e3693fcffc9dcaf21532ccfd"",""implementation"":""Sionna_5G_LDPC"",""power_protocol"":""fixed_constellation_average_Es2"",""precision"":""float32"",""rate_matching"":""Sionna RV0; filler removal, first2Z and tail puncturing; supported n only"",""scrambling"":""public_PCG64_SHA256_protocol_session_frame_group_counter_after_rate_matching_v1"",""torch"":""2.11.0+cu128"",""version"":""2.2.0""},""interleaver_sha256"":""9019d2cd59ddb08ebaef120dbf34a333415827dce93850670dceabd5332824d7"",""k"":1876,""k_filler"":60,""k_ldpc"":1936,""layout_id"":""f929f60ec937e1746ffa0dac6910e9d9c9bdd6527be1d9a955e1aef200963e4b"",""modulation_padding_bits"":0,""mother_bits"":5984,""n"":2544,""n_cb"":5808,""n_cb_comp"":5748,""power_protocol"":""fixed_constellation_average_Es2"",""puncturing_bits"":3380,""puncturing_first_2Z"":176,""puncturing_remaining"":3204,""repetition_bits"":0,""scrambling"":""public_PCG64_SHA256_protocol_session_frame_group_counter_after_rate_matching_v1"",""shortening_bits"":60,""z"":88}",[1024]
16QAM,2/3,16QAM:r2/3,e81d4930cbb6d8f9af1ffa751b481ddc8b082f6e34811e5b892207703683b816,1092,16,0,1108,1120,12,5824,2584,646,0,0.42879256965944273,0.42260061919504643,"{""actual_effective_rate"":0.42879256965944273,""bg"":""bg2"",""bit_mapping"":""component_Gray_00_-3_01_-1_10_3_11_1_over_sqrt5;QPSK_0_plus1_1_minus1"",""code_blocks"":1,""decoder_config"":{""cn_schedule"":""flooding"",""cn_update"":""boxplus-phi"",""early_stop"":false,""hard_out"":true,""harq_mode"":false,""llr_max"":20.0,""num_iter"":20,""precision"":""single"",""prune_pcm"":true,""return_infobits"":true,""vn_update"":""sum""},""implementation"":{""bit_mapping"":""component_Gray_00_-3_01_-1_10_3_11_1_over_sqrt5;QPSK_0_plus1_1_minus1"",""cuda"":""12.8"",""decoder"":{""cn_schedule"":""flooding"",""cn_update"":""boxplus-phi"",""early_stop"":false,""hard_out"":true,""harq_mode"":false,""llr_max"":20.0,""num_iter"":20,""precision"":""single"",""prune_pcm"":true,""return_infobits"":true,""vn_update"":""sum""},""decoder_source_sha256"":""44d84b92b749e2970f94d92cd348a11648e2286b4d851faa0af8b21d08f0da23"",""encoder_source_sha256"":""34d8db6660b2e84708a8fb534f63c194f6f2b964e3693fcffc9dcaf21532ccfd"",""implementation"":""Sionna_5G_LDPC"",""power_protocol"":""fixed_constellation_average_Es2"",""precision"":""float32"",""rate_matching"":""Sionna RV0; filler removal, first2Z and tail puncturing; supported n only"",""scrambling"":""public_PCG64_SHA256_protocol_session_frame_group_counter_after_rate_matching_v1"",""torch"":""2.11.0+cu128"",""version"":""2.2.0""},""interleaver_sha256"":""a413568acf0618f414adba1ac6e9348b77d99efca4132e45fce2d93c3b6c3687"",""k"":1108,""k_filler"":12,""k_ldpc"":1120,""layout_id"":""08e624171fe3b28064f94c2464e38ad0bb732d25d7e1d4b1e008de94354b8183"",""modulation_padding_bits"":0,""mother_bits"":5824,""n"":2584,""n_cb"":5600,""n_cb_comp"":5588,""power_protocol"":""fixed_constellation_average_Es2"",""puncturing_bits"":3228,""puncturing_first_2Z"":224,""puncturing_remaining"":3004,""repetition_bits"":0,""scrambling"":""public_PCG64_SHA256_protocol_session_frame_group_counter_after_rate_matching_v1"",""shortening_bits"":12,""z"":112}",[1024]
16QAM,1/2,16QAM:r1/2,e827d029a8f43e2a436fdfc753ac2b3e99d9965ca234514c1e1362df78d2e24f,2400,16,0,2416,2560,144,13312,5924,1481,0,0.40783254557731263,0.4051316677920324,"{""actual_effective_rate"":0.40783254557731263,""bg"":""bg2"",""bit_mapping"":""component_Gray_00_-3_01_-1_10_3_11_1_over_sqrt5;QPSK_0_plus1_1_minus1"",""code_blocks"":1,""decoder_config"":{""cn_schedule"":""flooding"",""cn_update"":""boxplus-phi"",""early_stop"":false,""hard_out"":true,""harq_mode"":false,""llr_max"":20.0,""num_iter"":20,""precision"":""single"",""prune_pcm"":true,""return_infobits"":true,""vn_update"":""sum""},""implementation"":{""bit_mapping"":""component_Gray_00_-3_01_-1_10_3_11_1_over_sqrt5;QPSK_0_plus1_1_minus1"",""cuda"":""12.8"",""decoder"":{""cn_schedule"":""flooding"",""cn_update"":""boxplus-phi"",""early_stop"":false,""hard_out"":true,""harq_mode"":false,""llr_max"":20.0,""num_iter"":20,""precision"":""single"",""prune_pcm"":true,""return_infobits"":true,""vn_update"":""sum""},""decoder_source_sha256"":""44d84b92b749e2970f94d92cd348a11648e2286b4d851faa0af8b21d08f0da23"",""encoder_source_sha256"":""34d8db6660b2e84708a8fb534f63c194f6f2b964e3693fcffc9dcaf21532ccfd"",""implementation"":""Sionna_5G_LDPC"",""power_protocol"":""fixed_constellation_average_Es2"",""precision"":""float32"",""rate_matching"":""Sionna RV0; filler removal, first2Z and tail puncturing; supported n only"",""scrambling"":""public_PCG64_SHA256_protocol_session_frame_group_counter_after_rate_matching_v1"",""torch"":""2.11.0+cu128"",""version"":""2.2.0""},""interleaver_sha256"":""27a96f3bea3f243054e239ba2b8d19974865f007704b4b94c425b0abe3f6d451"",""k"":2416,""k_filler"":144,""k_ldpc"":2560,""layout_id"":""5b084ab2c73cc4bbee215c0334b5f099b926f58e13fcc433380550608b4026b7"",""modulation_padding_bits"":0,""mother_bits"":13312,""n"":5924,""n_cb"":12800,""n_cb_comp"":12656,""power_protocol"":""fixed_constellation_average_Es2"",""puncturing_bits"":7244,""puncturing_first_2Z"":512,""puncturing_remaining"":6732,""repetition_bits"":0,""scrambling"":""public_PCG64_SHA256_protocol_session_frame_group_counter_after_rate_matching_v1"",""shortening_bits"":144,""z"":256}",[2048]
QPSK,1/2,QPSK:r1/2,e84351dbb04496150f7c759d5ff78fd648d6b58150090a32488d7b84ca98ab01,1860,16,0,1876,1920,44,9984,3960,1980,0,0.47373737373737373,0.4696969696969697,"{""actual_effective_rate"":0.47373737373737373,""bg"":""bg2"",""bit_mapping"":""component_Gray_00_-3_01_-1_10_3_11_1_over_sqrt5;QPSK_0_plus1_1_minus1"",""code_blocks"":1,""decoder_config"":{""cn_schedule"":""flooding"",""cn_update"":""boxplus-phi"",""early_stop"":false,""hard_out"":true,""harq_mode"":false,""llr_max"":20.0,""num_iter"":20,""precision"":""single"",""prune_pcm"":true,""return_infobits"":true,""vn_update"":""sum""},""implementation"":{""bit_mapping"":""component_Gray_00_-3_01_-1_10_3_11_1_over_sqrt5;QPSK_0_plus1_1_minus1"",""cuda"":""12.8"",""decoder"":{""cn_schedule"":""flooding"",""cn_update"":""boxplus-phi"",""early_stop"":false,""hard_out"":true,""harq_mode"":false,""llr_max"":20.0,""num_iter"":20,""precision"":""single"",""prune_pcm"":true,""return_infobits"":true,""vn_update"":""sum""},""decoder_source_sha256"":""44d84b92b749e2970f94d92cd348a11648e2286b4d851faa0af8b21d08f0da23"",""encoder_source_sha256"":""34d8db6660b2e84708a8fb534f63c194f6f2b964e3693fcffc9dcaf21532ccfd"",""implementation"":""Sionna_5G_LDPC"",""power_protocol"":""fixed_constellation_average_Es2"",""precision"":""float32"",""rate_matching"":""Sionna RV0; filler removal, first2Z and tail puncturing; supported n only"",""scrambling"":""public_PCG64_SHA256_protocol_session_frame_group_counter_after_rate_matching_v1"",""torch"":""2.11.0+cu128"",""version"":""2.2.0""},""interleaver_sha256"":""e945ff01d0dea21cecfeae3f08a5f14826ff52fa3f299c81057d8b54d766f72d"",""k"":1876,""k_filler"":44,""k_ldpc"":1920,""layout_id"":""9dad9ada6c580cf93314923e2c398f1a77a3014dcc915a751d1f66eb697e336e"",""modulation_padding_bits"":0,""mother_bits"":9984,""n"":3960,""n_cb"":9600,""n_cb_comp"":9556,""power_protocol"":""fixed_constellation_average_Es2"",""puncturing_bits"":5980,""puncturing_first_2Z"":384,""puncturing_remaining"":5596,""repetition_bits"":0,""scrambling"":""public_PCG64_SHA256_protocol_session_frame_group_counter_after_rate_matching_v1"",""shortening_bits"":44,""z"":192}",[2048]
QPSK,5/6,QPSK:r5/6,e847aa3375323700cfe124088319445f8415312bee7fc4d384aa8580768d861d,660,16,0,676,704,28,2176,862,431,0,0.7842227378190255,0.765661252900232,"{""actual_effective_rate"":0.7842227378190255,""bg"":""bg1"",""bit_mapping"":""component_Gray_00_-3_01_-1_10_3_11_1_over_sqrt5;QPSK_0_plus1_1_minus1"",""code_blocks"":1,""decoder_config"":{""cn_schedule"":""flooding"",""cn_update"":""boxplus-phi"",""early_stop"":false,""hard_out"":true,""harq_mode"":false,""llr_max"":20.0,""num_iter"":20,""precision"":""single"",""prune_pcm"":true,""return_infobits"":true,""vn_update"":""sum""},""implementation"":{""bit_mapping"":""component_Gray_00_-3_01_-1_10_3_11_1_over_sqrt5;QPSK_0_plus1_1_minus1"",""cuda"":""12.8"",""decoder"":{""cn_schedule"":""flooding"",""cn_update"":""boxplus-phi"",""early_stop"":false,""hard_out"":true,""harq_mode"":false,""llr_max"":20.0,""num_iter"":20,""precision"":""single"",""prune_pcm"":true,""return_infobits"":true,""vn_update"":""sum""},""decoder_source_sha256"":""44d84b92b749e2970f94d92cd348a11648e2286b4d851faa0af8b21d08f0da23"",""encoder_source_sha256"":""34d8db6660b2e84708a8fb534f63c194f6f2b964e3693fcffc9dcaf21532ccfd"",""implementation"":""Sionna_5G_LDPC"",""power_protocol"":""fixed_constellation_average_Es2"",""precision"":""float32"",""rate_matching"":""Sionna RV0; filler removal, first2Z and tail puncturing; supported n only"",""scrambling"":""public_PCG64_SHA256_protocol_session_frame_group_counter_after_rate_matching_v1"",""torch"":""2.11.0+cu128"",""version"":""2.2.0""},""interleaver_sha256"":""a56c5cf264ab8e8ecf8d898c20cdf310e641304d72f689be1ee1bb962dbcc98a"",""k"":676,""k_filler"":28,""k_ldpc"":704,""layout_id"":""05944db1ddd5097faaa745dd0486e867c579ddd3b5647cd8ec4c8c69b2473efe"",""modulation_padding_bits"":0,""mother_bits"":2176,""n"":862,""n_cb"":2112,""n_cb_comp"":2084,""power_protocol"":""fixed_constellation_average_Es2"",""puncturing_bits"":1286,""puncturing_first_2Z"":64,""puncturing_remaining"":1222,""repetition_bits"":0,""scrambling"":""public_PCG64_SHA256_protocol_session_frame_group_counter_after_rate_matching_v1"",""shortening_bits"":28,""z"":32}",[2048]
QPSK,2/3,QPSK:r2/3,e848151532547dc8cff01b0a401c0cf8b6523425f098b2ad7aec554d3235a573,660,16,0,676,720,44,3744,1106,553,0,0.6112115732368897,0.596745027124774,"{""actual_effective_rate"":0.6112115732368897,""bg"":""bg2"",""bit_mapping"":""component_Gray_00_-3_01_-1_10_3_11_1_over_sqrt5;QPSK_0_plus1_1_minus1"",""code_blocks"":1,""decoder_config"":{""cn_schedule"":""flooding"",""cn_update"":""boxplus-phi"",""early_stop"":false,""hard_out"":true,""harq_mode"":false,""llr_max"":20.0,""num_iter"":20,""precision"":""single"",""prune_pcm"":true,""return_infobits"":true,""vn_update"":""sum""},""implementation"":{""bit_mapping"":""component_Gray_00_-3_01_-1_10_3_11_1_over_sqrt5;QPSK_0_plus1_1_minus1"",""cuda"":""12.8"",""decoder"":{""cn_schedule"":""flooding"",""cn_update"":""boxplus-phi"",""early_stop"":false,""hard_out"":true,""harq_mode"":false,""llr_max"":20.0,""num_iter"":20,""precision"":""single"",""prune_pcm"":true,""return_infobits"":true,""vn_update"":""sum""},""decoder_source_sha256"":""44d84b92b749e2970f94d92cd348a11648e2286b4d851faa0af8b21d08f0da23"",""encoder_source_sha256"":""34d8db6660b2e84708a8fb534f63c194f6f2b964e3693fcffc9dcaf21532ccfd"",""implementation"":""Sionna_5G_LDPC"",""power_protocol"":""fixed_constellation_average_Es2"",""precision"":""float32"",""rate_matching"":""Sionna RV0; filler removal, first2Z and tail puncturing; supported n only"",""scrambling"":""public_PCG64_SHA256_protocol_session_frame_group_counter_after_rate_matching_v1"",""torch"":""2.11.0+cu128"",""version"":""2.2.0""},""interleaver_sha256"":""c294fdd2032e1ce975768a884905d05cac53a8f63401f4c85ec2e53318163e4c"",""k"":676,""k_filler"":44,""k_ldpc"":720,""layout_id"":""c20c459a898c6a3465560aa79a719e2ef2543a2951540f61d9f8f21ef8e28164"",""modulation_padding_bits"":0,""mother_bits"":3744,""n"":1106,""n_cb"":3600,""n_cb_comp"":3556,""power_protocol"":""fixed_constellation_average_Es2"",""puncturing_bits"":2594,""puncturing_first_2Z"":144,""puncturing_remaining"":2450,""repetition_bits"":0,""scrambling"":""public_PCG64_SHA256_protocol_session_frame_group_counter_after_rate_matching_v1"",""shortening_bits"":44,""z"":72}",[2048]
QPSK,5/6,QPSK:r5/6,e866dbb652bc978b103f8e6f7668b9d8ae9a1b168d85358cb5fa6b20f477cc74,360,16,0,376,480,104,2496,1482,741,0,0.25371120107962214,0.242914979757085,"{""actual_effective_rate"":0.25371120107962214,""bg"":""bg2"",""bit_mapping"":""component_Gray_00_-3_01_-1_10_3_11_1_over_sqrt5;QPSK_0_plus1_1_minus1"",""code_blocks"":1,""decoder_config"":{""cn_schedule"":""flooding"",""cn_update"":""boxplus-phi"",""early_stop"":false,""hard_out"":true,""harq_mode"":false,""llr_max"":20.0,""num_iter"":20,""precision"":""single"",""prune_pcm"":true,""return_infobits"":true,""vn_update"":""sum""},""implementation"":{""bit_mapping"":""component_Gray_00_-3_01_-1_10_3_11_1_over_sqrt5;QPSK_0_plus1_1_minus1"",""cuda"":""12.8"",""decoder"":{""cn_schedule"":""flooding"",""cn_update"":""boxplus-phi"",""early_stop"":false,""hard_out"":true,""harq_mode"":false,""llr_max"":20.0,""num_iter"":20,""precision"":""single"",""prune_pcm"":true,""return_infobits"":true,""vn_update"":""sum""},""decoder_source_sha256"":""44d84b92b749e2970f94d92cd348a11648e2286b4d851faa0af8b21d08f0da23"",""encoder_source_sha256"":""34d8db6660b2e84708a8fb534f63c194f6f2b964e3693fcffc9dcaf21532ccfd"",""implementation"":""Sionna_5G_LDPC"",""power_protocol"":""fixed_constellation_average_Es2"",""precision"":""float32"",""rate_matching"":""Sionna RV0; filler removal, first2Z and tail puncturing; supported n only"",""scrambling"":""public_PCG64_SHA256_protocol_session_frame_group_counter_after_rate_matching_v1"",""torch"":""2.11.0+cu128"",""version"":""2.2.0""},""interleaver_sha256"":""aa4c0909c429bdd298148c76739db3e8c2323483beb7235803440bd31a867d20"",""k"":376,""k_filler"":104,""k_ldpc"":480,""layout_id"":""8ae518467a8c5d210365b5f1e03ac5bd1182b68e6508512dbaabac47134fe8e7"",""modulation_padding_bits"":0,""mother_bits"":2496,""n"":1482,""n_cb"":2400,""n_cb_comp"":2296,""power_protocol"":""fixed_constellation_average_Es2"",""puncturing_bits"":910,""puncturing_first_2Z"":96,""puncturing_remaining"":814,""repetition_bits"":0,""scrambling"":""public_PCG64_SHA256_protocol_session_frame_group_counter_after_rate_matching_v1"",""shortening_bits"":104,""z"":48}",[2048]
16QAM,5/6,16QAM:r5/6,e86edd0aac0821c0a2923abf3ec56153e6fa3aaff75f93b15592be144365c051,660,16,0,676,720,44,3744,1328,332,0,0.5090361445783133,0.49698795180722893,"{""actual_effective_rate"":0.5090361445783133,""bg"":""bg2"",""bit_mapping"":""component_Gray_00_-3_01_-1_10_3_11_1_over_sqrt5;QPSK_0_plus1_1_minus1"",""code_blocks"":1,""decoder_config"":{""cn_schedule"":""flooding"",""cn_update"":""boxplus-phi"",""early_stop"":false,""hard_out"":true,""harq_mode"":false,""llr_max"":20.0,""num_iter"":20,""precision"":""single"",""prune_pcm"":true,""return_infobits"":true,""vn_update"":""sum""},""implementation"":{""bit_mapping"":""component_Gray_00_-3_01_-1_10_3_11_1_over_sqrt5;QPSK_0_plus1_1_minus1"",""cuda"":""12.8"",""decoder"":{""cn_schedule"":""flooding"",""cn_update"":""boxplus-phi"",""early_stop"":false,""hard_out"":true,""harq_mode"":false,""llr_max"":20.0,""num_iter"":20,""precision"":""single"",""prune_pcm"":true,""return_infobits"":true,""vn_update"":""sum""},""decoder_source_sha256"":""44d84b92b749e2970f94d92cd348a11648e2286b4d851faa0af8b21d08f0da23"",""encoder_source_sha256"":""34d8db6660b2e84708a8fb534f63c194f6f2b964e3693fcffc9dcaf21532ccfd"",""implementation"":""Sionna_5G_LDPC"",""power_protocol"":""fixed_constellation_average_Es2"",""precision"":""float32"",""rate_matching"":""Sionna RV0; filler removal, first2Z and tail puncturing; supported n only"",""scrambling"":""public_PCG64_SHA256_protocol_session_frame_group_counter_after_rate_matching_v1"",""torch"":""2.11.0+cu128"",""version"":""2.2.0""},""interleaver_sha256"":""f7ed3ef1e2bd8f3dccad29adfdea4422b329e1ed02dd684bc5b6af7928030ff1"",""k"":676,""k_filler"":44,""k_ldpc"":720,""layout_id"":""ebc7bbf48bc45b59c156d5eab710cecdcfe47dabb62529c60e610c4e8790594d"",""modulation_padding_bits"":0,""mother_bits"":3744,""n"":1328,""n_cb"":3600,""n_cb_comp"":3556,""power_protocol"":""fixed_constellation_average_Es2"",""puncturing_bits"":2372,""puncturing_first_2Z"":144,""puncturing_remaining"":2228,""repetition_bits"":0,""scrambling"":""public_PCG64_SHA256_protocol_session_frame_group_counter_after_rate_matching_v1"",""shortening_bits"":44,""z"":72}",[2048]
QPSK,5/6,QPSK:r5/6,e871272c3d862e7373becc57b05969c4260c23f849bebf88b5f12f13f4cae0c0,2100,16,0,2116,2240,124,11648,3306,1653,0,0.6400483968542044,0.6352087114337568,"{""actual_effective_rate"":0.6400483968542044,""bg"":""bg2"",""bit_mapping"":""component_Gray_00_-3_01_-1_10_3_11_1_over_sqrt5;QPSK_0_plus1_1_minus1"",""code_blocks"":1,""decoder_config"":{""cn_schedule"":""flooding"",""cn_update"":""boxplus-phi"",""early_stop"":false,""hard_out"":true,""harq_mode"":false,""llr_max"":20.0,""num_iter"":20,""precision"":""single"",""prune_pcm"":true,""return_infobits"":true,""vn_update"":""sum""},""implementation"":{""bit_mapping"":""component_Gray_00_-3_01_-1_10_3_11_1_over_sqrt5;QPSK_0_plus1_1_minus1"",""cuda"":""12.8"",""decoder"":{""cn_schedule"":""flooding"",""cn_update"":""boxplus-phi"",""early_stop"":false,""hard_out"":true,""harq_mode"":false,""llr_max"":20.0,""num_iter"":20,""precision"":""single"",""prune_pcm"":true,""return_infobits"":true,""vn_update"":""sum""},""decoder_source_sha256"":""44d84b92b749e2970f94d92cd348a11648e2286b4d851faa0af8b21d08f0da23"",""encoder_source_sha256"":""34d8db6660b2e84708a8fb534f63c194f6f2b964e3693fcffc9dcaf21532ccfd"",""implementation"":""Sionna_5G_LDPC"",""power_protocol"":""fixed_constellation_average_Es2"",""precision"":""float32"",""rate_matching"":""Sionna RV0; filler removal, first2Z and tail puncturing; supported n only"",""scrambling"":""public_PCG64_SHA256_protocol_session_frame_group_counter_after_rate_matching_v1"",""torch"":""2.11.0+cu128"",""version"":""2.2.0""},""interleaver_sha256"":""9fac13165f7ef6918a50fb7aedc8bc67976be3569ad519ae6246a3ca5b0daabf"",""k"":2116,""k_filler"":124,""k_ldpc"":2240,""layout_id"":""8ea27221d0497253618fe2e0a26aa1a733f2c666247fdcd64b31aeee1c42de32"",""modulation_padding_bits"":0,""mother_bits"":11648,""n"":3306,""n_cb"":11200,""n_cb_comp"":11076,""power_protocol"":""fixed_constellation_average_Es2"",""puncturing_bits"":8218,""puncturing_first_2Z"":448,""puncturing_remaining"":7770,""repetition_bits"":0,""scrambling"":""public_PCG64_SHA256_protocol_session_frame_group_counter_after_rate_matching_v1"",""shortening_bits"":124,""z"":224}",[2048]
16QAM,1/3,16QAM:r1/3,e8731e97791c5292a0d4d3dc23e98cd7c206837860802c894018daba194e7c8b,1800,16,0,1816,1920,104,9984,6344,1586,0,0.2862547288776797,0.2837326607818411,"{""actual_effective_rate"":0.2862547288776797,""bg"":""bg2"",""bit_mapping"":""component_Gray_00_-3_01_-1_10_3_11_1_over_sqrt5;QPSK_0_plus1_1_minus1"",""code_blocks"":1,""decoder_config"":{""cn_schedule"":""flooding"",""cn_update"":""boxplus-phi"",""early_stop"":false,""hard_out"":true,""harq_mode"":false,""llr_max"":20.0,""num_iter"":20,""precision"":""single"",""prune_pcm"":true,""return_infobits"":true,""vn_update"":""sum""},""implementation"":{""bit_mapping"":""component_Gray_00_-3_01_-1_10_3_11_1_over_sqrt5;QPSK_0_plus1_1_minus1"",""cuda"":""12.8"",""decoder"":{""cn_schedule"":""flooding"",""cn_update"":""boxplus-phi"",""early_stop"":false,""hard_out"":true,""harq_mode"":false,""llr_max"":20.0,""num_iter"":20,""precision"":""single"",""prune_pcm"":true,""return_infobits"":true,""vn_update"":""sum""},""decoder_source_sha256"":""44d84b92b749e2970f94d92cd348a11648e2286b4d851faa0af8b21d08f0da23"",""encoder_source_sha256"":""34d8db6660b2e84708a8fb534f63c194f6f2b964e3693fcffc9dcaf21532ccfd"",""implementation"":""Sionna_5G_LDPC"",""power_protocol"":""fixed_constellation_average_Es2"",""precision"":""float32"",""rate_matching"":""Sionna RV0; filler removal, first2Z and tail puncturing; supported n only"",""scrambling"":""public_PCG64_SHA256_protocol_session_frame_group_counter_after_rate_matching_v1"",""torch"":""2.11.0+cu128"",""version"":""2.2.0""},""interleaver_sha256"":""84d5705a22ffe8f4593dcae1fa23454f0b2f17d6fb68e47f3cd547fc4c65d5ad"",""k"":1816,""k_filler"":104,""k_ldpc"":1920,""layout_id"":""74efd4856612325ee398318a2f4b374ead2fbf438716f1e253ebb76f3810335e"",""modulation_padding_bits"":0,""mother_bits"":9984,""n"":6344,""n_cb"":9600,""n_cb_comp"":9496,""power_protocol"":""fixed_constellation_average_Es2"",""puncturing_bits"":3536,""puncturing_first_2Z"":384,""puncturing_remaining"":3152,""repetition_bits"":0,""scrambling"":""public_PCG64_SHA256_protocol_session_frame_group_counter_after_rate_matching_v1"",""shortening_bits"":104,""z"":192}",[2048]
16QAM,5/6,16QAM:r5/6,e8745d1512b66e8cfd3bc9ed3efb76a2cb7bf115388a49baa60b2a5c15070d5b,360,16,0,376,480,104,2496,1212,303,0,0.3102310231023102,0.297029702970297,"{""actual_effective_rate"":0.3102310231023102,""bg"":""bg2"",""bit_mapping"":""component_Gray_00_-3_01_-1_10_3_11_1_over_sqrt5;QPSK_0_plus1_1_minus1"",""code_blocks"":1,""decoder_config"":{""cn_schedule"":""flooding"",""cn_update"":""boxplus-phi"",""early_stop"":false,""hard_out"":true,""harq_mode"":false,""llr_max"":20.0,""num_iter"":20,""precision"":""single"",""prune_pcm"":true,""return_infobits"":true,""vn_update"":""sum""},""implementation"":{""bit_mapping"":""component_Gray_00_-3_01_-1_10_3_11_1_over_sqrt5;QPSK_0_plus1_1_minus1"",""cuda"":""12.8"",""decoder"":{""cn_schedule"":""flooding"",""cn_update"":""boxplus-phi"",""early_stop"":false,""hard_out"":true,""harq_mode"":false,""llr_max"":20.0,""num_iter"":20,""precision"":""single"",""prune_pcm"":true,""return_infobits"":true,""vn_update"":""sum""},""decoder_source_sha256"":""44d84b92b749e2970f94d92cd348a11648e2286b4d851faa0af8b21d08f0da23"",""encoder_source_sha256"":""34d8db6660b2e84708a8fb534f63c194f6f2b964e3693fcffc9dcaf21532ccfd"",""implementation"":""Sionna_5G_LDPC"",""power_protocol"":""fixed_constellation_average_Es2"",""precision"":""float32"",""rate_matching"":""Sionna RV0; filler removal, first2Z and tail puncturing; supported n only"",""scrambling"":""public_PCG64_SHA256_protocol_session_frame_group_counter_after_rate_matching_v1"",""torch"":""2.11.0+cu128"",""version"":""2.2.0""},""interleaver_sha256"":""1ee145bc869c181b919d1b8e689c0c894910a6e91df01d1c31866d99ba30041b"",""k"":376,""k_filler"":104,""k_ldpc"":480,""layout_id"":""cff844c10084bfb88cb5dcee4141a13ac145471c842a0e6af15b51eef1d94530"",""modulation_padding_bits"":0,""mother_bits"":2496,""n"":1212,""n_cb"":2400,""n_cb_comp"":2296,""power_protocol"":""fixed_constellation_average_Es2"",""puncturing_bits"":1180,""puncturing_first_2Z"":96,""puncturing_remaining"":1084,""repetition_bits"":0,""scrambling"":""public_PCG64_SHA256_protocol_session_frame_group_counter_after_rate_matching_v1"",""shortening_bits"":104,""z"":48}",[2048]
QPSK,5/6,QPSK:r5/6,e87949bd7b1f698f74ca4acd89b446f2ce42b8229309d6deaf49fd0e2ca70719,2100,16,0,2116,2240,124,11648,3360,1680,0,0.6297619047619047,0.625,"{""actual_effective_rate"":0.6297619047619047,""bg"":""bg2"",""bit_mapping"":""component_Gray_00_-3_01_-1_10_3_11_1_over_sqrt5;QPSK_0_plus1_1_minus1"",""code_blocks"":1,""decoder_config"":{""cn_schedule"":""flooding"",""cn_update"":""boxplus-phi"",""early_stop"":false,""hard_out"":true,""harq_mode"":false,""llr_max"":20.0,""num_iter"":20,""precision"":""single"",""prune_pcm"":true,""return_infobits"":true,""vn_update"":""sum""},""implementation"":{""bit_mapping"":""component_Gray_00_-3_01_-1_10_3_11_1_over_sqrt5;QPSK_0_plus1_1_minus1"",""cuda"":""12.8"",""decoder"":{""cn_schedule"":""flooding"",""cn_update"":""boxplus-phi"",""early_stop"":false,""hard_out"":true,""harq_mode"":false,""llr_max"":20.0,""num_iter"":20,""precision"":""single"",""prune_pcm"":true,""return_infobits"":true,""vn_update"":""sum""},""decoder_source_sha256"":""44d84b92b749e2970f94d92cd348a11648e2286b4d851faa0af8b21d08f0da23"",""encoder_source_sha256"":""34d8db6660b2e84708a8fb534f63c194f6f2b964e3693fcffc9dcaf21532ccfd"",""implementation"":""Sionna_5G_LDPC"",""power_protocol"":""fixed_constellation_average_Es2"",""precision"":""float32"",""rate_matching"":""Sionna RV0; filler removal, first2Z and tail puncturing; supported n only"",""scrambling"":""public_PCG64_SHA256_protocol_session_frame_group_counter_after_rate_matching_v1"",""torch"":""2.11.0+cu128"",""version"":""2.2.0""},""interleaver_sha256"":""ad231ca89aa162240c7fe6f8320043fea4df17331d31676df0265d00236ba2cc"",""k"":2116,""k_filler"":124,""k_ldpc"":2240,""layout_id"":""23c872196a4c21602172be37f96f9458e24c6f6b6838abf87d22c0864f2fab53"",""modulation_padding_bits"":0,""mother_bits"":11648,""n"":3360,""n_cb"":11200,""n_cb_comp"":11076,""power_protocol"":""fixed_constellation_average_Es2"",""puncturing_bits"":8164,""puncturing_first_2Z"":448,""puncturing_remaining"":7716,""repetition_bits"":0,""scrambling"":""public_PCG64_SHA256_protocol_session_frame_group_counter_after_rate_matching_v1"",""shortening_bits"":124,""z"":224}",[2048]
QPSK,5/6,QPSK:r5/6,e8802b98ef40ef91a9e23f990fa8a7f9eab5999b5e588d6a3126ede321e29c7e,624,16,0,640,720,80,3744,1102,551,0,0.5807622504537205,0.5662431941923775,"{""actual_effective_rate"":0.5807622504537205,""bg"":""bg2"",""bit_mapping"":""component_Gray_00_-3_01_-1_10_3_11_1_over_sqrt5;QPSK_0_plus1_1_minus1"",""code_blocks"":1,""decoder_config"":{""cn_schedule"":""flooding"",""cn_update"":""boxplus-phi"",""early_stop"":false,""hard_out"":true,""harq_mode"":false,""llr_max"":20.0,""num_iter"":20,""precision"":""single"",""prune_pcm"":true,""return_infobits"":true,""vn_update"":""sum""},""implementation"":{""bit_mapping"":""component_Gray_00_-3_01_-1_10_3_11_1_over_sqrt5;QPSK_0_plus1_1_minus1"",""cuda"":""12.8"",""decoder"":{""cn_schedule"":""flooding"",""cn_update"":""boxplus-phi"",""early_stop"":false,""hard_out"":true,""harq_mode"":false,""llr_max"":20.0,""num_iter"":20,""precision"":""single"",""prune_pcm"":true,""return_infobits"":true,""vn_update"":""sum""},""decoder_source_sha256"":""44d84b92b749e2970f94d92cd348a11648e2286b4d851faa0af8b21d08f0da23"",""encoder_source_sha256"":""34d8db6660b2e84708a8fb534f63c194f6f2b964e3693fcffc9dcaf21532ccfd"",""implementation"":""Sionna_5G_LDPC"",""power_protocol"":""fixed_constellation_average_Es2"",""precision"":""float32"",""rate_matching"":""Sionna RV0; filler removal, first2Z and tail puncturing; supported n only"",""scrambling"":""public_PCG64_SHA256_protocol_session_frame_group_counter_after_rate_matching_v1"",""torch"":""2.11.0+cu128"",""version"":""2.2.0""},""interleaver_sha256"":""ab41c36038e645b1cf209a56fd2b3d16d6374792c8ff4f7a8654f1446821becc"",""k"":640,""k_filler"":80,""k_ldpc"":720,""layout_id"":""abede92af65df53e9a139687d56d11db5f7fed5c272b9d5566d020a9d2bd7475"",""modulation_padding_bits"":0,""mother_bits"":3744,""n"":1102,""n_cb"":3600,""n_cb_comp"":3520,""power_protocol"":""fixed_constellation_average_Es2"",""puncturing_bits"":2562,""puncturing_first_2Z"":144,""puncturing_remaining"":2418,""repetition_bits"":0,""scrambling"":""public_PCG64_SHA256_protocol_session_frame_group_counter_after_rate_matching_v1"",""shortening_bits"":80,""z"":72}",[1024]
16QAM,1/2,16QAM:r1/2,e8883b9017ecdc5362b3deb9579c6f1ed4fa67c24e8a6738d589b84b7fc0c14b,1092,16,0,1108,1120,12,5824,3012,753,0,0.36786188579017265,0.36254980079681276,"{""actual_effective_rate"":0.36786188579017265,""bg"":""bg2"",""bit_mapping"":""component_Gray_00_-3_01_-1_10_3_11_1_over_sqrt5;QPSK_0_plus1_1_minus1"",""code_blocks"":1,""decoder_config"":{""cn_schedule"":""flooding"",""cn_update"":""boxplus-phi"",""early_stop"":false,""hard_out"":true,""harq_mode"":false,""llr_max"":20.0,""num_iter"":20,""precision"":""single"",""prune_pcm"":true,""return_infobits"":true,""vn_update"":""sum""},""implementation"":{""bit_mapping"":""component_Gray_00_-3_01_-1_10_3_11_1_over_sqrt5;QPSK_0_plus1_1_minus1"",""cuda"":""12.8"",""decoder"":{""cn_schedule"":""flooding"",""cn_update"":""boxplus-phi"",""early_stop"":false,""hard_out"":true,""harq_mode"":false,""llr_max"":20.0,""num_iter"":20,""precision"":""single"",""prune_pcm"":true,""return_infobits"":true,""vn_update"":""sum""},""decoder_source_sha256"":""44d84b92b749e2970f94d92cd348a11648e2286b4d851faa0af8b21d08f0da23"",""encoder_source_sha256"":""34d8db6660b2e84708a8fb534f63c194f6f2b964e3693fcffc9dcaf21532ccfd"",""implementation"":""Sionna_5G_LDPC"",""power_protocol"":""fixed_constellation_average_Es2"",""precision"":""float32"",""rate_matching"":""Sionna RV0; filler removal, first2Z and tail puncturing; supported n only"",""scrambling"":""public_PCG64_SHA256_protocol_session_frame_group_counter_after_rate_matching_v1"",""torch"":""2.11.0+cu128"",""version"":""2.2.0""},""interleaver_sha256"":""5e04f9716a1fa4db282c8e286220bc99689c897b4f258149abc0642a62eec9af"",""k"":1108,""k_filler"":12,""k_ldpc"":1120,""layout_id"":""64d304fa6a61f664937d6a6b42f193a0ac30719446e2175b9c2b92319aabac72"",""modulation_padding_bits"":0,""mother_bits"":5824,""n"":3012,""n_cb"":5600,""n_cb_comp"":5588,""power_protocol"":""fixed_constellation_average_Es2"",""puncturing_bits"":2800,""puncturing_first_2Z"":224,""puncturing_remaining"":2576,""repetition_bits"":0,""scrambling"":""public_PCG64_SHA256_protocol_session_frame_group_counter_after_rate_matching_v1"",""shortening_bits"":12,""z"":112}",[1024]
16QAM,2/3,16QAM:r2/3,e8924704f1456977036c93f16484067dd894b1203ab4a0d637485ecad1f94a09,3204,16,0,3220,3520,300,18304,7092,1773,0,0.45403271291596164,0.4517766497461929,"{""actual_effective_rate"":0.45403271291596164,""bg"":""bg2"",""bit_mapping"":""component_Gray_00_-3_01_-1_10_3_11_1_over_sqrt5;QPSK_0_plus1_1_minus1"",""code_blocks"":1,""decoder_config"":{""cn_schedule"":""flooding"",""cn_update"":""boxplus-phi"",""early_stop"":false,""hard_out"":true,""harq_mode"":false,""llr_max"":20.0,""num_iter"":20,""precision"":""single"",""prune_pcm"":true,""return_infobits"":true,""vn_update"":""sum""},""implementation"":{""bit_mapping"":""component_Gray_00_-3_01_-1_10_3_11_1_over_sqrt5;QPSK_0_plus1_1_minus1"",""cuda"":""12.8"",""decoder"":{""cn_schedule"":""flooding"",""cn_update"":""boxplus-phi"",""early_stop"":false,""hard_out"":true,""harq_mode"":false,""llr_max"":20.0,""num_iter"":20,""precision"":""single"",""prune_pcm"":true,""return_infobits"":true,""vn_update"":""sum""},""decoder_source_sha256"":""44d84b92b749e2970f94d92cd348a11648e2286b4d851faa0af8b21d08f0da23"",""encoder_source_sha256"":""34d8db6660b2e84708a8fb534f63c194f6f2b964e3693fcffc9dcaf21532ccfd"",""implementation"":""Sionna_5G_LDPC"",""power_protocol"":""fixed_constellation_average_Es2"",""precision"":""float32"",""rate_matching"":""Sionna RV0; filler removal, first2Z and tail puncturing; supported n only"",""scrambling"":""public_PCG64_SHA256_protocol_session_frame_group_counter_after_rate_matching_v1"",""torch"":""2.11.0+cu128"",""version"":""2.2.0""},""interleaver_sha256"":""eddadbf2aa2552be7028f1805026a044b3edd05bccda36fe56da5d5a30625366"",""k"":3220,""k_filler"":300,""k_ldpc"":3520,""layout_id"":""c186b0de1ecaf28a99a081e2708ce5581f5e88d4252231d4cccb1b5293314018"",""modulation_padding_bits"":0,""mother_bits"":18304,""n"":7092,""n_cb"":17600,""n_cb_comp"":17300,""power_protocol"":""fixed_constellation_average_Es2"",""puncturing_bits"":10912,""puncturing_first_2Z"":704,""puncturing_remaining"":10208,""repetition_bits"":0,""scrambling"":""public_PCG64_SHA256_protocol_session_frame_group_counter_after_rate_matching_v1"",""shortening_bits"":300,""z"":352}",[2048]
QPSK,1/2,QPSK:r1/2,e89f945377a3185cc7e9de317f3943da6e75ebe374f7072b8def335750d2681a,408,16,0,424,560,136,2912,1246,623,0,0.3402889245585875,0.3274478330658106,"{""actual_effective_rate"":0.3402889245585875,""bg"":""bg2"",""bit_mapping"":""component_Gray_00_-3_01_-1_10_3_11_1_over_sqrt5;QPSK_0_plus1_1_minus1"",""code_blocks"":1,""decoder_config"":{""cn_schedule"":""flooding"",""cn_update"":""boxplus-phi"",""early_stop"":false,""hard_out"":true,""harq_mode"":false,""llr_max"":20.0,""num_iter"":20,""precision"":""single"",""prune_pcm"":true,""return_infobits"":true,""vn_update"":""sum""},""implementation"":{""bit_mapping"":""component_Gray_00_-3_01_-1_10_3_11_1_over_sqrt5;QPSK_0_plus1_1_minus1"",""cuda"":""12.8"",""decoder"":{""cn_schedule"":""flooding"",""cn_update"":""boxplus-phi"",""early_stop"":false,""hard_out"":true,""harq_mode"":false,""llr_max"":20.0,""num_iter"":20,""precision"":""single"",""prune_pcm"":true,""return_infobits"":true,""vn_update"":""sum""},""decoder_source_sha256"":""44d84b92b749e2970f94d92cd348a11648e2286b4d851faa0af8b21d08f0da23"",""encoder_source_sha256"":""34d8db6660b2e84708a8fb534f63c194f6f2b964e3693fcffc9dcaf21532ccfd"",""implementation"":""Sionna_5G_LDPC"",""power_protocol"":""fixed_constellation_average_Es2"",""precision"":""float32"",""rate_matching"":""Sionna RV0; filler removal, first2Z and tail puncturing; supported n only"",""scrambling"":""public_PCG64_SHA256_protocol_session_frame_group_counter_after_rate_matching_v1"",""torch"":""2.11.0+cu128"",""version"":""2.2.0""},""interleaver_sha256"":""254eb216510caa2067f4bf45e2aa73bcaee26ffc48c8369889304974382dd567"",""k"":424,""k_filler"":136,""k_ldpc"":560,""layout_id"":""5e7667acfe1a4d7774ae8d80cd4cb57f418a8cdf19baf8d5e892124d0b05e7d3"",""modulation_padding_bits"":0,""mother_bits"":2912,""n"":1246,""n_cb"":2800,""n_cb_comp"":2664,""power_protocol"":""fixed_constellation_average_Es2"",""puncturing_bits"":1530,""puncturing_first_2Z"":112,""puncturing_remaining"":1418,""repetition_bits"":0,""scrambling"":""public_PCG64_SHA256_protocol_session_frame_group_counter_after_rate_matching_v1"",""shortening_bits"":136,""z"":56}",[1024]
QPSK,1/2,QPSK:r1/2,e8a21f1f5a36e9bd6a057c19bcd61ed97b6ac72355546c1c00f594bef1ea37e2,660,16,0,676,720,44,3744,1470,735,0,0.4598639455782313,0.4489795918367347,"{""actual_effective_rate"":0.4598639455782313,""bg"":""bg2"",""bit_mapping"":""component_Gray_00_-3_01_-1_10_3_11_1_over_sqrt5;QPSK_0_plus1_1_minus1"",""code_blocks"":1,""decoder_config"":{""cn_schedule"":""flooding"",""cn_update"":""boxplus-phi"",""early_stop"":false,""hard_out"":true,""harq_mode"":false,""llr_max"":20.0,""num_iter"":20,""precision"":""single"",""prune_pcm"":true,""return_infobits"":true,""vn_update"":""sum""},""implementation"":{""bit_mapping"":""component_Gray_00_-3_01_-1_10_3_11_1_over_sqrt5;QPSK_0_plus1_1_minus1"",""cuda"":""12.8"",""decoder"":{""cn_schedule"":""flooding"",""cn_update"":""boxplus-phi"",""early_stop"":false,""hard_out"":true,""harq_mode"":false,""llr_max"":20.0,""num_iter"":20,""precision"":""single"",""prune_pcm"":true,""return_infobits"":true,""vn_update"":""sum""},""decoder_source_sha256"":""44d84b92b749e2970f94d92cd348a11648e2286b4d851faa0af8b21d08f0da23"",""encoder_source_sha256"":""34d8db6660b2e84708a8fb534f63c194f6f2b964e3693fcffc9dcaf21532ccfd"",""implementation"":""Sionna_5G_LDPC"",""power_protocol"":""fixed_constellation_average_Es2"",""precision"":""float32"",""rate_matching"":""Sionna RV0; filler removal, first2Z and tail puncturing; supported n only"",""scrambling"":""public_PCG64_SHA256_protocol_session_frame_group_counter_after_rate_matching_v1"",""torch"":""2.11.0+cu128"",""version"":""2.2.0""},""interleaver_sha256"":""6a08cc65563e8b74dc36f1cdff858f03191cdab8ddf9a21d6ef510a2e0199d02"",""k"":676,""k_filler"":44,""k_ldpc"":720,""layout_id"":""9df990fa16abd8924abd4f5a8fb9056e0ddb1655dc86d2aadeaeb22d5be145df"",""modulation_padding_bits"":0,""mother_bits"":3744,""n"":1470,""n_cb"":3600,""n_cb_comp"":3556,""power_protocol"":""fixed_constellation_average_Es2"",""puncturing_bits"":2230,""puncturing_first_2Z"":144,""puncturing_remaining"":2086,""repetition_bits"":0,""scrambling"":""public_PCG64_SHA256_protocol_session_frame_group_counter_after_rate_matching_v1"",""shortening_bits"":44,""z"":72}",[1024]
16QAM,3/4,16QAM:r3/4,e8afec32e12d0be554f20e8f977e66946f154ec9885139d42052a44f262cb57d,3420,16,0,3436,3520,84,10880,4588,1147,0,0.7489102005231038,0.7454228421970357,"{""actual_effective_rate"":0.7489102005231038,""bg"":""bg1"",""bit_mapping"":""component_Gray_00_-3_01_-1_10_3_11_1_over_sqrt5;QPSK_0_plus1_1_minus1"",""code_blocks"":1,""decoder_config"":{""cn_schedule"":""flooding"",""cn_update"":""boxplus-phi"",""early_stop"":false,""hard_out"":true,""harq_mode"":false,""llr_max"":20.0,""num_iter"":20,""precision"":""single"",""prune_pcm"":true,""return_infobits"":true,""vn_update"":""sum""},""implementation"":{""bit_mapping"":""component_Gray_00_-3_01_-1_10_3_11_1_over_sqrt5;QPSK_0_plus1_1_minus1"",""cuda"":""12.8"",""decoder"":{""cn_schedule"":""flooding"",""cn_update"":""boxplus-phi"",""early_stop"":false,""hard_out"":true,""harq_mode"":false,""llr_max"":20.0,""num_iter"":20,""precision"":""single"",""prune_pcm"":true,""return_infobits"":true,""vn_update"":""sum""},""decoder_source_sha256"":""44d84b92b749e2970f94d92cd348a11648e2286b4d851faa0af8b21d08f0da23"",""encoder_source_sha256"":""34d8db6660b2e84708a8fb534f63c194f6f2b964e3693fcffc9dcaf21532ccfd"",""implementation"":""Sionna_5G_LDPC"",""power_protocol"":""fixed_constellation_average_Es2"",""precision"":""float32"",""rate_matching"":""Sionna RV0; filler removal, first2Z and tail puncturing; supported n only"",""scrambling"":""public_PCG64_SHA256_protocol_session_frame_group_counter_after_rate_matching_v1"",""torch"":""2.11.0+cu128"",""version"":""2.2.0""},""interleaver_sha256"":""42c3af76af394d8348d605f2f572e6d1fb66f10b476506a5963365d25d3d0054"",""k"":3436,""k_filler"":84,""k_ldpc"":3520,""layout_id"":""0d2458bcc550bfc7c67a959b2b0014ffe6b878c5737d6bcacc643d996322cab2"",""modulation_padding_bits"":0,""mother_bits"":10880,""n"":4588,""n_cb"":10560,""n_cb_comp"":10476,""power_protocol"":""fixed_constellation_average_Es2"",""puncturing_bits"":6208,""puncturing_first_2Z"":320,""puncturing_remaining"":5888,""repetition_bits"":0,""scrambling"":""public_PCG64_SHA256_protocol_session_frame_group_counter_after_rate_matching_v1"",""shortening_bits"":84,""z"":160}",[2048]
16QAM,5/6,16QAM:r5/6,e8c1e3b7ecd66c136270ee1d2d03d426cff0347f130a6a3fb169e31fca93cfa4,192,16,0,208,260,52,1352,268,67,0,0.7761194029850746,0.7164179104477612,"{""actual_effective_rate"":0.7761194029850746,""bg"":""bg2"",""bit_mapping"":""component_Gray_00_-3_01_-1_10_3_11_1_over_sqrt5;QPSK_0_plus1_1_minus1"",""code_blocks"":1,""decoder_config"":{""cn_schedule"":""flooding"",""cn_update"":""boxplus-phi"",""early_stop"":false,""hard_out"":true,""harq_mode"":false,""llr_max"":20.0,""num_iter"":20,""precision"":""single"",""prune_pcm"":true,""return_infobits"":true,""vn_update"":""sum""},""implementation"":{""bit_mapping"":""component_Gray_00_-3_01_-1_10_3_11_1_over_sqrt5;QPSK_0_plus1_1_minus1"",""cuda"":""12.8"",""decoder"":{""cn_schedule"":""flooding"",""cn_update"":""boxplus-phi"",""early_stop"":false,""hard_out"":true,""harq_mode"":false,""llr_max"":20.0,""num_iter"":20,""precision"":""single"",""prune_pcm"":true,""return_infobits"":true,""vn_update"":""sum""},""decoder_source_sha256"":""44d84b92b749e2970f94d92cd348a11648e2286b4d851faa0af8b21d08f0da23"",""encoder_source_sha256"":""34d8db6660b2e84708a8fb534f63c194f6f2b964e3693fcffc9dcaf21532ccfd"",""implementation"":""Sionna_5G_LDPC"",""power_protocol"":""fixed_constellation_average_Es2"",""precision"":""float32"",""rate_matching"":""Sionna RV0; filler removal, first2Z and tail puncturing; supported n only"",""scrambling"":""public_PCG64_SHA256_protocol_session_frame_group_counter_after_rate_matching_v1"",""torch"":""2.11.0+cu128"",""version"":""2.2.0""},""interleaver_sha256"":""7d585438a9b18f9256386f290cbbf647f0291191082827cad65fc1928f5030a1"",""k"":208,""k_filler"":52,""k_ldpc"":260,""layout_id"":""9e9586f59728e61849cf49b3115542482364cb4cf0a66cbe75ab07f723f5ae82"",""modulation_padding_bits"":0,""mother_bits"":1352,""n"":268,""n_cb"":1300,""n_cb_comp"":1248,""power_protocol"":""fixed_constellation_average_Es2"",""puncturing_bits"":1032,""puncturing_first_2Z"":52,""puncturing_remaining"":980,""repetition_bits"":0,""scrambling"":""public_PCG64_SHA256_protocol_session_frame_group_counter_after_rate_matching_v1"",""shortening_bits"":52,""z"":26}",[1024]
16QAM,1/2,16QAM:r1/2,e8ea1efeae887c815e4a6c80d1514f08c9eba3215db204101f51e7fa0eb2406e,1380,16,0,1396,1440,44,7488,2800,700,0,0.49857142857142855,0.4928571428571429,"{""actual_effective_rate"":0.49857142857142855,""bg"":""bg2"",""bit_mapping"":""component_Gray_00_-3_01_-1_10_3_11_1_over_sqrt5;QPSK_0_plus1_1_minus1"",""code_blocks"":1,""decoder_config"":{""cn_schedule"":""flooding"",""cn_update"":""boxplus-phi"",""early_stop"":false,""hard_out"":true,""harq_mode"":false,""llr_max"":20.0,""num_iter"":20,""precision"":""single"",""prune_pcm"":true,""return_infobits"":true,""vn_update"":""sum""},""implementation"":{""bit_mapping"":""component_Gray_00_-3_01_-1_10_3_11_1_over_sqrt5;QPSK_0_plus1_1_minus1"",""cuda"":""12.8"",""decoder"":{""cn_schedule"":""flooding"",""cn_update"":""boxplus-phi"",""early_stop"":false,""hard_out"":true,""harq_mode"":false,""llr_max"":20.0,""num_iter"":20,""precision"":""single"",""prune_pcm"":true,""return_infobits"":true,""vn_update"":""sum""},""decoder_source_sha256"":""44d84b92b749e2970f94d92cd348a11648e2286b4d851faa0af8b21d08f0da23"",""encoder_source_sha256"":""34d8db6660b2e84708a8fb534f63c194f6f2b964e3693fcffc9dcaf21532ccfd"",""implementation"":""Sionna_5G_LDPC"",""power_protocol"":""fixed_constellation_average_Es2"",""precision"":""float32"",""rate_matching"":""Sionna RV0; filler removal, first2Z and tail puncturing; supported n only"",""scrambling"":""public_PCG64_SHA256_protocol_session_frame_group_counter_after_rate_matching_v1"",""torch"":""2.11.0+cu128"",""version"":""2.2.0""},""interleaver_sha256"":""b7b4730d7c8535d5589b69b51e37affd1a2150984eb708be0918f19e8c3d9e0f"",""k"":1396,""k_filler"":44,""k_ldpc"":1440,""layout_id"":""1eddcfd6db564beae5571d328e873ad32d3e82e6914ca011ea4904d374d52b2d"",""modulation_padding_bits"":0,""mother_bits"":7488,""n"":2800,""n_cb"":7200,""n_cb_comp"":7156,""power_protocol"":""fixed_constellation_average_Es2"",""puncturing_bits"":4644,""puncturing_first_2Z"":288,""puncturing_remaining"":4356,""repetition_bits"":0,""scrambling"":""public_PCG64_SHA256_protocol_session_frame_group_counter_after_rate_matching_v1"",""shortening_bits"":44,""z"":144}",[1024]
QPSK,3/4,QPSK:r3/4,e8eb3b94e8ec5224d6993d717b9ace306d6772f93d06a0300779d0738d2ff1c8,1092,16,0,1108,1120,12,5824,3292,1646,0,0.33657351154313486,0.33171324422843257,"{""actual_effective_rate"":0.33657351154313486,""bg"":""bg2"",""bit_mapping"":""component_Gray_00_-3_01_-1_10_3_11_1_over_sqrt5;QPSK_0_plus1_1_minus1"",""code_blocks"":1,""decoder_config"":{""cn_schedule"":""flooding"",""cn_update"":""boxplus-phi"",""early_stop"":false,""hard_out"":true,""harq_mode"":false,""llr_max"":20.0,""num_iter"":20,""precision"":""single"",""prune_pcm"":true,""return_infobits"":true,""vn_update"":""sum""},""implementation"":{""bit_mapping"":""component_Gray_00_-3_01_-1_10_3_11_1_over_sqrt5;QPSK_0_plus1_1_minus1"",""cuda"":""12.8"",""decoder"":{""cn_schedule"":""flooding"",""cn_update"":""boxplus-phi"",""early_stop"":false,""hard_out"":true,""harq_mode"":false,""llr_max"":20.0,""num_iter"":20,""precision"":""single"",""prune_pcm"":true,""return_infobits"":true,""vn_update"":""sum""},""decoder_source_sha256"":""44d84b92b749e2970f94d92cd348a11648e2286b4d851faa0af8b21d08f0da23"",""encoder_source_sha256"":""34d8db6660b2e84708a8fb534f63c194f6f2b964e3693fcffc9dcaf21532ccfd"",""implementation"":""Sionna_5G_LDPC"",""power_protocol"":""fixed_constellation_average_Es2"",""precision"":""float32"",""rate_matching"":""Sionna RV0; filler removal, first2Z and tail puncturing; supported n only"",""scrambling"":""public_PCG64_SHA256_protocol_session_frame_group_counter_after_rate_matching_v1"",""torch"":""2.11.0+cu128"",""version"":""2.2.0""},""interleaver_sha256"":""9ff264504dbadf038a9442e474e89c662fe0c3803b1c0f30c12c4fc847eee64f"",""k"":1108,""k_filler"":12,""k_ldpc"":1120,""layout_id"":""62fcfbf5d805e9f46de0061e2ab01765b0235173b114a7dd6e0b4f7681e25a3c"",""modulation_padding_bits"":0,""mother_bits"":5824,""n"":3292,""n_cb"":5600,""n_cb_comp"":5588,""power_protocol"":""fixed_constellation_average_Es2"",""puncturing_bits"":2520,""puncturing_first_2Z"":224,""puncturing_remaining"":2296,""repetition_bits"":0,""scrambling"":""public_PCG64_SHA256_protocol_session_frame_group_counter_after_rate_matching_v1"",""shortening_bits"":12,""z"":112}",[2048]
16QAM,1/2,16QAM:r1/2,e8f3e3199b38d8ca2fa619d1fff34f07b006cf90815ebbb68125154144e925e8,1284,16,0,1300,1440,140,7488,2600,650,0,0.5,0.4938461538461538,"{""actual_effective_rate"":0.5,""bg"":""bg2"",""bit_mapping"":""component_Gray_00_-3_01_-1_10_3_11_1_over_sqrt5;QPSK_0_plus1_1_minus1"",""code_blocks"":1,""decoder_config"":{""cn_schedule"":""flooding"",""cn_update"":""boxplus-phi"",""early_stop"":false,""hard_out"":true,""harq_mode"":false,""llr_max"":20.0,""num_iter"":20,""precision"":""single"",""prune_pcm"":true,""return_infobits"":true,""vn_update"":""sum""},""implementation"":{""bit_mapping"":""component_Gray_00_-3_01_-1_10_3_11_1_over_sqrt5;QPSK_0_plus1_1_minus1"",""cuda"":""12.8"",""decoder"":{""cn_schedule"":""flooding"",""cn_update"":""boxplus-phi"",""early_stop"":false,""hard_out"":true,""harq_mode"":false,""llr_max"":20.0,""num_iter"":20,""precision"":""single"",""prune_pcm"":true,""return_infobits"":true,""vn_update"":""sum""},""decoder_source_sha256"":""44d84b92b749e2970f94d92cd348a11648e2286b4d851faa0af8b21d08f0da23"",""encoder_source_sha256"":""34d8db6660b2e84708a8fb534f63c194f6f2b964e3693fcffc9dcaf21532ccfd"",""implementation"":""Sionna_5G_LDPC"",""power_protocol"":""fixed_constellation_average_Es2"",""precision"":""float32"",""rate_matching"":""Sionna RV0; filler removal, first2Z and tail puncturing; supported n only"",""scrambling"":""public_PCG64_SHA256_protocol_session_frame_group_counter_after_rate_matching_v1"",""torch"":""2.11.0+cu128"",""version"":""2.2.0""},""interleaver_sha256"":""45debaaca63754a4aa538bac075212ef298e552e5e21b958a144feee95c6a841"",""k"":1300,""k_filler"":140,""k_ldpc"":1440,""layout_id"":""0f863f5f95aec682927cd16de7fa1b5b14e3289400bdb595dfc4a447eed68079"",""modulation_padding_bits"":0,""mother_bits"":7488,""n"":2600,""n_cb"":7200,""n_cb_comp"":7060,""power_protocol"":""fixed_constellation_average_Es2"",""puncturing_bits"":4748,""puncturing_first_2Z"":288,""puncturing_remaining"":4460,""repetition_bits"":0,""scrambling"":""public_PCG64_SHA256_protocol_session_frame_group_counter_after_rate_matching_v1"",""shortening_bits"":140,""z"":144}","[1024,2048]"
QPSK,3/4,QPSK:r3/4,e902bbb15205de9cf5f09e93c4208c2ecec03e07ab171d0d9446439c517b1832,732,16,0,748,800,52,4160,3086,1543,0,0.2423849643551523,0.237200259235256,"{""actual_effective_rate"":0.2423849643551523,""bg"":""bg2"",""bit_mapping"":""component_Gray_00_-3_01_-1_10_3_11_1_over_sqrt5;QPSK_0_plus1_1_minus1"",""code_blocks"":1,""decoder_config"":{""cn_schedule"":""flooding"",""cn_update"":""boxplus-phi"",""early_stop"":false,""hard_out"":true,""harq_mode"":false,""llr_max"":20.0,""num_iter"":20,""precision"":""single"",""prune_pcm"":true,""return_infobits"":true,""vn_update"":""sum""},""implementation"":{""bit_mapping"":""component_Gray_00_-3_01_-1_10_3_11_1_over_sqrt5;QPSK_0_plus1_1_minus1"",""cuda"":""12.8"",""decoder"":{""cn_schedule"":""flooding"",""cn_update"":""boxplus-phi"",""early_stop"":false,""hard_out"":true,""harq_mode"":false,""llr_max"":20.0,""num_iter"":20,""precision"":""single"",""prune_pcm"":true,""return_infobits"":true,""vn_update"":""sum""},""decoder_source_sha256"":""44d84b92b749e2970f94d92cd348a11648e2286b4d851faa0af8b21d08f0da23"",""encoder_source_sha256"":""34d8db6660b2e84708a8fb534f63c194f6f2b964e3693fcffc9dcaf21532ccfd"",""implementation"":""Sionna_5G_LDPC"",""power_protocol"":""fixed_constellation_average_Es2"",""precision"":""float32"",""rate_matching"":""Sionna RV0; filler removal, first2Z and tail puncturing; supported n only"",""scrambling"":""public_PCG64_SHA256_protocol_session_frame_group_counter_after_rate_matching_v1"",""torch"":""2.11.0+cu128"",""version"":""2.2.0""},""interleaver_sha256"":""fb662e1bd5aca89768b72bb7cc43e2cbde0834ea45db17d4910c7b50a8368357"",""k"":748,""k_filler"":52,""k_ldpc"":800,""layout_id"":""49b97010458a6df1472381c467651ae098c3e9b06a50becac22fda90c837539a"",""modulation_padding_bits"":0,""mother_bits"":4160,""n"":3086,""n_cb"":4000,""n_cb_comp"":3948,""power_protocol"":""fixed_constellation_average_Es2"",""puncturing_bits"":1022,""puncturing_first_2Z"":160,""puncturing_remaining"":862,""repetition_bits"":0,""scrambling"":""public_PCG64_SHA256_protocol_session_frame_group_counter_after_rate_matching_v1"",""shortening_bits"":52,""z"":80}",[2048]
16QAM,3/4,16QAM:r3/4,e9059abda92ff98e43196b30872309266b58827da5dd19cd6e4a409b30310cae,384,16,0,400,520,120,2704,744,186,0,0.5376344086021505,0.5161290322580645,"{""actual_effective_rate"":0.5376344086021505,""bg"":""bg2"",""bit_mapping"":""component_Gray_00_-3_01_-1_10_3_11_1_over_sqrt5;QPSK_0_plus1_1_minus1"",""code_blocks"":1,""decoder_config"":{""cn_schedule"":""flooding"",""cn_update"":""boxplus-phi"",""early_stop"":false,""hard_out"":true,""harq_mode"":false,""llr_max"":20.0,""num_iter"":20,""precision"":""single"",""prune_pcm"":true,""return_infobits"":true,""vn_update"":""sum""},""implementation"":{""bit_mapping"":""component_Gray_00_-3_01_-1_10_3_11_1_over_sqrt5;QPSK_0_plus1_1_minus1"",""cuda"":""12.8"",""decoder"":{""cn_schedule"":""flooding"",""cn_update"":""boxplus-phi"",""early_stop"":false,""hard_out"":true,""harq_mode"":false,""llr_max"":20.0,""num_iter"":20,""precision"":""single"",""prune_pcm"":true,""return_infobits"":true,""vn_update"":""sum""},""decoder_source_sha256"":""44d84b92b749e2970f94d92cd348a11648e2286b4d851faa0af8b21d08f0da23"",""encoder_source_sha256"":""34d8db6660b2e84708a8fb534f63c194f6f2b964e3693fcffc9dcaf21532ccfd"",""implementation"":""Sionna_5G_LDPC"",""power_protocol"":""fixed_constellation_average_Es2"",""precision"":""float32"",""rate_matching"":""Sionna RV0; filler removal, first2Z and tail puncturing; supported n only"",""scrambling"":""public_PCG64_SHA256_protocol_session_frame_group_counter_after_rate_matching_v1"",""torch"":""2.11.0+cu128"",""version"":""2.2.0""},""interleaver_sha256"":""09baf9cc8617d3dc6a0fb399904763972ee23de30c2590df94d56b20f2bcf29d"",""k"":400,""k_filler"":120,""k_ldpc"":520,""layout_id"":""50735b76d4dd170442c91a2ca44825a9c59c8b3a8982369b8c3162fa45f009a2"",""modulation_padding_bits"":0,""mother_bits"":2704,""n"":744,""n_cb"":2600,""n_cb_comp"":2480,""power_protocol"":""fixed_constellation_average_Es2"",""puncturing_bits"":1840,""puncturing_first_2Z"":104,""puncturing_remaining"":1736,""repetition_bits"":0,""scrambling"":""public_PCG64_SHA256_protocol_session_frame_group_counter_after_rate_matching_v1"",""shortening_bits"":120,""z"":52}",[1024]
QPSK,1/2,QPSK:r1/2,e9159dc2da240ea2f7e0cd251672c03850af3f3aadcab5bb206495d462811917,1500,16,0,1516,1600,84,8320,3390,1695,0,0.4471976401179941,0.4424778761061947,"{""actual_effective_rate"":0.4471976401179941,""bg"":""bg2"",""bit_mapping"":""component_Gray_00_-3_01_-1_10_3_11_1_over_sqrt5;QPSK_0_plus1_1_minus1"",""code_blocks"":1,""decoder_config"":{""cn_schedule"":""flooding"",""cn_update"":""boxplus-phi"",""early_stop"":false,""hard_out"":true,""harq_mode"":false,""llr_max"":20.0,""num_iter"":20,""precision"":""single"",""prune_pcm"":true,""return_infobits"":true,""vn_update"":""sum""},""implementation"":{""bit_mapping"":""component_Gray_00_-3_01_-1_10_3_11_1_over_sqrt5;QPSK_0_plus1_1_minus1"",""cuda"":""12.8"",""decoder"":{""cn_schedule"":""flooding"",""cn_update"":""boxplus-phi"",""early_stop"":false,""hard_out"":true,""harq_mode"":false,""llr_max"":20.0,""num_iter"":20,""precision"":""single"",""prune_pcm"":true,""return_infobits"":true,""vn_update"":""sum""},""decoder_source_sha256"":""44d84b92b749e2970f94d92cd348a11648e2286b4d851faa0af8b21d08f0da23"",""encoder_source_sha256"":""34d8db6660b2e84708a8fb534f63c194f6f2b964e3693fcffc9dcaf21532ccfd"",""implementation"":""Sionna_5G_LDPC"",""power_protocol"":""fixed_constellation_average_Es2"",""precision"":""float32"",""rate_matching"":""Sionna RV0; filler removal, first2Z and tail puncturing; supported n only"",""scrambling"":""public_PCG64_SHA256_protocol_session_frame_group_counter_after_rate_matching_v1"",""torch"":""2.11.0+cu128"",""version"":""2.2.0""},""interleaver_sha256"":""7e931c4990f3453697b24f044fee08d1dc90d443359ecfa169f022f844a988e7"",""k"":1516,""k_filler"":84,""k_ldpc"":1600,""layout_id"":""073fc1063fc809e6e4384a4f71953bd813651c39d42cb6d441a7b1c612cd1f52"",""modulation_padding_bits"":0,""mother_bits"":8320,""n"":3390,""n_cb"":8000,""n_cb_comp"":7916,""power_protocol"":""fixed_constellation_average_Es2"",""puncturing_bits"":4846,""puncturing_first_2Z"":320,""puncturing_remaining"":4526,""repetition_bits"":0,""scrambling"":""public_PCG64_SHA256_protocol_session_frame_group_counter_after_rate_matching_v1"",""shortening_bits"":84,""z"":160}",[2048]
QPSK,3/4,QPSK:r3/4,e933f6ef530310215a575117f157132e07455480c2e489b6aef64dde63bace75,660,16,0,676,720,44,3744,2354,1177,0,0.28717077315208156,0.2803738317757009,"{""actual_effective_rate"":0.28717077315208156,""bg"":""bg2"",""bit_mapping"":""component_Gray_00_-3_01_-1_10_3_11_1_over_sqrt5;QPSK_0_plus1_1_minus1"",""code_blocks"":1,""decoder_config"":{""cn_schedule"":""flooding"",""cn_update"":""boxplus-phi"",""early_stop"":false,""hard_out"":true,""harq_mode"":false,""llr_max"":20.0,""num_iter"":20,""precision"":""single"",""prune_pcm"":true,""return_infobits"":true,""vn_update"":""sum""},""implementation"":{""bit_mapping"":""component_Gray_00_-3_01_-1_10_3_11_1_over_sqrt5;QPSK_0_plus1_1_minus1"",""cuda"":""12.8"",""decoder"":{""cn_schedule"":""flooding"",""cn_update"":""boxplus-phi"",""early_stop"":false,""hard_out"":true,""harq_mode"":false,""llr_max"":20.0,""num_iter"":20,""precision"":""single"",""prune_pcm"":true,""return_infobits"":true,""vn_update"":""sum""},""decoder_source_sha256"":""44d84b92b749e2970f94d92cd348a11648e2286b4d851faa0af8b21d08f0da23"",""encoder_source_sha256"":""34d8db6660b2e84708a8fb534f63c194f6f2b964e3693fcffc9dcaf21532ccfd"",""implementation"":""Sionna_5G_LDPC"",""power_protocol"":""fixed_constellation_average_Es2"",""precision"":""float32"",""rate_matching"":""Sionna RV0; filler removal, first2Z and tail puncturing; supported n only"",""scrambling"":""public_PCG64_SHA256_protocol_session_frame_group_counter_after_rate_matching_v1"",""torch"":""2.11.0+cu128"",""version"":""2.2.0""},""interleaver_sha256"":""f9693b3cb0eb33cec65e11089242e66bc23c46f85b3094e5750c9e6d769150a8"",""k"":676,""k_filler"":44,""k_ldpc"":720,""layout_id"":""9a81447eee6a51bee7a05be0d0f003375d1df66ade05e07eac6f8f182d84c574"",""modulation_padding_bits"":0,""mother_bits"":3744,""n"":2354,""n_cb"":3600,""n_cb_comp"":3556,""power_protocol"":""fixed_constellation_average_Es2"",""puncturing_bits"":1346,""puncturing_first_2Z"":144,""puncturing_remaining"":1202,""repetition_bits"":0,""scrambling"":""public_PCG64_SHA256_protocol_session_frame_group_counter_after_rate_matching_v1"",""shortening_bits"":44,""z"":72}",[2048]
16QAM,3/4,16QAM:r3/4,e9340693e8a8e708e4ef242618c751229361dfbfd1ef096b2aa163594427031e,2592,16,0,2608,2640,32,8160,3480,870,0,0.7494252873563219,0.7448275862068966,"{""actual_effective_rate"":0.7494252873563219,""bg"":""bg1"",""bit_mapping"":""component_Gray_00_-3_01_-1_10_3_11_1_over_sqrt5;QPSK_0_plus1_1_minus1"",""code_blocks"":1,""decoder_config"":{""cn_schedule"":""flooding"",""cn_update"":""boxplus-phi"",""early_stop"":false,""hard_out"":true,""harq_mode"":false,""llr_max"":20.0,""num_iter"":20,""precision"":""single"",""prune_pcm"":true,""return_infobits"":true,""vn_update"":""sum""},""implementation"":{""bit_mapping"":""component_Gray_00_-3_01_-1_10_3_11_1_over_sqrt5;QPSK_0_plus1_1_minus1"",""cuda"":""12.8"",""decoder"":{""cn_schedule"":""flooding"",""cn_update"":""boxplus-phi"",""early_stop"":false,""hard_out"":true,""harq_mode"":false,""llr_max"":20.0,""num_iter"":20,""precision"":""single"",""prune_pcm"":true,""return_infobits"":true,""vn_update"":""sum""},""decoder_source_sha256"":""44d84b92b749e2970f94d92cd348a11648e2286b4d851faa0af8b21d08f0da23"",""encoder_source_sha256"":""34d8db6660b2e84708a8fb534f63c194f6f2b964e3693fcffc9dcaf21532ccfd"",""implementation"":""Sionna_5G_LDPC"",""power_protocol"":""fixed_constellation_average_Es2"",""precision"":""float32"",""rate_matching"":""Sionna RV0; filler removal, first2Z and tail puncturing; supported n only"",""scrambling"":""public_PCG64_SHA256_protocol_session_frame_group_counter_after_rate_matching_v1"",""torch"":""2.11.0+cu128"",""version"":""2.2.0""},""interleaver_sha256"":""127dc8c9d1d0df863b7f7af316353d67a7ed31871380eaee4ad889fef2ebb681"",""k"":2608,""k_filler"":32,""k_ldpc"":2640,""layout_id"":""6efd9e941dba6cfde50e1f799ac695844d9c3654fad9e3d58d3907556d04dd28"",""modulation_padding_bits"":0,""mother_bits"":8160,""n"":3480,""n_cb"":7920,""n_cb_comp"":7888,""power_protocol"":""fixed_constellation_average_Es2"",""puncturing_bits"":4648,""puncturing_first_2Z"":240,""puncturing_remaining"":4408,""repetition_bits"":0,""scrambling"":""public_PCG64_SHA256_protocol_session_frame_group_counter_after_rate_matching_v1"",""shortening_bits"":32,""z"":120}",[2048]
QPSK,5/6,QPSK:r5/6,e93b48ac0c97fd35887ff3138f9bab7a5baf93028fc22e91ccb8ee1c5ce9c42d,1116,16,0,1132,1200,68,6240,2798,1399,0,0.4045746962115797,0.3988563259471051,"{""actual_effective_rate"":0.4045746962115797,""bg"":""bg2"",""bit_mapping"":""component_Gray_00_-3_01_-1_10_3_11_1_over_sqrt5;QPSK_0_plus1_1_minus1"",""code_blocks"":1,""decoder_config"":{""cn_schedule"":""flooding"",""cn_update"":""boxplus-phi"",""early_stop"":false,""hard_out"":true,""harq_mode"":false,""llr_max"":20.0,""num_iter"":20,""precision"":""single"",""prune_pcm"":true,""return_infobits"":true,""vn_update"":""sum""},""implementation"":{""bit_mapping"":""component_Gray_00_-3_01_-1_10_3_11_1_over_sqrt5;QPSK_0_plus1_1_minus1"",""cuda"":""12.8"",""decoder"":{""cn_schedule"":""flooding"",""cn_update"":""boxplus-phi"",""early_stop"":false,""hard_out"":true,""harq_mode"":false,""llr_max"":20.0,""num_iter"":20,""precision"":""single"",""prune_pcm"":true,""return_infobits"":true,""vn_update"":""sum""},""decoder_source_sha256"":""44d84b92b749e2970f94d92cd348a11648e2286b4d851faa0af8b21d08f0da23"",""encoder_source_sha256"":""34d8db6660b2e84708a8fb534f63c194f6f2b964e3693fcffc9dcaf21532ccfd"",""implementation"":""Sionna_5G_LDPC"",""power_protocol"":""fixed_constellation_average_Es2"",""precision"":""float32"",""rate_matching"":""Sionna RV0; filler removal, first2Z and tail puncturing; supported n only"",""scrambling"":""public_PCG64_SHA256_protocol_session_frame_group_counter_after_rate_matching_v1"",""torch"":""2.11.0+cu128"",""version"":""2.2.0""},""interleaver_sha256"":""a587be8f2b76643b819bcef64032dd716663a00f40451c23dc759390c2996ca2"",""k"":1132,""k_filler"":68,""k_ldpc"":1200,""layout_id"":""e6446b41dc0145d7836a55404790440164bf22fdbdb57a6f2ec47458ee22cc93"",""modulation_padding_bits"":0,""mother_bits"":6240,""n"":2798,""n_cb"":6000,""n_cb_comp"":5932,""power_protocol"":""fixed_constellation_average_Es2"",""puncturing_bits"":3374,""puncturing_first_2Z"":240,""puncturing_remaining"":3134,""repetition_bits"":0,""scrambling"":""public_PCG64_SHA256_protocol_session_frame_group_counter_after_rate_matching_v1"",""shortening_bits"":68,""z"":120}",[2048]
16QAM,1/2,16QAM:r1/2,e93e011408c6f3dffcd7270f81e2e088458d80f7f0aaab4669b5f8290b98c6de,1368,16,0,1384,1440,56,7488,4944,1236,0,0.27993527508090615,0.2766990291262136,"{""actual_effective_rate"":0.27993527508090615,""bg"":""bg2"",""bit_mapping"":""component_Gray_00_-3_01_-1_10_3_11_1_over_sqrt5;QPSK_0_plus1_1_minus1"",""code_blocks"":1,""decoder_config"":{""cn_schedule"":""flooding"",""cn_update"":""boxplus-phi"",""early_stop"":false,""hard_out"":true,""harq_mode"":false,""llr_max"":20.0,""num_iter"":20,""precision"":""single"",""prune_pcm"":true,""return_infobits"":true,""vn_update"":""sum""},""implementation"":{""bit_mapping"":""component_Gray_00_-3_01_-1_10_3_11_1_over_sqrt5;QPSK_0_plus1_1_minus1"",""cuda"":""12.8"",""decoder"":{""cn_schedule"":""flooding"",""cn_update"":""boxplus-phi"",""early_stop"":false,""hard_out"":true,""harq_mode"":false,""llr_max"":20.0,""num_iter"":20,""precision"":""single"",""prune_pcm"":true,""return_infobits"":true,""vn_update"":""sum""},""decoder_source_sha256"":""44d84b92b749e2970f94d92cd348a11648e2286b4d851faa0af8b21d08f0da23"",""encoder_source_sha256"":""34d8db6660b2e84708a8fb534f63c194f6f2b964e3693fcffc9dcaf21532ccfd"",""implementation"":""Sionna_5G_LDPC"",""power_protocol"":""fixed_constellation_average_Es2"",""precision"":""float32"",""rate_matching"":""Sionna RV0; filler removal, first2Z and tail puncturing; supported n only"",""scrambling"":""public_PCG64_SHA256_protocol_session_frame_group_counter_after_rate_matching_v1"",""torch"":""2.11.0+cu128"",""version"":""2.2.0""},""interleaver_sha256"":""7bcb010de425b753e7c6c92ff03b32f09655f95ea9eff4ea9ba54ee062bba2bf"",""k"":1384,""k_filler"":56,""k_ldpc"":1440,""layout_id"":""329ca3504b7a9633cfa91a4546733cfd1319d183201e74824342b1befc3e36f0"",""modulation_padding_bits"":0,""mother_bits"":7488,""n"":4944,""n_cb"":7200,""n_cb_comp"":7144,""power_protocol"":""fixed_constellation_average_Es2"",""puncturing_bits"":2488,""puncturing_first_2Z"":288,""puncturing_remaining"":2200,""repetition_bits"":0,""scrambling"":""public_PCG64_SHA256_protocol_session_frame_group_counter_after_rate_matching_v1"",""shortening_bits"":56,""z"":144}",[2048]
16QAM,1/2,16QAM:r1/2,e9450f4b4bc3d5bb00d7d871d94f204f84f63213c37b6e96ac785a48e5c1d9e3,432,16,0,448,560,112,2912,1524,381,0,0.29396325459317585,0.28346456692913385,"{""actual_effective_rate"":0.29396325459317585,""bg"":""bg2"",""bit_mapping"":""component_Gray_00_-3_01_-1_10_3_11_1_over_sqrt5;QPSK_0_plus1_1_minus1"",""code_blocks"":1,""decoder_config"":{""cn_schedule"":""flooding"",""cn_update"":""boxplus-phi"",""early_stop"":false,""hard_out"":true,""harq_mode"":false,""llr_max"":20.0,""num_iter"":20,""precision"":""single"",""prune_pcm"":true,""return_infobits"":true,""vn_update"":""sum""},""implementation"":{""bit_mapping"":""component_Gray_00_-3_01_-1_10_3_11_1_over_sqrt5;QPSK_0_plus1_1_minus1"",""cuda"":""12.8"",""decoder"":{""cn_schedule"":""flooding"",""cn_update"":""boxplus-phi"",""early_stop"":false,""hard_out"":true,""harq_mode"":false,""llr_max"":20.0,""num_iter"":20,""precision"":""single"",""prune_pcm"":true,""return_infobits"":true,""vn_update"":""sum""},""decoder_source_sha256"":""44d84b92b749e2970f94d92cd348a11648e2286b4d851faa0af8b21d08f0da23"",""encoder_source_sha256"":""34d8db6660b2e84708a8fb534f63c194f6f2b964e3693fcffc9dcaf21532ccfd"",""implementation"":""Sionna_5G_LDPC"",""power_protocol"":""fixed_constellation_average_Es2"",""precision"":""float32"",""rate_matching"":""Sionna RV0; filler removal, first2Z and tail puncturing; supported n only"",""scrambling"":""public_PCG64_SHA256_protocol_session_frame_group_counter_after_rate_matching_v1"",""torch"":""2.11.0+cu128"",""version"":""2.2.0""},""interleaver_sha256"":""50b838987d5525b8472a8397e7b98342db5416f6d604a88b36e84dd223e89c25"",""k"":448,""k_filler"":112,""k_ldpc"":560,""layout_id"":""12208dbc02019bb9f1adb7ea814233d00c3b7295c8eaba52de3ae9f688409457"",""modulation_padding_bits"":0,""mother_bits"":2912,""n"":1524,""n_cb"":2800,""n_cb_comp"":2688,""power_protocol"":""fixed_constellation_average_Es2"",""puncturing_bits"":1276,""puncturing_first_2Z"":112,""puncturing_remaining"":1164,""repetition_bits"":0,""scrambling"":""public_PCG64_SHA256_protocol_session_frame_group_counter_after_rate_matching_v1"",""shortening_bits"":112,""z"":56}",[1024]
QPSK,1/2,QPSK:r1/2,e947931f08af4bc4d44037f34a1794786dc96dd1e4d0346fcabe4a31b55a3f59,624,16,0,640,720,80,3744,1532,766,0,0.4177545691906005,0.4073107049608355,"{""actual_effective_rate"":0.4177545691906005,""bg"":""bg2"",""bit_mapping"":""component_Gray_00_-3_01_-1_10_3_11_1_over_sqrt5;QPSK_0_plus1_1_minus1"",""code_blocks"":1,""decoder_config"":{""cn_schedule"":""flooding"",""cn_update"":""boxplus-phi"",""early_stop"":false,""hard_out"":true,""harq_mode"":false,""llr_max"":20.0,""num_iter"":20,""precision"":""single"",""prune_pcm"":true,""return_infobits"":true,""vn_update"":""sum""},""implementation"":{""bit_mapping"":""component_Gray_00_-3_01_-1_10_3_11_1_over_sqrt5;QPSK_0_plus1_1_minus1"",""cuda"":""12.8"",""decoder"":{""cn_schedule"":""flooding"",""cn_update"":""boxplus-phi"",""early_stop"":false,""hard_out"":true,""harq_mode"":false,""llr_max"":20.0,""num_iter"":20,""precision"":""single"",""prune_pcm"":true,""return_infobits"":true,""vn_update"":""sum""},""decoder_source_sha256"":""44d84b92b749e2970f94d92cd348a11648e2286b4d851faa0af8b21d08f0da23"",""encoder_source_sha256"":""34d8db6660b2e84708a8fb534f63c194f6f2b964e3693fcffc9dcaf21532ccfd"",""implementation"":""Sionna_5G_LDPC"",""power_protocol"":""fixed_constellation_average_Es2"",""precision"":""float32"",""rate_matching"":""Sionna RV0; filler removal, first2Z and tail puncturing; supported n only"",""scrambling"":""public_PCG64_SHA256_protocol_session_frame_group_counter_after_rate_matching_v1"",""torch"":""2.11.0+cu128"",""version"":""2.2.0""},""interleaver_sha256"":""359ff09c39db53fca2a179d2d29a542ddf7cd5c9ddf43838fbf3c0cd3a13c525"",""k"":640,""k_filler"":80,""k_ldpc"":720,""layout_id"":""545c4be8a1b60074b014eadf823da1c5efb20c27d493045219d9e5d04a717339"",""modulation_padding_bits"":0,""mother_bits"":3744,""n"":1532,""n_cb"":3600,""n_cb_comp"":3520,""power_protocol"":""fixed_constellation_average_Es2"",""puncturing_bits"":2132,""puncturing_first_2Z"":144,""puncturing_remaining"":1988,""repetition_bits"":0,""scrambling"":""public_PCG64_SHA256_protocol_session_frame_group_counter_after_rate_matching_v1"",""shortening_bits"":80,""z"":72}",[2048]
16QAM,3/4,16QAM:r3/4,e958383617ef2b5de58b36ade502f73a4032308f73fcf99c23b72992db44ff16,624,16,0,640,720,80,3744,2732,683,0,0.2342606149341142,0.22840409956076135,"{""actual_effective_rate"":0.2342606149341142,""bg"":""bg2"",""bit_mapping"":""component_Gray_00_-3_01_-1_10_3_11_1_over_sqrt5;QPSK_0_plus1_1_minus1"",""code_blocks"":1,""decoder_config"":{""cn_schedule"":""flooding"",""cn_update"":""boxplus-phi"",""early_stop"":false,""hard_out"":true,""harq_mode"":false,""llr_max"":20.0,""num_iter"":20,""precision"":""single"",""prune_pcm"":true,""return_infobits"":true,""vn_update"":""sum""},""implementation"":{""bit_mapping"":""component_Gray_00_-3_01_-1_10_3_11_1_over_sqrt5;QPSK_0_plus1_1_minus1"",""cuda"":""12.8"",""decoder"":{""cn_schedule"":""flooding"",""cn_update"":""boxplus-phi"",""early_stop"":false,""hard_out"":true,""harq_mode"":false,""llr_max"":20.0,""num_iter"":20,""precision"":""single"",""prune_pcm"":true,""return_infobits"":true,""vn_update"":""sum""},""decoder_source_sha256"":""44d84b92b749e2970f94d92cd348a11648e2286b4d851faa0af8b21d08f0da23"",""encoder_source_sha256"":""34d8db6660b2e84708a8fb534f63c194f6f2b964e3693fcffc9dcaf21532ccfd"",""implementation"":""Sionna_5G_LDPC"",""power_protocol"":""fixed_constellation_average_Es2"",""precision"":""float32"",""rate_matching"":""Sionna RV0; filler removal, first2Z and tail puncturing; supported n only"",""scrambling"":""public_PCG64_SHA256_protocol_session_frame_group_counter_after_rate_matching_v1"",""torch"":""2.11.0+cu128"",""version"":""2.2.0""},""interleaver_sha256"":""8e3bd98ff261284bf1dd47200b0ee84f97dd0b4b0c43b797bcca41312d23a50f"",""k"":640,""k_filler"":80,""k_ldpc"":720,""layout_id"":""f0615b5140245c855d49604cd73d9b29a5401e4e02a8f222fbd9f59b859a2f9f"",""modulation_padding_bits"":0,""mother_bits"":3744,""n"":2732,""n_cb"":3600,""n_cb_comp"":3520,""power_protocol"":""fixed_constellation_average_Es2"",""puncturing_bits"":932,""puncturing_first_2Z"":144,""puncturing_remaining"":788,""repetition_bits"":0,""scrambling"":""public_PCG64_SHA256_protocol_session_frame_group_counter_after_rate_matching_v1"",""shortening_bits"":80,""z"":72}",[2048]
QPSK,5/6,QPSK:r5/6,e96cc6edacbe83e2b71f8ce4be66ee9afc286ee9234166ebbbb12e34ce8ade2c,1068,16,0,1084,1144,60,3536,1464,732,0,0.7404371584699454,0.7295081967213115,"{""actual_effective_rate"":0.7404371584699454,""bg"":""bg1"",""bit_mapping"":""component_Gray_00_-3_01_-1_10_3_11_1_over_sqrt5;QPSK_0_plus1_1_minus1"",""code_blocks"":1,""decoder_config"":{""cn_schedule"":""flooding"",""cn_update"":""boxplus-phi"",""early_stop"":false,""hard_out"":true,""harq_mode"":false,""llr_max"":20.0,""num_iter"":20,""precision"":""single"",""prune_pcm"":true,""return_infobits"":true,""vn_update"":""sum""},""implementation"":{""bit_mapping"":""component_Gray_00_-3_01_-1_10_3_11_1_over_sqrt5;QPSK_0_plus1_1_minus1"",""cuda"":""12.8"",""decoder"":{""cn_schedule"":""flooding"",""cn_update"":""boxplus-phi"",""early_stop"":false,""hard_out"":true,""harq_mode"":false,""llr_max"":20.0,""num_iter"":20,""precision"":""single"",""prune_pcm"":true,""return_infobits"":true,""vn_update"":""sum""},""decoder_source_sha256"":""44d84b92b749e2970f94d92cd348a11648e2286b4d851faa0af8b21d08f0da23"",""encoder_source_sha256"":""34d8db6660b2e84708a8fb534f63c194f6f2b964e3693fcffc9dcaf21532ccfd"",""implementation"":""Sionna_5G_LDPC"",""power_protocol"":""fixed_constellation_average_Es2"",""precision"":""float32"",""rate_matching"":""Sionna RV0; filler removal, first2Z and tail puncturing; supported n only"",""scrambling"":""public_PCG64_SHA256_protocol_session_frame_group_counter_after_rate_matching_v1"",""torch"":""2.11.0+cu128"",""version"":""2.2.0""},""interleaver_sha256"":""e72af3f598b79452818f3259bf156daccb320c9e26fcbc51176c5f6cb6dbb1d4"",""k"":1084,""k_filler"":60,""k_ldpc"":1144,""layout_id"":""27e9b2d1c3994364d50f2751c101e9797476fb0c497d6432729884b45d8d3a2c"",""modulation_padding_bits"":0,""mother_bits"":3536,""n"":1464,""n_cb"":3432,""n_cb_comp"":3372,""power_protocol"":""fixed_constellation_average_Es2"",""puncturing_bits"":2012,""puncturing_first_2Z"":104,""puncturing_remaining"":1908,""repetition_bits"":0,""scrambling"":""public_PCG64_SHA256_protocol_session_frame_group_counter_after_rate_matching_v1"",""shortening_bits"":60,""z"":52}",[2048]
QPSK,2/3,QPSK:r2/3,e96f96c67de92f74eb0591037f228c750bf09383fc7b219fad4d45b288b509fc,360,16,0,376,480,104,2496,956,478,0,0.39330543933054396,0.37656903765690375,"{""actual_effective_rate"":0.39330543933054396,""bg"":""bg2"",""bit_mapping"":""component_Gray_00_-3_01_-1_10_3_11_1_over_sqrt5;QPSK_0_plus1_1_minus1"",""code_blocks"":1,""decoder_config"":{""cn_schedule"":""flooding"",""cn_update"":""boxplus-phi"",""early_stop"":false,""hard_out"":true,""harq_mode"":false,""llr_max"":20.0,""num_iter"":20,""precision"":""single"",""prune_pcm"":true,""return_infobits"":true,""vn_update"":""sum""},""implementation"":{""bit_mapping"":""component_Gray_00_-3_01_-1_10_3_11_1_over_sqrt5;QPSK_0_plus1_1_minus1"",""cuda"":""12.8"",""decoder"":{""cn_schedule"":""flooding"",""cn_update"":""boxplus-phi"",""early_stop"":false,""hard_out"":true,""harq_mode"":false,""llr_max"":20.0,""num_iter"":20,""precision"":""single"",""prune_pcm"":true,""return_infobits"":true,""vn_update"":""sum""},""decoder_source_sha256"":""44d84b92b749e2970f94d92cd348a11648e2286b4d851faa0af8b21d08f0da23"",""encoder_source_sha256"":""34d8db6660b2e84708a8fb534f63c194f6f2b964e3693fcffc9dcaf21532ccfd"",""implementation"":""Sionna_5G_LDPC"",""power_protocol"":""fixed_constellation_average_Es2"",""precision"":""float32"",""rate_matching"":""Sionna RV0; filler removal, first2Z and tail puncturing; supported n only"",""scrambling"":""public_PCG64_SHA256_protocol_session_frame_group_counter_after_rate_matching_v1"",""torch"":""2.11.0+cu128"",""version"":""2.2.0""},""interleaver_sha256"":""e41470bfa7125b8b5da2fb646a123058d04780acea0f9f1b01807ae57838e957"",""k"":376,""k_filler"":104,""k_ldpc"":480,""layout_id"":""b8325a0c0a9037a35dd1ef728dfe25cf61090d89ff5d9892a5615d121bc1968c"",""modulation_padding_bits"":0,""mother_bits"":2496,""n"":956,""n_cb"":2400,""n_cb_comp"":2296,""power_protocol"":""fixed_constellation_average_Es2"",""puncturing_bits"":1436,""puncturing_first_2Z"":96,""puncturing_remaining"":1340,""repetition_bits"":0,""scrambling"":""public_PCG64_SHA256_protocol_session_frame_group_counter_after_rate_matching_v1"",""shortening_bits"":104,""z"":48}",[1024]
16QAM,5/6,16QAM:r5/6,e971a4e2c9d6d6c584f3f6246b1dfbde04c18919d137041890ba6a1d8d4928c5,1860,16,0,1876,1936,60,5984,2316,579,0,0.8100172711571675,0.8031088082901554,"{""actual_effective_rate"":0.8100172711571675,""bg"":""bg1"",""bit_mapping"":""component_Gray_00_-3_01_-1_10_3_11_1_over_sqrt5;QPSK_0_plus1_1_minus1"",""code_blocks"":1,""decoder_config"":{""cn_schedule"":""flooding"",""cn_update"":""boxplus-phi"",""early_stop"":false,""hard_out"":true,""harq_mode"":false,""llr_max"":20.0,""num_iter"":20,""precision"":""single"",""prune_pcm"":true,""return_infobits"":true,""vn_update"":""sum""},""implementation"":{""bit_mapping"":""component_Gray_00_-3_01_-1_10_3_11_1_over_sqrt5;QPSK_0_plus1_1_minus1"",""cuda"":""12.8"",""decoder"":{""cn_schedule"":""flooding"",""cn_update"":""boxplus-phi"",""early_stop"":false,""hard_out"":true,""harq_mode"":false,""llr_max"":20.0,""num_iter"":20,""precision"":""single"",""prune_pcm"":true,""return_infobits"":true,""vn_update"":""sum""},""decoder_source_sha256"":""44d84b92b749e2970f94d92cd348a11648e2286b4d851faa0af8b21d08f0da23"",""encoder_source_sha256"":""34d8db6660b2e84708a8fb534f63c194f6f2b964e3693fcffc9dcaf21532ccfd"",""implementation"":""Sionna_5G_LDPC"",""power_protocol"":""fixed_constellation_average_Es2"",""precision"":""float32"",""rate_matching"":""Sionna RV0; filler removal, first2Z and tail puncturing; supported n only"",""scrambling"":""public_PCG64_SHA256_protocol_session_frame_group_counter_after_rate_matching_v1"",""torch"":""2.11.0+cu128"",""version"":""2.2.0""},""interleaver_sha256"":""ef18530d0dd3c5fbf4950c2f101757d5d0f04f8068f9e732a1c03b373152a842"",""k"":1876,""k_filler"":60,""k_ldpc"":1936,""layout_id"":""dcd3b2d28f8c7df539b13ffb0d717fb877d24ebb18cfd7cf0b2b6764bf4db6be"",""modulation_padding_bits"":0,""mother_bits"":5984,""n"":2316,""n_cb"":5808,""n_cb_comp"":5748,""power_protocol"":""fixed_constellation_average_Es2"",""puncturing_bits"":3608,""puncturing_first_2Z"":176,""puncturing_remaining"":3432,""repetition_bits"":0,""scrambling"":""public_PCG64_SHA256_protocol_session_frame_group_counter_after_rate_matching_v1"",""shortening_bits"":60,""z"":88}",[2048]
16QAM,1/2,16QAM:r1/2,e97931e0a890ffd2c733600f60a9409f36f6807e1844114c2d489f94e65770c9,384,16,0,400,520,120,2704,1340,335,0,0.29850746268656714,0.2865671641791045,"{""actual_effective_rate"":0.29850746268656714,""bg"":""bg2"",""bit_mapping"":""component_Gray_00_-3_01_-1_10_3_11_1_over_sqrt5;QPSK_0_plus1_1_minus1"",""code_blocks"":1,""decoder_config"":{""cn_schedule"":""flooding"",""cn_update"":""boxplus-phi"",""early_stop"":false,""hard_out"":true,""harq_mode"":false,""llr_max"":20.0,""num_iter"":20,""precision"":""single"",""prune_pcm"":true,""return_infobits"":true,""vn_update"":""sum""},""implementation"":{""bit_mapping"":""component_Gray_00_-3_01_-1_10_3_11_1_over_sqrt5;QPSK_0_plus1_1_minus1"",""cuda"":""12.8"",""decoder"":{""cn_schedule"":""flooding"",""cn_update"":""boxplus-phi"",""early_stop"":false,""hard_out"":true,""harq_mode"":false,""llr_max"":20.0,""num_iter"":20,""precision"":""single"",""prune_pcm"":true,""return_infobits"":true,""vn_update"":""sum""},""decoder_source_sha256"":""44d84b92b749e2970f94d92cd348a11648e2286b4d851faa0af8b21d08f0da23"",""encoder_source_sha256"":""34d8db6660b2e84708a8fb534f63c194f6f2b964e3693fcffc9dcaf21532ccfd"",""implementation"":""Sionna_5G_LDPC"",""power_protocol"":""fixed_constellation_average_Es2"",""precision"":""float32"",""rate_matching"":""Sionna RV0; filler removal, first2Z and tail puncturing; supported n only"",""scrambling"":""public_PCG64_SHA256_protocol_session_frame_group_counter_after_rate_matching_v1"",""torch"":""2.11.0+cu128"",""version"":""2.2.0""},""interleaver_sha256"":""593c64df4c106f62396c3bbb2f610473a89189d3275ace021f93af5e75acb26d"",""k"":400,""k_filler"":120,""k_ldpc"":520,""layout_id"":""be625f0fc8d0e9b54a4da34392898e7feaa1351ab467a8099e26ba196d9b6cea"",""modulation_padding_bits"":0,""mother_bits"":2704,""n"":1340,""n_cb"":2600,""n_cb_comp"":2480,""power_protocol"":""fixed_constellation_average_Es2"",""puncturing_bits"":1244,""puncturing_first_2Z"":104,""puncturing_remaining"":1140,""repetition_bits"":0,""scrambling"":""public_PCG64_SHA256_protocol_session_frame_group_counter_after_rate_matching_v1"",""shortening_bits"":120,""z"":52}",[1024]
16QAM,5/6,16QAM:r5/6,e992daaf44c8183f596326f6a7c824aef1f5ac069e3edb2f1b8185c05be9b556,660,16,0,676,720,44,3744,1312,328,0,0.5152439024390244,0.5030487804878049,"{""actual_effective_rate"":0.5152439024390244,""bg"":""bg2"",""bit_mapping"":""component_Gray_00_-3_01_-1_10_3_11_1_over_sqrt5;QPSK_0_plus1_1_minus1"",""code_blocks"":1,""decoder_config"":{""cn_schedule"":""flooding"",""cn_update"":""boxplus-phi"",""early_stop"":false,""hard_out"":true,""harq_mode"":false,""llr_max"":20.0,""num_iter"":20,""precision"":""single"",""prune_pcm"":true,""return_infobits"":true,""vn_update"":""sum""},""implementation"":{""bit_mapping"":""component_Gray_00_-3_01_-1_10_3_11_1_over_sqrt5;QPSK_0_plus1_1_minus1"",""cuda"":""12.8"",""decoder"":{""cn_schedule"":""flooding"",""cn_update"":""boxplus-phi"",""early_stop"":false,""hard_out"":true,""harq_mode"":false,""llr_max"":20.0,""num_iter"":20,""precision"":""single"",""prune_pcm"":true,""return_infobits"":true,""vn_update"":""sum""},""decoder_source_sha256"":""44d84b92b749e2970f94d92cd348a11648e2286b4d851faa0af8b21d08f0da23"",""encoder_source_sha256"":""34d8db6660b2e84708a8fb534f63c194f6f2b964e3693fcffc9dcaf21532ccfd"",""implementation"":""Sionna_5G_LDPC"",""power_protocol"":""fixed_constellation_average_Es2"",""precision"":""float32"",""rate_matching"":""Sionna RV0; filler removal, first2Z and tail puncturing; supported n only"",""scrambling"":""public_PCG64_SHA256_protocol_session_frame_group_counter_after_rate_matching_v1"",""torch"":""2.11.0+cu128"",""version"":""2.2.0""},""interleaver_sha256"":""e5027fc66988592ab7c368c9500962578aa5d41caf45664c417466f074ebdb17"",""k"":676,""k_filler"":44,""k_ldpc"":720,""layout_id"":""7a120ee6e38336b0cb9769cf57b62460c0f3e2d5073049b2ab6d542574225d98"",""modulation_padding_bits"":0,""mother_bits"":3744,""n"":1312,""n_cb"":3600,""n_cb_comp"":3556,""power_protocol"":""fixed_constellation_average_Es2"",""puncturing_bits"":2388,""puncturing_first_2Z"":144,""puncturing_remaining"":2244,""repetition_bits"":0,""scrambling"":""public_PCG64_SHA256_protocol_session_frame_group_counter_after_rate_matching_v1"",""shortening_bits"":44,""z"":72}",[2048]
16QAM,5/6,16QAM:r5/6,e9940db627edb5223bdb204a716113bac515766b59e5bc34055b10e9ec01716c,3408,16,0,3424,3520,96,18304,6492,1623,0,0.5274183610597659,0.5249537892791127,"{""actual_effective_rate"":0.5274183610597659,""bg"":""bg2"",""bit_mapping"":""component_Gray_00_-3_01_-1_10_3_11_1_over_sqrt5;QPSK_0_plus1_1_minus1"",""code_blocks"":1,""decoder_config"":{""cn_schedule"":""flooding"",""cn_update"":""boxplus-phi"",""early_stop"":false,""hard_out"":true,""harq_mode"":false,""llr_max"":20.0,""num_iter"":20,""precision"":""single"",""prune_pcm"":true,""return_infobits"":true,""vn_update"":""sum""},""implementation"":{""bit_mapping"":""component_Gray_00_-3_01_-1_10_3_11_1_over_sqrt5;QPSK_0_plus1_1_minus1"",""cuda"":""12.8"",""decoder"":{""cn_schedule"":""flooding"",""cn_update"":""boxplus-phi"",""early_stop"":false,""hard_out"":true,""harq_mode"":false,""llr_max"":20.0,""num_iter"":20,""precision"":""single"",""prune_pcm"":true,""return_infobits"":true,""vn_update"":""sum""},""decoder_source_sha256"":""44d84b92b749e2970f94d92cd348a11648e2286b4d851faa0af8b21d08f0da23"",""encoder_source_sha256"":""34d8db6660b2e84708a8fb534f63c194f6f2b964e3693fcffc9dcaf21532ccfd"",""implementation"":""Sionna_5G_LDPC"",""power_protocol"":""fixed_constellation_average_Es2"",""precision"":""float32"",""rate_matching"":""Sionna RV0; filler removal, first2Z and tail puncturing; supported n only"",""scrambling"":""public_PCG64_SHA256_protocol_session_frame_group_counter_after_rate_matching_v1"",""torch"":""2.11.0+cu128"",""version"":""2.2.0""},""interleaver_sha256"":""3c6b13bc36fa22cf0f15395195640e937fbc5309516a4e2b4cb4ee54268d813f"",""k"":3424,""k_filler"":96,""k_ldpc"":3520,""layout_id"":""c0deb5f6dc4a760042385f463ab3a3e4aabc6f74676f9fc0b177f892a2f084fb"",""modulation_padding_bits"":0,""mother_bits"":18304,""n"":6492,""n_cb"":17600,""n_cb_comp"":17504,""power_protocol"":""fixed_constellation_average_Es2"",""puncturing_bits"":11716,""puncturing_first_2Z"":704,""puncturing_remaining"":11012,""repetition_bits"":0,""scrambling"":""public_PCG64_SHA256_protocol_session_frame_group_counter_after_rate_matching_v1"",""shortening_bits"":96,""z"":352}",[2048]
16QAM,2/3,16QAM:r2/3,e9abb2383984d9f578c1610efda47a6b54a09efd6ee22a15c716934953ce46a3,1092,16,0,1108,1120,12,5824,1680,420,0,0.6595238095238095,0.65,"{""actual_effective_rate"":0.6595238095238095,""bg"":""bg2"",""bit_mapping"":""component_Gray_00_-3_01_-1_10_3_11_1_over_sqrt5;QPSK_0_plus1_1_minus1"",""code_blocks"":1,""decoder_config"":{""cn_schedule"":""flooding"",""cn_update"":""boxplus-phi"",""early_stop"":false,""hard_out"":true,""harq_mode"":false,""llr_max"":20.0,""num_iter"":20,""precision"":""single"",""prune_pcm"":true,""return_infobits"":true,""vn_update"":""sum""},""implementation"":{""bit_mapping"":""component_Gray_00_-3_01_-1_10_3_11_1_over_sqrt5;QPSK_0_plus1_1_minus1"",""cuda"":""12.8"",""decoder"":{""cn_schedule"":""flooding"",""cn_update"":""boxplus-phi"",""early_stop"":false,""hard_out"":true,""harq_mode"":false,""llr_max"":20.0,""num_iter"":20,""precision"":""single"",""prune_pcm"":true,""return_infobits"":true,""vn_update"":""sum""},""decoder_source_sha256"":""44d84b92b749e2970f94d92cd348a11648e2286b4d851faa0af8b21d08f0da23"",""encoder_source_sha256"":""34d8db6660b2e84708a8fb534f63c194f6f2b964e3693fcffc9dcaf21532ccfd"",""implementation"":""Sionna_5G_LDPC"",""power_protocol"":""fixed_constellation_average_Es2"",""precision"":""float32"",""rate_matching"":""Sionna RV0; filler removal, first2Z and tail puncturing; supported n only"",""scrambling"":""public_PCG64_SHA256_protocol_session_frame_group_counter_after_rate_matching_v1"",""torch"":""2.11.0+cu128"",""version"":""2.2.0""},""interleaver_sha256"":""8c4c1da94afada0db0a131f64e4101f2b51529330b51eabae5b62f495155273b"",""k"":1108,""k_filler"":12,""k_ldpc"":1120,""layout_id"":""14890e02c6da83a0f07e13a737e26d459e550f280eab091de5b2ea7352c70b86"",""modulation_padding_bits"":0,""mother_bits"":5824,""n"":1680,""n_cb"":5600,""n_cb_comp"":5588,""power_protocol"":""fixed_constellation_average_Es2"",""puncturing_bits"":4132,""puncturing_first_2Z"":224,""puncturing_remaining"":3908,""repetition_bits"":0,""scrambling"":""public_PCG64_SHA256_protocol_session_frame_group_counter_after_rate_matching_v1"",""shortening_bits"":12,""z"":112}",[1024]
16QAM,5/6,16QAM:r5/6,e9b41b47faa46a35759afb09f388c3227f26cd397da15ef2f7aaf8ada750d15b,1500,16,0,1516,1600,84,8320,4888,1222,0,0.31014729950900166,0.306873977086743,"{""actual_effective_rate"":0.31014729950900166,""bg"":""bg2"",""bit_mapping"":""component_Gray_00_-3_01_-1_10_3_11_1_over_sqrt5;QPSK_0_plus1_1_minus1"",""code_blocks"":1,""decoder_config"":{""cn_schedule"":""flooding"",""cn_update"":""boxplus-phi"",""early_stop"":false,""hard_out"":true,""harq_mode"":false,""llr_max"":20.0,""num_iter"":20,""precision"":""single"",""prune_pcm"":true,""return_infobits"":true,""vn_update"":""sum""},""implementation"":{""bit_mapping"":""component_Gray_00_-3_01_-1_10_3_11_1_over_sqrt5;QPSK_0_plus1_1_minus1"",""cuda"":""12.8"",""decoder"":{""cn_schedule"":""flooding"",""cn_update"":""boxplus-phi"",""early_stop"":false,""hard_out"":true,""harq_mode"":false,""llr_max"":20.0,""num_iter"":20,""precision"":""single"",""prune_pcm"":true,""return_infobits"":true,""vn_update"":""sum""},""decoder_source_sha256"":""44d84b92b749e2970f94d92cd348a11648e2286b4d851faa0af8b21d08f0da23"",""encoder_source_sha256"":""34d8db6660b2e84708a8fb534f63c194f6f2b964e3693fcffc9dcaf21532ccfd"",""implementation"":""Sionna_5G_LDPC"",""power_protocol"":""fixed_constellation_average_Es2"",""precision"":""float32"",""rate_matching"":""Sionna RV0; filler removal, first2Z and tail puncturing; supported n only"",""scrambling"":""public_PCG64_SHA256_protocol_session_frame_group_counter_after_rate_matching_v1"",""torch"":""2.11.0+cu128"",""version"":""2.2.0""},""interleaver_sha256"":""fa5365f6521960322a846940e49773417d5efd23cd8aaaaabf0c24896163aed6"",""k"":1516,""k_filler"":84,""k_ldpc"":1600,""layout_id"":""fd8b57ac035906daf04df2b50a194a1ee43949510eb7c041c72e1d3b9390edf2"",""modulation_padding_bits"":0,""mother_bits"":8320,""n"":4888,""n_cb"":8000,""n_cb_comp"":7916,""power_protocol"":""fixed_constellation_average_Es2"",""puncturing_bits"":3348,""puncturing_first_2Z"":320,""puncturing_remaining"":3028,""repetition_bits"":0,""scrambling"":""public_PCG64_SHA256_protocol_session_frame_group_counter_after_rate_matching_v1"",""shortening_bits"":84,""z"":160}",[2048]
QPSK,2/3,QPSK:r2/3,e9b6f3cd12a4b3ebfb11253bc4717c0da4ddf69c3dcbe7f91a1dd7e277c23f74,324,16,0,340,440,100,2288,638,319,0,0.5329153605015674,0.5078369905956113,"{""actual_effective_rate"":0.5329153605015674,""bg"":""bg2"",""bit_mapping"":""component_Gray_00_-3_01_-1_10_3_11_1_over_sqrt5;QPSK_0_plus1_1_minus1"",""code_blocks"":1,""decoder_config"":{""cn_schedule"":""flooding"",""cn_update"":""boxplus-phi"",""early_stop"":false,""hard_out"":true,""harq_mode"":false,""llr_max"":20.0,""num_iter"":20,""precision"":""single"",""prune_pcm"":true,""return_infobits"":true,""vn_update"":""sum""},""implementation"":{""bit_mapping"":""component_Gray_00_-3_01_-1_10_3_11_1_over_sqrt5;QPSK_0_plus1_1_minus1"",""cuda"":""12.8"",""decoder"":{""cn_schedule"":""flooding"",""cn_update"":""boxplus-phi"",""early_stop"":false,""hard_out"":true,""harq_mode"":false,""llr_max"":20.0,""num_iter"":20,""precision"":""single"",""prune_pcm"":true,""return_infobits"":true,""vn_update"":""sum""},""decoder_source_sha256"":""44d84b92b749e2970f94d92cd348a11648e2286b4d851faa0af8b21d08f0da23"",""encoder_source_sha256"":""34d8db6660b2e84708a8fb534f63c194f6f2b964e3693fcffc9dcaf21532ccfd"",""implementation"":""Sionna_5G_LDPC"",""power_protocol"":""fixed_constellation_average_Es2"",""precision"":""float32"",""rate_matching"":""Sionna RV0; filler removal, first2Z and tail puncturing; supported n only"",""scrambling"":""public_PCG64_SHA256_protocol_session_frame_group_counter_after_rate_matching_v1"",""torch"":""2.11.0+cu128"",""version"":""2.2.0""},""interleaver_sha256"":""4f923c9e403c97423a830e02e3dea2c77b93580f04fd0edaa96b09614d5a2b24"",""k"":340,""k_filler"":100,""k_ldpc"":440,""layout_id"":""d079a00e91b6fdf79a1be1030deae907ebd4723187e65c9c5a93587f539d1f4b"",""modulation_padding_bits"":0,""mother_bits"":2288,""n"":638,""n_cb"":2200,""n_cb_comp"":2100,""power_protocol"":""fixed_constellation_average_Es2"",""puncturing_bits"":1550,""puncturing_first_2Z"":88,""puncturing_remaining"":1462,""repetition_bits"":0,""scrambling"":""public_PCG64_SHA256_protocol_session_frame_group_counter_after_rate_matching_v1"",""shortening_bits"":100,""z"":44}",[1024]
QPSK,2/3,QPSK:r2/3,e9bf8ce291c3e846f586ba2c7ec0b83fcfcbd99a284dfbdb71291d00fa2caea4,348,16,0,364,480,116,2496,546,273,0,0.6666666666666666,0.6373626373626373,"{""actual_effective_rate"":0.6666666666666666,""bg"":""bg2"",""bit_mapping"":""component_Gray_00_-3_01_-1_10_3_11_1_over_sqrt5;QPSK_0_plus1_1_minus1"",""code_blocks"":1,""decoder_config"":{""cn_schedule"":""flooding"",""cn_update"":""boxplus-phi"",""early_stop"":false,""hard_out"":true,""harq_mode"":false,""llr_max"":20.0,""num_iter"":20,""precision"":""single"",""prune_pcm"":true,""return_infobits"":true,""vn_update"":""sum""},""implementation"":{""bit_mapping"":""component_Gray_00_-3_01_-1_10_3_11_1_over_sqrt5;QPSK_0_plus1_1_minus1"",""cuda"":""12.8"",""decoder"":{""cn_schedule"":""flooding"",""cn_update"":""boxplus-phi"",""early_stop"":false,""hard_out"":true,""harq_mode"":false,""llr_max"":20.0,""num_iter"":20,""precision"":""single"",""prune_pcm"":true,""return_infobits"":true,""vn_update"":""sum""},""decoder_source_sha256"":""44d84b92b749e2970f94d92cd348a11648e2286b4d851faa0af8b21d08f0da23"",""encoder_source_sha256"":""34d8db6660b2e84708a8fb534f63c194f6f2b964e3693fcffc9dcaf21532ccfd"",""implementation"":""Sionna_5G_LDPC"",""power_protocol"":""fixed_constellation_average_Es2"",""precision"":""float32"",""rate_matching"":""Sionna RV0; filler removal, first2Z and tail puncturing; supported n only"",""scrambling"":""public_PCG64_SHA256_protocol_session_frame_group_counter_after_rate_matching_v1"",""torch"":""2.11.0+cu128"",""version"":""2.2.0""},""interleaver_sha256"":""208b16df8f55ffcbfc492d1262e43db546b3bfd327870e1542a6cbfc01bbefa7"",""k"":364,""k_filler"":116,""k_ldpc"":480,""layout_id"":""d1453d9b88b58d9bc7de3cd07c4a88799ff26825919ef330260c0ae7bd60e210"",""modulation_padding_bits"":0,""mother_bits"":2496,""n"":546,""n_cb"":2400,""n_cb_comp"":2284,""power_protocol"":""fixed_constellation_average_Es2"",""puncturing_bits"":1834,""puncturing_first_2Z"":96,""puncturing_remaining"":1738,""repetition_bits"":0,""scrambling"":""public_PCG64_SHA256_protocol_session_frame_group_counter_after_rate_matching_v1"",""shortening_bits"":116,""z"":48}",[1024]
QPSK,2/3,QPSK:r2/3,e9bfaf0bfe3419b49cf7fb94068b97674d8595df3804abb27005ce6711dd3840,360,16,0,376,480,104,2496,594,297,0,0.632996632996633,0.6060606060606061,"{""actual_effective_rate"":0.632996632996633,""bg"":""bg2"",""bit_mapping"":""component_Gray_00_-3_01_-1_10_3_11_1_over_sqrt5;QPSK_0_plus1_1_minus1"",""code_blocks"":1,""decoder_config"":{""cn_schedule"":""flooding"",""cn_update"":""boxplus-phi"",""early_stop"":false,""hard_out"":true,""harq_mode"":false,""llr_max"":20.0,""num_iter"":20,""precision"":""single"",""prune_pcm"":true,""return_infobits"":true,""vn_update"":""sum""},""implementation"":{""bit_mapping"":""component_Gray_00_-3_01_-1_10_3_11_1_over_sqrt5;QPSK_0_plus1_1_minus1"",""cuda"":""12.8"",""decoder"":{""cn_schedule"":""flooding"",""cn_update"":""boxplus-phi"",""early_stop"":false,""hard_out"":true,""harq_mode"":false,""llr_max"":20.0,""num_iter"":20,""precision"":""single"",""prune_pcm"":true,""return_infobits"":true,""vn_update"":""sum""},""decoder_source_sha256"":""44d84b92b749e2970f94d92cd348a11648e2286b4d851faa0af8b21d08f0da23"",""encoder_source_sha256"":""34d8db6660b2e84708a8fb534f63c194f6f2b964e3693fcffc9dcaf21532ccfd"",""implementation"":""Sionna_5G_LDPC"",""power_protocol"":""fixed_constellation_average_Es2"",""precision"":""float32"",""rate_matching"":""Sionna RV0; filler removal, first2Z and tail puncturing; supported n only"",""scrambling"":""public_PCG64_SHA256_protocol_session_frame_group_counter_after_rate_matching_v1"",""torch"":""2.11.0+cu128"",""version"":""2.2.0""},""interleaver_sha256"":""42e0a70ba6340bb038082ab3a1878205cce4adbbb2202cd4c2c2c1ed5edf78bf"",""k"":376,""k_filler"":104,""k_ldpc"":480,""layout_id"":""61b74515da65b7e3ca7e6c0bd3e53ffcd7717b4b6bc3c3e1fa2d6bf8c051aacd"",""modulation_padding_bits"":0,""mother_bits"":2496,""n"":594,""n_cb"":2400,""n_cb_comp"":2296,""power_protocol"":""fixed_constellation_average_Es2"",""puncturing_bits"":1798,""puncturing_first_2Z"":96,""puncturing_remaining"":1702,""repetition_bits"":0,""scrambling"":""public_PCG64_SHA256_protocol_session_frame_group_counter_after_rate_matching_v1"",""shortening_bits"":104,""z"":48}","[1024,2048]"
QPSK,2/3,QPSK:r2/3,e9d8162432aa8be53006e2341b46a052bb9e5b3bf4c0bad5e81ed4be48e31d16,432,16,0,448,560,112,2912,1690,845,0,0.2650887573964497,0.2556213017751479,"{""actual_effective_rate"":0.2650887573964497,""bg"":""bg2"",""bit_mapping"":""component_Gray_00_-3_01_-1_10_3_11_1_over_sqrt5;QPSK_0_plus1_1_minus1"",""code_blocks"":1,""decoder_config"":{""cn_schedule"":""flooding"",""cn_update"":""boxplus-phi"",""early_stop"":false,""hard_out"":true,""harq_mode"":false,""llr_max"":20.0,""num_iter"":20,""precision"":""single"",""prune_pcm"":true,""return_infobits"":true,""vn_update"":""sum""},""implementation"":{""bit_mapping"":""component_Gray_00_-3_01_-1_10_3_11_1_over_sqrt5;QPSK_0_plus1_1_minus1"",""cuda"":""12.8"",""decoder"":{""cn_schedule"":""flooding"",""cn_update"":""boxplus-phi"",""early_stop"":false,""hard_out"":true,""harq_mode"":false,""llr_max"":20.0,""num_iter"":20,""precision"":""single"",""prune_pcm"":true,""return_infobits"":true,""vn_update"":""sum""},""decoder_source_sha256"":""44d84b92b749e2970f94d92cd348a11648e2286b4d851faa0af8b21d08f0da23"",""encoder_source_sha256"":""34d8db6660b2e84708a8fb534f63c194f6f2b964e3693fcffc9dcaf21532ccfd"",""implementation"":""Sionna_5G_LDPC"",""power_protocol"":""fixed_constellation_average_Es2"",""precision"":""float32"",""rate_matching"":""Sionna RV0; filler removal, first2Z and tail puncturing; supported n only"",""scrambling"":""public_PCG64_SHA256_protocol_session_frame_group_counter_after_rate_matching_v1"",""torch"":""2.11.0+cu128"",""version"":""2.2.0""},""interleaver_sha256"":""3e9a925308e752c0b358e6cc2fcd53b24ba6f60836432346fd775cdfa583f4da"",""k"":448,""k_filler"":112,""k_ldpc"":560,""layout_id"":""ef12af659c3bb4021ae412acc8d73442b879dd13ce4526fd6371f0ea24c0d648"",""modulation_padding_bits"":0,""mother_bits"":2912,""n"":1690,""n_cb"":2800,""n_cb_comp"":2688,""power_protocol"":""fixed_constellation_average_Es2"",""puncturing_bits"":1110,""puncturing_first_2Z"":112,""puncturing_remaining"":998,""repetition_bits"":0,""scrambling"":""public_PCG64_SHA256_protocol_session_frame_group_counter_after_rate_matching_v1"",""shortening_bits"":112,""z"":56}",[2048]
16QAM,2/3,16QAM:r2/3,e9d9a02b06e2dc8b0dc0685aa47c23c2211805db883b6774e6780fecce2e4438,1500,16,0,1516,1600,84,8320,3128,782,0,0.4846547314578005,0.479539641943734,"{""actual_effective_rate"":0.4846547314578005,""bg"":""bg2"",""bit_mapping"":""component_Gray_00_-3_01_-1_10_3_11_1_over_sqrt5;QPSK_0_plus1_1_minus1"",""code_blocks"":1,""decoder_config"":{""cn_schedule"":""flooding"",""cn_update"":""boxplus-phi"",""early_stop"":false,""hard_out"":true,""harq_mode"":false,""llr_max"":20.0,""num_iter"":20,""precision"":""single"",""prune_pcm"":true,""return_infobits"":true,""vn_update"":""sum""},""implementation"":{""bit_mapping"":""component_Gray_00_-3_01_-1_10_3_11_1_over_sqrt5;QPSK_0_plus1_1_minus1"",""cuda"":""12.8"",""decoder"":{""cn_schedule"":""flooding"",""cn_update"":""boxplus-phi"",""early_stop"":false,""hard_out"":true,""harq_mode"":false,""llr_max"":20.0,""num_iter"":20,""precision"":""single"",""prune_pcm"":true,""return_infobits"":true,""vn_update"":""sum""},""decoder_source_sha256"":""44d84b92b749e2970f94d92cd348a11648e2286b4d851faa0af8b21d08f0da23"",""encoder_source_sha256"":""34d8db6660b2e84708a8fb534f63c194f6f2b964e3693fcffc9dcaf21532ccfd"",""implementation"":""Sionna_5G_LDPC"",""power_protocol"":""fixed_constellation_average_Es2"",""precision"":""float32"",""rate_matching"":""Sionna RV0; filler removal, first2Z and tail puncturing; supported n only"",""scrambling"":""public_PCG64_SHA256_protocol_session_frame_group_counter_after_rate_matching_v1"",""torch"":""2.11.0+cu128"",""version"":""2.2.0""},""interleaver_sha256"":""5a7d0f415a6c2ec1c631f6b9380b1fe1304c050bd17ee46ee9d3db1c6680e746"",""k"":1516,""k_filler"":84,""k_ldpc"":1600,""layout_id"":""8cabda95420d46ac42530d3369dfe6f667ba6a3aed518260bd96153fa5bf6852"",""modulation_padding_bits"":0,""mother_bits"":8320,""n"":3128,""n_cb"":8000,""n_cb_comp"":7916,""power_protocol"":""fixed_constellation_average_Es2"",""puncturing_bits"":5108,""puncturing_first_2Z"":320,""puncturing_remaining"":4788,""repetition_bits"":0,""scrambling"":""public_PCG64_SHA256_protocol_session_frame_group_counter_after_rate_matching_v1"",""shortening_bits"":84,""z"":160}",[1024]
16QAM,2/3,16QAM:r2/3,e9dfbf4ef2f6170272fbffa0f6f4ccb19c2326585ef3bc52f4c98997720edd17,732,16,0,748,800,52,4160,1124,281,0,0.6654804270462633,0.6512455516014235,"{""actual_effective_rate"":0.6654804270462633,""bg"":""bg2"",""bit_mapping"":""component_Gray_00_-3_01_-1_10_3_11_1_over_sqrt5;QPSK_0_plus1_1_minus1"",""code_blocks"":1,""decoder_config"":{""cn_schedule"":""flooding"",""cn_update"":""boxplus-phi"",""early_stop"":false,""hard_out"":true,""harq_mode"":false,""llr_max"":20.0,""num_iter"":20,""precision"":""single"",""prune_pcm"":true,""return_infobits"":true,""vn_update"":""sum""},""implementation"":{""bit_mapping"":""component_Gray_00_-3_01_-1_10_3_11_1_over_sqrt5;QPSK_0_plus1_1_minus1"",""cuda"":""12.8"",""decoder"":{""cn_schedule"":""flooding"",""cn_update"":""boxplus-phi"",""early_stop"":false,""hard_out"":true,""harq_mode"":false,""llr_max"":20.0,""num_iter"":20,""precision"":""single"",""prune_pcm"":true,""return_infobits"":true,""vn_update"":""sum""},""decoder_source_sha256"":""44d84b92b749e2970f94d92cd348a11648e2286b4d851faa0af8b21d08f0da23"",""encoder_source_sha256"":""34d8db6660b2e84708a8fb534f63c194f6f2b964e3693fcffc9dcaf21532ccfd"",""implementation"":""Sionna_5G_LDPC"",""power_protocol"":""fixed_constellation_average_Es2"",""precision"":""float32"",""rate_matching"":""Sionna RV0; filler removal, first2Z and tail puncturing; supported n only"",""scrambling"":""public_PCG64_SHA256_protocol_session_frame_group_counter_after_rate_matching_v1"",""torch"":""2.11.0+cu128"",""version"":""2.2.0""},""interleaver_sha256"":""4235714b3be6bedd9e1eec169d5cdd91cffd46026e0bc842f71f4a8602085039"",""k"":748,""k_filler"":52,""k_ldpc"":800,""layout_id"":""41f511e5ade7b9e83bb64b4460f816a30d8cfaa5dc4cd80437b4a6c06145e680"",""modulation_padding_bits"":0,""mother_bits"":4160,""n"":1124,""n_cb"":4000,""n_cb_comp"":3948,""power_protocol"":""fixed_constellation_average_Es2"",""puncturing_bits"":2984,""puncturing_first_2Z"":160,""puncturing_remaining"":2824,""repetition_bits"":0,""scrambling"":""public_PCG64_SHA256_protocol_session_frame_group_counter_after_rate_matching_v1"",""shortening_bits"":52,""z"":80}","[1024,2048]"
QPSK,2/3,QPSK:r2/3,e9f0307dd6a9b6de030212eefa76c7dceeae20ee997511b7cf53ed48b383c6a7,1092,16,0,1108,1120,12,5824,3012,1506,0,0.36786188579017265,0.36254980079681276,"{""actual_effective_rate"":0.36786188579017265,""bg"":""bg2"",""bit_mapping"":""component_Gray_00_-3_01_-1_10_3_11_1_over_sqrt5;QPSK_0_plus1_1_minus1"",""code_blocks"":1,""decoder_config"":{""cn_schedule"":""flooding"",""cn_update"":""boxplus-phi"",""early_stop"":false,""hard_out"":true,""harq_mode"":false,""llr_max"":20.0,""num_iter"":20,""precision"":""single"",""prune_pcm"":true,""return_infobits"":true,""vn_update"":""sum""},""implementation"":{""bit_mapping"":""component_Gray_00_-3_01_-1_10_3_11_1_over_sqrt5;QPSK_0_plus1_1_minus1"",""cuda"":""12.8"",""decoder"":{""cn_schedule"":""flooding"",""cn_update"":""boxplus-phi"",""early_stop"":false,""hard_out"":true,""harq_mode"":false,""llr_max"":20.0,""num_iter"":20,""precision"":""single"",""prune_pcm"":true,""return_infobits"":true,""vn_update"":""sum""},""decoder_source_sha256"":""44d84b92b749e2970f94d92cd348a11648e2286b4d851faa0af8b21d08f0da23"",""encoder_source_sha256"":""34d8db6660b2e84708a8fb534f63c194f6f2b964e3693fcffc9dcaf21532ccfd"",""implementation"":""Sionna_5G_LDPC"",""power_protocol"":""fixed_constellation_average_Es2"",""precision"":""float32"",""rate_matching"":""Sionna RV0; filler removal, first2Z and tail puncturing; supported n only"",""scrambling"":""public_PCG64_SHA256_protocol_session_frame_group_counter_after_rate_matching_v1"",""torch"":""2.11.0+cu128"",""version"":""2.2.0""},""interleaver_sha256"":""814f7cd040782bd1a1f1c6423ca61238c13849dca18f41b35018b224b7c2b491"",""k"":1108,""k_filler"":12,""k_ldpc"":1120,""layout_id"":""1c7e14ff3114c75bec1d207352b83bb934c042fd68875679dcd14f607833e2f0"",""modulation_padding_bits"":0,""mother_bits"":5824,""n"":3012,""n_cb"":5600,""n_cb_comp"":5588,""power_protocol"":""fixed_constellation_average_Es2"",""puncturing_bits"":2800,""puncturing_first_2Z"":224,""puncturing_remaining"":2576,""repetition_bits"":0,""scrambling"":""public_PCG64_SHA256_protocol_session_frame_group_counter_after_rate_matching_v1"",""shortening_bits"":12,""z"":112}",[2048]
QPSK,1/3,QPSK:r1/3,ea1cff785fa4c34ac64a1da777af5f11569a9da7e08d17e0619cb2bab4df0bfd,768,16,0,784,800,16,4160,3086,1543,0,0.254050550874919,0.24886584575502269,"{""actual_effective_rate"":0.254050550874919,""bg"":""bg2"",""bit_mapping"":""component_Gray_00_-3_01_-1_10_3_11_1_over_sqrt5;QPSK_0_plus1_1_minus1"",""code_blocks"":1,""decoder_config"":{""cn_schedule"":""flooding"",""cn_update"":""boxplus-phi"",""early_stop"":false,""hard_out"":true,""harq_mode"":false,""llr_max"":20.0,""num_iter"":20,""precision"":""single"",""prune_pcm"":true,""return_infobits"":true,""vn_update"":""sum""},""implementation"":{""bit_mapping"":""component_Gray_00_-3_01_-1_10_3_11_1_over_sqrt5;QPSK_0_plus1_1_minus1"",""cuda"":""12.8"",""decoder"":{""cn_schedule"":""flooding"",""cn_update"":""boxplus-phi"",""early_stop"":false,""hard_out"":true,""harq_mode"":false,""llr_max"":20.0,""num_iter"":20,""precision"":""single"",""prune_pcm"":true,""return_infobits"":true,""vn_update"":""sum""},""decoder_source_sha256"":""44d84b92b749e2970f94d92cd348a11648e2286b4d851faa0af8b21d08f0da23"",""encoder_source_sha256"":""34d8db6660b2e84708a8fb534f63c194f6f2b964e3693fcffc9dcaf21532ccfd"",""implementation"":""Sionna_5G_LDPC"",""power_protocol"":""fixed_constellation_average_Es2"",""precision"":""float32"",""rate_matching"":""Sionna RV0; filler removal, first2Z and tail puncturing; supported n only"",""scrambling"":""public_PCG64_SHA256_protocol_session_frame_group_counter_after_rate_matching_v1"",""torch"":""2.11.0+cu128"",""version"":""2.2.0""},""interleaver_sha256"":""fb662e1bd5aca89768b72bb7cc43e2cbde0834ea45db17d4910c7b50a8368357"",""k"":784,""k_filler"":16,""k_ldpc"":800,""layout_id"":""b2d25b8ddf64776fafa3e46eb50f13709fcfc73fd6746a548230b07e966becd4"",""modulation_padding_bits"":0,""mother_bits"":4160,""n"":3086,""n_cb"":4000,""n_cb_comp"":3984,""power_protocol"":""fixed_constellation_average_Es2"",""puncturing_bits"":1058,""puncturing_first_2Z"":160,""puncturing_remaining"":898,""repetition_bits"":0,""scrambling"":""public_PCG64_SHA256_protocol_session_frame_group_counter_after_rate_matching_v1"",""shortening_bits"":16,""z"":80}",[2048]
QPSK,5/6,QPSK:r5/6,ea3148d4d25cd681c9553e49ac4bfc922f797d4cc5bd443b6dc70121bda5565e,3072,16,0,3088,3168,80,9792,3706,1853,0,0.8332433890987587,0.8289260658391797,"{""actual_effective_rate"":0.8332433890987587,""bg"":""bg1"",""bit_mapping"":""component_Gray_00_-3_01_-1_10_3_11_1_over_sqrt5;QPSK_0_plus1_1_minus1"",""code_blocks"":1,""decoder_config"":{""cn_schedule"":""flooding"",""cn_update"":""boxplus-phi"",""early_stop"":false,""hard_out"":true,""harq_mode"":false,""llr_max"":20.0,""num_iter"":20,""precision"":""single"",""prune_pcm"":true,""return_infobits"":true,""vn_update"":""sum""},""implementation"":{""bit_mapping"":""component_Gray_00_-3_01_-1_10_3_11_1_over_sqrt5;QPSK_0_plus1_1_minus1"",""cuda"":""12.8"",""decoder"":{""cn_schedule"":""flooding"",""cn_update"":""boxplus-phi"",""early_stop"":false,""hard_out"":true,""harq_mode"":false,""llr_max"":20.0,""num_iter"":20,""precision"":""single"",""prune_pcm"":true,""return_infobits"":true,""vn_update"":""sum""},""decoder_source_sha256"":""44d84b92b749e2970f94d92cd348a11648e2286b4d851faa0af8b21d08f0da23"",""encoder_source_sha256"":""34d8db6660b2e84708a8fb534f63c194f6f2b964e3693fcffc9dcaf21532ccfd"",""implementation"":""Sionna_5G_LDPC"",""power_protocol"":""fixed_constellation_average_Es2"",""precision"":""float32"",""rate_matching"":""Sionna RV0; filler removal, first2Z and tail puncturing; supported n only"",""scrambling"":""public_PCG64_SHA256_protocol_session_frame_group_counter_after_rate_matching_v1"",""torch"":""2.11.0+cu128"",""version"":""2.2.0""},""interleaver_sha256"":""01634702892e7e08a9f18699c9c40a0a49664e788d5f9a77934199388220db91"",""k"":3088,""k_filler"":80,""k_ldpc"":3168,""layout_id"":""c6867e232c9f4e0c1b781eb9ffdbc2f4502670911a0383eff717d742f4c6e9b8"",""modulation_padding_bits"":0,""mother_bits"":9792,""n"":3706,""n_cb"":9504,""n_cb_comp"":9424,""power_protocol"":""fixed_constellation_average_Es2"",""puncturing_bits"":6006,""puncturing_first_2Z"":288,""puncturing_remaining"":5718,""repetition_bits"":0,""scrambling"":""public_PCG64_SHA256_protocol_session_frame_group_counter_after_rate_matching_v1"",""shortening_bits"":80,""z"":144}",[2048]
QPSK,3/4,QPSK:r3/4,ea31abe83c1988eb3cbce900185731e381c5ebaaf02f7e0c503e46d919816335,1092,16,0,1108,1120,12,5824,3092,1546,0,0.35834411384217335,0.35316946959896506,"{""actual_effective_rate"":0.35834411384217335,""bg"":""bg2"",""bit_mapping"":""component_Gray_00_-3_01_-1_10_3_11_1_over_sqrt5;QPSK_0_plus1_1_minus1"",""code_blocks"":1,""decoder_config"":{""cn_schedule"":""flooding"",""cn_update"":""boxplus-phi"",""early_stop"":false,""hard_out"":true,""harq_mode"":false,""llr_max"":20.0,""num_iter"":20,""precision"":""single"",""prune_pcm"":true,""return_infobits"":true,""vn_update"":""sum""},""implementation"":{""bit_mapping"":""component_Gray_00_-3_01_-1_10_3_11_1_over_sqrt5;QPSK_0_plus1_1_minus1"",""cuda"":""12.8"",""decoder"":{""cn_schedule"":""flooding"",""cn_update"":""boxplus-phi"",""early_stop"":false,""hard_out"":true,""harq_mode"":false,""llr_max"":20.0,""num_iter"":20,""precision"":""single"",""prune_pcm"":true,""return_infobits"":true,""vn_update"":""sum""},""decoder_source_sha256"":""44d84b92b749e2970f94d92cd348a11648e2286b4d851faa0af8b21d08f0da23"",""encoder_source_sha256"":""34d8db6660b2e84708a8fb534f63c194f6f2b964e3693fcffc9dcaf21532ccfd"",""implementation"":""Sionna_5G_LDPC"",""power_protocol"":""fixed_constellation_average_Es2"",""precision"":""float32"",""rate_matching"":""Sionna RV0; filler removal, first2Z and tail puncturing; supported n only"",""scrambling"":""public_PCG64_SHA256_protocol_session_frame_group_counter_after_rate_matching_v1"",""torch"":""2.11.0+cu128"",""version"":""2.2.0""},""interleaver_sha256"":""f33ff9d139c6803d1e4dd85b41c171e0dc5828f896a0a9a757bea2941dfb13fd"",""k"":1108,""k_filler"":12,""k_ldpc"":1120,""layout_id"":""44b1e2253d4c883e7fde2ca39488fbf1ae8b72083bafb21ed629cfefda7c40f8"",""modulation_padding_bits"":0,""mother_bits"":5824,""n"":3092,""n_cb"":5600,""n_cb_comp"":5588,""power_protocol"":""fixed_constellation_average_Es2"",""puncturing_bits"":2720,""puncturing_first_2Z"":224,""puncturing_remaining"":2496,""repetition_bits"":0,""scrambling"":""public_PCG64_SHA256_protocol_session_frame_group_counter_after_rate_matching_v1"",""shortening_bits"":12,""z"":112}",[2048]
16QAM,3/4,16QAM:r3/4,ea3b18b178b65417cb870e38dbb653acb231b7e326be1afccc404c23e6063b3d,360,16,0,376,480,104,2496,1240,310,0,0.3032258064516129,0.2903225806451613,"{""actual_effective_rate"":0.3032258064516129,""bg"":""bg2"",""bit_mapping"":""component_Gray_00_-3_01_-1_10_3_11_1_over_sqrt5;QPSK_0_plus1_1_minus1"",""code_blocks"":1,""decoder_config"":{""cn_schedule"":""flooding"",""cn_update"":""boxplus-phi"",""early_stop"":false,""hard_out"":true,""harq_mode"":false,""llr_max"":20.0,""num_iter"":20,""precision"":""single"",""prune_pcm"":true,""return_infobits"":true,""vn_update"":""sum""},""implementation"":{""bit_mapping"":""component_Gray_00_-3_01_-1_10_3_11_1_over_sqrt5;QPSK_0_plus1_1_minus1"",""cuda"":""12.8"",""decoder"":{""cn_schedule"":""flooding"",""cn_update"":""boxplus-phi"",""early_stop"":false,""hard_out"":true,""harq_mode"":false,""llr_max"":20.0,""num_iter"":20,""precision"":""single"",""prune_pcm"":true,""return_infobits"":true,""vn_update"":""sum""},""decoder_source_sha256"":""44d84b92b749e2970f94d92cd348a11648e2286b4d851faa0af8b21d08f0da23"",""encoder_source_sha256"":""34d8db6660b2e84708a8fb534f63c194f6f2b964e3693fcffc9dcaf21532ccfd"",""implementation"":""Sionna_5G_LDPC"",""power_protocol"":""fixed_constellation_average_Es2"",""precision"":""float32"",""rate_matching"":""Sionna RV0; filler removal, first2Z and tail puncturing; supported n only"",""scrambling"":""public_PCG64_SHA256_protocol_session_frame_group_counter_after_rate_matching_v1"",""torch"":""2.11.0+cu128"",""version"":""2.2.0""},""interleaver_sha256"":""6e690e996802dfd94cb883966f303ab4184ce0eb891b3d1ab263b65825707514"",""k"":376,""k_filler"":104,""k_ldpc"":480,""layout_id"":""1702c73609637736c5c74e47800c7e5939614f7e282c8028e9f32945ab73237d"",""modulation_padding_bits"":0,""mother_bits"":2496,""n"":1240,""n_cb"":2400,""n_cb_comp"":2296,""power_protocol"":""fixed_constellation_average_Es2"",""puncturing_bits"":1152,""puncturing_first_2Z"":96,""puncturing_remaining"":1056,""repetition_bits"":0,""scrambling"":""public_PCG64_SHA256_protocol_session_frame_group_counter_after_rate_matching_v1"",""shortening_bits"":104,""z"":48}",[2048]
QPSK,2/3,QPSK:r2/3,ea446ec125c3494be6a5090da25578143bfef451dd1d756a4810e4147cce82ab,624,16,0,640,720,80,3744,1644,822,0,0.38929440389294406,0.3795620437956204,"{""actual_effective_rate"":0.38929440389294406,""bg"":""bg2"",""bit_mapping"":""component_Gray_00_-3_01_-1_10_3_11_1_over_sqrt5;QPSK_0_plus1_1_minus1"",""code_blocks"":1,""decoder_config"":{""cn_schedule"":""flooding"",""cn_update"":""boxplus-phi"",""early_stop"":false,""hard_out"":true,""harq_mode"":false,""llr_max"":20.0,""num_iter"":20,""precision"":""single"",""prune_pcm"":true,""return_infobits"":true,""vn_update"":""sum""},""implementation"":{""bit_mapping"":""component_Gray_00_-3_01_-1_10_3_11_1_over_sqrt5;QPSK_0_plus1_1_minus1"",""cuda"":""12.8"",""decoder"":{""cn_schedule"":""flooding"",""cn_update"":""boxplus-phi"",""early_stop"":false,""hard_out"":true,""harq_mode"":false,""llr_max"":20.0,""num_iter"":20,""precision"":""single"",""prune_pcm"":true,""return_infobits"":true,""vn_update"":""sum""},""decoder_source_sha256"":""44d84b92b749e2970f94d92cd348a11648e2286b4d851faa0af8b21d08f0da23"",""encoder_source_sha256"":""34d8db6660b2e84708a8fb534f63c194f6f2b964e3693fcffc9dcaf21532ccfd"",""implementation"":""Sionna_5G_LDPC"",""power_protocol"":""fixed_constellation_average_Es2"",""precision"":""float32"",""rate_matching"":""Sionna RV0; filler removal, first2Z and tail puncturing; supported n only"",""scrambling"":""public_PCG64_SHA256_protocol_session_frame_group_counter_after_rate_matching_v1"",""torch"":""2.11.0+cu128"",""version"":""2.2.0""},""interleaver_sha256"":""dbe144a334ad3c06310fbe279e16e785ea2cd9f9014e5cb6e6e84136d293d57a"",""k"":640,""k_filler"":80,""k_ldpc"":720,""layout_id"":""8d3d002705d941e52f08149b24e370e849d1d1169feeafbaad002b0384cee3ea"",""modulation_padding_bits"":0,""mother_bits"":3744,""n"":1644,""n_cb"":3600,""n_cb_comp"":3520,""power_protocol"":""fixed_constellation_average_Es2"",""puncturing_bits"":2020,""puncturing_first_2Z"":144,""puncturing_remaining"":1876,""repetition_bits"":0,""scrambling"":""public_PCG64_SHA256_protocol_session_frame_group_counter_after_rate_matching_v1"",""shortening_bits"":80,""z"":72}",[2048]
QPSK,2/3,QPSK:r2/3,ea55d862ae856b71987437e53b5d434a4ad9c1526e268fa1538a4f98083e6c09,516,16,0,532,720,188,3744,1490,745,0,0.35704697986577183,0.34630872483221475,"{""actual_effective_rate"":0.35704697986577183,""bg"":""bg2"",""bit_mapping"":""component_Gray_00_-3_01_-1_10_3_11_1_over_sqrt5;QPSK_0_plus1_1_minus1"",""code_blocks"":1,""decoder_config"":{""cn_schedule"":""flooding"",""cn_update"":""boxplus-phi"",""early_stop"":false,""hard_out"":true,""harq_mode"":false,""llr_max"":20.0,""num_iter"":20,""precision"":""single"",""prune_pcm"":true,""return_infobits"":true,""vn_update"":""sum""},""implementation"":{""bit_mapping"":""component_Gray_00_-3_01_-1_10_3_11_1_over_sqrt5;QPSK_0_plus1_1_minus1"",""cuda"":""12.8"",""decoder"":{""cn_schedule"":""flooding"",""cn_update"":""boxplus-phi"",""early_stop"":false,""hard_out"":true,""harq_mode"":false,""llr_max"":20.0,""num_iter"":20,""precision"":""single"",""prune_pcm"":true,""return_infobits"":true,""vn_update"":""sum""},""decoder_source_sha256"":""44d84b92b749e2970f94d92cd348a11648e2286b4d851faa0af8b21d08f0da23"",""encoder_source_sha256"":""34d8db6660b2e84708a8fb534f63c194f6f2b964e3693fcffc9dcaf21532ccfd"",""implementation"":""Sionna_5G_LDPC"",""power_protocol"":""fixed_constellation_average_Es2"",""precision"":""float32"",""rate_matching"":""Sionna RV0; filler removal, first2Z and tail puncturing; supported n only"",""scrambling"":""public_PCG64_SHA256_protocol_session_frame_group_counter_after_rate_matching_v1"",""torch"":""2.11.0+cu128"",""version"":""2.2.0""},""interleaver_sha256"":""ee4460f38eed252ca69e90f8ece26e64f35c1074d0d6e9280b1ddd521e656bd3"",""k"":532,""k_filler"":188,""k_ldpc"":720,""layout_id"":""ba8ca185c5df516f503251e3c456b540f0a6061692971ff58198a03dd7ab4cd2"",""modulation_padding_bits"":0,""mother_bits"":3744,""n"":1490,""n_cb"":3600,""n_cb_comp"":3412,""power_protocol"":""fixed_constellation_average_Es2"",""puncturing_bits"":2066,""puncturing_first_2Z"":144,""puncturing_remaining"":1922,""repetition_bits"":0,""scrambling"":""public_PCG64_SHA256_protocol_session_frame_group_counter_after_rate_matching_v1"",""shortening_bits"":188,""z"":72}",[1024]
QPSK,5/6,QPSK:r5/6,ea57e72486d5255c97b7e39473ca53b9f2d9c6357a814781f9f4d9ea2b02e321,768,16,0,784,800,16,4160,1818,909,0,0.4312431243124312,0.42244224422442245,"{""actual_effective_rate"":0.4312431243124312,""bg"":""bg2"",""bit_mapping"":""component_Gray_00_-3_01_-1_10_3_11_1_over_sqrt5;QPSK_0_plus1_1_minus1"",""code_blocks"":1,""decoder_config"":{""cn_schedule"":""flooding"",""cn_update"":""boxplus-phi"",""early_stop"":false,""hard_out"":true,""harq_mode"":false,""llr_max"":20.0,""num_iter"":20,""precision"":""single"",""prune_pcm"":true,""return_infobits"":true,""vn_update"":""sum""},""implementation"":{""bit_mapping"":""component_Gray_00_-3_01_-1_10_3_11_1_over_sqrt5;QPSK_0_plus1_1_minus1"",""cuda"":""12.8"",""decoder"":{""cn_schedule"":""flooding"",""cn_update"":""boxplus-phi"",""early_stop"":false,""hard_out"":true,""harq_mode"":false,""llr_max"":20.0,""num_iter"":20,""precision"":""single"",""prune_pcm"":true,""return_infobits"":true,""vn_update"":""sum""},""decoder_source_sha256"":""44d84b92b749e2970f94d92cd348a11648e2286b4d851faa0af8b21d08f0da23"",""encoder_source_sha256"":""34d8db6660b2e84708a8fb534f63c194f6f2b964e3693fcffc9dcaf21532ccfd"",""implementation"":""Sionna_5G_LDPC"",""power_protocol"":""fixed_constellation_average_Es2"",""precision"":""float32"",""rate_matching"":""Sionna RV0; filler removal, first2Z and tail puncturing; supported n only"",""scrambling"":""public_PCG64_SHA256_protocol_session_frame_group_counter_after_rate_matching_v1"",""torch"":""2.11.0+cu128"",""version"":""2.2.0""},""interleaver_sha256"":""4b99804fe185a1b7068b09cb7d3c4f4c6bf93404ceaa57f5d1651a64d50d3577"",""k"":784,""k_filler"":16,""k_ldpc"":800,""layout_id"":""d33e366c6c602e5302224944ae5dcde38dec3bf2f3e619c642ab11d649acb036"",""modulation_padding_bits"":0,""mother_bits"":4160,""n"":1818,""n_cb"":4000,""n_cb_comp"":3984,""power_protocol"":""fixed_constellation_average_Es2"",""puncturing_bits"":2326,""puncturing_first_2Z"":160,""puncturing_remaining"":2166,""repetition_bits"":0,""scrambling"":""public_PCG64_SHA256_protocol_session_frame_group_counter_after_rate_matching_v1"",""shortening_bits"":16,""z"":80}",[2048]
16QAM,1/2,16QAM:r1/2,ea62e4e5355f474762217732ff4a05f58a6e7d4726032d1f7c71963fafe6cf8a,1704,16,0,1720,1760,40,9152,4352,1088,0,0.3952205882352941,0.3915441176470588,"{""actual_effective_rate"":0.3952205882352941,""bg"":""bg2"",""bit_mapping"":""component_Gray_00_-3_01_-1_10_3_11_1_over_sqrt5;QPSK_0_plus1_1_minus1"",""code_blocks"":1,""decoder_config"":{""cn_schedule"":""flooding"",""cn_update"":""boxplus-phi"",""early_stop"":false,""hard_out"":true,""harq_mode"":false,""llr_max"":20.0,""num_iter"":20,""precision"":""single"",""prune_pcm"":true,""return_infobits"":true,""vn_update"":""sum""},""implementation"":{""bit_mapping"":""component_Gray_00_-3_01_-1_10_3_11_1_over_sqrt5;QPSK_0_plus1_1_minus1"",""cuda"":""12.8"",""decoder"":{""cn_schedule"":""flooding"",""cn_update"":""boxplus-phi"",""early_stop"":false,""hard_out"":true,""harq_mode"":false,""llr_max"":20.0,""num_iter"":20,""precision"":""single"",""prune_pcm"":true,""return_infobits"":true,""vn_update"":""sum""},""decoder_source_sha256"":""44d84b92b749e2970f94d92cd348a11648e2286b4d851faa0af8b21d08f0da23"",""encoder_source_sha256"":""34d8db6660b2e84708a8fb534f63c194f6f2b964e3693fcffc9dcaf21532ccfd"",""implementation"":""Sionna_5G_LDPC"",""power_protocol"":""fixed_constellation_average_Es2"",""precision"":""float32"",""rate_matching"":""Sionna RV0; filler removal, first2Z and tail puncturing; supported n only"",""scrambling"":""public_PCG64_SHA256_protocol_session_frame_group_counter_after_rate_matching_v1"",""torch"":""2.11.0+cu128"",""version"":""2.2.0""},""interleaver_sha256"":""14149ead9b9446c3d4a6aa23bba7384118fbc78f7d8e92106fc89bf6b95236e2"",""k"":1720,""k_filler"":40,""k_ldpc"":1760,""layout_id"":""389b6d2c2e7fcc58091f09e28380746fa8de604d2023604eeef4d650b8b4cf7b"",""modulation_padding_bits"":0,""mother_bits"":9152,""n"":4352,""n_cb"":8800,""n_cb_comp"":8760,""power_protocol"":""fixed_constellation_average_Es2"",""puncturing_bits"":4760,""puncturing_first_2Z"":352,""puncturing_remaining"":4408,""repetition_bits"":0,""scrambling"":""public_PCG64_SHA256_protocol_session_frame_group_counter_after_rate_matching_v1"",""shortening_bits"":40,""z"":176}",[2048]
16QAM,1/2,16QAM:r1/2,ea632d440d8e8fe9a4f83e4fdf7c0f71291ac223ba07ad5d3b2e11388ae44fd7,516,16,0,532,720,188,3744,1224,306,0,0.434640522875817,0.4215686274509804,"{""actual_effective_rate"":0.434640522875817,""bg"":""bg2"",""bit_mapping"":""component_Gray_00_-3_01_-1_10_3_11_1_over_sqrt5;QPSK_0_plus1_1_minus1"",""code_blocks"":1,""decoder_config"":{""cn_schedule"":""flooding"",""cn_update"":""boxplus-phi"",""early_stop"":false,""hard_out"":true,""harq_mode"":false,""llr_max"":20.0,""num_iter"":20,""precision"":""single"",""prune_pcm"":true,""return_infobits"":true,""vn_update"":""sum""},""implementation"":{""bit_mapping"":""component_Gray_00_-3_01_-1_10_3_11_1_over_sqrt5;QPSK_0_plus1_1_minus1"",""cuda"":""12.8"",""decoder"":{""cn_schedule"":""flooding"",""cn_update"":""boxplus-phi"",""early_stop"":false,""hard_out"":true,""harq_mode"":false,""llr_max"":20.0,""num_iter"":20,""precision"":""single"",""prune_pcm"":true,""return_infobits"":true,""vn_update"":""sum""},""decoder_source_sha256"":""44d84b92b749e2970f94d92cd348a11648e2286b4d851faa0af8b21d08f0da23"",""encoder_source_sha256"":""34d8db6660b2e84708a8fb534f63c194f6f2b964e3693fcffc9dcaf21532ccfd"",""implementation"":""Sionna_5G_LDPC"",""power_protocol"":""fixed_constellation_average_Es2"",""precision"":""float32"",""rate_matching"":""Sionna RV0; filler removal, first2Z and tail puncturing; supported n only"",""scrambling"":""public_PCG64_SHA256_protocol_session_frame_group_counter_after_rate_matching_v1"",""torch"":""2.11.0+cu128"",""version"":""2.2.0""},""interleaver_sha256"":""cdec7e15591fed207e2f402f50e44686fbc78aee21902dec65b44e0a8dcd92ca"",""k"":532,""k_filler"":188,""k_ldpc"":720,""layout_id"":""14052331067475425fc254fbd008b765a91f951bd2cc505895a36b83d8e60fa7"",""modulation_padding_bits"":0,""mother_bits"":3744,""n"":1224,""n_cb"":3600,""n_cb_comp"":3412,""power_protocol"":""fixed_constellation_average_Es2"",""puncturing_bits"":2332,""puncturing_first_2Z"":144,""puncturing_remaining"":2188,""repetition_bits"":0,""scrambling"":""public_PCG64_SHA256_protocol_session_frame_group_counter_after_rate_matching_v1"",""shortening_bits"":188,""z"":72}",[1024]
16QAM,3/4,16QAM:r3/4,ea6e853adcfd63990910ebdf7245b0a0103cf66347518adc63518ed75e6b07bb,4224,16,0,4240,4576,336,14144,5660,1415,0,0.7491166077738516,0.7462897526501767,"{""actual_effective_rate"":0.7491166077738516,""bg"":""bg1"",""bit_mapping"":""component_Gray_00_-3_01_-1_10_3_11_1_over_sqrt5;QPSK_0_plus1_1_minus1"",""code_blocks"":1,""decoder_config"":{""cn_schedule"":""flooding"",""cn_update"":""boxplus-phi"",""early_stop"":false,""hard_out"":true,""harq_mode"":false,""llr_max"":20.0,""num_iter"":20,""precision"":""single"",""prune_pcm"":true,""return_infobits"":true,""vn_update"":""sum""},""implementation"":{""bit_mapping"":""component_Gray_00_-3_01_-1_10_3_11_1_over_sqrt5;QPSK_0_plus1_1_minus1"",""cuda"":""12.8"",""decoder"":{""cn_schedule"":""flooding"",""cn_update"":""boxplus-phi"",""early_stop"":false,""hard_out"":true,""harq_mode"":false,""llr_max"":20.0,""num_iter"":20,""precision"":""single"",""prune_pcm"":true,""return_infobits"":true,""vn_update"":""sum""},""decoder_source_sha256"":""44d84b92b749e2970f94d92cd348a11648e2286b4d851faa0af8b21d08f0da23"",""encoder_source_sha256"":""34d8db6660b2e84708a8fb534f63c194f6f2b964e3693fcffc9dcaf21532ccfd"",""implementation"":""Sionna_5G_LDPC"",""power_protocol"":""fixed_constellation_average_Es2"",""precision"":""float32"",""rate_matching"":""Sionna RV0; filler removal, first2Z and tail puncturing; supported n only"",""scrambling"":""public_PCG64_SHA256_protocol_session_frame_group_counter_after_rate_matching_v1"",""torch"":""2.11.0+cu128"",""version"":""2.2.0""},""interleaver_sha256"":""a08c11d64af3d13050cd8eac408ef9f791322a09d05adac0c653c34612b90ad4"",""k"":4240,""k_filler"":336,""k_ldpc"":4576,""layout_id"":""09feb6f73f1f85f00af1bb00e59690d311d33d9cf19cb73ced656f17fa77755d"",""modulation_padding_bits"":0,""mother_bits"":14144,""n"":5660,""n_cb"":13728,""n_cb_comp"":13392,""power_protocol"":""fixed_constellation_average_Es2"",""puncturing_bits"":8148,""puncturing_first_2Z"":416,""puncturing_remaining"":7732,""repetition_bits"":0,""scrambling"":""public_PCG64_SHA256_protocol_session_frame_group_counter_after_rate_matching_v1"",""shortening_bits"":336,""z"":208}",[2048]
QPSK,5/6,QPSK:r5/6,ea7cab293df91222063c3a9f769531b8dec0b660b72e6b0640b0ac8d62b7cecf,576,16,0,592,720,128,3744,936,468,0,0.6324786324786325,0.6153846153846154,"{""actual_effective_rate"":0.6324786324786325,""bg"":""bg2"",""bit_mapping"":""component_Gray_00_-3_01_-1_10_3_11_1_over_sqrt5;QPSK_0_plus1_1_minus1"",""code_blocks"":1,""decoder_config"":{""cn_schedule"":""flooding"",""cn_update"":""boxplus-phi"",""early_stop"":false,""hard_out"":true,""harq_mode"":false,""llr_max"":20.0,""num_iter"":20,""precision"":""single"",""prune_pcm"":true,""return_infobits"":true,""vn_update"":""sum""},""implementation"":{""bit_mapping"":""component_Gray_00_-3_01_-1_10_3_11_1_over_sqrt5;QPSK_0_plus1_1_minus1"",""cuda"":""12.8"",""decoder"":{""cn_schedule"":""flooding"",""cn_update"":""boxplus-phi"",""early_stop"":false,""hard_out"":true,""harq_mode"":false,""llr_max"":20.0,""num_iter"":20,""precision"":""single"",""prune_pcm"":true,""return_infobits"":true,""vn_update"":""sum""},""decoder_source_sha256"":""44d84b92b749e2970f94d92cd348a11648e2286b4d851faa0af8b21d08f0da23"",""encoder_source_sha256"":""34d8db6660b2e84708a8fb534f63c194f6f2b964e3693fcffc9dcaf21532ccfd"",""implementation"":""Sionna_5G_LDPC"",""power_protocol"":""fixed_constellation_average_Es2"",""precision"":""float32"",""rate_matching"":""Sionna RV0; filler removal, first2Z and tail puncturing; supported n only"",""scrambling"":""public_PCG64_SHA256_protocol_session_frame_group_counter_after_rate_matching_v1"",""torch"":""2.11.0+cu128"",""version"":""2.2.0""},""interleaver_sha256"":""ae86e9b5186fc2bf391c10aca6338cea262fa880ea7a1629b0e3be3b190f55f2"",""k"":592,""k_filler"":128,""k_ldpc"":720,""layout_id"":""2c775fd113bd70fa39d47f07a28cb4b3bbcc1921bc669c1c30d06d2c6ae5fb44"",""modulation_padding_bits"":0,""mother_bits"":3744,""n"":936,""n_cb"":3600,""n_cb_comp"":3472,""power_protocol"":""fixed_constellation_average_Es2"",""puncturing_bits"":2680,""puncturing_first_2Z"":144,""puncturing_remaining"":2536,""repetition_bits"":0,""scrambling"":""public_PCG64_SHA256_protocol_session_frame_group_counter_after_rate_matching_v1"",""shortening_bits"":128,""z"":72}",[1024]
16QAM,3/4,16QAM:r3/4,ea8c3c813ca362ffa7ff264cd0befab69c88363c7212ddf898cc0b4e1c16c6ed,4728,16,0,4744,4928,184,15232,6328,1582,0,0.7496839443742098,0.7471554993678887,"{""actual_effective_rate"":0.7496839443742098,""bg"":""bg1"",""bit_mapping"":""component_Gray_00_-3_01_-1_10_3_11_1_over_sqrt5;QPSK_0_plus1_1_minus1"",""code_blocks"":1,""decoder_config"":{""cn_schedule"":""flooding"",""cn_update"":""boxplus-phi"",""early_stop"":false,""hard_out"":true,""harq_mode"":false,""llr_max"":20.0,""num_iter"":20,""precision"":""single"",""prune_pcm"":true,""return_infobits"":true,""vn_update"":""sum""},""implementation"":{""bit_mapping"":""component_Gray_00_-3_01_-1_10_3_11_1_over_sqrt5;QPSK_0_plus1_1_minus1"",""cuda"":""12.8"",""decoder"":{""cn_schedule"":""flooding"",""cn_update"":""boxplus-phi"",""early_stop"":false,""hard_out"":true,""harq_mode"":false,""llr_max"":20.0,""num_iter"":20,""precision"":""single"",""prune_pcm"":true,""return_infobits"":true,""vn_update"":""sum""},""decoder_source_sha256"":""44d84b92b749e2970f94d92cd348a11648e2286b4d851faa0af8b21d08f0da23"",""encoder_source_sha256"":""34d8db6660b2e84708a8fb534f63c194f6f2b964e3693fcffc9dcaf21532ccfd"",""implementation"":""Sionna_5G_LDPC"",""power_protocol"":""fixed_constellation_average_Es2"",""precision"":""float32"",""rate_matching"":""Sionna RV0; filler removal, first2Z and tail puncturing; supported n only"",""scrambling"":""public_PCG64_SHA256_protocol_session_frame_group_counter_after_rate_matching_v1"",""torch"":""2.11.0+cu128"",""version"":""2.2.0""},""interleaver_sha256"":""add8844a1ebbd1eef7ea245010933c017b487cbeab5d1739728b49778b7ce78f"",""k"":4744,""k_filler"":184,""k_ldpc"":4928,""layout_id"":""80e6d2b62fdcde44354106b4dac11c3d69960690a0bdbdc0d413102864327c02"",""modulation_padding_bits"":0,""mother_bits"":15232,""n"":6328,""n_cb"":14784,""n_cb_comp"":14600,""power_protocol"":""fixed_constellation_average_Es2"",""puncturing_bits"":8720,""puncturing_first_2Z"":448,""puncturing_remaining"":8272,""repetition_bits"":0,""scrambling"":""public_PCG64_SHA256_protocol_session_frame_group_counter_after_rate_matching_v1"",""shortening_bits"":184,""z"":224}",[2048]
QPSK,3/4,QPSK:r3/4,ea9d62d77781cbcf8c48a802bca69bc523faca74be4d05a1132798099bc1ce86,660,16,0,676,720,44,3744,2886,1443,0,0.23423423423423423,0.2286902286902287,"{""actual_effective_rate"":0.23423423423423423,""bg"":""bg2"",""bit_mapping"":""component_Gray_00_-3_01_-1_10_3_11_1_over_sqrt5;QPSK_0_plus1_1_minus1"",""code_blocks"":1,""decoder_config"":{""cn_schedule"":""flooding"",""cn_update"":""boxplus-phi"",""early_stop"":false,""hard_out"":true,""harq_mode"":false,""llr_max"":20.0,""num_iter"":20,""precision"":""single"",""prune_pcm"":true,""return_infobits"":true,""vn_update"":""sum""},""implementation"":{""bit_mapping"":""component_Gray_00_-3_01_-1_10_3_11_1_over_sqrt5;QPSK_0_plus1_1_minus1"",""cuda"":""12.8"",""decoder"":{""cn_schedule"":""flooding"",""cn_update"":""boxplus-phi"",""early_stop"":false,""hard_out"":true,""harq_mode"":false,""llr_max"":20.0,""num_iter"":20,""precision"":""single"",""prune_pcm"":true,""return_infobits"":true,""vn_update"":""sum""},""decoder_source_sha256"":""44d84b92b749e2970f94d92cd348a11648e2286b4d851faa0af8b21d08f0da23"",""encoder_source_sha256"":""34d8db6660b2e84708a8fb534f63c194f6f2b964e3693fcffc9dcaf21532ccfd"",""implementation"":""Sionna_5G_LDPC"",""power_protocol"":""fixed_constellation_average_Es2"",""precision"":""float32"",""rate_matching"":""Sionna RV0; filler removal, first2Z and tail puncturing; supported n only"",""scrambling"":""public_PCG64_SHA256_protocol_session_frame_group_counter_after_rate_matching_v1"",""torch"":""2.11.0+cu128"",""version"":""2.2.0""},""interleaver_sha256"":""69c791b0e8d8f499d2f4cc8dd0373e211ed327f727b5009588f729e527584f95"",""k"":676,""k_filler"":44,""k_ldpc"":720,""layout_id"":""5c771780655291bf8a5d8ecf54e2be8156beaaec7af4c7f037541080bd89c1f5"",""modulation_padding_bits"":0,""mother_bits"":3744,""n"":2886,""n_cb"":3600,""n_cb_comp"":3556,""power_protocol"":""fixed_constellation_average_Es2"",""puncturing_bits"":814,""puncturing_first_2Z"":144,""puncturing_remaining"":670,""repetition_bits"":0,""scrambling"":""public_PCG64_SHA256_protocol_session_frame_group_counter_after_rate_matching_v1"",""shortening_bits"":44,""z"":72}",[2048]
16QAM,1/3,16QAM:r1/3,eaa50013ef01a37903a0caedd42650513bd1337679d0290309592709f505a6ad,360,16,0,376,480,104,2496,1880,470,0,0.2,0.19148936170212766,"{""actual_effective_rate"":0.2,""bg"":""bg2"",""bit_mapping"":""component_Gray_00_-3_01_-1_10_3_11_1_over_sqrt5;QPSK_0_plus1_1_minus1"",""code_blocks"":1,""decoder_config"":{""cn_schedule"":""flooding"",""cn_update"":""boxplus-phi"",""early_stop"":false,""hard_out"":true,""harq_mode"":false,""llr_max"":20.0,""num_iter"":20,""precision"":""single"",""prune_pcm"":true,""return_infobits"":true,""vn_update"":""sum""},""implementation"":{""bit_mapping"":""component_Gray_00_-3_01_-1_10_3_11_1_over_sqrt5;QPSK_0_plus1_1_minus1"",""cuda"":""12.8"",""decoder"":{""cn_schedule"":""flooding"",""cn_update"":""boxplus-phi"",""early_stop"":false,""hard_out"":true,""harq_mode"":false,""llr_max"":20.0,""num_iter"":20,""precision"":""single"",""prune_pcm"":true,""return_infobits"":true,""vn_update"":""sum""},""decoder_source_sha256"":""44d84b92b749e2970f94d92cd348a11648e2286b4d851faa0af8b21d08f0da23"",""encoder_source_sha256"":""34d8db6660b2e84708a8fb534f63c194f6f2b964e3693fcffc9dcaf21532ccfd"",""implementation"":""Sionna_5G_LDPC"",""power_protocol"":""fixed_constellation_average_Es2"",""precision"":""float32"",""rate_matching"":""Sionna RV0; filler removal, first2Z and tail puncturing; supported n only"",""scrambling"":""public_PCG64_SHA256_protocol_session_frame_group_counter_after_rate_matching_v1"",""torch"":""2.11.0+cu128"",""version"":""2.2.0""},""interleaver_sha256"":""07d3fdc8cf321896f82bf19e20393f9a5560da41d7518d87bf775d709e10b361"",""k"":376,""k_filler"":104,""k_ldpc"":480,""layout_id"":""63a82344f19c94053668f7a3a7e2a946262fcbd2746911ef83eff424db1deeea"",""modulation_padding_bits"":0,""mother_bits"":2496,""n"":1880,""n_cb"":2400,""n_cb_comp"":2296,""power_protocol"":""fixed_constellation_average_Es2"",""puncturing_bits"":512,""puncturing_first_2Z"":96,""puncturing_remaining"":416,""repetition_bits"":0,""scrambling"":""public_PCG64_SHA256_protocol_session_frame_group_counter_after_rate_matching_v1"",""shortening_bits"":104,""z"":48}",[2048]
16QAM,1/2,16QAM:r1/2,eabb54681e6e39b6a1649335ef6aceadeae34d096974e56844cdb121af8fe974,432,16,0,448,560,112,2912,1268,317,0,0.35331230283911674,0.34069400630914826,"{""actual_effective_rate"":0.35331230283911674,""bg"":""bg2"",""bit_mapping"":""component_Gray_00_-3_01_-1_10_3_11_1_over_sqrt5;QPSK_0_plus1_1_minus1"",""code_blocks"":1,""decoder_config"":{""cn_schedule"":""flooding"",""cn_update"":""boxplus-phi"",""early_stop"":false,""hard_out"":true,""harq_mode"":false,""llr_max"":20.0,""num_iter"":20,""precision"":""single"",""prune_pcm"":true,""return_infobits"":true,""vn_update"":""sum""},""implementation"":{""bit_mapping"":""component_Gray_00_-3_01_-1_10_3_11_1_over_sqrt5;QPSK_0_plus1_1_minus1"",""cuda"":""12.8"",""decoder"":{""cn_schedule"":""flooding"",""cn_update"":""boxplus-phi"",""early_stop"":false,""hard_out"":true,""harq_mode"":false,""llr_max"":20.0,""num_iter"":20,""precision"":""single"",""prune_pcm"":true,""return_infobits"":true,""vn_update"":""sum""},""decoder_source_sha256"":""44d84b92b749e2970f94d92cd348a11648e2286b4d851faa0af8b21d08f0da23"",""encoder_source_sha256"":""34d8db6660b2e84708a8fb534f63c194f6f2b964e3693fcffc9dcaf21532ccfd"",""implementation"":""Sionna_5G_LDPC"",""power_protocol"":""fixed_constellation_average_Es2"",""precision"":""float32"",""rate_matching"":""Sionna RV0; filler removal, first2Z and tail puncturing; supported n only"",""scrambling"":""public_PCG64_SHA256_protocol_session_frame_group_counter_after_rate_matching_v1"",""torch"":""2.11.0+cu128"",""version"":""2.2.0""},""interleaver_sha256"":""fabddfc14231d3e6e934ad0afda2663e06354fa08951b78110c2a1c545192219"",""k"":448,""k_filler"":112,""k_ldpc"":560,""layout_id"":""bc1a763426fb7876e86e7272ae141489b14795e3af0d226e434dbdc528926817"",""modulation_padding_bits"":0,""mother_bits"":2912,""n"":1268,""n_cb"":2800,""n_cb_comp"":2688,""power_protocol"":""fixed_constellation_average_Es2"",""puncturing_bits"":1532,""puncturing_first_2Z"":112,""puncturing_remaining"":1420,""repetition_bits"":0,""scrambling"":""public_PCG64_SHA256_protocol_session_frame_group_counter_after_rate_matching_v1"",""shortening_bits"":112,""z"":56}",[1024]
QPSK,2/3,QPSK:r2/3,ead1aa1091ee0a6d6e4e2f60f57d427b8373f3c1a741b4c1893985efdf12bf72,1092,16,0,1108,1120,12,5824,3682,1841,0,0.3009234111895709,0.2965779467680608,"{""actual_effective_rate"":0.3009234111895709,""bg"":""bg2"",""bit_mapping"":""component_Gray_00_-3_01_-1_10_3_11_1_over_sqrt5;QPSK_0_plus1_1_minus1"",""code_blocks"":1,""decoder_config"":{""cn_schedule"":""flooding"",""cn_update"":""boxplus-phi"",""early_stop"":false,""hard_out"":true,""harq_mode"":false,""llr_max"":20.0,""num_iter"":20,""precision"":""single"",""prune_pcm"":true,""return_infobits"":true,""vn_update"":""sum""},""implementation"":{""bit_mapping"":""component_Gray_00_-3_01_-1_10_3_11_1_over_sqrt5;QPSK_0_plus1_1_minus1"",""cuda"":""12.8"",""decoder"":{""cn_schedule"":""flooding"",""cn_update"":""boxplus-phi"",""early_stop"":false,""hard_out"":true,""harq_mode"":false,""llr_max"":20.0,""num_iter"":20,""precision"":""single"",""prune_pcm"":true,""return_infobits"":true,""vn_update"":""sum""},""decoder_source_sha256"":""44d84b92b749e2970f94d92cd348a11648e2286b4d851faa0af8b21d08f0da23"",""encoder_source_sha256"":""34d8db6660b2e84708a8fb534f63c194f6f2b964e3693fcffc9dcaf21532ccfd"",""implementation"":""Sionna_5G_LDPC"",""power_protocol"":""fixed_constellation_average_Es2"",""precision"":""float32"",""rate_matching"":""Sionna RV0; filler removal, first2Z and tail puncturing; supported n only"",""scrambling"":""public_PCG64_SHA256_protocol_session_frame_group_counter_after_rate_matching_v1"",""torch"":""2.11.0+cu128"",""version"":""2.2.0""},""interleaver_sha256"":""ed9819e4e7b18ea062f645ec35a442ac87a4ff927da5b59d2caba79b65dd54b5"",""k"":1108,""k_filler"":12,""k_ldpc"":1120,""layout_id"":""793f93d9cc1ae8f821984e8bc261ed5b3bb8629fbcdae716e3531334e598664e"",""modulation_padding_bits"":0,""mother_bits"":5824,""n"":3682,""n_cb"":5600,""n_cb_comp"":5588,""power_protocol"":""fixed_constellation_average_Es2"",""puncturing_bits"":2130,""puncturing_first_2Z"":224,""puncturing_remaining"":1906,""repetition_bits"":0,""scrambling"":""public_PCG64_SHA256_protocol_session_frame_group_counter_after_rate_matching_v1"",""shortening_bits"":12,""z"":112}",[2048]
QPSK,5/6,QPSK:r5/6,ead7ad35d86e669581ff53bb6a2c2598c01efbbcb4d24f10296c245717050e10,1668,16,0,1684,1760,76,9152,2804,1402,0,0.6005706134094151,0.5948644793152639,"{""actual_effective_rate"":0.6005706134094151,""bg"":""bg2"",""bit_mapping"":""component_Gray_00_-3_01_-1_10_3_11_1_over_sqrt5;QPSK_0_plus1_1_minus1"",""code_blocks"":1,""decoder_config"":{""cn_schedule"":""flooding"",""cn_update"":""boxplus-phi"",""early_stop"":false,""hard_out"":true,""harq_mode"":false,""llr_max"":20.0,""num_iter"":20,""precision"":""single"",""prune_pcm"":true,""return_infobits"":true,""vn_update"":""sum""},""implementation"":{""bit_mapping"":""component_Gray_00_-3_01_-1_10_3_11_1_over_sqrt5;QPSK_0_plus1_1_minus1"",""cuda"":""12.8"",""decoder"":{""cn_schedule"":""flooding"",""cn_update"":""boxplus-phi"",""early_stop"":false,""hard_out"":true,""harq_mode"":false,""llr_max"":20.0,""num_iter"":20,""precision"":""single"",""prune_pcm"":true,""return_infobits"":true,""vn_update"":""sum""},""decoder_source_sha256"":""44d84b92b749e2970f94d92cd348a11648e2286b4d851faa0af8b21d08f0da23"",""encoder_source_sha256"":""34d8db6660b2e84708a8fb534f63c194f6f2b964e3693fcffc9dcaf21532ccfd"",""implementation"":""Sionna_5G_LDPC"",""power_protocol"":""fixed_constellation_average_Es2"",""precision"":""float32"",""rate_matching"":""Sionna RV0; filler removal, first2Z and tail puncturing; supported n only"",""scrambling"":""public_PCG64_SHA256_protocol_session_frame_group_counter_after_rate_matching_v1"",""torch"":""2.11.0+cu128"",""version"":""2.2.0""},""interleaver_sha256"":""9df6209597e1c1a695cdc657ec6e12bb6fdd7d2a4335e97bf745f9eaee8e8c49"",""k"":1684,""k_filler"":76,""k_ldpc"":1760,""layout_id"":""cef3e59b38190c3303658bca90e2ca21cdd5866a1400f224dbb249e59deec9ef"",""modulation_padding_bits"":0,""mother_bits"":9152,""n"":2804,""n_cb"":8800,""n_cb_comp"":8724,""power_protocol"":""fixed_constellation_average_Es2"",""puncturing_bits"":6272,""puncturing_first_2Z"":352,""puncturing_remaining"":5920,""repetition_bits"":0,""scrambling"":""public_PCG64_SHA256_protocol_session_frame_group_counter_after_rate_matching_v1"",""shortening_bits"":76,""z"":176}",[2048]
16QAM,2/3,16QAM:r2/3,ead97b515a7f265c798511e4ab9a66a988e4d35f2270443392118ffc5e000176,72,16,0,88,150,62,780,132,33,0,0.6666666666666666,0.5454545454545454,"{""actual_effective_rate"":0.6666666666666666,""bg"":""bg2"",""bit_mapping"":""component_Gray_00_-3_01_-1_10_3_11_1_over_sqrt5;QPSK_0_plus1_1_minus1"",""code_blocks"":1,""decoder_config"":{""cn_schedule"":""flooding"",""cn_update"":""boxplus-phi"",""early_stop"":false,""hard_out"":true,""harq_mode"":false,""llr_max"":20.0,""num_iter"":20,""precision"":""single"",""prune_pcm"":true,""return_infobits"":true,""vn_update"":""sum""},""implementation"":{""bit_mapping"":""component_Gray_00_-3_01_-1_10_3_11_1_over_sqrt5;QPSK_0_plus1_1_minus1"",""cuda"":""12.8"",""decoder"":{""cn_schedule"":""flooding"",""cn_update"":""boxplus-phi"",""early_stop"":false,""hard_out"":true,""harq_mode"":false,""llr_max"":20.0,""num_iter"":20,""precision"":""single"",""prune_pcm"":true,""return_infobits"":true,""vn_update"":""sum""},""decoder_source_sha256"":""44d84b92b749e2970f94d92cd348a11648e2286b4d851faa0af8b21d08f0da23"",""encoder_source_sha256"":""34d8db6660b2e84708a8fb534f63c194f6f2b964e3693fcffc9dcaf21532ccfd"",""implementation"":""Sionna_5G_LDPC"",""power_protocol"":""fixed_constellation_average_Es2"",""precision"":""float32"",""rate_matching"":""Sionna RV0; filler removal, first2Z and tail puncturing; supported n only"",""scrambling"":""public_PCG64_SHA256_protocol_session_frame_group_counter_after_rate_matching_v1"",""torch"":""2.11.0+cu128"",""version"":""2.2.0""},""interleaver_sha256"":""8fa0d0acecab57d7fb280e2831b85d1bc6e56fb00d010e207f8e86d78c0074ff"",""k"":88,""k_filler"":62,""k_ldpc"":150,""layout_id"":""c5a5a7cff8f136ff4fd1b37bd2280d3374c44e0eb5bc951eb5393b25151b586f"",""modulation_padding_bits"":0,""mother_bits"":780,""n"":132,""n_cb"":750,""n_cb_comp"":688,""power_protocol"":""fixed_constellation_average_Es2"",""puncturing_bits"":586,""puncturing_first_2Z"":30,""puncturing_remaining"":556,""repetition_bits"":0,""scrambling"":""public_PCG64_SHA256_protocol_session_frame_group_counter_after_rate_matching_v1"",""shortening_bits"":62,""z"":15}","[1024,2048]"
16QAM,5/6,16QAM:r5/6,eae413eda83455faa9410c8f5b492828a1da5fb175edd3e3bc1c99742052621e,2712,16,0,2728,2816,88,8704,3276,819,0,0.8327228327228328,0.8278388278388278,"{""actual_effective_rate"":0.8327228327228328,""bg"":""bg1"",""bit_mapping"":""component_Gray_00_-3_01_-1_10_3_11_1_over_sqrt5;QPSK_0_plus1_1_minus1"",""code_blocks"":1,""decoder_config"":{""cn_schedule"":""flooding"",""cn_update"":""boxplus-phi"",""early_stop"":false,""hard_out"":true,""harq_mode"":false,""llr_max"":20.0,""num_iter"":20,""precision"":""single"",""prune_pcm"":true,""return_infobits"":true,""vn_update"":""sum""},""implementation"":{""bit_mapping"":""component_Gray_00_-3_01_-1_10_3_11_1_over_sqrt5;QPSK_0_plus1_1_minus1"",""cuda"":""12.8"",""decoder"":{""cn_schedule"":""flooding"",""cn_update"":""boxplus-phi"",""early_stop"":false,""hard_out"":true,""harq_mode"":false,""llr_max"":20.0,""num_iter"":20,""precision"":""single"",""prune_pcm"":true,""return_infobits"":true,""vn_update"":""sum""},""decoder_source_sha256"":""44d84b92b749e2970f94d92cd348a11648e2286b4d851faa0af8b21d08f0da23"",""encoder_source_sha256"":""34d8db6660b2e84708a8fb534f63c194f6f2b964e3693fcffc9dcaf21532ccfd"",""implementation"":""Sionna_5G_LDPC"",""power_protocol"":""fixed_constellation_average_Es2"",""precision"":""float32"",""rate_matching"":""Sionna RV0; filler removal, first2Z and tail puncturing; supported n only"",""scrambling"":""public_PCG64_SHA256_protocol_session_frame_group_counter_after_rate_matching_v1"",""torch"":""2.11.0+cu128"",""version"":""2.2.0""},""interleaver_sha256"":""c0ba7df4c52d6697f5677b8aeecc1fcb9493eb48d06ba68f9171b41472eb7adb"",""k"":2728,""k_filler"":88,""k_ldpc"":2816,""layout_id"":""05a776edc82cab6eb2cfcc5175b349b8763663b59da25ebd4981a376d2d67606"",""modulation_padding_bits"":0,""mother_bits"":8704,""n"":3276,""n_cb"":8448,""n_cb_comp"":8360,""power_protocol"":""fixed_constellation_average_Es2"",""puncturing_bits"":5340,""puncturing_first_2Z"":256,""puncturing_remaining"":5084,""repetition_bits"":0,""scrambling"":""public_PCG64_SHA256_protocol_session_frame_group_counter_after_rate_matching_v1"",""shortening_bits"":88,""z"":128}",[2048]
QPSK,1/2,QPSK:r1/2,eae4342c9f886f3f576ecdb650a9940cc47b32cb521e1fd50482bf9557f2b580,432,16,0,448,560,112,2912,1088,544,0,0.4117647058823529,0.39705882352941174,"{""actual_effective_rate"":0.4117647058823529,""bg"":""bg2"",""bit_mapping"":""component_Gray_00_-3_01_-1_10_3_11_1_over_sqrt5;QPSK_0_plus1_1_minus1"",""code_blocks"":1,""decoder_config"":{""cn_schedule"":""flooding"",""cn_update"":""boxplus-phi"",""early_stop"":false,""hard_out"":true,""harq_mode"":false,""llr_max"":20.0,""num_iter"":20,""precision"":""single"",""prune_pcm"":true,""return_infobits"":true,""vn_update"":""sum""},""implementation"":{""bit_mapping"":""component_Gray_00_-3_01_-1_10_3_11_1_over_sqrt5;QPSK_0_plus1_1_minus1"",""cuda"":""12.8"",""decoder"":{""cn_schedule"":""flooding"",""cn_update"":""boxplus-phi"",""early_stop"":false,""hard_out"":true,""harq_mode"":false,""llr_max"":20.0,""num_iter"":20,""precision"":""single"",""prune_pcm"":true,""return_infobits"":true,""vn_update"":""sum""},""decoder_source_sha256"":""44d84b92b749e2970f94d92cd348a11648e2286b4d851faa0af8b21d08f0da23"",""encoder_source_sha256"":""34d8db6660b2e84708a8fb534f63c194f6f2b964e3693fcffc9dcaf21532ccfd"",""implementation"":""Sionna_5G_LDPC"",""power_protocol"":""fixed_constellation_average_Es2"",""precision"":""float32"",""rate_matching"":""Sionna RV0; filler removal, first2Z and tail puncturing; supported n only"",""scrambling"":""public_PCG64_SHA256_protocol_session_frame_group_counter_after_rate_matching_v1"",""torch"":""2.11.0+cu128"",""version"":""2.2.0""},""interleaver_sha256"":""22a8cc8a088874c6d4b5cb881c603d7af779a30def04404c874bb54566075026"",""k"":448,""k_filler"":112,""k_ldpc"":560,""layout_id"":""8bb4747169583bbabaf1e5872bb90c2f292bb022a114084029113177647d8ddf"",""modulation_padding_bits"":0,""mother_bits"":2912,""n"":1088,""n_cb"":2800,""n_cb_comp"":2688,""power_protocol"":""fixed_constellation_average_Es2"",""puncturing_bits"":1712,""puncturing_first_2Z"":112,""puncturing_remaining"":1600,""repetition_bits"":0,""scrambling"":""public_PCG64_SHA256_protocol_session_frame_group_counter_after_rate_matching_v1"",""shortening_bits"":112,""z"":56}",[1024]
QPSK,1/3,QPSK:r1/3,eae88025fa6282154635893e1b6cb26cbf47472239779678197a3edc9aefab76,300,16,0,316,400,84,2080,1328,664,0,0.23795180722891565,0.22590361445783133,"{""actual_effective_rate"":0.23795180722891565,""bg"":""bg2"",""bit_mapping"":""component_Gray_00_-3_01_-1_10_3_11_1_over_sqrt5;QPSK_0_plus1_1_minus1"",""code_blocks"":1,""decoder_config"":{""cn_schedule"":""flooding"",""cn_update"":""boxplus-phi"",""early_stop"":false,""hard_out"":true,""harq_mode"":false,""llr_max"":20.0,""num_iter"":20,""precision"":""single"",""prune_pcm"":true,""return_infobits"":true,""vn_update"":""sum""},""implementation"":{""bit_mapping"":""component_Gray_00_-3_01_-1_10_3_11_1_over_sqrt5;QPSK_0_plus1_1_minus1"",""cuda"":""12.8"",""decoder"":{""cn_schedule"":""flooding"",""cn_update"":""boxplus-phi"",""early_stop"":false,""hard_out"":true,""harq_mode"":false,""llr_max"":20.0,""num_iter"":20,""precision"":""single"",""prune_pcm"":true,""return_infobits"":true,""vn_update"":""sum""},""decoder_source_sha256"":""44d84b92b749e2970f94d92cd348a11648e2286b4d851faa0af8b21d08f0da23"",""encoder_source_sha256"":""34d8db6660b2e84708a8fb534f63c194f6f2b964e3693fcffc9dcaf21532ccfd"",""implementation"":""Sionna_5G_LDPC"",""power_protocol"":""fixed_constellation_average_Es2"",""precision"":""float32"",""rate_matching"":""Sionna RV0; filler removal, first2Z and tail puncturing; supported n only"",""scrambling"":""public_PCG64_SHA256_protocol_session_frame_group_counter_after_rate_matching_v1"",""torch"":""2.11.0+cu128"",""version"":""2.2.0""},""interleaver_sha256"":""2a2fde2ca5fa22d5c62178de0a367680c97a394ee6eab27710a987b971bc4b7d"",""k"":316,""k_filler"":84,""k_ldpc"":400,""layout_id"":""db20fb1d72969e44faf1d433b3ddc08f9e0faaf97e731cd5c97ea3c51b51982c"",""modulation_padding_bits"":0,""mother_bits"":2080,""n"":1328,""n_cb"":2000,""n_cb_comp"":1916,""power_protocol"":""fixed_constellation_average_Es2"",""puncturing_bits"":668,""puncturing_first_2Z"":80,""puncturing_remaining"":588,""repetition_bits"":0,""scrambling"":""public_PCG64_SHA256_protocol_session_frame_group_counter_after_rate_matching_v1"",""shortening_bits"":84,""z"":40}",[2048]
QPSK,5/6,QPSK:r5/6,eaf548a1b5e00bac086b260e08d6ec7efe8cc15eca974977ef462d2f4dc702b4,1092,16,0,1108,1144,36,3536,1406,703,0,0.7880512091038406,0.7766714082503556,"{""actual_effective_rate"":0.7880512091038406,""bg"":""bg1"",""bit_mapping"":""component_Gray_00_-3_01_-1_10_3_11_1_over_sqrt5;QPSK_0_plus1_1_minus1"",""code_blocks"":1,""decoder_config"":{""cn_schedule"":""flooding"",""cn_update"":""boxplus-phi"",""early_stop"":false,""hard_out"":true,""harq_mode"":false,""llr_max"":20.0,""num_iter"":20,""precision"":""single"",""prune_pcm"":true,""return_infobits"":true,""vn_update"":""sum""},""implementation"":{""bit_mapping"":""component_Gray_00_-3_01_-1_10_3_11_1_over_sqrt5;QPSK_0_plus1_1_minus1"",""cuda"":""12.8"",""decoder"":{""cn_schedule"":""flooding"",""cn_update"":""boxplus-phi"",""early_stop"":false,""hard_out"":true,""harq_mode"":false,""llr_max"":20.0,""num_iter"":20,""precision"":""single"",""prune_pcm"":true,""return_infobits"":true,""vn_update"":""sum""},""decoder_source_sha256"":""44d84b92b749e2970f94d92cd348a11648e2286b4d851faa0af8b21d08f0da23"",""encoder_source_sha256"":""34d8db6660b2e84708a8fb534f63c194f6f2b964e3693fcffc9dcaf21532ccfd"",""implementation"":""Sionna_5G_LDPC"",""power_protocol"":""fixed_constellation_average_Es2"",""precision"":""float32"",""rate_matching"":""Sionna RV0; filler removal, first2Z and tail puncturing; supported n only"",""scrambling"":""public_PCG64_SHA256_protocol_session_frame_group_counter_after_rate_matching_v1"",""torch"":""2.11.0+cu128"",""version"":""2.2.0""},""interleaver_sha256"":""21f8d555ff04ea2a8f2553c5f0b028dc238cfa2d66ccd63403887dee0408c4bd"",""k"":1108,""k_filler"":36,""k_ldpc"":1144,""layout_id"":""b59b184cab39b8d82ee87e2e6851338dffdb6f832735778feb218518d7e8beca"",""modulation_padding_bits"":0,""mother_bits"":3536,""n"":1406,""n_cb"":3432,""n_cb_comp"":3396,""power_protocol"":""fixed_constellation_average_Es2"",""puncturing_bits"":2094,""puncturing_first_2Z"":104,""puncturing_remaining"":1990,""repetition_bits"":0,""scrambling"":""public_PCG64_SHA256_protocol_session_frame_group_counter_after_rate_matching_v1"",""shortening_bits"":36,""z"":52}",[1024]
16QAM,2/3,16QAM:r2/3,eafd81b24798b3965bf0ba7f2ad4d74f8fdc20396af711d4442c87b3225cccd3,360,16,0,376,480,104,2496,908,227,0,0.41409691629955947,0.3964757709251101,"{""actual_effective_rate"":0.41409691629955947,""bg"":""bg2"",""bit_mapping"":""component_Gray_00_-3_01_-1_10_3_11_1_over_sqrt5;QPSK_0_plus1_1_minus1"",""code_blocks"":1,""decoder_config"":{""cn_schedule"":""flooding"",""cn_update"":""boxplus-phi"",""early_stop"":false,""hard_out"":true,""harq_mode"":false,""llr_max"":20.0,""num_iter"":20,""precision"":""single"",""prune_pcm"":true,""return_infobits"":true,""vn_update"":""sum""},""implementation"":{""bit_mapping"":""component_Gray_00_-3_01_-1_10_3_11_1_over_sqrt5;QPSK_0_plus1_1_minus1"",""cuda"":""12.8"",""decoder"":{""cn_schedule"":""flooding"",""cn_update"":""boxplus-phi"",""early_stop"":false,""hard_out"":true,""harq_mode"":false,""llr_max"":20.0,""num_iter"":20,""precision"":""single"",""prune_pcm"":true,""return_infobits"":true,""vn_update"":""sum""},""decoder_source_sha256"":""44d84b92b749e2970f94d92cd348a11648e2286b4d851faa0af8b21d08f0da23"",""encoder_source_sha256"":""34d8db6660b2e84708a8fb534f63c194f6f2b964e3693fcffc9dcaf21532ccfd"",""implementation"":""Sionna_5G_LDPC"",""power_protocol"":""fixed_constellation_average_Es2"",""precision"":""float32"",""rate_matching"":""Sionna RV0; filler removal, first2Z and tail puncturing; supported n only"",""scrambling"":""public_PCG64_SHA256_protocol_session_frame_group_counter_after_rate_matching_v1"",""torch"":""2.11.0+cu128"",""version"":""2.2.0""},""interleaver_sha256"":""ae74c8544cb3b254a2025db2b563d77f1b44fd0b636d1369b0d8f34355543334"",""k"":376,""k_filler"":104,""k_ldpc"":480,""layout_id"":""8ec85b54d3ccd77a5d955e79a1004af2442418beeb937e342f39a1c1ac9b246b"",""modulation_padding_bits"":0,""mother_bits"":2496,""n"":908,""n_cb"":2400,""n_cb_comp"":2296,""power_protocol"":""fixed_constellation_average_Es2"",""puncturing_bits"":1484,""puncturing_first_2Z"":96,""puncturing_remaining"":1388,""repetition_bits"":0,""scrambling"":""public_PCG64_SHA256_protocol_session_frame_group_counter_after_rate_matching_v1"",""shortening_bits"":104,""z"":48}","[1024,2048]"
16QAM,1/2,16QAM:r1/2,eb0131a6e116138da8bf1ab7a588e8a0ac845d699123bb4d3dc5436fe282e9db,1860,16,0,1876,1920,44,9984,6496,1624,0,0.28879310344827586,0.28633004926108374,"{""actual_effective_rate"":0.28879310344827586,""bg"":""bg2"",""bit_mapping"":""component_Gray_00_-3_01_-1_10_3_11_1_over_sqrt5;QPSK_0_plus1_1_minus1"",""code_blocks"":1,""decoder_config"":{""cn_schedule"":""flooding"",""cn_update"":""boxplus-phi"",""early_stop"":false,""hard_out"":true,""harq_mode"":false,""llr_max"":20.0,""num_iter"":20,""precision"":""single"",""prune_pcm"":true,""return_infobits"":true,""vn_update"":""sum""},""implementation"":{""bit_mapping"":""component_Gray_00_-3_01_-1_10_3_11_1_over_sqrt5;QPSK_0_plus1_1_minus1"",""cuda"":""12.8"",""decoder"":{""cn_schedule"":""flooding"",""cn_update"":""boxplus-phi"",""early_stop"":false,""hard_out"":true,""harq_mode"":false,""llr_max"":20.0,""num_iter"":20,""precision"":""single"",""prune_pcm"":true,""return_infobits"":true,""vn_update"":""sum""},""decoder_source_sha256"":""44d84b92b749e2970f94d92cd348a11648e2286b4d851faa0af8b21d08f0da23"",""encoder_source_sha256"":""34d8db6660b2e84708a8fb534f63c194f6f2b964e3693fcffc9dcaf21532ccfd"",""implementation"":""Sionna_5G_LDPC"",""power_protocol"":""fixed_constellation_average_Es2"",""precision"":""float32"",""rate_matching"":""Sionna RV0; filler removal, first2Z and tail puncturing; supported n only"",""scrambling"":""public_PCG64_SHA256_protocol_session_frame_group_counter_after_rate_matching_v1"",""torch"":""2.11.0+cu128"",""version"":""2.2.0""},""interleaver_sha256"":""c2a1c498721fc867ce899a4b795a833d3ed36ab44ea5682d2bc87e83467f6e4d"",""k"":1876,""k_filler"":44,""k_ldpc"":1920,""layout_id"":""e03fe77979d9e5a13c39b803ce9ee2a1c1d9635d3a31388d7c28f2e65f9435bb"",""modulation_padding_bits"":0,""mother_bits"":9984,""n"":6496,""n_cb"":9600,""n_cb_comp"":9556,""power_protocol"":""fixed_constellation_average_Es2"",""puncturing_bits"":3444,""puncturing_first_2Z"":384,""puncturing_remaining"":3060,""repetition_bits"":0,""scrambling"":""public_PCG64_SHA256_protocol_session_frame_group_counter_after_rate_matching_v1"",""shortening_bits"":44,""z"":192}",[2048]
QPSK,1/3,QPSK:r1/3,eb097e2ff824cd330f75dc9f0ad4b136ef9650265f384c362b41bc7086440522,360,16,0,376,480,104,2496,1732,866,0,0.21709006928406466,0.20785219399538107,"{""actual_effective_rate"":0.21709006928406466,""bg"":""bg2"",""bit_mapping"":""component_Gray_00_-3_01_-1_10_3_11_1_over_sqrt5;QPSK_0_plus1_1_minus1"",""code_blocks"":1,""decoder_config"":{""cn_schedule"":""flooding"",""cn_update"":""boxplus-phi"",""early_stop"":false,""hard_out"":true,""harq_mode"":false,""llr_max"":20.0,""num_iter"":20,""precision"":""single"",""prune_pcm"":true,""return_infobits"":true,""vn_update"":""sum""},""implementation"":{""bit_mapping"":""component_Gray_00_-3_01_-1_10_3_11_1_over_sqrt5;QPSK_0_plus1_1_minus1"",""cuda"":""12.8"",""decoder"":{""cn_schedule"":""flooding"",""cn_update"":""boxplus-phi"",""early_stop"":false,""hard_out"":true,""harq_mode"":false,""llr_max"":20.0,""num_iter"":20,""precision"":""single"",""prune_pcm"":true,""return_infobits"":true,""vn_update"":""sum""},""decoder_source_sha256"":""44d84b92b749e2970f94d92cd348a11648e2286b4d851faa0af8b21d08f0da23"",""encoder_source_sha256"":""34d8db6660b2e84708a8fb534f63c194f6f2b964e3693fcffc9dcaf21532ccfd"",""implementation"":""Sionna_5G_LDPC"",""power_protocol"":""fixed_constellation_average_Es2"",""precision"":""float32"",""rate_matching"":""Sionna RV0; filler removal, first2Z and tail puncturing; supported n only"",""scrambling"":""public_PCG64_SHA256_protocol_session_frame_group_counter_after_rate_matching_v1"",""torch"":""2.11.0+cu128"",""version"":""2.2.0""},""interleaver_sha256"":""0b0b4de733967d051ffe62335618aadae8be366b7af3c61dce687ed10a13fd96"",""k"":376,""k_filler"":104,""k_ldpc"":480,""layout_id"":""79d274308e72254192651325452289747da05599333f9800d5e1e9851f32d1ca"",""modulation_padding_bits"":0,""mother_bits"":2496,""n"":1732,""n_cb"":2400,""n_cb_comp"":2296,""power_protocol"":""fixed_constellation_average_Es2"",""puncturing_bits"":660,""puncturing_first_2Z"":96,""puncturing_remaining"":564,""repetition_bits"":0,""scrambling"":""public_PCG64_SHA256_protocol_session_frame_group_counter_after_rate_matching_v1"",""shortening_bits"":104,""z"":48}",[1024]
16QAM,1/3,16QAM:r1/3,eb0ee096333531e26ff121b57e89a6e2f37b200389733d80d8d00a640d2c47c4,660,16,0,676,720,44,3744,2904,726,0,0.2327823691460055,0.22727272727272727,"{""actual_effective_rate"":0.2327823691460055,""bg"":""bg2"",""bit_mapping"":""component_Gray_00_-3_01_-1_10_3_11_1_over_sqrt5;QPSK_0_plus1_1_minus1"",""code_blocks"":1,""decoder_config"":{""cn_schedule"":""flooding"",""cn_update"":""boxplus-phi"",""early_stop"":false,""hard_out"":true,""harq_mode"":false,""llr_max"":20.0,""num_iter"":20,""precision"":""single"",""prune_pcm"":true,""return_infobits"":true,""vn_update"":""sum""},""implementation"":{""bit_mapping"":""component_Gray_00_-3_01_-1_10_3_11_1_over_sqrt5;QPSK_0_plus1_1_minus1"",""cuda"":""12.8"",""decoder"":{""cn_schedule"":""flooding"",""cn_update"":""boxplus-phi"",""early_stop"":false,""hard_out"":true,""harq_mode"":false,""llr_max"":20.0,""num_iter"":20,""precision"":""single"",""prune_pcm"":true,""return_infobits"":true,""vn_update"":""sum""},""decoder_source_sha256"":""44d84b92b749e2970f94d92cd348a11648e2286b4d851faa0af8b21d08f0da23"",""encoder_source_sha256"":""34d8db6660b2e84708a8fb534f63c194f6f2b964e3693fcffc9dcaf21532ccfd"",""implementation"":""Sionna_5G_LDPC"",""power_protocol"":""fixed_constellation_average_Es2"",""precision"":""float32"",""rate_matching"":""Sionna RV0; filler removal, first2Z and tail puncturing; supported n only"",""scrambling"":""public_PCG64_SHA256_protocol_session_frame_group_counter_after_rate_matching_v1"",""torch"":""2.11.0+cu128"",""version"":""2.2.0""},""interleaver_sha256"":""db06f4bf9963292d075828380d3655d342d66d847c81c23e188345693982857e"",""k"":676,""k_filler"":44,""k_ldpc"":720,""layout_id"":""b02ac738ce621ddb2499dead4f1d082164708fef76e791de5fb7e5a3582d838a"",""modulation_padding_bits"":0,""mother_bits"":3744,""n"":2904,""n_cb"":3600,""n_cb_comp"":3556,""power_protocol"":""fixed_constellation_average_Es2"",""puncturing_bits"":796,""puncturing_first_2Z"":144,""puncturing_remaining"":652,""repetition_bits"":0,""scrambling"":""public_PCG64_SHA256_protocol_session_frame_group_counter_after_rate_matching_v1"",""shortening_bits"":44,""z"":72}",[2048]
16QAM,1/3,16QAM:r1/3,eb1a7632dea96504327df5dcd1a66e466d0b2cc13ce8981de9eae12386da053e,2160,16,0,2176,2240,64,11648,6528,1632,0,0.3333333333333333,0.33088235294117646,"{""actual_effective_rate"":0.3333333333333333,""bg"":""bg2"",""bit_mapping"":""component_Gray_00_-3_01_-1_10_3_11_1_over_sqrt5;QPSK_0_plus1_1_minus1"",""code_blocks"":1,""decoder_config"":{""cn_schedule"":""flooding"",""cn_update"":""boxplus-phi"",""early_stop"":false,""hard_out"":true,""harq_mode"":false,""llr_max"":20.0,""num_iter"":20,""precision"":""single"",""prune_pcm"":true,""return_infobits"":true,""vn_update"":""sum""},""implementation"":{""bit_mapping"":""component_Gray_00_-3_01_-1_10_3_11_1_over_sqrt5;QPSK_0_plus1_1_minus1"",""cuda"":""12.8"",""decoder"":{""cn_schedule"":""flooding"",""cn_update"":""boxplus-phi"",""early_stop"":false,""hard_out"":true,""harq_mode"":false,""llr_max"":20.0,""num_iter"":20,""precision"":""single"",""prune_pcm"":true,""return_infobits"":true,""vn_update"":""sum""},""decoder_source_sha256"":""44d84b92b749e2970f94d92cd348a11648e2286b4d851faa0af8b21d08f0da23"",""encoder_source_sha256"":""34d8db6660b2e84708a8fb534f63c194f6f2b964e3693fcffc9dcaf21532ccfd"",""implementation"":""Sionna_5G_LDPC"",""power_protocol"":""fixed_constellation_average_Es2"",""precision"":""float32"",""rate_matching"":""Sionna RV0; filler removal, first2Z and tail puncturing; supported n only"",""scrambling"":""public_PCG64_SHA256_protocol_session_frame_group_counter_after_rate_matching_v1"",""torch"":""2.11.0+cu128"",""version"":""2.2.0""},""interleaver_sha256"":""9a35a816f6e494b88977753223d2ce4aec43675c76e5a4bfa08712895b50ee47"",""k"":2176,""k_filler"":64,""k_ldpc"":2240,""layout_id"":""a15957266e51f779da5dc64449aeff2c89271d6f10bc042aed2e66cdac64592a"",""modulation_padding_bits"":0,""mother_bits"":11648,""n"":6528,""n_cb"":11200,""n_cb_comp"":11136,""power_protocol"":""fixed_constellation_average_Es2"",""puncturing_bits"":5056,""puncturing_first_2Z"":448,""puncturing_remaining"":4608,""repetition_bits"":0,""scrambling"":""public_PCG64_SHA256_protocol_session_frame_group_counter_after_rate_matching_v1"",""shortening_bits"":64,""z"":224}",[2048]
QPSK,2/3,QPSK:r2/3,eb26fb6c31af6eacd2d9f57bdebf7684addfcb2d1bcd22e85b7a3e267515a939,108,16,0,124,220,96,1144,326,163,0,0.3803680981595092,0.3312883435582822,"{""actual_effective_rate"":0.3803680981595092,""bg"":""bg2"",""bit_mapping"":""component_Gray_00_-3_01_-1_10_3_11_1_over_sqrt5;QPSK_0_plus1_1_minus1"",""code_blocks"":1,""decoder_config"":{""cn_schedule"":""flooding"",""cn_update"":""boxplus-phi"",""early_stop"":false,""hard_out"":true,""harq_mode"":false,""llr_max"":20.0,""num_iter"":20,""precision"":""single"",""prune_pcm"":true,""return_infobits"":true,""vn_update"":""sum""},""implementation"":{""bit_mapping"":""component_Gray_00_-3_01_-1_10_3_11_1_over_sqrt5;QPSK_0_plus1_1_minus1"",""cuda"":""12.8"",""decoder"":{""cn_schedule"":""flooding"",""cn_update"":""boxplus-phi"",""early_stop"":false,""hard_out"":true,""harq_mode"":false,""llr_max"":20.0,""num_iter"":20,""precision"":""single"",""prune_pcm"":true,""return_infobits"":true,""vn_update"":""sum""},""decoder_source_sha256"":""44d84b92b749e2970f94d92cd348a11648e2286b4d851faa0af8b21d08f0da23"",""encoder_source_sha256"":""34d8db6660b2e84708a8fb534f63c194f6f2b964e3693fcffc9dcaf21532ccfd"",""implementation"":""Sionna_5G_LDPC"",""power_protocol"":""fixed_constellation_average_Es2"",""precision"":""float32"",""rate_matching"":""Sionna RV0; filler removal, first2Z and tail puncturing; supported n only"",""scrambling"":""public_PCG64_SHA256_protocol_session_frame_group_counter_after_rate_matching_v1"",""torch"":""2.11.0+cu128"",""version"":""2.2.0""},""interleaver_sha256"":""e4cb50556ecdb0418823a2f2ddbc3501b949a7cf518b986a67285eaac77e8013"",""k"":124,""k_filler"":96,""k_ldpc"":220,""layout_id"":""145cdf7d20609a3a3942bef1eebafde4c8e1ef804c57ca77ae33b7afdbf138d8"",""modulation_padding_bits"":0,""mother_bits"":1144,""n"":326,""n_cb"":1100,""n_cb_comp"":1004,""power_protocol"":""fixed_constellation_average_Es2"",""puncturing_bits"":722,""puncturing_first_2Z"":44,""puncturing_remaining"":678,""repetition_bits"":0,""scrambling"":""public_PCG64_SHA256_protocol_session_frame_group_counter_after_rate_matching_v1"",""shortening_bits"":96,""z"":22}",[1024]
QPSK,5/6,QPSK:r5/6,eb2fec1f63bc9671f021561f11778a13d592c443b4a49ad7075fa80abaffd3a2,660,16,0,676,704,28,2176,812,406,0,0.8325123152709359,0.812807881773399,"{""actual_effective_rate"":0.8325123152709359,""bg"":""bg1"",""bit_mapping"":""component_Gray_00_-3_01_-1_10_3_11_1_over_sqrt5;QPSK_0_plus1_1_minus1"",""code_blocks"":1,""decoder_config"":{""cn_schedule"":""flooding"",""cn_update"":""boxplus-phi"",""early_stop"":false,""hard_out"":true,""harq_mode"":false,""llr_max"":20.0,""num_iter"":20,""precision"":""single"",""prune_pcm"":true,""return_infobits"":true,""vn_update"":""sum""},""implementation"":{""bit_mapping"":""component_Gray_00_-3_01_-1_10_3_11_1_over_sqrt5;QPSK_0_plus1_1_minus1"",""cuda"":""12.8"",""decoder"":{""cn_schedule"":""flooding"",""cn_update"":""boxplus-phi"",""early_stop"":false,""hard_out"":true,""harq_mode"":false,""llr_max"":20.0,""num_iter"":20,""precision"":""single"",""prune_pcm"":true,""return_infobits"":true,""vn_update"":""sum""},""decoder_source_sha256"":""44d84b92b749e2970f94d92cd348a11648e2286b4d851faa0af8b21d08f0da23"",""encoder_source_sha256"":""34d8db6660b2e84708a8fb534f63c194f6f2b964e3693fcffc9dcaf21532ccfd"",""implementation"":""Sionna_5G_LDPC"",""power_protocol"":""fixed_constellation_average_Es2"",""precision"":""float32"",""rate_matching"":""Sionna RV0; filler removal, first2Z and tail puncturing; supported n only"",""scrambling"":""public_PCG64_SHA256_protocol_session_frame_group_counter_after_rate_matching_v1"",""torch"":""2.11.0+cu128"",""version"":""2.2.0""},""interleaver_sha256"":""92023847348681460240d30e88b2ce15334ab6b87de6e0e21fddbe145008732f"",""k"":676,""k_filler"":28,""k_ldpc"":704,""layout_id"":""3854f7afbace258e2a1c4b062e1fb1f645844d86631f2de59954f4170cbeae21"",""modulation_padding_bits"":0,""mother_bits"":2176,""n"":812,""n_cb"":2112,""n_cb_comp"":2084,""power_protocol"":""fixed_constellation_average_Es2"",""puncturing_bits"":1336,""puncturing_first_2Z"":64,""puncturing_remaining"":1272,""repetition_bits"":0,""scrambling"":""public_PCG64_SHA256_protocol_session_frame_group_counter_after_rate_matching_v1"",""shortening_bits"":28,""z"":32}","[1024,2048]"
16QAM,5/6,16QAM:r5/6,eb36695d052d08dec2511397f1a19855158bf6a5287ed3ed833f04a3243f956c,216,16,0,232,300,68,1560,460,115,0,0.5043478260869565,0.46956521739130436,"{""actual_effective_rate"":0.5043478260869565,""bg"":""bg2"",""bit_mapping"":""component_Gray_00_-3_01_-1_10_3_11_1_over_sqrt5;QPSK_0_plus1_1_minus1"",""code_blocks"":1,""decoder_config"":{""cn_schedule"":""flooding"",""cn_update"":""boxplus-phi"",""early_stop"":false,""hard_out"":true,""harq_mode"":false,""llr_max"":20.0,""num_iter"":20,""precision"":""single"",""prune_pcm"":true,""return_infobits"":true,""vn_update"":""sum""},""implementation"":{""bit_mapping"":""component_Gray_00_-3_01_-1_10_3_11_1_over_sqrt5;QPSK_0_plus1_1_minus1"",""cuda"":""12.8"",""decoder"":{""cn_schedule"":""flooding"",""cn_update"":""boxplus-phi"",""early_stop"":false,""hard_out"":true,""harq_mode"":false,""llr_max"":20.0,""num_iter"":20,""precision"":""single"",""prune_pcm"":true,""return_infobits"":true,""vn_update"":""sum""},""decoder_source_sha256"":""44d84b92b749e2970f94d92cd348a11648e2286b4d851faa0af8b21d08f0da23"",""encoder_source_sha256"":""34d8db6660b2e84708a8fb534f63c194f6f2b964e3693fcffc9dcaf21532ccfd"",""implementation"":""Sionna_5G_LDPC"",""power_protocol"":""fixed_constellation_average_Es2"",""precision"":""float32"",""rate_matching"":""Sionna RV0; filler removal, first2Z and tail puncturing; supported n only"",""scrambling"":""public_PCG64_SHA256_protocol_session_frame_group_counter_after_rate_matching_v1"",""torch"":""2.11.0+cu128"",""version"":""2.2.0""},""interleaver_sha256"":""da96cd9ac9d16c58cf13c1e20f2701a34e86d26b36a5d0822122ce933a9c0774"",""k"":232,""k_filler"":68,""k_ldpc"":300,""layout_id"":""34d9fc83e143dcb7fb3213cf2b31965eca76863f45c8b428c9157d196eeb6770"",""modulation_padding_bits"":0,""mother_bits"":1560,""n"":460,""n_cb"":1500,""n_cb_comp"":1432,""power_protocol"":""fixed_constellation_average_Es2"",""puncturing_bits"":1032,""puncturing_first_2Z"":60,""puncturing_remaining"":972,""repetition_bits"":0,""scrambling"":""public_PCG64_SHA256_protocol_session_frame_group_counter_after_rate_matching_v1"",""shortening_bits"":68,""z"":30}",[1024]
QPSK,5/6,QPSK:r5/6,eb3d4ea28ff3f870d05fa58edc683ed56ef8b4bdae4e7c31cd3854f4ceea02eb,660,16,0,676,720,44,3744,1650,825,0,0.40969696969696967,0.4,"{""actual_effective_rate"":0.40969696969696967,""bg"":""bg2"",""bit_mapping"":""component_Gray_00_-3_01_-1_10_3_11_1_over_sqrt5;QPSK_0_plus1_1_minus1"",""code_blocks"":1,""decoder_config"":{""cn_schedule"":""flooding"",""cn_update"":""boxplus-phi"",""early_stop"":false,""hard_out"":true,""harq_mode"":false,""llr_max"":20.0,""num_iter"":20,""precision"":""single"",""prune_pcm"":true,""return_infobits"":true,""vn_update"":""sum""},""implementation"":{""bit_mapping"":""component_Gray_00_-3_01_-1_10_3_11_1_over_sqrt5;QPSK_0_plus1_1_minus1"",""cuda"":""12.8"",""decoder"":{""cn_schedule"":""flooding"",""cn_update"":""boxplus-phi"",""early_stop"":false,""hard_out"":true,""harq_mode"":false,""llr_max"":20.0,""num_iter"":20,""precision"":""single"",""prune_pcm"":true,""return_infobits"":true,""vn_update"":""sum""},""decoder_source_sha256"":""44d84b92b749e2970f94d92cd348a11648e2286b4d851faa0af8b21d08f0da23"",""encoder_source_sha256"":""34d8db6660b2e84708a8fb534f63c194f6f2b964e3693fcffc9dcaf21532ccfd"",""implementation"":""Sionna_5G_LDPC"",""power_protocol"":""fixed_constellation_average_Es2"",""precision"":""float32"",""rate_matching"":""Sionna RV0; filler removal, first2Z and tail puncturing; supported n only"",""scrambling"":""public_PCG64_SHA256_protocol_session_frame_group_counter_after_rate_matching_v1"",""torch"":""2.11.0+cu128"",""version"":""2.2.0""},""interleaver_sha256"":""ba02391a87240d9b8e0acbb74dd15f4881b5d7876aa26ba2e51d48083f21b13c"",""k"":676,""k_filler"":44,""k_ldpc"":720,""layout_id"":""a30e49685c5b215dc1db58374cd26dfec74737c6da4d9d7ebda4a20e5619bc5b"",""modulation_padding_bits"":0,""mother_bits"":3744,""n"":1650,""n_cb"":3600,""n_cb_comp"":3556,""power_protocol"":""fixed_constellation_average_Es2"",""puncturing_bits"":2050,""puncturing_first_2Z"":144,""puncturing_remaining"":1906,""repetition_bits"":0,""scrambling"":""public_PCG64_SHA256_protocol_session_frame_group_counter_after_rate_matching_v1"",""shortening_bits"":44,""z"":72}",[2048]
16QAM,2/3,16QAM:r2/3,eb44616924251480ce5a7d088f7b0c95751f714d081878d8f209cbf9193a5b22,660,16,0,676,720,44,3744,1500,375,0,0.45066666666666666,0.44,"{""actual_effective_rate"":0.45066666666666666,""bg"":""bg2"",""bit_mapping"":""component_Gray_00_-3_01_-1_10_3_11_1_over_sqrt5;QPSK_0_plus1_1_minus1"",""code_blocks"":1,""decoder_config"":{""cn_schedule"":""flooding"",""cn_update"":""boxplus-phi"",""early_stop"":false,""hard_out"":true,""harq_mode"":false,""llr_max"":20.0,""num_iter"":20,""precision"":""single"",""prune_pcm"":true,""return_infobits"":true,""vn_update"":""sum""},""implementation"":{""bit_mapping"":""component_Gray_00_-3_01_-1_10_3_11_1_over_sqrt5;QPSK_0_plus1_1_minus1"",""cuda"":""12.8"",""decoder"":{""cn_schedule"":""flooding"",""cn_update"":""boxplus-phi"",""early_stop"":false,""hard_out"":true,""harq_mode"":false,""llr_max"":20.0,""num_iter"":20,""precision"":""single"",""prune_pcm"":true,""return_infobits"":true,""vn_update"":""sum""},""decoder_source_sha256"":""44d84b92b749e2970f94d92cd348a11648e2286b4d851faa0af8b21d08f0da23"",""encoder_source_sha256"":""34d8db6660b2e84708a8fb534f63c194f6f2b964e3693fcffc9dcaf21532ccfd"",""implementation"":""Sionna_5G_LDPC"",""power_protocol"":""fixed_constellation_average_Es2"",""precision"":""float32"",""rate_matching"":""Sionna RV0; filler removal, first2Z and tail puncturing; supported n only"",""scrambling"":""public_PCG64_SHA256_protocol_session_frame_group_counter_after_rate_matching_v1"",""torch"":""2.11.0+cu128"",""version"":""2.2.0""},""interleaver_sha256"":""e0c18c5172ee1ee0d26432297516c313cb97418cb76bb9d9d5e3d1f710a1e818"",""k"":676,""k_filler"":44,""k_ldpc"":720,""layout_id"":""8893fc2e31a3e9694cc143354682aeb1b4298b68ba725b3c1be65cb2bf7904e9"",""modulation_padding_bits"":0,""mother_bits"":3744,""n"":1500,""n_cb"":3600,""n_cb_comp"":3556,""power_protocol"":""fixed_constellation_average_Es2"",""puncturing_bits"":2200,""puncturing_first_2Z"":144,""puncturing_remaining"":2056,""repetition_bits"":0,""scrambling"":""public_PCG64_SHA256_protocol_session_frame_group_counter_after_rate_matching_v1"",""shortening_bits"":44,""z"":72}",[2048]
QPSK,5/6,QPSK:r5/6,eb4f427f4d345c96b20e7b95e33e3da105aa617b2462583bbaede6ebd4d6c108,1092,16,0,1108,1144,36,3536,1420,710,0,0.780281690140845,0.7690140845070422,"{""actual_effective_rate"":0.780281690140845,""bg"":""bg1"",""bit_mapping"":""component_Gray_00_-3_01_-1_10_3_11_1_over_sqrt5;QPSK_0_plus1_1_minus1"",""code_blocks"":1,""decoder_config"":{""cn_schedule"":""flooding"",""cn_update"":""boxplus-phi"",""early_stop"":false,""hard_out"":true,""harq_mode"":false,""llr_max"":20.0,""num_iter"":20,""precision"":""single"",""prune_pcm"":true,""return_infobits"":true,""vn_update"":""sum""},""implementation"":{""bit_mapping"":""component_Gray_00_-3_01_-1_10_3_11_1_over_sqrt5;QPSK_0_plus1_1_minus1"",""cuda"":""12.8"",""decoder"":{""cn_schedule"":""flooding"",""cn_update"":""boxplus-phi"",""early_stop"":false,""hard_out"":true,""harq_mode"":false,""llr_max"":20.0,""num_iter"":20,""precision"":""single"",""prune_pcm"":true,""return_infobits"":true,""vn_update"":""sum""},""decoder_source_sha256"":""44d84b92b749e2970f94d92cd348a11648e2286b4d851faa0af8b21d08f0da23"",""encoder_source_sha256"":""34d8db6660b2e84708a8fb534f63c194f6f2b964e3693fcffc9dcaf21532ccfd"",""implementation"":""Sionna_5G_LDPC"",""power_protocol"":""fixed_constellation_average_Es2"",""precision"":""float32"",""rate_matching"":""Sionna RV0; filler removal, first2Z and tail puncturing; supported n only"",""scrambling"":""public_PCG64_SHA256_protocol_session_frame_group_counter_after_rate_matching_v1"",""torch"":""2.11.0+cu128"",""version"":""2.2.0""},""interleaver_sha256"":""6a9c595fb51d16146f9d1920e9d8167a312e43683c842524e11e248807a02a06"",""k"":1108,""k_filler"":36,""k_ldpc"":1144,""layout_id"":""23c83af7a7535458e7e45cfc69f5a18eb0338168c331e9d150e24a49d45aa0d7"",""modulation_padding_bits"":0,""mother_bits"":3536,""n"":1420,""n_cb"":3432,""n_cb_comp"":3396,""power_protocol"":""fixed_constellation_average_Es2"",""puncturing_bits"":2080,""puncturing_first_2Z"":104,""puncturing_remaining"":1976,""repetition_bits"":0,""scrambling"":""public_PCG64_SHA256_protocol_session_frame_group_counter_after_rate_matching_v1"",""shortening_bits"":36,""z"":52}",[2048]
QPSK,1/2,QPSK:r1/2,eb5ad921bd6cd5c4825329187b00c6cfffa147e9e977e1d2ac8e56fbd1240ac6,660,16,0,676,720,44,3744,2710,1355,0,0.24944649446494466,0.24354243542435425,"{""actual_effective_rate"":0.24944649446494466,""bg"":""bg2"",""bit_mapping"":""component_Gray_00_-3_01_-1_10_3_11_1_over_sqrt5;QPSK_0_plus1_1_minus1"",""code_blocks"":1,""decoder_config"":{""cn_schedule"":""flooding"",""cn_update"":""boxplus-phi"",""early_stop"":false,""hard_out"":true,""harq_mode"":false,""llr_max"":20.0,""num_iter"":20,""precision"":""single"",""prune_pcm"":true,""return_infobits"":true,""vn_update"":""sum""},""implementation"":{""bit_mapping"":""component_Gray_00_-3_01_-1_10_3_11_1_over_sqrt5;QPSK_0_plus1_1_minus1"",""cuda"":""12.8"",""decoder"":{""cn_schedule"":""flooding"",""cn_update"":""boxplus-phi"",""early_stop"":false,""hard_out"":true,""harq_mode"":false,""llr_max"":20.0,""num_iter"":20,""precision"":""single"",""prune_pcm"":true,""return_infobits"":true,""vn_update"":""sum""},""decoder_source_sha256"":""44d84b92b749e2970f94d92cd348a11648e2286b4d851faa0af8b21d08f0da23"",""encoder_source_sha256"":""34d8db6660b2e84708a8fb534f63c194f6f2b964e3693fcffc9dcaf21532ccfd"",""implementation"":""Sionna_5G_LDPC"",""power_protocol"":""fixed_constellation_average_Es2"",""precision"":""float32"",""rate_matching"":""Sionna RV0; filler removal, first2Z and tail puncturing; supported n only"",""scrambling"":""public_PCG64_SHA256_protocol_session_frame_group_counter_after_rate_matching_v1"",""torch"":""2.11.0+cu128"",""version"":""2.2.0""},""interleaver_sha256"":""583ca0ab7f2b8c8f39b7136cce8fd0961df610ba29acec5ac86353418000123d"",""k"":676,""k_filler"":44,""k_ldpc"":720,""layout_id"":""74ba7f6c09bb778fc5a932990303e5ffcbff58d7db76c53d348b26c8ae4d8ad1"",""modulation_padding_bits"":0,""mother_bits"":3744,""n"":2710,""n_cb"":3600,""n_cb_comp"":3556,""power_protocol"":""fixed_constellation_average_Es2"",""puncturing_bits"":990,""puncturing_first_2Z"":144,""puncturing_remaining"":846,""repetition_bits"":0,""scrambling"":""public_PCG64_SHA256_protocol_session_frame_group_counter_after_rate_matching_v1"",""shortening_bits"":44,""z"":72}",[2048]
QPSK,2/3,QPSK:r2/3,eb5dd31cbf41ca3aec17e69a757c222f01f0a5a14866ddf692c338860b96cbef,360,16,0,376,480,104,2496,564,282,0,0.6666666666666666,0.6382978723404256,"{""actual_effective_rate"":0.6666666666666666,""bg"":""bg2"",""bit_mapping"":""component_Gray_00_-3_01_-1_10_3_11_1_over_sqrt5;QPSK_0_plus1_1_minus1"",""code_blocks"":1,""decoder_config"":{""cn_schedule"":""flooding"",""cn_update"":""boxplus-phi"",""early_stop"":false,""hard_out"":true,""harq_mode"":false,""llr_max"":20.0,""num_iter"":20,""precision"":""single"",""prune_pcm"":true,""return_infobits"":true,""vn_update"":""sum""},""implementation"":{""bit_mapping"":""component_Gray_00_-3_01_-1_10_3_11_1_over_sqrt5;QPSK_0_plus1_1_minus1"",""cuda"":""12.8"",""decoder"":{""cn_schedule"":""flooding"",""cn_update"":""boxplus-phi"",""early_stop"":false,""hard_out"":true,""harq_mode"":false,""llr_max"":20.0,""num_iter"":20,""precision"":""single"",""prune_pcm"":true,""return_infobits"":true,""vn_update"":""sum""},""decoder_source_sha256"":""44d84b92b749e2970f94d92cd348a11648e2286b4d851faa0af8b21d08f0da23"",""encoder_source_sha256"":""34d8db6660b2e84708a8fb534f63c194f6f2b964e3693fcffc9dcaf21532ccfd"",""implementation"":""Sionna_5G_LDPC"",""power_protocol"":""fixed_constellation_average_Es2"",""precision"":""float32"",""rate_matching"":""Sionna RV0; filler removal, first2Z and tail puncturing; supported n only"",""scrambling"":""public_PCG64_SHA256_protocol_session_frame_group_counter_after_rate_matching_v1"",""torch"":""2.11.0+cu128"",""version"":""2.2.0""},""interleaver_sha256"":""d30155f6a8083304c42740e16a847e7b1512238d0c5061b2ab324e49cf91e0d3"",""k"":376,""k_filler"":104,""k_ldpc"":480,""layout_id"":""ba86767937ffa822dcee8a9c681a89fdc93a91ea7f591aa761bfe5b8f009b527"",""modulation_padding_bits"":0,""mother_bits"":2496,""n"":564,""n_cb"":2400,""n_cb_comp"":2296,""power_protocol"":""fixed_constellation_average_Es2"",""puncturing_bits"":1828,""puncturing_first_2Z"":96,""puncturing_remaining"":1732,""repetition_bits"":0,""scrambling"":""public_PCG64_SHA256_protocol_session_frame_group_counter_after_rate_matching_v1"",""shortening_bits"":104,""z"":48}","[1024,2048]"
16QAM,5/6,16QAM:r5/6,eb6d4e0e59093aa3dd6b610d2c6ecc80dc27e61d5c19a218bf084b1fbd9ee139,660,16,0,676,720,44,3744,2552,638,0,0.26489028213166144,0.25862068965517243,"{""actual_effective_rate"":0.26489028213166144,""bg"":""bg2"",""bit_mapping"":""component_Gray_00_-3_01_-1_10_3_11_1_over_sqrt5;QPSK_0_plus1_1_minus1"",""code_blocks"":1,""decoder_config"":{""cn_schedule"":""flooding"",""cn_update"":""boxplus-phi"",""early_stop"":false,""hard_out"":true,""harq_mode"":false,""llr_max"":20.0,""num_iter"":20,""precision"":""single"",""prune_pcm"":true,""return_infobits"":true,""vn_update"":""sum""},""implementation"":{""bit_mapping"":""component_Gray_00_-3_01_-1_10_3_11_1_over_sqrt5;QPSK_0_plus1_1_minus1"",""cuda"":""12.8"",""decoder"":{""cn_schedule"":""flooding"",""cn_update"":""boxplus-phi"",""early_stop"":false,""hard_out"":true,""harq_mode"":false,""llr_max"":20.0,""num_iter"":20,""precision"":""single"",""prune_pcm"":true,""return_infobits"":true,""vn_update"":""sum""},""decoder_source_sha256"":""44d84b92b749e2970f94d92cd348a11648e2286b4d851faa0af8b21d08f0da23"",""encoder_source_sha256"":""34d8db6660b2e84708a8fb534f63c194f6f2b964e3693fcffc9dcaf21532ccfd"",""implementation"":""Sionna_5G_LDPC"",""power_protocol"":""fixed_constellation_average_Es2"",""precision"":""float32"",""rate_matching"":""Sionna RV0; filler removal, first2Z and tail puncturing; supported n only"",""scrambling"":""public_PCG64_SHA256_protocol_session_frame_group_counter_after_rate_matching_v1"",""torch"":""2.11.0+cu128"",""version"":""2.2.0""},""interleaver_sha256"":""63e1ef63f69b970b93847c1b9425f9f28bb19912831faa8160e6de019c3f855f"",""k"":676,""k_filler"":44,""k_ldpc"":720,""layout_id"":""552a077a3bb8c21e56e01563d5aa7cd703d3c57831d66666aa9a12feae89c4fd"",""modulation_padding_bits"":0,""mother_bits"":3744,""n"":2552,""n_cb"":3600,""n_cb_comp"":3556,""power_protocol"":""fixed_constellation_average_Es2"",""puncturing_bits"":1148,""puncturing_first_2Z"":144,""puncturing_remaining"":1004,""repetition_bits"":0,""scrambling"":""public_PCG64_SHA256_protocol_session_frame_group_counter_after_rate_matching_v1"",""shortening_bits"":44,""z"":72}",[2048]
16QAM,5/6,16QAM:r5/6,eb781c1541d1404f94bb1bd6a40f79afba6e411ef99f164db638db0022d76627,1092,16,0,1108,1120,12,5824,4396,1099,0,0.25204731574158323,0.2484076433121019,"{""actual_effective_rate"":0.25204731574158323,""bg"":""bg2"",""bit_mapping"":""component_Gray_00_-3_01_-1_10_3_11_1_over_sqrt5;QPSK_0_plus1_1_minus1"",""code_blocks"":1,""decoder_config"":{""cn_schedule"":""flooding"",""cn_update"":""boxplus-phi"",""early_stop"":false,""hard_out"":true,""harq_mode"":false,""llr_max"":20.0,""num_iter"":20,""precision"":""single"",""prune_pcm"":true,""return_infobits"":true,""vn_update"":""sum""},""implementation"":{""bit_mapping"":""component_Gray_00_-3_01_-1_10_3_11_1_over_sqrt5;QPSK_0_plus1_1_minus1"",""cuda"":""12.8"",""decoder"":{""cn_schedule"":""flooding"",""cn_update"":""boxplus-phi"",""early_stop"":false,""hard_out"":true,""harq_mode"":false,""llr_max"":20.0,""num_iter"":20,""precision"":""single"",""prune_pcm"":true,""return_infobits"":true,""vn_update"":""sum""},""decoder_source_sha256"":""44d84b92b749e2970f94d92cd348a11648e2286b4d851faa0af8b21d08f0da23"",""encoder_source_sha256"":""34d8db6660b2e84708a8fb534f63c194f6f2b964e3693fcffc9dcaf21532ccfd"",""implementation"":""Sionna_5G_LDPC"",""power_protocol"":""fixed_constellation_average_Es2"",""precision"":""float32"",""rate_matching"":""Sionna RV0; filler removal, first2Z and tail puncturing; supported n only"",""scrambling"":""public_PCG64_SHA256_protocol_session_frame_group_counter_after_rate_matching_v1"",""torch"":""2.11.0+cu128"",""version"":""2.2.0""},""interleaver_sha256"":""e65ea381fe06edaacb0a2b045853c2643e50bf8cf76bf9d02c4bfaa2103c9fc6"",""k"":1108,""k_filler"":12,""k_ldpc"":1120,""layout_id"":""42bcfe29b5eb39549d2ba1e1f8dd5e150f6f360841f5c1af58536638ce5b0026"",""modulation_padding_bits"":0,""mother_bits"":5824,""n"":4396,""n_cb"":5600,""n_cb_comp"":5588,""power_protocol"":""fixed_constellation_average_Es2"",""puncturing_bits"":1416,""puncturing_first_2Z"":224,""puncturing_remaining"":1192,""repetition_bits"":0,""scrambling"":""public_PCG64_SHA256_protocol_session_frame_group_counter_after_rate_matching_v1"",""shortening_bits"":12,""z"":112}",[2048]
QPSK,5/6,QPSK:r5/6,eb7b057e06610ddef7b6ebe62e9b2aac58eb6391bd47b08fa89c728a96d1a1e0,144,16,0,160,280,120,1456,278,139,0,0.5755395683453237,0.5179856115107914,"{""actual_effective_rate"":0.5755395683453237,""bg"":""bg2"",""bit_mapping"":""component_Gray_00_-3_01_-1_10_3_11_1_over_sqrt5;QPSK_0_plus1_1_minus1"",""code_blocks"":1,""decoder_config"":{""cn_schedule"":""flooding"",""cn_update"":""boxplus-phi"",""early_stop"":false,""hard_out"":true,""harq_mode"":false,""llr_max"":20.0,""num_iter"":20,""precision"":""single"",""prune_pcm"":true,""return_infobits"":true,""vn_update"":""sum""},""implementation"":{""bit_mapping"":""component_Gray_00_-3_01_-1_10_3_11_1_over_sqrt5;QPSK_0_plus1_1_minus1"",""cuda"":""12.8"",""decoder"":{""cn_schedule"":""flooding"",""cn_update"":""boxplus-phi"",""early_stop"":false,""hard_out"":true,""harq_mode"":false,""llr_max"":20.0,""num_iter"":20,""precision"":""single"",""prune_pcm"":true,""return_infobits"":true,""vn_update"":""sum""},""decoder_source_sha256"":""44d84b92b749e2970f94d92cd348a11648e2286b4d851faa0af8b21d08f0da23"",""encoder_source_sha256"":""34d8db6660b2e84708a8fb534f63c194f6f2b964e3693fcffc9dcaf21532ccfd"",""implementation"":""Sionna_5G_LDPC"",""power_protocol"":""fixed_constellation_average_Es2"",""precision"":""float32"",""rate_matching"":""Sionna RV0; filler removal, first2Z and tail puncturing; supported n only"",""scrambling"":""public_PCG64_SHA256_protocol_session_frame_group_counter_after_rate_matching_v1"",""torch"":""2.11.0+cu128"",""version"":""2.2.0""},""interleaver_sha256"":""0d43c93436d4d231140a96feb9c13095eb01755a8705ce80e889bc978764ba0e"",""k"":160,""k_filler"":120,""k_ldpc"":280,""layout_id"":""b8a93ad8090ec46331c1d94f699dba2d83de0ca73a9c2ef2741ea14c97acfd98"",""modulation_padding_bits"":0,""mother_bits"":1456,""n"":278,""n_cb"":1400,""n_cb_comp"":1280,""power_protocol"":""fixed_constellation_average_Es2"",""puncturing_bits"":1058,""puncturing_first_2Z"":56,""puncturing_remaining"":1002,""repetition_bits"":0,""scrambling"":""public_PCG64_SHA256_protocol_session_frame_group_counter_after_rate_matching_v1"",""shortening_bits"":120,""z"":28}",[1024]
QPSK,2/3,QPSK:r2/3,eb96b0c4555556a4efcabaef05f8cbaa8cb19e93e2d2c2e5edd6a3d3309da0c3,660,16,0,676,720,44,3744,1166,583,0,0.5797598627787307,0.5660377358490566,"{""actual_effective_rate"":0.5797598627787307,""bg"":""bg2"",""bit_mapping"":""component_Gray_00_-3_01_-1_10_3_11_1_over_sqrt5;QPSK_0_plus1_1_minus1"",""code_blocks"":1,""decoder_config"":{""cn_schedule"":""flooding"",""cn_update"":""boxplus-phi"",""early_stop"":false,""hard_out"":true,""harq_mode"":false,""llr_max"":20.0,""num_iter"":20,""precision"":""single"",""prune_pcm"":true,""return_infobits"":true,""vn_update"":""sum""},""implementation"":{""bit_mapping"":""component_Gray_00_-3_01_-1_10_3_11_1_over_sqrt5;QPSK_0_plus1_1_minus1"",""cuda"":""12.8"",""decoder"":{""cn_schedule"":""flooding"",""cn_update"":""boxplus-phi"",""early_stop"":false,""hard_out"":true,""harq_mode"":false,""llr_max"":20.0,""num_iter"":20,""precision"":""single"",""prune_pcm"":true,""return_infobits"":true,""vn_update"":""sum""},""decoder_source_sha256"":""44d84b92b749e2970f94d92cd348a11648e2286b4d851faa0af8b21d08f0da23"",""encoder_source_sha256"":""34d8db6660b2e84708a8fb534f63c194f6f2b964e3693fcffc9dcaf21532ccfd"",""implementation"":""Sionna_5G_LDPC"",""power_protocol"":""fixed_constellation_average_Es2"",""precision"":""float32"",""rate_matching"":""Sionna RV0; filler removal, first2Z and tail puncturing; supported n only"",""scrambling"":""public_PCG64_SHA256_protocol_session_frame_group_counter_after_rate_matching_v1"",""torch"":""2.11.0+cu128"",""version"":""2.2.0""},""interleaver_sha256"":""0ab07e5ce02d982ab9b571b04e7af20b2f257a93201e7dbc6b4740824148f5d8"",""k"":676,""k_filler"":44,""k_ldpc"":720,""layout_id"":""f65566c102bcede275050ee47eb4fe15ac34fdd5cf9bc4965655ef9d15bddd59"",""modulation_padding_bits"":0,""mother_bits"":3744,""n"":1166,""n_cb"":3600,""n_cb_comp"":3556,""power_protocol"":""fixed_constellation_average_Es2"",""puncturing_bits"":2534,""puncturing_first_2Z"":144,""puncturing_remaining"":2390,""repetition_bits"":0,""scrambling"":""public_PCG64_SHA256_protocol_session_frame_group_counter_after_rate_matching_v1"",""shortening_bits"":44,""z"":72}",[2048]
16QAM,3/4,16QAM:r3/4,eba06778b9ec5fdbaf40b4904e45ccf3d007cc1654d0bc33ae7663ad22fc146f,2400,16,0,2416,2560,144,13312,5400,1350,0,0.4474074074074074,0.4444444444444444,"{""actual_effective_rate"":0.4474074074074074,""bg"":""bg2"",""bit_mapping"":""component_Gray_00_-3_01_-1_10_3_11_1_over_sqrt5;QPSK_0_plus1_1_minus1"",""code_blocks"":1,""decoder_config"":{""cn_schedule"":""flooding"",""cn_update"":""boxplus-phi"",""early_stop"":false,""hard_out"":true,""harq_mode"":false,""llr_max"":20.0,""num_iter"":20,""precision"":""single"",""prune_pcm"":true,""return_infobits"":true,""vn_update"":""sum""},""implementation"":{""bit_mapping"":""component_Gray_00_-3_01_-1_10_3_11_1_over_sqrt5;QPSK_0_plus1_1_minus1"",""cuda"":""12.8"",""decoder"":{""cn_schedule"":""flooding"",""cn_update"":""boxplus-phi"",""early_stop"":false,""hard_out"":true,""harq_mode"":false,""llr_max"":20.0,""num_iter"":20,""precision"":""single"",""prune_pcm"":true,""return_infobits"":true,""vn_update"":""sum""},""decoder_source_sha256"":""44d84b92b749e2970f94d92cd348a11648e2286b4d851faa0af8b21d08f0da23"",""encoder_source_sha256"":""34d8db6660b2e84708a8fb534f63c194f6f2b964e3693fcffc9dcaf21532ccfd"",""implementation"":""Sionna_5G_LDPC"",""power_protocol"":""fixed_constellation_average_Es2"",""precision"":""float32"",""rate_matching"":""Sionna RV0; filler removal, first2Z and tail puncturing; supported n only"",""scrambling"":""public_PCG64_SHA256_protocol_session_frame_group_counter_after_rate_matching_v1"",""torch"":""2.11.0+cu128"",""version"":""2.2.0""},""interleaver_sha256"":""6c5151b2f629d5dbf36eeeeb96698c91d4ef7882c777a09d11b30353b227655d"",""k"":2416,""k_filler"":144,""k_ldpc"":2560,""layout_id"":""4fbdef50d02f2c7ef74e1680b61165feba9c88aefcff0a3749a18897bdc2a295"",""modulation_padding_bits"":0,""mother_bits"":13312,""n"":5400,""n_cb"":12800,""n_cb_comp"":12656,""power_protocol"":""fixed_constellation_average_Es2"",""puncturing_bits"":7768,""puncturing_first_2Z"":512,""puncturing_remaining"":7256,""repetition_bits"":0,""scrambling"":""public_PCG64_SHA256_protocol_session_frame_group_counter_after_rate_matching_v1"",""shortening_bits"":144,""z"":256}",[2048]
QPSK,1/3,QPSK:r1/3,ebadd5b7b182da2b5df7df2b38a80d3d8ea4a59918e49f2d1ac409b8bc418874,360,16,0,376,480,104,2496,1876,938,0,0.20042643923240938,0.19189765458422176,"{""actual_effective_rate"":0.20042643923240938,""bg"":""bg2"",""bit_mapping"":""component_Gray_00_-3_01_-1_10_3_11_1_over_sqrt5;QPSK_0_plus1_1_minus1"",""code_blocks"":1,""decoder_config"":{""cn_schedule"":""flooding"",""cn_update"":""boxplus-phi"",""early_stop"":false,""hard_out"":true,""harq_mode"":false,""llr_max"":20.0,""num_iter"":20,""precision"":""single"",""prune_pcm"":true,""return_infobits"":true,""vn_update"":""sum""},""implementation"":{""bit_mapping"":""component_Gray_00_-3_01_-1_10_3_11_1_over_sqrt5;QPSK_0_plus1_1_minus1"",""cuda"":""12.8"",""decoder"":{""cn_schedule"":""flooding"",""cn_update"":""boxplus-phi"",""early_stop"":false,""hard_out"":true,""harq_mode"":false,""llr_max"":20.0,""num_iter"":20,""precision"":""single"",""prune_pcm"":true,""return_infobits"":true,""vn_update"":""sum""},""decoder_source_sha256"":""44d84b92b749e2970f94d92cd348a11648e2286b4d851faa0af8b21d08f0da23"",""encoder_source_sha256"":""34d8db6660b2e84708a8fb534f63c194f6f2b964e3693fcffc9dcaf21532ccfd"",""implementation"":""Sionna_5G_LDPC"",""power_protocol"":""fixed_constellation_average_Es2"",""precision"":""float32"",""rate_matching"":""Sionna RV0; filler removal, first2Z and tail puncturing; supported n only"",""scrambling"":""public_PCG64_SHA256_protocol_session_frame_group_counter_after_rate_matching_v1"",""torch"":""2.11.0+cu128"",""version"":""2.2.0""},""interleaver_sha256"":""c05f360ba3bfdc72d3001609516ecca80285c3f84980b7ccf6c9d698f2cc66cc"",""k"":376,""k_filler"":104,""k_ldpc"":480,""layout_id"":""485642ba793fa6722d7d85c64739d6c83fbe7e1598fd0e14eef29b730f332a79"",""modulation_padding_bits"":0,""mother_bits"":2496,""n"":1876,""n_cb"":2400,""n_cb_comp"":2296,""power_protocol"":""fixed_constellation_average_Es2"",""puncturing_bits"":516,""puncturing_first_2Z"":96,""puncturing_remaining"":420,""repetition_bits"":0,""scrambling"":""public_PCG64_SHA256_protocol_session_frame_group_counter_after_rate_matching_v1"",""shortening_bits"":104,""z"":48}",[2048]
16QAM,2/3,16QAM:r2/3,ebb204b47236a009baa369db0544bf622ba29ccc93e33ded75bd6923ed388a54,1092,16,0,1108,1120,12,5824,1688,422,0,0.6563981042654028,0.6469194312796208,"{""actual_effective_rate"":0.6563981042654028,""bg"":""bg2"",""bit_mapping"":""component_Gray_00_-3_01_-1_10_3_11_1_over_sqrt5;QPSK_0_plus1_1_minus1"",""code_blocks"":1,""decoder_config"":{""cn_schedule"":""flooding"",""cn_update"":""boxplus-phi"",""early_stop"":false,""hard_out"":true,""harq_mode"":false,""llr_max"":20.0,""num_iter"":20,""precision"":""single"",""prune_pcm"":true,""return_infobits"":true,""vn_update"":""sum""},""implementation"":{""bit_mapping"":""component_Gray_00_-3_01_-1_10_3_11_1_over_sqrt5;QPSK_0_plus1_1_minus1"",""cuda"":""12.8"",""decoder"":{""cn_schedule"":""flooding"",""cn_update"":""boxplus-phi"",""early_stop"":false,""hard_out"":true,""harq_mode"":false,""llr_max"":20.0,""num_iter"":20,""precision"":""single"",""prune_pcm"":true,""return_infobits"":true,""vn_update"":""sum""},""decoder_source_sha256"":""44d84b92b749e2970f94d92cd348a11648e2286b4d851faa0af8b21d08f0da23"",""encoder_source_sha256"":""34d8db6660b2e84708a8fb534f63c194f6f2b964e3693fcffc9dcaf21532ccfd"",""implementation"":""Sionna_5G_LDPC"",""power_protocol"":""fixed_constellation_average_Es2"",""precision"":""float32"",""rate_matching"":""Sionna RV0; filler removal, first2Z and tail puncturing; supported n only"",""scrambling"":""public_PCG64_SHA256_protocol_session_frame_group_counter_after_rate_matching_v1"",""torch"":""2.11.0+cu128"",""version"":""2.2.0""},""interleaver_sha256"":""45e71fd9b29971c9ff14653424a005ef0b7ffe173c92773785ab050e90ee0a82"",""k"":1108,""k_filler"":12,""k_ldpc"":1120,""layout_id"":""91492297b8837884ed33f773c15c48e8480ed7eb0dd42569dc24c0acb4cc1a67"",""modulation_padding_bits"":0,""mother_bits"":5824,""n"":1688,""n_cb"":5600,""n_cb_comp"":5588,""power_protocol"":""fixed_constellation_average_Es2"",""puncturing_bits"":4124,""puncturing_first_2Z"":224,""puncturing_remaining"":3900,""repetition_bits"":0,""scrambling"":""public_PCG64_SHA256_protocol_session_frame_group_counter_after_rate_matching_v1"",""shortening_bits"":12,""z"":112}",[1024]
16QAM,2/3,16QAM:r2/3,ebb5d362f4f7df05a4a82d77c755aadc2f168e1780d02197f37b9e3ffb9a40dc,1068,16,0,1084,1120,36,5824,3004,751,0,0.3608521970705726,0.355525965379494,"{""actual_effective_rate"":0.3608521970705726,""bg"":""bg2"",""bit_mapping"":""component_Gray_00_-3_01_-1_10_3_11_1_over_sqrt5;QPSK_0_plus1_1_minus1"",""code_blocks"":1,""decoder_config"":{""cn_schedule"":""flooding"",""cn_update"":""boxplus-phi"",""early_stop"":false,""hard_out"":true,""harq_mode"":false,""llr_max"":20.0,""num_iter"":20,""precision"":""single"",""prune_pcm"":true,""return_infobits"":true,""vn_update"":""sum""},""implementation"":{""bit_mapping"":""component_Gray_00_-3_01_-1_10_3_11_1_over_sqrt5;QPSK_0_plus1_1_minus1"",""cuda"":""12.8"",""decoder"":{""cn_schedule"":""flooding"",""cn_update"":""boxplus-phi"",""early_stop"":false,""hard_out"":true,""harq_mode"":false,""llr_max"":20.0,""num_iter"":20,""precision"":""single"",""prune_pcm"":true,""return_infobits"":true,""vn_update"":""sum""},""decoder_source_sha256"":""44d84b92b749e2970f94d92cd348a11648e2286b4d851faa0af8b21d08f0da23"",""encoder_source_sha256"":""34d8db6660b2e84708a8fb534f63c194f6f2b964e3693fcffc9dcaf21532ccfd"",""implementation"":""Sionna_5G_LDPC"",""power_protocol"":""fixed_constellation_average_Es2"",""precision"":""float32"",""rate_matching"":""Sionna RV0; filler removal, first2Z and tail puncturing; supported n only"",""scrambling"":""public_PCG64_SHA256_protocol_session_frame_group_counter_after_rate_matching_v1"",""torch"":""2.11.0+cu128"",""version"":""2.2.0""},""interleaver_sha256"":""1c3c8acc409a37d746f3f144cd623d86f22fe482c08d2f471efee380fcf175d0"",""k"":1084,""k_filler"":36,""k_ldpc"":1120,""layout_id"":""3802241e0ab375645659e2f0967b8ebb69069702a2ee52ac5a1ee858f9be922f"",""modulation_padding_bits"":0,""mother_bits"":5824,""n"":3004,""n_cb"":5600,""n_cb_comp"":5564,""power_protocol"":""fixed_constellation_average_Es2"",""puncturing_bits"":2784,""puncturing_first_2Z"":224,""puncturing_remaining"":2560,""repetition_bits"":0,""scrambling"":""public_PCG64_SHA256_protocol_session_frame_group_counter_after_rate_matching_v1"",""shortening_bits"":36,""z"":112}",[2048]
16QAM,2/3,16QAM:r2/3,ebc282c233d1237b6f8d275469162bbdbe248934d49a3040b761e7f313f1a77c,660,16,0,676,720,44,3744,3048,762,0,0.22178477690288714,0.21653543307086615,"{""actual_effective_rate"":0.22178477690288714,""bg"":""bg2"",""bit_mapping"":""component_Gray_00_-3_01_-1_10_3_11_1_over_sqrt5;QPSK_0_plus1_1_minus1"",""code_blocks"":1,""decoder_config"":{""cn_schedule"":""flooding"",""cn_update"":""boxplus-phi"",""early_stop"":false,""hard_out"":true,""harq_mode"":false,""llr_max"":20.0,""num_iter"":20,""precision"":""single"",""prune_pcm"":true,""return_infobits"":true,""vn_update"":""sum""},""implementation"":{""bit_mapping"":""component_Gray_00_-3_01_-1_10_3_11_1_over_sqrt5;QPSK_0_plus1_1_minus1"",""cuda"":""12.8"",""decoder"":{""cn_schedule"":""flooding"",""cn_update"":""boxplus-phi"",""early_stop"":false,""hard_out"":true,""harq_mode"":false,""llr_max"":20.0,""num_iter"":20,""precision"":""single"",""prune_pcm"":true,""return_infobits"":true,""vn_update"":""sum""},""decoder_source_sha256"":""44d84b92b749e2970f94d92cd348a11648e2286b4d851faa0af8b21d08f0da23"",""encoder_source_sha256"":""34d8db6660b2e84708a8fb534f63c194f6f2b964e3693fcffc9dcaf21532ccfd"",""implementation"":""Sionna_5G_LDPC"",""power_protocol"":""fixed_constellation_average_Es2"",""precision"":""float32"",""rate_matching"":""Sionna RV0; filler removal, first2Z and tail puncturing; supported n only"",""scrambling"":""public_PCG64_SHA256_protocol_session_frame_group_counter_after_rate_matching_v1"",""torch"":""2.11.0+cu128"",""version"":""2.2.0""},""interleaver_sha256"":""eb6ac043e10f6bc004ca15a5cf1c3ff2477ff5db8447f733f594db45bde623a9"",""k"":676,""k_filler"":44,""k_ldpc"":720,""layout_id"":""7478b032b4b995a0dc6797610a5b7f12b20e93f5ce97c4953a6200026161f37c"",""modulation_padding_bits"":0,""mother_bits"":3744,""n"":3048,""n_cb"":3600,""n_cb_comp"":3556,""power_protocol"":""fixed_constellation_average_Es2"",""puncturing_bits"":652,""puncturing_first_2Z"":144,""puncturing_remaining"":508,""repetition_bits"":0,""scrambling"":""public_PCG64_SHA256_protocol_session_frame_group_counter_after_rate_matching_v1"",""shortening_bits"":44,""z"":72}",[2048]
16QAM,1/2,16QAM:r1/2,ebc3d35d3ccdaeb13e5345ebcb6afe3635fe4d319ea03596398eddaf98d0d389,300,16,0,316,400,84,2080,836,209,0,0.37799043062200954,0.3588516746411483,"{""actual_effective_rate"":0.37799043062200954,""bg"":""bg2"",""bit_mapping"":""component_Gray_00_-3_01_-1_10_3_11_1_over_sqrt5;QPSK_0_plus1_1_minus1"",""code_blocks"":1,""decoder_config"":{""cn_schedule"":""flooding"",""cn_update"":""boxplus-phi"",""early_stop"":false,""hard_out"":true,""harq_mode"":false,""llr_max"":20.0,""num_iter"":20,""precision"":""single"",""prune_pcm"":true,""return_infobits"":true,""vn_update"":""sum""},""implementation"":{""bit_mapping"":""component_Gray_00_-3_01_-1_10_3_11_1_over_sqrt5;QPSK_0_plus1_1_minus1"",""cuda"":""12.8"",""decoder"":{""cn_schedule"":""flooding"",""cn_update"":""boxplus-phi"",""early_stop"":false,""hard_out"":true,""harq_mode"":false,""llr_max"":20.0,""num_iter"":20,""precision"":""single"",""prune_pcm"":true,""return_infobits"":true,""vn_update"":""sum""},""decoder_source_sha256"":""44d84b92b749e2970f94d92cd348a11648e2286b4d851faa0af8b21d08f0da23"",""encoder_source_sha256"":""34d8db6660b2e84708a8fb534f63c194f6f2b964e3693fcffc9dcaf21532ccfd"",""implementation"":""Sionna_5G_LDPC"",""power_protocol"":""fixed_constellation_average_Es2"",""precision"":""float32"",""rate_matching"":""Sionna RV0; filler removal, first2Z and tail puncturing; supported n only"",""scrambling"":""public_PCG64_SHA256_protocol_session_frame_group_counter_after_rate_matching_v1"",""torch"":""2.11.0+cu128"",""version"":""2.2.0""},""interleaver_sha256"":""3a96932471629da5db9959ca268b0eb8c4a027b907f9a0bcb0e145fc4f664658"",""k"":316,""k_filler"":84,""k_ldpc"":400,""layout_id"":""e924572ca610f28301fefeb620b0bcd0bfdb7581f777292304aa945390968095"",""modulation_padding_bits"":0,""mother_bits"":2080,""n"":836,""n_cb"":2000,""n_cb_comp"":1916,""power_protocol"":""fixed_constellation_average_Es2"",""puncturing_bits"":1160,""puncturing_first_2Z"":80,""puncturing_remaining"":1080,""repetition_bits"":0,""scrambling"":""public_PCG64_SHA256_protocol_session_frame_group_counter_after_rate_matching_v1"",""shortening_bits"":84,""z"":40}",[1024]
16QAM,5/6,16QAM:r5/6,ebd36d068aafda43e48e6d7f9e3a2b7e2a158ae108d72c067daeb4137337f9a1,3912,16,0,3928,4224,296,13056,5536,1384,0,0.7095375722543352,0.7066473988439307,"{""actual_effective_rate"":0.7095375722543352,""bg"":""bg1"",""bit_mapping"":""component_Gray_00_-3_01_-1_10_3_11_1_over_sqrt5;QPSK_0_plus1_1_minus1"",""code_blocks"":1,""decoder_config"":{""cn_schedule"":""flooding"",""cn_update"":""boxplus-phi"",""early_stop"":false,""hard_out"":true,""harq_mode"":false,""llr_max"":20.0,""num_iter"":20,""precision"":""single"",""prune_pcm"":true,""return_infobits"":true,""vn_update"":""sum""},""implementation"":{""bit_mapping"":""component_Gray_00_-3_01_-1_10_3_11_1_over_sqrt5;QPSK_0_plus1_1_minus1"",""cuda"":""12.8"",""decoder"":{""cn_schedule"":""flooding"",""cn_update"":""boxplus-phi"",""early_stop"":false,""hard_out"":true,""harq_mode"":false,""llr_max"":20.0,""num_iter"":20,""precision"":""single"",""prune_pcm"":true,""return_infobits"":true,""vn_update"":""sum""},""decoder_source_sha256"":""44d84b92b749e2970f94d92cd348a11648e2286b4d851faa0af8b21d08f0da23"",""encoder_source_sha256"":""34d8db6660b2e84708a8fb534f63c194f6f2b964e3693fcffc9dcaf21532ccfd"",""implementation"":""Sionna_5G_LDPC"",""power_protocol"":""fixed_constellation_average_Es2"",""precision"":""float32"",""rate_matching"":""Sionna RV0; filler removal, first2Z and tail puncturing; supported n only"",""scrambling"":""public_PCG64_SHA256_protocol_session_frame_group_counter_after_rate_matching_v1"",""torch"":""2.11.0+cu128"",""version"":""2.2.0""},""interleaver_sha256"":""e53cc295db66d6705ea628ab64982e03084760d974d4e06e08dad92815f4fe24"",""k"":3928,""k_filler"":296,""k_ldpc"":4224,""layout_id"":""97613d73ca5dc0cbd27279d755213fa56b4c9115203719cb7f4467697e9c72a3"",""modulation_padding_bits"":0,""mother_bits"":13056,""n"":5536,""n_cb"":12672,""n_cb_comp"":12376,""power_protocol"":""fixed_constellation_average_Es2"",""puncturing_bits"":7224,""puncturing_first_2Z"":384,""puncturing_remaining"":6840,""repetition_bits"":0,""scrambling"":""public_PCG64_SHA256_protocol_session_frame_group_counter_after_rate_matching_v1"",""shortening_bits"":296,""z"":192}",[2048]
QPSK,1/2,QPSK:r1/2,ebfaebcc349368657ab07d6bf970d287781156971806ded3a53c08adac53c632,660,16,0,676,720,44,3744,1802,901,0,0.3751387347391787,0.3662597114317425,"{""actual_effective_rate"":0.3751387347391787,""bg"":""bg2"",""bit_mapping"":""component_Gray_00_-3_01_-1_10_3_11_1_over_sqrt5;QPSK_0_plus1_1_minus1"",""code_blocks"":1,""decoder_config"":{""cn_schedule"":""flooding"",""cn_update"":""boxplus-phi"",""early_stop"":false,""hard_out"":true,""harq_mode"":false,""llr_max"":20.0,""num_iter"":20,""precision"":""single"",""prune_pcm"":true,""return_infobits"":true,""vn_update"":""sum""},""implementation"":{""bit_mapping"":""component_Gray_00_-3_01_-1_10_3_11_1_over_sqrt5;QPSK_0_plus1_1_minus1"",""cuda"":""12.8"",""decoder"":{""cn_schedule"":""flooding"",""cn_update"":""boxplus-phi"",""early_stop"":false,""hard_out"":true,""harq_mode"":false,""llr_max"":20.0,""num_iter"":20,""precision"":""single"",""prune_pcm"":true,""return_infobits"":true,""vn_update"":""sum""},""decoder_source_sha256"":""44d84b92b749e2970f94d92cd348a11648e2286b4d851faa0af8b21d08f0da23"",""encoder_source_sha256"":""34d8db6660b2e84708a8fb534f63c194f6f2b964e3693fcffc9dcaf21532ccfd"",""implementation"":""Sionna_5G_LDPC"",""power_protocol"":""fixed_constellation_average_Es2"",""precision"":""float32"",""rate_matching"":""Sionna RV0; filler removal, first2Z and tail puncturing; supported n only"",""scrambling"":""public_PCG64_SHA256_protocol_session_frame_group_counter_after_rate_matching_v1"",""torch"":""2.11.0+cu128"",""version"":""2.2.0""},""interleaver_sha256"":""8e57780113b9b4d283df8141ac7462c029c17ceaac092ea316a9f2735d48b60a"",""k"":676,""k_filler"":44,""k_ldpc"":720,""layout_id"":""42dbc5c702b8af22faad467faf22227a4ee992ffbe2e713e6d43eb1841497386"",""modulation_padding_bits"":0,""mother_bits"":3744,""n"":1802,""n_cb"":3600,""n_cb_comp"":3556,""power_protocol"":""fixed_constellation_average_Es2"",""puncturing_bits"":1898,""puncturing_first_2Z"":144,""puncturing_remaining"":1754,""repetition_bits"":0,""scrambling"":""public_PCG64_SHA256_protocol_session_frame_group_counter_after_rate_matching_v1"",""shortening_bits"":44,""z"":72}","[1024,2048]"
16QAM,1/2,16QAM:r1/2,ec02e432168b9a189b2273b8c68527aa1132295ad6b40923c98b81c4039d379d,768,16,0,784,800,16,4160,2936,734,0,0.2670299727520436,0.2615803814713896,"{""actual_effective_rate"":0.2670299727520436,""bg"":""bg2"",""bit_mapping"":""component_Gray_00_-3_01_-1_10_3_11_1_over_sqrt5;QPSK_0_plus1_1_minus1"",""code_blocks"":1,""decoder_config"":{""cn_schedule"":""flooding"",""cn_update"":""boxplus-phi"",""early_stop"":false,""hard_out"":true,""harq_mode"":false,""llr_max"":20.0,""num_iter"":20,""precision"":""single"",""prune_pcm"":true,""return_infobits"":true,""vn_update"":""sum""},""implementation"":{""bit_mapping"":""component_Gray_00_-3_01_-1_10_3_11_1_over_sqrt5;QPSK_0_plus1_1_minus1"",""cuda"":""12.8"",""decoder"":{""cn_schedule"":""flooding"",""cn_update"":""boxplus-phi"",""early_stop"":false,""hard_out"":true,""harq_mode"":false,""llr_max"":20.0,""num_iter"":20,""precision"":""single"",""prune_pcm"":true,""return_infobits"":true,""vn_update"":""sum""},""decoder_source_sha256"":""44d84b92b749e2970f94d92cd348a11648e2286b4d851faa0af8b21d08f0da23"",""encoder_source_sha256"":""34d8db6660b2e84708a8fb534f63c194f6f2b964e3693fcffc9dcaf21532ccfd"",""implementation"":""Sionna_5G_LDPC"",""power_protocol"":""fixed_constellation_average_Es2"",""precision"":""float32"",""rate_matching"":""Sionna RV0; filler removal, first2Z and tail puncturing; supported n only"",""scrambling"":""public_PCG64_SHA256_protocol_session_frame_group_counter_after_rate_matching_v1"",""torch"":""2.11.0+cu128"",""version"":""2.2.0""},""interleaver_sha256"":""f62b99e2dc225ee613209675728fe35a4b0ce1a798c7077b867e41f8e4f206de"",""k"":784,""k_filler"":16,""k_ldpc"":800,""layout_id"":""8c699dac65228dd10e80ef7ca36d4594ea66eb21c55ec0845a03825ff82e04f3"",""modulation_padding_bits"":0,""mother_bits"":4160,""n"":2936,""n_cb"":4000,""n_cb_comp"":3984,""power_protocol"":""fixed_constellation_average_Es2"",""puncturing_bits"":1208,""puncturing_first_2Z"":160,""puncturing_remaining"":1048,""repetition_bits"":0,""scrambling"":""public_PCG64_SHA256_protocol_session_frame_group_counter_after_rate_matching_v1"",""shortening_bits"":16,""z"":80}",[2048]
QPSK,5/6,QPSK:r5/6,ec09243bbd6c888c46997b06b4dd39a8abb4dcd7da691a0d4cb4d8a45f1cab57,396,16,0,412,440,28,1360,498,249,0,0.8273092369477911,0.7951807228915663,"{""actual_effective_rate"":0.8273092369477911,""bg"":""bg1"",""bit_mapping"":""component_Gray_00_-3_01_-1_10_3_11_1_over_sqrt5;QPSK_0_plus1_1_minus1"",""code_blocks"":1,""decoder_config"":{""cn_schedule"":""flooding"",""cn_update"":""boxplus-phi"",""early_stop"":false,""hard_out"":true,""harq_mode"":false,""llr_max"":20.0,""num_iter"":20,""precision"":""single"",""prune_pcm"":true,""return_infobits"":true,""vn_update"":""sum""},""implementation"":{""bit_mapping"":""component_Gray_00_-3_01_-1_10_3_11_1_over_sqrt5;QPSK_0_plus1_1_minus1"",""cuda"":""12.8"",""decoder"":{""cn_schedule"":""flooding"",""cn_update"":""boxplus-phi"",""early_stop"":false,""hard_out"":true,""harq_mode"":false,""llr_max"":20.0,""num_iter"":20,""precision"":""single"",""prune_pcm"":true,""return_infobits"":true,""vn_update"":""sum""},""decoder_source_sha256"":""44d84b92b749e2970f94d92cd348a11648e2286b4d851faa0af8b21d08f0da23"",""encoder_source_sha256"":""34d8db6660b2e84708a8fb534f63c194f6f2b964e3693fcffc9dcaf21532ccfd"",""implementation"":""Sionna_5G_LDPC"",""power_protocol"":""fixed_constellation_average_Es2"",""precision"":""float32"",""rate_matching"":""Sionna RV0; filler removal, first2Z and tail puncturing; supported n only"",""scrambling"":""public_PCG64_SHA256_protocol_session_frame_group_counter_after_rate_matching_v1"",""torch"":""2.11.0+cu128"",""version"":""2.2.0""},""interleaver_sha256"":""254c6982e556491b04f0d738eca09828c67113854e5c5ba8fef551f12e337e8c"",""k"":412,""k_filler"":28,""k_ldpc"":440,""layout_id"":""de28525c02872f0723c365d925a0ce0958b300091541873f1bc274b52755abe7"",""modulation_padding_bits"":0,""mother_bits"":1360,""n"":498,""n_cb"":1320,""n_cb_comp"":1292,""power_protocol"":""fixed_constellation_average_Es2"",""puncturing_bits"":834,""puncturing_first_2Z"":40,""puncturing_remaining"":794,""repetition_bits"":0,""scrambling"":""public_PCG64_SHA256_protocol_session_frame_group_counter_after_rate_matching_v1"",""shortening_bits"":28,""z"":20}",[1024]
16QAM,3/4,16QAM:r3/4,ec09d153ce220241cdf1094b93c8432dcb0f1aadfa7df1f34937b1816742c2ea,360,16,0,376,480,104,2496,1760,440,0,0.21363636363636362,0.20454545454545456,"{""actual_effective_rate"":0.21363636363636362,""bg"":""bg2"",""bit_mapping"":""component_Gray_00_-3_01_-1_10_3_11_1_over_sqrt5;QPSK_0_plus1_1_minus1"",""code_blocks"":1,""decoder_config"":{""cn_schedule"":""flooding"",""cn_update"":""boxplus-phi"",""early_stop"":false,""hard_out"":true,""harq_mode"":false,""llr_max"":20.0,""num_iter"":20,""precision"":""single"",""prune_pcm"":true,""return_infobits"":true,""vn_update"":""sum""},""implementation"":{""bit_mapping"":""component_Gray_00_-3_01_-1_10_3_11_1_over_sqrt5;QPSK_0_plus1_1_minus1"",""cuda"":""12.8"",""decoder"":{""cn_schedule"":""flooding"",""cn_update"":""boxplus-phi"",""early_stop"":false,""hard_out"":true,""harq_mode"":false,""llr_max"":20.0,""num_iter"":20,""precision"":""single"",""prune_pcm"":true,""return_infobits"":true,""vn_update"":""sum""},""decoder_source_sha256"":""44d84b92b749e2970f94d92cd348a11648e2286b4d851faa0af8b21d08f0da23"",""encoder_source_sha256"":""34d8db6660b2e84708a8fb534f63c194f6f2b964e3693fcffc9dcaf21532ccfd"",""implementation"":""Sionna_5G_LDPC"",""power_protocol"":""fixed_constellation_average_Es2"",""precision"":""float32"",""rate_matching"":""Sionna RV0; filler removal, first2Z and tail puncturing; supported n only"",""scrambling"":""public_PCG64_SHA256_protocol_session_frame_group_counter_after_rate_matching_v1"",""torch"":""2.11.0+cu128"",""version"":""2.2.0""},""interleaver_sha256"":""0adf6e7aad2a315ae51ef45b6ea29c77cfae236c33b538c43e0df61e2779f25e"",""k"":376,""k_filler"":104,""k_ldpc"":480,""layout_id"":""9fc6cad7f0a5e083cde108fb2814d95149a50a86fce99e5754947c1b7b82e141"",""modulation_padding_bits"":0,""mother_bits"":2496,""n"":1760,""n_cb"":2400,""n_cb_comp"":2296,""power_protocol"":""fixed_constellation_average_Es2"",""puncturing_bits"":632,""puncturing_first_2Z"":96,""puncturing_remaining"":536,""repetition_bits"":0,""scrambling"":""public_PCG64_SHA256_protocol_session_frame_group_counter_after_rate_matching_v1"",""shortening_bits"":104,""z"":48}",[2048]
QPSK,1/2,QPSK:r1/2,ec11ba9dda19c65edaf4f5b1210b31e85aa4b228145ee86a8e27ac231c67d56c,360,16,0,376,480,104,2496,1150,575,0,0.3269565217391304,0.3130434782608696,"{""actual_effective_rate"":0.3269565217391304,""bg"":""bg2"",""bit_mapping"":""component_Gray_00_-3_01_-1_10_3_11_1_over_sqrt5;QPSK_0_plus1_1_minus1"",""code_blocks"":1,""decoder_config"":{""cn_schedule"":""flooding"",""cn_update"":""boxplus-phi"",""early_stop"":false,""hard_out"":true,""harq_mode"":false,""llr_max"":20.0,""num_iter"":20,""precision"":""single"",""prune_pcm"":true,""return_infobits"":true,""vn_update"":""sum""},""implementation"":{""bit_mapping"":""component_Gray_00_-3_01_-1_10_3_11_1_over_sqrt5;QPSK_0_plus1_1_minus1"",""cuda"":""12.8"",""decoder"":{""cn_schedule"":""flooding"",""cn_update"":""boxplus-phi"",""early_stop"":false,""hard_out"":true,""harq_mode"":false,""llr_max"":20.0,""num_iter"":20,""precision"":""single"",""prune_pcm"":true,""return_infobits"":true,""vn_update"":""sum""},""decoder_source_sha256"":""44d84b92b749e2970f94d92cd348a11648e2286b4d851faa0af8b21d08f0da23"",""encoder_source_sha256"":""34d8db6660b2e84708a8fb534f63c194f6f2b964e3693fcffc9dcaf21532ccfd"",""implementation"":""Sionna_5G_LDPC"",""power_protocol"":""fixed_constellation_average_Es2"",""precision"":""float32"",""rate_matching"":""Sionna RV0; filler removal, first2Z and tail puncturing; supported n only"",""scrambling"":""public_PCG64_SHA256_protocol_session_frame_group_counter_after_rate_matching_v1"",""torch"":""2.11.0+cu128"",""version"":""2.2.0""},""interleaver_sha256"":""e4a91385b1a808d4d5a672382a60d57d41ab2c8f486aa1191ac8a0c2a156c2ff"",""k"":376,""k_filler"":104,""k_ldpc"":480,""layout_id"":""3f03058db052528fd6e6ce1319b2d713cedcbe6e2ce91e6f4fafa96341d552fc"",""modulation_padding_bits"":0,""mother_bits"":2496,""n"":1150,""n_cb"":2400,""n_cb_comp"":2296,""power_protocol"":""fixed_constellation_average_Es2"",""puncturing_bits"":1242,""puncturing_first_2Z"":96,""puncturing_remaining"":1146,""repetition_bits"":0,""scrambling"":""public_PCG64_SHA256_protocol_session_frame_group_counter_after_rate_matching_v1"",""shortening_bits"":104,""z"":48}",[1024]
QPSK,3/4,QPSK:r3/4,ec1c2b67c6f50e5da72887070a345e6c2bd00838de3a53ebbe2e0ac834450f53,2700,16,0,2716,2816,100,8704,3726,1863,0,0.7289318303811058,0.7246376811594203,"{""actual_effective_rate"":0.7289318303811058,""bg"":""bg1"",""bit_mapping"":""component_Gray_00_-3_01_-1_10_3_11_1_over_sqrt5;QPSK_0_plus1_1_minus1"",""code_blocks"":1,""decoder_config"":{""cn_schedule"":""flooding"",""cn_update"":""boxplus-phi"",""early_stop"":false,""hard_out"":true,""harq_mode"":false,""llr_max"":20.0,""num_iter"":20,""precision"":""single"",""prune_pcm"":true,""return_infobits"":true,""vn_update"":""sum""},""implementation"":{""bit_mapping"":""component_Gray_00_-3_01_-1_10_3_11_1_over_sqrt5;QPSK_0_plus1_1_minus1"",""cuda"":""12.8"",""decoder"":{""cn_schedule"":""flooding"",""cn_update"":""boxplus-phi"",""early_stop"":false,""hard_out"":true,""harq_mode"":false,""llr_max"":20.0,""num_iter"":20,""precision"":""single"",""prune_pcm"":true,""return_infobits"":true,""vn_update"":""sum""},""decoder_source_sha256"":""44d84b92b749e2970f94d92cd348a11648e2286b4d851faa0af8b21d08f0da23"",""encoder_source_sha256"":""34d8db6660b2e84708a8fb534f63c194f6f2b964e3693fcffc9dcaf21532ccfd"",""implementation"":""Sionna_5G_LDPC"",""power_protocol"":""fixed_constellation_average_Es2"",""precision"":""float32"",""rate_matching"":""Sionna RV0; filler removal, first2Z and tail puncturing; supported n only"",""scrambling"":""public_PCG64_SHA256_protocol_session_frame_group_counter_after_rate_matching_v1"",""torch"":""2.11.0+cu128"",""version"":""2.2.0""},""interleaver_sha256"":""36e84ac831aabaec771b8fa2282cb7fb45ab2bd0d683cbe81f1cd08f986decfa"",""k"":2716,""k_filler"":100,""k_ldpc"":2816,""layout_id"":""d513c8b9a14e2a40537e60e53be1e38bb74e64373f9adbdb8ca75c2c7715f6f4"",""modulation_padding_bits"":0,""mother_bits"":8704,""n"":3726,""n_cb"":8448,""n_cb_comp"":8348,""power_protocol"":""fixed_constellation_average_Es2"",""puncturing_bits"":4878,""puncturing_first_2Z"":256,""puncturing_remaining"":4622,""repetition_bits"":0,""scrambling"":""public_PCG64_SHA256_protocol_session_frame_group_counter_after_rate_matching_v1"",""shortening_bits"":100,""z"":128}",[2048]
QPSK,1/3,QPSK:r1/3,ec2514f6f82417133e2ae34afed6c692f898fdd3dfd7db4f48ade976c2dd378f,372,16,0,388,520,132,2704,1168,584,0,0.3321917808219178,0.3184931506849315,"{""actual_effective_rate"":0.3321917808219178,""bg"":""bg2"",""bit_mapping"":""component_Gray_00_-3_01_-1_10_3_11_1_over_sqrt5;QPSK_0_plus1_1_minus1"",""code_blocks"":1,""decoder_config"":{""cn_schedule"":""flooding"",""cn_update"":""boxplus-phi"",""early_stop"":false,""hard_out"":true,""harq_mode"":false,""llr_max"":20.0,""num_iter"":20,""precision"":""single"",""prune_pcm"":true,""return_infobits"":true,""vn_update"":""sum""},""implementation"":{""bit_mapping"":""component_Gray_00_-3_01_-1_10_3_11_1_over_sqrt5;QPSK_0_plus1_1_minus1"",""cuda"":""12.8"",""decoder"":{""cn_schedule"":""flooding"",""cn_update"":""boxplus-phi"",""early_stop"":false,""hard_out"":true,""harq_mode"":false,""llr_max"":20.0,""num_iter"":20,""precision"":""single"",""prune_pcm"":true,""return_infobits"":true,""vn_update"":""sum""},""decoder_source_sha256"":""44d84b92b749e2970f94d92cd348a11648e2286b4d851faa0af8b21d08f0da23"",""encoder_source_sha256"":""34d8db6660b2e84708a8fb534f63c194f6f2b964e3693fcffc9dcaf21532ccfd"",""implementation"":""Sionna_5G_LDPC"",""power_protocol"":""fixed_constellation_average_Es2"",""precision"":""float32"",""rate_matching"":""Sionna RV0; filler removal, first2Z and tail puncturing; supported n only"",""scrambling"":""public_PCG64_SHA256_protocol_session_frame_group_counter_after_rate_matching_v1"",""torch"":""2.11.0+cu128"",""version"":""2.2.0""},""interleaver_sha256"":""1cf83c3ecf93e62497b92b55205926269217eb21e5f4f18b0052d5d6d82da15c"",""k"":388,""k_filler"":132,""k_ldpc"":520,""layout_id"":""ae7b02164b61650d56ec4011a8ba1cd042fce4dd627ea3380bc240e7158dd9f9"",""modulation_padding_bits"":0,""mother_bits"":2704,""n"":1168,""n_cb"":2600,""n_cb_comp"":2468,""power_protocol"":""fixed_constellation_average_Es2"",""puncturing_bits"":1404,""puncturing_first_2Z"":104,""puncturing_remaining"":1300,""repetition_bits"":0,""scrambling"":""public_PCG64_SHA256_protocol_session_frame_group_counter_after_rate_matching_v1"",""shortening_bits"":132,""z"":52}",[1024]
QPSK,3/4,QPSK:r3/4,ec297b02c15a2c829810a38ef5427ef17db778fd6bd61d8bb04762ef9174dd6e,624,16,0,640,720,80,3744,1198,599,0,0.5342237061769616,0.5208681135225376,"{""actual_effective_rate"":0.5342237061769616,""bg"":""bg2"",""bit_mapping"":""component_Gray_00_-3_01_-1_10_3_11_1_over_sqrt5;QPSK_0_plus1_1_minus1"",""code_blocks"":1,""decoder_config"":{""cn_schedule"":""flooding"",""cn_update"":""boxplus-phi"",""early_stop"":false,""hard_out"":true,""harq_mode"":false,""llr_max"":20.0,""num_iter"":20,""precision"":""single"",""prune_pcm"":true,""return_infobits"":true,""vn_update"":""sum""},""implementation"":{""bit_mapping"":""component_Gray_00_-3_01_-1_10_3_11_1_over_sqrt5;QPSK_0_plus1_1_minus1"",""cuda"":""12.8"",""decoder"":{""cn_schedule"":""flooding"",""cn_update"":""boxplus-phi"",""early_stop"":false,""hard_out"":true,""harq_mode"":false,""llr_max"":20.0,""num_iter"":20,""precision"":""single"",""prune_pcm"":true,""return_infobits"":true,""vn_update"":""sum""},""decoder_source_sha256"":""44d84b92b749e2970f94d92cd348a11648e2286b4d851faa0af8b21d08f0da23"",""encoder_source_sha256"":""34d8db6660b2e84708a8fb534f63c194f6f2b964e3693fcffc9dcaf21532ccfd"",""implementation"":""Sionna_5G_LDPC"",""power_protocol"":""fixed_constellation_average_Es2"",""precision"":""float32"",""rate_matching"":""Sionna RV0; filler removal, first2Z and tail puncturing; supported n only"",""scrambling"":""public_PCG64_SHA256_protocol_session_frame_group_counter_after_rate_matching_v1"",""torch"":""2.11.0+cu128"",""version"":""2.2.0""},""interleaver_sha256"":""b3ecde2805525462e7ddbcba72f469f3027a903cf660428bc922a0b3b4527747"",""k"":640,""k_filler"":80,""k_ldpc"":720,""layout_id"":""89a875c3402def1d5b90ac2e31a51d773a2545b36a69b3471ebd2c046058d144"",""modulation_padding_bits"":0,""mother_bits"":3744,""n"":1198,""n_cb"":3600,""n_cb_comp"":3520,""power_protocol"":""fixed_constellation_average_Es2"",""puncturing_bits"":2466,""puncturing_first_2Z"":144,""puncturing_remaining"":2322,""repetition_bits"":0,""scrambling"":""public_PCG64_SHA256_protocol_session_frame_group_counter_after_rate_matching_v1"",""shortening_bits"":80,""z"":72}",[1024]
16QAM,5/6,16QAM:r5/6,ec2b5d3807e961db61983dc8d1537221a0462052487163ebaa06624d51d94726,768,16,0,784,792,8,2448,1140,285,0,0.6877192982456141,0.6736842105263158,"{""actual_effective_rate"":0.6877192982456141,""bg"":""bg1"",""bit_mapping"":""component_Gray_00_-3_01_-1_10_3_11_1_over_sqrt5;QPSK_0_plus1_1_minus1"",""code_blocks"":1,""decoder_config"":{""cn_schedule"":""flooding"",""cn_update"":""boxplus-phi"",""early_stop"":false,""hard_out"":true,""harq_mode"":false,""llr_max"":20.0,""num_iter"":20,""precision"":""single"",""prune_pcm"":true,""return_infobits"":true,""vn_update"":""sum""},""implementation"":{""bit_mapping"":""component_Gray_00_-3_01_-1_10_3_11_1_over_sqrt5;QPSK_0_plus1_1_minus1"",""cuda"":""12.8"",""decoder"":{""cn_schedule"":""flooding"",""cn_update"":""boxplus-phi"",""early_stop"":false,""hard_out"":true,""harq_mode"":false,""llr_max"":20.0,""num_iter"":20,""precision"":""single"",""prune_pcm"":true,""return_infobits"":true,""vn_update"":""sum""},""decoder_source_sha256"":""44d84b92b749e2970f94d92cd348a11648e2286b4d851faa0af8b21d08f0da23"",""encoder_source_sha256"":""34d8db6660b2e84708a8fb534f63c194f6f2b964e3693fcffc9dcaf21532ccfd"",""implementation"":""Sionna_5G_LDPC"",""power_protocol"":""fixed_constellation_average_Es2"",""precision"":""float32"",""rate_matching"":""Sionna RV0; filler removal, first2Z and tail puncturing; supported n only"",""scrambling"":""public_PCG64_SHA256_protocol_session_frame_group_counter_after_rate_matching_v1"",""torch"":""2.11.0+cu128"",""version"":""2.2.0""},""interleaver_sha256"":""0e63ed5a4d46ab92fa73930a13a0bdf4e3e2a6e426ec774458fb6ff5d5db4d2e"",""k"":784,""k_filler"":8,""k_ldpc"":792,""layout_id"":""28d2eb85975b12a9488d4077e9328d0f04b7b316fbec4a25858b4dc91afd4a64"",""modulation_padding_bits"":0,""mother_bits"":2448,""n"":1140,""n_cb"":2376,""n_cb_comp"":2368,""power_protocol"":""fixed_constellation_average_Es2"",""puncturing_bits"":1300,""puncturing_first_2Z"":72,""puncturing_remaining"":1228,""repetition_bits"":0,""scrambling"":""public_PCG64_SHA256_protocol_session_frame_group_counter_after_rate_matching_v1"",""shortening_bits"":8,""z"":36}",[1024]
QPSK,1/3,QPSK:r1/3,ec2f3d06c2f397e4b94ab292c23a19d3c3da44bdaee23d12e1ca251486da16bc,1200,16,0,1216,1280,64,6656,3648,1824,0,0.3333333333333333,0.32894736842105265,"{""actual_effective_rate"":0.3333333333333333,""bg"":""bg2"",""bit_mapping"":""component_Gray_00_-3_01_-1_10_3_11_1_over_sqrt5;QPSK_0_plus1_1_minus1"",""code_blocks"":1,""decoder_config"":{""cn_schedule"":""flooding"",""cn_update"":""boxplus-phi"",""early_stop"":false,""hard_out"":true,""harq_mode"":false,""llr_max"":20.0,""num_iter"":20,""precision"":""single"",""prune_pcm"":true,""return_infobits"":true,""vn_update"":""sum""},""implementation"":{""bit_mapping"":""component_Gray_00_-3_01_-1_10_3_11_1_over_sqrt5;QPSK_0_plus1_1_minus1"",""cuda"":""12.8"",""decoder"":{""cn_schedule"":""flooding"",""cn_update"":""boxplus-phi"",""early_stop"":false,""hard_out"":true,""harq_mode"":false,""llr_max"":20.0,""num_iter"":20,""precision"":""single"",""prune_pcm"":true,""return_infobits"":true,""vn_update"":""sum""},""decoder_source_sha256"":""44d84b92b749e2970f94d92cd348a11648e2286b4d851faa0af8b21d08f0da23"",""encoder_source_sha256"":""34d8db6660b2e84708a8fb534f63c194f6f2b964e3693fcffc9dcaf21532ccfd"",""implementation"":""Sionna_5G_LDPC"",""power_protocol"":""fixed_constellation_average_Es2"",""precision"":""float32"",""rate_matching"":""Sionna RV0; filler removal, first2Z and tail puncturing; supported n only"",""scrambling"":""public_PCG64_SHA256_protocol_session_frame_group_counter_after_rate_matching_v1"",""torch"":""2.11.0+cu128"",""version"":""2.2.0""},""interleaver_sha256"":""583c443eabf7acc44fa19c35e0f92dda20a0346d9c4fd81f40f73f080a93f3bb"",""k"":1216,""k_filler"":64,""k_ldpc"":1280,""layout_id"":""ab3f13cf275c8da39549f3634e952c558d1fbcd40a76a27b02f3f869928a2b86"",""modulation_padding_bits"":0,""mother_bits"":6656,""n"":3648,""n_cb"":6400,""n_cb_comp"":6336,""power_protocol"":""fixed_constellation_average_Es2"",""puncturing_bits"":2944,""puncturing_first_2Z"":256,""puncturing_remaining"":2688,""repetition_bits"":0,""scrambling"":""public_PCG64_SHA256_protocol_session_frame_group_counter_after_rate_matching_v1"",""shortening_bits"":64,""z"":128}",[2048]
QPSK,5/6,QPSK:r5/6,ec31c605ce6a51b972e8ac4664f6591baa99b783e14f3b040403c4c2f025a561,1308,16,0,1324,1408,84,4352,1674,837,0,0.7909199522102748,0.7813620071684588,"{""actual_effective_rate"":0.7909199522102748,""bg"":""bg1"",""bit_mapping"":""component_Gray_00_-3_01_-1_10_3_11_1_over_sqrt5;QPSK_0_plus1_1_minus1"",""code_blocks"":1,""decoder_config"":{""cn_schedule"":""flooding"",""cn_update"":""boxplus-phi"",""early_stop"":false,""hard_out"":true,""harq_mode"":false,""llr_max"":20.0,""num_iter"":20,""precision"":""single"",""prune_pcm"":true,""return_infobits"":true,""vn_update"":""sum""},""implementation"":{""bit_mapping"":""component_Gray_00_-3_01_-1_10_3_11_1_over_sqrt5;QPSK_0_plus1_1_minus1"",""cuda"":""12.8"",""decoder"":{""cn_schedule"":""flooding"",""cn_update"":""boxplus-phi"",""early_stop"":false,""hard_out"":true,""harq_mode"":false,""llr_max"":20.0,""num_iter"":20,""precision"":""single"",""prune_pcm"":true,""return_infobits"":true,""vn_update"":""sum""},""decoder_source_sha256"":""44d84b92b749e2970f94d92cd348a11648e2286b4d851faa0af8b21d08f0da23"",""encoder_source_sha256"":""34d8db6660b2e84708a8fb534f63c194f6f2b964e3693fcffc9dcaf21532ccfd"",""implementation"":""Sionna_5G_LDPC"",""power_protocol"":""fixed_constellation_average_Es2"",""precision"":""float32"",""rate_matching"":""Sionna RV0; filler removal, first2Z and tail puncturing; supported n only"",""scrambling"":""public_PCG64_SHA256_protocol_session_frame_group_counter_after_rate_matching_v1"",""torch"":""2.11.0+cu128"",""version"":""2.2.0""},""interleaver_sha256"":""de3efa0ef0ffc6bfbc2137f416c72172327ae90bebe78ee6ef98f5360c12857f"",""k"":1324,""k_filler"":84,""k_ldpc"":1408,""layout_id"":""39d80752f9ab8e650a8c166641dfcaee0b72869cf3caa8dcf824577568568b73"",""modulation_padding_bits"":0,""mother_bits"":4352,""n"":1674,""n_cb"":4224,""n_cb_comp"":4140,""power_protocol"":""fixed_constellation_average_Es2"",""puncturing_bits"":2594,""puncturing_first_2Z"":128,""puncturing_remaining"":2466,""repetition_bits"":0,""scrambling"":""public_PCG64_SHA256_protocol_session_frame_group_counter_after_rate_matching_v1"",""shortening_bits"":84,""z"":64}",[1024]
QPSK,5/6,QPSK:r5/6,ec390bca09a7985428e9ee0aba505c76c470315d8aa543926776f5eb0cabc0ad,1500,16,0,1516,1600,84,8320,3428,1714,0,0.44224037339556593,0.43757292882147025,"{""actual_effective_rate"":0.44224037339556593,""bg"":""bg2"",""bit_mapping"":""component_Gray_00_-3_01_-1_10_3_11_1_over_sqrt5;QPSK_0_plus1_1_minus1"",""code_blocks"":1,""decoder_config"":{""cn_schedule"":""flooding"",""cn_update"":""boxplus-phi"",""early_stop"":false,""hard_out"":true,""harq_mode"":false,""llr_max"":20.0,""num_iter"":20,""precision"":""single"",""prune_pcm"":true,""return_infobits"":true,""vn_update"":""sum""},""implementation"":{""bit_mapping"":""component_Gray_00_-3_01_-1_10_3_11_1_over_sqrt5;QPSK_0_plus1_1_minus1"",""cuda"":""12.8"",""decoder"":{""cn_schedule"":""flooding"",""cn_update"":""boxplus-phi"",""early_stop"":false,""hard_out"":true,""harq_mode"":false,""llr_max"":20.0,""num_iter"":20,""precision"":""single"",""prune_pcm"":true,""return_infobits"":true,""vn_update"":""sum""},""decoder_source_sha256"":""44d84b92b749e2970f94d92cd348a11648e2286b4d851faa0af8b21d08f0da23"",""encoder_source_sha256"":""34d8db6660b2e84708a8fb534f63c194f6f2b964e3693fcffc9dcaf21532ccfd"",""implementation"":""Sionna_5G_LDPC"",""power_protocol"":""fixed_constellation_average_Es2"",""precision"":""float32"",""rate_matching"":""Sionna RV0; filler removal, first2Z and tail puncturing; supported n only"",""scrambling"":""public_PCG64_SHA256_protocol_session_frame_group_counter_after_rate_matching_v1"",""torch"":""2.11.0+cu128"",""version"":""2.2.0""},""interleaver_sha256"":""ce7d3e73c2861fea18f231a84ffc670c33956662eaee771d83504b42417940ce"",""k"":1516,""k_filler"":84,""k_ldpc"":1600,""layout_id"":""92b120f12ce13e093210927d83f7c5a99176f85af934b073f61515c529ab03e7"",""modulation_padding_bits"":0,""mother_bits"":8320,""n"":3428,""n_cb"":8000,""n_cb_comp"":7916,""power_protocol"":""fixed_constellation_average_Es2"",""puncturing_bits"":4808,""puncturing_first_2Z"":320,""puncturing_remaining"":4488,""repetition_bits"":0,""scrambling"":""public_PCG64_SHA256_protocol_session_frame_group_counter_after_rate_matching_v1"",""shortening_bits"":84,""z"":160}",[2048]
16QAM,3/4,16QAM:r3/4,ec41d73cd07bbc96a9efae2ffccbb34ef7dbfa9effdf7c2d42341397ea79a608,2472,16,0,2488,2560,72,13312,4748,1187,0,0.5240101095197978,0.5206402695871946,"{""actual_effective_rate"":0.5240101095197978,""bg"":""bg2"",""bit_mapping"":""component_Gray_00_-3_01_-1_10_3_11_1_over_sqrt5;QPSK_0_plus1_1_minus1"",""code_blocks"":1,""decoder_config"":{""cn_schedule"":""flooding"",""cn_update"":""boxplus-phi"",""early_stop"":false,""hard_out"":true,""harq_mode"":false,""llr_max"":20.0,""num_iter"":20,""precision"":""single"",""prune_pcm"":true,""return_infobits"":true,""vn_update"":""sum""},""implementation"":{""bit_mapping"":""component_Gray_00_-3_01_-1_10_3_11_1_over_sqrt5;QPSK_0_plus1_1_minus1"",""cuda"":""12.8"",""decoder"":{""cn_schedule"":""flooding"",""cn_update"":""boxplus-phi"",""early_stop"":false,""hard_out"":true,""harq_mode"":false,""llr_max"":20.0,""num_iter"":20,""precision"":""single"",""prune_pcm"":true,""return_infobits"":true,""vn_update"":""sum""},""decoder_source_sha256"":""44d84b92b749e2970f94d92cd348a11648e2286b4d851faa0af8b21d08f0da23"",""encoder_source_sha256"":""34d8db6660b2e84708a8fb534f63c194f6f2b964e3693fcffc9dcaf21532ccfd"",""implementation"":""Sionna_5G_LDPC"",""power_protocol"":""fixed_constellation_average_Es2"",""precision"":""float32"",""rate_matching"":""Sionna RV0; filler removal, first2Z and tail puncturing; supported n only"",""scrambling"":""public_PCG64_SHA256_protocol_session_frame_group_counter_after_rate_matching_v1"",""torch"":""2.11.0+cu128"",""version"":""2.2.0""},""interleaver_sha256"":""60d27fcfcf0646b4f9c8360f5fd1f515733485e55c1f1741eae16c4e61d50a1b"",""k"":2488,""k_filler"":72,""k_ldpc"":2560,""layout_id"":""1245fe921eaf3f78420a56b2d542704a0ff1e57ad3a132f12d347f007bfe6e04"",""modulation_padding_bits"":0,""mother_bits"":13312,""n"":4748,""n_cb"":12800,""n_cb_comp"":12728,""power_protocol"":""fixed_constellation_average_Es2"",""puncturing_bits"":8492,""puncturing_first_2Z"":512,""puncturing_remaining"":7980,""repetition_bits"":0,""scrambling"":""public_PCG64_SHA256_protocol_session_frame_group_counter_after_rate_matching_v1"",""shortening_bits"":72,""z"":256}",[2048]
16QAM,3/4,16QAM:r3/4,ec45f6e9ff35be22c5382b22b975806a86b0a1022ecf876fc3e48d5100970ff9,1476,16,0,1492,1584,92,4896,1992,498,0,0.748995983935743,0.7409638554216867,"{""actual_effective_rate"":0.748995983935743,""bg"":""bg1"",""bit_mapping"":""component_Gray_00_-3_01_-1_10_3_11_1_over_sqrt5;QPSK_0_plus1_1_minus1"",""code_blocks"":1,""decoder_config"":{""cn_schedule"":""flooding"",""cn_update"":""boxplus-phi"",""early_stop"":false,""hard_out"":true,""harq_mode"":false,""llr_max"":20.0,""num_iter"":20,""precision"":""single"",""prune_pcm"":true,""return_infobits"":true,""vn_update"":""sum""},""implementation"":{""bit_mapping"":""component_Gray_00_-3_01_-1_10_3_11_1_over_sqrt5;QPSK_0_plus1_1_minus1"",""cuda"":""12.8"",""decoder"":{""cn_schedule"":""flooding"",""cn_update"":""boxplus-phi"",""early_stop"":false,""hard_out"":true,""harq_mode"":false,""llr_max"":20.0,""num_iter"":20,""precision"":""single"",""prune_pcm"":true,""return_infobits"":true,""vn_update"":""sum""},""decoder_source_sha256"":""44d84b92b749e2970f94d92cd348a11648e2286b4d851faa0af8b21d08f0da23"",""encoder_source_sha256"":""34d8db6660b2e84708a8fb534f63c194f6f2b964e3693fcffc9dcaf21532ccfd"",""implementation"":""Sionna_5G_LDPC"",""power_protocol"":""fixed_constellation_average_Es2"",""precision"":""float32"",""rate_matching"":""Sionna RV0; filler removal, first2Z and tail puncturing; supported n only"",""scrambling"":""public_PCG64_SHA256_protocol_session_frame_group_counter_after_rate_matching_v1"",""torch"":""2.11.0+cu128"",""version"":""2.2.0""},""interleaver_sha256"":""8da6b93c63001866c908c4fa03bb40e991483b73071a59daa268456dd204622d"",""k"":1492,""k_filler"":92,""k_ldpc"":1584,""layout_id"":""85fb77ff7046e64a52c927a8f57d072a186d1f1db4948ffc5accd480787e026e"",""modulation_padding_bits"":0,""mother_bits"":4896,""n"":1992,""n_cb"":4752,""n_cb_comp"":4660,""power_protocol"":""fixed_constellation_average_Es2"",""puncturing_bits"":2812,""puncturing_first_2Z"":144,""puncturing_remaining"":2668,""repetition_bits"":0,""scrambling"":""public_PCG64_SHA256_protocol_session_frame_group_counter_after_rate_matching_v1"",""shortening_bits"":92,""z"":72}","[1024,2048]"
16QAM,2/3,16QAM:r2/3,ec464be6e33ce15bf7c40b8e66e90dcfe839c88d69e6860e093923c19a05ff52,900,16,0,916,960,44,4992,2808,702,0,0.3262108262108262,0.32051282051282054,"{""actual_effective_rate"":0.3262108262108262,""bg"":""bg2"",""bit_mapping"":""component_Gray_00_-3_01_-1_10_3_11_1_over_sqrt5;QPSK_0_plus1_1_minus1"",""code_blocks"":1,""decoder_config"":{""cn_schedule"":""flooding"",""cn_update"":""boxplus-phi"",""early_stop"":false,""hard_out"":true,""harq_mode"":false,""llr_max"":20.0,""num_iter"":20,""precision"":""single"",""prune_pcm"":true,""return_infobits"":true,""vn_update"":""sum""},""implementation"":{""bit_mapping"":""component_Gray_00_-3_01_-1_10_3_11_1_over_sqrt5;QPSK_0_plus1_1_minus1"",""cuda"":""12.8"",""decoder"":{""cn_schedule"":""flooding"",""cn_update"":""boxplus-phi"",""early_stop"":false,""hard_out"":true,""harq_mode"":false,""llr_max"":20.0,""num_iter"":20,""precision"":""single"",""prune_pcm"":true,""return_infobits"":true,""vn_update"":""sum""},""decoder_source_sha256"":""44d84b92b749e2970f94d92cd348a11648e2286b4d851faa0af8b21d08f0da23"",""encoder_source_sha256"":""34d8db6660b2e84708a8fb534f63c194f6f2b964e3693fcffc9dcaf21532ccfd"",""implementation"":""Sionna_5G_LDPC"",""power_protocol"":""fixed_constellation_average_Es2"",""precision"":""float32"",""rate_matching"":""Sionna RV0; filler removal, first2Z and tail puncturing; supported n only"",""scrambling"":""public_PCG64_SHA256_protocol_session_frame_group_counter_after_rate_matching_v1"",""torch"":""2.11.0+cu128"",""version"":""2.2.0""},""interleaver_sha256"":""e4474b75ad8fa7c87df6b0a5ea19265b99233d4433955d6e3147257c3632a9d1"",""k"":916,""k_filler"":44,""k_ldpc"":960,""layout_id"":""69f94bda0162fcbe0e7bec95d3dc005602faf6d4dced4b0a0989320d3a7b3014"",""modulation_padding_bits"":0,""mother_bits"":4992,""n"":2808,""n_cb"":4800,""n_cb_comp"":4756,""power_protocol"":""fixed_constellation_average_Es2"",""puncturing_bits"":2140,""puncturing_first_2Z"":192,""puncturing_remaining"":1948,""repetition_bits"":0,""scrambling"":""public_PCG64_SHA256_protocol_session_frame_group_counter_after_rate_matching_v1"",""shortening_bits"":44,""z"":96}",[2048]
QPSK,1/3,QPSK:r1/3,ec4d72e423e8e22eab0ca2e78e7d40b6d52c82c7834183a228749c7131fbe6dc,1092,16,0,1108,1120,12,5824,3816,1908,0,0.29035639412997905,0.2861635220125786,"{""actual_effective_rate"":0.29035639412997905,""bg"":""bg2"",""bit_mapping"":""component_Gray_00_-3_01_-1_10_3_11_1_over_sqrt5;QPSK_0_plus1_1_minus1"",""code_blocks"":1,""decoder_config"":{""cn_schedule"":""flooding"",""cn_update"":""boxplus-phi"",""early_stop"":false,""hard_out"":true,""harq_mode"":false,""llr_max"":20.0,""num_iter"":20,""precision"":""single"",""prune_pcm"":true,""return_infobits"":true,""vn_update"":""sum""},""implementation"":{""bit_mapping"":""component_Gray_00_-3_01_-1_10_3_11_1_over_sqrt5;QPSK_0_plus1_1_minus1"",""cuda"":""12.8"",""decoder"":{""cn_schedule"":""flooding"",""cn_update"":""boxplus-phi"",""early_stop"":false,""hard_out"":true,""harq_mode"":false,""llr_max"":20.0,""num_iter"":20,""precision"":""single"",""prune_pcm"":true,""return_infobits"":true,""vn_update"":""sum""},""decoder_source_sha256"":""44d84b92b749e2970f94d92cd348a11648e2286b4d851faa0af8b21d08f0da23"",""encoder_source_sha256"":""34d8db6660b2e84708a8fb534f63c194f6f2b964e3693fcffc9dcaf21532ccfd"",""implementation"":""Sionna_5G_LDPC"",""power_protocol"":""fixed_constellation_average_Es2"",""precision"":""float32"",""rate_matching"":""Sionna RV0; filler removal, first2Z and tail puncturing; supported n only"",""scrambling"":""public_PCG64_SHA256_protocol_session_frame_group_counter_after_rate_matching_v1"",""torch"":""2.11.0+cu128"",""version"":""2.2.0""},""interleaver_sha256"":""f576f6248c4d376462eccbaf77e60ed7a2e512029bf07ef3bdf11d55ed5cd66d"",""k"":1108,""k_filler"":12,""k_ldpc"":1120,""layout_id"":""ffac95667695c7d8b6fe83b2f82c889dfe081412354743940e41beee134a580f"",""modulation_padding_bits"":0,""mother_bits"":5824,""n"":3816,""n_cb"":5600,""n_cb_comp"":5588,""power_protocol"":""fixed_constellation_average_Es2"",""puncturing_bits"":1996,""puncturing_first_2Z"":224,""puncturing_remaining"":1772,""repetition_bits"":0,""scrambling"":""public_PCG64_SHA256_protocol_session_frame_group_counter_after_rate_matching_v1"",""shortening_bits"":12,""z"":112}",[2048]
16QAM,3/4,16QAM:r3/4,ec4f26996b2a8aee912072ab24530506e44f766c5ab1b11dc133a64099042824,1308,16,0,1324,1440,116,7488,4832,1208,0,0.2740066225165563,0.2706953642384106,"{""actual_effective_rate"":0.2740066225165563,""bg"":""bg2"",""bit_mapping"":""component_Gray_00_-3_01_-1_10_3_11_1_over_sqrt5;QPSK_0_plus1_1_minus1"",""code_blocks"":1,""decoder_config"":{""cn_schedule"":""flooding"",""cn_update"":""boxplus-phi"",""early_stop"":false,""hard_out"":true,""harq_mode"":false,""llr_max"":20.0,""num_iter"":20,""precision"":""single"",""prune_pcm"":true,""return_infobits"":true,""vn_update"":""sum""},""implementation"":{""bit_mapping"":""component_Gray_00_-3_01_-1_10_3_11_1_over_sqrt5;QPSK_0_plus1_1_minus1"",""cuda"":""12.8"",""decoder"":{""cn_schedule"":""flooding"",""cn_update"":""boxplus-phi"",""early_stop"":false,""hard_out"":true,""harq_mode"":false,""llr_max"":20.0,""num_iter"":20,""precision"":""single"",""prune_pcm"":true,""return_infobits"":true,""vn_update"":""sum""},""decoder_source_sha256"":""44d84b92b749e2970f94d92cd348a11648e2286b4d851faa0af8b21d08f0da23"",""encoder_source_sha256"":""34d8db6660b2e84708a8fb534f63c194f6f2b964e3693fcffc9dcaf21532ccfd"",""implementation"":""Sionna_5G_LDPC"",""power_protocol"":""fixed_constellation_average_Es2"",""precision"":""float32"",""rate_matching"":""Sionna RV0; filler removal, first2Z and tail puncturing; supported n only"",""scrambling"":""public_PCG64_SHA256_protocol_session_frame_group_counter_after_rate_matching_v1"",""torch"":""2.11.0+cu128"",""version"":""2.2.0""},""interleaver_sha256"":""a3af20adc736dc0ac139dfcd33aabb9db894fccd23efbd9b476f1b0129d628c3"",""k"":1324,""k_filler"":116,""k_ldpc"":1440,""layout_id"":""cd1ebea4378d2845aaa94bc7e5d9c3d4c26693c6f78c8a2194ec19886bd9adf4"",""modulation_padding_bits"":0,""mother_bits"":7488,""n"":4832,""n_cb"":7200,""n_cb_comp"":7084,""power_protocol"":""fixed_constellation_average_Es2"",""puncturing_bits"":2540,""puncturing_first_2Z"":288,""puncturing_remaining"":2252,""repetition_bits"":0,""scrambling"":""public_PCG64_SHA256_protocol_session_frame_group_counter_after_rate_matching_v1"",""shortening_bits"":116,""z"":144}",[2048]
16QAM,2/3,16QAM:r2/3,ec709587f0e4871d65397ceaefaa7bd7fdc6cbf48a47c6af26751234254442e3,2904,16,0,2920,3200,280,16640,5412,1353,0,0.5395417590539542,0.5365853658536586,"{""actual_effective_rate"":0.5395417590539542,""bg"":""bg2"",""bit_mapping"":""component_Gray_00_-3_01_-1_10_3_11_1_over_sqrt5;QPSK_0_plus1_1_minus1"",""code_blocks"":1,""decoder_config"":{""cn_schedule"":""flooding"",""cn_update"":""boxplus-phi"",""early_stop"":false,""hard_out"":true,""harq_mode"":false,""llr_max"":20.0,""num_iter"":20,""precision"":""single"",""prune_pcm"":true,""return_infobits"":true,""vn_update"":""sum""},""implementation"":{""bit_mapping"":""component_Gray_00_-3_01_-1_10_3_11_1_over_sqrt5;QPSK_0_plus1_1_minus1"",""cuda"":""12.8"",""decoder"":{""cn_schedule"":""flooding"",""cn_update"":""boxplus-phi"",""early_stop"":false,""hard_out"":true,""harq_mode"":false,""llr_max"":20.0,""num_iter"":20,""precision"":""single"",""prune_pcm"":true,""return_infobits"":true,""vn_update"":""sum""},""decoder_source_sha256"":""44d84b92b749e2970f94d92cd348a11648e2286b4d851faa0af8b21d08f0da23"",""encoder_source_sha256"":""34d8db6660b2e84708a8fb534f63c194f6f2b964e3693fcffc9dcaf21532ccfd"",""implementation"":""Sionna_5G_LDPC"",""power_protocol"":""fixed_constellation_average_Es2"",""precision"":""float32"",""rate_matching"":""Sionna RV0; filler removal, first2Z and tail puncturing; supported n only"",""scrambling"":""public_PCG64_SHA256_protocol_session_frame_group_counter_after_rate_matching_v1"",""torch"":""2.11.0+cu128"",""version"":""2.2.0""},""interleaver_sha256"":""44acd3e510dc6855a0d1f7284552c8e77b6510b8f22bd5bd67ed058382e111e8"",""k"":2920,""k_filler"":280,""k_ldpc"":3200,""layout_id"":""a9fd5aef8dd4dd97c548d985073b745513fba349ca308fb4b259b6599adcc379"",""modulation_padding_bits"":0,""mother_bits"":16640,""n"":5412,""n_cb"":16000,""n_cb_comp"":15720,""power_protocol"":""fixed_constellation_average_Es2"",""puncturing_bits"":10948,""puncturing_first_2Z"":640,""puncturing_remaining"":10308,""repetition_bits"":0,""scrambling"":""public_PCG64_SHA256_protocol_session_frame_group_counter_after_rate_matching_v1"",""shortening_bits"":280,""z"":320}",[2048]
QPSK,5/6,QPSK:r5/6,ec797b8cdf50a81209865d0a4f6ad58f83e7e621a10f7dd1d03b1a738ff90aa7,1092,16,0,1108,1144,36,3536,1366,683,0,0.8111273792093704,0.7994143484626647,"{""actual_effective_rate"":0.8111273792093704,""bg"":""bg1"",""bit_mapping"":""component_Gray_00_-3_01_-1_10_3_11_1_over_sqrt5;QPSK_0_plus1_1_minus1"",""code_blocks"":1,""decoder_config"":{""cn_schedule"":""flooding"",""cn_update"":""boxplus-phi"",""early_stop"":false,""hard_out"":true,""harq_mode"":false,""llr_max"":20.0,""num_iter"":20,""precision"":""single"",""prune_pcm"":true,""return_infobits"":true,""vn_update"":""sum""},""implementation"":{""bit_mapping"":""component_Gray_00_-3_01_-1_10_3_11_1_over_sqrt5;QPSK_0_plus1_1_minus1"",""cuda"":""12.8"",""decoder"":{""cn_schedule"":""flooding"",""cn_update"":""boxplus-phi"",""early_stop"":false,""hard_out"":true,""harq_mode"":false,""llr_max"":20.0,""num_iter"":20,""precision"":""single"",""prune_pcm"":true,""return_infobits"":true,""vn_update"":""sum""},""decoder_source_sha256"":""44d84b92b749e2970f94d92cd348a11648e2286b4d851faa0af8b21d08f0da23"",""encoder_source_sha256"":""34d8db6660b2e84708a8fb534f63c194f6f2b964e3693fcffc9dcaf21532ccfd"",""implementation"":""Sionna_5G_LDPC"",""power_protocol"":""fixed_constellation_average_Es2"",""precision"":""float32"",""rate_matching"":""Sionna RV0; filler removal, first2Z and tail puncturing; supported n only"",""scrambling"":""public_PCG64_SHA256_protocol_session_frame_group_counter_after_rate_matching_v1"",""torch"":""2.11.0+cu128"",""version"":""2.2.0""},""interleaver_sha256"":""7c14b117373ff0ee6870540183bc539df0890bd1ad3cff04112a5720e1b9e511"",""k"":1108,""k_filler"":36,""k_ldpc"":1144,""layout_id"":""6a5584ba9065a309e8769b30a725660957350dd31f77d8a85b17f31c0d786fc8"",""modulation_padding_bits"":0,""mother_bits"":3536,""n"":1366,""n_cb"":3432,""n_cb_comp"":3396,""power_protocol"":""fixed_constellation_average_Es2"",""puncturing_bits"":2134,""puncturing_first_2Z"":104,""puncturing_remaining"":2030,""repetition_bits"":0,""scrambling"":""public_PCG64_SHA256_protocol_session_frame_group_counter_after_rate_matching_v1"",""shortening_bits"":36,""z"":52}","[1024,2048]"
16QAM,5/6,16QAM:r5/6,ec80739b47570879db15a5a3e0fba62fe948e094765280f8ff86406f5f758887,360,16,0,376,480,104,2496,924,231,0,0.4069264069264069,0.38961038961038963,"{""actual_effective_rate"":0.4069264069264069,""bg"":""bg2"",""bit_mapping"":""component_Gray_00_-3_01_-1_10_3_11_1_over_sqrt5;QPSK_0_plus1_1_minus1"",""code_blocks"":1,""decoder_config"":{""cn_schedule"":""flooding"",""cn_update"":""boxplus-phi"",""early_stop"":false,""hard_out"":true,""harq_mode"":false,""llr_max"":20.0,""num_iter"":20,""precision"":""single"",""prune_pcm"":true,""return_infobits"":true,""vn_update"":""sum""},""implementation"":{""bit_mapping"":""component_Gray_00_-3_01_-1_10_3_11_1_over_sqrt5;QPSK_0_plus1_1_minus1"",""cuda"":""12.8"",""decoder"":{""cn_schedule"":""flooding"",""cn_update"":""boxplus-phi"",""early_stop"":false,""hard_out"":true,""harq_mode"":false,""llr_max"":20.0,""num_iter"":20,""precision"":""single"",""prune_pcm"":true,""return_infobits"":true,""vn_update"":""sum""},""decoder_source_sha256"":""44d84b92b749e2970f94d92cd348a11648e2286b4d851faa0af8b21d08f0da23"",""encoder_source_sha256"":""34d8db6660b2e84708a8fb534f63c194f6f2b964e3693fcffc9dcaf21532ccfd"",""implementation"":""Sionna_5G_LDPC"",""power_protocol"":""fixed_constellation_average_Es2"",""precision"":""float32"",""rate_matching"":""Sionna RV0; filler removal, first2Z and tail puncturing; supported n only"",""scrambling"":""public_PCG64_SHA256_protocol_session_frame_group_counter_after_rate_matching_v1"",""torch"":""2.11.0+cu128"",""version"":""2.2.0""},""interleaver_sha256"":""7e5ccd17126b8743fe686caf7f0b3aac1f3c34a93d0545e2da5613c0d945be89"",""k"":376,""k_filler"":104,""k_ldpc"":480,""layout_id"":""d911b2303700b623114247eeabbe346dce5e1bad6d15d11d4d924e19459c3939"",""modulation_padding_bits"":0,""mother_bits"":2496,""n"":924,""n_cb"":2400,""n_cb_comp"":2296,""power_protocol"":""fixed_constellation_average_Es2"",""puncturing_bits"":1468,""puncturing_first_2Z"":96,""puncturing_remaining"":1372,""repetition_bits"":0,""scrambling"":""public_PCG64_SHA256_protocol_session_frame_group_counter_after_rate_matching_v1"",""shortening_bits"":104,""z"":48}","[1024,2048]"
16QAM,2/3,16QAM:r2/3,ec8b4c2012ac7fc675a9f813fcd3a4f36c2ecc4a442cc2200fc1af9df3988f3f,1092,16,0,1108,1120,12,5824,5368,1342,0,0.20640834575260805,0.20342771982116245,"{""actual_effective_rate"":0.20640834575260805,""bg"":""bg2"",""bit_mapping"":""component_Gray_00_-3_01_-1_10_3_11_1_over_sqrt5;QPSK_0_plus1_1_minus1"",""code_blocks"":1,""decoder_config"":{""cn_schedule"":""flooding"",""cn_update"":""boxplus-phi"",""early_stop"":false,""hard_out"":true,""harq_mode"":false,""llr_max"":20.0,""num_iter"":20,""precision"":""single"",""prune_pcm"":true,""return_infobits"":true,""vn_update"":""sum""},""implementation"":{""bit_mapping"":""component_Gray_00_-3_01_-1_10_3_11_1_over_sqrt5;QPSK_0_plus1_1_minus1"",""cuda"":""12.8"",""decoder"":{""cn_schedule"":""flooding"",""cn_update"":""boxplus-phi"",""early_stop"":false,""hard_out"":true,""harq_mode"":false,""llr_max"":20.0,""num_iter"":20,""precision"":""single"",""prune_pcm"":true,""return_infobits"":true,""vn_update"":""sum""},""decoder_source_sha256"":""44d84b92b749e2970f94d92cd348a11648e2286b4d851faa0af8b21d08f0da23"",""encoder_source_sha256"":""34d8db6660b2e84708a8fb534f63c194f6f2b964e3693fcffc9dcaf21532ccfd"",""implementation"":""Sionna_5G_LDPC"",""power_protocol"":""fixed_constellation_average_Es2"",""precision"":""float32"",""rate_matching"":""Sionna RV0; filler removal, first2Z and tail puncturing; supported n only"",""scrambling"":""public_PCG64_SHA256_protocol_session_frame_group_counter_after_rate_matching_v1"",""torch"":""2.11.0+cu128"",""version"":""2.2.0""},""interleaver_sha256"":""c1665f79ae73a936cc2c4b2fb35d08542b4038b7e112779b3e62896b6df5aba5"",""k"":1108,""k_filler"":12,""k_ldpc"":1120,""layout_id"":""2850ae439f3c227e3cbda42961a6812d12da7871983d63b857f3fad11616b885"",""modulation_padding_bits"":0,""mother_bits"":5824,""n"":5368,""n_cb"":5600,""n_cb_comp"":5588,""power_protocol"":""fixed_constellation_average_Es2"",""puncturing_bits"":444,""puncturing_first_2Z"":224,""puncturing_remaining"":220,""repetition_bits"":0,""scrambling"":""public_PCG64_SHA256_protocol_session_frame_group_counter_after_rate_matching_v1"",""shortening_bits"":12,""z"":112}",[2048]
16QAM,3/4,16QAM:r3/4,ec9a760ecdd699625384a0e56dcfffb8e5aef9d5aabcb024f22c2077a8ca513b,216,16,0,232,300,68,1560,828,207,0,0.28019323671497587,0.2608695652173913,"{""actual_effective_rate"":0.28019323671497587,""bg"":""bg2"",""bit_mapping"":""component_Gray_00_-3_01_-1_10_3_11_1_over_sqrt5;QPSK_0_plus1_1_minus1"",""code_blocks"":1,""decoder_config"":{""cn_schedule"":""flooding"",""cn_update"":""boxplus-phi"",""early_stop"":false,""hard_out"":true,""harq_mode"":false,""llr_max"":20.0,""num_iter"":20,""precision"":""single"",""prune_pcm"":true,""return_infobits"":true,""vn_update"":""sum""},""implementation"":{""bit_mapping"":""component_Gray_00_-3_01_-1_10_3_11_1_over_sqrt5;QPSK_0_plus1_1_minus1"",""cuda"":""12.8"",""decoder"":{""cn_schedule"":""flooding"",""cn_update"":""boxplus-phi"",""early_stop"":false,""hard_out"":true,""harq_mode"":false,""llr_max"":20.0,""num_iter"":20,""precision"":""single"",""prune_pcm"":true,""return_infobits"":true,""vn_update"":""sum""},""decoder_source_sha256"":""44d84b92b749e2970f94d92cd348a11648e2286b4d851faa0af8b21d08f0da23"",""encoder_source_sha256"":""34d8db6660b2e84708a8fb534f63c194f6f2b964e3693fcffc9dcaf21532ccfd"",""implementation"":""Sionna_5G_LDPC"",""power_protocol"":""fixed_constellation_average_Es2"",""precision"":""float32"",""rate_matching"":""Sionna RV0; filler removal, first2Z and tail puncturing; supported n only"",""scrambling"":""public_PCG64_SHA256_protocol_session_frame_group_counter_after_rate_matching_v1"",""torch"":""2.11.0+cu128"",""version"":""2.2.0""},""interleaver_sha256"":""1553fa85c61d9cf044f8747da625b93d44ccf40d106d21301fa6989f3903b128"",""k"":232,""k_filler"":68,""k_ldpc"":300,""layout_id"":""639bea848155fe7337f878376482a192a0096085e8d78a53ddd090043e349675"",""modulation_padding_bits"":0,""mother_bits"":1560,""n"":828,""n_cb"":1500,""n_cb_comp"":1432,""power_protocol"":""fixed_constellation_average_Es2"",""puncturing_bits"":664,""puncturing_first_2Z"":60,""puncturing_remaining"":604,""repetition_bits"":0,""scrambling"":""public_PCG64_SHA256_protocol_session_frame_group_counter_after_rate_matching_v1"",""shortening_bits"":68,""z"":30}",[1024]
16QAM,3/4,16QAM:r3/4,ec9bd09cdff8034c4454596e79931192b1281a8beb5abb1478b07517da48b75e,1200,16,0,1216,1280,64,6656,2392,598,0,0.5083612040133779,0.5016722408026756,"{""actual_effective_rate"":0.5083612040133779,""bg"":""bg2"",""bit_mapping"":""component_Gray_00_-3_01_-1_10_3_11_1_over_sqrt5;QPSK_0_plus1_1_minus1"",""code_blocks"":1,""decoder_config"":{""cn_schedule"":""flooding"",""cn_update"":""boxplus-phi"",""early_stop"":false,""hard_out"":true,""harq_mode"":false,""llr_max"":20.0,""num_iter"":20,""precision"":""single"",""prune_pcm"":true,""return_infobits"":true,""vn_update"":""sum""},""implementation"":{""bit_mapping"":""component_Gray_00_-3_01_-1_10_3_11_1_over_sqrt5;QPSK_0_plus1_1_minus1"",""cuda"":""12.8"",""decoder"":{""cn_schedule"":""flooding"",""cn_update"":""boxplus-phi"",""early_stop"":false,""hard_out"":true,""harq_mode"":false,""llr_max"":20.0,""num_iter"":20,""precision"":""single"",""prune_pcm"":true,""return_infobits"":true,""vn_update"":""sum""},""decoder_source_sha256"":""44d84b92b749e2970f94d92cd348a11648e2286b4d851faa0af8b21d08f0da23"",""encoder_source_sha256"":""34d8db6660b2e84708a8fb534f63c194f6f2b964e3693fcffc9dcaf21532ccfd"",""implementation"":""Sionna_5G_LDPC"",""power_protocol"":""fixed_constellation_average_Es2"",""precision"":""float32"",""rate_matching"":""Sionna RV0; filler removal, first2Z and tail puncturing; supported n only"",""scrambling"":""public_PCG64_SHA256_protocol_session_frame_group_counter_after_rate_matching_v1"",""torch"":""2.11.0+cu128"",""version"":""2.2.0""},""interleaver_sha256"":""11d690d6b96864f1dbf838f040de593f164b9a46d389e2ac588c55f062bf443a"",""k"":1216,""k_filler"":64,""k_ldpc"":1280,""layout_id"":""6651a6069b5f8d3ba62ba3af6845b1ee87e20985a4a74c43afcdfe9f30c90203"",""modulation_padding_bits"":0,""mother_bits"":6656,""n"":2392,""n_cb"":6400,""n_cb_comp"":6336,""power_protocol"":""fixed_constellation_average_Es2"",""puncturing_bits"":4200,""puncturing_first_2Z"":256,""puncturing_remaining"":3944,""repetition_bits"":0,""scrambling"":""public_PCG64_SHA256_protocol_session_frame_group_counter_after_rate_matching_v1"",""shortening_bits"":64,""z"":128}",[2048]
16QAM,5/6,16QAM:r5/6,eca0a8197e633e8d11855f45d4211bbd5c0d09cb12a0145234f339f4c6996869,1068,16,0,1084,1120,36,5824,1800,450,0,0.6022222222222222,0.5933333333333334,"{""actual_effective_rate"":0.6022222222222222,""bg"":""bg2"",""bit_mapping"":""component_Gray_00_-3_01_-1_10_3_11_1_over_sqrt5;QPSK_0_plus1_1_minus1"",""code_blocks"":1,""decoder_config"":{""cn_schedule"":""flooding"",""cn_update"":""boxplus-phi"",""early_stop"":false,""hard_out"":true,""harq_mode"":false,""llr_max"":20.0,""num_iter"":20,""precision"":""single"",""prune_pcm"":true,""return_infobits"":true,""vn_update"":""sum""},""implementation"":{""bit_mapping"":""component_Gray_00_-3_01_-1_10_3_11_1_over_sqrt5;QPSK_0_plus1_1_minus1"",""cuda"":""12.8"",""decoder"":{""cn_schedule"":""flooding"",""cn_update"":""boxplus-phi"",""early_stop"":false,""hard_out"":true,""harq_mode"":false,""llr_max"":20.0,""num_iter"":20,""precision"":""single"",""prune_pcm"":true,""return_infobits"":true,""vn_update"":""sum""},""decoder_source_sha256"":""44d84b92b749e2970f94d92cd348a11648e2286b4d851faa0af8b21d08f0da23"",""encoder_source_sha256"":""34d8db6660b2e84708a8fb534f63c194f6f2b964e3693fcffc9dcaf21532ccfd"",""implementation"":""Sionna_5G_LDPC"",""power_protocol"":""fixed_constellation_average_Es2"",""precision"":""float32"",""rate_matching"":""Sionna RV0; filler removal, first2Z and tail puncturing; supported n only"",""scrambling"":""public_PCG64_SHA256_protocol_session_frame_group_counter_after_rate_matching_v1"",""torch"":""2.11.0+cu128"",""version"":""2.2.0""},""interleaver_sha256"":""7ae64567aec4b2696b67dc98ee55f895dafdfff024eb5925041a7e1e52234981"",""k"":1084,""k_filler"":36,""k_ldpc"":1120,""layout_id"":""68ff3ff3737a3a2714ca9157155c3c672dfaecbe73a8be964cf54e7f41b11b1b"",""modulation_padding_bits"":0,""mother_bits"":5824,""n"":1800,""n_cb"":5600,""n_cb_comp"":5564,""power_protocol"":""fixed_constellation_average_Es2"",""puncturing_bits"":3988,""puncturing_first_2Z"":224,""puncturing_remaining"":3764,""repetition_bits"":0,""scrambling"":""public_PCG64_SHA256_protocol_session_frame_group_counter_after_rate_matching_v1"",""shortening_bits"":36,""z"":112}",[2048]
16QAM,1/3,16QAM:r1/3,eca4c2ada760cfe6d2700d87960da455c8692f04af0370e29faf28cd898af990,360,16,0,376,480,104,2496,1132,283,0,0.3321554770318021,0.31802120141342755,"{""actual_effective_rate"":0.3321554770318021,""bg"":""bg2"",""bit_mapping"":""component_Gray_00_-3_01_-1_10_3_11_1_over_sqrt5;QPSK_0_plus1_1_minus1"",""code_blocks"":1,""decoder_config"":{""cn_schedule"":""flooding"",""cn_update"":""boxplus-phi"",""early_stop"":false,""hard_out"":true,""harq_mode"":false,""llr_max"":20.0,""num_iter"":20,""precision"":""single"",""prune_pcm"":true,""return_infobits"":true,""vn_update"":""sum""},""implementation"":{""bit_mapping"":""component_Gray_00_-3_01_-1_10_3_11_1_over_sqrt5;QPSK_0_plus1_1_minus1"",""cuda"":""12.8"",""decoder"":{""cn_schedule"":""flooding"",""cn_update"":""boxplus-phi"",""early_stop"":false,""hard_out"":true,""harq_mode"":false,""llr_max"":20.0,""num_iter"":20,""precision"":""single"",""prune_pcm"":true,""return_infobits"":true,""vn_update"":""sum""},""decoder_source_sha256"":""44d84b92b749e2970f94d92cd348a11648e2286b4d851faa0af8b21d08f0da23"",""encoder_source_sha256"":""34d8db6660b2e84708a8fb534f63c194f6f2b964e3693fcffc9dcaf21532ccfd"",""implementation"":""Sionna_5G_LDPC"",""power_protocol"":""fixed_constellation_average_Es2"",""precision"":""float32"",""rate_matching"":""Sionna RV0; filler removal, first2Z and tail puncturing; supported n only"",""scrambling"":""public_PCG64_SHA256_protocol_session_frame_group_counter_after_rate_matching_v1"",""torch"":""2.11.0+cu128"",""version"":""2.2.0""},""interleaver_sha256"":""df578f2ccf6bffc386584364310d7ecafb18becf15bdffb6dbada0c044c75bd2"",""k"":376,""k_filler"":104,""k_ldpc"":480,""layout_id"":""1f8c05aaa992e9a8f29dae2683abc95b8e7a0cd1b924bb44c673d01af5098f31"",""modulation_padding_bits"":0,""mother_bits"":2496,""n"":1132,""n_cb"":2400,""n_cb_comp"":2296,""power_protocol"":""fixed_constellation_average_Es2"",""puncturing_bits"":1260,""puncturing_first_2Z"":96,""puncturing_remaining"":1164,""repetition_bits"":0,""scrambling"":""public_PCG64_SHA256_protocol_session_frame_group_counter_after_rate_matching_v1"",""shortening_bits"":104,""z"":48}","[1024,2048]"
QPSK,3/4,QPSK:r3/4,ecac55a709bc4dc6bd579c5986587e78c8cbf90b41a783719ee3dd3a8d865b6b,660,16,0,676,704,28,2176,912,456,0,0.7412280701754386,0.7236842105263158,"{""actual_effective_rate"":0.7412280701754386,""bg"":""bg1"",""bit_mapping"":""component_Gray_00_-3_01_-1_10_3_11_1_over_sqrt5;QPSK_0_plus1_1_minus1"",""code_blocks"":1,""decoder_config"":{""cn_schedule"":""flooding"",""cn_update"":""boxplus-phi"",""early_stop"":false,""hard_out"":true,""harq_mode"":false,""llr_max"":20.0,""num_iter"":20,""precision"":""single"",""prune_pcm"":true,""return_infobits"":true,""vn_update"":""sum""},""implementation"":{""bit_mapping"":""component_Gray_00_-3_01_-1_10_3_11_1_over_sqrt5;QPSK_0_plus1_1_minus1"",""cuda"":""12.8"",""decoder"":{""cn_schedule"":""flooding"",""cn_update"":""boxplus-phi"",""early_stop"":false,""hard_out"":true,""harq_mode"":false,""llr_max"":20.0,""num_iter"":20,""precision"":""single"",""prune_pcm"":true,""return_infobits"":true,""vn_update"":""sum""},""decoder_source_sha256"":""44d84b92b749e2970f94d92cd348a11648e2286b4d851faa0af8b21d08f0da23"",""encoder_source_sha256"":""34d8db6660b2e84708a8fb534f63c194f6f2b964e3693fcffc9dcaf21532ccfd"",""implementation"":""Sionna_5G_LDPC"",""power_protocol"":""fixed_constellation_average_Es2"",""precision"":""float32"",""rate_matching"":""Sionna RV0; filler removal, first2Z and tail puncturing; supported n only"",""scrambling"":""public_PCG64_SHA256_protocol_session_frame_group_counter_after_rate_matching_v1"",""torch"":""2.11.0+cu128"",""version"":""2.2.0""},""interleaver_sha256"":""5f4f6e27789f2d2744482af93ce797335b9cb43f6dd784c383c05d659eb51c07"",""k"":676,""k_filler"":28,""k_ldpc"":704,""layout_id"":""1b0d9f28480bfc77ad959678f5c1a78622701e44494eee9686f87933503390ac"",""modulation_padding_bits"":0,""mother_bits"":2176,""n"":912,""n_cb"":2112,""n_cb_comp"":2084,""power_protocol"":""fixed_constellation_average_Es2"",""puncturing_bits"":1236,""puncturing_first_2Z"":64,""puncturing_remaining"":1172,""repetition_bits"":0,""scrambling"":""public_PCG64_SHA256_protocol_session_frame_group_counter_after_rate_matching_v1"",""shortening_bits"":28,""z"":32}",[1024]
QPSK,3/4,QPSK:r3/4,ecbdf6255eb82481aafe1dde0527c335fd81d67d36c90d7ca6dd087d56f51441,1092,16,0,1108,1120,12,5824,2924,1462,0,0.3789329685362517,0.3734610123119015,"{""actual_effective_rate"":0.3789329685362517,""bg"":""bg2"",""bit_mapping"":""component_Gray_00_-3_01_-1_10_3_11_1_over_sqrt5;QPSK_0_plus1_1_minus1"",""code_blocks"":1,""decoder_config"":{""cn_schedule"":""flooding"",""cn_update"":""boxplus-phi"",""early_stop"":false,""hard_out"":true,""harq_mode"":false,""llr_max"":20.0,""num_iter"":20,""precision"":""single"",""prune_pcm"":true,""return_infobits"":true,""vn_update"":""sum""},""implementation"":{""bit_mapping"":""component_Gray_00_-3_01_-1_10_3_11_1_over_sqrt5;QPSK_0_plus1_1_minus1"",""cuda"":""12.8"",""decoder"":{""cn_schedule"":""flooding"",""cn_update"":""boxplus-phi"",""early_stop"":false,""hard_out"":true,""harq_mode"":false,""llr_max"":20.0,""num_iter"":20,""precision"":""single"",""prune_pcm"":true,""return_infobits"":true,""vn_update"":""sum""},""decoder_source_sha256"":""44d84b92b749e2970f94d92cd348a11648e2286b4d851faa0af8b21d08f0da23"",""encoder_source_sha256"":""34d8db6660b2e84708a8fb534f63c194f6f2b964e3693fcffc9dcaf21532ccfd"",""implementation"":""Sionna_5G_LDPC"",""power_protocol"":""fixed_constellation_average_Es2"",""precision"":""float32"",""rate_matching"":""Sionna RV0; filler removal, first2Z and tail puncturing; supported n only"",""scrambling"":""public_PCG64_SHA256_protocol_session_frame_group_counter_after_rate_matching_v1"",""torch"":""2.11.0+cu128"",""version"":""2.2.0""},""interleaver_sha256"":""5ddbb5b3e835d0b6a6fae0b32ba9df738fefe61383b58968d1c8b863754bffc7"",""k"":1108,""k_filler"":12,""k_ldpc"":1120,""layout_id"":""05411c0503409140b8c9c9fcc582b1aee2a75cb5640fd64cd13f44b90bde4b0e"",""modulation_padding_bits"":0,""mother_bits"":5824,""n"":2924,""n_cb"":5600,""n_cb_comp"":5588,""power_protocol"":""fixed_constellation_average_Es2"",""puncturing_bits"":2888,""puncturing_first_2Z"":224,""puncturing_remaining"":2664,""repetition_bits"":0,""scrambling"":""public_PCG64_SHA256_protocol_session_frame_group_counter_after_rate_matching_v1"",""shortening_bits"":12,""z"":112}",[2048]
QPSK,1/2,QPSK:r1/2,eccf22401d39bcec13162ad6e61bca355b80c263681399bf2e2f050774b9695f,1860,16,0,1876,1920,44,9984,3760,1880,0,0.498936170212766,0.4946808510638298,"{""actual_effective_rate"":0.498936170212766,""bg"":""bg2"",""bit_mapping"":""component_Gray_00_-3_01_-1_10_3_11_1_over_sqrt5;QPSK_0_plus1_1_minus1"",""code_blocks"":1,""decoder_config"":{""cn_schedule"":""flooding"",""cn_update"":""boxplus-phi"",""early_stop"":false,""hard_out"":true,""harq_mode"":false,""llr_max"":20.0,""num_iter"":20,""precision"":""single"",""prune_pcm"":true,""return_infobits"":true,""vn_update"":""sum""},""implementation"":{""bit_mapping"":""component_Gray_00_-3_01_-1_10_3_11_1_over_sqrt5;QPSK_0_plus1_1_minus1"",""cuda"":""12.8"",""decoder"":{""cn_schedule"":""flooding"",""cn_update"":""boxplus-phi"",""early_stop"":false,""hard_out"":true,""harq_mode"":false,""llr_max"":20.0,""num_iter"":20,""precision"":""single"",""prune_pcm"":true,""return_infobits"":true,""vn_update"":""sum""},""decoder_source_sha256"":""44d84b92b749e2970f94d92cd348a11648e2286b4d851faa0af8b21d08f0da23"",""encoder_source_sha256"":""34d8db6660b2e84708a8fb534f63c194f6f2b964e3693fcffc9dcaf21532ccfd"",""implementation"":""Sionna_5G_LDPC"",""power_protocol"":""fixed_constellation_average_Es2"",""precision"":""float32"",""rate_matching"":""Sionna RV0; filler removal, first2Z and tail puncturing; supported n only"",""scrambling"":""public_PCG64_SHA256_protocol_session_frame_group_counter_after_rate_matching_v1"",""torch"":""2.11.0+cu128"",""version"":""2.2.0""},""interleaver_sha256"":""fd9a3b4c22bbb4984ec8ec84b67fb31c05e1cf700691a1cc02a04f8a33d876e3"",""k"":1876,""k_filler"":44,""k_ldpc"":1920,""layout_id"":""b55fc94ca470f285e1d425b70a7a64de376e300fc076d1ca821ec5ad1ce82708"",""modulation_padding_bits"":0,""mother_bits"":9984,""n"":3760,""n_cb"":9600,""n_cb_comp"":9556,""power_protocol"":""fixed_constellation_average_Es2"",""puncturing_bits"":6180,""puncturing_first_2Z"":384,""puncturing_remaining"":5796,""repetition_bits"":0,""scrambling"":""public_PCG64_SHA256_protocol_session_frame_group_counter_after_rate_matching_v1"",""shortening_bits"":44,""z"":192}",[2048]
16QAM,3/4,16QAM:r3/4,ecdf47c50072e319e1bb7a7e30c1b61c7339f921d62a2142c00485a08b510d9d,192,16,0,208,260,52,1352,612,153,0,0.33986928104575165,0.3137254901960784,"{""actual_effective_rate"":0.33986928104575165,""bg"":""bg2"",""bit_mapping"":""component_Gray_00_-3_01_-1_10_3_11_1_over_sqrt5;QPSK_0_plus1_1_minus1"",""code_blocks"":1,""decoder_config"":{""cn_schedule"":""flooding"",""cn_update"":""boxplus-phi"",""early_stop"":false,""hard_out"":true,""harq_mode"":false,""llr_max"":20.0,""num_iter"":20,""precision"":""single"",""prune_pcm"":true,""return_infobits"":true,""vn_update"":""sum""},""implementation"":{""bit_mapping"":""component_Gray_00_-3_01_-1_10_3_11_1_over_sqrt5;QPSK_0_plus1_1_minus1"",""cuda"":""12.8"",""decoder"":{""cn_schedule"":""flooding"",""cn_update"":""boxplus-phi"",""early_stop"":false,""hard_out"":true,""harq_mode"":false,""llr_max"":20.0,""num_iter"":20,""precision"":""single"",""prune_pcm"":true,""return_infobits"":true,""vn_update"":""sum""},""decoder_source_sha256"":""44d84b92b749e2970f94d92cd348a11648e2286b4d851faa0af8b21d08f0da23"",""encoder_source_sha256"":""34d8db6660b2e84708a8fb534f63c194f6f2b964e3693fcffc9dcaf21532ccfd"",""implementation"":""Sionna_5G_LDPC"",""power_protocol"":""fixed_constellation_average_Es2"",""precision"":""float32"",""rate_matching"":""Sionna RV0; filler removal, first2Z and tail puncturing; supported n only"",""scrambling"":""public_PCG64_SHA256_protocol_session_frame_group_counter_after_rate_matching_v1"",""torch"":""2.11.0+cu128"",""version"":""2.2.0""},""interleaver_sha256"":""eae6e4242414738709995a1e5ce453220191231e268327e5917e7430999d35ab"",""k"":208,""k_filler"":52,""k_ldpc"":260,""layout_id"":""04ff7ea107515c75b1ae83a25827fe9649f63d97f98554abb2e65d458ef6739a"",""modulation_padding_bits"":0,""mother_bits"":1352,""n"":612,""n_cb"":1300,""n_cb_comp"":1248,""power_protocol"":""fixed_constellation_average_Es2"",""puncturing_bits"":688,""puncturing_first_2Z"":52,""puncturing_remaining"":636,""repetition_bits"":0,""scrambling"":""public_PCG64_SHA256_protocol_session_frame_group_counter_after_rate_matching_v1"",""shortening_bits"":52,""z"":26}",[2048]
QPSK,1/3,QPSK:r1/3,ece1d29aefbc21ecf76d6c893e8dcff5eff8f9d69dfa36bb6580743f00f1be37,612,16,0,628,720,92,3744,1912,956,0,0.3284518828451883,0.3200836820083682,"{""actual_effective_rate"":0.3284518828451883,""bg"":""bg2"",""bit_mapping"":""component_Gray_00_-3_01_-1_10_3_11_1_over_sqrt5;QPSK_0_plus1_1_minus1"",""code_blocks"":1,""decoder_config"":{""cn_schedule"":""flooding"",""cn_update"":""boxplus-phi"",""early_stop"":false,""hard_out"":true,""harq_mode"":false,""llr_max"":20.0,""num_iter"":20,""precision"":""single"",""prune_pcm"":true,""return_infobits"":true,""vn_update"":""sum""},""implementation"":{""bit_mapping"":""component_Gray_00_-3_01_-1_10_3_11_1_over_sqrt5;QPSK_0_plus1_1_minus1"",""cuda"":""12.8"",""decoder"":{""cn_schedule"":""flooding"",""cn_update"":""boxplus-phi"",""early_stop"":false,""hard_out"":true,""harq_mode"":false,""llr_max"":20.0,""num_iter"":20,""precision"":""single"",""prune_pcm"":true,""return_infobits"":true,""vn_update"":""sum""},""decoder_source_sha256"":""44d84b92b749e2970f94d92cd348a11648e2286b4d851faa0af8b21d08f0da23"",""encoder_source_sha256"":""34d8db6660b2e84708a8fb534f63c194f6f2b964e3693fcffc9dcaf21532ccfd"",""implementation"":""Sionna_5G_LDPC"",""power_protocol"":""fixed_constellation_average_Es2"",""precision"":""float32"",""rate_matching"":""Sionna RV0; filler removal, first2Z and tail puncturing; supported n only"",""scrambling"":""public_PCG64_SHA256_protocol_session_frame_group_counter_after_rate_matching_v1"",""torch"":""2.11.0+cu128"",""version"":""2.2.0""},""interleaver_sha256"":""6bf95bf2c0e2ecc0e051c11851f956a0c4628f53d98079936a61809b1b2704ba"",""k"":628,""k_filler"":92,""k_ldpc"":720,""layout_id"":""44465796da5e46890a6356e5063185a5fd5a4f7c5e41875e750f1b6e258f5fb7"",""modulation_padding_bits"":0,""mother_bits"":3744,""n"":1912,""n_cb"":3600,""n_cb_comp"":3508,""power_protocol"":""fixed_constellation_average_Es2"",""puncturing_bits"":1740,""puncturing_first_2Z"":144,""puncturing_remaining"":1596,""repetition_bits"":0,""scrambling"":""public_PCG64_SHA256_protocol_session_frame_group_counter_after_rate_matching_v1"",""shortening_bits"":92,""z"":72}",[1024]
QPSK,5/6,QPSK:r5/6,ece4c5dbb6fe2f3bdbc11d8bfd19d8c0b1cfd1c59faeaadb636bea087a697b2b,1116,16,0,1132,1144,12,3536,1360,680,0,0.8323529411764706,0.8205882352941176,"{""actual_effective_rate"":0.8323529411764706,""bg"":""bg1"",""bit_mapping"":""component_Gray_00_-3_01_-1_10_3_11_1_over_sqrt5;QPSK_0_plus1_1_minus1"",""code_blocks"":1,""decoder_config"":{""cn_schedule"":""flooding"",""cn_update"":""boxplus-phi"",""early_stop"":false,""hard_out"":true,""harq_mode"":false,""llr_max"":20.0,""num_iter"":20,""precision"":""single"",""prune_pcm"":true,""return_infobits"":true,""vn_update"":""sum""},""implementation"":{""bit_mapping"":""component_Gray_00_-3_01_-1_10_3_11_1_over_sqrt5;QPSK_0_plus1_1_minus1"",""cuda"":""12.8"",""decoder"":{""cn_schedule"":""flooding"",""cn_update"":""boxplus-phi"",""early_stop"":false,""hard_out"":true,""harq_mode"":false,""llr_max"":20.0,""num_iter"":20,""precision"":""single"",""prune_pcm"":true,""return_infobits"":true,""vn_update"":""sum""},""decoder_source_sha256"":""44d84b92b749e2970f94d92cd348a11648e2286b4d851faa0af8b21d08f0da23"",""encoder_source_sha256"":""34d8db6660b2e84708a8fb534f63c194f6f2b964e3693fcffc9dcaf21532ccfd"",""implementation"":""Sionna_5G_LDPC"",""power_protocol"":""fixed_constellation_average_Es2"",""precision"":""float32"",""rate_matching"":""Sionna RV0; filler removal, first2Z and tail puncturing; supported n only"",""scrambling"":""public_PCG64_SHA256_protocol_session_frame_group_counter_after_rate_matching_v1"",""torch"":""2.11.0+cu128"",""version"":""2.2.0""},""interleaver_sha256"":""68e4fe086c9703db508f05c17572dc2bda3eb30f881be10cb84d94ee570455f3"",""k"":1132,""k_filler"":12,""k_ldpc"":1144,""layout_id"":""de3ba6c5b4cf5e432e57bb23c5293a80754df2f4cc5217d4c6230fa9b1db8651"",""modulation_padding_bits"":0,""mother_bits"":3536,""n"":1360,""n_cb"":3432,""n_cb_comp"":3420,""power_protocol"":""fixed_constellation_average_Es2"",""puncturing_bits"":2164,""puncturing_first_2Z"":104,""puncturing_remaining"":2060,""repetition_bits"":0,""scrambling"":""public_PCG64_SHA256_protocol_session_frame_group_counter_after_rate_matching_v1"",""shortening_bits"":12,""z"":52}","[1024,2048]"
16QAM,3/4,16QAM:r3/4,ecef39e50acfe25a82ccb8c161670f4c986b2f1cc56861554bb2709cf842f1ea,576,16,0,592,720,128,3744,1004,251,0,0.5896414342629482,0.5737051792828686,"{""actual_effective_rate"":0.5896414342629482,""bg"":""bg2"",""bit_mapping"":""component_Gray_00_-3_01_-1_10_3_11_1_over_sqrt5;QPSK_0_plus1_1_minus1"",""code_blocks"":1,""decoder_config"":{""cn_schedule"":""flooding"",""cn_update"":""boxplus-phi"",""early_stop"":false,""hard_out"":true,""harq_mode"":false,""llr_max"":20.0,""num_iter"":20,""precision"":""single"",""prune_pcm"":true,""return_infobits"":true,""vn_update"":""sum""},""implementation"":{""bit_mapping"":""component_Gray_00_-3_01_-1_10_3_11_1_over_sqrt5;QPSK_0_plus1_1_minus1"",""cuda"":""12.8"",""decoder"":{""cn_schedule"":""flooding"",""cn_update"":""boxplus-phi"",""early_stop"":false,""hard_out"":true,""harq_mode"":false,""llr_max"":20.0,""num_iter"":20,""precision"":""single"",""prune_pcm"":true,""return_infobits"":true,""vn_update"":""sum""},""decoder_source_sha256"":""44d84b92b749e2970f94d92cd348a11648e2286b4d851faa0af8b21d08f0da23"",""encoder_source_sha256"":""34d8db6660b2e84708a8fb534f63c194f6f2b964e3693fcffc9dcaf21532ccfd"",""implementation"":""Sionna_5G_LDPC"",""power_protocol"":""fixed_constellation_average_Es2"",""precision"":""float32"",""rate_matching"":""Sionna RV0; filler removal, first2Z and tail puncturing; supported n only"",""scrambling"":""public_PCG64_SHA256_protocol_session_frame_group_counter_after_rate_matching_v1"",""torch"":""2.11.0+cu128"",""version"":""2.2.0""},""interleaver_sha256"":""3b8345a218a68e794481f6ff8c3067dcaf53e0e5d76db5d1fdfe8330dcb7aca8"",""k"":592,""k_filler"":128,""k_ldpc"":720,""layout_id"":""d17c6f2113e2543e0364390283714f49c11a3fb7c82f9678bc43411162f92720"",""modulation_padding_bits"":0,""mother_bits"":3744,""n"":1004,""n_cb"":3600,""n_cb_comp"":3472,""power_protocol"":""fixed_constellation_average_Es2"",""puncturing_bits"":2612,""puncturing_first_2Z"":144,""puncturing_remaining"":2468,""repetition_bits"":0,""scrambling"":""public_PCG64_SHA256_protocol_session_frame_group_counter_after_rate_matching_v1"",""shortening_bits"":128,""z"":72}",[1024]
QPSK,5/6,QPSK:r5/6,ecf7e4a6e5acf29fb8a056f32d2f44a80a6736f49a0850846b4cf6fd5673855f,1500,16,0,1516,1600,84,8320,3172,1586,0,0.47793190416141235,0.4728877679697352,"{""actual_effective_rate"":0.47793190416141235,""bg"":""bg2"",""bit_mapping"":""component_Gray_00_-3_01_-1_10_3_11_1_over_sqrt5;QPSK_0_plus1_1_minus1"",""code_blocks"":1,""decoder_config"":{""cn_schedule"":""flooding"",""cn_update"":""boxplus-phi"",""early_stop"":false,""hard_out"":true,""harq_mode"":false,""llr_max"":20.0,""num_iter"":20,""precision"":""single"",""prune_pcm"":true,""return_infobits"":true,""vn_update"":""sum""},""implementation"":{""bit_mapping"":""component_Gray_00_-3_01_-1_10_3_11_1_over_sqrt5;QPSK_0_plus1_1_minus1"",""cuda"":""12.8"",""decoder"":{""cn_schedule"":""flooding"",""cn_update"":""boxplus-phi"",""early_stop"":false,""hard_out"":true,""harq_mode"":false,""llr_max"":20.0,""num_iter"":20,""precision"":""single"",""prune_pcm"":true,""return_infobits"":true,""vn_update"":""sum""},""decoder_source_sha256"":""44d84b92b749e2970f94d92cd348a11648e2286b4d851faa0af8b21d08f0da23"",""encoder_source_sha256"":""34d8db6660b2e84708a8fb534f63c194f6f2b964e3693fcffc9dcaf21532ccfd"",""implementation"":""Sionna_5G_LDPC"",""power_protocol"":""fixed_constellation_average_Es2"",""precision"":""float32"",""rate_matching"":""Sionna RV0; filler removal, first2Z and tail puncturing; supported n only"",""scrambling"":""public_PCG64_SHA256_protocol_session_frame_group_counter_after_rate_matching_v1"",""torch"":""2.11.0+cu128"",""version"":""2.2.0""},""interleaver_sha256"":""b4d81da01ac608c2ece6353cc92c540ec65d2dc181f9dec941d2e3d15ef0c63d"",""k"":1516,""k_filler"":84,""k_ldpc"":1600,""layout_id"":""797c9443e713feea0fd0d67d5b01d65d8577ef40846c430dae18ca6e7e4e4443"",""modulation_padding_bits"":0,""mother_bits"":8320,""n"":3172,""n_cb"":8000,""n_cb_comp"":7916,""power_protocol"":""fixed_constellation_average_Es2"",""puncturing_bits"":5064,""puncturing_first_2Z"":320,""puncturing_remaining"":4744,""repetition_bits"":0,""scrambling"":""public_PCG64_SHA256_protocol_session_frame_group_counter_after_rate_matching_v1"",""shortening_bits"":84,""z"":160}",[2048]
16QAM,3/4,16QAM:r3/4,ecf88731c9cd1396435cfdbcbab39deafb5ea7f343a0892cf7bb6e280d740416,2088,16,0,2104,2112,8,6528,2816,704,0,0.7471590909090909,0.7414772727272727,"{""actual_effective_rate"":0.7471590909090909,""bg"":""bg1"",""bit_mapping"":""component_Gray_00_-3_01_-1_10_3_11_1_over_sqrt5;QPSK_0_plus1_1_minus1"",""code_blocks"":1,""decoder_config"":{""cn_schedule"":""flooding"",""cn_update"":""boxplus-phi"",""early_stop"":false,""hard_out"":true,""harq_mode"":false,""llr_max"":20.0,""num_iter"":20,""precision"":""single"",""prune_pcm"":true,""return_infobits"":true,""vn_update"":""sum""},""implementation"":{""bit_mapping"":""component_Gray_00_-3_01_-1_10_3_11_1_over_sqrt5;QPSK_0_plus1_1_minus1"",""cuda"":""12.8"",""decoder"":{""cn_schedule"":""flooding"",""cn_update"":""boxplus-phi"",""early_stop"":false,""hard_out"":true,""harq_mode"":false,""llr_max"":20.0,""num_iter"":20,""precision"":""single"",""prune_pcm"":true,""return_infobits"":true,""vn_update"":""sum""},""decoder_source_sha256"":""44d84b92b749e2970f94d92cd348a11648e2286b4d851faa0af8b21d08f0da23"",""encoder_source_sha256"":""34d8db6660b2e84708a8fb534f63c194f6f2b964e3693fcffc9dcaf21532ccfd"",""implementation"":""Sionna_5G_LDPC"",""power_protocol"":""fixed_constellation_average_Es2"",""precision"":""float32"",""rate_matching"":""Sionna RV0; filler removal, first2Z and tail puncturing; supported n only"",""scrambling"":""public_PCG64_SHA256_protocol_session_frame_group_counter_after_rate_matching_v1"",""torch"":""2.11.0+cu128"",""version"":""2.2.0""},""interleaver_sha256"":""99939f0902f8f191ed971cdef771cd6b9f8aac251c4c6aaaef122e94d4f7d40a"",""k"":2104,""k_filler"":8,""k_ldpc"":2112,""layout_id"":""ba08049cc2ed0e01c4b28f95f4830bec5c193558f6299e6b72e17013f43234ca"",""modulation_padding_bits"":0,""mother_bits"":6528,""n"":2816,""n_cb"":6336,""n_cb_comp"":6328,""power_protocol"":""fixed_constellation_average_Es2"",""puncturing_bits"":3704,""puncturing_first_2Z"":192,""puncturing_remaining"":3512,""repetition_bits"":0,""scrambling"":""public_PCG64_SHA256_protocol_session_frame_group_counter_after_rate_matching_v1"",""shortening_bits"":8,""z"":96}",[1024]
16QAM,3/4,16QAM:r3/4,ed08c37dd01cefc47411892a0c056b8cc3c67d0c132d399c4ac39b4846e50ddc,2700,16,0,2716,2880,164,14976,6040,1510,0,0.44966887417218543,0.4470198675496689,"{""actual_effective_rate"":0.44966887417218543,""bg"":""bg2"",""bit_mapping"":""component_Gray_00_-3_01_-1_10_3_11_1_over_sqrt5;QPSK_0_plus1_1_minus1"",""code_blocks"":1,""decoder_config"":{""cn_schedule"":""flooding"",""cn_update"":""boxplus-phi"",""early_stop"":false,""hard_out"":true,""harq_mode"":false,""llr_max"":20.0,""num_iter"":20,""precision"":""single"",""prune_pcm"":true,""return_infobits"":true,""vn_update"":""sum""},""implementation"":{""bit_mapping"":""component_Gray_00_-3_01_-1_10_3_11_1_over_sqrt5;QPSK_0_plus1_1_minus1"",""cuda"":""12.8"",""decoder"":{""cn_schedule"":""flooding"",""cn_update"":""boxplus-phi"",""early_stop"":false,""hard_out"":true,""harq_mode"":false,""llr_max"":20.0,""num_iter"":20,""precision"":""single"",""prune_pcm"":true,""return_infobits"":true,""vn_update"":""sum""},""decoder_source_sha256"":""44d84b92b749e2970f94d92cd348a11648e2286b4d851faa0af8b21d08f0da23"",""encoder_source_sha256"":""34d8db6660b2e84708a8fb534f63c194f6f2b964e3693fcffc9dcaf21532ccfd"",""implementation"":""Sionna_5G_LDPC"",""power_protocol"":""fixed_constellation_average_Es2"",""precision"":""float32"",""rate_matching"":""Sionna RV0; filler removal, first2Z and tail puncturing; supported n only"",""scrambling"":""public_PCG64_SHA256_protocol_session_frame_group_counter_after_rate_matching_v1"",""torch"":""2.11.0+cu128"",""version"":""2.2.0""},""interleaver_sha256"":""d25a25ca3547f128176411d93fe7bb37380c6b6ef803877582c67a2fdd5ad9c0"",""k"":2716,""k_filler"":164,""k_ldpc"":2880,""layout_id"":""86f2e0e884246dbe132da43937269579a25e22747e30d4768af8f4f51d7d5ce7"",""modulation_padding_bits"":0,""mother_bits"":14976,""n"":6040,""n_cb"":14400,""n_cb_comp"":14236,""power_protocol"":""fixed_constellation_average_Es2"",""puncturing_bits"":8772,""puncturing_first_2Z"":576,""puncturing_remaining"":8196,""repetition_bits"":0,""scrambling"":""public_PCG64_SHA256_protocol_session_frame_group_counter_after_rate_matching_v1"",""shortening_bits"":164,""z"":288}",[2048]
16QAM,1/3,16QAM:r1/3,ed1f9bfd4195c40898e2f77a8e3134c1700f976c370cf3d52acd4f0dc3b33e7b,660,16,0,676,720,44,3744,2408,602,0,0.2807308970099668,0.27408637873754155,"{""actual_effective_rate"":0.2807308970099668,""bg"":""bg2"",""bit_mapping"":""component_Gray_00_-3_01_-1_10_3_11_1_over_sqrt5;QPSK_0_plus1_1_minus1"",""code_blocks"":1,""decoder_config"":{""cn_schedule"":""flooding"",""cn_update"":""boxplus-phi"",""early_stop"":false,""hard_out"":true,""harq_mode"":false,""llr_max"":20.0,""num_iter"":20,""precision"":""single"",""prune_pcm"":true,""return_infobits"":true,""vn_update"":""sum""},""implementation"":{""bit_mapping"":""component_Gray_00_-3_01_-1_10_3_11_1_over_sqrt5;QPSK_0_plus1_1_minus1"",""cuda"":""12.8"",""decoder"":{""cn_schedule"":""flooding"",""cn_update"":""boxplus-phi"",""early_stop"":false,""hard_out"":true,""harq_mode"":false,""llr_max"":20.0,""num_iter"":20,""precision"":""single"",""prune_pcm"":true,""return_infobits"":true,""vn_update"":""sum""},""decoder_source_sha256"":""44d84b92b749e2970f94d92cd348a11648e2286b4d851faa0af8b21d08f0da23"",""encoder_source_sha256"":""34d8db6660b2e84708a8fb534f63c194f6f2b964e3693fcffc9dcaf21532ccfd"",""implementation"":""Sionna_5G_LDPC"",""power_protocol"":""fixed_constellation_average_Es2"",""precision"":""float32"",""rate_matching"":""Sionna RV0; filler removal, first2Z and tail puncturing; supported n only"",""scrambling"":""public_PCG64_SHA256_protocol_session_frame_group_counter_after_rate_matching_v1"",""torch"":""2.11.0+cu128"",""version"":""2.2.0""},""interleaver_sha256"":""4516cb19446597812c62714a82be99023ad94238ddab118e6f669c6ad13ffbb5"",""k"":676,""k_filler"":44,""k_ldpc"":720,""layout_id"":""db690ba5fbe0e0b326bdb992ab20e7f166d7a39bd94dbd21503d394c97d41b21"",""modulation_padding_bits"":0,""mother_bits"":3744,""n"":2408,""n_cb"":3600,""n_cb_comp"":3556,""power_protocol"":""fixed_constellation_average_Es2"",""puncturing_bits"":1292,""puncturing_first_2Z"":144,""puncturing_remaining"":1148,""repetition_bits"":0,""scrambling"":""public_PCG64_SHA256_protocol_session_frame_group_counter_after_rate_matching_v1"",""shortening_bits"":44,""z"":72}",[1024]
16QAM,1/3,16QAM:r1/3,ed1fd2da10e2d127981dac8ddc9d618d2553d426f376a3b12ba2cf8f1a5fb7e4,1092,16,0,1108,1120,12,5824,4500,1125,0,0.24622222222222223,0.24266666666666667,"{""actual_effective_rate"":0.24622222222222223,""bg"":""bg2"",""bit_mapping"":""component_Gray_00_-3_01_-1_10_3_11_1_over_sqrt5;QPSK_0_plus1_1_minus1"",""code_blocks"":1,""decoder_config"":{""cn_schedule"":""flooding"",""cn_update"":""boxplus-phi"",""early_stop"":false,""hard_out"":true,""harq_mode"":false,""llr_max"":20.0,""num_iter"":20,""precision"":""single"",""prune_pcm"":true,""return_infobits"":true,""vn_update"":""sum""},""implementation"":{""bit_mapping"":""component_Gray_00_-3_01_-1_10_3_11_1_over_sqrt5;QPSK_0_plus1_1_minus1"",""cuda"":""12.8"",""decoder"":{""cn_schedule"":""flooding"",""cn_update"":""boxplus-phi"",""early_stop"":false,""hard_out"":true,""harq_mode"":false,""llr_max"":20.0,""num_iter"":20,""precision"":""single"",""prune_pcm"":true,""return_infobits"":true,""vn_update"":""sum""},""decoder_source_sha256"":""44d84b92b749e2970f94d92cd348a11648e2286b4d851faa0af8b21d08f0da23"",""encoder_source_sha256"":""34d8db6660b2e84708a8fb534f63c194f6f2b964e3693fcffc9dcaf21532ccfd"",""implementation"":""Sionna_5G_LDPC"",""power_protocol"":""fixed_constellation_average_Es2"",""precision"":""float32"",""rate_matching"":""Sionna RV0; filler removal, first2Z and tail puncturing; supported n only"",""scrambling"":""public_PCG64_SHA256_protocol_session_frame_group_counter_after_rate_matching_v1"",""torch"":""2.11.0+cu128"",""version"":""2.2.0""},""interleaver_sha256"":""38720f481afdedaab153665bbb4d5f5e80163b0683397ea0c9270672c6fdc034"",""k"":1108,""k_filler"":12,""k_ldpc"":1120,""layout_id"":""b53880e68484b96caa813a8d18d4ab1e7c51f7262a5dde3a31561ab7429e9d56"",""modulation_padding_bits"":0,""mother_bits"":5824,""n"":4500,""n_cb"":5600,""n_cb_comp"":5588,""power_protocol"":""fixed_constellation_average_Es2"",""puncturing_bits"":1312,""puncturing_first_2Z"":224,""puncturing_remaining"":1088,""repetition_bits"":0,""scrambling"":""public_PCG64_SHA256_protocol_session_frame_group_counter_after_rate_matching_v1"",""shortening_bits"":12,""z"":112}",[2048]
16QAM,1/2,16QAM:r1/2,ed363dd0560c14f7c0b760a933f5365fb8a758463e6a5928120d2994a4946fcb,1500,16,0,1516,1600,84,8320,6788,1697,0,0.22333529758397172,0.22097819681791397,"{""actual_effective_rate"":0.22333529758397172,""bg"":""bg2"",""bit_mapping"":""component_Gray_00_-3_01_-1_10_3_11_1_over_sqrt5;QPSK_0_plus1_1_minus1"",""code_blocks"":1,""decoder_config"":{""cn_schedule"":""flooding"",""cn_update"":""boxplus-phi"",""early_stop"":false,""hard_out"":true,""harq_mode"":false,""llr_max"":20.0,""num_iter"":20,""precision"":""single"",""prune_pcm"":true,""return_infobits"":true,""vn_update"":""sum""},""implementation"":{""bit_mapping"":""component_Gray_00_-3_01_-1_10_3_11_1_over_sqrt5;QPSK_0_plus1_1_minus1"",""cuda"":""12.8"",""decoder"":{""cn_schedule"":""flooding"",""cn_update"":""boxplus-phi"",""early_stop"":false,""hard_out"":true,""harq_mode"":false,""llr_max"":20.0,""num_iter"":20,""precision"":""single"",""prune_pcm"":true,""return_infobits"":true,""vn_update"":""sum""},""decoder_source_sha256"":""44d84b92b749e2970f94d92cd348a11648e2286b4d851faa0af8b21d08f0da23"",""encoder_source_sha256"":""34d8db6660b2e84708a8fb534f63c194f6f2b964e3693fcffc9dcaf21532ccfd"",""implementation"":""Sionna_5G_LDPC"",""power_protocol"":""fixed_constellation_average_Es2"",""precision"":""float32"",""rate_matching"":""Sionna RV0; filler removal, first2Z and tail puncturing; supported n only"",""scrambling"":""public_PCG64_SHA256_protocol_session_frame_group_counter_after_rate_matching_v1"",""torch"":""2.11.0+cu128"",""version"":""2.2.0""},""interleaver_sha256"":""6f85be4f4f0ae53a40b22924eb4ab32566992528f11cd236f4214084925e0479"",""k"":1516,""k_filler"":84,""k_ldpc"":1600,""layout_id"":""18ae46fcb19f0eee19fbf9b78ce89e6986432565acd2fccb235369bcc2b029e7"",""modulation_padding_bits"":0,""mother_bits"":8320,""n"":6788,""n_cb"":8000,""n_cb_comp"":7916,""power_protocol"":""fixed_constellation_average_Es2"",""puncturing_bits"":1448,""puncturing_first_2Z"":320,""puncturing_remaining"":1128,""repetition_bits"":0,""scrambling"":""public_PCG64_SHA256_protocol_session_frame_group_counter_after_rate_matching_v1"",""shortening_bits"":84,""z"":160}",[2048]
QPSK,5/6,QPSK:r5/6,ed4d9236788f60443ad9e972e0cec4e8700faf428970d6cb899b8939ae9766ae,2472,16,0,2488,2640,152,8160,3236,1618,0,0.7688504326328801,0.7639060568603214,"{""actual_effective_rate"":0.7688504326328801,""bg"":""bg1"",""bit_mapping"":""component_Gray_00_-3_01_-1_10_3_11_1_over_sqrt5;QPSK_0_plus1_1_minus1"",""code_blocks"":1,""decoder_config"":{""cn_schedule"":""flooding"",""cn_update"":""boxplus-phi"",""early_stop"":false,""hard_out"":true,""harq_mode"":false,""llr_max"":20.0,""num_iter"":20,""precision"":""single"",""prune_pcm"":true,""return_infobits"":true,""vn_update"":""sum""},""implementation"":{""bit_mapping"":""component_Gray_00_-3_01_-1_10_3_11_1_over_sqrt5;QPSK_0_plus1_1_minus1"",""cuda"":""12.8"",""decoder"":{""cn_schedule"":""flooding"",""cn_update"":""boxplus-phi"",""early_stop"":false,""hard_out"":true,""harq_mode"":false,""llr_max"":20.0,""num_iter"":20,""precision"":""single"",""prune_pcm"":true,""return_infobits"":true,""vn_update"":""sum""},""decoder_source_sha256"":""44d84b92b749e2970f94d92cd348a11648e2286b4d851faa0af8b21d08f0da23"",""encoder_source_sha256"":""34d8db6660b2e84708a8fb534f63c194f6f2b964e3693fcffc9dcaf21532ccfd"",""implementation"":""Sionna_5G_LDPC"",""power_protocol"":""fixed_constellation_average_Es2"",""precision"":""float32"",""rate_matching"":""Sionna RV0; filler removal, first2Z and tail puncturing; supported n only"",""scrambling"":""public_PCG64_SHA256_protocol_session_frame_group_counter_after_rate_matching_v1"",""torch"":""2.11.0+cu128"",""version"":""2.2.0""},""interleaver_sha256"":""c84540936eff30eda177fd9c682fa0dec7bd38eb3db45582bb260de340a1560c"",""k"":2488,""k_filler"":152,""k_ldpc"":2640,""layout_id"":""a82809c79542c5d4ae0ee91f394629f969f3ae65fb5817aaa8c08420b6b98688"",""modulation_padding_bits"":0,""mother_bits"":8160,""n"":3236,""n_cb"":7920,""n_cb_comp"":7768,""power_protocol"":""fixed_constellation_average_Es2"",""puncturing_bits"":4772,""puncturing_first_2Z"":240,""puncturing_remaining"":4532,""repetition_bits"":0,""scrambling"":""public_PCG64_SHA256_protocol_session_frame_group_counter_after_rate_matching_v1"",""shortening_bits"":152,""z"":120}",[2048]
QPSK,2/3,QPSK:r2/3,ed558461ad84c81104cf90fd63255e123a228674fb64648272f894a392a60445,660,16,0,676,720,44,3744,1910,955,0,0.3539267015706806,0.34554973821989526,"{""actual_effective_rate"":0.3539267015706806,""bg"":""bg2"",""bit_mapping"":""component_Gray_00_-3_01_-1_10_3_11_1_over_sqrt5;QPSK_0_plus1_1_minus1"",""code_blocks"":1,""decoder_config"":{""cn_schedule"":""flooding"",""cn_update"":""boxplus-phi"",""early_stop"":false,""hard_out"":true,""harq_mode"":false,""llr_max"":20.0,""num_iter"":20,""precision"":""single"",""prune_pcm"":true,""return_infobits"":true,""vn_update"":""sum""},""implementation"":{""bit_mapping"":""component_Gray_00_-3_01_-1_10_3_11_1_over_sqrt5;QPSK_0_plus1_1_minus1"",""cuda"":""12.8"",""decoder"":{""cn_schedule"":""flooding"",""cn_update"":""boxplus-phi"",""early_stop"":false,""hard_out"":true,""harq_mode"":false,""llr_max"":20.0,""num_iter"":20,""precision"":""single"",""prune_pcm"":true,""return_infobits"":true,""vn_update"":""sum""},""decoder_source_sha256"":""44d84b92b749e2970f94d92cd348a11648e2286b4d851faa0af8b21d08f0da23"",""encoder_source_sha256"":""34d8db6660b2e84708a8fb534f63c194f6f2b964e3693fcffc9dcaf21532ccfd"",""implementation"":""Sionna_5G_LDPC"",""power_protocol"":""fixed_constellation_average_Es2"",""precision"":""float32"",""rate_matching"":""Sionna RV0; filler removal, first2Z and tail puncturing; supported n only"",""scrambling"":""public_PCG64_SHA256_protocol_session_frame_group_counter_after_rate_matching_v1"",""torch"":""2.11.0+cu128"",""version"":""2.2.0""},""interleaver_sha256"":""a115d50f9957865fc5d68cc63ae665747efaa8bc5679f101e39213485d83479d"",""k"":676,""k_filler"":44,""k_ldpc"":720,""layout_id"":""658b92d1ea504e5f8822467ebf2c3ebbbf5b7db26f0fd9d4fb12c084d61c9d2f"",""modulation_padding_bits"":0,""mother_bits"":3744,""n"":1910,""n_cb"":3600,""n_cb_comp"":3556,""power_protocol"":""fixed_constellation_average_Es2"",""puncturing_bits"":1790,""puncturing_first_2Z"":144,""puncturing_remaining"":1646,""repetition_bits"":0,""scrambling"":""public_PCG64_SHA256_protocol_session_frame_group_counter_after_rate_matching_v1"",""shortening_bits"":44,""z"":72}",[2048]
16QAM,1/3,16QAM:r1/3,ed58e062605e8ce085af2e7d6e8674bd9ec5901b3b82e48a7fb8c55b75d40f26,2112,16,0,2128,2240,112,11648,6384,1596,0,0.3333333333333333,0.3308270676691729,"{""actual_effective_rate"":0.3333333333333333,""bg"":""bg2"",""bit_mapping"":""component_Gray_00_-3_01_-1_10_3_11_1_over_sqrt5;QPSK_0_plus1_1_minus1"",""code_blocks"":1,""decoder_config"":{""cn_schedule"":""flooding"",""cn_update"":""boxplus-phi"",""early_stop"":false,""hard_out"":true,""harq_mode"":false,""llr_max"":20.0,""num_iter"":20,""precision"":""single"",""prune_pcm"":true,""return_infobits"":true,""vn_update"":""sum""},""implementation"":{""bit_mapping"":""component_Gray_00_-3_01_-1_10_3_11_1_over_sqrt5;QPSK_0_plus1_1_minus1"",""cuda"":""12.8"",""decoder"":{""cn_schedule"":""flooding"",""cn_update"":""boxplus-phi"",""early_stop"":false,""hard_out"":true,""harq_mode"":false,""llr_max"":20.0,""num_iter"":20,""precision"":""single"",""prune_pcm"":true,""return_infobits"":true,""vn_update"":""sum""},""decoder_source_sha256"":""44d84b92b749e2970f94d92cd348a11648e2286b4d851faa0af8b21d08f0da23"",""encoder_source_sha256"":""34d8db6660b2e84708a8fb534f63c194f6f2b964e3693fcffc9dcaf21532ccfd"",""implementation"":""Sionna_5G_LDPC"",""power_protocol"":""fixed_constellation_average_Es2"",""precision"":""float32"",""rate_matching"":""Sionna RV0; filler removal, first2Z and tail puncturing; supported n only"",""scrambling"":""public_PCG64_SHA256_protocol_session_frame_group_counter_after_rate_matching_v1"",""torch"":""2.11.0+cu128"",""version"":""2.2.0""},""interleaver_sha256"":""ec09395f94db2e063484cf972f7409669681d0df3ce076fd9f6dcaf968417635"",""k"":2128,""k_filler"":112,""k_ldpc"":2240,""layout_id"":""0ac0ee4bcb680c2ba4c34a4d3bcd1b38aa390847b8b2e61fae16a528cab2baf4"",""modulation_padding_bits"":0,""mother_bits"":11648,""n"":6384,""n_cb"":11200,""n_cb_comp"":11088,""power_protocol"":""fixed_constellation_average_Es2"",""puncturing_bits"":5152,""puncturing_first_2Z"":448,""puncturing_remaining"":4704,""repetition_bits"":0,""scrambling"":""public_PCG64_SHA256_protocol_session_frame_group_counter_after_rate_matching_v1"",""shortening_bits"":112,""z"":224}",[2048]
QPSK,3/4,QPSK:r3/4,ed5fda386844e3f7c1eaa894941d24a38bd5483ae0853a99da5f491eb2e0adbb,2268,16,0,2284,2288,4,7072,3054,1527,0,0.747871643745907,0.7426326129666012,"{""actual_effective_rate"":0.747871643745907,""bg"":""bg1"",""bit_mapping"":""component_Gray_00_-3_01_-1_10_3_11_1_over_sqrt5;QPSK_0_plus1_1_minus1"",""code_blocks"":1,""decoder_config"":{""cn_schedule"":""flooding"",""cn_update"":""boxplus-phi"",""early_stop"":false,""hard_out"":true,""harq_mode"":false,""llr_max"":20.0,""num_iter"":20,""precision"":""single"",""prune_pcm"":true,""return_infobits"":true,""vn_update"":""sum""},""implementation"":{""bit_mapping"":""component_Gray_00_-3_01_-1_10_3_11_1_over_sqrt5;QPSK_0_plus1_1_minus1"",""cuda"":""12.8"",""decoder"":{""cn_schedule"":""flooding"",""cn_update"":""boxplus-phi"",""early_stop"":false,""hard_out"":true,""harq_mode"":false,""llr_max"":20.0,""num_iter"":20,""precision"":""single"",""prune_pcm"":true,""return_infobits"":true,""vn_update"":""sum""},""decoder_source_sha256"":""44d84b92b749e2970f94d92cd348a11648e2286b4d851faa0af8b21d08f0da23"",""encoder_source_sha256"":""34d8db6660b2e84708a8fb534f63c194f6f2b964e3693fcffc9dcaf21532ccfd"",""implementation"":""Sionna_5G_LDPC"",""power_protocol"":""fixed_constellation_average_Es2"",""precision"":""float32"",""rate_matching"":""Sionna RV0; filler removal, first2Z and tail puncturing; supported n only"",""scrambling"":""public_PCG64_SHA256_protocol_session_frame_group_counter_after_rate_matching_v1"",""torch"":""2.11.0+cu128"",""version"":""2.2.0""},""interleaver_sha256"":""e856aefb3abb5a30bcdfebdf7b9bdee708387c7393154cba8991aba79e946634"",""k"":2284,""k_filler"":4,""k_ldpc"":2288,""layout_id"":""49c6ddbc2e2d781257417d7bf7207dfddff9a51f649d251159185042a5d0c720"",""modulation_padding_bits"":0,""mother_bits"":7072,""n"":3054,""n_cb"":6864,""n_cb_comp"":6860,""power_protocol"":""fixed_constellation_average_Es2"",""puncturing_bits"":4014,""puncturing_first_2Z"":208,""puncturing_remaining"":3806,""repetition_bits"":0,""scrambling"":""public_PCG64_SHA256_protocol_session_frame_group_counter_after_rate_matching_v1"",""shortening_bits"":4,""z"":104}",[2048]
16QAM,3/4,16QAM:r3/4,ed626eaf0dd816cf81dd8dff0d6271794e1828a9e1856574c68d2f7308555d4c,1500,16,0,1516,1600,84,8320,3124,781,0,0.4852752880921895,0.4801536491677337,"{""actual_effective_rate"":0.4852752880921895,""bg"":""bg2"",""bit_mapping"":""component_Gray_00_-3_01_-1_10_3_11_1_over_sqrt5;QPSK_0_plus1_1_minus1"",""code_blocks"":1,""decoder_config"":{""cn_schedule"":""flooding"",""cn_update"":""boxplus-phi"",""early_stop"":false,""hard_out"":true,""harq_mode"":false,""llr_max"":20.0,""num_iter"":20,""precision"":""single"",""prune_pcm"":true,""return_infobits"":true,""vn_update"":""sum""},""implementation"":{""bit_mapping"":""component_Gray_00_-3_01_-1_10_3_11_1_over_sqrt5;QPSK_0_plus1_1_minus1"",""cuda"":""12.8"",""decoder"":{""cn_schedule"":""flooding"",""cn_update"":""boxplus-phi"",""early_stop"":false,""hard_out"":true,""harq_mode"":false,""llr_max"":20.0,""num_iter"":20,""precision"":""single"",""prune_pcm"":true,""return_infobits"":true,""vn_update"":""sum""},""decoder_source_sha256"":""44d84b92b749e2970f94d92cd348a11648e2286b4d851faa0af8b21d08f0da23"",""encoder_source_sha256"":""34d8db6660b2e84708a8fb534f63c194f6f2b964e3693fcffc9dcaf21532ccfd"",""implementation"":""Sionna_5G_LDPC"",""power_protocol"":""fixed_constellation_average_Es2"",""precision"":""float32"",""rate_matching"":""Sionna RV0; filler removal, first2Z and tail puncturing; supported n only"",""scrambling"":""public_PCG64_SHA256_protocol_session_frame_group_counter_after_rate_matching_v1"",""torch"":""2.11.0+cu128"",""version"":""2.2.0""},""interleaver_sha256"":""7b27ca92fd5200652403793293894f7ad77edee806be546b144c96043e9088ad"",""k"":1516,""k_filler"":84,""k_ldpc"":1600,""layout_id"":""eb681bd807bf6ff4cae66600a4e7c5de4eb16fa1cf6d18bb564d66a62f0072d1"",""modulation_padding_bits"":0,""mother_bits"":8320,""n"":3124,""n_cb"":8000,""n_cb_comp"":7916,""power_protocol"":""fixed_constellation_average_Es2"",""puncturing_bits"":5112,""puncturing_first_2Z"":320,""puncturing_remaining"":4792,""repetition_bits"":0,""scrambling"":""public_PCG64_SHA256_protocol_session_frame_group_counter_after_rate_matching_v1"",""shortening_bits"":84,""z"":160}",[1024]
QPSK,3/4,QPSK:r3/4,ed63f3b48a7aeeee6ae2d9eaa900b16f0eb07959cf4b76357e8e881f12af0d4b,1092,16,0,1108,1120,12,5824,3472,1736,0,0.3191244239631336,0.31451612903225806,"{""actual_effective_rate"":0.3191244239631336,""bg"":""bg2"",""bit_mapping"":""component_Gray_00_-3_01_-1_10_3_11_1_over_sqrt5;QPSK_0_plus1_1_minus1"",""code_blocks"":1,""decoder_config"":{""cn_schedule"":""flooding"",""cn_update"":""boxplus-phi"",""early_stop"":false,""hard_out"":true,""harq_mode"":false,""llr_max"":20.0,""num_iter"":20,""precision"":""single"",""prune_pcm"":true,""return_infobits"":true,""vn_update"":""sum""},""implementation"":{""bit_mapping"":""component_Gray_00_-3_01_-1_10_3_11_1_over_sqrt5;QPSK_0_plus1_1_minus1"",""cuda"":""12.8"",""decoder"":{""cn_schedule"":""flooding"",""cn_update"":""boxplus-phi"",""early_stop"":false,""hard_out"":true,""harq_mode"":false,""llr_max"":20.0,""num_iter"":20,""precision"":""single"",""prune_pcm"":true,""return_infobits"":true,""vn_update"":""sum""},""decoder_source_sha256"":""44d84b92b749e2970f94d92cd348a11648e2286b4d851faa0af8b21d08f0da23"",""encoder_source_sha256"":""34d8db6660b2e84708a8fb534f63c194f6f2b964e3693fcffc9dcaf21532ccfd"",""implementation"":""Sionna_5G_LDPC"",""power_protocol"":""fixed_constellation_average_Es2"",""precision"":""float32"",""rate_matching"":""Sionna RV0; filler removal, first2Z and tail puncturing; supported n only"",""scrambling"":""public_PCG64_SHA256_protocol_session_frame_group_counter_after_rate_matching_v1"",""torch"":""2.11.0+cu128"",""version"":""2.2.0""},""interleaver_sha256"":""bb9985868a116fe6974c8b3a69f2138d70c64792a2a46bfca52e1a40d29a652c"",""k"":1108,""k_filler"":12,""k_ldpc"":1120,""layout_id"":""4405e97ece4f7fa7bec60c286c861b33b2d2abf54110325ba12006652faa8520"",""modulation_padding_bits"":0,""mother_bits"":5824,""n"":3472,""n_cb"":5600,""n_cb_comp"":5588,""power_protocol"":""fixed_constellation_average_Es2"",""puncturing_bits"":2340,""puncturing_first_2Z"":224,""puncturing_remaining"":2116,""repetition_bits"":0,""scrambling"":""public_PCG64_SHA256_protocol_session_frame_group_counter_after_rate_matching_v1"",""shortening_bits"":12,""z"":112}",[2048]
16QAM,3/4,16QAM:r3/4,ed7146143eaa01d48611b246b417714c1299dc1972eb4eda73448f1e37281688,660,16,0,676,720,44,3744,1924,481,0,0.35135135135135137,0.34303534303534305,"{""actual_effective_rate"":0.35135135135135137,""bg"":""bg2"",""bit_mapping"":""component_Gray_00_-3_01_-1_10_3_11_1_over_sqrt5;QPSK_0_plus1_1_minus1"",""code_blocks"":1,""decoder_config"":{""cn_schedule"":""flooding"",""cn_update"":""boxplus-phi"",""early_stop"":false,""hard_out"":true,""harq_mode"":false,""llr_max"":20.0,""num_iter"":20,""precision"":""single"",""prune_pcm"":true,""return_infobits"":true,""vn_update"":""sum""},""implementation"":{""bit_mapping"":""component_Gray_00_-3_01_-1_10_3_11_1_over_sqrt5;QPSK_0_plus1_1_minus1"",""cuda"":""12.8"",""decoder"":{""cn_schedule"":""flooding"",""cn_update"":""boxplus-phi"",""early_stop"":false,""hard_out"":true,""harq_mode"":false,""llr_max"":20.0,""num_iter"":20,""precision"":""single"",""prune_pcm"":true,""return_infobits"":true,""vn_update"":""sum""},""decoder_source_sha256"":""44d84b92b749e2970f94d92cd348a11648e2286b4d851faa0af8b21d08f0da23"",""encoder_source_sha256"":""34d8db6660b2e84708a8fb534f63c194f6f2b964e3693fcffc9dcaf21532ccfd"",""implementation"":""Sionna_5G_LDPC"",""power_protocol"":""fixed_constellation_average_Es2"",""precision"":""float32"",""rate_matching"":""Sionna RV0; filler removal, first2Z and tail puncturing; supported n only"",""scrambling"":""public_PCG64_SHA256_protocol_session_frame_group_counter_after_rate_matching_v1"",""torch"":""2.11.0+cu128"",""version"":""2.2.0""},""interleaver_sha256"":""61d6a1099ce7fd4fb166f7e4c0a96314b09b81e38bdaaab0210ab40caa8889de"",""k"":676,""k_filler"":44,""k_ldpc"":720,""layout_id"":""d4075d74a0e9df9c1e0cb1ddbbab7f297e2af35b8384d8e22b69d5f9ea5bcef7"",""modulation_padding_bits"":0,""mother_bits"":3744,""n"":1924,""n_cb"":3600,""n_cb_comp"":3556,""power_protocol"":""fixed_constellation_average_Es2"",""puncturing_bits"":1776,""puncturing_first_2Z"":144,""puncturing_remaining"":1632,""repetition_bits"":0,""scrambling"":""public_PCG64_SHA256_protocol_session_frame_group_counter_after_rate_matching_v1"",""shortening_bits"":44,""z"":72}","[1024,2048]"
16QAM,1/3,16QAM:r1/3,ed7322c6e1e6ec8722a80982b8eecf3de5500a0125090744eb0a75a84575be89,1080,16,0,1096,1120,24,5824,3312,828,0,0.3309178743961353,0.32608695652173914,"{""actual_effective_rate"":0.3309178743961353,""bg"":""bg2"",""bit_mapping"":""component_Gray_00_-3_01_-1_10_3_11_1_over_sqrt5;QPSK_0_plus1_1_minus1"",""code_blocks"":1,""decoder_config"":{""cn_schedule"":""flooding"",""cn_update"":""boxplus-phi"",""early_stop"":false,""hard_out"":true,""harq_mode"":false,""llr_max"":20.0,""num_iter"":20,""precision"":""single"",""prune_pcm"":true,""return_infobits"":true,""vn_update"":""sum""},""implementation"":{""bit_mapping"":""component_Gray_00_-3_01_-1_10_3_11_1_over_sqrt5;QPSK_0_plus1_1_minus1"",""cuda"":""12.8"",""decoder"":{""cn_schedule"":""flooding"",""cn_update"":""boxplus-phi"",""early_stop"":false,""hard_out"":true,""harq_mode"":false,""llr_max"":20.0,""num_iter"":20,""precision"":""single"",""prune_pcm"":true,""return_infobits"":true,""vn_update"":""sum""},""decoder_source_sha256"":""44d84b92b749e2970f94d92cd348a11648e2286b4d851faa0af8b21d08f0da23"",""encoder_source_sha256"":""34d8db6660b2e84708a8fb534f63c194f6f2b964e3693fcffc9dcaf21532ccfd"",""implementation"":""Sionna_5G_LDPC"",""power_protocol"":""fixed_constellation_average_Es2"",""precision"":""float32"",""rate_matching"":""Sionna RV0; filler removal, first2Z and tail puncturing; supported n only"",""scrambling"":""public_PCG64_SHA256_protocol_session_frame_group_counter_after_rate_matching_v1"",""torch"":""2.11.0+cu128"",""version"":""2.2.0""},""interleaver_sha256"":""2f2ed13d4ccb26168049efed62ec84e7cfa1d19cd4c97dab85f19dd50dbed880"",""k"":1096,""k_filler"":24,""k_ldpc"":1120,""layout_id"":""6058ee6cd42ecceb3c048368ecb3ac9e78e18ce4504a18236f4d33ef8281845d"",""modulation_padding_bits"":0,""mother_bits"":5824,""n"":3312,""n_cb"":5600,""n_cb_comp"":5576,""power_protocol"":""fixed_constellation_average_Es2"",""puncturing_bits"":2488,""puncturing_first_2Z"":224,""puncturing_remaining"":2264,""repetition_bits"":0,""scrambling"":""public_PCG64_SHA256_protocol_session_frame_group_counter_after_rate_matching_v1"",""shortening_bits"":24,""z"":112}",[1024]
QPSK,5/6,QPSK:r5/6,ed7f9cc549ed52a40e1890ad18aa1a9a4bf44a8553639eb9128df9898498fa6f,660,16,0,676,720,44,3744,2594,1297,0,0.26060138781804165,0.2544333076329992,"{""actual_effective_rate"":0.26060138781804165,""bg"":""bg2"",""bit_mapping"":""component_Gray_00_-3_01_-1_10_3_11_1_over_sqrt5;QPSK_0_plus1_1_minus1"",""code_blocks"":1,""decoder_config"":{""cn_schedule"":""flooding"",""cn_update"":""boxplus-phi"",""early_stop"":false,""hard_out"":true,""harq_mode"":false,""llr_max"":20.0,""num_iter"":20,""precision"":""single"",""prune_pcm"":true,""return_infobits"":true,""vn_update"":""sum""},""implementation"":{""bit_mapping"":""component_Gray_00_-3_01_-1_10_3_11_1_over_sqrt5;QPSK_0_plus1_1_minus1"",""cuda"":""12.8"",""decoder"":{""cn_schedule"":""flooding"",""cn_update"":""boxplus-phi"",""early_stop"":false,""hard_out"":true,""harq_mode"":false,""llr_max"":20.0,""num_iter"":20,""precision"":""single"",""prune_pcm"":true,""return_infobits"":true,""vn_update"":""sum""},""decoder_source_sha256"":""44d84b92b749e2970f94d92cd348a11648e2286b4d851faa0af8b21d08f0da23"",""encoder_source_sha256"":""34d8db6660b2e84708a8fb534f63c194f6f2b964e3693fcffc9dcaf21532ccfd"",""implementation"":""Sionna_5G_LDPC"",""power_protocol"":""fixed_constellation_average_Es2"",""precision"":""float32"",""rate_matching"":""Sionna RV0; filler removal, first2Z and tail puncturing; supported n only"",""scrambling"":""public_PCG64_SHA256_protocol_session_frame_group_counter_after_rate_matching_v1"",""torch"":""2.11.0+cu128"",""version"":""2.2.0""},""interleaver_sha256"":""becdefe807117af366078d35795d773a11251518db0f123c1e9ab4939679d599"",""k"":676,""k_filler"":44,""k_ldpc"":720,""layout_id"":""f5725a3a1401b9af3ac679b96b4565555b805cf72a99309ba853a1a661fa2c9f"",""modulation_padding_bits"":0,""mother_bits"":3744,""n"":2594,""n_cb"":3600,""n_cb_comp"":3556,""power_protocol"":""fixed_constellation_average_Es2"",""puncturing_bits"":1106,""puncturing_first_2Z"":144,""puncturing_remaining"":962,""repetition_bits"":0,""scrambling"":""public_PCG64_SHA256_protocol_session_frame_group_counter_after_rate_matching_v1"",""shortening_bits"":44,""z"":72}",[2048]
16QAM,1/2,16QAM:r1/2,ed86f7e162c0010cff29e545b56448e456e0d2e8b3a952abaf067b1871e1026e,636,16,0,652,720,68,3744,1308,327,0,0.4984709480122324,0.48623853211009177,"{""actual_effective_rate"":0.4984709480122324,""bg"":""bg2"",""bit_mapping"":""component_Gray_00_-3_01_-1_10_3_11_1_over_sqrt5;QPSK_0_plus1_1_minus1"",""code_blocks"":1,""decoder_config"":{""cn_schedule"":""flooding"",""cn_update"":""boxplus-phi"",""early_stop"":false,""hard_out"":true,""harq_mode"":false,""llr_max"":20.0,""num_iter"":20,""precision"":""single"",""prune_pcm"":true,""return_infobits"":true,""vn_update"":""sum""},""implementation"":{""bit_mapping"":""component_Gray_00_-3_01_-1_10_3_11_1_over_sqrt5;QPSK_0_plus1_1_minus1"",""cuda"":""12.8"",""decoder"":{""cn_schedule"":""flooding"",""cn_update"":""boxplus-phi"",""early_stop"":false,""hard_out"":true,""harq_mode"":false,""llr_max"":20.0,""num_iter"":20,""precision"":""single"",""prune_pcm"":true,""return_infobits"":true,""vn_update"":""sum""},""decoder_source_sha256"":""44d84b92b749e2970f94d92cd348a11648e2286b4d851faa0af8b21d08f0da23"",""encoder_source_sha256"":""34d8db6660b2e84708a8fb534f63c194f6f2b964e3693fcffc9dcaf21532ccfd"",""implementation"":""Sionna_5G_LDPC"",""power_protocol"":""fixed_constellation_average_Es2"",""precision"":""float32"",""rate_matching"":""Sionna RV0; filler removal, first2Z and tail puncturing; supported n only"",""scrambling"":""public_PCG64_SHA256_protocol_session_frame_group_counter_after_rate_matching_v1"",""torch"":""2.11.0+cu128"",""version"":""2.2.0""},""interleaver_sha256"":""62a251f72d11bdc528f80bde4132182d6f4904f733afccd311f0a114f2a40441"",""k"":652,""k_filler"":68,""k_ldpc"":720,""layout_id"":""e1b5376e63ebfb32d491ff2b3886601dae43879361d20600742f3239168134a7"",""modulation_padding_bits"":0,""mother_bits"":3744,""n"":1308,""n_cb"":3600,""n_cb_comp"":3532,""power_protocol"":""fixed_constellation_average_Es2"",""puncturing_bits"":2368,""puncturing_first_2Z"":144,""puncturing_remaining"":2224,""repetition_bits"":0,""scrambling"":""public_PCG64_SHA256_protocol_session_frame_group_counter_after_rate_matching_v1"",""shortening_bits"":68,""z"":72}",[1024]
16QAM,2/3,16QAM:r2/3,edbc28b81ba9d73a1610e2515ac4d88f12288e498a5012a91dbd9b0881d2352f,1116,16,0,1132,1200,68,6240,2948,737,0,0.383989145183175,0.378561736770692,"{""actual_effective_rate"":0.383989145183175,""bg"":""bg2"",""bit_mapping"":""component_Gray_00_-3_01_-1_10_3_11_1_over_sqrt5;QPSK_0_plus1_1_minus1"",""code_blocks"":1,""decoder_config"":{""cn_schedule"":""flooding"",""cn_update"":""boxplus-phi"",""early_stop"":false,""hard_out"":true,""harq_mode"":false,""llr_max"":20.0,""num_iter"":20,""precision"":""single"",""prune_pcm"":true,""return_infobits"":true,""vn_update"":""sum""},""implementation"":{""bit_mapping"":""component_Gray_00_-3_01_-1_10_3_11_1_over_sqrt5;QPSK_0_plus1_1_minus1"",""cuda"":""12.8"",""decoder"":{""cn_schedule"":""flooding"",""cn_update"":""boxplus-phi"",""early_stop"":false,""hard_out"":true,""harq_mode"":false,""llr_max"":20.0,""num_iter"":20,""precision"":""single"",""prune_pcm"":true,""return_infobits"":true,""vn_update"":""sum""},""decoder_source_sha256"":""44d84b92b749e2970f94d92cd348a11648e2286b4d851faa0af8b21d08f0da23"",""encoder_source_sha256"":""34d8db6660b2e84708a8fb534f63c194f6f2b964e3693fcffc9dcaf21532ccfd"",""implementation"":""Sionna_5G_LDPC"",""power_protocol"":""fixed_constellation_average_Es2"",""precision"":""float32"",""rate_matching"":""Sionna RV0; filler removal, first2Z and tail puncturing; supported n only"",""scrambling"":""public_PCG64_SHA256_protocol_session_frame_group_counter_after_rate_matching_v1"",""torch"":""2.11.0+cu128"",""version"":""2.2.0""},""interleaver_sha256"":""26166928da941c7a832a38bac6cc78d190506a5e8803a0f3f968df4f82da016a"",""k"":1132,""k_filler"":68,""k_ldpc"":1200,""layout_id"":""d0e480cdc411fe60c58fed967bf580a99bd4ea833ed31f97817f7357f73483ed"",""modulation_padding_bits"":0,""mother_bits"":6240,""n"":2948,""n_cb"":6000,""n_cb_comp"":5932,""power_protocol"":""fixed_constellation_average_Es2"",""puncturing_bits"":3224,""puncturing_first_2Z"":240,""puncturing_remaining"":2984,""repetition_bits"":0,""scrambling"":""public_PCG64_SHA256_protocol_session_frame_group_counter_after_rate_matching_v1"",""shortening_bits"":68,""z"":120}",[1024]
16QAM,3/4,16QAM:r3/4,edbc31e58a3d90e03a824ab001650c1b07b818b77c0b60616d2f09fee0b0a3cb,4212,16,0,4228,4576,348,14144,6824,1706,0,0.61957796014068,0.6172332942555686,"{""actual_effective_rate"":0.61957796014068,""bg"":""bg1"",""bit_mapping"":""component_Gray_00_-3_01_-1_10_3_11_1_over_sqrt5;QPSK_0_plus1_1_minus1"",""code_blocks"":1,""decoder_config"":{""cn_schedule"":""flooding"",""cn_update"":""boxplus-phi"",""early_stop"":false,""hard_out"":true,""harq_mode"":false,""llr_max"":20.0,""num_iter"":20,""precision"":""single"",""prune_pcm"":true,""return_infobits"":true,""vn_update"":""sum""},""implementation"":{""bit_mapping"":""component_Gray_00_-3_01_-1_10_3_11_1_over_sqrt5;QPSK_0_plus1_1_minus1"",""cuda"":""12.8"",""decoder"":{""cn_schedule"":""flooding"",""cn_update"":""boxplus-phi"",""early_stop"":false,""hard_out"":true,""harq_mode"":false,""llr_max"":20.0,""num_iter"":20,""precision"":""single"",""prune_pcm"":true,""return_infobits"":true,""vn_update"":""sum""},""decoder_source_sha256"":""44d84b92b749e2970f94d92cd348a11648e2286b4d851faa0af8b21d08f0da23"",""encoder_source_sha256"":""34d8db6660b2e84708a8fb534f63c194f6f2b964e3693fcffc9dcaf21532ccfd"",""implementation"":""Sionna_5G_LDPC"",""power_protocol"":""fixed_constellation_average_Es2"",""precision"":""float32"",""rate_matching"":""Sionna RV0; filler removal, first2Z and tail puncturing; supported n only"",""scrambling"":""public_PCG64_SHA256_protocol_session_frame_group_counter_after_rate_matching_v1"",""torch"":""2.11.0+cu128"",""version"":""2.2.0""},""interleaver_sha256"":""4b47c2d9d143072a0a04d03a3d72f1eae255e231e6ed6455cb90844b6fdd5700"",""k"":4228,""k_filler"":348,""k_ldpc"":4576,""layout_id"":""ddf93cf35d670e73937a50309bcb42828f196fdbffa80d816a523c6eb27589fd"",""modulation_padding_bits"":0,""mother_bits"":14144,""n"":6824,""n_cb"":13728,""n_cb_comp"":13380,""power_protocol"":""fixed_constellation_average_Es2"",""puncturing_bits"":6972,""puncturing_first_2Z"":416,""puncturing_remaining"":6556,""repetition_bits"":0,""scrambling"":""public_PCG64_SHA256_protocol_session_frame_group_counter_after_rate_matching_v1"",""shortening_bits"":348,""z"":208}",[2048]
16QAM,2/3,16QAM:r2/3,edd1df63b0f25c88047270f18879041b9bb938655867d368788f24088464cb0b,3912,16,0,3928,4224,296,13056,6208,1552,0,0.6327319587628866,0.6301546391752577,"{""actual_effective_rate"":0.6327319587628866,""bg"":""bg1"",""bit_mapping"":""component_Gray_00_-3_01_-1_10_3_11_1_over_sqrt5;QPSK_0_plus1_1_minus1"",""code_blocks"":1,""decoder_config"":{""cn_schedule"":""flooding"",""cn_update"":""boxplus-phi"",""early_stop"":false,""hard_out"":true,""harq_mode"":false,""llr_max"":20.0,""num_iter"":20,""precision"":""single"",""prune_pcm"":true,""return_infobits"":true,""vn_update"":""sum""},""implementation"":{""bit_mapping"":""component_Gray_00_-3_01_-1_10_3_11_1_over_sqrt5;QPSK_0_plus1_1_minus1"",""cuda"":""12.8"",""decoder"":{""cn_schedule"":""flooding"",""cn_update"":""boxplus-phi"",""early_stop"":false,""hard_out"":true,""harq_mode"":false,""llr_max"":20.0,""num_iter"":20,""precision"":""single"",""prune_pcm"":true,""return_infobits"":true,""vn_update"":""sum""},""decoder_source_sha256"":""44d84b92b749e2970f94d92cd348a11648e2286b4d851faa0af8b21d08f0da23"",""encoder_source_sha256"":""34d8db6660b2e84708a8fb534f63c194f6f2b964e3693fcffc9dcaf21532ccfd"",""implementation"":""Sionna_5G_LDPC"",""power_protocol"":""fixed_constellation_average_Es2"",""precision"":""float32"",""rate_matching"":""Sionna RV0; filler removal, first2Z and tail puncturing; supported n only"",""scrambling"":""public_PCG64_SHA256_protocol_session_frame_group_counter_after_rate_matching_v1"",""torch"":""2.11.0+cu128"",""version"":""2.2.0""},""interleaver_sha256"":""8cdd92898871f92cb4fe8ae641a2a1aafbe5599b0466dd131bfee3912687846a"",""k"":3928,""k_filler"":296,""k_ldpc"":4224,""layout_id"":""551f6d6b029081a69f78d1ee1f48967b3925a17200ef75c5d838915a95375663"",""modulation_padding_bits"":0,""mother_bits"":13056,""n"":6208,""n_cb"":12672,""n_cb_comp"":12376,""power_protocol"":""fixed_constellation_average_Es2"",""puncturing_bits"":6552,""puncturing_first_2Z"":384,""puncturing_remaining"":6168,""repetition_bits"":0,""scrambling"":""public_PCG64_SHA256_protocol_session_frame_group_counter_after_rate_matching_v1"",""shortening_bits"":296,""z"":192}",[2048]
16QAM,2/3,16QAM:r2/3,ede48d0ee898b1442d8355f6a816ef65f9bce223fad061ebfbf10bb5c41fff0a,2556,16,0,2572,2880,308,14976,3860,965,0,0.666321243523316,0.6621761658031088,"{""actual_effective_rate"":0.666321243523316,""bg"":""bg2"",""bit_mapping"":""component_Gray_00_-3_01_-1_10_3_11_1_over_sqrt5;QPSK_0_plus1_1_minus1"",""code_blocks"":1,""decoder_config"":{""cn_schedule"":""flooding"",""cn_update"":""boxplus-phi"",""early_stop"":false,""hard_out"":true,""harq_mode"":false,""llr_max"":20.0,""num_iter"":20,""precision"":""single"",""prune_pcm"":true,""return_infobits"":true,""vn_update"":""sum""},""implementation"":{""bit_mapping"":""component_Gray_00_-3_01_-1_10_3_11_1_over_sqrt5;QPSK_0_plus1_1_minus1"",""cuda"":""12.8"",""decoder"":{""cn_schedule"":""flooding"",""cn_update"":""boxplus-phi"",""early_stop"":false,""hard_out"":true,""harq_mode"":false,""llr_max"":20.0,""num_iter"":20,""precision"":""single"",""prune_pcm"":true,""return_infobits"":true,""vn_update"":""sum""},""decoder_source_sha256"":""44d84b92b749e2970f94d92cd348a11648e2286b4d851faa0af8b21d08f0da23"",""encoder_source_sha256"":""34d8db6660b2e84708a8fb534f63c194f6f2b964e3693fcffc9dcaf21532ccfd"",""implementation"":""Sionna_5G_LDPC"",""power_protocol"":""fixed_constellation_average_Es2"",""precision"":""float32"",""rate_matching"":""Sionna RV0; filler removal, first2Z and tail puncturing; supported n only"",""scrambling"":""public_PCG64_SHA256_protocol_session_frame_group_counter_after_rate_matching_v1"",""torch"":""2.11.0+cu128"",""version"":""2.2.0""},""interleaver_sha256"":""2e4c25b65d822a670e895e751b6b2cf39fbaef5e148cf0b64af6aa64d8f341d3"",""k"":2572,""k_filler"":308,""k_ldpc"":2880,""layout_id"":""d417cce9c99a3e51bc8df63ae27c82b586ffd71bb4e524e30455d5c1a8657c9e"",""modulation_padding_bits"":0,""mother_bits"":14976,""n"":3860,""n_cb"":14400,""n_cb_comp"":14092,""power_protocol"":""fixed_constellation_average_Es2"",""puncturing_bits"":10808,""puncturing_first_2Z"":576,""puncturing_remaining"":10232,""repetition_bits"":0,""scrambling"":""public_PCG64_SHA256_protocol_session_frame_group_counter_after_rate_matching_v1"",""shortening_bits"":308,""z"":288}",[2048]
16QAM,5/6,16QAM:r5/6,ede7a3418b4a9cf9b1bf12627c67abfed834af337554eb41acd09504d2977987,6576,16,0,6592,7040,448,21760,7912,1978,0,0.833164812942366,0.8311425682507584,"{""actual_effective_rate"":0.833164812942366,""bg"":""bg1"",""bit_mapping"":""component_Gray_00_-3_01_-1_10_3_11_1_over_sqrt5;QPSK_0_plus1_1_minus1"",""code_blocks"":1,""decoder_config"":{""cn_schedule"":""flooding"",""cn_update"":""boxplus-phi"",""early_stop"":false,""hard_out"":true,""harq_mode"":false,""llr_max"":20.0,""num_iter"":20,""precision"":""single"",""prune_pcm"":true,""return_infobits"":true,""vn_update"":""sum""},""implementation"":{""bit_mapping"":""component_Gray_00_-3_01_-1_10_3_11_1_over_sqrt5;QPSK_0_plus1_1_minus1"",""cuda"":""12.8"",""decoder"":{""cn_schedule"":""flooding"",""cn_update"":""boxplus-phi"",""early_stop"":false,""hard_out"":true,""harq_mode"":false,""llr_max"":20.0,""num_iter"":20,""precision"":""single"",""prune_pcm"":true,""return_infobits"":true,""vn_update"":""sum""},""decoder_source_sha256"":""44d84b92b749e2970f94d92cd348a11648e2286b4d851faa0af8b21d08f0da23"",""encoder_source_sha256"":""34d8db6660b2e84708a8fb534f63c194f6f2b964e3693fcffc9dcaf21532ccfd"",""implementation"":""Sionna_5G_LDPC"",""power_protocol"":""fixed_constellation_average_Es2"",""precision"":""float32"",""rate_matching"":""Sionna RV0; filler removal, first2Z and tail puncturing; supported n only"",""scrambling"":""public_PCG64_SHA256_protocol_session_frame_group_counter_after_rate_matching_v1"",""torch"":""2.11.0+cu128"",""version"":""2.2.0""},""interleaver_sha256"":""a89399d3713c58d90fc50d56bd38ac28ae284c2790a6a534f4a4354cbf5f9f8a"",""k"":6592,""k_filler"":448,""k_ldpc"":7040,""layout_id"":""0fe6d86ef010680151cd4e21b3ff59cf12434f496139659ce649715a3e28eeda"",""modulation_padding_bits"":0,""mother_bits"":21760,""n"":7912,""n_cb"":21120,""n_cb_comp"":20672,""power_protocol"":""fixed_constellation_average_Es2"",""puncturing_bits"":13400,""puncturing_first_2Z"":640,""puncturing_remaining"":12760,""repetition_bits"":0,""scrambling"":""public_PCG64_SHA256_protocol_session_frame_group_counter_after_rate_matching_v1"",""shortening_bits"":448,""z"":320}",[2048]
QPSK,1/2,QPSK:r1/2,edea89df3bfdf49152de140ffcce4c7d44a17ea7f82a0efd090ea2de3670e2a8,1368,16,0,1384,1440,56,7488,3124,1562,0,0.44302176696542894,0.4379001280409731,"{""actual_effective_rate"":0.44302176696542894,""bg"":""bg2"",""bit_mapping"":""component_Gray_00_-3_01_-1_10_3_11_1_over_sqrt5;QPSK_0_plus1_1_minus1"",""code_blocks"":1,""decoder_config"":{""cn_schedule"":""flooding"",""cn_update"":""boxplus-phi"",""early_stop"":false,""hard_out"":true,""harq_mode"":false,""llr_max"":20.0,""num_iter"":20,""precision"":""single"",""prune_pcm"":true,""return_infobits"":true,""vn_update"":""sum""},""implementation"":{""bit_mapping"":""component_Gray_00_-3_01_-1_10_3_11_1_over_sqrt5;QPSK_0_plus1_1_minus1"",""cuda"":""12.8"",""decoder"":{""cn_schedule"":""flooding"",""cn_update"":""boxplus-phi"",""early_stop"":false,""hard_out"":true,""harq_mode"":false,""llr_max"":20.0,""num_iter"":20,""precision"":""single"",""prune_pcm"":true,""return_infobits"":true,""vn_update"":""sum""},""decoder_source_sha256"":""44d84b92b749e2970f94d92cd348a11648e2286b4d851faa0af8b21d08f0da23"",""encoder_source_sha256"":""34d8db6660b2e84708a8fb534f63c194f6f2b964e3693fcffc9dcaf21532ccfd"",""implementation"":""Sionna_5G_LDPC"",""power_protocol"":""fixed_constellation_average_Es2"",""precision"":""float32"",""rate_matching"":""Sionna RV0; filler removal, first2Z and tail puncturing; supported n only"",""scrambling"":""public_PCG64_SHA256_protocol_session_frame_group_counter_after_rate_matching_v1"",""torch"":""2.11.0+cu128"",""version"":""2.2.0""},""interleaver_sha256"":""3185d137032d17d791510e751ebcfa0601293dcd698c7898a6f0e7afb75df2c8"",""k"":1384,""k_filler"":56,""k_ldpc"":1440,""layout_id"":""4055f9c84e2d064d8818b811f4a530dd8d23e6e5739063455194b1c62e7b1ae6"",""modulation_padding_bits"":0,""mother_bits"":7488,""n"":3124,""n_cb"":7200,""n_cb_comp"":7144,""power_protocol"":""fixed_constellation_average_Es2"",""puncturing_bits"":4308,""puncturing_first_2Z"":288,""puncturing_remaining"":4020,""repetition_bits"":0,""scrambling"":""public_PCG64_SHA256_protocol_session_frame_group_counter_after_rate_matching_v1"",""shortening_bits"":56,""z"":144}",[2048]
16QAM,5/6,16QAM:r5/6,ee069ef534cfa0a796a2e9ae88c5d05a4deb74392aedf0a1d00c25276b9c0c74,660,16,0,676,720,44,3744,1556,389,0,0.43444730077120824,0.4241645244215938,"{""actual_effective_rate"":0.43444730077120824,""bg"":""bg2"",""bit_mapping"":""component_Gray_00_-3_01_-1_10_3_11_1_over_sqrt5;QPSK_0_plus1_1_minus1"",""code_blocks"":1,""decoder_config"":{""cn_schedule"":""flooding"",""cn_update"":""boxplus-phi"",""early_stop"":false,""hard_out"":true,""harq_mode"":false,""llr_max"":20.0,""num_iter"":20,""precision"":""single"",""prune_pcm"":true,""return_infobits"":true,""vn_update"":""sum""},""implementation"":{""bit_mapping"":""component_Gray_00_-3_01_-1_10_3_11_1_over_sqrt5;QPSK_0_plus1_1_minus1"",""cuda"":""12.8"",""decoder"":{""cn_schedule"":""flooding"",""cn_update"":""boxplus-phi"",""early_stop"":false,""hard_out"":true,""harq_mode"":false,""llr_max"":20.0,""num_iter"":20,""precision"":""single"",""prune_pcm"":true,""return_infobits"":true,""vn_update"":""sum""},""decoder_source_sha256"":""44d84b92b749e2970f94d92cd348a11648e2286b4d851faa0af8b21d08f0da23"",""encoder_source_sha256"":""34d8db6660b2e84708a8fb534f63c194f6f2b964e3693fcffc9dcaf21532ccfd"",""implementation"":""Sionna_5G_LDPC"",""power_protocol"":""fixed_constellation_average_Es2"",""precision"":""float32"",""rate_matching"":""Sionna RV0; filler removal, first2Z and tail puncturing; supported n only"",""scrambling"":""public_PCG64_SHA256_protocol_session_frame_group_counter_after_rate_matching_v1"",""torch"":""2.11.0+cu128"",""version"":""2.2.0""},""interleaver_sha256"":""7cafe2aa5e063dcbe6a3ef2fc45516788f7db1e324702114637dcb3b7ff3b40a"",""k"":676,""k_filler"":44,""k_ldpc"":720,""layout_id"":""828af3bcdb22e71416f9f3384ec77950d621479c1416c5c7593818367da7bf3c"",""modulation_padding_bits"":0,""mother_bits"":3744,""n"":1556,""n_cb"":3600,""n_cb_comp"":3556,""power_protocol"":""fixed_constellation_average_Es2"",""puncturing_bits"":2144,""puncturing_first_2Z"":144,""puncturing_remaining"":2000,""repetition_bits"":0,""scrambling"":""public_PCG64_SHA256_protocol_session_frame_group_counter_after_rate_matching_v1"",""shortening_bits"":44,""z"":72}",[2048]
16QAM,2/3,16QAM:r2/3,ee080b16358bb61354d45b80608ee26e936bc94cd7d660b9e401b9bc4fa48879,660,16,0,676,720,44,3744,2836,709,0,0.2383638928067701,0.23272214386459802,"{""actual_effective_rate"":0.2383638928067701,""bg"":""bg2"",""bit_mapping"":""component_Gray_00_-3_01_-1_10_3_11_1_over_sqrt5;QPSK_0_plus1_1_minus1"",""code_blocks"":1,""decoder_config"":{""cn_schedule"":""flooding"",""cn_update"":""boxplus-phi"",""early_stop"":false,""hard_out"":true,""harq_mode"":false,""llr_max"":20.0,""num_iter"":20,""precision"":""single"",""prune_pcm"":true,""return_infobits"":true,""vn_update"":""sum""},""implementation"":{""bit_mapping"":""component_Gray_00_-3_01_-1_10_3_11_1_over_sqrt5;QPSK_0_plus1_1_minus1"",""cuda"":""12.8"",""decoder"":{""cn_schedule"":""flooding"",""cn_update"":""boxplus-phi"",""early_stop"":false,""hard_out"":true,""harq_mode"":false,""llr_max"":20.0,""num_iter"":20,""precision"":""single"",""prune_pcm"":true,""return_infobits"":true,""vn_update"":""sum""},""decoder_source_sha256"":""44d84b92b749e2970f94d92cd348a11648e2286b4d851faa0af8b21d08f0da23"",""encoder_source_sha256"":""34d8db6660b2e84708a8fb534f63c194f6f2b964e3693fcffc9dcaf21532ccfd"",""implementation"":""Sionna_5G_LDPC"",""power_protocol"":""fixed_constellation_average_Es2"",""precision"":""float32"",""rate_matching"":""Sionna RV0; filler removal, first2Z and tail puncturing; supported n only"",""scrambling"":""public_PCG64_SHA256_protocol_session_frame_group_counter_after_rate_matching_v1"",""torch"":""2.11.0+cu128"",""version"":""2.2.0""},""interleaver_sha256"":""f124d86ca8e91f09bf0aad45cf73cf2e418dd2b8f95f8690fcf0cb03c040f0ef"",""k"":676,""k_filler"":44,""k_ldpc"":720,""layout_id"":""98f3b562eb563ff41d954482c975a8f5d6f458429a71a64f8e94a4988b3f6ee9"",""modulation_padding_bits"":0,""mother_bits"":3744,""n"":2836,""n_cb"":3600,""n_cb_comp"":3556,""power_protocol"":""fixed_constellation_average_Es2"",""puncturing_bits"":864,""puncturing_first_2Z"":144,""puncturing_remaining"":720,""repetition_bits"":0,""scrambling"":""public_PCG64_SHA256_protocol_session_frame_group_counter_after_rate_matching_v1"",""shortening_bits"":44,""z"":72}",[2048]
QPSK,3/4,QPSK:r3/4,ee1016529c6b85daf2baa1e44b94d208eb719a536a1e190506983fb4a51b2dee,516,16,0,532,572,40,1768,710,355,0,0.7492957746478873,0.7267605633802817,"{""actual_effective_rate"":0.7492957746478873,""bg"":""bg1"",""bit_mapping"":""component_Gray_00_-3_01_-1_10_3_11_1_over_sqrt5;QPSK_0_plus1_1_minus1"",""code_blocks"":1,""decoder_config"":{""cn_schedule"":""flooding"",""cn_update"":""boxplus-phi"",""early_stop"":false,""hard_out"":true,""harq_mode"":false,""llr_max"":20.0,""num_iter"":20,""precision"":""single"",""prune_pcm"":true,""return_infobits"":true,""vn_update"":""sum""},""implementation"":{""bit_mapping"":""component_Gray_00_-3_01_-1_10_3_11_1_over_sqrt5;QPSK_0_plus1_1_minus1"",""cuda"":""12.8"",""decoder"":{""cn_schedule"":""flooding"",""cn_update"":""boxplus-phi"",""early_stop"":false,""hard_out"":true,""harq_mode"":false,""llr_max"":20.0,""num_iter"":20,""precision"":""single"",""prune_pcm"":true,""return_infobits"":true,""vn_update"":""sum""},""decoder_source_sha256"":""44d84b92b749e2970f94d92cd348a11648e2286b4d851faa0af8b21d08f0da23"",""encoder_source_sha256"":""34d8db6660b2e84708a8fb534f63c194f6f2b964e3693fcffc9dcaf21532ccfd"",""implementation"":""Sionna_5G_LDPC"",""power_protocol"":""fixed_constellation_average_Es2"",""precision"":""float32"",""rate_matching"":""Sionna RV0; filler removal, first2Z and tail puncturing; supported n only"",""scrambling"":""public_PCG64_SHA256_protocol_session_frame_group_counter_after_rate_matching_v1"",""torch"":""2.11.0+cu128"",""version"":""2.2.0""},""interleaver_sha256"":""ef0addfc49a8ced47757d6ac20f8f6ecce730c9bdde0eed5b48016a34b912f7b"",""k"":532,""k_filler"":40,""k_ldpc"":572,""layout_id"":""291f9a60f60b1a49d9bfa684b26dd06bb1b701e0c9fa8e8a353a5c81ea652c61"",""modulation_padding_bits"":0,""mother_bits"":1768,""n"":710,""n_cb"":1716,""n_cb_comp"":1676,""power_protocol"":""fixed_constellation_average_Es2"",""puncturing_bits"":1018,""puncturing_first_2Z"":52,""puncturing_remaining"":966,""repetition_bits"":0,""scrambling"":""public_PCG64_SHA256_protocol_session_frame_group_counter_after_rate_matching_v1"",""shortening_bits"":40,""z"":26}","[1024,2048]"
QPSK,3/4,QPSK:r3/4,ee205e9c04c5bde51235c1440aa7510668797928bb7e005f05d738683118d9be,2388,16,0,2404,2464,60,7616,3206,1603,0,0.7498440424204617,0.7448533998752339,"{""actual_effective_rate"":0.7498440424204617,""bg"":""bg1"",""bit_mapping"":""component_Gray_00_-3_01_-1_10_3_11_1_over_sqrt5;QPSK_0_plus1_1_minus1"",""code_blocks"":1,""decoder_config"":{""cn_schedule"":""flooding"",""cn_update"":""boxplus-phi"",""early_stop"":false,""hard_out"":true,""harq_mode"":false,""llr_max"":20.0,""num_iter"":20,""precision"":""single"",""prune_pcm"":true,""return_infobits"":true,""vn_update"":""sum""},""implementation"":{""bit_mapping"":""component_Gray_00_-3_01_-1_10_3_11_1_over_sqrt5;QPSK_0_plus1_1_minus1"",""cuda"":""12.8"",""decoder"":{""cn_schedule"":""flooding"",""cn_update"":""boxplus-phi"",""early_stop"":false,""hard_out"":true,""harq_mode"":false,""llr_max"":20.0,""num_iter"":20,""precision"":""single"",""prune_pcm"":true,""return_infobits"":true,""vn_update"":""sum""},""decoder_source_sha256"":""44d84b92b749e2970f94d92cd348a11648e2286b4d851faa0af8b21d08f0da23"",""encoder_source_sha256"":""34d8db6660b2e84708a8fb534f63c194f6f2b964e3693fcffc9dcaf21532ccfd"",""implementation"":""Sionna_5G_LDPC"",""power_protocol"":""fixed_constellation_average_Es2"",""precision"":""float32"",""rate_matching"":""Sionna RV0; filler removal, first2Z and tail puncturing; supported n only"",""scrambling"":""public_PCG64_SHA256_protocol_session_frame_group_counter_after_rate_matching_v1"",""torch"":""2.11.0+cu128"",""version"":""2.2.0""},""interleaver_sha256"":""0fe3f12a4641c7df7dc37adb9fbc7c10169af5c71cfd1e5849574afeff6e215a"",""k"":2404,""k_filler"":60,""k_ldpc"":2464,""layout_id"":""138fbdd54cc36da95235a1cdce64d56f9be3efde8c770add34e9e4606e858e4a"",""modulation_padding_bits"":0,""mother_bits"":7616,""n"":3206,""n_cb"":7392,""n_cb_comp"":7332,""power_protocol"":""fixed_constellation_average_Es2"",""puncturing_bits"":4350,""puncturing_first_2Z"":224,""puncturing_remaining"":4126,""repetition_bits"":0,""scrambling"":""public_PCG64_SHA256_protocol_session_frame_group_counter_after_rate_matching_v1"",""shortening_bits"":60,""z"":112}",[2048]
QPSK,2/3,QPSK:r2/3,ee25b77aabed5e5442ca4a5416e15e73eb04dad9094beecbdaab24294a531a06,1008,16,0,1024,1040,16,5408,3132,1566,0,0.3269476372924649,0.3218390804597701,"{""actual_effective_rate"":0.3269476372924649,""bg"":""bg2"",""bit_mapping"":""component_Gray_00_-3_01_-1_10_3_11_1_over_sqrt5;QPSK_0_plus1_1_minus1"",""code_blocks"":1,""decoder_config"":{""cn_schedule"":""flooding"",""cn_update"":""boxplus-phi"",""early_stop"":false,""hard_out"":true,""harq_mode"":false,""llr_max"":20.0,""num_iter"":20,""precision"":""single"",""prune_pcm"":true,""return_infobits"":true,""vn_update"":""sum""},""implementation"":{""bit_mapping"":""component_Gray_00_-3_01_-1_10_3_11_1_over_sqrt5;QPSK_0_plus1_1_minus1"",""cuda"":""12.8"",""decoder"":{""cn_schedule"":""flooding"",""cn_update"":""boxplus-phi"",""early_stop"":false,""hard_out"":true,""harq_mode"":false,""llr_max"":20.0,""num_iter"":20,""precision"":""single"",""prune_pcm"":true,""return_infobits"":true,""vn_update"":""sum""},""decoder_source_sha256"":""44d84b92b749e2970f94d92cd348a11648e2286b4d851faa0af8b21d08f0da23"",""encoder_source_sha256"":""34d8db6660b2e84708a8fb534f63c194f6f2b964e3693fcffc9dcaf21532ccfd"",""implementation"":""Sionna_5G_LDPC"",""power_protocol"":""fixed_constellation_average_Es2"",""precision"":""float32"",""rate_matching"":""Sionna RV0; filler removal, first2Z and tail puncturing; supported n only"",""scrambling"":""public_PCG64_SHA256_protocol_session_frame_group_counter_after_rate_matching_v1"",""torch"":""2.11.0+cu128"",""version"":""2.2.0""},""interleaver_sha256"":""6fc266890b38e300ff0eda9ce86542e876fe5f28a1f68684e7fc0800fb9671b5"",""k"":1024,""k_filler"":16,""k_ldpc"":1040,""layout_id"":""fd06989aa0134a54cca13c305808c43dd49323c9617ddd36f87b4c1fc5fcdda4"",""modulation_padding_bits"":0,""mother_bits"":5408,""n"":3132,""n_cb"":5200,""n_cb_comp"":5184,""power_protocol"":""fixed_constellation_average_Es2"",""puncturing_bits"":2260,""puncturing_first_2Z"":208,""puncturing_remaining"":2052,""repetition_bits"":0,""scrambling"":""public_PCG64_SHA256_protocol_session_frame_group_counter_after_rate_matching_v1"",""shortening_bits"":16,""z"":104}",[2048]
16QAM,3/4,16QAM:r3/4,ee29643bd1dd527ef36e283da91c8a8199ca47741cadf359657e5637e2572a2f,1968,16,0,1984,2080,96,10816,3948,987,0,0.502532928064843,0.49848024316109424,"{""actual_effective_rate"":0.502532928064843,""bg"":""bg2"",""bit_mapping"":""component_Gray_00_-3_01_-1_10_3_11_1_over_sqrt5;QPSK_0_plus1_1_minus1"",""code_blocks"":1,""decoder_config"":{""cn_schedule"":""flooding"",""cn_update"":""boxplus-phi"",""early_stop"":false,""hard_out"":true,""harq_mode"":false,""llr_max"":20.0,""num_iter"":20,""precision"":""single"",""prune_pcm"":true,""return_infobits"":true,""vn_update"":""sum""},""implementation"":{""bit_mapping"":""component_Gray_00_-3_01_-1_10_3_11_1_over_sqrt5;QPSK_0_plus1_1_minus1"",""cuda"":""12.8"",""decoder"":{""cn_schedule"":""flooding"",""cn_update"":""boxplus-phi"",""early_stop"":false,""hard_out"":true,""harq_mode"":false,""llr_max"":20.0,""num_iter"":20,""precision"":""single"",""prune_pcm"":true,""return_infobits"":true,""vn_update"":""sum""},""decoder_source_sha256"":""44d84b92b749e2970f94d92cd348a11648e2286b4d851faa0af8b21d08f0da23"",""encoder_source_sha256"":""34d8db6660b2e84708a8fb534f63c194f6f2b964e3693fcffc9dcaf21532ccfd"",""implementation"":""Sionna_5G_LDPC"",""power_protocol"":""fixed_constellation_average_Es2"",""precision"":""float32"",""rate_matching"":""Sionna RV0; filler removal, first2Z and tail puncturing; supported n only"",""scrambling"":""public_PCG64_SHA256_protocol_session_frame_group_counter_after_rate_matching_v1"",""torch"":""2.11.0+cu128"",""version"":""2.2.0""},""interleaver_sha256"":""94805a34208106428a4d2f74f3e7390fbc2fac903a9088ddfb6798d8380a138b"",""k"":1984,""k_filler"":96,""k_ldpc"":2080,""layout_id"":""70dd81e3060955daa2ec3ce6753c0ae7ab6bcacef2b3ef74388a04dd223a9476"",""modulation_padding_bits"":0,""mother_bits"":10816,""n"":3948,""n_cb"":10400,""n_cb_comp"":10304,""power_protocol"":""fixed_constellation_average_Es2"",""puncturing_bits"":6772,""puncturing_first_2Z"":416,""puncturing_remaining"":6356,""repetition_bits"":0,""scrambling"":""public_PCG64_SHA256_protocol_session_frame_group_counter_after_rate_matching_v1"",""shortening_bits"":96,""z"":208}",[2048]
QPSK,2/3,QPSK:r2/3,ee325bb872934d005e5ac540d55307ca521a03967e6e3d075e28d9e3a7b2be10,300,16,0,316,400,84,2080,798,399,0,0.39598997493734334,0.37593984962406013,"{""actual_effective_rate"":0.39598997493734334,""bg"":""bg2"",""bit_mapping"":""component_Gray_00_-3_01_-1_10_3_11_1_over_sqrt5;QPSK_0_plus1_1_minus1"",""code_blocks"":1,""decoder_config"":{""cn_schedule"":""flooding"",""cn_update"":""boxplus-phi"",""early_stop"":false,""hard_out"":true,""harq_mode"":false,""llr_max"":20.0,""num_iter"":20,""precision"":""single"",""prune_pcm"":true,""return_infobits"":true,""vn_update"":""sum""},""implementation"":{""bit_mapping"":""component_Gray_00_-3_01_-1_10_3_11_1_over_sqrt5;QPSK_0_plus1_1_minus1"",""cuda"":""12.8"",""decoder"":{""cn_schedule"":""flooding"",""cn_update"":""boxplus-phi"",""early_stop"":false,""hard_out"":true,""harq_mode"":false,""llr_max"":20.0,""num_iter"":20,""precision"":""single"",""prune_pcm"":true,""return_infobits"":true,""vn_update"":""sum""},""decoder_source_sha256"":""44d84b92b749e2970f94d92cd348a11648e2286b4d851faa0af8b21d08f0da23"",""encoder_source_sha256"":""34d8db6660b2e84708a8fb534f63c194f6f2b964e3693fcffc9dcaf21532ccfd"",""implementation"":""Sionna_5G_LDPC"",""power_protocol"":""fixed_constellation_average_Es2"",""precision"":""float32"",""rate_matching"":""Sionna RV0; filler removal, first2Z and tail puncturing; supported n only"",""scrambling"":""public_PCG64_SHA256_protocol_session_frame_group_counter_after_rate_matching_v1"",""torch"":""2.11.0+cu128"",""version"":""2.2.0""},""interleaver_sha256"":""5d2aa0077f89abd47708f076208f44681df0e7e595ed7ab23a4b0e4407093b8f"",""k"":316,""k_filler"":84,""k_ldpc"":400,""layout_id"":""145a744c97b6f32bb99d656b5d3a1199e5a7e62332b1fa0f244d07a36858e927"",""modulation_padding_bits"":0,""mother_bits"":2080,""n"":798,""n_cb"":2000,""n_cb_comp"":1916,""power_protocol"":""fixed_constellation_average_Es2"",""puncturing_bits"":1198,""puncturing_first_2Z"":80,""puncturing_remaining"":1118,""repetition_bits"":0,""scrambling"":""public_PCG64_SHA256_protocol_session_frame_group_counter_after_rate_matching_v1"",""shortening_bits"":84,""z"":40}",[2048]
QPSK,2/3,QPSK:r2/3,ee36ae55a71d87e4cd6716305a759601cf507fd13dc2579baf6fb94b757bea6c,1668,16,0,1684,1760,76,9152,3062,1531,0,0.549967341606793,0.5447419986936642,"{""actual_effective_rate"":0.549967341606793,""bg"":""bg2"",""bit_mapping"":""component_Gray_00_-3_01_-1_10_3_11_1_over_sqrt5;QPSK_0_plus1_1_minus1"",""code_blocks"":1,""decoder_config"":{""cn_schedule"":""flooding"",""cn_update"":""boxplus-phi"",""early_stop"":false,""hard_out"":true,""harq_mode"":false,""llr_max"":20.0,""num_iter"":20,""precision"":""single"",""prune_pcm"":true,""return_infobits"":true,""vn_update"":""sum""},""implementation"":{""bit_mapping"":""component_Gray_00_-3_01_-1_10_3_11_1_over_sqrt5;QPSK_0_plus1_1_minus1"",""cuda"":""12.8"",""decoder"":{""cn_schedule"":""flooding"",""cn_update"":""boxplus-phi"",""early_stop"":false,""hard_out"":true,""harq_mode"":false,""llr_max"":20.0,""num_iter"":20,""precision"":""single"",""prune_pcm"":true,""return_infobits"":true,""vn_update"":""sum""},""decoder_source_sha256"":""44d84b92b749e2970f94d92cd348a11648e2286b4d851faa0af8b21d08f0da23"",""encoder_source_sha256"":""34d8db6660b2e84708a8fb534f63c194f6f2b964e3693fcffc9dcaf21532ccfd"",""implementation"":""Sionna_5G_LDPC"",""power_protocol"":""fixed_constellation_average_Es2"",""precision"":""float32"",""rate_matching"":""Sionna RV0; filler removal, first2Z and tail puncturing; supported n only"",""scrambling"":""public_PCG64_SHA256_protocol_session_frame_group_counter_after_rate_matching_v1"",""torch"":""2.11.0+cu128"",""version"":""2.2.0""},""interleaver_sha256"":""954c87ed4aef744ddddab782422326c36940bc0a161db6e3992172d76faa1753"",""k"":1684,""k_filler"":76,""k_ldpc"":1760,""layout_id"":""6345d816a8fe2738e5474cd794f54fc8f65264a4088208e23ffef4ddd315db64"",""modulation_padding_bits"":0,""mother_bits"":9152,""n"":3062,""n_cb"":8800,""n_cb_comp"":8724,""power_protocol"":""fixed_constellation_average_Es2"",""puncturing_bits"":6014,""puncturing_first_2Z"":352,""puncturing_remaining"":5662,""repetition_bits"":0,""scrambling"":""public_PCG64_SHA256_protocol_session_frame_group_counter_after_rate_matching_v1"",""shortening_bits"":76,""z"":176}",[2048]
QPSK,5/6,QPSK:r5/6,ee46296b2a301636460f23e0b62a1352a7372be4c3f11510d2ec37c820dbb573,324,16,0,340,440,100,2288,1136,568,0,0.2992957746478873,0.2852112676056338,"{""actual_effective_rate"":0.2992957746478873,""bg"":""bg2"",""bit_mapping"":""component_Gray_00_-3_01_-1_10_3_11_1_over_sqrt5;QPSK_0_plus1_1_minus1"",""code_blocks"":1,""decoder_config"":{""cn_schedule"":""flooding"",""cn_update"":""boxplus-phi"",""early_stop"":false,""hard_out"":true,""harq_mode"":false,""llr_max"":20.0,""num_iter"":20,""precision"":""single"",""prune_pcm"":true,""return_infobits"":true,""vn_update"":""sum""},""implementation"":{""bit_mapping"":""component_Gray_00_-3_01_-1_10_3_11_1_over_sqrt5;QPSK_0_plus1_1_minus1"",""cuda"":""12.8"",""decoder"":{""cn_schedule"":""flooding"",""cn_update"":""boxplus-phi"",""early_stop"":false,""hard_out"":true,""harq_mode"":false,""llr_max"":20.0,""num_iter"":20,""precision"":""single"",""prune_pcm"":true,""return_infobits"":true,""vn_update"":""sum""},""decoder_source_sha256"":""44d84b92b749e2970f94d92cd348a11648e2286b4d851faa0af8b21d08f0da23"",""encoder_source_sha256"":""34d8db6660b2e84708a8fb534f63c194f6f2b964e3693fcffc9dcaf21532ccfd"",""implementation"":""Sionna_5G_LDPC"",""power_protocol"":""fixed_constellation_average_Es2"",""precision"":""float32"",""rate_matching"":""Sionna RV0; filler removal, first2Z and tail puncturing; supported n only"",""scrambling"":""public_PCG64_SHA256_protocol_session_frame_group_counter_after_rate_matching_v1"",""torch"":""2.11.0+cu128"",""version"":""2.2.0""},""interleaver_sha256"":""a79dc4d1582bc39a75254819a28d4b678cab7e3513c76bc387c4ab87649c6395"",""k"":340,""k_filler"":100,""k_ldpc"":440,""layout_id"":""a4b3ed142c7e75f4fa7e1a8f64be3f0e38c8e9466548acf3b8de43f200dab2d7"",""modulation_padding_bits"":0,""mother_bits"":2288,""n"":1136,""n_cb"":2200,""n_cb_comp"":2100,""power_protocol"":""fixed_constellation_average_Es2"",""puncturing_bits"":1052,""puncturing_first_2Z"":88,""puncturing_remaining"":964,""repetition_bits"":0,""scrambling"":""public_PCG64_SHA256_protocol_session_frame_group_counter_after_rate_matching_v1"",""shortening_bits"":100,""z"":44}",[2048]
16QAM,1/3,16QAM:r1/3,ee527fbe7ccf4371fe3a6c200fdd43d42b0e7245e5642b20ed962ddce4c0aea6,660,16,0,676,720,44,3744,3264,816,0,0.20710784313725492,0.20220588235294118,"{""actual_effective_rate"":0.20710784313725492,""bg"":""bg2"",""bit_mapping"":""component_Gray_00_-3_01_-1_10_3_11_1_over_sqrt5;QPSK_0_plus1_1_minus1"",""code_blocks"":1,""decoder_config"":{""cn_schedule"":""flooding"",""cn_update"":""boxplus-phi"",""early_stop"":false,""hard_out"":true,""harq_mode"":false,""llr_max"":20.0,""num_iter"":20,""precision"":""single"",""prune_pcm"":true,""return_infobits"":true,""vn_update"":""sum""},""implementation"":{""bit_mapping"":""component_Gray_00_-3_01_-1_10_3_11_1_over_sqrt5;QPSK_0_plus1_1_minus1"",""cuda"":""12.8"",""decoder"":{""cn_schedule"":""flooding"",""cn_update"":""boxplus-phi"",""early_stop"":false,""hard_out"":true,""harq_mode"":false,""llr_max"":20.0,""num_iter"":20,""precision"":""single"",""prune_pcm"":true,""return_infobits"":true,""vn_update"":""sum""},""decoder_source_sha256"":""44d84b92b749e2970f94d92cd348a11648e2286b4d851faa0af8b21d08f0da23"",""encoder_source_sha256"":""34d8db6660b2e84708a8fb534f63c194f6f2b964e3693fcffc9dcaf21532ccfd"",""implementation"":""Sionna_5G_LDPC"",""power_protocol"":""fixed_constellation_average_Es2"",""precision"":""float32"",""rate_matching"":""Sionna RV0; filler removal, first2Z and tail puncturing; supported n only"",""scrambling"":""public_PCG64_SHA256_protocol_session_frame_group_counter_after_rate_matching_v1"",""torch"":""2.11.0+cu128"",""version"":""2.2.0""},""interleaver_sha256"":""c475475cbaf0926ed74e4e10413c0de11fb88dda7bee9043f7920a74ba950c91"",""k"":676,""k_filler"":44,""k_ldpc"":720,""layout_id"":""a9daebf04b8d85a8037531f3dfa35951d5e832b87951c76925eb13f38ad1f275"",""modulation_padding_bits"":0,""mother_bits"":3744,""n"":3264,""n_cb"":3600,""n_cb_comp"":3556,""power_protocol"":""fixed_constellation_average_Es2"",""puncturing_bits"":436,""puncturing_first_2Z"":144,""puncturing_remaining"":292,""repetition_bits"":0,""scrambling"":""public_PCG64_SHA256_protocol_session_frame_group_counter_after_rate_matching_v1"",""shortening_bits"":44,""z"":72}",[1024]
QPSK,1/3,QPSK:r1/3,ee60140512e9537ab418178dd4fa647e53a4324d1371cedcddaff5381ee3a3a7,1212,16,0,1228,1280,52,6656,3706,1853,0,0.33135456017269294,0.32703723691311387,"{""actual_effective_rate"":0.33135456017269294,""bg"":""bg2"",""bit_mapping"":""component_Gray_00_-3_01_-1_10_3_11_1_over_sqrt5;QPSK_0_plus1_1_minus1"",""code_blocks"":1,""decoder_config"":{""cn_schedule"":""flooding"",""cn_update"":""boxplus-phi"",""early_stop"":false,""hard_out"":true,""harq_mode"":false,""llr_max"":20.0,""num_iter"":20,""precision"":""single"",""prune_pcm"":true,""return_infobits"":true,""vn_update"":""sum""},""implementation"":{""bit_mapping"":""component_Gray_00_-3_01_-1_10_3_11_1_over_sqrt5;QPSK_0_plus1_1_minus1"",""cuda"":""12.8"",""decoder"":{""cn_schedule"":""flooding"",""cn_update"":""boxplus-phi"",""early_stop"":false,""hard_out"":true,""harq_mode"":false,""llr_max"":20.0,""num_iter"":20,""precision"":""single"",""prune_pcm"":true,""return_infobits"":true,""vn_update"":""sum""},""decoder_source_sha256"":""44d84b92b749e2970f94d92cd348a11648e2286b4d851faa0af8b21d08f0da23"",""encoder_source_sha256"":""34d8db6660b2e84708a8fb534f63c194f6f2b964e3693fcffc9dcaf21532ccfd"",""implementation"":""Sionna_5G_LDPC"",""power_protocol"":""fixed_constellation_average_Es2"",""precision"":""float32"",""rate_matching"":""Sionna RV0; filler removal, first2Z and tail puncturing; supported n only"",""scrambling"":""public_PCG64_SHA256_protocol_session_frame_group_counter_after_rate_matching_v1"",""torch"":""2.11.0+cu128"",""version"":""2.2.0""},""interleaver_sha256"":""01634702892e7e08a9f18699c9c40a0a49664e788d5f9a77934199388220db91"",""k"":1228,""k_filler"":52,""k_ldpc"":1280,""layout_id"":""c68e3ee944149de7d39862b1dfe7f2f98830b3de95503ca8631a7dea6916ef1e"",""modulation_padding_bits"":0,""mother_bits"":6656,""n"":3706,""n_cb"":6400,""n_cb_comp"":6348,""power_protocol"":""fixed_constellation_average_Es2"",""puncturing_bits"":2898,""puncturing_first_2Z"":256,""puncturing_remaining"":2642,""repetition_bits"":0,""scrambling"":""public_PCG64_SHA256_protocol_session_frame_group_counter_after_rate_matching_v1"",""shortening_bits"":52,""z"":128}",[2048]
16QAM,1/2,16QAM:r1/2,ee7382cfed0261331ad014d9b46054b3368c486d0b25cb8cf6234bc2cbf3fef6,732,16,0,748,800,52,4160,2180,545,0,0.3431192660550459,0.3357798165137615,"{""actual_effective_rate"":0.3431192660550459,""bg"":""bg2"",""bit_mapping"":""component_Gray_00_-3_01_-1_10_3_11_1_over_sqrt5;QPSK_0_plus1_1_minus1"",""code_blocks"":1,""decoder_config"":{""cn_schedule"":""flooding"",""cn_update"":""boxplus-phi"",""early_stop"":false,""hard_out"":true,""harq_mode"":false,""llr_max"":20.0,""num_iter"":20,""precision"":""single"",""prune_pcm"":true,""return_infobits"":true,""vn_update"":""sum""},""implementation"":{""bit_mapping"":""component_Gray_00_-3_01_-1_10_3_11_1_over_sqrt5;QPSK_0_plus1_1_minus1"",""cuda"":""12.8"",""decoder"":{""cn_schedule"":""flooding"",""cn_update"":""boxplus-phi"",""early_stop"":false,""hard_out"":true,""harq_mode"":false,""llr_max"":20.0,""num_iter"":20,""precision"":""single"",""prune_pcm"":true,""return_infobits"":true,""vn_update"":""sum""},""decoder_source_sha256"":""44d84b92b749e2970f94d92cd348a11648e2286b4d851faa0af8b21d08f0da23"",""encoder_source_sha256"":""34d8db6660b2e84708a8fb534f63c194f6f2b964e3693fcffc9dcaf21532ccfd"",""implementation"":""Sionna_5G_LDPC"",""power_protocol"":""fixed_constellation_average_Es2"",""precision"":""float32"",""rate_matching"":""Sionna RV0; filler removal, first2Z and tail puncturing; supported n only"",""scrambling"":""public_PCG64_SHA256_protocol_session_frame_group_counter_after_rate_matching_v1"",""torch"":""2.11.0+cu128"",""version"":""2.2.0""},""interleaver_sha256"":""01b44f8ec35a3c22b2b990b180a8a19645d2c98d1f9f243f2f72886d00f17fa6"",""k"":748,""k_filler"":52,""k_ldpc"":800,""layout_id"":""606753d6f395039fad3918483ed158a53e596ec96d1398fba0efc44f33de8b8f"",""modulation_padding_bits"":0,""mother_bits"":4160,""n"":2180,""n_cb"":4000,""n_cb_comp"":3948,""power_protocol"":""fixed_constellation_average_Es2"",""puncturing_bits"":1928,""puncturing_first_2Z"":160,""puncturing_remaining"":1768,""repetition_bits"":0,""scrambling"":""public_PCG64_SHA256_protocol_session_frame_group_counter_after_rate_matching_v1"",""shortening_bits"":52,""z"":80}",[1024]
QPSK,1/3,QPSK:r1/3,ee7db9cdaf711deee3d9a0820a6450cfc3b782baed7eadef60af90be8246eae5,576,16,0,592,720,128,3744,1776,888,0,0.3333333333333333,0.32432432432432434,"{""actual_effective_rate"":0.3333333333333333,""bg"":""bg2"",""bit_mapping"":""component_Gray_00_-3_01_-1_10_3_11_1_over_sqrt5;QPSK_0_plus1_1_minus1"",""code_blocks"":1,""decoder_config"":{""cn_schedule"":""flooding"",""cn_update"":""boxplus-phi"",""early_stop"":false,""hard_out"":true,""harq_mode"":false,""llr_max"":20.0,""num_iter"":20,""precision"":""single"",""prune_pcm"":true,""return_infobits"":true,""vn_update"":""sum""},""implementation"":{""bit_mapping"":""component_Gray_00_-3_01_-1_10_3_11_1_over_sqrt5;QPSK_0_plus1_1_minus1"",""cuda"":""12.8"",""decoder"":{""cn_schedule"":""flooding"",""cn_update"":""boxplus-phi"",""early_stop"":false,""hard_out"":true,""harq_mode"":false,""llr_max"":20.0,""num_iter"":20,""precision"":""single"",""prune_pcm"":true,""return_infobits"":true,""vn_update"":""sum""},""decoder_source_sha256"":""44d84b92b749e2970f94d92cd348a11648e2286b4d851faa0af8b21d08f0da23"",""encoder_source_sha256"":""34d8db6660b2e84708a8fb534f63c194f6f2b964e3693fcffc9dcaf21532ccfd"",""implementation"":""Sionna_5G_LDPC"",""power_protocol"":""fixed_constellation_average_Es2"",""precision"":""float32"",""rate_matching"":""Sionna RV0; filler removal, first2Z and tail puncturing; supported n only"",""scrambling"":""public_PCG64_SHA256_protocol_session_frame_group_counter_after_rate_matching_v1"",""torch"":""2.11.0+cu128"",""version"":""2.2.0""},""interleaver_sha256"":""28ec753d53e54be929f52b17fb96c8d05c024ad1f39ea93f8da1e1bf142af0f9"",""k"":592,""k_filler"":128,""k_ldpc"":720,""layout_id"":""d6e0935989b2c2bb4990a005aec2301aaa6ffa8e53ae7a5c7f16d0d689124955"",""modulation_padding_bits"":0,""mother_bits"":3744,""n"":1776,""n_cb"":3600,""n_cb_comp"":3472,""power_protocol"":""fixed_constellation_average_Es2"",""puncturing_bits"":1840,""puncturing_first_2Z"":144,""puncturing_remaining"":1696,""repetition_bits"":0,""scrambling"":""public_PCG64_SHA256_protocol_session_frame_group_counter_after_rate_matching_v1"",""shortening_bits"":128,""z"":72}","[1024,2048]"
16QAM,3/4,16QAM:r3/4,ee99f2a68f466a8103300c61dd10fd1d3102f18cddcf36abf7e1a8e22c2b7bc8,576,16,0,592,720,128,3744,1520,380,0,0.3894736842105263,0.37894736842105264,"{""actual_effective_rate"":0.3894736842105263,""bg"":""bg2"",""bit_mapping"":""component_Gray_00_-3_01_-1_10_3_11_1_over_sqrt5;QPSK_0_plus1_1_minus1"",""code_blocks"":1,""decoder_config"":{""cn_schedule"":""flooding"",""cn_update"":""boxplus-phi"",""early_stop"":false,""hard_out"":true,""harq_mode"":false,""llr_max"":20.0,""num_iter"":20,""precision"":""single"",""prune_pcm"":true,""return_infobits"":true,""vn_update"":""sum""},""implementation"":{""bit_mapping"":""component_Gray_00_-3_01_-1_10_3_11_1_over_sqrt5;QPSK_0_plus1_1_minus1"",""cuda"":""12.8"",""decoder"":{""cn_schedule"":""flooding"",""cn_update"":""boxplus-phi"",""early_stop"":false,""hard_out"":true,""harq_mode"":false,""llr_max"":20.0,""num_iter"":20,""precision"":""single"",""prune_pcm"":true,""return_infobits"":true,""vn_update"":""sum""},""decoder_source_sha256"":""44d84b92b749e2970f94d92cd348a11648e2286b4d851faa0af8b21d08f0da23"",""encoder_source_sha256"":""34d8db6660b2e84708a8fb534f63c194f6f2b964e3693fcffc9dcaf21532ccfd"",""implementation"":""Sionna_5G_LDPC"",""power_protocol"":""fixed_constellation_average_Es2"",""precision"":""float32"",""rate_matching"":""Sionna RV0; filler removal, first2Z and tail puncturing; supported n only"",""scrambling"":""public_PCG64_SHA256_protocol_session_frame_group_counter_after_rate_matching_v1"",""torch"":""2.11.0+cu128"",""version"":""2.2.0""},""interleaver_sha256"":""5fc394ca41d431a32324103c54e3136646b395d4d81423d6b48f7f4542db76df"",""k"":592,""k_filler"":128,""k_ldpc"":720,""layout_id"":""732c7a4b45c523a931156b8e0bf1b7cd0b26d0cde416d2173a0628e9571fc9f8"",""modulation_padding_bits"":0,""mother_bits"":3744,""n"":1520,""n_cb"":3600,""n_cb_comp"":3472,""power_protocol"":""fixed_constellation_average_Es2"",""puncturing_bits"":2096,""puncturing_first_2Z"":144,""puncturing_remaining"":1952,""repetition_bits"":0,""scrambling"":""public_PCG64_SHA256_protocol_session_frame_group_counter_after_rate_matching_v1"",""shortening_bits"":128,""z"":72}",[2048]
16QAM,5/6,16QAM:r5/6,eea3cd9a5cb1afa592dc94727b98f676c12f2358d76eebe2d72d6a6a0288f47e,576,16,0,592,720,128,3744,1096,274,0,0.5401459854014599,0.5255474452554745,"{""actual_effective_rate"":0.5401459854014599,""bg"":""bg2"",""bit_mapping"":""component_Gray_00_-3_01_-1_10_3_11_1_over_sqrt5;QPSK_0_plus1_1_minus1"",""code_blocks"":1,""decoder_config"":{""cn_schedule"":""flooding"",""cn_update"":""boxplus-phi"",""early_stop"":false,""hard_out"":true,""harq_mode"":false,""llr_max"":20.0,""num_iter"":20,""precision"":""single"",""prune_pcm"":true,""return_infobits"":true,""vn_update"":""sum""},""implementation"":{""bit_mapping"":""component_Gray_00_-3_01_-1_10_3_11_1_over_sqrt5;QPSK_0_plus1_1_minus1"",""cuda"":""12.8"",""decoder"":{""cn_schedule"":""flooding"",""cn_update"":""boxplus-phi"",""early_stop"":false,""hard_out"":true,""harq_mode"":false,""llr_max"":20.0,""num_iter"":20,""precision"":""single"",""prune_pcm"":true,""return_infobits"":true,""vn_update"":""sum""},""decoder_source_sha256"":""44d84b92b749e2970f94d92cd348a11648e2286b4d851faa0af8b21d08f0da23"",""encoder_source_sha256"":""34d8db6660b2e84708a8fb534f63c194f6f2b964e3693fcffc9dcaf21532ccfd"",""implementation"":""Sionna_5G_LDPC"",""power_protocol"":""fixed_constellation_average_Es2"",""precision"":""float32"",""rate_matching"":""Sionna RV0; filler removal, first2Z and tail puncturing; supported n only"",""scrambling"":""public_PCG64_SHA256_protocol_session_frame_group_counter_after_rate_matching_v1"",""torch"":""2.11.0+cu128"",""version"":""2.2.0""},""interleaver_sha256"":""3dc7fca5bebbec2cb5b0983a4f113e815de6299bc2f99c7a2aefa384cbc8cf6f"",""k"":592,""k_filler"":128,""k_ldpc"":720,""layout_id"":""131e164f1f5396397f7573c4c5f6765e391dd8003cb6b5185b3390bb3085f1bd"",""modulation_padding_bits"":0,""mother_bits"":3744,""n"":1096,""n_cb"":3600,""n_cb_comp"":3472,""power_protocol"":""fixed_constellation_average_Es2"",""puncturing_bits"":2520,""puncturing_first_2Z"":144,""puncturing_remaining"":2376,""repetition_bits"":0,""scrambling"":""public_PCG64_SHA256_protocol_session_frame_group_counter_after_rate_matching_v1"",""shortening_bits"":128,""z"":72}",[2048]
QPSK,1/2,QPSK:r1/2,eeb93e0b50fa21a37358a15452c521265065f3a552af9f063e88906b70e0c838,264,16,0,280,360,80,1872,560,280,0,0.5,0.4714285714285714,"{""actual_effective_rate"":0.5,""bg"":""bg2"",""bit_mapping"":""component_Gray_00_-3_01_-1_10_3_11_1_over_sqrt5;QPSK_0_plus1_1_minus1"",""code_blocks"":1,""decoder_config"":{""cn_schedule"":""flooding"",""cn_update"":""boxplus-phi"",""early_stop"":false,""hard_out"":true,""harq_mode"":false,""llr_max"":20.0,""num_iter"":20,""precision"":""single"",""prune_pcm"":true,""return_infobits"":true,""vn_update"":""sum""},""implementation"":{""bit_mapping"":""component_Gray_00_-3_01_-1_10_3_11_1_over_sqrt5;QPSK_0_plus1_1_minus1"",""cuda"":""12.8"",""decoder"":{""cn_schedule"":""flooding"",""cn_update"":""boxplus-phi"",""early_stop"":false,""hard_out"":true,""harq_mode"":false,""llr_max"":20.0,""num_iter"":20,""precision"":""single"",""prune_pcm"":true,""return_infobits"":true,""vn_update"":""sum""},""decoder_source_sha256"":""44d84b92b749e2970f94d92cd348a11648e2286b4d851faa0af8b21d08f0da23"",""encoder_source_sha256"":""34d8db6660b2e84708a8fb534f63c194f6f2b964e3693fcffc9dcaf21532ccfd"",""implementation"":""Sionna_5G_LDPC"",""power_protocol"":""fixed_constellation_average_Es2"",""precision"":""float32"",""rate_matching"":""Sionna RV0; filler removal, first2Z and tail puncturing; supported n only"",""scrambling"":""public_PCG64_SHA256_protocol_session_frame_group_counter_after_rate_matching_v1"",""torch"":""2.11.0+cu128"",""version"":""2.2.0""},""interleaver_sha256"":""da7d206a45f83a825a77ec4d4cc87a0f58b7aecf6ae04ff69e5f96f091fc6617"",""k"":280,""k_filler"":80,""k_ldpc"":360,""layout_id"":""7e70c29e1475eb51a82d214fe455b4dc17a5fc234551fb5da90bb670d9684c79"",""modulation_padding_bits"":0,""mother_bits"":1872,""n"":560,""n_cb"":1800,""n_cb_comp"":1720,""power_protocol"":""fixed_constellation_average_Es2"",""puncturing_bits"":1232,""puncturing_first_2Z"":72,""puncturing_remaining"":1160,""repetition_bits"":0,""scrambling"":""public_PCG64_SHA256_protocol_session_frame_group_counter_after_rate_matching_v1"",""shortening_bits"":80,""z"":36}",[1024]
16QAM,5/6,16QAM:r5/6,eeba711ec4703fb917083252b6c38659ceb44a3caf0f5a0dd579a1edd9b0ecdd,1860,16,0,1876,1920,44,9984,2988,747,0,0.6278447121820616,0.6224899598393574,"{""actual_effective_rate"":0.6278447121820616,""bg"":""bg2"",""bit_mapping"":""component_Gray_00_-3_01_-1_10_3_11_1_over_sqrt5;QPSK_0_plus1_1_minus1"",""code_blocks"":1,""decoder_config"":{""cn_schedule"":""flooding"",""cn_update"":""boxplus-phi"",""early_stop"":false,""hard_out"":true,""harq_mode"":false,""llr_max"":20.0,""num_iter"":20,""precision"":""single"",""prune_pcm"":true,""return_infobits"":true,""vn_update"":""sum""},""implementation"":{""bit_mapping"":""component_Gray_00_-3_01_-1_10_3_11_1_over_sqrt5;QPSK_0_plus1_1_minus1"",""cuda"":""12.8"",""decoder"":{""cn_schedule"":""flooding"",""cn_update"":""boxplus-phi"",""early_stop"":false,""hard_out"":true,""harq_mode"":false,""llr_max"":20.0,""num_iter"":20,""precision"":""single"",""prune_pcm"":true,""return_infobits"":true,""vn_update"":""sum""},""decoder_source_sha256"":""44d84b92b749e2970f94d92cd348a11648e2286b4d851faa0af8b21d08f0da23"",""encoder_source_sha256"":""34d8db6660b2e84708a8fb534f63c194f6f2b964e3693fcffc9dcaf21532ccfd"",""implementation"":""Sionna_5G_LDPC"",""power_protocol"":""fixed_constellation_average_Es2"",""precision"":""float32"",""rate_matching"":""Sionna RV0; filler removal, first2Z and tail puncturing; supported n only"",""scrambling"":""public_PCG64_SHA256_protocol_session_frame_group_counter_after_rate_matching_v1"",""torch"":""2.11.0+cu128"",""version"":""2.2.0""},""interleaver_sha256"":""40c60e05afdede6637a05ff398a32eb52c136545f246789b0a816ed2f6be0745"",""k"":1876,""k_filler"":44,""k_ldpc"":1920,""layout_id"":""8aff6746a771579c3474523d1c248cf08110650b2cc9d426a9dad06db358e4e5"",""modulation_padding_bits"":0,""mother_bits"":9984,""n"":2988,""n_cb"":9600,""n_cb_comp"":9556,""power_protocol"":""fixed_constellation_average_Es2"",""puncturing_bits"":6952,""puncturing_first_2Z"":384,""puncturing_remaining"":6568,""repetition_bits"":0,""scrambling"":""public_PCG64_SHA256_protocol_session_frame_group_counter_after_rate_matching_v1"",""shortening_bits"":44,""z"":192}",[1024]
QPSK,1/2,QPSK:r1/2,eec35788eeb632150651f98148eb1b37b3e0d4d71e6789ce6586e605235ac289,1068,16,0,1084,1120,36,5824,3028,1514,0,0.3579920739762219,0.3527080581241744,"{""actual_effective_rate"":0.3579920739762219,""bg"":""bg2"",""bit_mapping"":""component_Gray_00_-3_01_-1_10_3_11_1_over_sqrt5;QPSK_0_plus1_1_minus1"",""code_blocks"":1,""decoder_config"":{""cn_schedule"":""flooding"",""cn_update"":""boxplus-phi"",""early_stop"":false,""hard_out"":true,""harq_mode"":false,""llr_max"":20.0,""num_iter"":20,""precision"":""single"",""prune_pcm"":true,""return_infobits"":true,""vn_update"":""sum""},""implementation"":{""bit_mapping"":""component_Gray_00_-3_01_-1_10_3_11_1_over_sqrt5;QPSK_0_plus1_1_minus1"",""cuda"":""12.8"",""decoder"":{""cn_schedule"":""flooding"",""cn_update"":""boxplus-phi"",""early_stop"":false,""hard_out"":true,""harq_mode"":false,""llr_max"":20.0,""num_iter"":20,""precision"":""single"",""prune_pcm"":true,""return_infobits"":true,""vn_update"":""sum""},""decoder_source_sha256"":""44d84b92b749e2970f94d92cd348a11648e2286b4d851faa0af8b21d08f0da23"",""encoder_source_sha256"":""34d8db6660b2e84708a8fb534f63c194f6f2b964e3693fcffc9dcaf21532ccfd"",""implementation"":""Sionna_5G_LDPC"",""power_protocol"":""fixed_constellation_average_Es2"",""precision"":""float32"",""rate_matching"":""Sionna RV0; filler removal, first2Z and tail puncturing; supported n only"",""scrambling"":""public_PCG64_SHA256_protocol_session_frame_group_counter_after_rate_matching_v1"",""torch"":""2.11.0+cu128"",""version"":""2.2.0""},""interleaver_sha256"":""58e77c93d3f735a770f5e209fee03e9289a786ecd93af5c698e2baa9100a88e4"",""k"":1084,""k_filler"":36,""k_ldpc"":1120,""layout_id"":""71e103d28241c2c1b025ef390ff78636473ced509d8c257d72043397f0414c37"",""modulation_padding_bits"":0,""mother_bits"":5824,""n"":3028,""n_cb"":5600,""n_cb_comp"":5564,""power_protocol"":""fixed_constellation_average_Es2"",""puncturing_bits"":2760,""puncturing_first_2Z"":224,""puncturing_remaining"":2536,""repetition_bits"":0,""scrambling"":""public_PCG64_SHA256_protocol_session_frame_group_counter_after_rate_matching_v1"",""shortening_bits"":36,""z"":112}",[2048]
QPSK,1/3,QPSK:r1/3,eed85c74f80f04d9635a868f2e5e24d2612355278b3897365d6505bef5d81152,396,16,0,412,520,108,2704,1242,621,0,0.33172302737520126,0.3188405797101449,"{""actual_effective_rate"":0.33172302737520126,""bg"":""bg2"",""bit_mapping"":""component_Gray_00_-3_01_-1_10_3_11_1_over_sqrt5;QPSK_0_plus1_1_minus1"",""code_blocks"":1,""decoder_config"":{""cn_schedule"":""flooding"",""cn_update"":""boxplus-phi"",""early_stop"":false,""hard_out"":true,""harq_mode"":false,""llr_max"":20.0,""num_iter"":20,""precision"":""single"",""prune_pcm"":true,""return_infobits"":true,""vn_update"":""sum""},""implementation"":{""bit_mapping"":""component_Gray_00_-3_01_-1_10_3_11_1_over_sqrt5;QPSK_0_plus1_1_minus1"",""cuda"":""12.8"",""decoder"":{""cn_schedule"":""flooding"",""cn_update"":""boxplus-phi"",""early_stop"":false,""hard_out"":true,""harq_mode"":false,""llr_max"":20.0,""num_iter"":20,""precision"":""single"",""prune_pcm"":true,""return_infobits"":true,""vn_update"":""sum""},""decoder_source_sha256"":""44d84b92b749e2970f94d92cd348a11648e2286b4d851faa0af8b21d08f0da23"",""encoder_source_sha256"":""34d8db6660b2e84708a8fb534f63c194f6f2b964e3693fcffc9dcaf21532ccfd"",""implementation"":""Sionna_5G_LDPC"",""power_protocol"":""fixed_constellation_average_Es2"",""precision"":""float32"",""rate_matching"":""Sionna RV0; filler removal, first2Z and tail puncturing; supported n only"",""scrambling"":""public_PCG64_SHA256_protocol_session_frame_group_counter_after_rate_matching_v1"",""torch"":""2.11.0+cu128"",""version"":""2.2.0""},""interleaver_sha256"":""59e756005d78c21e33d654914d5d21cb2660b1a9b510a3fdd3fdaabf6f238f59"",""k"":412,""k_filler"":108,""k_ldpc"":520,""layout_id"":""5fa03cd4cefa00dbda4dadb9526df5b15fda15307a44f137a244e7d3626859af"",""modulation_padding_bits"":0,""mother_bits"":2704,""n"":1242,""n_cb"":2600,""n_cb_comp"":2492,""power_protocol"":""fixed_constellation_average_Es2"",""puncturing_bits"":1354,""puncturing_first_2Z"":104,""puncturing_remaining"":1250,""repetition_bits"":0,""scrambling"":""public_PCG64_SHA256_protocol_session_frame_group_counter_after_rate_matching_v1"",""shortening_bits"":108,""z"":52}",[1024]
16QAM,1/2,16QAM:r1/2,eef9f4f2f8a2da246cee8ce5bafda3944eb938df7181d6b9975bfea33ba339bf,2460,16,0,2476,2560,84,13312,4952,1238,0,0.5,0.49676898222940225,"{""actual_effective_rate"":0.5,""bg"":""bg2"",""bit_mapping"":""component_Gray_00_-3_01_-1_10_3_11_1_over_sqrt5;QPSK_0_plus1_1_minus1"",""code_blocks"":1,""decoder_config"":{""cn_schedule"":""flooding"",""cn_update"":""boxplus-phi"",""early_stop"":false,""hard_out"":true,""harq_mode"":false,""llr_max"":20.0,""num_iter"":20,""precision"":""single"",""prune_pcm"":true,""return_infobits"":true,""vn_update"":""sum""},""implementation"":{""bit_mapping"":""component_Gray_00_-3_01_-1_10_3_11_1_over_sqrt5;QPSK_0_plus1_1_minus1"",""cuda"":""12.8"",""decoder"":{""cn_schedule"":""flooding"",""cn_update"":""boxplus-phi"",""early_stop"":false,""hard_out"":true,""harq_mode"":false,""llr_max"":20.0,""num_iter"":20,""precision"":""single"",""prune_pcm"":true,""return_infobits"":true,""vn_update"":""sum""},""decoder_source_sha256"":""44d84b92b749e2970f94d92cd348a11648e2286b4d851faa0af8b21d08f0da23"",""encoder_source_sha256"":""34d8db6660b2e84708a8fb534f63c194f6f2b964e3693fcffc9dcaf21532ccfd"",""implementation"":""Sionna_5G_LDPC"",""power_protocol"":""fixed_constellation_average_Es2"",""precision"":""float32"",""rate_matching"":""Sionna RV0; filler removal, first2Z and tail puncturing; supported n only"",""scrambling"":""public_PCG64_SHA256_protocol_session_frame_group_counter_after_rate_matching_v1"",""torch"":""2.11.0+cu128"",""version"":""2.2.0""},""interleaver_sha256"":""f010b90044d91bd8a56e73151010fcde2a9cf60196fd294e19d6ccf9b85d6d63"",""k"":2476,""k_filler"":84,""k_ldpc"":2560,""layout_id"":""9256d4cb391de23858c05618bbfdbb718f0c34209f571a33c86ed9243691e7c6"",""modulation_padding_bits"":0,""mother_bits"":13312,""n"":4952,""n_cb"":12800,""n_cb_comp"":12716,""power_protocol"":""fixed_constellation_average_Es2"",""puncturing_bits"":8276,""puncturing_first_2Z"":512,""puncturing_remaining"":7764,""repetition_bits"":0,""scrambling"":""public_PCG64_SHA256_protocol_session_frame_group_counter_after_rate_matching_v1"",""shortening_bits"":84,""z"":256}",[2048]
QPSK,5/6,QPSK:r5/6,eefd0ddf4cf91d8bb8cd73dfc80008607a06fa9dc4f6c3bc602b901219977105,1968,16,0,1984,2112,128,6528,2540,1270,0,0.7811023622047244,0.7748031496062993,"{""actual_effective_rate"":0.7811023622047244,""bg"":""bg1"",""bit_mapping"":""component_Gray_00_-3_01_-1_10_3_11_1_over_sqrt5;QPSK_0_plus1_1_minus1"",""code_blocks"":1,""decoder_config"":{""cn_schedule"":""flooding"",""cn_update"":""boxplus-phi"",""early_stop"":false,""hard_out"":true,""harq_mode"":false,""llr_max"":20.0,""num_iter"":20,""precision"":""single"",""prune_pcm"":true,""return_infobits"":true,""vn_update"":""sum""},""implementation"":{""bit_mapping"":""component_Gray_00_-3_01_-1_10_3_11_1_over_sqrt5;QPSK_0_plus1_1_minus1"",""cuda"":""12.8"",""decoder"":{""cn_schedule"":""flooding"",""cn_update"":""boxplus-phi"",""early_stop"":false,""hard_out"":true,""harq_mode"":false,""llr_max"":20.0,""num_iter"":20,""precision"":""single"",""prune_pcm"":true,""return_infobits"":true,""vn_update"":""sum""},""decoder_source_sha256"":""44d84b92b749e2970f94d92cd348a11648e2286b4d851faa0af8b21d08f0da23"",""encoder_source_sha256"":""34d8db6660b2e84708a8fb534f63c194f6f2b964e3693fcffc9dcaf21532ccfd"",""implementation"":""Sionna_5G_LDPC"",""power_protocol"":""fixed_constellation_average_Es2"",""precision"":""float32"",""rate_matching"":""Sionna RV0; filler removal, first2Z and tail puncturing; supported n only"",""scrambling"":""public_PCG64_SHA256_protocol_session_frame_group_counter_after_rate_matching_v1"",""torch"":""2.11.0+cu128"",""version"":""2.2.0""},""interleaver_sha256"":""923499360bdc72649b5c34ee77871942281a68c12a67e506d6ebbd92bdda7e37"",""k"":1984,""k_filler"":128,""k_ldpc"":2112,""layout_id"":""629eef133564d132600889d8b112858eef315f989eda9951dcace075511b0fb7"",""modulation_padding_bits"":0,""mother_bits"":6528,""n"":2540,""n_cb"":6336,""n_cb_comp"":6208,""power_protocol"":""fixed_constellation_average_Es2"",""puncturing_bits"":3860,""puncturing_first_2Z"":192,""puncturing_remaining"":3668,""repetition_bits"":0,""scrambling"":""public_PCG64_SHA256_protocol_session_frame_group_counter_after_rate_matching_v1"",""shortening_bits"":128,""z"":96}",[2048]
QPSK,1/2,QPSK:r1/2,ef043a2e8f94ed6eceb90fbd2f6de5237f08770ac74f1ccfa7077908a0d9fba1,1848,16,0,1864,1920,56,9984,3732,1866,0,0.4994640943193998,0.49517684887459806,"{""actual_effective_rate"":0.4994640943193998,""bg"":""bg2"",""bit_mapping"":""component_Gray_00_-3_01_-1_10_3_11_1_over_sqrt5;QPSK_0_plus1_1_minus1"",""code_blocks"":1,""decoder_config"":{""cn_schedule"":""flooding"",""cn_update"":""boxplus-phi"",""early_stop"":false,""hard_out"":true,""harq_mode"":false,""llr_max"":20.0,""num_iter"":20,""precision"":""single"",""prune_pcm"":true,""return_infobits"":true,""vn_update"":""sum""},""implementation"":{""bit_mapping"":""component_Gray_00_-3_01_-1_10_3_11_1_over_sqrt5;QPSK_0_plus1_1_minus1"",""cuda"":""12.8"",""decoder"":{""cn_schedule"":""flooding"",""cn_update"":""boxplus-phi"",""early_stop"":false,""hard_out"":true,""harq_mode"":false,""llr_max"":20.0,""num_iter"":20,""precision"":""single"",""prune_pcm"":true,""return_infobits"":true,""vn_update"":""sum""},""decoder_source_sha256"":""44d84b92b749e2970f94d92cd348a11648e2286b4d851faa0af8b21d08f0da23"",""encoder_source_sha256"":""34d8db6660b2e84708a8fb534f63c194f6f2b964e3693fcffc9dcaf21532ccfd"",""implementation"":""Sionna_5G_LDPC"",""power_protocol"":""fixed_constellation_average_Es2"",""precision"":""float32"",""rate_matching"":""Sionna RV0; filler removal, first2Z and tail puncturing; supported n only"",""scrambling"":""public_PCG64_SHA256_protocol_session_frame_group_counter_after_rate_matching_v1"",""torch"":""2.11.0+cu128"",""version"":""2.2.0""},""interleaver_sha256"":""8fdd9e434d72d105d60a642938aafa934f578dd15e753b5fe318401b8350b716"",""k"":1864,""k_filler"":56,""k_ldpc"":1920,""layout_id"":""59f59cbde7ae85974a74ba630493e56d18cdc02a7f261b478ba55f23c0d4335d"",""modulation_padding_bits"":0,""mother_bits"":9984,""n"":3732,""n_cb"":9600,""n_cb_comp"":9544,""power_protocol"":""fixed_constellation_average_Es2"",""puncturing_bits"":6196,""puncturing_first_2Z"":384,""puncturing_remaining"":5812,""repetition_bits"":0,""scrambling"":""public_PCG64_SHA256_protocol_session_frame_group_counter_after_rate_matching_v1"",""shortening_bits"":56,""z"":192}",[2048]
16QAM,3/4,16QAM:r3/4,ef08a425eaeb0f340b4f781e4282ede02c60d1ddb96dd19abbc63a0e4c5f04ad,1800,16,0,1816,1920,104,9984,5600,1400,0,0.3242857142857143,0.32142857142857145,"{""actual_effective_rate"":0.3242857142857143,""bg"":""bg2"",""bit_mapping"":""component_Gray_00_-3_01_-1_10_3_11_1_over_sqrt5;QPSK_0_plus1_1_minus1"",""code_blocks"":1,""decoder_config"":{""cn_schedule"":""flooding"",""cn_update"":""boxplus-phi"",""early_stop"":false,""hard_out"":true,""harq_mode"":false,""llr_max"":20.0,""num_iter"":20,""precision"":""single"",""prune_pcm"":true,""return_infobits"":true,""vn_update"":""sum""},""implementation"":{""bit_mapping"":""component_Gray_00_-3_01_-1_10_3_11_1_over_sqrt5;QPSK_0_plus1_1_minus1"",""cuda"":""12.8"",""decoder"":{""cn_schedule"":""flooding"",""cn_update"":""boxplus-phi"",""early_stop"":false,""hard_out"":true,""harq_mode"":false,""llr_max"":20.0,""num_iter"":20,""precision"":""single"",""prune_pcm"":true,""return_infobits"":true,""vn_update"":""sum""},""decoder_source_sha256"":""44d84b92b749e2970f94d92cd348a11648e2286b4d851faa0af8b21d08f0da23"",""encoder_source_sha256"":""34d8db6660b2e84708a8fb534f63c194f6f2b964e3693fcffc9dcaf21532ccfd"",""implementation"":""Sionna_5G_LDPC"",""power_protocol"":""fixed_constellation_average_Es2"",""precision"":""float32"",""rate_matching"":""Sionna RV0; filler removal, first2Z and tail puncturing; supported n only"",""scrambling"":""public_PCG64_SHA256_protocol_session_frame_group_counter_after_rate_matching_v1"",""torch"":""2.11.0+cu128"",""version"":""2.2.0""},""interleaver_sha256"":""567e5ca486eab6c251c0b73376d39c2b060e92cf41ecad6fcada4df10d73c190"",""k"":1816,""k_filler"":104,""k_ldpc"":1920,""layout_id"":""f83f4d154093e6326e68f4071bd4d9102497e7b3bbb09f8a66743fe3da20e62a"",""modulation_padding_bits"":0,""mother_bits"":9984,""n"":5600,""n_cb"":9600,""n_cb_comp"":9496,""power_protocol"":""fixed_constellation_average_Es2"",""puncturing_bits"":4280,""puncturing_first_2Z"":384,""puncturing_remaining"":3896,""repetition_bits"":0,""scrambling"":""public_PCG64_SHA256_protocol_session_frame_group_counter_after_rate_matching_v1"",""shortening_bits"":104,""z"":192}",[2048]
QPSK,2/3,QPSK:r2/3,ef0dc0d1c5cdd21f403979d92a82e87ba3c7e73f052aecfa76969e6f1d227da2,660,16,0,676,720,44,3744,2492,1246,0,0.2712680577849117,0.26484751203852325,"{""actual_effective_rate"":0.2712680577849117,""bg"":""bg2"",""bit_mapping"":""component_Gray_00_-3_01_-1_10_3_11_1_over_sqrt5;QPSK_0_plus1_1_minus1"",""code_blocks"":1,""decoder_config"":{""cn_schedule"":""flooding"",""cn_update"":""boxplus-phi"",""early_stop"":false,""hard_out"":true,""harq_mode"":false,""llr_max"":20.0,""num_iter"":20,""precision"":""single"",""prune_pcm"":true,""return_infobits"":true,""vn_update"":""sum""},""implementation"":{""bit_mapping"":""component_Gray_00_-3_01_-1_10_3_11_1_over_sqrt5;QPSK_0_plus1_1_minus1"",""cuda"":""12.8"",""decoder"":{""cn_schedule"":""flooding"",""cn_update"":""boxplus-phi"",""early_stop"":false,""hard_out"":true,""harq_mode"":false,""llr_max"":20.0,""num_iter"":20,""precision"":""single"",""prune_pcm"":true,""return_infobits"":true,""vn_update"":""sum""},""decoder_source_sha256"":""44d84b92b749e2970f94d92cd348a11648e2286b4d851faa0af8b21d08f0da23"",""encoder_source_sha256"":""34d8db6660b2e84708a8fb534f63c194f6f2b964e3693fcffc9dcaf21532ccfd"",""implementation"":""Sionna_5G_LDPC"",""power_protocol"":""fixed_constellation_average_Es2"",""precision"":""float32"",""rate_matching"":""Sionna RV0; filler removal, first2Z and tail puncturing; supported n only"",""scrambling"":""public_PCG64_SHA256_protocol_session_frame_group_counter_after_rate_matching_v1"",""torch"":""2.11.0+cu128"",""version"":""2.2.0""},""interleaver_sha256"":""882bc4fcb511e39f21222b18f2460e2062df085cf1dcf346cfcc5de19797107f"",""k"":676,""k_filler"":44,""k_ldpc"":720,""layout_id"":""1efa8f6c57c0feb16666c3e2eec40aceb6c64a730a4945e367070812906598af"",""modulation_padding_bits"":0,""mother_bits"":3744,""n"":2492,""n_cb"":3600,""n_cb_comp"":3556,""power_protocol"":""fixed_constellation_average_Es2"",""puncturing_bits"":1208,""puncturing_first_2Z"":144,""puncturing_remaining"":1064,""repetition_bits"":0,""scrambling"":""public_PCG64_SHA256_protocol_session_frame_group_counter_after_rate_matching_v1"",""shortening_bits"":44,""z"":72}",[2048]
QPSK,5/6,QPSK:r5/6,ef12fdc3510ec4651619d91f0b62bb656b04e24f32d183a984bf7b5ec6f282d9,660,16,0,676,704,28,2176,886,443,0,0.7629796839729119,0.744920993227991,"{""actual_effective_rate"":0.7629796839729119,""bg"":""bg1"",""bit_mapping"":""component_Gray_00_-3_01_-1_10_3_11_1_over_sqrt5;QPSK_0_plus1_1_minus1"",""code_blocks"":1,""decoder_config"":{""cn_schedule"":""flooding"",""cn_update"":""boxplus-phi"",""early_stop"":false,""hard_out"":true,""harq_mode"":false,""llr_max"":20.0,""num_iter"":20,""precision"":""single"",""prune_pcm"":true,""return_infobits"":true,""vn_update"":""sum""},""implementation"":{""bit_mapping"":""component_Gray_00_-3_01_-1_10_3_11_1_over_sqrt5;QPSK_0_plus1_1_minus1"",""cuda"":""12.8"",""decoder"":{""cn_schedule"":""flooding"",""cn_update"":""boxplus-phi"",""early_stop"":false,""hard_out"":true,""harq_mode"":false,""llr_max"":20.0,""num_iter"":20,""precision"":""single"",""prune_pcm"":true,""return_infobits"":true,""vn_update"":""sum""},""decoder_source_sha256"":""44d84b92b749e2970f94d92cd348a11648e2286b4d851faa0af8b21d08f0da23"",""encoder_source_sha256"":""34d8db6660b2e84708a8fb534f63c194f6f2b964e3693fcffc9dcaf21532ccfd"",""implementation"":""Sionna_5G_LDPC"",""power_protocol"":""fixed_constellation_average_Es2"",""precision"":""float32"",""rate_matching"":""Sionna RV0; filler removal, first2Z and tail puncturing; supported n only"",""scrambling"":""public_PCG64_SHA256_protocol_session_frame_group_counter_after_rate_matching_v1"",""torch"":""2.11.0+cu128"",""version"":""2.2.0""},""interleaver_sha256"":""53cef6c4e0899a2256747fd34760c5351e26700a6e72497284a1ff47b73e1241"",""k"":676,""k_filler"":28,""k_ldpc"":704,""layout_id"":""e59a51d361aad416372454b64d0ce5e5f9a7c1eb1f5aea83d425d360ba7e8b48"",""modulation_padding_bits"":0,""mother_bits"":2176,""n"":886,""n_cb"":2112,""n_cb_comp"":2084,""power_protocol"":""fixed_constellation_average_Es2"",""puncturing_bits"":1262,""puncturing_first_2Z"":64,""puncturing_remaining"":1198,""repetition_bits"":0,""scrambling"":""public_PCG64_SHA256_protocol_session_frame_group_counter_after_rate_matching_v1"",""shortening_bits"":28,""z"":32}",[2048]
16QAM,5/6,16QAM:r5/6,ef2a426fa9bc83d640fdca2712efe05bc788ab1e8740cd6b9106e872687d2a3a,432,16,0,448,560,112,2912,1428,357,0,0.3137254901960784,0.3025210084033613,"{""actual_effective_rate"":0.3137254901960784,""bg"":""bg2"",""bit_mapping"":""component_Gray_00_-3_01_-1_10_3_11_1_over_sqrt5;QPSK_0_plus1_1_minus1"",""code_blocks"":1,""decoder_config"":{""cn_schedule"":""flooding"",""cn_update"":""boxplus-phi"",""early_stop"":false,""hard_out"":true,""harq_mode"":false,""llr_max"":20.0,""num_iter"":20,""precision"":""single"",""prune_pcm"":true,""return_infobits"":true,""vn_update"":""sum""},""implementation"":{""bit_mapping"":""component_Gray_00_-3_01_-1_10_3_11_1_over_sqrt5;QPSK_0_plus1_1_minus1"",""cuda"":""12.8"",""decoder"":{""cn_schedule"":""flooding"",""cn_update"":""boxplus-phi"",""early_stop"":false,""hard_out"":true,""harq_mode"":false,""llr_max"":20.0,""num_iter"":20,""precision"":""single"",""prune_pcm"":true,""return_infobits"":true,""vn_update"":""sum""},""decoder_source_sha256"":""44d84b92b749e2970f94d92cd348a11648e2286b4d851faa0af8b21d08f0da23"",""encoder_source_sha256"":""34d8db6660b2e84708a8fb534f63c194f6f2b964e3693fcffc9dcaf21532ccfd"",""implementation"":""Sionna_5G_LDPC"",""power_protocol"":""fixed_constellation_average_Es2"",""precision"":""float32"",""rate_matching"":""Sionna RV0; filler removal, first2Z and tail puncturing; supported n only"",""scrambling"":""public_PCG64_SHA256_protocol_session_frame_group_counter_after_rate_matching_v1"",""torch"":""2.11.0+cu128"",""version"":""2.2.0""},""interleaver_sha256"":""abffae00b2963998701082957707e5b2a4096c1280c0df09270f8d08005cbd4c"",""k"":448,""k_filler"":112,""k_ldpc"":560,""layout_id"":""71aae51e70013eb228e5d4f672b2368976ffec35ece13f56e1435068835bc764"",""modulation_padding_bits"":0,""mother_bits"":2912,""n"":1428,""n_cb"":2800,""n_cb_comp"":2688,""power_protocol"":""fixed_constellation_average_Es2"",""puncturing_bits"":1372,""puncturing_first_2Z"":112,""puncturing_remaining"":1260,""repetition_bits"":0,""scrambling"":""public_PCG64_SHA256_protocol_session_frame_group_counter_after_rate_matching_v1"",""shortening_bits"":112,""z"":56}",[1024]
16QAM,1/3,16QAM:r1/3,ef39fa78c47320a82800ba2e4caa3f189171911c8eb78fbe47f4cca79d6508e3,1080,16,0,1096,1120,24,5824,3288,822,0,0.3333333333333333,0.3284671532846715,"{""actual_effective_rate"":0.3333333333333333,""bg"":""bg2"",""bit_mapping"":""component_Gray_00_-3_01_-1_10_3_11_1_over_sqrt5;QPSK_0_plus1_1_minus1"",""code_blocks"":1,""decoder_config"":{""cn_schedule"":""flooding"",""cn_update"":""boxplus-phi"",""early_stop"":false,""hard_out"":true,""harq_mode"":false,""llr_max"":20.0,""num_iter"":20,""precision"":""single"",""prune_pcm"":true,""return_infobits"":true,""vn_update"":""sum""},""implementation"":{""bit_mapping"":""component_Gray_00_-3_01_-1_10_3_11_1_over_sqrt5;QPSK_0_plus1_1_minus1"",""cuda"":""12.8"",""decoder"":{""cn_schedule"":""flooding"",""cn_update"":""boxplus-phi"",""early_stop"":false,""hard_out"":true,""harq_mode"":false,""llr_max"":20.0,""num_iter"":20,""precision"":""single"",""prune_pcm"":true,""return_infobits"":true,""vn_update"":""sum""},""decoder_source_sha256"":""44d84b92b749e2970f94d92cd348a11648e2286b4d851faa0af8b21d08f0da23"",""encoder_source_sha256"":""34d8db6660b2e84708a8fb534f63c194f6f2b964e3693fcffc9dcaf21532ccfd"",""implementation"":""Sionna_5G_LDPC"",""power_protocol"":""fixed_constellation_average_Es2"",""precision"":""float32"",""rate_matching"":""Sionna RV0; filler removal, first2Z and tail puncturing; supported n only"",""scrambling"":""public_PCG64_SHA256_protocol_session_frame_group_counter_after_rate_matching_v1"",""torch"":""2.11.0+cu128"",""version"":""2.2.0""},""interleaver_sha256"":""8e1c7d54a92fdf43b6bf9d8030c0d2167f2fe6dc3b753bddfd63056f622a5326"",""k"":1096,""k_filler"":24,""k_ldpc"":1120,""layout_id"":""7ea578ba12aff00eace8c51b10c88fe0d809801614b4c1f9c7e80585eea972c0"",""modulation_padding_bits"":0,""mother_bits"":5824,""n"":3288,""n_cb"":5600,""n_cb_comp"":5576,""power_protocol"":""fixed_constellation_average_Es2"",""puncturing_bits"":2512,""puncturing_first_2Z"":224,""puncturing_remaining"":2288,""repetition_bits"":0,""scrambling"":""public_PCG64_SHA256_protocol_session_frame_group_counter_after_rate_matching_v1"",""shortening_bits"":24,""z"":112}",[1024]
16QAM,2/3,16QAM:r2/3,ef3afc3762ec189c730981096cfb9549572476e4932aecb84db2d133555066c8,384,16,0,400,520,120,2704,1336,334,0,0.2994011976047904,0.2874251497005988,"{""actual_effective_rate"":0.2994011976047904,""bg"":""bg2"",""bit_mapping"":""component_Gray_00_-3_01_-1_10_3_11_1_over_sqrt5;QPSK_0_plus1_1_minus1"",""code_blocks"":1,""decoder_config"":{""cn_schedule"":""flooding"",""cn_update"":""boxplus-phi"",""early_stop"":false,""hard_out"":true,""harq_mode"":false,""llr_max"":20.0,""num_iter"":20,""precision"":""single"",""prune_pcm"":true,""return_infobits"":true,""vn_update"":""sum""},""implementation"":{""bit_mapping"":""component_Gray_00_-3_01_-1_10_3_11_1_over_sqrt5;QPSK_0_plus1_1_minus1"",""cuda"":""12.8"",""decoder"":{""cn_schedule"":""flooding"",""cn_update"":""boxplus-phi"",""early_stop"":false,""hard_out"":true,""harq_mode"":false,""llr_max"":20.0,""num_iter"":20,""precision"":""single"",""prune_pcm"":true,""return_infobits"":true,""vn_update"":""sum""},""decoder_source_sha256"":""44d84b92b749e2970f94d92cd348a11648e2286b4d851faa0af8b21d08f0da23"",""encoder_source_sha256"":""34d8db6660b2e84708a8fb534f63c194f6f2b964e3693fcffc9dcaf21532ccfd"",""implementation"":""Sionna_5G_LDPC"",""power_protocol"":""fixed_constellation_average_Es2"",""precision"":""float32"",""rate_matching"":""Sionna RV0; filler removal, first2Z and tail puncturing; supported n only"",""scrambling"":""public_PCG64_SHA256_protocol_session_frame_group_counter_after_rate_matching_v1"",""torch"":""2.11.0+cu128"",""version"":""2.2.0""},""interleaver_sha256"":""b2f425969524dc4e50455284b2ab091b6e23c61f04f28d2605b84e915ecbe74a"",""k"":400,""k_filler"":120,""k_ldpc"":520,""layout_id"":""f599b26c57dbf0769c3525886aaf46ef522930d253ce7b63235e4691f76cdc9b"",""modulation_padding_bits"":0,""mother_bits"":2704,""n"":1336,""n_cb"":2600,""n_cb_comp"":2480,""power_protocol"":""fixed_constellation_average_Es2"",""puncturing_bits"":1248,""puncturing_first_2Z"":104,""puncturing_remaining"":1144,""repetition_bits"":0,""scrambling"":""public_PCG64_SHA256_protocol_session_frame_group_counter_after_rate_matching_v1"",""shortening_bits"":120,""z"":52}",[2048]
16QAM,3/4,16QAM:r3/4,ef4aad45a5e4103d03c0060a68fab174a6745f1dc871bdc2c76ea195f75f8f4e,3804,16,0,3820,3872,52,11968,5100,1275,0,0.7490196078431373,0.7458823529411764,"{""actual_effective_rate"":0.7490196078431373,""bg"":""bg1"",""bit_mapping"":""component_Gray_00_-3_01_-1_10_3_11_1_over_sqrt5;QPSK_0_plus1_1_minus1"",""code_blocks"":1,""decoder_config"":{""cn_schedule"":""flooding"",""cn_update"":""boxplus-phi"",""early_stop"":false,""hard_out"":true,""harq_mode"":false,""llr_max"":20.0,""num_iter"":20,""precision"":""single"",""prune_pcm"":true,""return_infobits"":true,""vn_update"":""sum""},""implementation"":{""bit_mapping"":""component_Gray_00_-3_01_-1_10_3_11_1_over_sqrt5;QPSK_0_plus1_1_minus1"",""cuda"":""12.8"",""decoder"":{""cn_schedule"":""flooding"",""cn_update"":""boxplus-phi"",""early_stop"":false,""hard_out"":true,""harq_mode"":false,""llr_max"":20.0,""num_iter"":20,""precision"":""single"",""prune_pcm"":true,""return_infobits"":true,""vn_update"":""sum""},""decoder_source_sha256"":""44d84b92b749e2970f94d92cd348a11648e2286b4d851faa0af8b21d08f0da23"",""encoder_source_sha256"":""34d8db6660b2e84708a8fb534f63c194f6f2b964e3693fcffc9dcaf21532ccfd"",""implementation"":""Sionna_5G_LDPC"",""power_protocol"":""fixed_constellation_average_Es2"",""precision"":""float32"",""rate_matching"":""Sionna RV0; filler removal, first2Z and tail puncturing; supported n only"",""scrambling"":""public_PCG64_SHA256_protocol_session_frame_group_counter_after_rate_matching_v1"",""torch"":""2.11.0+cu128"",""version"":""2.2.0""},""interleaver_sha256"":""b1e71ad79e3f2e419409f8c5c4b67c6b2248b76784068b333938eee1488158e6"",""k"":3820,""k_filler"":52,""k_ldpc"":3872,""layout_id"":""7a8bd78f9e4f51084b761a2ea0f4576378b7b37af026ab80385f3cf49a4d66c1"",""modulation_padding_bits"":0,""mother_bits"":11968,""n"":5100,""n_cb"":11616,""n_cb_comp"":11564,""power_protocol"":""fixed_constellation_average_Es2"",""puncturing_bits"":6816,""puncturing_first_2Z"":352,""puncturing_remaining"":6464,""repetition_bits"":0,""scrambling"":""public_PCG64_SHA256_protocol_session_frame_group_counter_after_rate_matching_v1"",""shortening_bits"":52,""z"":176}",[2048]
QPSK,3/4,QPSK:r3/4,ef4c7e2d5abdb56956a43ca2d82a69d822ab78715842f7cf8af976647b0e6c46,660,16,0,676,720,44,3744,1424,712,0,0.4747191011235955,0.46348314606741575,"{""actual_effective_rate"":0.4747191011235955,""bg"":""bg2"",""bit_mapping"":""component_Gray_00_-3_01_-1_10_3_11_1_over_sqrt5;QPSK_0_plus1_1_minus1"",""code_blocks"":1,""decoder_config"":{""cn_schedule"":""flooding"",""cn_update"":""boxplus-phi"",""early_stop"":false,""hard_out"":true,""harq_mode"":false,""llr_max"":20.0,""num_iter"":20,""precision"":""single"",""prune_pcm"":true,""return_infobits"":true,""vn_update"":""sum""},""implementation"":{""bit_mapping"":""component_Gray_00_-3_01_-1_10_3_11_1_over_sqrt5;QPSK_0_plus1_1_minus1"",""cuda"":""12.8"",""decoder"":{""cn_schedule"":""flooding"",""cn_update"":""boxplus-phi"",""early_stop"":false,""hard_out"":true,""harq_mode"":false,""llr_max"":20.0,""num_iter"":20,""precision"":""single"",""prune_pcm"":true,""return_infobits"":true,""vn_update"":""sum""},""decoder_source_sha256"":""44d84b92b749e2970f94d92cd348a11648e2286b4d851faa0af8b21d08f0da23"",""encoder_source_sha256"":""34d8db6660b2e84708a8fb534f63c194f6f2b964e3693fcffc9dcaf21532ccfd"",""implementation"":""Sionna_5G_LDPC"",""power_protocol"":""fixed_constellation_average_Es2"",""precision"":""float32"",""rate_matching"":""Sionna RV0; filler removal, first2Z and tail puncturing; supported n only"",""scrambling"":""public_PCG64_SHA256_protocol_session_frame_group_counter_after_rate_matching_v1"",""torch"":""2.11.0+cu128"",""version"":""2.2.0""},""interleaver_sha256"":""4d92e0955c32d675a33921e9084a40d9eb64ddc2289f2cc6f4d531a94b5dd36a"",""k"":676,""k_filler"":44,""k_ldpc"":720,""layout_id"":""f6f2390c01712a90a7c4720905781eb3ccceb0b89f78d612662c939e2b57f8ec"",""modulation_padding_bits"":0,""mother_bits"":3744,""n"":1424,""n_cb"":3600,""n_cb_comp"":3556,""power_protocol"":""fixed_constellation_average_Es2"",""puncturing_bits"":2276,""puncturing_first_2Z"":144,""puncturing_remaining"":2132,""repetition_bits"":0,""scrambling"":""public_PCG64_SHA256_protocol_session_frame_group_counter_after_rate_matching_v1"",""shortening_bits"":44,""z"":72}",[1024]
QPSK,5/6,QPSK:r5/6,ef5600fb4bbbdbdcfa2c34b07daadb7429e9cdc31a5d5bf5e52c4331fe7bd137,1308,16,0,1324,1408,84,4352,1590,795,0,0.8327044025157233,0.8226415094339623,"{""actual_effective_rate"":0.8327044025157233,""bg"":""bg1"",""bit_mapping"":""component_Gray_00_-3_01_-1_10_3_11_1_over_sqrt5;QPSK_0_plus1_1_minus1"",""code_blocks"":1,""decoder_config"":{""cn_schedule"":""flooding"",""cn_update"":""boxplus-phi"",""early_stop"":false,""hard_out"":true,""harq_mode"":false,""llr_max"":20.0,""num_iter"":20,""precision"":""single"",""prune_pcm"":true,""return_infobits"":true,""vn_update"":""sum""},""implementation"":{""bit_mapping"":""component_Gray_00_-3_01_-1_10_3_11_1_over_sqrt5;QPSK_0_plus1_1_minus1"",""cuda"":""12.8"",""decoder"":{""cn_schedule"":""flooding"",""cn_update"":""boxplus-phi"",""early_stop"":false,""hard_out"":true,""harq_mode"":false,""llr_max"":20.0,""num_iter"":20,""precision"":""single"",""prune_pcm"":true,""return_infobits"":true,""vn_update"":""sum""},""decoder_source_sha256"":""44d84b92b749e2970f94d92cd348a11648e2286b4d851faa0af8b21d08f0da23"",""encoder_source_sha256"":""34d8db6660b2e84708a8fb534f63c194f6f2b964e3693fcffc9dcaf21532ccfd"",""implementation"":""Sionna_5G_LDPC"",""power_protocol"":""fixed_constellation_average_Es2"",""precision"":""float32"",""rate_matching"":""Sionna RV0; filler removal, first2Z and tail puncturing; supported n only"",""scrambling"":""public_PCG64_SHA256_protocol_session_frame_group_counter_after_rate_matching_v1"",""torch"":""2.11.0+cu128"",""version"":""2.2.0""},""interleaver_sha256"":""08a7152e1cd9d2dd507d586dc391a4b6237b1ed00d5ac9806be289a8ecaae429"",""k"":1324,""k_filler"":84,""k_ldpc"":1408,""layout_id"":""39ab31b3f9aaca731fd7f6def7a37777d02eeca2438c3fcd9ce6f444a9bc4d11"",""modulation_padding_bits"":0,""mother_bits"":4352,""n"":1590,""n_cb"":4224,""n_cb_comp"":4140,""power_protocol"":""fixed_constellation_average_Es2"",""puncturing_bits"":2678,""puncturing_first_2Z"":128,""puncturing_remaining"":2550,""repetition_bits"":0,""scrambling"":""public_PCG64_SHA256_protocol_session_frame_group_counter_after_rate_matching_v1"",""shortening_bits"":84,""z"":64}","[1024,2048]"
QPSK,3/4,QPSK:r3/4,ef59a1ca43ec12ccb04a2bbc1e0956d578482d05b31e1053d1c37ffde1eb8a1d,360,16,0,376,480,104,2496,848,424,0,0.44339622641509435,0.42452830188679247,"{""actual_effective_rate"":0.44339622641509435,""bg"":""bg2"",""bit_mapping"":""component_Gray_00_-3_01_-1_10_3_11_1_over_sqrt5;QPSK_0_plus1_1_minus1"",""code_blocks"":1,""decoder_config"":{""cn_schedule"":""flooding"",""cn_update"":""boxplus-phi"",""early_stop"":false,""hard_out"":true,""harq_mode"":false,""llr_max"":20.0,""num_iter"":20,""precision"":""single"",""prune_pcm"":true,""return_infobits"":true,""vn_update"":""sum""},""implementation"":{""bit_mapping"":""component_Gray_00_-3_01_-1_10_3_11_1_over_sqrt5;QPSK_0_plus1_1_minus1"",""cuda"":""12.8"",""decoder"":{""cn_schedule"":""flooding"",""cn_update"":""boxplus-phi"",""early_stop"":false,""hard_out"":true,""harq_mode"":false,""llr_max"":20.0,""num_iter"":20,""precision"":""single"",""prune_pcm"":true,""return_infobits"":true,""vn_update"":""sum""},""decoder_source_sha256"":""44d84b92b749e2970f94d92cd348a11648e2286b4d851faa0af8b21d08f0da23"",""encoder_source_sha256"":""34d8db6660b2e84708a8fb534f63c194f6f2b964e3693fcffc9dcaf21532ccfd"",""implementation"":""Sionna_5G_LDPC"",""power_protocol"":""fixed_constellation_average_Es2"",""precision"":""float32"",""rate_matching"":""Sionna RV0; filler removal, first2Z and tail puncturing; supported n only"",""scrambling"":""public_PCG64_SHA256_protocol_session_frame_group_counter_after_rate_matching_v1"",""torch"":""2.11.0+cu128"",""version"":""2.2.0""},""interleaver_sha256"":""505cf0307ea3951f65c94caac41de7a794e57fe3ae90ed6fd30b64586faa0cba"",""k"":376,""k_filler"":104,""k_ldpc"":480,""layout_id"":""12e63ccf98e37b889e46eb968ad96a49ac9c1c7e141e82a22154c07914fba7ec"",""modulation_padding_bits"":0,""mother_bits"":2496,""n"":848,""n_cb"":2400,""n_cb_comp"":2296,""power_protocol"":""fixed_constellation_average_Es2"",""puncturing_bits"":1544,""puncturing_first_2Z"":96,""puncturing_remaining"":1448,""repetition_bits"":0,""scrambling"":""public_PCG64_SHA256_protocol_session_frame_group_counter_after_rate_matching_v1"",""shortening_bits"":104,""z"":48}",[1024]
QPSK,2/3,QPSK:r2/3,ef5fdb4886671cb11dca77a8c39e1c3069b906791b22087544a56e1ee98968c8,1284,16,0,1300,1440,140,7488,1950,975,0,0.6666666666666666,0.6584615384615384,"{""actual_effective_rate"":0.6666666666666666,""bg"":""bg2"",""bit_mapping"":""component_Gray_00_-3_01_-1_10_3_11_1_over_sqrt5;QPSK_0_plus1_1_minus1"",""code_blocks"":1,""decoder_config"":{""cn_schedule"":""flooding"",""cn_update"":""boxplus-phi"",""early_stop"":false,""hard_out"":true,""harq_mode"":false,""llr_max"":20.0,""num_iter"":20,""precision"":""single"",""prune_pcm"":true,""return_infobits"":true,""vn_update"":""sum""},""implementation"":{""bit_mapping"":""component_Gray_00_-3_01_-1_10_3_11_1_over_sqrt5;QPSK_0_plus1_1_minus1"",""cuda"":""12.8"",""decoder"":{""cn_schedule"":""flooding"",""cn_update"":""boxplus-phi"",""early_stop"":false,""hard_out"":true,""harq_mode"":false,""llr_max"":20.0,""num_iter"":20,""precision"":""single"",""prune_pcm"":true,""return_infobits"":true,""vn_update"":""sum""},""decoder_source_sha256"":""44d84b92b749e2970f94d92cd348a11648e2286b4d851faa0af8b21d08f0da23"",""encoder_source_sha256"":""34d8db6660b2e84708a8fb534f63c194f6f2b964e3693fcffc9dcaf21532ccfd"",""implementation"":""Sionna_5G_LDPC"",""power_protocol"":""fixed_constellation_average_Es2"",""precision"":""float32"",""rate_matching"":""Sionna RV0; filler removal, first2Z and tail puncturing; supported n only"",""scrambling"":""public_PCG64_SHA256_protocol_session_frame_group_counter_after_rate_matching_v1"",""torch"":""2.11.0+cu128"",""version"":""2.2.0""},""interleaver_sha256"":""51bd1e9fab59203d0adefcb64a3a9617cd82d817d1bc96641766cd5f69d9da57"",""k"":1300,""k_filler"":140,""k_ldpc"":1440,""layout_id"":""14b0a86c4bec8297b6626a194c4a8410441ab2827a6652b061f1b4b50ff40131"",""modulation_padding_bits"":0,""mother_bits"":7488,""n"":1950,""n_cb"":7200,""n_cb_comp"":7060,""power_protocol"":""fixed_constellation_average_Es2"",""puncturing_bits"":5398,""puncturing_first_2Z"":288,""puncturing_remaining"":5110,""repetition_bits"":0,""scrambling"":""public_PCG64_SHA256_protocol_session_frame_group_counter_after_rate_matching_v1"",""shortening_bits"":140,""z"":144}",[2048]
16QAM,2/3,16QAM:r2/3,ef605dd986a842edfdb3b0672ce1834e25d814a74df57265ef68f5e9864b83bb,2700,16,0,2716,2880,164,14976,5784,1446,0,0.46957123098201936,0.46680497925311204,"{""actual_effective_rate"":0.46957123098201936,""bg"":""bg2"",""bit_mapping"":""component_Gray_00_-3_01_-1_10_3_11_1_over_sqrt5;QPSK_0_plus1_1_minus1"",""code_blocks"":1,""decoder_config"":{""cn_schedule"":""flooding"",""cn_update"":""boxplus-phi"",""early_stop"":false,""hard_out"":true,""harq_mode"":false,""llr_max"":20.0,""num_iter"":20,""precision"":""single"",""prune_pcm"":true,""return_infobits"":true,""vn_update"":""sum""},""implementation"":{""bit_mapping"":""component_Gray_00_-3_01_-1_10_3_11_1_over_sqrt5;QPSK_0_plus1_1_minus1"",""cuda"":""12.8"",""decoder"":{""cn_schedule"":""flooding"",""cn_update"":""boxplus-phi"",""early_stop"":false,""hard_out"":true,""harq_mode"":false,""llr_max"":20.0,""num_iter"":20,""precision"":""single"",""prune_pcm"":true,""return_infobits"":true,""vn_update"":""sum""},""decoder_source_sha256"":""44d84b92b749e2970f94d92cd348a11648e2286b4d851faa0af8b21d08f0da23"",""encoder_source_sha256"":""34d8db6660b2e84708a8fb534f63c194f6f2b964e3693fcffc9dcaf21532ccfd"",""implementation"":""Sionna_5G_LDPC"",""power_protocol"":""fixed_constellation_average_Es2"",""precision"":""float32"",""rate_matching"":""Sionna RV0; filler removal, first2Z and tail puncturing; supported n only"",""scrambling"":""public_PCG64_SHA256_protocol_session_frame_group_counter_after_rate_matching_v1"",""torch"":""2.11.0+cu128"",""version"":""2.2.0""},""interleaver_sha256"":""95cdc6048a763f3a6b5a93ad3b229290609e88eba34d793a9d25bf084ded4011"",""k"":2716,""k_filler"":164,""k_ldpc"":2880,""layout_id"":""64aa46ef0968da7a99ac3dc4172cd09d6c1925a2c0c443ecdc7199b660ef8f46"",""modulation_padding_bits"":0,""mother_bits"":14976,""n"":5784,""n_cb"":14400,""n_cb_comp"":14236,""power_protocol"":""fixed_constellation_average_Es2"",""puncturing_bits"":9028,""puncturing_first_2Z"":576,""puncturing_remaining"":8452,""repetition_bits"":0,""scrambling"":""public_PCG64_SHA256_protocol_session_frame_group_counter_after_rate_matching_v1"",""shortening_bits"":164,""z"":288}",[2048]
16QAM,5/6,16QAM:r5/6,ef6f4263c6f42c165fa3e56b7bce23e91aee83d97e29d86d071a5e9ea627c5a0,192,16,0,208,260,52,1352,388,97,0,0.5360824742268041,0.4948453608247423,"{""actual_effective_rate"":0.5360824742268041,""bg"":""bg2"",""bit_mapping"":""component_Gray_00_-3_01_-1_10_3_11_1_over_sqrt5;QPSK_0_plus1_1_minus1"",""code_blocks"":1,""decoder_config"":{""cn_schedule"":""flooding"",""cn_update"":""boxplus-phi"",""early_stop"":false,""hard_out"":true,""harq_mode"":false,""llr_max"":20.0,""num_iter"":20,""precision"":""single"",""prune_pcm"":true,""return_infobits"":true,""vn_update"":""sum""},""implementation"":{""bit_mapping"":""component_Gray_00_-3_01_-1_10_3_11_1_over_sqrt5;QPSK_0_plus1_1_minus1"",""cuda"":""12.8"",""decoder"":{""cn_schedule"":""flooding"",""cn_update"":""boxplus-phi"",""early_stop"":false,""hard_out"":true,""harq_mode"":false,""llr_max"":20.0,""num_iter"":20,""precision"":""single"",""prune_pcm"":true,""return_infobits"":true,""vn_update"":""sum""},""decoder_source_sha256"":""44d84b92b749e2970f94d92cd348a11648e2286b4d851faa0af8b21d08f0da23"",""encoder_source_sha256"":""34d8db6660b2e84708a8fb534f63c194f6f2b964e3693fcffc9dcaf21532ccfd"",""implementation"":""Sionna_5G_LDPC"",""power_protocol"":""fixed_constellation_average_Es2"",""precision"":""float32"",""rate_matching"":""Sionna RV0; filler removal, first2Z and tail puncturing; supported n only"",""scrambling"":""public_PCG64_SHA256_protocol_session_frame_group_counter_after_rate_matching_v1"",""torch"":""2.11.0+cu128"",""version"":""2.2.0""},""interleaver_sha256"":""f4286b85be83c5a749bc9477ebf7a7136c18cfc2f8b9fe56c96cd0577e8bbbd3"",""k"":208,""k_filler"":52,""k_ldpc"":260,""layout_id"":""80ac666e6cfb4f255ac45e74d8a8f0378065ff1a59898720812726a00c1a0f74"",""modulation_padding_bits"":0,""mother_bits"":1352,""n"":388,""n_cb"":1300,""n_cb_comp"":1248,""power_protocol"":""fixed_constellation_average_Es2"",""puncturing_bits"":912,""puncturing_first_2Z"":52,""puncturing_remaining"":860,""repetition_bits"":0,""scrambling"":""public_PCG64_SHA256_protocol_session_frame_group_counter_after_rate_matching_v1"",""shortening_bits"":52,""z"":26}",[1024]
16QAM,3/4,16QAM:r3/4,ef73923a174799e03bb1198db577d5ab5a809aa814160330971b0e633d0d1811,1368,16,0,1384,1440,56,7488,4600,1150,0,0.3008695652173913,0.29739130434782607,"{""actual_effective_rate"":0.3008695652173913,""bg"":""bg2"",""bit_mapping"":""component_Gray_00_-3_01_-1_10_3_11_1_over_sqrt5;QPSK_0_plus1_1_minus1"",""code_blocks"":1,""decoder_config"":{""cn_schedule"":""flooding"",""cn_update"":""boxplus-phi"",""early_stop"":false,""hard_out"":true,""harq_mode"":false,""llr_max"":20.0,""num_iter"":20,""precision"":""single"",""prune_pcm"":true,""return_infobits"":true,""vn_update"":""sum""},""implementation"":{""bit_mapping"":""component_Gray_00_-3_01_-1_10_3_11_1_over_sqrt5;QPSK_0_plus1_1_minus1"",""cuda"":""12.8"",""decoder"":{""cn_schedule"":""flooding"",""cn_update"":""boxplus-phi"",""early_stop"":false,""hard_out"":true,""harq_mode"":false,""llr_max"":20.0,""num_iter"":20,""precision"":""single"",""prune_pcm"":true,""return_infobits"":true,""vn_update"":""sum""},""decoder_source_sha256"":""44d84b92b749e2970f94d92cd348a11648e2286b4d851faa0af8b21d08f0da23"",""encoder_source_sha256"":""34d8db6660b2e84708a8fb534f63c194f6f2b964e3693fcffc9dcaf21532ccfd"",""implementation"":""Sionna_5G_LDPC"",""power_protocol"":""fixed_constellation_average_Es2"",""precision"":""float32"",""rate_matching"":""Sionna RV0; filler removal, first2Z and tail puncturing; supported n only"",""scrambling"":""public_PCG64_SHA256_protocol_session_frame_group_counter_after_rate_matching_v1"",""torch"":""2.11.0+cu128"",""version"":""2.2.0""},""interleaver_sha256"":""c87a5cd511019cf5cf14bbb0b3516eb24e5ebf369c515a04337395b42135c290"",""k"":1384,""k_filler"":56,""k_ldpc"":1440,""layout_id"":""e8892f1d7074818f117696280fe3595f832e38726d4ca33898db569fd252361c"",""modulation_padding_bits"":0,""mother_bits"":7488,""n"":4600,""n_cb"":7200,""n_cb_comp"":7144,""power_protocol"":""fixed_constellation_average_Es2"",""puncturing_bits"":2832,""puncturing_first_2Z"":288,""puncturing_remaining"":2544,""repetition_bits"":0,""scrambling"":""public_PCG64_SHA256_protocol_session_frame_group_counter_after_rate_matching_v1"",""shortening_bits"":56,""z"":144}",[2048]
16QAM,1/2,16QAM:r1/2,ef76d65aca518a93bfad93ec683c0ae9f08f414aaa6ceb76786fbc8a98022a71,1704,16,0,1720,1760,40,9152,4784,1196,0,0.3595317725752508,0.35618729096989965,"{""actual_effective_rate"":0.3595317725752508,""bg"":""bg2"",""bit_mapping"":""component_Gray_00_-3_01_-1_10_3_11_1_over_sqrt5;QPSK_0_plus1_1_minus1"",""code_blocks"":1,""decoder_config"":{""cn_schedule"":""flooding"",""cn_update"":""boxplus-phi"",""early_stop"":false,""hard_out"":true,""harq_mode"":false,""llr_max"":20.0,""num_iter"":20,""precision"":""single"",""prune_pcm"":true,""return_infobits"":true,""vn_update"":""sum""},""implementation"":{""bit_mapping"":""component_Gray_00_-3_01_-1_10_3_11_1_over_sqrt5;QPSK_0_plus1_1_minus1"",""cuda"":""12.8"",""decoder"":{""cn_schedule"":""flooding"",""cn_update"":""boxplus-phi"",""early_stop"":false,""hard_out"":true,""harq_mode"":false,""llr_max"":20.0,""num_iter"":20,""precision"":""single"",""prune_pcm"":true,""return_infobits"":true,""vn_update"":""sum""},""decoder_source_sha256"":""44d84b92b749e2970f94d92cd348a11648e2286b4d851faa0af8b21d08f0da23"",""encoder_source_sha256"":""34d8db6660b2e84708a8fb534f63c194f6f2b964e3693fcffc9dcaf21532ccfd"",""implementation"":""Sionna_5G_LDPC"",""power_protocol"":""fixed_constellation_average_Es2"",""precision"":""float32"",""rate_matching"":""Sionna RV0; filler removal, first2Z and tail puncturing; supported n only"",""scrambling"":""public_PCG64_SHA256_protocol_session_frame_group_counter_after_rate_matching_v1"",""torch"":""2.11.0+cu128"",""version"":""2.2.0""},""interleaver_sha256"":""89cb756fcca71d5db250163e68e38a85618caec85cef412f7d30747f83e4a2c4"",""k"":1720,""k_filler"":40,""k_ldpc"":1760,""layout_id"":""809b13cd4587bbe2ea4b26746c92e914db8f04157a084ff36df4a64fc624b9b7"",""modulation_padding_bits"":0,""mother_bits"":9152,""n"":4784,""n_cb"":8800,""n_cb_comp"":8760,""power_protocol"":""fixed_constellation_average_Es2"",""puncturing_bits"":4328,""puncturing_first_2Z"":352,""puncturing_remaining"":3976,""repetition_bits"":0,""scrambling"":""public_PCG64_SHA256_protocol_session_frame_group_counter_after_rate_matching_v1"",""shortening_bits"":40,""z"":176}",[2048]
16QAM,1/2,16QAM:r1/2,ef84cce82989d3e9adbd14c957c66ecda96ed4b0cc6d6a5613b774fb17a069b7,660,16,0,676,720,44,3744,1988,497,0,0.34004024144869216,0.3319919517102616,"{""actual_effective_rate"":0.34004024144869216,""bg"":""bg2"",""bit_mapping"":""component_Gray_00_-3_01_-1_10_3_11_1_over_sqrt5;QPSK_0_plus1_1_minus1"",""code_blocks"":1,""decoder_config"":{""cn_schedule"":""flooding"",""cn_update"":""boxplus-phi"",""early_stop"":false,""hard_out"":true,""harq_mode"":false,""llr_max"":20.0,""num_iter"":20,""precision"":""single"",""prune_pcm"":true,""return_infobits"":true,""vn_update"":""sum""},""implementation"":{""bit_mapping"":""component_Gray_00_-3_01_-1_10_3_11_1_over_sqrt5;QPSK_0_plus1_1_minus1"",""cuda"":""12.8"",""decoder"":{""cn_schedule"":""flooding"",""cn_update"":""boxplus-phi"",""early_stop"":false,""hard_out"":true,""harq_mode"":false,""llr_max"":20.0,""num_iter"":20,""precision"":""single"",""prune_pcm"":true,""return_infobits"":true,""vn_update"":""sum""},""decoder_source_sha256"":""44d84b92b749e2970f94d92cd348a11648e2286b4d851faa0af8b21d08f0da23"",""encoder_source_sha256"":""34d8db6660b2e84708a8fb534f63c194f6f2b964e3693fcffc9dcaf21532ccfd"",""implementation"":""Sionna_5G_LDPC"",""power_protocol"":""fixed_constellation_average_Es2"",""precision"":""float32"",""rate_matching"":""Sionna RV0; filler removal, first2Z and tail puncturing; supported n only"",""scrambling"":""public_PCG64_SHA256_protocol_session_frame_group_counter_after_rate_matching_v1"",""torch"":""2.11.0+cu128"",""version"":""2.2.0""},""interleaver_sha256"":""d77125449bd8169b253934fa6d8c7b41420627d041904b1d59e31ae0d32317c1"",""k"":676,""k_filler"":44,""k_ldpc"":720,""layout_id"":""d57e4b3850d24d8fef5ffca16d9a154f8ee2e2c713fd6bf8e5b9c70de790fea5"",""modulation_padding_bits"":0,""mother_bits"":3744,""n"":1988,""n_cb"":3600,""n_cb_comp"":3556,""power_protocol"":""fixed_constellation_average_Es2"",""puncturing_bits"":1712,""puncturing_first_2Z"":144,""puncturing_remaining"":1568,""repetition_bits"":0,""scrambling"":""public_PCG64_SHA256_protocol_session_frame_group_counter_after_rate_matching_v1"",""shortening_bits"":44,""z"":72}",[2048]
16QAM,5/6,16QAM:r5/6,ef86e4b38dd6e0d47b03f46131415d00d6994bd4b82fa3162919516df95416a0,5448,16,0,5464,5632,168,17408,6560,1640,0,0.8329268292682926,0.8304878048780487,"{""actual_effective_rate"":0.8329268292682926,""bg"":""bg1"",""bit_mapping"":""component_Gray_00_-3_01_-1_10_3_11_1_over_sqrt5;QPSK_0_plus1_1_minus1"",""code_blocks"":1,""decoder_config"":{""cn_schedule"":""flooding"",""cn_update"":""boxplus-phi"",""early_stop"":false,""hard_out"":true,""harq_mode"":false,""llr_max"":20.0,""num_iter"":20,""precision"":""single"",""prune_pcm"":true,""return_infobits"":true,""vn_update"":""sum""},""implementation"":{""bit_mapping"":""component_Gray_00_-3_01_-1_10_3_11_1_over_sqrt5;QPSK_0_plus1_1_minus1"",""cuda"":""12.8"",""decoder"":{""cn_schedule"":""flooding"",""cn_update"":""boxplus-phi"",""early_stop"":false,""hard_out"":true,""harq_mode"":false,""llr_max"":20.0,""num_iter"":20,""precision"":""single"",""prune_pcm"":true,""return_infobits"":true,""vn_update"":""sum""},""decoder_source_sha256"":""44d84b92b749e2970f94d92cd348a11648e2286b4d851faa0af8b21d08f0da23"",""encoder_source_sha256"":""34d8db6660b2e84708a8fb534f63c194f6f2b964e3693fcffc9dcaf21532ccfd"",""implementation"":""Sionna_5G_LDPC"",""power_protocol"":""fixed_constellation_average_Es2"",""precision"":""float32"",""rate_matching"":""Sionna RV0; filler removal, first2Z and tail puncturing; supported n only"",""scrambling"":""public_PCG64_SHA256_protocol_session_frame_group_counter_after_rate_matching_v1"",""torch"":""2.11.0+cu128"",""version"":""2.2.0""},""interleaver_sha256"":""eed9b0ca8278f7f0bf1c670ff2033e16a18f0598ff1e94d8cfb221ea61e2810f"",""k"":5464,""k_filler"":168,""k_ldpc"":5632,""layout_id"":""78394bd29d5bb8ec843af36116ec76319fc57898d2925ef1e1360156cefcf6a7"",""modulation_padding_bits"":0,""mother_bits"":17408,""n"":6560,""n_cb"":16896,""n_cb_comp"":16728,""power_protocol"":""fixed_constellation_average_Es2"",""puncturing_bits"":10680,""puncturing_first_2Z"":512,""puncturing_remaining"":10168,""repetition_bits"":0,""scrambling"":""public_PCG64_SHA256_protocol_session_frame_group_counter_after_rate_matching_v1"",""shortening_bits"":168,""z"":256}",[2048]
16QAM,1/3,16QAM:r1/3,ef8f605188f0e187017c427053953e8242c207bb799139f19bac79197a10b3a7,2112,16,0,2128,2240,112,11648,6408,1602,0,0.33208489388264667,0.3295880149812734,"{""actual_effective_rate"":0.33208489388264667,""bg"":""bg2"",""bit_mapping"":""component_Gray_00_-3_01_-1_10_3_11_1_over_sqrt5;QPSK_0_plus1_1_minus1"",""code_blocks"":1,""decoder_config"":{""cn_schedule"":""flooding"",""cn_update"":""boxplus-phi"",""early_stop"":false,""hard_out"":true,""harq_mode"":false,""llr_max"":20.0,""num_iter"":20,""precision"":""single"",""prune_pcm"":true,""return_infobits"":true,""vn_update"":""sum""},""implementation"":{""bit_mapping"":""component_Gray_00_-3_01_-1_10_3_11_1_over_sqrt5;QPSK_0_plus1_1_minus1"",""cuda"":""12.8"",""decoder"":{""cn_schedule"":""flooding"",""cn_update"":""boxplus-phi"",""early_stop"":false,""hard_out"":true,""harq_mode"":false,""llr_max"":20.0,""num_iter"":20,""precision"":""single"",""prune_pcm"":true,""return_infobits"":true,""vn_update"":""sum""},""decoder_source_sha256"":""44d84b92b749e2970f94d92cd348a11648e2286b4d851faa0af8b21d08f0da23"",""encoder_source_sha256"":""34d8db6660b2e84708a8fb534f63c194f6f2b964e3693fcffc9dcaf21532ccfd"",""implementation"":""Sionna_5G_LDPC"",""power_protocol"":""fixed_constellation_average_Es2"",""precision"":""float32"",""rate_matching"":""Sionna RV0; filler removal, first2Z and tail puncturing; supported n only"",""scrambling"":""public_PCG64_SHA256_protocol_session_frame_group_counter_after_rate_matching_v1"",""torch"":""2.11.0+cu128"",""version"":""2.2.0""},""interleaver_sha256"":""44b7e10ae334d64333cc2372df6a05c6023d006d374d231db5e26c6f0141b2cc"",""k"":2128,""k_filler"":112,""k_ldpc"":2240,""layout_id"":""9f347fe39f9b5770978c6440a173ef10f30aafb5b3f1f4a94f7ca243f2c81e65"",""modulation_padding_bits"":0,""mother_bits"":11648,""n"":6408,""n_cb"":11200,""n_cb_comp"":11088,""power_protocol"":""fixed_constellation_average_Es2"",""puncturing_bits"":5128,""puncturing_first_2Z"":448,""puncturing_remaining"":4680,""repetition_bits"":0,""scrambling"":""public_PCG64_SHA256_protocol_session_frame_group_counter_after_rate_matching_v1"",""shortening_bits"":112,""z"":224}",[2048]
QPSK,5/6,QPSK:r5/6,ef9e645601d20407e42da51c4a1165b02d4e85653840f1c9a549627938a5e315,360,16,0,376,480,104,2496,690,345,0,0.5449275362318841,0.5217391304347826,"{""actual_effective_rate"":0.5449275362318841,""bg"":""bg2"",""bit_mapping"":""component_Gray_00_-3_01_-1_10_3_11_1_over_sqrt5;QPSK_0_plus1_1_minus1"",""code_blocks"":1,""decoder_config"":{""cn_schedule"":""flooding"",""cn_update"":""boxplus-phi"",""early_stop"":false,""hard_out"":true,""harq_mode"":false,""llr_max"":20.0,""num_iter"":20,""precision"":""single"",""prune_pcm"":true,""return_infobits"":true,""vn_update"":""sum""},""implementation"":{""bit_mapping"":""component_Gray_00_-3_01_-1_10_3_11_1_over_sqrt5;QPSK_0_plus1_1_minus1"",""cuda"":""12.8"",""decoder"":{""cn_schedule"":""flooding"",""cn_update"":""boxplus-phi"",""early_stop"":false,""hard_out"":true,""harq_mode"":false,""llr_max"":20.0,""num_iter"":20,""precision"":""single"",""prune_pcm"":true,""return_infobits"":true,""vn_update"":""sum""},""decoder_source_sha256"":""44d84b92b749e2970f94d92cd348a11648e2286b4d851faa0af8b21d08f0da23"",""encoder_source_sha256"":""34d8db6660b2e84708a8fb534f63c194f6f2b964e3693fcffc9dcaf21532ccfd"",""implementation"":""Sionna_5G_LDPC"",""power_protocol"":""fixed_constellation_average_Es2"",""precision"":""float32"",""rate_matching"":""Sionna RV0; filler removal, first2Z and tail puncturing; supported n only"",""scrambling"":""public_PCG64_SHA256_protocol_session_frame_group_counter_after_rate_matching_v1"",""torch"":""2.11.0+cu128"",""version"":""2.2.0""},""interleaver_sha256"":""8a8aad4e7db55f78e6c81f8afd3b5fcf07d858129e40f6f08a13f61f7ab3670e"",""k"":376,""k_filler"":104,""k_ldpc"":480,""layout_id"":""6d6018373eabfbfc4be6e8efdf4932ba347ff2a037d405c9fd0c3346ca8ae859"",""modulation_padding_bits"":0,""mother_bits"":2496,""n"":690,""n_cb"":2400,""n_cb_comp"":2296,""power_protocol"":""fixed_constellation_average_Es2"",""puncturing_bits"":1702,""puncturing_first_2Z"":96,""puncturing_remaining"":1606,""repetition_bits"":0,""scrambling"":""public_PCG64_SHA256_protocol_session_frame_group_counter_after_rate_matching_v1"",""shortening_bits"":104,""z"":48}",[2048]
QPSK,2/3,QPSK:r2/3,efa59b2d42cc9368f9641c0b0804d7b958810ac78710c249e28162e40cb821a6,576,16,0,592,720,128,3744,1486,743,0,0.3983849259757739,0.3876177658142665,"{""actual_effective_rate"":0.3983849259757739,""bg"":""bg2"",""bit_mapping"":""component_Gray_00_-3_01_-1_10_3_11_1_over_sqrt5;QPSK_0_plus1_1_minus1"",""code_blocks"":1,""decoder_config"":{""cn_schedule"":""flooding"",""cn_update"":""boxplus-phi"",""early_stop"":false,""hard_out"":true,""harq_mode"":false,""llr_max"":20.0,""num_iter"":20,""precision"":""single"",""prune_pcm"":true,""return_infobits"":true,""vn_update"":""sum""},""implementation"":{""bit_mapping"":""component_Gray_00_-3_01_-1_10_3_11_1_over_sqrt5;QPSK_0_plus1_1_minus1"",""cuda"":""12.8"",""decoder"":{""cn_schedule"":""flooding"",""cn_update"":""boxplus-phi"",""early_stop"":false,""hard_out"":true,""harq_mode"":false,""llr_max"":20.0,""num_iter"":20,""precision"":""single"",""prune_pcm"":true,""return_infobits"":true,""vn_update"":""sum""},""decoder_source_sha256"":""44d84b92b749e2970f94d92cd348a11648e2286b4d851faa0af8b21d08f0da23"",""encoder_source_sha256"":""34d8db6660b2e84708a8fb534f63c194f6f2b964e3693fcffc9dcaf21532ccfd"",""implementation"":""Sionna_5G_LDPC"",""power_protocol"":""fixed_constellation_average_Es2"",""precision"":""float32"",""rate_matching"":""Sionna RV0; filler removal, first2Z and tail puncturing; supported n only"",""scrambling"":""public_PCG64_SHA256_protocol_session_frame_group_counter_after_rate_matching_v1"",""torch"":""2.11.0+cu128"",""version"":""2.2.0""},""interleaver_sha256"":""db23299b70da8a2fbd6fc61402e29dab5ef1c5f3c328688610d0bad997aad810"",""k"":592,""k_filler"":128,""k_ldpc"":720,""layout_id"":""eec9163647068a183b0efd2af5aded1849847960f29071531d3d06b1425e31f9"",""modulation_padding_bits"":0,""mother_bits"":3744,""n"":1486,""n_cb"":3600,""n_cb_comp"":3472,""power_protocol"":""fixed_constellation_average_Es2"",""puncturing_bits"":2130,""puncturing_first_2Z"":144,""puncturing_remaining"":1986,""repetition_bits"":0,""scrambling"":""public_PCG64_SHA256_protocol_session_frame_group_counter_after_rate_matching_v1"",""shortening_bits"":128,""z"":72}",[2048]
16QAM,2/3,16QAM:r2/3,efa8e0bc3b0fc22c8d2627a888321875bf391fd21513b3e33cc9eb2382a8a363,924,16,0,940,960,20,4992,2232,558,0,0.4211469534050179,0.41397849462365593,"{""actual_effective_rate"":0.4211469534050179,""bg"":""bg2"",""bit_mapping"":""component_Gray_00_-3_01_-1_10_3_11_1_over_sqrt5;QPSK_0_plus1_1_minus1"",""code_blocks"":1,""decoder_config"":{""cn_schedule"":""flooding"",""cn_update"":""boxplus-phi"",""early_stop"":false,""hard_out"":true,""harq_mode"":false,""llr_max"":20.0,""num_iter"":20,""precision"":""single"",""prune_pcm"":true,""return_infobits"":true,""vn_update"":""sum""},""implementation"":{""bit_mapping"":""component_Gray_00_-3_01_-1_10_3_11_1_over_sqrt5;QPSK_0_plus1_1_minus1"",""cuda"":""12.8"",""decoder"":{""cn_schedule"":""flooding"",""cn_update"":""boxplus-phi"",""early_stop"":false,""hard_out"":true,""harq_mode"":false,""llr_max"":20.0,""num_iter"":20,""precision"":""single"",""prune_pcm"":true,""return_infobits"":true,""vn_update"":""sum""},""decoder_source_sha256"":""44d84b92b749e2970f94d92cd348a11648e2286b4d851faa0af8b21d08f0da23"",""encoder_source_sha256"":""34d8db6660b2e84708a8fb534f63c194f6f2b964e3693fcffc9dcaf21532ccfd"",""implementation"":""Sionna_5G_LDPC"",""power_protocol"":""fixed_constellation_average_Es2"",""precision"":""float32"",""rate_matching"":""Sionna RV0; filler removal, first2Z and tail puncturing; supported n only"",""scrambling"":""public_PCG64_SHA256_protocol_session_frame_group_counter_after_rate_matching_v1"",""torch"":""2.11.0+cu128"",""version"":""2.2.0""},""interleaver_sha256"":""9ffa32f319a77517393ffdfacfa12de082d835bfd7b02a624d9480966531ae64"",""k"":940,""k_filler"":20,""k_ldpc"":960,""layout_id"":""1647a2a9f078dc01bbac9ac397b9885885c87e935e9543686c28f18716c56394"",""modulation_padding_bits"":0,""mother_bits"":4992,""n"":2232,""n_cb"":4800,""n_cb_comp"":4780,""power_protocol"":""fixed_constellation_average_Es2"",""puncturing_bits"":2740,""puncturing_first_2Z"":192,""puncturing_remaining"":2548,""repetition_bits"":0,""scrambling"":""public_PCG64_SHA256_protocol_session_frame_group_counter_after_rate_matching_v1"",""shortening_bits"":20,""z"":96}",[1024]
16QAM,2/3,16QAM:r2/3,efb7427d8692b435c4c3489811f5d993e94896cb31b979174349d06f458b0f41,1092,16,0,1108,1120,12,5824,1716,429,0,0.6456876456876457,0.6363636363636364,"{""actual_effective_rate"":0.6456876456876457,""bg"":""bg2"",""bit_mapping"":""component_Gray_00_-3_01_-1_10_3_11_1_over_sqrt5;QPSK_0_plus1_1_minus1"",""code_blocks"":1,""decoder_config"":{""cn_schedule"":""flooding"",""cn_update"":""boxplus-phi"",""early_stop"":false,""hard_out"":true,""harq_mode"":false,""llr_max"":20.0,""num_iter"":20,""precision"":""single"",""prune_pcm"":true,""return_infobits"":true,""vn_update"":""sum""},""implementation"":{""bit_mapping"":""component_Gray_00_-3_01_-1_10_3_11_1_over_sqrt5;QPSK_0_plus1_1_minus1"",""cuda"":""12.8"",""decoder"":{""cn_schedule"":""flooding"",""cn_update"":""boxplus-phi"",""early_stop"":false,""hard_out"":true,""harq_mode"":false,""llr_max"":20.0,""num_iter"":20,""precision"":""single"",""prune_pcm"":true,""return_infobits"":true,""vn_update"":""sum""},""decoder_source_sha256"":""44d84b92b749e2970f94d92cd348a11648e2286b4d851faa0af8b21d08f0da23"",""encoder_source_sha256"":""34d8db6660b2e84708a8fb534f63c194f6f2b964e3693fcffc9dcaf21532ccfd"",""implementation"":""Sionna_5G_LDPC"",""power_protocol"":""fixed_constellation_average_Es2"",""precision"":""float32"",""rate_matching"":""Sionna RV0; filler removal, first2Z and tail puncturing; supported n only"",""scrambling"":""public_PCG64_SHA256_protocol_session_frame_group_counter_after_rate_matching_v1"",""torch"":""2.11.0+cu128"",""version"":""2.2.0""},""interleaver_sha256"":""2e6a09e1e264d07222ce14ae1c6dd9f6b9a86cb743cf24d297aad3637bbc00a2"",""k"":1108,""k_filler"":12,""k_ldpc"":1120,""layout_id"":""3cb2b371ad65b7db97376fa27097398eaa6879dad7beca0e692f53073b1dc4a4"",""modulation_padding_bits"":0,""mother_bits"":5824,""n"":1716,""n_cb"":5600,""n_cb_comp"":5588,""power_protocol"":""fixed_constellation_average_Es2"",""puncturing_bits"":4096,""puncturing_first_2Z"":224,""puncturing_remaining"":3872,""repetition_bits"":0,""scrambling"":""public_PCG64_SHA256_protocol_session_frame_group_counter_after_rate_matching_v1"",""shortening_bits"":12,""z"":112}",[2048]
16QAM,2/3,16QAM:r2/3,efb97ece70784edbe914ffdb83c1dd4756272a24e0148b96e78bfa5cf8848bdb,1116,16,0,1132,1200,68,6240,4976,1244,0,0.227491961414791,0.22427652733118972,"{""actual_effective_rate"":0.227491961414791,""bg"":""bg2"",""bit_mapping"":""component_Gray_00_-3_01_-1_10_3_11_1_over_sqrt5;QPSK_0_plus1_1_minus1"",""code_blocks"":1,""decoder_config"":{""cn_schedule"":""flooding"",""cn_update"":""boxplus-phi"",""early_stop"":false,""hard_out"":true,""harq_mode"":false,""llr_max"":20.0,""num_iter"":20,""precision"":""single"",""prune_pcm"":true,""return_infobits"":true,""vn_update"":""sum""},""implementation"":{""bit_mapping"":""component_Gray_00_-3_01_-1_10_3_11_1_over_sqrt5;QPSK_0_plus1_1_minus1"",""cuda"":""12.8"",""decoder"":{""cn_schedule"":""flooding"",""cn_update"":""boxplus-phi"",""early_stop"":false,""hard_out"":true,""harq_mode"":false,""llr_max"":20.0,""num_iter"":20,""precision"":""single"",""prune_pcm"":true,""return_infobits"":true,""vn_update"":""sum""},""decoder_source_sha256"":""44d84b92b749e2970f94d92cd348a11648e2286b4d851faa0af8b21d08f0da23"",""encoder_source_sha256"":""34d8db6660b2e84708a8fb534f63c194f6f2b964e3693fcffc9dcaf21532ccfd"",""implementation"":""Sionna_5G_LDPC"",""power_protocol"":""fixed_constellation_average_Es2"",""precision"":""float32"",""rate_matching"":""Sionna RV0; filler removal, first2Z and tail puncturing; supported n only"",""scrambling"":""public_PCG64_SHA256_protocol_session_frame_group_counter_after_rate_matching_v1"",""torch"":""2.11.0+cu128"",""version"":""2.2.0""},""interleaver_sha256"":""71aa8bbace48ef1d9f8b1fcc671045a8523d3c45b7ae6f2a6ec0b9d39f92fd6e"",""k"":1132,""k_filler"":68,""k_ldpc"":1200,""layout_id"":""63010ecc119d13bc77e8a54608d46762adc96c51924e01c00d4ad0ac644cd0a7"",""modulation_padding_bits"":0,""mother_bits"":6240,""n"":4976,""n_cb"":6000,""n_cb_comp"":5932,""power_protocol"":""fixed_constellation_average_Es2"",""puncturing_bits"":1196,""puncturing_first_2Z"":240,""puncturing_remaining"":956,""repetition_bits"":0,""scrambling"":""public_PCG64_SHA256_protocol_session_frame_group_counter_after_rate_matching_v1"",""shortening_bits"":68,""z"":120}",[2048]
QPSK,5/6,QPSK:r5/6,efba45bfcf42d712b6054c8ce62c3d2b15f9520fd1aa2edf07d8c7f6500fa59a,624,16,0,640,720,80,3744,1434,717,0,0.44630404463040446,0.4351464435146444,"{""actual_effective_rate"":0.44630404463040446,""bg"":""bg2"",""bit_mapping"":""component_Gray_00_-3_01_-1_10_3_11_1_over_sqrt5;QPSK_0_plus1_1_minus1"",""code_blocks"":1,""decoder_config"":{""cn_schedule"":""flooding"",""cn_update"":""boxplus-phi"",""early_stop"":false,""hard_out"":true,""harq_mode"":false,""llr_max"":20.0,""num_iter"":20,""precision"":""single"",""prune_pcm"":true,""return_infobits"":true,""vn_update"":""sum""},""implementation"":{""bit_mapping"":""component_Gray_00_-3_01_-1_10_3_11_1_over_sqrt5;QPSK_0_plus1_1_minus1"",""cuda"":""12.8"",""decoder"":{""cn_schedule"":""flooding"",""cn_update"":""boxplus-phi"",""early_stop"":false,""hard_out"":true,""harq_mode"":false,""llr_max"":20.0,""num_iter"":20,""precision"":""single"",""prune_pcm"":true,""return_infobits"":true,""vn_update"":""sum""},""decoder_source_sha256"":""44d84b92b749e2970f94d92cd348a11648e2286b4d851faa0af8b21d08f0da23"",""encoder_source_sha256"":""34d8db6660b2e84708a8fb534f63c194f6f2b964e3693fcffc9dcaf21532ccfd"",""implementation"":""Sionna_5G_LDPC"",""power_protocol"":""fixed_constellation_average_Es2"",""precision"":""float32"",""rate_matching"":""Sionna RV0; filler removal, first2Z and tail puncturing; supported n only"",""scrambling"":""public_PCG64_SHA256_protocol_session_frame_group_counter_after_rate_matching_v1"",""torch"":""2.11.0+cu128"",""version"":""2.2.0""},""interleaver_sha256"":""0de363cd503f15c5978d085c66167ebde443b622af3a05887296422707e81245"",""k"":640,""k_filler"":80,""k_ldpc"":720,""layout_id"":""a8423e6d82c66b163ef93580e6c59221227b450e5899b2828b9c13ed2c72e13c"",""modulation_padding_bits"":0,""mother_bits"":3744,""n"":1434,""n_cb"":3600,""n_cb_comp"":3520,""power_protocol"":""fixed_constellation_average_Es2"",""puncturing_bits"":2230,""puncturing_first_2Z"":144,""puncturing_remaining"":2086,""repetition_bits"":0,""scrambling"":""public_PCG64_SHA256_protocol_session_frame_group_counter_after_rate_matching_v1"",""shortening_bits"":80,""z"":72}",[2048]
QPSK,3/4,QPSK:r3/4,efbb95c863b2139d85b7342c99d00588f7c8a6226d064dd6b088b31f860890d1,1092,16,0,1108,1144,36,3536,1500,750,0,0.7386666666666667,0.728,"{""actual_effective_rate"":0.7386666666666667,""bg"":""bg1"",""bit_mapping"":""component_Gray_00_-3_01_-1_10_3_11_1_over_sqrt5;QPSK_0_plus1_1_minus1"",""code_blocks"":1,""decoder_config"":{""cn_schedule"":""flooding"",""cn_update"":""boxplus-phi"",""early_stop"":false,""hard_out"":true,""harq_mode"":false,""llr_max"":20.0,""num_iter"":20,""precision"":""single"",""prune_pcm"":true,""return_infobits"":true,""vn_update"":""sum""},""implementation"":{""bit_mapping"":""component_Gray_00_-3_01_-1_10_3_11_1_over_sqrt5;QPSK_0_plus1_1_minus1"",""cuda"":""12.8"",""decoder"":{""cn_schedule"":""flooding"",""cn_update"":""boxplus-phi"",""early_stop"":false,""hard_out"":true,""harq_mode"":false,""llr_max"":20.0,""num_iter"":20,""precision"":""single"",""prune_pcm"":true,""return_infobits"":true,""vn_update"":""sum""},""decoder_source_sha256"":""44d84b92b749e2970f94d92cd348a11648e2286b4d851faa0af8b21d08f0da23"",""encoder_source_sha256"":""34d8db6660b2e84708a8fb534f63c194f6f2b964e3693fcffc9dcaf21532ccfd"",""implementation"":""Sionna_5G_LDPC"",""power_protocol"":""fixed_constellation_average_Es2"",""precision"":""float32"",""rate_matching"":""Sionna RV0; filler removal, first2Z and tail puncturing; supported n only"",""scrambling"":""public_PCG64_SHA256_protocol_session_frame_group_counter_after_rate_matching_v1"",""torch"":""2.11.0+cu128"",""version"":""2.2.0""},""interleaver_sha256"":""43854f01536d75fd51e335ece7cdb6e8a5559a9c28da2499aa7e095697790350"",""k"":1108,""k_filler"":36,""k_ldpc"":1144,""layout_id"":""6ae36bbf1b1a203dfac6211d021ab5ac2e1b136d2ef51d6f3dad2b5d9672e89c"",""modulation_padding_bits"":0,""mother_bits"":3536,""n"":1500,""n_cb"":3432,""n_cb_comp"":3396,""power_protocol"":""fixed_constellation_average_Es2"",""puncturing_bits"":2000,""puncturing_first_2Z"":104,""puncturing_remaining"":1896,""repetition_bits"":0,""scrambling"":""public_PCG64_SHA256_protocol_session_frame_group_counter_after_rate_matching_v1"",""shortening_bits"":36,""z"":52}",[1024]
16QAM,5/6,16QAM:r5/6,efd30ba4c1dc8979e7f51a0a0615d556feae8ce0c3abfb250fa94895d14d8852,1092,16,0,1108,1120,12,5824,1924,481,0,0.5758835758835759,0.5675675675675675,"{""actual_effective_rate"":0.5758835758835759,""bg"":""bg2"",""bit_mapping"":""component_Gray_00_-3_01_-1_10_3_11_1_over_sqrt5;QPSK_0_plus1_1_minus1"",""code_blocks"":1,""decoder_config"":{""cn_schedule"":""flooding"",""cn_update"":""boxplus-phi"",""early_stop"":false,""hard_out"":true,""harq_mode"":false,""llr_max"":20.0,""num_iter"":20,""precision"":""single"",""prune_pcm"":true,""return_infobits"":true,""vn_update"":""sum""},""implementation"":{""bit_mapping"":""component_Gray_00_-3_01_-1_10_3_11_1_over_sqrt5;QPSK_0_plus1_1_minus1"",""cuda"":""12.8"",""decoder"":{""cn_schedule"":""flooding"",""cn_update"":""boxplus-phi"",""early_stop"":false,""hard_out"":true,""harq_mode"":false,""llr_max"":20.0,""num_iter"":20,""precision"":""single"",""prune_pcm"":true,""return_infobits"":true,""vn_update"":""sum""},""decoder_source_sha256"":""44d84b92b749e2970f94d92cd348a11648e2286b4d851faa0af8b21d08f0da23"",""encoder_source_sha256"":""34d8db6660b2e84708a8fb534f63c194f6f2b964e3693fcffc9dcaf21532ccfd"",""implementation"":""Sionna_5G_LDPC"",""power_protocol"":""fixed_constellation_average_Es2"",""precision"":""float32"",""rate_matching"":""Sionna RV0; filler removal, first2Z and tail puncturing; supported n only"",""scrambling"":""public_PCG64_SHA256_protocol_session_frame_group_counter_after_rate_matching_v1"",""torch"":""2.11.0+cu128"",""version"":""2.2.0""},""interleaver_sha256"":""61d6a1099ce7fd4fb166f7e4c0a96314b09b81e38bdaaab0210ab40caa8889de"",""k"":1108,""k_filler"":12,""k_ldpc"":1120,""layout_id"":""0eb8dd5619673021c24da3f22be726e859a5ccdb9e155b9f1e148043fa01032b"",""modulation_padding_bits"":0,""mother_bits"":5824,""n"":1924,""n_cb"":5600,""n_cb_comp"":5588,""power_protocol"":""fixed_constellation_average_Es2"",""puncturing_bits"":3888,""puncturing_first_2Z"":224,""puncturing_remaining"":3664,""repetition_bits"":0,""scrambling"":""public_PCG64_SHA256_protocol_session_frame_group_counter_after_rate_matching_v1"",""shortening_bits"":12,""z"":112}",[2048]
QPSK,3/4,QPSK:r3/4,efd3d26b3fe4278f4e1f2bacb9e638c61cf4f460549f94c6aa6a7aea28393d67,1200,16,0,1216,1280,64,6656,3014,1507,0,0.40345056403450563,0.39814200398142,"{""actual_effective_rate"":0.40345056403450563,""bg"":""bg2"",""bit_mapping"":""component_Gray_00_-3_01_-1_10_3_11_1_over_sqrt5;QPSK_0_plus1_1_minus1"",""code_blocks"":1,""decoder_config"":{""cn_schedule"":""flooding"",""cn_update"":""boxplus-phi"",""early_stop"":false,""hard_out"":true,""harq_mode"":false,""llr_max"":20.0,""num_iter"":20,""precision"":""single"",""prune_pcm"":true,""return_infobits"":true,""vn_update"":""sum""},""implementation"":{""bit_mapping"":""component_Gray_00_-3_01_-1_10_3_11_1_over_sqrt5;QPSK_0_plus1_1_minus1"",""cuda"":""12.8"",""decoder"":{""cn_schedule"":""flooding"",""cn_update"":""boxplus-phi"",""early_stop"":false,""hard_out"":true,""harq_mode"":false,""llr_max"":20.0,""num_iter"":20,""precision"":""single"",""prune_pcm"":true,""return_infobits"":true,""vn_update"":""sum""},""decoder_source_sha256"":""44d84b92b749e2970f94d92cd348a11648e2286b4d851faa0af8b21d08f0da23"",""encoder_source_sha256"":""34d8db6660b2e84708a8fb534f63c194f6f2b964e3693fcffc9dcaf21532ccfd"",""implementation"":""Sionna_5G_LDPC"",""power_protocol"":""fixed_constellation_average_Es2"",""precision"":""float32"",""rate_matching"":""Sionna RV0; filler removal, first2Z and tail puncturing; supported n only"",""scrambling"":""public_PCG64_SHA256_protocol_session_frame_group_counter_after_rate_matching_v1"",""torch"":""2.11.0+cu128"",""version"":""2.2.0""},""interleaver_sha256"":""9a5f17c6dc35a9386a5fb353427c58783ad9644ce7d665aaa8667ac9fef2bac5"",""k"":1216,""k_filler"":64,""k_ldpc"":1280,""layout_id"":""a5380fd3220707a00c2dfbcbfd236b2612920bf036894dc125d847925e2887dd"",""modulation_padding_bits"":0,""mother_bits"":6656,""n"":3014,""n_cb"":6400,""n_cb_comp"":6336,""power_protocol"":""fixed_constellation_average_Es2"",""puncturing_bits"":3578,""puncturing_first_2Z"":256,""puncturing_remaining"":3322,""repetition_bits"":0,""scrambling"":""public_PCG64_SHA256_protocol_session_frame_group_counter_after_rate_matching_v1"",""shortening_bits"":64,""z"":128}",[2048]
QPSK,1/2,QPSK:r1/2,efe7fcb11850464ffa1292af614127c6129b1c901dece75e8fa1845a27e55a09,1200,16,0,1216,1280,64,6656,2968,1484,0,0.40970350404312667,0.40431266846361186,"{""actual_effective_rate"":0.40970350404312667,""bg"":""bg2"",""bit_mapping"":""component_Gray_00_-3_01_-1_10_3_11_1_over_sqrt5;QPSK_0_plus1_1_minus1"",""code_blocks"":1,""decoder_config"":{""cn_schedule"":""flooding"",""cn_update"":""boxplus-phi"",""early_stop"":false,""hard_out"":true,""harq_mode"":false,""llr_max"":20.0,""num_iter"":20,""precision"":""single"",""prune_pcm"":true,""return_infobits"":true,""vn_update"":""sum""},""implementation"":{""bit_mapping"":""component_Gray_00_-3_01_-1_10_3_11_1_over_sqrt5;QPSK_0_plus1_1_minus1"",""cuda"":""12.8"",""decoder"":{""cn_schedule"":""flooding"",""cn_update"":""boxplus-phi"",""early_stop"":false,""hard_out"":true,""harq_mode"":false,""llr_max"":20.0,""num_iter"":20,""precision"":""single"",""prune_pcm"":true,""return_infobits"":true,""vn_update"":""sum""},""decoder_source_sha256"":""44d84b92b749e2970f94d92cd348a11648e2286b4d851faa0af8b21d08f0da23"",""encoder_source_sha256"":""34d8db6660b2e84708a8fb534f63c194f6f2b964e3693fcffc9dcaf21532ccfd"",""implementation"":""Sionna_5G_LDPC"",""power_protocol"":""fixed_constellation_average_Es2"",""precision"":""float32"",""rate_matching"":""Sionna RV0; filler removal, first2Z and tail puncturing; supported n only"",""scrambling"":""public_PCG64_SHA256_protocol_session_frame_group_counter_after_rate_matching_v1"",""torch"":""2.11.0+cu128"",""version"":""2.2.0""},""interleaver_sha256"":""97f65e06e6ff324484b4801cf68097865364bed9e7902b2d8810a61c3aafbfc7"",""k"":1216,""k_filler"":64,""k_ldpc"":1280,""layout_id"":""398bcc660e4c3846102bc3d310445099979459d038c1b28a08fe65e8feb796cc"",""modulation_padding_bits"":0,""mother_bits"":6656,""n"":2968,""n_cb"":6400,""n_cb_comp"":6336,""power_protocol"":""fixed_constellation_average_Es2"",""puncturing_bits"":3624,""puncturing_first_2Z"":256,""puncturing_remaining"":3368,""repetition_bits"":0,""scrambling"":""public_PCG64_SHA256_protocol_session_frame_group_counter_after_rate_matching_v1"",""shortening_bits"":64,""z"":128}",[2048]
QPSK,5/6,QPSK:r5/6,eff18dcf8fcb2608576c6089e0c3548cb64183a30849f1783e530c3da8aedd70,660,16,0,676,720,44,3744,1480,740,0,0.45675675675675675,0.44594594594594594,"{""actual_effective_rate"":0.45675675675675675,""bg"":""bg2"",""bit_mapping"":""component_Gray_00_-3_01_-1_10_3_11_1_over_sqrt5;QPSK_0_plus1_1_minus1"",""code_blocks"":1,""decoder_config"":{""cn_schedule"":""flooding"",""cn_update"":""boxplus-phi"",""early_stop"":false,""hard_out"":true,""harq_mode"":false,""llr_max"":20.0,""num_iter"":20,""precision"":""single"",""prune_pcm"":true,""return_infobits"":true,""vn_update"":""sum""},""implementation"":{""bit_mapping"":""component_Gray_00_-3_01_-1_10_3_11_1_over_sqrt5;QPSK_0_plus1_1_minus1"",""cuda"":""12.8"",""decoder"":{""cn_schedule"":""flooding"",""cn_update"":""boxplus-phi"",""early_stop"":false,""hard_out"":true,""harq_mode"":false,""llr_max"":20.0,""num_iter"":20,""precision"":""single"",""prune_pcm"":true,""return_infobits"":true,""vn_update"":""sum""},""decoder_source_sha256"":""44d84b92b749e2970f94d92cd348a11648e2286b4d851faa0af8b21d08f0da23"",""encoder_source_sha256"":""34d8db6660b2e84708a8fb534f63c194f6f2b964e3693fcffc9dcaf21532ccfd"",""implementation"":""Sionna_5G_LDPC"",""power_protocol"":""fixed_constellation_average_Es2"",""precision"":""float32"",""rate_matching"":""Sionna RV0; filler removal, first2Z and tail puncturing; supported n only"",""scrambling"":""public_PCG64_SHA256_protocol_session_frame_group_counter_after_rate_matching_v1"",""torch"":""2.11.0+cu128"",""version"":""2.2.0""},""interleaver_sha256"":""db36391a788dc0b3695c730b6e893b4d2d3ab6ea27baf8615a0cf0cdd47adbeb"",""k"":676,""k_filler"":44,""k_ldpc"":720,""layout_id"":""94189e0761515cf20a048e2e9dff74502dff17b7b335dd59ca31255b9644542d"",""modulation_padding_bits"":0,""mother_bits"":3744,""n"":1480,""n_cb"":3600,""n_cb_comp"":3556,""power_protocol"":""fixed_constellation_average_Es2"",""puncturing_bits"":2220,""puncturing_first_2Z"":144,""puncturing_remaining"":2076,""repetition_bits"":0,""scrambling"":""public_PCG64_SHA256_protocol_session_frame_group_counter_after_rate_matching_v1"",""shortening_bits"":44,""z"":72}",[2048]
QPSK,1/3,QPSK:r1/3,eff296a7af93cd598481b3f4abc0e04fa88001a4cc889e49322ff1765c5b2b8e,1116,16,0,1132,1200,68,6240,3396,1698,0,0.3333333333333333,0.3286219081272085,"{""actual_effective_rate"":0.3333333333333333,""bg"":""bg2"",""bit_mapping"":""component_Gray_00_-3_01_-1_10_3_11_1_over_sqrt5;QPSK_0_plus1_1_minus1"",""code_blocks"":1,""decoder_config"":{""cn_schedule"":""flooding"",""cn_update"":""boxplus-phi"",""early_stop"":false,""hard_out"":true,""harq_mode"":false,""llr_max"":20.0,""num_iter"":20,""precision"":""single"",""prune_pcm"":true,""return_infobits"":true,""vn_update"":""sum""},""implementation"":{""bit_mapping"":""component_Gray_00_-3_01_-1_10_3_11_1_over_sqrt5;QPSK_0_plus1_1_minus1"",""cuda"":""12.8"",""decoder"":{""cn_schedule"":""flooding"",""cn_update"":""boxplus-phi"",""early_stop"":false,""hard_out"":true,""harq_mode"":false,""llr_max"":20.0,""num_iter"":20,""precision"":""single"",""prune_pcm"":true,""return_infobits"":true,""vn_update"":""sum""},""decoder_source_sha256"":""44d84b92b749e2970f94d92cd348a11648e2286b4d851faa0af8b21d08f0da23"",""encoder_source_sha256"":""34d8db6660b2e84708a8fb534f63c194f6f2b964e3693fcffc9dcaf21532ccfd"",""implementation"":""Sionna_5G_LDPC"",""power_protocol"":""fixed_constellation_average_Es2"",""precision"":""float32"",""rate_matching"":""Sionna RV0; filler removal, first2Z and tail puncturing; supported n only"",""scrambling"":""public_PCG64_SHA256_protocol_session_frame_group_counter_after_rate_matching_v1"",""torch"":""2.11.0+cu128"",""version"":""2.2.0""},""interleaver_sha256"":""470de91181e2a16c98dcb5e72f041e9036a7bd60222efb25fe45b3f51614240e"",""k"":1132,""k_filler"":68,""k_ldpc"":1200,""layout_id"":""164619779b3616cb0317a9d23e22b9e61e517fdada3d4327d1d307b544be5245"",""modulation_padding_bits"":0,""mother_bits"":6240,""n"":3396,""n_cb"":6000,""n_cb_comp"":5932,""power_protocol"":""fixed_constellation_average_Es2"",""puncturing_bits"":2776,""puncturing_first_2Z"":240,""puncturing_remaining"":2536,""repetition_bits"":0,""scrambling"":""public_PCG64_SHA256_protocol_session_frame_group_counter_after_rate_matching_v1"",""shortening_bits"":68,""z"":120}",[2048]
16QAM,5/6,16QAM:r5/6,f011140d371fdb101c4f12aabf370931386ce45d2303889d7d22d096b42b86a1,1092,16,0,1108,1120,12,5824,2700,675,0,0.4103703703703704,0.40444444444444444,"{""actual_effective_rate"":0.4103703703703704,""bg"":""bg2"",""bit_mapping"":""component_Gray_00_-3_01_-1_10_3_11_1_over_sqrt5;QPSK_0_plus1_1_minus1"",""code_blocks"":1,""decoder_config"":{""cn_schedule"":""flooding"",""cn_update"":""boxplus-phi"",""early_stop"":false,""hard_out"":true,""harq_mode"":false,""llr_max"":20.0,""num_iter"":20,""precision"":""single"",""prune_pcm"":true,""return_infobits"":true,""vn_update"":""sum""},""implementation"":{""bit_mapping"":""component_Gray_00_-3_01_-1_10_3_11_1_over_sqrt5;QPSK_0_plus1_1_minus1"",""cuda"":""12.8"",""decoder"":{""cn_schedule"":""flooding"",""cn_update"":""boxplus-phi"",""early_stop"":false,""hard_out"":true,""harq_mode"":false,""llr_max"":20.0,""num_iter"":20,""precision"":""single"",""prune_pcm"":true,""return_infobits"":true,""vn_update"":""sum""},""decoder_source_sha256"":""44d84b92b749e2970f94d92cd348a11648e2286b4d851faa0af8b21d08f0da23"",""encoder_source_sha256"":""34d8db6660b2e84708a8fb534f63c194f6f2b964e3693fcffc9dcaf21532ccfd"",""implementation"":""Sionna_5G_LDPC"",""power_protocol"":""fixed_constellation_average_Es2"",""precision"":""float32"",""rate_matching"":""Sionna RV0; filler removal, first2Z and tail puncturing; supported n only"",""scrambling"":""public_PCG64_SHA256_protocol_session_frame_group_counter_after_rate_matching_v1"",""torch"":""2.11.0+cu128"",""version"":""2.2.0""},""interleaver_sha256"":""d411e32a389f6b765398be2a991b8b1b198e185fce8ad65a22bef9bb51348707"",""k"":1108,""k_filler"":12,""k_ldpc"":1120,""layout_id"":""465fb2fe49bfa50d6903f4de80c2a3d98067655bbf2818c630955d51c474f1a9"",""modulation_padding_bits"":0,""mother_bits"":5824,""n"":2700,""n_cb"":5600,""n_cb_comp"":5588,""power_protocol"":""fixed_constellation_average_Es2"",""puncturing_bits"":3112,""puncturing_first_2Z"":224,""puncturing_remaining"":2888,""repetition_bits"":0,""scrambling"":""public_PCG64_SHA256_protocol_session_frame_group_counter_after_rate_matching_v1"",""shortening_bits"":12,""z"":112}",[1024]
16QAM,1/2,16QAM:r1/2,f01c22fd56245cb87b899eb63dcf976962a8b0ddbaeaaed97d04616cb3b7d19c,1092,16,0,1108,1120,12,5824,2740,685,0,0.4043795620437956,0.39854014598540144,"{""actual_effective_rate"":0.4043795620437956,""bg"":""bg2"",""bit_mapping"":""component_Gray_00_-3_01_-1_10_3_11_1_over_sqrt5;QPSK_0_plus1_1_minus1"",""code_blocks"":1,""decoder_config"":{""cn_schedule"":""flooding"",""cn_update"":""boxplus-phi"",""early_stop"":false,""hard_out"":true,""harq_mode"":false,""llr_max"":20.0,""num_iter"":20,""precision"":""single"",""prune_pcm"":true,""return_infobits"":true,""vn_update"":""sum""},""implementation"":{""bit_mapping"":""component_Gray_00_-3_01_-1_10_3_11_1_over_sqrt5;QPSK_0_plus1_1_minus1"",""cuda"":""12.8"",""decoder"":{""cn_schedule"":""flooding"",""cn_update"":""boxplus-phi"",""early_stop"":false,""hard_out"":true,""harq_mode"":false,""llr_max"":20.0,""num_iter"":20,""precision"":""single"",""prune_pcm"":true,""return_infobits"":true,""vn_update"":""sum""},""decoder_source_sha256"":""44d84b92b749e2970f94d92cd348a11648e2286b4d851faa0af8b21d08f0da23"",""encoder_source_sha256"":""34d8db6660b2e84708a8fb534f63c194f6f2b964e3693fcffc9dcaf21532ccfd"",""implementation"":""Sionna_5G_LDPC"",""power_protocol"":""fixed_constellation_average_Es2"",""precision"":""float32"",""rate_matching"":""Sionna RV0; filler removal, first2Z and tail puncturing; supported n only"",""scrambling"":""public_PCG64_SHA256_protocol_session_frame_group_counter_after_rate_matching_v1"",""torch"":""2.11.0+cu128"",""version"":""2.2.0""},""interleaver_sha256"":""c31bfc7ec8f1880f178f968d70c3a79d3cba214e6992a64a75b319453fc8e705"",""k"":1108,""k_filler"":12,""k_ldpc"":1120,""layout_id"":""b9dfc5edc7ae46692a5c374d8bf4f75898fe04748eb0288f8177166cc4e709eb"",""modulation_padding_bits"":0,""mother_bits"":5824,""n"":2740,""n_cb"":5600,""n_cb_comp"":5588,""power_protocol"":""fixed_constellation_average_Es2"",""puncturing_bits"":3072,""puncturing_first_2Z"":224,""puncturing_remaining"":2848,""repetition_bits"":0,""scrambling"":""public_PCG64_SHA256_protocol_session_frame_group_counter_after_rate_matching_v1"",""shortening_bits"":12,""z"":112}",[2048]
16QAM,3/4,16QAM:r3/4,f022d8a7c347b2bc9aa1a47b650816dfa6557056e09c527fe2430b3fb4e8512b,660,16,0,676,704,28,2176,948,237,0,0.7130801687763713,0.6962025316455697,"{""actual_effective_rate"":0.7130801687763713,""bg"":""bg1"",""bit_mapping"":""component_Gray_00_-3_01_-1_10_3_11_1_over_sqrt5;QPSK_0_plus1_1_minus1"",""code_blocks"":1,""decoder_config"":{""cn_schedule"":""flooding"",""cn_update"":""boxplus-phi"",""early_stop"":false,""hard_out"":true,""harq_mode"":false,""llr_max"":20.0,""num_iter"":20,""precision"":""single"",""prune_pcm"":true,""return_infobits"":true,""vn_update"":""sum""},""implementation"":{""bit_mapping"":""component_Gray_00_-3_01_-1_10_3_11_1_over_sqrt5;QPSK_0_plus1_1_minus1"",""cuda"":""12.8"",""decoder"":{""cn_schedule"":""flooding"",""cn_update"":""boxplus-phi"",""early_stop"":false,""hard_out"":true,""harq_mode"":false,""llr_max"":20.0,""num_iter"":20,""precision"":""single"",""prune_pcm"":true,""return_infobits"":true,""vn_update"":""sum""},""decoder_source_sha256"":""44d84b92b749e2970f94d92cd348a11648e2286b4d851faa0af8b21d08f0da23"",""encoder_source_sha256"":""34d8db6660b2e84708a8fb534f63c194f6f2b964e3693fcffc9dcaf21532ccfd"",""implementation"":""Sionna_5G_LDPC"",""power_protocol"":""fixed_constellation_average_Es2"",""precision"":""float32"",""rate_matching"":""Sionna RV0; filler removal, first2Z and tail puncturing; supported n only"",""scrambling"":""public_PCG64_SHA256_protocol_session_frame_group_counter_after_rate_matching_v1"",""torch"":""2.11.0+cu128"",""version"":""2.2.0""},""interleaver_sha256"":""779b925b9fd852ab5026662543fcc2c970dd80c5332224f925a3fedfe2cce238"",""k"":676,""k_filler"":28,""k_ldpc"":704,""layout_id"":""ff5bffdf9dbfa83e553109f81246177e0f1a9f492aef1648661c03538e8247cf"",""modulation_padding_bits"":0,""mother_bits"":2176,""n"":948,""n_cb"":2112,""n_cb_comp"":2084,""power_protocol"":""fixed_constellation_average_Es2"",""puncturing_bits"":1200,""puncturing_first_2Z"":64,""puncturing_remaining"":1136,""repetition_bits"":0,""scrambling"":""public_PCG64_SHA256_protocol_session_frame_group_counter_after_rate_matching_v1"",""shortening_bits"":28,""z"":32}",[2048]
16QAM,3/4,16QAM:r3/4,f03fd6673febe757cac705845cfc1a870cb221caa78d89bb97c0e02834b9b98d,360,16,0,376,480,104,2496,892,223,0,0.42152466367713004,0.40358744394618834,"{""actual_effective_rate"":0.42152466367713004,""bg"":""bg2"",""bit_mapping"":""component_Gray_00_-3_01_-1_10_3_11_1_over_sqrt5;QPSK_0_plus1_1_minus1"",""code_blocks"":1,""decoder_config"":{""cn_schedule"":""flooding"",""cn_update"":""boxplus-phi"",""early_stop"":false,""hard_out"":true,""harq_mode"":false,""llr_max"":20.0,""num_iter"":20,""precision"":""single"",""prune_pcm"":true,""return_infobits"":true,""vn_update"":""sum""},""implementation"":{""bit_mapping"":""component_Gray_00_-3_01_-1_10_3_11_1_over_sqrt5;QPSK_0_plus1_1_minus1"",""cuda"":""12.8"",""decoder"":{""cn_schedule"":""flooding"",""cn_update"":""boxplus-phi"",""early_stop"":false,""hard_out"":true,""harq_mode"":false,""llr_max"":20.0,""num_iter"":20,""precision"":""single"",""prune_pcm"":true,""return_infobits"":true,""vn_update"":""sum""},""decoder_source_sha256"":""44d84b92b749e2970f94d92cd348a11648e2286b4d851faa0af8b21d08f0da23"",""encoder_source_sha256"":""34d8db6660b2e84708a8fb534f63c194f6f2b964e3693fcffc9dcaf21532ccfd"",""implementation"":""Sionna_5G_LDPC"",""power_protocol"":""fixed_constellation_average_Es2"",""precision"":""float32"",""rate_matching"":""Sionna RV0; filler removal, first2Z and tail puncturing; supported n only"",""scrambling"":""public_PCG64_SHA256_protocol_session_frame_group_counter_after_rate_matching_v1"",""torch"":""2.11.0+cu128"",""version"":""2.2.0""},""interleaver_sha256"":""2520413d7238f94aa5c63ab05fb67714463aa99c9ef1adc961aaa5c883036ce4"",""k"":376,""k_filler"":104,""k_ldpc"":480,""layout_id"":""5d833bf8bd89e8e57a7acf777cf07685e3582bd472ef65351b36bbbb5f9e1b34"",""modulation_padding_bits"":0,""mother_bits"":2496,""n"":892,""n_cb"":2400,""n_cb_comp"":2296,""power_protocol"":""fixed_constellation_average_Es2"",""puncturing_bits"":1500,""puncturing_first_2Z"":96,""puncturing_remaining"":1404,""repetition_bits"":0,""scrambling"":""public_PCG64_SHA256_protocol_session_frame_group_counter_after_rate_matching_v1"",""shortening_bits"":104,""z"":48}",[2048]
QPSK,1/3,QPSK:r1/3,f0598a7ee49620c82b1c3437fbee9cd89acf1e176f99a378bf95717417c6f181,360,16,0,376,480,104,2496,1230,615,0,0.3056910569105691,0.2926829268292683,"{""actual_effective_rate"":0.3056910569105691,""bg"":""bg2"",""bit_mapping"":""component_Gray_00_-3_01_-1_10_3_11_1_over_sqrt5;QPSK_0_plus1_1_minus1"",""code_blocks"":1,""decoder_config"":{""cn_schedule"":""flooding"",""cn_update"":""boxplus-phi"",""early_stop"":false,""hard_out"":true,""harq_mode"":false,""llr_max"":20.0,""num_iter"":20,""precision"":""single"",""prune_pcm"":true,""return_infobits"":true,""vn_update"":""sum""},""implementation"":{""bit_mapping"":""component_Gray_00_-3_01_-1_10_3_11_1_over_sqrt5;QPSK_0_plus1_1_minus1"",""cuda"":""12.8"",""decoder"":{""cn_schedule"":""flooding"",""cn_update"":""boxplus-phi"",""early_stop"":false,""hard_out"":true,""harq_mode"":false,""llr_max"":20.0,""num_iter"":20,""precision"":""single"",""prune_pcm"":true,""return_infobits"":true,""vn_update"":""sum""},""decoder_source_sha256"":""44d84b92b749e2970f94d92cd348a11648e2286b4d851faa0af8b21d08f0da23"",""encoder_source_sha256"":""34d8db6660b2e84708a8fb534f63c194f6f2b964e3693fcffc9dcaf21532ccfd"",""implementation"":""Sionna_5G_LDPC"",""power_protocol"":""fixed_constellation_average_Es2"",""precision"":""float32"",""rate_matching"":""Sionna RV0; filler removal, first2Z and tail puncturing; supported n only"",""scrambling"":""public_PCG64_SHA256_protocol_session_frame_group_counter_after_rate_matching_v1"",""torch"":""2.11.0+cu128"",""version"":""2.2.0""},""interleaver_sha256"":""0a95fa7835091f3c9a72cca9967594ad374515b70bcbdf5eb3df310add0540f6"",""k"":376,""k_filler"":104,""k_ldpc"":480,""layout_id"":""4e7f785fbdc3562120a0e58390506475ee58f30db5577f3771b5bf4a249e1b02"",""modulation_padding_bits"":0,""mother_bits"":2496,""n"":1230,""n_cb"":2400,""n_cb_comp"":2296,""power_protocol"":""fixed_constellation_average_Es2"",""puncturing_bits"":1162,""puncturing_first_2Z"":96,""puncturing_remaining"":1066,""repetition_bits"":0,""scrambling"":""public_PCG64_SHA256_protocol_session_frame_group_counter_after_rate_matching_v1"",""shortening_bits"":104,""z"":48}","[1024,2048]"
16QAM,3/4,16QAM:r3/4,f05df0ba42eaf7637a620f12e158dc9ce1862687ab27ada3a5e0ae2e5107d1e5,360,16,0,376,396,20,1224,504,126,0,0.746031746031746,0.7142857142857143,"{""actual_effective_rate"":0.746031746031746,""bg"":""bg1"",""bit_mapping"":""component_Gray_00_-3_01_-1_10_3_11_1_over_sqrt5;QPSK_0_plus1_1_minus1"",""code_blocks"":1,""decoder_config"":{""cn_schedule"":""flooding"",""cn_update"":""boxplus-phi"",""early_stop"":false,""hard_out"":true,""harq_mode"":false,""llr_max"":20.0,""num_iter"":20,""precision"":""single"",""prune_pcm"":true,""return_infobits"":true,""vn_update"":""sum""},""implementation"":{""bit_mapping"":""component_Gray_00_-3_01_-1_10_3_11_1_over_sqrt5;QPSK_0_plus1_1_minus1"",""cuda"":""12.8"",""decoder"":{""cn_schedule"":""flooding"",""cn_update"":""boxplus-phi"",""early_stop"":false,""hard_out"":true,""harq_mode"":false,""llr_max"":20.0,""num_iter"":20,""precision"":""single"",""prune_pcm"":true,""return_infobits"":true,""vn_update"":""sum""},""decoder_source_sha256"":""44d84b92b749e2970f94d92cd348a11648e2286b4d851faa0af8b21d08f0da23"",""encoder_source_sha256"":""34d8db6660b2e84708a8fb534f63c194f6f2b964e3693fcffc9dcaf21532ccfd"",""implementation"":""Sionna_5G_LDPC"",""power_protocol"":""fixed_constellation_average_Es2"",""precision"":""float32"",""rate_matching"":""Sionna RV0; filler removal, first2Z and tail puncturing; supported n only"",""scrambling"":""public_PCG64_SHA256_protocol_session_frame_group_counter_after_rate_matching_v1"",""torch"":""2.11.0+cu128"",""version"":""2.2.0""},""interleaver_sha256"":""f0bf5c02fae082fdc6cfef61735d50eef9806d9a05ba4e12d4536bf478bd015a"",""k"":376,""k_filler"":20,""k_ldpc"":396,""layout_id"":""818c430694359fcba615decc6a4bcf3776c5b3d029d6891655685006f3468ca3"",""modulation_padding_bits"":0,""mother_bits"":1224,""n"":504,""n_cb"":1188,""n_cb_comp"":1168,""power_protocol"":""fixed_constellation_average_Es2"",""puncturing_bits"":700,""puncturing_first_2Z"":36,""puncturing_remaining"":664,""repetition_bits"":0,""scrambling"":""public_PCG64_SHA256_protocol_session_frame_group_counter_after_rate_matching_v1"",""shortening_bits"":20,""z"":18}","[1024,2048]"
16QAM,5/6,16QAM:r5/6,f0669cdb3ffb62285ea301fdfb15a0b4ed13ca43110c81d35b0db7042762f216,1092,16,0,1108,1144,36,3536,1456,364,0,0.760989010989011,0.75,"{""actual_effective_rate"":0.760989010989011,""bg"":""bg1"",""bit_mapping"":""component_Gray_00_-3_01_-1_10_3_11_1_over_sqrt5;QPSK_0_plus1_1_minus1"",""code_blocks"":1,""decoder_config"":{""cn_schedule"":""flooding"",""cn_update"":""boxplus-phi"",""early_stop"":false,""hard_out"":true,""harq_mode"":false,""llr_max"":20.0,""num_iter"":20,""precision"":""single"",""prune_pcm"":true,""return_infobits"":true,""vn_update"":""sum""},""implementation"":{""bit_mapping"":""component_Gray_00_-3_01_-1_10_3_11_1_over_sqrt5;QPSK_0_plus1_1_minus1"",""cuda"":""12.8"",""decoder"":{""cn_schedule"":""flooding"",""cn_update"":""boxplus-phi"",""early_stop"":false,""hard_out"":true,""harq_mode"":false,""llr_max"":20.0,""num_iter"":20,""precision"":""single"",""prune_pcm"":true,""return_infobits"":true,""vn_update"":""sum""},""decoder_source_sha256"":""44d84b92b749e2970f94d92cd348a11648e2286b4d851faa0af8b21d08f0da23"",""encoder_source_sha256"":""34d8db6660b2e84708a8fb534f63c194f6f2b964e3693fcffc9dcaf21532ccfd"",""implementation"":""Sionna_5G_LDPC"",""power_protocol"":""fixed_constellation_average_Es2"",""precision"":""float32"",""rate_matching"":""Sionna RV0; filler removal, first2Z and tail puncturing; supported n only"",""scrambling"":""public_PCG64_SHA256_protocol_session_frame_group_counter_after_rate_matching_v1"",""torch"":""2.11.0+cu128"",""version"":""2.2.0""},""interleaver_sha256"":""a84572471ad87dc28bc6bda241ae2e3a94965a743f81665c0d7949202157a780"",""k"":1108,""k_filler"":36,""k_ldpc"":1144,""layout_id"":""a9770068fa55cee30298d00ae783ca4c60728ce611b17ac8a676d3ea440a5a23"",""modulation_padding_bits"":0,""mother_bits"":3536,""n"":1456,""n_cb"":3432,""n_cb_comp"":3396,""power_protocol"":""fixed_constellation_average_Es2"",""puncturing_bits"":2044,""puncturing_first_2Z"":104,""puncturing_remaining"":1940,""repetition_bits"":0,""scrambling"":""public_PCG64_SHA256_protocol_session_frame_group_counter_after_rate_matching_v1"",""shortening_bits"":36,""z"":52}",[1024]
QPSK,1/2,QPSK:r1/2,f07cb72b4ff264ecb8fc9079bb404eff0333d488ef9bb05fd5136e8789db94b4,660,16,0,676,720,44,3744,1716,858,0,0.3939393939393939,0.38461538461538464,"{""actual_effective_rate"":0.3939393939393939,""bg"":""bg2"",""bit_mapping"":""component_Gray_00_-3_01_-1_10_3_11_1_over_sqrt5;QPSK_0_plus1_1_minus1"",""code_blocks"":1,""decoder_config"":{""cn_schedule"":""flooding"",""cn_update"":""boxplus-phi"",""early_stop"":false,""hard_out"":true,""harq_mode"":false,""llr_max"":20.0,""num_iter"":20,""precision"":""single"",""prune_pcm"":true,""return_infobits"":true,""vn_update"":""sum""},""implementation"":{""bit_mapping"":""component_Gray_00_-3_01_-1_10_3_11_1_over_sqrt5;QPSK_0_plus1_1_minus1"",""cuda"":""12.8"",""decoder"":{""cn_schedule"":""flooding"",""cn_update"":""boxplus-phi"",""early_stop"":false,""hard_out"":true,""harq_mode"":false,""llr_max"":20.0,""num_iter"":20,""precision"":""single"",""prune_pcm"":true,""return_infobits"":true,""vn_update"":""sum""},""decoder_source_sha256"":""44d84b92b749e2970f94d92cd348a11648e2286b4d851faa0af8b21d08f0da23"",""encoder_source_sha256"":""34d8db6660b2e84708a8fb534f63c194f6f2b964e3693fcffc9dcaf21532ccfd"",""implementation"":""Sionna_5G_LDPC"",""power_protocol"":""fixed_constellation_average_Es2"",""precision"":""float32"",""rate_matching"":""Sionna RV0; filler removal, first2Z and tail puncturing; supported n only"",""scrambling"":""public_PCG64_SHA256_protocol_session_frame_group_counter_after_rate_matching_v1"",""torch"":""2.11.0+cu128"",""version"":""2.2.0""},""interleaver_sha256"":""b93fa276891a8f71a236e6f2475d79dacf4a6d405d448b34efa5b1ea5d6d8e55"",""k"":676,""k_filler"":44,""k_ldpc"":720,""layout_id"":""893412aaeb443b80c3b5b5cad03876de6cc33ebbb8f133e0b24dbd4e4d1e419b"",""modulation_padding_bits"":0,""mother_bits"":3744,""n"":1716,""n_cb"":3600,""n_cb_comp"":3556,""power_protocol"":""fixed_constellation_average_Es2"",""puncturing_bits"":1984,""puncturing_first_2Z"":144,""puncturing_remaining"":1840,""repetition_bits"":0,""scrambling"":""public_PCG64_SHA256_protocol_session_frame_group_counter_after_rate_matching_v1"",""shortening_bits"":44,""z"":72}",[1024]
16QAM,5/6,16QAM:r5/6,f084f1c175826ba6327732e851251d25780258b9f62f3d312bc027ea821d5d7c,4764,16,0,4780,4928,148,15232,6292,1573,0,0.7596948506039415,0.7571519389701208,"{""actual_effective_rate"":0.7596948506039415,""bg"":""bg1"",""bit_mapping"":""component_Gray_00_-3_01_-1_10_3_11_1_over_sqrt5;QPSK_0_plus1_1_minus1"",""code_blocks"":1,""decoder_config"":{""cn_schedule"":""flooding"",""cn_update"":""boxplus-phi"",""early_stop"":false,""hard_out"":true,""harq_mode"":false,""llr_max"":20.0,""num_iter"":20,""precision"":""single"",""prune_pcm"":true,""return_infobits"":true,""vn_update"":""sum""},""implementation"":{""bit_mapping"":""component_Gray_00_-3_01_-1_10_3_11_1_over_sqrt5;QPSK_0_plus1_1_minus1"",""cuda"":""12.8"",""decoder"":{""cn_schedule"":""flooding"",""cn_update"":""boxplus-phi"",""early_stop"":false,""hard_out"":true,""harq_mode"":false,""llr_max"":20.0,""num_iter"":20,""precision"":""single"",""prune_pcm"":true,""return_infobits"":true,""vn_update"":""sum""},""decoder_source_sha256"":""44d84b92b749e2970f94d92cd348a11648e2286b4d851faa0af8b21d08f0da23"",""encoder_source_sha256"":""34d8db6660b2e84708a8fb534f63c194f6f2b964e3693fcffc9dcaf21532ccfd"",""implementation"":""Sionna_5G_LDPC"",""power_protocol"":""fixed_constellation_average_Es2"",""precision"":""float32"",""rate_matching"":""Sionna RV0; filler removal, first2Z and tail puncturing; supported n only"",""scrambling"":""public_PCG64_SHA256_protocol_session_frame_group_counter_after_rate_matching_v1"",""torch"":""2.11.0+cu128"",""version"":""2.2.0""},""interleaver_sha256"":""efef3405c9601b4ac392b02a1861478fa16e8c97fc12dd6ceac5211506962f30"",""k"":4780,""k_filler"":148,""k_ldpc"":4928,""layout_id"":""088e1ab0a45093c68668346f74ca5dd694b83fc8d17420fd4019f42d14abf83d"",""modulation_padding_bits"":0,""mother_bits"":15232,""n"":6292,""n_cb"":14784,""n_cb_comp"":14636,""power_protocol"":""fixed_constellation_average_Es2"",""puncturing_bits"":8792,""puncturing_first_2Z"":448,""puncturing_remaining"":8344,""repetition_bits"":0,""scrambling"":""public_PCG64_SHA256_protocol_session_frame_group_counter_after_rate_matching_v1"",""shortening_bits"":148,""z"":224}",[2048]
16QAM,5/6,16QAM:r5/6,f08870702ed8a135f6faf009b668483fa2eba16f17f04cbf60cd9c8b11b2c00f,2700,16,0,2716,2880,164,14976,6052,1513,0,0.4487772637144746,0.4461335095836087,"{""actual_effective_rate"":0.4487772637144746,""bg"":""bg2"",""bit_mapping"":""component_Gray_00_-3_01_-1_10_3_11_1_over_sqrt5;QPSK_0_plus1_1_minus1"",""code_blocks"":1,""decoder_config"":{""cn_schedule"":""flooding"",""cn_update"":""boxplus-phi"",""early_stop"":false,""hard_out"":true,""harq_mode"":false,""llr_max"":20.0,""num_iter"":20,""precision"":""single"",""prune_pcm"":true,""return_infobits"":true,""vn_update"":""sum""},""implementation"":{""bit_mapping"":""component_Gray_00_-3_01_-1_10_3_11_1_over_sqrt5;QPSK_0_plus1_1_minus1"",""cuda"":""12.8"",""decoder"":{""cn_schedule"":""flooding"",""cn_update"":""boxplus-phi"",""early_stop"":false,""hard_out"":true,""harq_mode"":false,""llr_max"":20.0,""num_iter"":20,""precision"":""single"",""prune_pcm"":true,""return_infobits"":true,""vn_update"":""sum""},""decoder_source_sha256"":""44d84b92b749e2970f94d92cd348a11648e2286b4d851faa0af8b21d08f0da23"",""encoder_source_sha256"":""34d8db6660b2e84708a8fb534f63c194f6f2b964e3693fcffc9dcaf21532ccfd"",""implementation"":""Sionna_5G_LDPC"",""power_protocol"":""fixed_constellation_average_Es2"",""precision"":""float32"",""rate_matching"":""Sionna RV0; filler removal, first2Z and tail puncturing; supported n only"",""scrambling"":""public_PCG64_SHA256_protocol_session_frame_group_counter_after_rate_matching_v1"",""torch"":""2.11.0+cu128"",""version"":""2.2.0""},""interleaver_sha256"":""532dd1929a8d6861ec1f29f026fe82296aed251b91608b444ce7fdaf83522e26"",""k"":2716,""k_filler"":164,""k_ldpc"":2880,""layout_id"":""b5d7f7119bbf903ba3f4fd633ae93b5d42bc0f7affff6bb65606264ae0856716"",""modulation_padding_bits"":0,""mother_bits"":14976,""n"":6052,""n_cb"":14400,""n_cb_comp"":14236,""power_protocol"":""fixed_constellation_average_Es2"",""puncturing_bits"":8760,""puncturing_first_2Z"":576,""puncturing_remaining"":8184,""repetition_bits"":0,""scrambling"":""public_PCG64_SHA256_protocol_session_frame_group_counter_after_rate_matching_v1"",""shortening_bits"":164,""z"":288}",[2048]
16QAM,5/6,16QAM:r5/6,f08be2b0b02acfad693b49c12d26ce3e4dd3a2e96443ad10c0939bc01254c2b8,1008,16,0,1024,1040,16,5408,3212,803,0,0.31880448318804483,0.3138231631382316,"{""actual_effective_rate"":0.31880448318804483,""bg"":""bg2"",""bit_mapping"":""component_Gray_00_-3_01_-1_10_3_11_1_over_sqrt5;QPSK_0_plus1_1_minus1"",""code_blocks"":1,""decoder_config"":{""cn_schedule"":""flooding"",""cn_update"":""boxplus-phi"",""early_stop"":false,""hard_out"":true,""harq_mode"":false,""llr_max"":20.0,""num_iter"":20,""precision"":""single"",""prune_pcm"":true,""return_infobits"":true,""vn_update"":""sum""},""implementation"":{""bit_mapping"":""component_Gray_00_-3_01_-1_10_3_11_1_over_sqrt5;QPSK_0_plus1_1_minus1"",""cuda"":""12.8"",""decoder"":{""cn_schedule"":""flooding"",""cn_update"":""boxplus-phi"",""early_stop"":false,""hard_out"":true,""harq_mode"":false,""llr_max"":20.0,""num_iter"":20,""precision"":""single"",""prune_pcm"":true,""return_infobits"":true,""vn_update"":""sum""},""decoder_source_sha256"":""44d84b92b749e2970f94d92cd348a11648e2286b4d851faa0af8b21d08f0da23"",""encoder_source_sha256"":""34d8db6660b2e84708a8fb534f63c194f6f2b964e3693fcffc9dcaf21532ccfd"",""implementation"":""Sionna_5G_LDPC"",""power_protocol"":""fixed_constellation_average_Es2"",""precision"":""float32"",""rate_matching"":""Sionna RV0; filler removal, first2Z and tail puncturing; supported n only"",""scrambling"":""public_PCG64_SHA256_protocol_session_frame_group_counter_after_rate_matching_v1"",""torch"":""2.11.0+cu128"",""version"":""2.2.0""},""interleaver_sha256"":""05790510a163c2cbe22048eb4fbc34df842412b493b510e06c78ac2146c04d2b"",""k"":1024,""k_filler"":16,""k_ldpc"":1040,""layout_id"":""53b409949a2a8fb720322a3d255b446d7967f7c12a45514132c44e5b7acfcc90"",""modulation_padding_bits"":0,""mother_bits"":5408,""n"":3212,""n_cb"":5200,""n_cb_comp"":5184,""power_protocol"":""fixed_constellation_average_Es2"",""puncturing_bits"":2180,""puncturing_first_2Z"":208,""puncturing_remaining"":1972,""repetition_bits"":0,""scrambling"":""public_PCG64_SHA256_protocol_session_frame_group_counter_after_rate_matching_v1"",""shortening_bits"":16,""z"":104}",[2048]
16QAM,5/6,16QAM:r5/6,f0d5275409c17ffedb4c2804d4770702e520d37166db4978fa4a0ab7cd1cfad1,1800,16,0,1816,1936,120,5984,2520,630,0,0.7206349206349206,0.7142857142857143,"{""actual_effective_rate"":0.7206349206349206,""bg"":""bg1"",""bit_mapping"":""component_Gray_00_-3_01_-1_10_3_11_1_over_sqrt5;QPSK_0_plus1_1_minus1"",""code_blocks"":1,""decoder_config"":{""cn_schedule"":""flooding"",""cn_update"":""boxplus-phi"",""early_stop"":false,""hard_out"":true,""harq_mode"":false,""llr_max"":20.0,""num_iter"":20,""precision"":""single"",""prune_pcm"":true,""return_infobits"":true,""vn_update"":""sum""},""implementation"":{""bit_mapping"":""component_Gray_00_-3_01_-1_10_3_11_1_over_sqrt5;QPSK_0_plus1_1_minus1"",""cuda"":""12.8"",""decoder"":{""cn_schedule"":""flooding"",""cn_update"":""boxplus-phi"",""early_stop"":false,""hard_out"":true,""harq_mode"":false,""llr_max"":20.0,""num_iter"":20,""precision"":""single"",""prune_pcm"":true,""return_infobits"":true,""vn_update"":""sum""},""decoder_source_sha256"":""44d84b92b749e2970f94d92cd348a11648e2286b4d851faa0af8b21d08f0da23"",""encoder_source_sha256"":""34d8db6660b2e84708a8fb534f63c194f6f2b964e3693fcffc9dcaf21532ccfd"",""implementation"":""Sionna_5G_LDPC"",""power_protocol"":""fixed_constellation_average_Es2"",""precision"":""float32"",""rate_matching"":""Sionna RV0; filler removal, first2Z and tail puncturing; supported n only"",""scrambling"":""public_PCG64_SHA256_protocol_session_frame_group_counter_after_rate_matching_v1"",""torch"":""2.11.0+cu128"",""version"":""2.2.0""},""interleaver_sha256"":""1dbd45e65a7cb732eac4458bca54e4546ffe0548d346c422505686f0f56dd05b"",""k"":1816,""k_filler"":120,""k_ldpc"":1936,""layout_id"":""750b6266ce5d7263037d153bb8874733525898bc4762a8212f4382c19f9644b4"",""modulation_padding_bits"":0,""mother_bits"":5984,""n"":2520,""n_cb"":5808,""n_cb_comp"":5688,""power_protocol"":""fixed_constellation_average_Es2"",""puncturing_bits"":3344,""puncturing_first_2Z"":176,""puncturing_remaining"":3168,""repetition_bits"":0,""scrambling"":""public_PCG64_SHA256_protocol_session_frame_group_counter_after_rate_matching_v1"",""shortening_bits"":120,""z"":88}",[1024]
16QAM,3/4,16QAM:r3/4,f0d5ba47d8046e56404c4c02afd9b582fbc34acfe4850d0d5395458b8f31d062,1860,16,0,1876,1920,44,9984,3324,831,0,0.5643802647412756,0.5595667870036101,"{""actual_effective_rate"":0.5643802647412756,""bg"":""bg2"",""bit_mapping"":""component_Gray_00_-3_01_-1_10_3_11_1_over_sqrt5;QPSK_0_plus1_1_minus1"",""code_blocks"":1,""decoder_config"":{""cn_schedule"":""flooding"",""cn_update"":""boxplus-phi"",""early_stop"":false,""hard_out"":true,""harq_mode"":false,""llr_max"":20.0,""num_iter"":20,""precision"":""single"",""prune_pcm"":true,""return_infobits"":true,""vn_update"":""sum""},""implementation"":{""bit_mapping"":""component_Gray_00_-3_01_-1_10_3_11_1_over_sqrt5;QPSK_0_plus1_1_minus1"",""cuda"":""12.8"",""decoder"":{""cn_schedule"":""flooding"",""cn_update"":""boxplus-phi"",""early_stop"":false,""hard_out"":true,""harq_mode"":false,""llr_max"":20.0,""num_iter"":20,""precision"":""single"",""prune_pcm"":true,""return_infobits"":true,""vn_update"":""sum""},""decoder_source_sha256"":""44d84b92b749e2970f94d92cd348a11648e2286b4d851faa0af8b21d08f0da23"",""encoder_source_sha256"":""34d8db6660b2e84708a8fb534f63c194f6f2b964e3693fcffc9dcaf21532ccfd"",""implementation"":""Sionna_5G_LDPC"",""power_protocol"":""fixed_constellation_average_Es2"",""precision"":""float32"",""rate_matching"":""Sionna RV0; filler removal, first2Z and tail puncturing; supported n only"",""scrambling"":""public_PCG64_SHA256_protocol_session_frame_group_counter_after_rate_matching_v1"",""torch"":""2.11.0+cu128"",""version"":""2.2.0""},""interleaver_sha256"":""1807a3bd86c25e78f9582ee82d85641da66e1b9ddfc1d434b8c738540736cd7f"",""k"":1876,""k_filler"":44,""k_ldpc"":1920,""layout_id"":""5e5c3acd5fc952492806115cdddcfd4b290786c8fcbe2b4420dc5f80689b8779"",""modulation_padding_bits"":0,""mother_bits"":9984,""n"":3324,""n_cb"":9600,""n_cb_comp"":9556,""power_protocol"":""fixed_constellation_average_Es2"",""puncturing_bits"":6616,""puncturing_first_2Z"":384,""puncturing_remaining"":6232,""repetition_bits"":0,""scrambling"":""public_PCG64_SHA256_protocol_session_frame_group_counter_after_rate_matching_v1"",""shortening_bits"":44,""z"":192}","[1024,2048]"
16QAM,1/2,16QAM:r1/2,f0d9d84276e8b9dbf9bd4a7eceace6daf9bf8cbfab7e47bde0efdeb11c594fbd,1608,16,0,1624,1760,136,9152,3248,812,0,0.5,0.49507389162561577,"{""actual_effective_rate"":0.5,""bg"":""bg2"",""bit_mapping"":""component_Gray_00_-3_01_-1_10_3_11_1_over_sqrt5;QPSK_0_plus1_1_minus1"",""code_blocks"":1,""decoder_config"":{""cn_schedule"":""flooding"",""cn_update"":""boxplus-phi"",""early_stop"":false,""hard_out"":true,""harq_mode"":false,""llr_max"":20.0,""num_iter"":20,""precision"":""single"",""prune_pcm"":true,""return_infobits"":true,""vn_update"":""sum""},""implementation"":{""bit_mapping"":""component_Gray_00_-3_01_-1_10_3_11_1_over_sqrt5;QPSK_0_plus1_1_minus1"",""cuda"":""12.8"",""decoder"":{""cn_schedule"":""flooding"",""cn_update"":""boxplus-phi"",""early_stop"":false,""hard_out"":true,""harq_mode"":false,""llr_max"":20.0,""num_iter"":20,""precision"":""single"",""prune_pcm"":true,""return_infobits"":true,""vn_update"":""sum""},""decoder_source_sha256"":""44d84b92b749e2970f94d92cd348a11648e2286b4d851faa0af8b21d08f0da23"",""encoder_source_sha256"":""34d8db6660b2e84708a8fb534f63c194f6f2b964e3693fcffc9dcaf21532ccfd"",""implementation"":""Sionna_5G_LDPC"",""power_protocol"":""fixed_constellation_average_Es2"",""precision"":""float32"",""rate_matching"":""Sionna RV0; filler removal, first2Z and tail puncturing; supported n only"",""scrambling"":""public_PCG64_SHA256_protocol_session_frame_group_counter_after_rate_matching_v1"",""torch"":""2.11.0+cu128"",""version"":""2.2.0""},""interleaver_sha256"":""58a5952aead7dda796e5f3f5a06ba82d34fb596a65799bcc0b2d0ccdb86b3b4e"",""k"":1624,""k_filler"":136,""k_ldpc"":1760,""layout_id"":""759ee0cefc80e07e179f46a05ef351248a664e4a0b80cb79449df6ac0a33a10a"",""modulation_padding_bits"":0,""mother_bits"":9152,""n"":3248,""n_cb"":8800,""n_cb_comp"":8664,""power_protocol"":""fixed_constellation_average_Es2"",""puncturing_bits"":5768,""puncturing_first_2Z"":352,""puncturing_remaining"":5416,""repetition_bits"":0,""scrambling"":""public_PCG64_SHA256_protocol_session_frame_group_counter_after_rate_matching_v1"",""shortening_bits"":136,""z"":176}",[1024]
QPSK,5/6,QPSK:r5/6,f0e944dc6f36d2700fdde96002255d2004a9b3ac4e190b3265264bd3edace404,2400,16,0,2416,2464,48,7616,3020,1510,0,0.8,0.7947019867549668,"{""actual_effective_rate"":0.8,""bg"":""bg1"",""bit_mapping"":""component_Gray_00_-3_01_-1_10_3_11_1_over_sqrt5;QPSK_0_plus1_1_minus1"",""code_blocks"":1,""decoder_config"":{""cn_schedule"":""flooding"",""cn_update"":""boxplus-phi"",""early_stop"":false,""hard_out"":true,""harq_mode"":false,""llr_max"":20.0,""num_iter"":20,""precision"":""single"",""prune_pcm"":true,""return_infobits"":true,""vn_update"":""sum""},""implementation"":{""bit_mapping"":""component_Gray_00_-3_01_-1_10_3_11_1_over_sqrt5;QPSK_0_plus1_1_minus1"",""cuda"":""12.8"",""decoder"":{""cn_schedule"":""flooding"",""cn_update"":""boxplus-phi"",""early_stop"":false,""hard_out"":true,""harq_mode"":false,""llr_max"":20.0,""num_iter"":20,""precision"":""single"",""prune_pcm"":true,""return_infobits"":true,""vn_update"":""sum""},""decoder_source_sha256"":""44d84b92b749e2970f94d92cd348a11648e2286b4d851faa0af8b21d08f0da23"",""encoder_source_sha256"":""34d8db6660b2e84708a8fb534f63c194f6f2b964e3693fcffc9dcaf21532ccfd"",""implementation"":""Sionna_5G_LDPC"",""power_protocol"":""fixed_constellation_average_Es2"",""precision"":""float32"",""rate_matching"":""Sionna RV0; filler removal, first2Z and tail puncturing; supported n only"",""scrambling"":""public_PCG64_SHA256_protocol_session_frame_group_counter_after_rate_matching_v1"",""torch"":""2.11.0+cu128"",""version"":""2.2.0""},""interleaver_sha256"":""788317190ac36bcb369176591980823caa53b46550e4ef55baa9ba878bc078fc"",""k"":2416,""k_filler"":48,""k_ldpc"":2464,""layout_id"":""6999201689e691c9b059cb7f342a1567ac48465c6865e3abeaf767a4b72b09f5"",""modulation_padding_bits"":0,""mother_bits"":7616,""n"":3020,""n_cb"":7392,""n_cb_comp"":7344,""power_protocol"":""fixed_constellation_average_Es2"",""puncturing_bits"":4548,""puncturing_first_2Z"":224,""puncturing_remaining"":4324,""repetition_bits"":0,""scrambling"":""public_PCG64_SHA256_protocol_session_frame_group_counter_after_rate_matching_v1"",""shortening_bits"":48,""z"":112}",[2048]
16QAM,2/3,16QAM:r2/3,f0ed3ef56ad5229779c0df0054aff4b009a4b0470f79bb250ea6d0f4fc755ad4,1500,16,0,1516,1600,84,8320,6604,1651,0,0.22955784373107208,0.2271350696547547,"{""actual_effective_rate"":0.22955784373107208,""bg"":""bg2"",""bit_mapping"":""component_Gray_00_-3_01_-1_10_3_11_1_over_sqrt5;QPSK_0_plus1_1_minus1"",""code_blocks"":1,""decoder_config"":{""cn_schedule"":""flooding"",""cn_update"":""boxplus-phi"",""early_stop"":false,""hard_out"":true,""harq_mode"":false,""llr_max"":20.0,""num_iter"":20,""precision"":""single"",""prune_pcm"":true,""return_infobits"":true,""vn_update"":""sum""},""implementation"":{""bit_mapping"":""component_Gray_00_-3_01_-1_10_3_11_1_over_sqrt5;QPSK_0_plus1_1_minus1"",""cuda"":""12.8"",""decoder"":{""cn_schedule"":""flooding"",""cn_update"":""boxplus-phi"",""early_stop"":false,""hard_out"":true,""harq_mode"":false,""llr_max"":20.0,""num_iter"":20,""precision"":""single"",""prune_pcm"":true,""return_infobits"":true,""vn_update"":""sum""},""decoder_source_sha256"":""44d84b92b749e2970f94d92cd348a11648e2286b4d851faa0af8b21d08f0da23"",""encoder_source_sha256"":""34d8db6660b2e84708a8fb534f63c194f6f2b964e3693fcffc9dcaf21532ccfd"",""implementation"":""Sionna_5G_LDPC"",""power_protocol"":""fixed_constellation_average_Es2"",""precision"":""float32"",""rate_matching"":""Sionna RV0; filler removal, first2Z and tail puncturing; supported n only"",""scrambling"":""public_PCG64_SHA256_protocol_session_frame_group_counter_after_rate_matching_v1"",""torch"":""2.11.0+cu128"",""version"":""2.2.0""},""interleaver_sha256"":""c80f132750b4145d63678356bae4fff89314e9cdb605b18b093520b9a42401fe"",""k"":1516,""k_filler"":84,""k_ldpc"":1600,""layout_id"":""96bc5df519cb65e3e449c812e7b620db84a055f98522a3742f0bf0193e608a04"",""modulation_padding_bits"":0,""mother_bits"":8320,""n"":6604,""n_cb"":8000,""n_cb_comp"":7916,""power_protocol"":""fixed_constellation_average_Es2"",""puncturing_bits"":1632,""puncturing_first_2Z"":320,""puncturing_remaining"":1312,""repetition_bits"":0,""scrambling"":""public_PCG64_SHA256_protocol_session_frame_group_counter_after_rate_matching_v1"",""shortening_bits"":84,""z"":160}",[2048]
16QAM,2/3,16QAM:r2/3,f0edd9733cff2c4552218e36893bc4a0b663014debf7a5d9206cf8fa35630d9b,1092,16,0,1108,1120,12,5824,3284,821,0,0.3373934226552984,0.3325213154689403,"{""actual_effective_rate"":0.3373934226552984,""bg"":""bg2"",""bit_mapping"":""component_Gray_00_-3_01_-1_10_3_11_1_over_sqrt5;QPSK_0_plus1_1_minus1"",""code_blocks"":1,""decoder_config"":{""cn_schedule"":""flooding"",""cn_update"":""boxplus-phi"",""early_stop"":false,""hard_out"":true,""harq_mode"":false,""llr_max"":20.0,""num_iter"":20,""precision"":""single"",""prune_pcm"":true,""return_infobits"":true,""vn_update"":""sum""},""implementation"":{""bit_mapping"":""component_Gray_00_-3_01_-1_10_3_11_1_over_sqrt5;QPSK_0_plus1_1_minus1"",""cuda"":""12.8"",""decoder"":{""cn_schedule"":""flooding"",""cn_update"":""boxplus-phi"",""early_stop"":false,""hard_out"":true,""harq_mode"":false,""llr_max"":20.0,""num_iter"":20,""precision"":""single"",""prune_pcm"":true,""return_infobits"":true,""vn_update"":""sum""},""decoder_source_sha256"":""44d84b92b749e2970f94d92cd348a11648e2286b4d851faa0af8b21d08f0da23"",""encoder_source_sha256"":""34d8db6660b2e84708a8fb534f63c194f6f2b964e3693fcffc9dcaf21532ccfd"",""implementation"":""Sionna_5G_LDPC"",""power_protocol"":""fixed_constellation_average_Es2"",""precision"":""float32"",""rate_matching"":""Sionna RV0; filler removal, first2Z and tail puncturing; supported n only"",""scrambling"":""public_PCG64_SHA256_protocol_session_frame_group_counter_after_rate_matching_v1"",""torch"":""2.11.0+cu128"",""version"":""2.2.0""},""interleaver_sha256"":""0a9abb3898c5db97cb0d20c07266685dce8651330d2979e50a5810ad2db05c38"",""k"":1108,""k_filler"":12,""k_ldpc"":1120,""layout_id"":""734c22909c467859c878f2838ce835a80e1075d19a374818557b217e15201ae1"",""modulation_padding_bits"":0,""mother_bits"":5824,""n"":3284,""n_cb"":5600,""n_cb_comp"":5588,""power_protocol"":""fixed_constellation_average_Es2"",""puncturing_bits"":2528,""puncturing_first_2Z"":224,""puncturing_remaining"":2304,""repetition_bits"":0,""scrambling"":""public_PCG64_SHA256_protocol_session_frame_group_counter_after_rate_matching_v1"",""shortening_bits"":12,""z"":112}",[2048]
QPSK,5/6,QPSK:r5/6,f0f7f0b164556a22fdb0bc824e718959dd96d1fb3203853bdf609e7532aaa35b,1668,16,0,1684,1760,76,5440,2022,1011,0,0.8328387734915925,0.8249258160237388,"{""actual_effective_rate"":0.8328387734915925,""bg"":""bg1"",""bit_mapping"":""component_Gray_00_-3_01_-1_10_3_11_1_over_sqrt5;QPSK_0_plus1_1_minus1"",""code_blocks"":1,""decoder_config"":{""cn_schedule"":""flooding"",""cn_update"":""boxplus-phi"",""early_stop"":false,""hard_out"":true,""harq_mode"":false,""llr_max"":20.0,""num_iter"":20,""precision"":""single"",""prune_pcm"":true,""return_infobits"":true,""vn_update"":""sum""},""implementation"":{""bit_mapping"":""component_Gray_00_-3_01_-1_10_3_11_1_over_sqrt5;QPSK_0_plus1_1_minus1"",""cuda"":""12.8"",""decoder"":{""cn_schedule"":""flooding"",""cn_update"":""boxplus-phi"",""early_stop"":false,""hard_out"":true,""harq_mode"":false,""llr_max"":20.0,""num_iter"":20,""precision"":""single"",""prune_pcm"":true,""return_infobits"":true,""vn_update"":""sum""},""decoder_source_sha256"":""44d84b92b749e2970f94d92cd348a11648e2286b4d851faa0af8b21d08f0da23"",""encoder_source_sha256"":""34d8db6660b2e84708a8fb534f63c194f6f2b964e3693fcffc9dcaf21532ccfd"",""implementation"":""Sionna_5G_LDPC"",""power_protocol"":""fixed_constellation_average_Es2"",""precision"":""float32"",""rate_matching"":""Sionna RV0; filler removal, first2Z and tail puncturing; supported n only"",""scrambling"":""public_PCG64_SHA256_protocol_session_frame_group_counter_after_rate_matching_v1"",""torch"":""2.11.0+cu128"",""version"":""2.2.0""},""interleaver_sha256"":""966ff3e0b86cf0421d4dbc3ea136c9782aaa0b3420f1ef4ad9cf06dd395ee41a"",""k"":1684,""k_filler"":76,""k_ldpc"":1760,""layout_id"":""e656ca29a09969b93809eb312295f50401335d44563b6cfcbcf711cfcda33a2e"",""modulation_padding_bits"":0,""mother_bits"":5440,""n"":2022,""n_cb"":5280,""n_cb_comp"":5204,""power_protocol"":""fixed_constellation_average_Es2"",""puncturing_bits"":3342,""puncturing_first_2Z"":160,""puncturing_remaining"":3182,""repetition_bits"":0,""scrambling"":""public_PCG64_SHA256_protocol_session_frame_group_counter_after_rate_matching_v1"",""shortening_bits"":76,""z"":80}",[2048]
16QAM,2/3,16QAM:r2/3,f0fced347b238bed5caa5d70b93dc152f19f1255c923e1b75b13189c89e439b7,1800,16,0,1816,1920,104,9984,4332,1083,0,0.41920590951061865,0.4155124653739612,"{""actual_effective_rate"":0.41920590951061865,""bg"":""bg2"",""bit_mapping"":""component_Gray_00_-3_01_-1_10_3_11_1_over_sqrt5;QPSK_0_plus1_1_minus1"",""code_blocks"":1,""decoder_config"":{""cn_schedule"":""flooding"",""cn_update"":""boxplus-phi"",""early_stop"":false,""hard_out"":true,""harq_mode"":false,""llr_max"":20.0,""num_iter"":20,""precision"":""single"",""prune_pcm"":true,""return_infobits"":true,""vn_update"":""sum""},""implementation"":{""bit_mapping"":""component_Gray_00_-3_01_-1_10_3_11_1_over_sqrt5;QPSK_0_plus1_1_minus1"",""cuda"":""12.8"",""decoder"":{""cn_schedule"":""flooding"",""cn_update"":""boxplus-phi"",""early_stop"":false,""hard_out"":true,""harq_mode"":false,""llr_max"":20.0,""num_iter"":20,""precision"":""single"",""prune_pcm"":true,""return_infobits"":true,""vn_update"":""sum""},""decoder_source_sha256"":""44d84b92b749e2970f94d92cd348a11648e2286b4d851faa0af8b21d08f0da23"",""encoder_source_sha256"":""34d8db6660b2e84708a8fb534f63c194f6f2b964e3693fcffc9dcaf21532ccfd"",""implementation"":""Sionna_5G_LDPC"",""power_protocol"":""fixed_constellation_average_Es2"",""precision"":""float32"",""rate_matching"":""Sionna RV0; filler removal, first2Z and tail puncturing; supported n only"",""scrambling"":""public_PCG64_SHA256_protocol_session_frame_group_counter_after_rate_matching_v1"",""torch"":""2.11.0+cu128"",""version"":""2.2.0""},""interleaver_sha256"":""e3aff1841ebf9df13a4c0a4dee0c51167f187d03db566b7cd7c891c1d6ee29b8"",""k"":1816,""k_filler"":104,""k_ldpc"":1920,""layout_id"":""c467c080551656c565116ad7bf473a14080ea144aaeb7ff3afd93f57e5ee2fab"",""modulation_padding_bits"":0,""mother_bits"":9984,""n"":4332,""n_cb"":9600,""n_cb_comp"":9496,""power_protocol"":""fixed_constellation_average_Es2"",""puncturing_bits"":5548,""puncturing_first_2Z"":384,""puncturing_remaining"":5164,""repetition_bits"":0,""scrambling"":""public_PCG64_SHA256_protocol_session_frame_group_counter_after_rate_matching_v1"",""shortening_bits"":104,""z"":192}",[2048]
QPSK,3/4,QPSK:r3/4,f0fd1070f93734aba95c5a3763942e3c34451a652d97643038e3354519075521,924,16,0,940,968,28,2992,1318,659,0,0.7132018209408194,0.701062215477997,"{""actual_effective_rate"":0.7132018209408194,""bg"":""bg1"",""bit_mapping"":""component_Gray_00_-3_01_-1_10_3_11_1_over_sqrt5;QPSK_0_plus1_1_minus1"",""code_blocks"":1,""decoder_config"":{""cn_schedule"":""flooding"",""cn_update"":""boxplus-phi"",""early_stop"":false,""hard_out"":true,""harq_mode"":false,""llr_max"":20.0,""num_iter"":20,""precision"":""single"",""prune_pcm"":true,""return_infobits"":true,""vn_update"":""sum""},""implementation"":{""bit_mapping"":""component_Gray_00_-3_01_-1_10_3_11_1_over_sqrt5;QPSK_0_plus1_1_minus1"",""cuda"":""12.8"",""decoder"":{""cn_schedule"":""flooding"",""cn_update"":""boxplus-phi"",""early_stop"":false,""hard_out"":true,""harq_mode"":false,""llr_max"":20.0,""num_iter"":20,""precision"":""single"",""prune_pcm"":true,""return_infobits"":true,""vn_update"":""sum""},""decoder_source_sha256"":""44d84b92b749e2970f94d92cd348a11648e2286b4d851faa0af8b21d08f0da23"",""encoder_source_sha256"":""34d8db6660b2e84708a8fb534f63c194f6f2b964e3693fcffc9dcaf21532ccfd"",""implementation"":""Sionna_5G_LDPC"",""power_protocol"":""fixed_constellation_average_Es2"",""precision"":""float32"",""rate_matching"":""Sionna RV0; filler removal, first2Z and tail puncturing; supported n only"",""scrambling"":""public_PCG64_SHA256_protocol_session_frame_group_counter_after_rate_matching_v1"",""torch"":""2.11.0+cu128"",""version"":""2.2.0""},""interleaver_sha256"":""2f12a7a82b39fba4a42ddf50c7c7399a4971752289be75a737b456fbb11ecfa6"",""k"":940,""k_filler"":28,""k_ldpc"":968,""layout_id"":""de8dc493cda39898d415f83bac24903e300aa97b9ef00e0d691f9d19f8d8a09c"",""modulation_padding_bits"":0,""mother_bits"":2992,""n"":1318,""n_cb"":2904,""n_cb_comp"":2876,""power_protocol"":""fixed_constellation_average_Es2"",""puncturing_bits"":1646,""puncturing_first_2Z"":88,""puncturing_remaining"":1558,""repetition_bits"":0,""scrambling"":""public_PCG64_SHA256_protocol_session_frame_group_counter_after_rate_matching_v1"",""shortening_bits"":28,""z"":44}",[1024]
16QAM,3/4,16QAM:r3/4,f0fea968f55c9f9130fe984fa018f3f2b9a4c677c6c1cdc02722bac6ac310ac5,852,16,0,868,880,12,2720,1160,290,0,0.7482758620689656,0.7344827586206897,"{""actual_effective_rate"":0.7482758620689656,""bg"":""bg1"",""bit_mapping"":""component_Gray_00_-3_01_-1_10_3_11_1_over_sqrt5;QPSK_0_plus1_1_minus1"",""code_blocks"":1,""decoder_config"":{""cn_schedule"":""flooding"",""cn_update"":""boxplus-phi"",""early_stop"":false,""hard_out"":true,""harq_mode"":false,""llr_max"":20.0,""num_iter"":20,""precision"":""single"",""prune_pcm"":true,""return_infobits"":true,""vn_update"":""sum""},""implementation"":{""bit_mapping"":""component_Gray_00_-3_01_-1_10_3_11_1_over_sqrt5;QPSK_0_plus1_1_minus1"",""cuda"":""12.8"",""decoder"":{""cn_schedule"":""flooding"",""cn_update"":""boxplus-phi"",""early_stop"":false,""hard_out"":true,""harq_mode"":false,""llr_max"":20.0,""num_iter"":20,""precision"":""single"",""prune_pcm"":true,""return_infobits"":true,""vn_update"":""sum""},""decoder_source_sha256"":""44d84b92b749e2970f94d92cd348a11648e2286b4d851faa0af8b21d08f0da23"",""encoder_source_sha256"":""34d8db6660b2e84708a8fb534f63c194f6f2b964e3693fcffc9dcaf21532ccfd"",""implementation"":""Sionna_5G_LDPC"",""power_protocol"":""fixed_constellation_average_Es2"",""precision"":""float32"",""rate_matching"":""Sionna RV0; filler removal, first2Z and tail puncturing; supported n only"",""scrambling"":""public_PCG64_SHA256_protocol_session_frame_group_counter_after_rate_matching_v1"",""torch"":""2.11.0+cu128"",""version"":""2.2.0""},""interleaver_sha256"":""27e865d174fd072020037dd4c446175d9c46773c07b062645985de6fd09e33a8"",""k"":868,""k_filler"":12,""k_ldpc"":880,""layout_id"":""0fa95e038e5eab158dec72f9d1a08314464f091a9c31f329d0a928bdf272b5da"",""modulation_padding_bits"":0,""mother_bits"":2720,""n"":1160,""n_cb"":2640,""n_cb_comp"":2628,""power_protocol"":""fixed_constellation_average_Es2"",""puncturing_bits"":1548,""puncturing_first_2Z"":80,""puncturing_remaining"":1468,""repetition_bits"":0,""scrambling"":""public_PCG64_SHA256_protocol_session_frame_group_counter_after_rate_matching_v1"",""shortening_bits"":12,""z"":40}",[1024]
QPSK,1/2,QPSK:r1/2,f106fa9b36c0fc2a1b87745cf37d083e11ef2bd6eae87b629448e736744fab0c,192,16,0,208,260,52,1352,636,318,0,0.3270440251572327,0.3018867924528302,"{""actual_effective_rate"":0.3270440251572327,""bg"":""bg2"",""bit_mapping"":""component_Gray_00_-3_01_-1_10_3_11_1_over_sqrt5;QPSK_0_plus1_1_minus1"",""code_blocks"":1,""decoder_config"":{""cn_schedule"":""flooding"",""cn_update"":""boxplus-phi"",""early_stop"":false,""hard_out"":true,""harq_mode"":false,""llr_max"":20.0,""num_iter"":20,""precision"":""single"",""prune_pcm"":true,""return_infobits"":true,""vn_update"":""sum""},""implementation"":{""bit_mapping"":""component_Gray_00_-3_01_-1_10_3_11_1_over_sqrt5;QPSK_0_plus1_1_minus1"",""cuda"":""12.8"",""decoder"":{""cn_schedule"":""flooding"",""cn_update"":""boxplus-phi"",""early_stop"":false,""hard_out"":true,""harq_mode"":false,""llr_max"":20.0,""num_iter"":20,""precision"":""single"",""prune_pcm"":true,""return_infobits"":true,""vn_update"":""sum""},""decoder_source_sha256"":""44d84b92b749e2970f94d92cd348a11648e2286b4d851faa0af8b21d08f0da23"",""encoder_source_sha256"":""34d8db6660b2e84708a8fb534f63c194f6f2b964e3693fcffc9dcaf21532ccfd"",""implementation"":""Sionna_5G_LDPC"",""power_protocol"":""fixed_constellation_average_Es2"",""precision"":""float32"",""rate_matching"":""Sionna RV0; filler removal, first2Z and tail puncturing; supported n only"",""scrambling"":""public_PCG64_SHA256_protocol_session_frame_group_counter_after_rate_matching_v1"",""torch"":""2.11.0+cu128"",""version"":""2.2.0""},""interleaver_sha256"":""35a1e2b404a2b58e6d349ad20075bd59e54a6f04a66c0b6f4ac4c364829a0d90"",""k"":208,""k_filler"":52,""k_ldpc"":260,""layout_id"":""1dd5f03d17dbf617c9c7c393a8a622d5cca1e8b39ee986e8e8f378560d35e883"",""modulation_padding_bits"":0,""mother_bits"":1352,""n"":636,""n_cb"":1300,""n_cb_comp"":1248,""power_protocol"":""fixed_constellation_average_Es2"",""puncturing_bits"":664,""puncturing_first_2Z"":52,""puncturing_remaining"":612,""repetition_bits"":0,""scrambling"":""public_PCG64_SHA256_protocol_session_frame_group_counter_after_rate_matching_v1"",""shortening_bits"":52,""z"":26}",[1024]
QPSK,2/3,QPSK:r2/3,f107610e7e26707343150175bd587ab83c5b149bfd1b8bdfe6a8b3351b156247,1200,16,0,1216,1280,64,6656,2648,1324,0,0.459214501510574,0.45317220543806647,"{""actual_effective_rate"":0.459214501510574,""bg"":""bg2"",""bit_mapping"":""component_Gray_00_-3_01_-1_10_3_11_1_over_sqrt5;QPSK_0_plus1_1_minus1"",""code_blocks"":1,""decoder_config"":{""cn_schedule"":""flooding"",""cn_update"":""boxplus-phi"",""early_stop"":false,""hard_out"":true,""harq_mode"":false,""llr_max"":20.0,""num_iter"":20,""precision"":""single"",""prune_pcm"":true,""return_infobits"":true,""vn_update"":""sum""},""implementation"":{""bit_mapping"":""component_Gray_00_-3_01_-1_10_3_11_1_over_sqrt5;QPSK_0_plus1_1_minus1"",""cuda"":""12.8"",""decoder"":{""cn_schedule"":""flooding"",""cn_update"":""boxplus-phi"",""early_stop"":false,""hard_out"":true,""harq_mode"":false,""llr_max"":20.0,""num_iter"":20,""precision"":""single"",""prune_pcm"":true,""return_infobits"":true,""vn_update"":""sum""},""decoder_source_sha256"":""44d84b92b749e2970f94d92cd348a11648e2286b4d851faa0af8b21d08f0da23"",""encoder_source_sha256"":""34d8db6660b2e84708a8fb534f63c194f6f2b964e3693fcffc9dcaf21532ccfd"",""implementation"":""Sionna_5G_LDPC"",""power_protocol"":""fixed_constellation_average_Es2"",""precision"":""float32"",""rate_matching"":""Sionna RV0; filler removal, first2Z and tail puncturing; supported n only"",""scrambling"":""public_PCG64_SHA256_protocol_session_frame_group_counter_after_rate_matching_v1"",""torch"":""2.11.0+cu128"",""version"":""2.2.0""},""interleaver_sha256"":""3f9c1a601bd7029050f8b4637a1b40a5078fd71e08f375bfd106c04f49b7dafe"",""k"":1216,""k_filler"":64,""k_ldpc"":1280,""layout_id"":""455c4816dd288ac2cc20a012cea873e454338548399696bd0450fef027ae5516"",""modulation_padding_bits"":0,""mother_bits"":6656,""n"":2648,""n_cb"":6400,""n_cb_comp"":6336,""power_protocol"":""fixed_constellation_average_Es2"",""puncturing_bits"":3944,""puncturing_first_2Z"":256,""puncturing_remaining"":3688,""repetition_bits"":0,""scrambling"":""public_PCG64_SHA256_protocol_session_frame_group_counter_after_rate_matching_v1"",""shortening_bits"":64,""z"":128}",[2048]
16QAM,5/6,16QAM:r5/6,f10b1244cd598559805547eff6946f8973024956449eb1a45fbbd61a0c992772,360,16,0,376,480,104,2496,744,186,0,0.5053763440860215,0.4838709677419355,"{""actual_effective_rate"":0.5053763440860215,""bg"":""bg2"",""bit_mapping"":""component_Gray_00_-3_01_-1_10_3_11_1_over_sqrt5;QPSK_0_plus1_1_minus1"",""code_blocks"":1,""decoder_config"":{""cn_schedule"":""flooding"",""cn_update"":""boxplus-phi"",""early_stop"":false,""hard_out"":true,""harq_mode"":false,""llr_max"":20.0,""num_iter"":20,""precision"":""single"",""prune_pcm"":true,""return_infobits"":true,""vn_update"":""sum""},""implementation"":{""bit_mapping"":""component_Gray_00_-3_01_-1_10_3_11_1_over_sqrt5;QPSK_0_plus1_1_minus1"",""cuda"":""12.8"",""decoder"":{""cn_schedule"":""flooding"",""cn_update"":""boxplus-phi"",""early_stop"":false,""hard_out"":true,""harq_mode"":false,""llr_max"":20.0,""num_iter"":20,""precision"":""single"",""prune_pcm"":true,""return_infobits"":true,""vn_update"":""sum""},""decoder_source_sha256"":""44d84b92b749e2970f94d92cd348a11648e2286b4d851faa0af8b21d08f0da23"",""encoder_source_sha256"":""34d8db6660b2e84708a8fb534f63c194f6f2b964e3693fcffc9dcaf21532ccfd"",""implementation"":""Sionna_5G_LDPC"",""power_protocol"":""fixed_constellation_average_Es2"",""precision"":""float32"",""rate_matching"":""Sionna RV0; filler removal, first2Z and tail puncturing; supported n only"",""scrambling"":""public_PCG64_SHA256_protocol_session_frame_group_counter_after_rate_matching_v1"",""torch"":""2.11.0+cu128"",""version"":""2.2.0""},""interleaver_sha256"":""09baf9cc8617d3dc6a0fb399904763972ee23de30c2590df94d56b20f2bcf29d"",""k"":376,""k_filler"":104,""k_ldpc"":480,""layout_id"":""7fecd4a1aae5f14e63f80ee7dadbf394342734da73a16911a97d2c7257e6e266"",""modulation_padding_bits"":0,""mother_bits"":2496,""n"":744,""n_cb"":2400,""n_cb_comp"":2296,""power_protocol"":""fixed_constellation_average_Es2"",""puncturing_bits"":1648,""puncturing_first_2Z"":96,""puncturing_remaining"":1552,""repetition_bits"":0,""scrambling"":""public_PCG64_SHA256_protocol_session_frame_group_counter_after_rate_matching_v1"",""shortening_bits"":104,""z"":48}","[1024,2048]"
QPSK,5/6,QPSK:r5/6,f10f3e9d6096f46e97b19cfc21e93ddaf72e071694adf58aa2770f6e264b0811,1092,16,0,1108,1144,36,3536,1592,796,0,0.6959798994974874,0.6859296482412061,"{""actual_effective_rate"":0.6959798994974874,""bg"":""bg1"",""bit_mapping"":""component_Gray_00_-3_01_-1_10_3_11_1_over_sqrt5;QPSK_0_plus1_1_minus1"",""code_blocks"":1,""decoder_config"":{""cn_schedule"":""flooding"",""cn_update"":""boxplus-phi"",""early_stop"":false,""hard_out"":true,""harq_mode"":false,""llr_max"":20.0,""num_iter"":20,""precision"":""single"",""prune_pcm"":true,""return_infobits"":true,""vn_update"":""sum""},""implementation"":{""bit_mapping"":""component_Gray_00_-3_01_-1_10_3_11_1_over_sqrt5;QPSK_0_plus1_1_minus1"",""cuda"":""12.8"",""decoder"":{""cn_schedule"":""flooding"",""cn_update"":""boxplus-phi"",""early_stop"":false,""hard_out"":true,""harq_mode"":false,""llr_max"":20.0,""num_iter"":20,""precision"":""single"",""prune_pcm"":true,""return_infobits"":true,""vn_update"":""sum""},""decoder_source_sha256"":""44d84b92b749e2970f94d92cd348a11648e2286b4d851faa0af8b21d08f0da23"",""encoder_source_sha256"":""34d8db6660b2e84708a8fb534f63c194f6f2b964e3693fcffc9dcaf21532ccfd"",""implementation"":""Sionna_5G_LDPC"",""power_protocol"":""fixed_constellation_average_Es2"",""precision"":""float32"",""rate_matching"":""Sionna RV0; filler removal, first2Z and tail puncturing; supported n only"",""scrambling"":""public_PCG64_SHA256_protocol_session_frame_group_counter_after_rate_matching_v1"",""torch"":""2.11.0+cu128"",""version"":""2.2.0""},""interleaver_sha256"":""b1bd0eaf8077f65ddc34c97e61d66584db5dc148f0e615ca2a63a07681c1cbab"",""k"":1108,""k_filler"":36,""k_ldpc"":1144,""layout_id"":""79aff8d27d910c742b126a5ee72c1bb6ea8fed3df54713e58e4a15208ecae1d9"",""modulation_padding_bits"":0,""mother_bits"":3536,""n"":1592,""n_cb"":3432,""n_cb_comp"":3396,""power_protocol"":""fixed_constellation_average_Es2"",""puncturing_bits"":1908,""puncturing_first_2Z"":104,""puncturing_remaining"":1804,""repetition_bits"":0,""scrambling"":""public_PCG64_SHA256_protocol_session_frame_group_counter_after_rate_matching_v1"",""shortening_bits"":36,""z"":52}",[1024]
16QAM,1/2,16QAM:r1/2,f11cb08b378765efc76cd21be769e18fff4b19c41a733664fa13c66ed783159b,1092,16,0,1108,1120,12,5824,2760,690,0,0.40144927536231884,0.39565217391304347,"{""actual_effective_rate"":0.40144927536231884,""bg"":""bg2"",""bit_mapping"":""component_Gray_00_-3_01_-1_10_3_11_1_over_sqrt5;QPSK_0_plus1_1_minus1"",""code_blocks"":1,""decoder_config"":{""cn_schedule"":""flooding"",""cn_update"":""boxplus-phi"",""early_stop"":false,""hard_out"":true,""harq_mode"":false,""llr_max"":20.0,""num_iter"":20,""precision"":""single"",""prune_pcm"":true,""return_infobits"":true,""vn_update"":""sum""},""implementation"":{""bit_mapping"":""component_Gray_00_-3_01_-1_10_3_11_1_over_sqrt5;QPSK_0_plus1_1_minus1"",""cuda"":""12.8"",""decoder"":{""cn_schedule"":""flooding"",""cn_update"":""boxplus-phi"",""early_stop"":false,""hard_out"":true,""harq_mode"":false,""llr_max"":20.0,""num_iter"":20,""precision"":""single"",""prune_pcm"":true,""return_infobits"":true,""vn_update"":""sum""},""decoder_source_sha256"":""44d84b92b749e2970f94d92cd348a11648e2286b4d851faa0af8b21d08f0da23"",""encoder_source_sha256"":""34d8db6660b2e84708a8fb534f63c194f6f2b964e3693fcffc9dcaf21532ccfd"",""implementation"":""Sionna_5G_LDPC"",""power_protocol"":""fixed_constellation_average_Es2"",""precision"":""float32"",""rate_matching"":""Sionna RV0; filler removal, first2Z and tail puncturing; supported n only"",""scrambling"":""public_PCG64_SHA256_protocol_session_frame_group_counter_after_rate_matching_v1"",""torch"":""2.11.0+cu128"",""version"":""2.2.0""},""interleaver_sha256"":""418d90346e12b4b3e5c4386f7c6d24a4d8f378f35456887fb2fc01276ac5ca59"",""k"":1108,""k_filler"":12,""k_ldpc"":1120,""layout_id"":""33faa1c75d86990518dd0f0f116e77f8f7cdb575a4ac8602ac6384a9a969eafe"",""modulation_padding_bits"":0,""mother_bits"":5824,""n"":2760,""n_cb"":5600,""n_cb_comp"":5588,""power_protocol"":""fixed_constellation_average_Es2"",""puncturing_bits"":3052,""puncturing_first_2Z"":224,""puncturing_remaining"":2828,""repetition_bits"":0,""scrambling"":""public_PCG64_SHA256_protocol_session_frame_group_counter_after_rate_matching_v1"",""shortening_bits"":12,""z"":112}",[2048]
16QAM,1/3,16QAM:r1/3,f1278cfa46ecb645550cea1e99b383ccf48d126280e2e5fed0adb526ae786534,660,16,0,676,720,44,3744,2268,567,0,0.2980599647266314,0.291005291005291,"{""actual_effective_rate"":0.2980599647266314,""bg"":""bg2"",""bit_mapping"":""component_Gray_00_-3_01_-1_10_3_11_1_over_sqrt5;QPSK_0_plus1_1_minus1"",""code_blocks"":1,""decoder_config"":{""cn_schedule"":""flooding"",""cn_update"":""boxplus-phi"",""early_stop"":false,""hard_out"":true,""harq_mode"":false,""llr_max"":20.0,""num_iter"":20,""precision"":""single"",""prune_pcm"":true,""return_infobits"":true,""vn_update"":""sum""},""implementation"":{""bit_mapping"":""component_Gray_00_-3_01_-1_10_3_11_1_over_sqrt5;QPSK_0_plus1_1_minus1"",""cuda"":""12.8"",""decoder"":{""cn_schedule"":""flooding"",""cn_update"":""boxplus-phi"",""early_stop"":false,""hard_out"":true,""harq_mode"":false,""llr_max"":20.0,""num_iter"":20,""precision"":""single"",""prune_pcm"":true,""return_infobits"":true,""vn_update"":""sum""},""decoder_source_sha256"":""44d84b92b749e2970f94d92cd348a11648e2286b4d851faa0af8b21d08f0da23"",""encoder_source_sha256"":""34d8db6660b2e84708a8fb534f63c194f6f2b964e3693fcffc9dcaf21532ccfd"",""implementation"":""Sionna_5G_LDPC"",""power_protocol"":""fixed_constellation_average_Es2"",""precision"":""float32"",""rate_matching"":""Sionna RV0; filler removal, first2Z and tail puncturing; supported n only"",""scrambling"":""public_PCG64_SHA256_protocol_session_frame_group_counter_after_rate_matching_v1"",""torch"":""2.11.0+cu128"",""version"":""2.2.0""},""interleaver_sha256"":""3a62368f4a1e3ac8007cff1cb179528d9759ae414b18472f32f90eabb23f2874"",""k"":676,""k_filler"":44,""k_ldpc"":720,""layout_id"":""6f01496841d35ed121276960776f17bb3071652eee6f761bf18275bfeb3196df"",""modulation_padding_bits"":0,""mother_bits"":3744,""n"":2268,""n_cb"":3600,""n_cb_comp"":3556,""power_protocol"":""fixed_constellation_average_Es2"",""puncturing_bits"":1432,""puncturing_first_2Z"":144,""puncturing_remaining"":1288,""repetition_bits"":0,""scrambling"":""public_PCG64_SHA256_protocol_session_frame_group_counter_after_rate_matching_v1"",""shortening_bits"":44,""z"":72}","[1024,2048]"
QPSK,1/3,QPSK:r1/3,f12a3d40c36f609981ace4844b96f236a9757e952509a79ff9c66e122c473484,192,16,0,208,260,52,1352,624,312,0,0.3333333333333333,0.3076923076923077,"{""actual_effective_rate"":0.3333333333333333,""bg"":""bg2"",""bit_mapping"":""component_Gray_00_-3_01_-1_10_3_11_1_over_sqrt5;QPSK_0_plus1_1_minus1"",""code_blocks"":1,""decoder_config"":{""cn_schedule"":""flooding"",""cn_update"":""boxplus-phi"",""early_stop"":false,""hard_out"":true,""harq_mode"":false,""llr_max"":20.0,""num_iter"":20,""precision"":""single"",""prune_pcm"":true,""return_infobits"":true,""vn_update"":""sum""},""implementation"":{""bit_mapping"":""component_Gray_00_-3_01_-1_10_3_11_1_over_sqrt5;QPSK_0_plus1_1_minus1"",""cuda"":""12.8"",""decoder"":{""cn_schedule"":""flooding"",""cn_update"":""boxplus-phi"",""early_stop"":false,""hard_out"":true,""harq_mode"":false,""llr_max"":20.0,""num_iter"":20,""precision"":""single"",""prune_pcm"":true,""return_infobits"":true,""vn_update"":""sum""},""decoder_source_sha256"":""44d84b92b749e2970f94d92cd348a11648e2286b4d851faa0af8b21d08f0da23"",""encoder_source_sha256"":""34d8db6660b2e84708a8fb534f63c194f6f2b964e3693fcffc9dcaf21532ccfd"",""implementation"":""Sionna_5G_LDPC"",""power_protocol"":""fixed_constellation_average_Es2"",""precision"":""float32"",""rate_matching"":""Sionna RV0; filler removal, first2Z and tail puncturing; supported n only"",""scrambling"":""public_PCG64_SHA256_protocol_session_frame_group_counter_after_rate_matching_v1"",""torch"":""2.11.0+cu128"",""version"":""2.2.0""},""interleaver_sha256"":""5ccf28689322c1b734fc20270121b6c3574d322b39e6356741681df8fbce1bc6"",""k"":208,""k_filler"":52,""k_ldpc"":260,""layout_id"":""3c739e282ade1ba27ed1aaeb6c56a11742b5fdfb936dba161351f5ac6d574361"",""modulation_padding_bits"":0,""mother_bits"":1352,""n"":624,""n_cb"":1300,""n_cb_comp"":1248,""power_protocol"":""fixed_constellation_average_Es2"",""puncturing_bits"":676,""puncturing_first_2Z"":52,""puncturing_remaining"":624,""repetition_bits"":0,""scrambling"":""public_PCG64_SHA256_protocol_session_frame_group_counter_after_rate_matching_v1"",""shortening_bits"":52,""z"":26}","[1024,2048]"
16QAM,3/4,16QAM:r3/4,f143243577fa159291c6ff3a3ccc64906f6e493fc92ba45deb7f571e58650d5b,360,16,0,376,480,104,2496,1812,453,0,0.20750551876379691,0.1986754966887417,"{""actual_effective_rate"":0.20750551876379691,""bg"":""bg2"",""bit_mapping"":""component_Gray_00_-3_01_-1_10_3_11_1_over_sqrt5;QPSK_0_plus1_1_minus1"",""code_blocks"":1,""decoder_config"":{""cn_schedule"":""flooding"",""cn_update"":""boxplus-phi"",""early_stop"":false,""hard_out"":true,""harq_mode"":false,""llr_max"":20.0,""num_iter"":20,""precision"":""single"",""prune_pcm"":true,""return_infobits"":true,""vn_update"":""sum""},""implementation"":{""bit_mapping"":""component_Gray_00_-3_01_-1_10_3_11_1_over_sqrt5;QPSK_0_plus1_1_minus1"",""cuda"":""12.8"",""decoder"":{""cn_schedule"":""flooding"",""cn_update"":""boxplus-phi"",""early_stop"":false,""hard_out"":true,""harq_mode"":false,""llr_max"":20.0,""num_iter"":20,""precision"":""single"",""prune_pcm"":true,""return_infobits"":true,""vn_update"":""sum""},""decoder_source_sha256"":""44d84b92b749e2970f94d92cd348a11648e2286b4d851faa0af8b21d08f0da23"",""encoder_source_sha256"":""34d8db6660b2e84708a8fb534f63c194f6f2b964e3693fcffc9dcaf21532ccfd"",""implementation"":""Sionna_5G_LDPC"",""power_protocol"":""fixed_constellation_average_Es2"",""precision"":""float32"",""rate_matching"":""Sionna RV0; filler removal, first2Z and tail puncturing; supported n only"",""scrambling"":""public_PCG64_SHA256_protocol_session_frame_group_counter_after_rate_matching_v1"",""torch"":""2.11.0+cu128"",""version"":""2.2.0""},""interleaver_sha256"":""fe99b84e04e18a6727b49ac6952a67563ffbf94fceb01d11a356ed55d8d36e57"",""k"":376,""k_filler"":104,""k_ldpc"":480,""layout_id"":""25fdd47365d794236b1e832cb595e3b20436af57aa8d2337f1116d697aaee3fb"",""modulation_padding_bits"":0,""mother_bits"":2496,""n"":1812,""n_cb"":2400,""n_cb_comp"":2296,""power_protocol"":""fixed_constellation_average_Es2"",""puncturing_bits"":580,""puncturing_first_2Z"":96,""puncturing_remaining"":484,""repetition_bits"":0,""scrambling"":""public_PCG64_SHA256_protocol_session_frame_group_counter_after_rate_matching_v1"",""shortening_bits"":104,""z"":48}","[1024,2048]"
16QAM,2/3,16QAM:r2/3,f14af1ae958fe1d93359488536f53f2842d11c4b2df832c04e0789901f465529,924,16,0,940,960,20,4992,1472,368,0,0.6385869565217391,0.6277173913043478,"{""actual_effective_rate"":0.6385869565217391,""bg"":""bg2"",""bit_mapping"":""component_Gray_00_-3_01_-1_10_3_11_1_over_sqrt5;QPSK_0_plus1_1_minus1"",""code_blocks"":1,""decoder_config"":{""cn_schedule"":""flooding"",""cn_update"":""boxplus-phi"",""early_stop"":false,""hard_out"":true,""harq_mode"":false,""llr_max"":20.0,""num_iter"":20,""precision"":""single"",""prune_pcm"":true,""return_infobits"":true,""vn_update"":""sum""},""implementation"":{""bit_mapping"":""component_Gray_00_-3_01_-1_10_3_11_1_over_sqrt5;QPSK_0_plus1_1_minus1"",""cuda"":""12.8"",""decoder"":{""cn_schedule"":""flooding"",""cn_update"":""boxplus-phi"",""early_stop"":false,""hard_out"":true,""harq_mode"":false,""llr_max"":20.0,""num_iter"":20,""precision"":""single"",""prune_pcm"":true,""return_infobits"":true,""vn_update"":""sum""},""decoder_source_sha256"":""44d84b92b749e2970f94d92cd348a11648e2286b4d851faa0af8b21d08f0da23"",""encoder_source_sha256"":""34d8db6660b2e84708a8fb534f63c194f6f2b964e3693fcffc9dcaf21532ccfd"",""implementation"":""Sionna_5G_LDPC"",""power_protocol"":""fixed_constellation_average_Es2"",""precision"":""float32"",""rate_matching"":""Sionna RV0; filler removal, first2Z and tail puncturing; supported n only"",""scrambling"":""public_PCG64_SHA256_protocol_session_frame_group_counter_after_rate_matching_v1"",""torch"":""2.11.0+cu128"",""version"":""2.2.0""},""interleaver_sha256"":""a5c3d75157e98a0633b20b6385e465b7193e996f828f646bb1787f9d2ff9530d"",""k"":940,""k_filler"":20,""k_ldpc"":960,""layout_id"":""d6efad08f30150a696f1fd4721852ce9bd2a43f1748bdf4758c50a2b189aa981"",""modulation_padding_bits"":0,""mother_bits"":4992,""n"":1472,""n_cb"":4800,""n_cb_comp"":4780,""power_protocol"":""fixed_constellation_average_Es2"",""puncturing_bits"":3500,""puncturing_first_2Z"":192,""puncturing_remaining"":3308,""repetition_bits"":0,""scrambling"":""public_PCG64_SHA256_protocol_session_frame_group_counter_after_rate_matching_v1"",""shortening_bits"":20,""z"":96}",[1024]
QPSK,1/2,QPSK:r1/2,f14d0d2759033ac6beb9a0bcc1f08fc545129aaf81921d775264145512e2b642,1092,16,0,1108,1120,12,5824,3090,1545,0,0.3585760517799353,0.3533980582524272,"{""actual_effective_rate"":0.3585760517799353,""bg"":""bg2"",""bit_mapping"":""component_Gray_00_-3_01_-1_10_3_11_1_over_sqrt5;QPSK_0_plus1_1_minus1"",""code_blocks"":1,""decoder_config"":{""cn_schedule"":""flooding"",""cn_update"":""boxplus-phi"",""early_stop"":false,""hard_out"":true,""harq_mode"":false,""llr_max"":20.0,""num_iter"":20,""precision"":""single"",""prune_pcm"":true,""return_infobits"":true,""vn_update"":""sum""},""implementation"":{""bit_mapping"":""component_Gray_00_-3_01_-1_10_3_11_1_over_sqrt5;QPSK_0_plus1_1_minus1"",""cuda"":""12.8"",""decoder"":{""cn_schedule"":""flooding"",""cn_update"":""boxplus-phi"",""early_stop"":false,""hard_out"":true,""harq_mode"":false,""llr_max"":20.0,""num_iter"":20,""precision"":""single"",""prune_pcm"":true,""return_infobits"":true,""vn_update"":""sum""},""decoder_source_sha256"":""44d84b92b749e2970f94d92cd348a11648e2286b4d851faa0af8b21d08f0da23"",""encoder_source_sha256"":""34d8db6660b2e84708a8fb534f63c194f6f2b964e3693fcffc9dcaf21532ccfd"",""implementation"":""Sionna_5G_LDPC"",""power_protocol"":""fixed_constellation_average_Es2"",""precision"":""float32"",""rate_matching"":""Sionna RV0; filler removal, first2Z and tail puncturing; supported n only"",""scrambling"":""public_PCG64_SHA256_protocol_session_frame_group_counter_after_rate_matching_v1"",""torch"":""2.11.0+cu128"",""version"":""2.2.0""},""interleaver_sha256"":""5bb414746d0a5763d014c820b4deb19ab2b57612774123d1de01165029d5d1c3"",""k"":1108,""k_filler"":12,""k_ldpc"":1120,""layout_id"":""b040b44876929031c7a650898b51820c21cb30d6d72ef232d6ee8ae9b28fb5b3"",""modulation_padding_bits"":0,""mother_bits"":5824,""n"":3090,""n_cb"":5600,""n_cb_comp"":5588,""power_protocol"":""fixed_constellation_average_Es2"",""puncturing_bits"":2722,""puncturing_first_2Z"":224,""puncturing_remaining"":2498,""repetition_bits"":0,""scrambling"":""public_PCG64_SHA256_protocol_session_frame_group_counter_after_rate_matching_v1"",""shortening_bits"":12,""z"":112}",[2048]
16QAM,2/3,16QAM:r2/3,f14f998bb8a954874d58151aeaac03b98fd70d8aa6428f478fa8499d0df15151,1500,16,0,1516,1600,84,8320,5668,1417,0,0.2674664784756528,0.2646436132674665,"{""actual_effective_rate"":0.2674664784756528,""bg"":""bg2"",""bit_mapping"":""component_Gray_00_-3_01_-1_10_3_11_1_over_sqrt5;QPSK_0_plus1_1_minus1"",""code_blocks"":1,""decoder_config"":{""cn_schedule"":""flooding"",""cn_update"":""boxplus-phi"",""early_stop"":false,""hard_out"":true,""harq_mode"":false,""llr_max"":20.0,""num_iter"":20,""precision"":""single"",""prune_pcm"":true,""return_infobits"":true,""vn_update"":""sum""},""implementation"":{""bit_mapping"":""component_Gray_00_-3_01_-1_10_3_11_1_over_sqrt5;QPSK_0_plus1_1_minus1"",""cuda"":""12.8"",""decoder"":{""cn_schedule"":""flooding"",""cn_update"":""boxplus-phi"",""early_stop"":false,""hard_out"":true,""harq_mode"":false,""llr_max"":20.0,""num_iter"":20,""precision"":""single"",""prune_pcm"":true,""return_infobits"":true,""vn_update"":""sum""},""decoder_source_sha256"":""44d84b92b749e2970f94d92cd348a11648e2286b4d851faa0af8b21d08f0da23"",""encoder_source_sha256"":""34d8db6660b2e84708a8fb534f63c194f6f2b964e3693fcffc9dcaf21532ccfd"",""implementation"":""Sionna_5G_LDPC"",""power_protocol"":""fixed_constellation_average_Es2"",""precision"":""float32"",""rate_matching"":""Sionna RV0; filler removal, first2Z and tail puncturing; supported n only"",""scrambling"":""public_PCG64_SHA256_protocol_session_frame_group_counter_after_rate_matching_v1"",""torch"":""2.11.0+cu128"",""version"":""2.2.0""},""interleaver_sha256"":""92f280207cf096ff19a503b87d2dd539bca66931152d7a694494e1f8052cb926"",""k"":1516,""k_filler"":84,""k_ldpc"":1600,""layout_id"":""041ae0d5e07bbcbb3eff57b93690fa19dace822612fd66a33892467a168402f6"",""modulation_padding_bits"":0,""mother_bits"":8320,""n"":5668,""n_cb"":8000,""n_cb_comp"":7916,""power_protocol"":""fixed_constellation_average_Es2"",""puncturing_bits"":2568,""puncturing_first_2Z"":320,""puncturing_remaining"":2248,""repetition_bits"":0,""scrambling"":""public_PCG64_SHA256_protocol_session_frame_group_counter_after_rate_matching_v1"",""shortening_bits"":84,""z"":160}",[2048]
QPSK,3/4,QPSK:r3/4,f15e45008619a1fdc6714c9f8ed534d40edf0df70fa84515a1765ad17d284b48,216,16,0,232,300,68,1560,738,369,0,0.3143631436314363,0.2926829268292683,"{""actual_effective_rate"":0.3143631436314363,""bg"":""bg2"",""bit_mapping"":""component_Gray_00_-3_01_-1_10_3_11_1_over_sqrt5;QPSK_0_plus1_1_minus1"",""code_blocks"":1,""decoder_config"":{""cn_schedule"":""flooding"",""cn_update"":""boxplus-phi"",""early_stop"":false,""hard_out"":true,""harq_mode"":false,""llr_max"":20.0,""num_iter"":20,""precision"":""single"",""prune_pcm"":true,""return_infobits"":true,""vn_update"":""sum""},""implementation"":{""bit_mapping"":""component_Gray_00_-3_01_-1_10_3_11_1_over_sqrt5;QPSK_0_plus1_1_minus1"",""cuda"":""12.8"",""decoder"":{""cn_schedule"":""flooding"",""cn_update"":""boxplus-phi"",""early_stop"":false,""hard_out"":true,""harq_mode"":false,""llr_max"":20.0,""num_iter"":20,""precision"":""single"",""prune_pcm"":true,""return_infobits"":true,""vn_update"":""sum""},""decoder_source_sha256"":""44d84b92b749e2970f94d92cd348a11648e2286b4d851faa0af8b21d08f0da23"",""encoder_source_sha256"":""34d8db6660b2e84708a8fb534f63c194f6f2b964e3693fcffc9dcaf21532ccfd"",""implementation"":""Sionna_5G_LDPC"",""power_protocol"":""fixed_constellation_average_Es2"",""precision"":""float32"",""rate_matching"":""Sionna RV0; filler removal, first2Z and tail puncturing; supported n only"",""scrambling"":""public_PCG64_SHA256_protocol_session_frame_group_counter_after_rate_matching_v1"",""torch"":""2.11.0+cu128"",""version"":""2.2.0""},""interleaver_sha256"":""b0ac4518985d1cb4bf950a1d70ad4d797f8551396a5b95e0e3eaff93f2b32389"",""k"":232,""k_filler"":68,""k_ldpc"":300,""layout_id"":""4f788e5edbeac87cc22540364378e028796a1d1243e2af7da5790039e38ad04f"",""modulation_padding_bits"":0,""mother_bits"":1560,""n"":738,""n_cb"":1500,""n_cb_comp"":1432,""power_protocol"":""fixed_constellation_average_Es2"",""puncturing_bits"":754,""puncturing_first_2Z"":60,""puncturing_remaining"":694,""repetition_bits"":0,""scrambling"":""public_PCG64_SHA256_protocol_session_frame_group_counter_after_rate_matching_v1"",""shortening_bits"":68,""z"":30}",[2048]
QPSK,5/6,QPSK:r5/6,f16d7f117e7d59065220758b14713a430b00d2954e5da99f8a2441468c2a101f,1500,16,0,1516,1600,84,8320,3478,1739,0,0.43588269120184014,0.43128234617596317,"{""actual_effective_rate"":0.43588269120184014,""bg"":""bg2"",""bit_mapping"":""component_Gray_00_-3_01_-1_10_3_11_1_over_sqrt5;QPSK_0_plus1_1_minus1"",""code_blocks"":1,""decoder_config"":{""cn_schedule"":""flooding"",""cn_update"":""boxplus-phi"",""early_stop"":false,""hard_out"":true,""harq_mode"":false,""llr_max"":20.0,""num_iter"":20,""precision"":""single"",""prune_pcm"":true,""return_infobits"":true,""vn_update"":""sum""},""implementation"":{""bit_mapping"":""component_Gray_00_-3_01_-1_10_3_11_1_over_sqrt5;QPSK_0_plus1_1_minus1"",""cuda"":""12.8"",""decoder"":{""cn_schedule"":""flooding"",""cn_update"":""boxplus-phi"",""early_stop"":false,""hard_out"":true,""harq_mode"":false,""llr_max"":20.0,""num_iter"":20,""precision"":""single"",""prune_pcm"":true,""return_infobits"":true,""vn_update"":""sum""},""decoder_source_sha256"":""44d84b92b749e2970f94d92cd348a11648e2286b4d851faa0af8b21d08f0da23"",""encoder_source_sha256"":""34d8db6660b2e84708a8fb534f63c194f6f2b964e3693fcffc9dcaf21532ccfd"",""implementation"":""Sionna_5G_LDPC"",""power_protocol"":""fixed_constellation_average_Es2"",""precision"":""float32"",""rate_matching"":""Sionna RV0; filler removal, first2Z and tail puncturing; supported n only"",""scrambling"":""public_PCG64_SHA256_protocol_session_frame_group_counter_after_rate_matching_v1"",""torch"":""2.11.0+cu128"",""version"":""2.2.0""},""interleaver_sha256"":""d96786ea7cd950abba0940ec4763a5c6c12774aaa716487ecfab5b624b955650"",""k"":1516,""k_filler"":84,""k_ldpc"":1600,""layout_id"":""ae4fbb432a74f9507e0d8bf94b025824059f46de2fb79a9ade9420b2ed198bd9"",""modulation_padding_bits"":0,""mother_bits"":8320,""n"":3478,""n_cb"":8000,""n_cb_comp"":7916,""power_protocol"":""fixed_constellation_average_Es2"",""puncturing_bits"":4758,""puncturing_first_2Z"":320,""puncturing_remaining"":4438,""repetition_bits"":0,""scrambling"":""public_PCG64_SHA256_protocol_session_frame_group_counter_after_rate_matching_v1"",""shortening_bits"":84,""z"":160}",[2048]
16QAM,3/4,16QAM:r3/4,f191ca8139cd9e6c7d522921bdfc32261ad35bdf32f16ed00fe9ca035cc2a6db,72,16,0,88,150,62,780,192,48,0,0.4583333333333333,0.375,"{""actual_effective_rate"":0.4583333333333333,""bg"":""bg2"",""bit_mapping"":""component_Gray_00_-3_01_-1_10_3_11_1_over_sqrt5;QPSK_0_plus1_1_minus1"",""code_blocks"":1,""decoder_config"":{""cn_schedule"":""flooding"",""cn_update"":""boxplus-phi"",""early_stop"":false,""hard_out"":true,""harq_mode"":false,""llr_max"":20.0,""num_iter"":20,""precision"":""single"",""prune_pcm"":true,""return_infobits"":true,""vn_update"":""sum""},""implementation"":{""bit_mapping"":""component_Gray_00_-3_01_-1_10_3_11_1_over_sqrt5;QPSK_0_plus1_1_minus1"",""cuda"":""12.8"",""decoder"":{""cn_schedule"":""flooding"",""cn_update"":""boxplus-phi"",""early_stop"":false,""hard_out"":true,""harq_mode"":false,""llr_max"":20.0,""num_iter"":20,""precision"":""single"",""prune_pcm"":true,""return_infobits"":true,""vn_update"":""sum""},""decoder_source_sha256"":""44d84b92b749e2970f94d92cd348a11648e2286b4d851faa0af8b21d08f0da23"",""encoder_source_sha256"":""34d8db6660b2e84708a8fb534f63c194f6f2b964e3693fcffc9dcaf21532ccfd"",""implementation"":""Sionna_5G_LDPC"",""power_protocol"":""fixed_constellation_average_Es2"",""precision"":""float32"",""rate_matching"":""Sionna RV0; filler removal, first2Z and tail puncturing; supported n only"",""scrambling"":""public_PCG64_SHA256_protocol_session_frame_group_counter_after_rate_matching_v1"",""torch"":""2.11.0+cu128"",""version"":""2.2.0""},""interleaver_sha256"":""2c6db802e59f7271cc18b5f1b39d6fac9db0b6ca243174768d62bac2ca600333"",""k"":88,""k_filler"":62,""k_ldpc"":150,""layout_id"":""2829f83609199eb7756dfaa90dae4304ab9ea1542f284c379da4d01770fc91a0"",""modulation_padding_bits"":0,""mother_bits"":780,""n"":192,""n_cb"":750,""n_cb_comp"":688,""power_protocol"":""fixed_constellation_average_Es2"",""puncturing_bits"":526,""puncturing_first_2Z"":30,""puncturing_remaining"":496,""repetition_bits"":0,""scrambling"":""public_PCG64_SHA256_protocol_session_frame_group_counter_after_rate_matching_v1"",""shortening_bits"":62,""z"":15}",[1024]
16QAM,5/6,16QAM:r5/6,f19edce56f7d8412cbea959831f7ff65611810ebf020976be6113705438590eb,4572,16,0,4588,4928,340,15232,5508,1377,0,0.8329702251270878,0.8300653594771242,"{""actual_effective_rate"":0.8329702251270878,""bg"":""bg1"",""bit_mapping"":""component_Gray_00_-3_01_-1_10_3_11_1_over_sqrt5;QPSK_0_plus1_1_minus1"",""code_blocks"":1,""decoder_config"":{""cn_schedule"":""flooding"",""cn_update"":""boxplus-phi"",""early_stop"":false,""hard_out"":true,""harq_mode"":false,""llr_max"":20.0,""num_iter"":20,""precision"":""single"",""prune_pcm"":true,""return_infobits"":true,""vn_update"":""sum""},""implementation"":{""bit_mapping"":""component_Gray_00_-3_01_-1_10_3_11_1_over_sqrt5;QPSK_0_plus1_1_minus1"",""cuda"":""12.8"",""decoder"":{""cn_schedule"":""flooding"",""cn_update"":""boxplus-phi"",""early_stop"":false,""hard_out"":true,""harq_mode"":false,""llr_max"":20.0,""num_iter"":20,""precision"":""single"",""prune_pcm"":true,""return_infobits"":true,""vn_update"":""sum""},""decoder_source_sha256"":""44d84b92b749e2970f94d92cd348a11648e2286b4d851faa0af8b21d08f0da23"",""encoder_source_sha256"":""34d8db6660b2e84708a8fb534f63c194f6f2b964e3693fcffc9dcaf21532ccfd"",""implementation"":""Sionna_5G_LDPC"",""power_protocol"":""fixed_constellation_average_Es2"",""precision"":""float32"",""rate_matching"":""Sionna RV0; filler removal, first2Z and tail puncturing; supported n only"",""scrambling"":""public_PCG64_SHA256_protocol_session_frame_group_counter_after_rate_matching_v1"",""torch"":""2.11.0+cu128"",""version"":""2.2.0""},""interleaver_sha256"":""638d7c00f2b624fa7c0b8e7ed6bcb53c424ec601d2ef3a7530746ed6cb5ded0d"",""k"":4588,""k_filler"":340,""k_ldpc"":4928,""layout_id"":""e1a37221127147c351b8dd9f80032ff12049552c90e59c5af37c88373759ea81"",""modulation_padding_bits"":0,""mother_bits"":15232,""n"":5508,""n_cb"":14784,""n_cb_comp"":14444,""power_protocol"":""fixed_constellation_average_Es2"",""puncturing_bits"":9384,""puncturing_first_2Z"":448,""puncturing_remaining"":8936,""repetition_bits"":0,""scrambling"":""public_PCG64_SHA256_protocol_session_frame_group_counter_after_rate_matching_v1"",""shortening_bits"":340,""z"":224}",[2048]
QPSK,1/2,QPSK:r1/2,f1ab984e09abf7bb9cc3ace5ddb0d3f4dc3b52b2e1e124bd2276302e34c5dae2,660,16,0,676,720,44,3744,1788,894,0,0.378076062639821,0.3691275167785235,"{""actual_effective_rate"":0.378076062639821,""bg"":""bg2"",""bit_mapping"":""component_Gray_00_-3_01_-1_10_3_11_1_over_sqrt5;QPSK_0_plus1_1_minus1"",""code_blocks"":1,""decoder_config"":{""cn_schedule"":""flooding"",""cn_update"":""boxplus-phi"",""early_stop"":false,""hard_out"":true,""harq_mode"":false,""llr_max"":20.0,""num_iter"":20,""precision"":""single"",""prune_pcm"":true,""return_infobits"":true,""vn_update"":""sum""},""implementation"":{""bit_mapping"":""component_Gray_00_-3_01_-1_10_3_11_1_over_sqrt5;QPSK_0_plus1_1_minus1"",""cuda"":""12.8"",""decoder"":{""cn_schedule"":""flooding"",""cn_update"":""boxplus-phi"",""early_stop"":false,""hard_out"":true,""harq_mode"":false,""llr_max"":20.0,""num_iter"":20,""precision"":""single"",""prune_pcm"":true,""return_infobits"":true,""vn_update"":""sum""},""decoder_source_sha256"":""44d84b92b749e2970f94d92cd348a11648e2286b4d851faa0af8b21d08f0da23"",""encoder_source_sha256"":""34d8db6660b2e84708a8fb534f63c194f6f2b964e3693fcffc9dcaf21532ccfd"",""implementation"":""Sionna_5G_LDPC"",""power_protocol"":""fixed_constellation_average_Es2"",""precision"":""float32"",""rate_matching"":""Sionna RV0; filler removal, first2Z and tail puncturing; supported n only"",""scrambling"":""public_PCG64_SHA256_protocol_session_frame_group_counter_after_rate_matching_v1"",""torch"":""2.11.0+cu128"",""version"":""2.2.0""},""interleaver_sha256"":""508acbe6a65a3d53a7430cf7a7c4c70978429b45e2cfb6d7825541beb2140d52"",""k"":676,""k_filler"":44,""k_ldpc"":720,""layout_id"":""46fee73bac67fc0dd576286be4e61066309ce4a5322998ce65541608f607d102"",""modulation_padding_bits"":0,""mother_bits"":3744,""n"":1788,""n_cb"":3600,""n_cb_comp"":3556,""power_protocol"":""fixed_constellation_average_Es2"",""puncturing_bits"":1912,""puncturing_first_2Z"":144,""puncturing_remaining"":1768,""repetition_bits"":0,""scrambling"":""public_PCG64_SHA256_protocol_session_frame_group_counter_after_rate_matching_v1"",""shortening_bits"":44,""z"":72}",[1024]
QPSK,1/2,QPSK:r1/2,f1b10aa4246e5733169d5634699b5f7295d8f2c14a88d1eb4613fc43f6afc3bd,1092,16,0,1108,1120,12,5824,3118,1559,0,0.3553559974342527,0.35022450288646567,"{""actual_effective_rate"":0.3553559974342527,""bg"":""bg2"",""bit_mapping"":""component_Gray_00_-3_01_-1_10_3_11_1_over_sqrt5;QPSK_0_plus1_1_minus1"",""code_blocks"":1,""decoder_config"":{""cn_schedule"":""flooding"",""cn_update"":""boxplus-phi"",""early_stop"":false,""hard_out"":true,""harq_mode"":false,""llr_max"":20.0,""num_iter"":20,""precision"":""single"",""prune_pcm"":true,""return_infobits"":true,""vn_update"":""sum""},""implementation"":{""bit_mapping"":""component_Gray_00_-3_01_-1_10_3_11_1_over_sqrt5;QPSK_0_plus1_1_minus1"",""cuda"":""12.8"",""decoder"":{""cn_schedule"":""flooding"",""cn_update"":""boxplus-phi"",""early_stop"":false,""hard_out"":true,""harq_mode"":false,""llr_max"":20.0,""num_iter"":20,""precision"":""single"",""prune_pcm"":true,""return_infobits"":true,""vn_update"":""sum""},""decoder_source_sha256"":""44d84b92b749e2970f94d92cd348a11648e2286b4d851faa0af8b21d08f0da23"",""encoder_source_sha256"":""34d8db6660b2e84708a8fb534f63c194f6f2b964e3693fcffc9dcaf21532ccfd"",""implementation"":""Sionna_5G_LDPC"",""power_protocol"":""fixed_constellation_average_Es2"",""precision"":""float32"",""rate_matching"":""Sionna RV0; filler removal, first2Z and tail puncturing; supported n only"",""scrambling"":""public_PCG64_SHA256_protocol_session_frame_group_counter_after_rate_matching_v1"",""torch"":""2.11.0+cu128"",""version"":""2.2.0""},""interleaver_sha256"":""2e4a0d7d153d826cee4e9fc31827b19e95b84394d1d7a09c1ec3144bb6923434"",""k"":1108,""k_filler"":12,""k_ldpc"":1120,""layout_id"":""fd22d0e1822404ddcc6f24e4b6e2acd6e0e69ffd01c0b50ff70fc0f9be6039e9"",""modulation_padding_bits"":0,""mother_bits"":5824,""n"":3118,""n_cb"":5600,""n_cb_comp"":5588,""power_protocol"":""fixed_constellation_average_Es2"",""puncturing_bits"":2694,""puncturing_first_2Z"":224,""puncturing_remaining"":2470,""repetition_bits"":0,""scrambling"":""public_PCG64_SHA256_protocol_session_frame_group_counter_after_rate_matching_v1"",""shortening_bits"":12,""z"":112}",[2048]
QPSK,2/3,QPSK:r2/3,f1b171d2c0f389953d4f20b95c678f9e7af310e35ab9747f84657612d85e62c2,1512,16,0,1528,1600,72,8320,2294,1147,0,0.6660854402789886,0.6591107236268526,"{""actual_effective_rate"":0.6660854402789886,""bg"":""bg2"",""bit_mapping"":""component_Gray_00_-3_01_-1_10_3_11_1_over_sqrt5;QPSK_0_plus1_1_minus1"",""code_blocks"":1,""decoder_config"":{""cn_schedule"":""flooding"",""cn_update"":""boxplus-phi"",""early_stop"":false,""hard_out"":true,""harq_mode"":false,""llr_max"":20.0,""num_iter"":20,""precision"":""single"",""prune_pcm"":true,""return_infobits"":true,""vn_update"":""sum""},""implementation"":{""bit_mapping"":""component_Gray_00_-3_01_-1_10_3_11_1_over_sqrt5;QPSK_0_plus1_1_minus1"",""cuda"":""12.8"",""decoder"":{""cn_schedule"":""flooding"",""cn_update"":""boxplus-phi"",""early_stop"":false,""hard_out"":true,""harq_mode"":false,""llr_max"":20.0,""num_iter"":20,""precision"":""single"",""prune_pcm"":true,""return_infobits"":true,""vn_update"":""sum""},""decoder_source_sha256"":""44d84b92b749e2970f94d92cd348a11648e2286b4d851faa0af8b21d08f0da23"",""encoder_source_sha256"":""34d8db6660b2e84708a8fb534f63c194f6f2b964e3693fcffc9dcaf21532ccfd"",""implementation"":""Sionna_5G_LDPC"",""power_protocol"":""fixed_constellation_average_Es2"",""precision"":""float32"",""rate_matching"":""Sionna RV0; filler removal, first2Z and tail puncturing; supported n only"",""scrambling"":""public_PCG64_SHA256_protocol_session_frame_group_counter_after_rate_matching_v1"",""torch"":""2.11.0+cu128"",""version"":""2.2.0""},""interleaver_sha256"":""9abf0784e87ce43ffeb6922766cdc68adc375996128e184dd34309d578bb9560"",""k"":1528,""k_filler"":72,""k_ldpc"":1600,""layout_id"":""ce6283a2b56307c539a2b41d0810925055ca71eedeb438d5980790c9d7a0178f"",""modulation_padding_bits"":0,""mother_bits"":8320,""n"":2294,""n_cb"":8000,""n_cb_comp"":7928,""power_protocol"":""fixed_constellation_average_Es2"",""puncturing_bits"":5954,""puncturing_first_2Z"":320,""puncturing_remaining"":5634,""repetition_bits"":0,""scrambling"":""public_PCG64_SHA256_protocol_session_frame_group_counter_after_rate_matching_v1"",""shortening_bits"":72,""z"":160}",[2048]
16QAM,2/3,16QAM:r2/3,f1c7ed8b443f125d0c0b173a19597d03d444b7a233bbc065c8e541018dd685b6,3708,16,0,3724,3840,116,19968,6240,1560,0,0.5967948717948718,0.5942307692307692,"{""actual_effective_rate"":0.5967948717948718,""bg"":""bg2"",""bit_mapping"":""component_Gray_00_-3_01_-1_10_3_11_1_over_sqrt5;QPSK_0_plus1_1_minus1"",""code_blocks"":1,""decoder_config"":{""cn_schedule"":""flooding"",""cn_update"":""boxplus-phi"",""early_stop"":false,""hard_out"":true,""harq_mode"":false,""llr_max"":20.0,""num_iter"":20,""precision"":""single"",""prune_pcm"":true,""return_infobits"":true,""vn_update"":""sum""},""implementation"":{""bit_mapping"":""component_Gray_00_-3_01_-1_10_3_11_1_over_sqrt5;QPSK_0_plus1_1_minus1"",""cuda"":""12.8"",""decoder"":{""cn_schedule"":""flooding"",""cn_update"":""boxplus-phi"",""early_stop"":false,""hard_out"":true,""harq_mode"":false,""llr_max"":20.0,""num_iter"":20,""precision"":""single"",""prune_pcm"":true,""return_infobits"":true,""vn_update"":""sum""},""decoder_source_sha256"":""44d84b92b749e2970f94d92cd348a11648e2286b4d851faa0af8b21d08f0da23"",""encoder_source_sha256"":""34d8db6660b2e84708a8fb534f63c194f6f2b964e3693fcffc9dcaf21532ccfd"",""implementation"":""Sionna_5G_LDPC"",""power_protocol"":""fixed_constellation_average_Es2"",""precision"":""float32"",""rate_matching"":""Sionna RV0; filler removal, first2Z and tail puncturing; supported n only"",""scrambling"":""public_PCG64_SHA256_protocol_session_frame_group_counter_after_rate_matching_v1"",""torch"":""2.11.0+cu128"",""version"":""2.2.0""},""interleaver_sha256"":""8a922eb2c6a1ec754ff7c9d29f0469fdd781b7a055a3eb465433cdf64c611834"",""k"":3724,""k_filler"":116,""k_ldpc"":3840,""layout_id"":""373f0e72b88c6c6c52c13a3650715ddd013382ec17c8a5303d93ebc5652bb149"",""modulation_padding_bits"":0,""mother_bits"":19968,""n"":6240,""n_cb"":19200,""n_cb_comp"":19084,""power_protocol"":""fixed_constellation_average_Es2"",""puncturing_bits"":13612,""puncturing_first_2Z"":768,""puncturing_remaining"":12844,""repetition_bits"":0,""scrambling"":""public_PCG64_SHA256_protocol_session_frame_group_counter_after_rate_matching_v1"",""shortening_bits"":116,""z"":384}",[2048]
16QAM,1/3,16QAM:r1/3,f1d16ff96c069442303662beac7d117555c87fc45dbf2fbe49f57b91b17e2896,768,16,0,784,800,16,4160,2440,610,0,0.32131147540983607,0.31475409836065577,"{""actual_effective_rate"":0.32131147540983607,""bg"":""bg2"",""bit_mapping"":""component_Gray_00_-3_01_-1_10_3_11_1_over_sqrt5;QPSK_0_plus1_1_minus1"",""code_blocks"":1,""decoder_config"":{""cn_schedule"":""flooding"",""cn_update"":""boxplus-phi"",""early_stop"":false,""hard_out"":true,""harq_mode"":false,""llr_max"":20.0,""num_iter"":20,""precision"":""single"",""prune_pcm"":true,""return_infobits"":true,""vn_update"":""sum""},""implementation"":{""bit_mapping"":""component_Gray_00_-3_01_-1_10_3_11_1_over_sqrt5;QPSK_0_plus1_1_minus1"",""cuda"":""12.8"",""decoder"":{""cn_schedule"":""flooding"",""cn_update"":""boxplus-phi"",""early_stop"":false,""hard_out"":true,""harq_mode"":false,""llr_max"":20.0,""num_iter"":20,""precision"":""single"",""prune_pcm"":true,""return_infobits"":true,""vn_update"":""sum""},""decoder_source_sha256"":""44d84b92b749e2970f94d92cd348a11648e2286b4d851faa0af8b21d08f0da23"",""encoder_source_sha256"":""34d8db6660b2e84708a8fb534f63c194f6f2b964e3693fcffc9dcaf21532ccfd"",""implementation"":""Sionna_5G_LDPC"",""power_protocol"":""fixed_constellation_average_Es2"",""precision"":""float32"",""rate_matching"":""Sionna RV0; filler removal, first2Z and tail puncturing; supported n only"",""scrambling"":""public_PCG64_SHA256_protocol_session_frame_group_counter_after_rate_matching_v1"",""torch"":""2.11.0+cu128"",""version"":""2.2.0""},""interleaver_sha256"":""f8053b0fc097601356d2296eb1b6df66765c44e3dc6e4cdaa8312fe377dbaa9a"",""k"":784,""k_filler"":16,""k_ldpc"":800,""layout_id"":""7c36827cce9246084d4cccde36a8b1f13da3ea1ac93d35ed4f8aa3d7848b276e"",""modulation_padding_bits"":0,""mother_bits"":4160,""n"":2440,""n_cb"":4000,""n_cb_comp"":3984,""power_protocol"":""fixed_constellation_average_Es2"",""puncturing_bits"":1704,""puncturing_first_2Z"":160,""puncturing_remaining"":1544,""repetition_bits"":0,""scrambling"":""public_PCG64_SHA256_protocol_session_frame_group_counter_after_rate_matching_v1"",""shortening_bits"":16,""z"":80}",[1024]
QPSK,5/6,QPSK:r5/6,f1e144eb6729cba26eaca7e3150409d7d8051ab187d61ab7e78267e8c8a4bdf8,360,16,0,376,396,20,1224,552,276,0,0.6811594202898551,0.6521739130434783,"{""actual_effective_rate"":0.6811594202898551,""bg"":""bg1"",""bit_mapping"":""component_Gray_00_-3_01_-1_10_3_11_1_over_sqrt5;QPSK_0_plus1_1_minus1"",""code_blocks"":1,""decoder_config"":{""cn_schedule"":""flooding"",""cn_update"":""boxplus-phi"",""early_stop"":false,""hard_out"":true,""harq_mode"":false,""llr_max"":20.0,""num_iter"":20,""precision"":""single"",""prune_pcm"":true,""return_infobits"":true,""vn_update"":""sum""},""implementation"":{""bit_mapping"":""component_Gray_00_-3_01_-1_10_3_11_1_over_sqrt5;QPSK_0_plus1_1_minus1"",""cuda"":""12.8"",""decoder"":{""cn_schedule"":""flooding"",""cn_update"":""boxplus-phi"",""early_stop"":false,""hard_out"":true,""harq_mode"":false,""llr_max"":20.0,""num_iter"":20,""precision"":""single"",""prune_pcm"":true,""return_infobits"":true,""vn_update"":""sum""},""decoder_source_sha256"":""44d84b92b749e2970f94d92cd348a11648e2286b4d851faa0af8b21d08f0da23"",""encoder_source_sha256"":""34d8db6660b2e84708a8fb534f63c194f6f2b964e3693fcffc9dcaf21532ccfd"",""implementation"":""Sionna_5G_LDPC"",""power_protocol"":""fixed_constellation_average_Es2"",""precision"":""float32"",""rate_matching"":""Sionna RV0; filler removal, first2Z and tail puncturing; supported n only"",""scrambling"":""public_PCG64_SHA256_protocol_session_frame_group_counter_after_rate_matching_v1"",""torch"":""2.11.0+cu128"",""version"":""2.2.0""},""interleaver_sha256"":""c2ce4195d058bd4e320108ab727be5ad7d8c36bda1cfa3095384d1d8d2188dc7"",""k"":376,""k_filler"":20,""k_ldpc"":396,""layout_id"":""fe11dae463d662c2e6c74cac62c3b1a8ded7fe36062faeab54e4947538d0bd87"",""modulation_padding_bits"":0,""mother_bits"":1224,""n"":552,""n_cb"":1188,""n_cb_comp"":1168,""power_protocol"":""fixed_constellation_average_Es2"",""puncturing_bits"":652,""puncturing_first_2Z"":36,""puncturing_remaining"":616,""repetition_bits"":0,""scrambling"":""public_PCG64_SHA256_protocol_session_frame_group_counter_after_rate_matching_v1"",""shortening_bits"":20,""z"":18}",[2048]
16QAM,2/3,16QAM:r2/3,f1fbbbc228311e13945c1fab0b8d585ef1b5878fed67a375f285d4bb58c7f433,360,16,0,376,480,104,2496,880,220,0,0.42727272727272725,0.4090909090909091,"{""actual_effective_rate"":0.42727272727272725,""bg"":""bg2"",""bit_mapping"":""component_Gray_00_-3_01_-1_10_3_11_1_over_sqrt5;QPSK_0_plus1_1_minus1"",""code_blocks"":1,""decoder_config"":{""cn_schedule"":""flooding"",""cn_update"":""boxplus-phi"",""early_stop"":false,""hard_out"":true,""harq_mode"":false,""llr_max"":20.0,""num_iter"":20,""precision"":""single"",""prune_pcm"":true,""return_infobits"":true,""vn_update"":""sum""},""implementation"":{""bit_mapping"":""component_Gray_00_-3_01_-1_10_3_11_1_over_sqrt5;QPSK_0_plus1_1_minus1"",""cuda"":""12.8"",""decoder"":{""cn_schedule"":""flooding"",""cn_update"":""boxplus-phi"",""early_stop"":false,""hard_out"":true,""harq_mode"":false,""llr_max"":20.0,""num_iter"":20,""precision"":""single"",""prune_pcm"":true,""return_infobits"":true,""vn_update"":""sum""},""decoder_source_sha256"":""44d84b92b749e2970f94d92cd348a11648e2286b4d851faa0af8b21d08f0da23"",""encoder_source_sha256"":""34d8db6660b2e84708a8fb534f63c194f6f2b964e3693fcffc9dcaf21532ccfd"",""implementation"":""Sionna_5G_LDPC"",""power_protocol"":""fixed_constellation_average_Es2"",""precision"":""float32"",""rate_matching"":""Sionna RV0; filler removal, first2Z and tail puncturing; supported n only"",""scrambling"":""public_PCG64_SHA256_protocol_session_frame_group_counter_after_rate_matching_v1"",""torch"":""2.11.0+cu128"",""version"":""2.2.0""},""interleaver_sha256"":""3d1b174a497ad863cceae9c6c53b139deb453661f5ff83895a7b71e7464c8ab0"",""k"":376,""k_filler"":104,""k_ldpc"":480,""layout_id"":""d6d62fd33e3c0708ff9a26222d77e42398249b75ef23fbf7f5449fc801275095"",""modulation_padding_bits"":0,""mother_bits"":2496,""n"":880,""n_cb"":2400,""n_cb_comp"":2296,""power_protocol"":""fixed_constellation_average_Es2"",""puncturing_bits"":1512,""puncturing_first_2Z"":96,""puncturing_remaining"":1416,""repetition_bits"":0,""scrambling"":""public_PCG64_SHA256_protocol_session_frame_group_counter_after_rate_matching_v1"",""shortening_bits"":104,""z"":48}","[1024,2048]"
QPSK,1/2,QPSK:r1/2,f20012c9bbe54e72edc1c8aabce0ab64c70de3e502831fed302a5d2105467284,360,16,0,376,480,104,2496,1584,792,0,0.23737373737373738,0.22727272727272727,"{""actual_effective_rate"":0.23737373737373738,""bg"":""bg2"",""bit_mapping"":""component_Gray_00_-3_01_-1_10_3_11_1_over_sqrt5;QPSK_0_plus1_1_minus1"",""code_blocks"":1,""decoder_config"":{""cn_schedule"":""flooding"",""cn_update"":""boxplus-phi"",""early_stop"":false,""hard_out"":true,""harq_mode"":false,""llr_max"":20.0,""num_iter"":20,""precision"":""single"",""prune_pcm"":true,""return_infobits"":true,""vn_update"":""sum""},""implementation"":{""bit_mapping"":""component_Gray_00_-3_01_-1_10_3_11_1_over_sqrt5;QPSK_0_plus1_1_minus1"",""cuda"":""12.8"",""decoder"":{""cn_schedule"":""flooding"",""cn_update"":""boxplus-phi"",""early_stop"":false,""hard_out"":true,""harq_mode"":false,""llr_max"":20.0,""num_iter"":20,""precision"":""single"",""prune_pcm"":true,""return_infobits"":true,""vn_update"":""sum""},""decoder_source_sha256"":""44d84b92b749e2970f94d92cd348a11648e2286b4d851faa0af8b21d08f0da23"",""encoder_source_sha256"":""34d8db6660b2e84708a8fb534f63c194f6f2b964e3693fcffc9dcaf21532ccfd"",""implementation"":""Sionna_5G_LDPC"",""power_protocol"":""fixed_constellation_average_Es2"",""precision"":""float32"",""rate_matching"":""Sionna RV0; filler removal, first2Z and tail puncturing; supported n only"",""scrambling"":""public_PCG64_SHA256_protocol_session_frame_group_counter_after_rate_matching_v1"",""torch"":""2.11.0+cu128"",""version"":""2.2.0""},""interleaver_sha256"":""621bb6ce882607a54c51db43796168804e16f2de3b6b778e1d4d1174f2fbc490"",""k"":376,""k_filler"":104,""k_ldpc"":480,""layout_id"":""d7eac9eff80ce0253f4d429d6be1d886674ec5e50a26f47856b23c7eb668b219"",""modulation_padding_bits"":0,""mother_bits"":2496,""n"":1584,""n_cb"":2400,""n_cb_comp"":2296,""power_protocol"":""fixed_constellation_average_Es2"",""puncturing_bits"":808,""puncturing_first_2Z"":96,""puncturing_remaining"":712,""repetition_bits"":0,""scrambling"":""public_PCG64_SHA256_protocol_session_frame_group_counter_after_rate_matching_v1"",""shortening_bits"":104,""z"":48}","[1024,2048]"
16QAM,5/6,16QAM:r5/6,f206b821248866864f1aec4167055e2cc7229e325bf80ec7f3464672cf3d58cb,1008,16,0,1024,1040,16,5408,1820,455,0,0.5626373626373626,0.5538461538461539,"{""actual_effective_rate"":0.5626373626373626,""bg"":""bg2"",""bit_mapping"":""component_Gray_00_-3_01_-1_10_3_11_1_over_sqrt5;QPSK_0_plus1_1_minus1"",""code_blocks"":1,""decoder_config"":{""cn_schedule"":""flooding"",""cn_update"":""boxplus-phi"",""early_stop"":false,""hard_out"":true,""harq_mode"":false,""llr_max"":20.0,""num_iter"":20,""precision"":""single"",""prune_pcm"":true,""return_infobits"":true,""vn_update"":""sum""},""implementation"":{""bit_mapping"":""component_Gray_00_-3_01_-1_10_3_11_1_over_sqrt5;QPSK_0_plus1_1_minus1"",""cuda"":""12.8"",""decoder"":{""cn_schedule"":""flooding"",""cn_update"":""boxplus-phi"",""early_stop"":false,""hard_out"":true,""harq_mode"":false,""llr_max"":20.0,""num_iter"":20,""precision"":""single"",""prune_pcm"":true,""return_infobits"":true,""vn_update"":""sum""},""decoder_source_sha256"":""44d84b92b749e2970f94d92cd348a11648e2286b4d851faa0af8b21d08f0da23"",""encoder_source_sha256"":""34d8db6660b2e84708a8fb534f63c194f6f2b964e3693fcffc9dcaf21532ccfd"",""implementation"":""Sionna_5G_LDPC"",""power_protocol"":""fixed_constellation_average_Es2"",""precision"":""float32"",""rate_matching"":""Sionna RV0; filler removal, first2Z and tail puncturing; supported n only"",""scrambling"":""public_PCG64_SHA256_protocol_session_frame_group_counter_after_rate_matching_v1"",""torch"":""2.11.0+cu128"",""version"":""2.2.0""},""interleaver_sha256"":""4e1b17540174c4330f8b7190b1f3d7530e126d77fddf11eabb2865a1be2f094e"",""k"":1024,""k_filler"":16,""k_ldpc"":1040,""layout_id"":""5e4f31f7450b82ea660483e542907fc2dfe0632e5413ccff612c690bbf319973"",""modulation_padding_bits"":0,""mother_bits"":5408,""n"":1820,""n_cb"":5200,""n_cb_comp"":5184,""power_protocol"":""fixed_constellation_average_Es2"",""puncturing_bits"":3572,""puncturing_first_2Z"":208,""puncturing_remaining"":3364,""repetition_bits"":0,""scrambling"":""public_PCG64_SHA256_protocol_session_frame_group_counter_after_rate_matching_v1"",""shortening_bits"":16,""z"":104}",[1024]
QPSK,3/4,QPSK:r3/4,f207f0444c09fc3165fbf9c71fdb1a6bd6b8b50463b8f02facb7e797f39cc98a,2112,16,0,2128,2288,160,7072,2838,1419,0,0.7498238195912614,0.7441860465116279,"{""actual_effective_rate"":0.7498238195912614,""bg"":""bg1"",""bit_mapping"":""component_Gray_00_-3_01_-1_10_3_11_1_over_sqrt5;QPSK_0_plus1_1_minus1"",""code_blocks"":1,""decoder_config"":{""cn_schedule"":""flooding"",""cn_update"":""boxplus-phi"",""early_stop"":false,""hard_out"":true,""harq_mode"":false,""llr_max"":20.0,""num_iter"":20,""precision"":""single"",""prune_pcm"":true,""return_infobits"":true,""vn_update"":""sum""},""implementation"":{""bit_mapping"":""component_Gray_00_-3_01_-1_10_3_11_1_over_sqrt5;QPSK_0_plus1_1_minus1"",""cuda"":""12.8"",""decoder"":{""cn_schedule"":""flooding"",""cn_update"":""boxplus-phi"",""early_stop"":false,""hard_out"":true,""harq_mode"":false,""llr_max"":20.0,""num_iter"":20,""precision"":""single"",""prune_pcm"":true,""return_infobits"":true,""vn_update"":""sum""},""decoder_source_sha256"":""44d84b92b749e2970f94d92cd348a11648e2286b4d851faa0af8b21d08f0da23"",""encoder_source_sha256"":""34d8db6660b2e84708a8fb534f63c194f6f2b964e3693fcffc9dcaf21532ccfd"",""implementation"":""Sionna_5G_LDPC"",""power_protocol"":""fixed_constellation_average_Es2"",""precision"":""float32"",""rate_matching"":""Sionna RV0; filler removal, first2Z and tail puncturing; supported n only"",""scrambling"":""public_PCG64_SHA256_protocol_session_frame_group_counter_after_rate_matching_v1"",""torch"":""2.11.0+cu128"",""version"":""2.2.0""},""interleaver_sha256"":""cc10813294b7e75c2d83def24520a2ea6ff8d6d61f643cf8c5c7fbaf3ddd43aa"",""k"":2128,""k_filler"":160,""k_ldpc"":2288,""layout_id"":""37472bdf3601c45ff1db7af0741d3ad4bc12565125e2e09d0c8e5457e503c54c"",""modulation_padding_bits"":0,""mother_bits"":7072,""n"":2838,""n_cb"":6864,""n_cb_comp"":6704,""power_protocol"":""fixed_constellation_average_Es2"",""puncturing_bits"":4074,""puncturing_first_2Z"":208,""puncturing_remaining"":3866,""repetition_bits"":0,""scrambling"":""public_PCG64_SHA256_protocol_session_frame_group_counter_after_rate_matching_v1"",""shortening_bits"":160,""z"":104}",[2048]
16QAM,2/3,16QAM:r2/3,f2117e72321c32f81e1b93bd46df4442a6ec4770210706404dbb9433f7cf7943,1308,16,0,1324,1440,116,7488,2540,635,0,0.521259842519685,0.5149606299212598,"{""actual_effective_rate"":0.521259842519685,""bg"":""bg2"",""bit_mapping"":""component_Gray_00_-3_01_-1_10_3_11_1_over_sqrt5;QPSK_0_plus1_1_minus1"",""code_blocks"":1,""decoder_config"":{""cn_schedule"":""flooding"",""cn_update"":""boxplus-phi"",""early_stop"":false,""hard_out"":true,""harq_mode"":false,""llr_max"":20.0,""num_iter"":20,""precision"":""single"",""prune_pcm"":true,""return_infobits"":true,""vn_update"":""sum""},""implementation"":{""bit_mapping"":""component_Gray_00_-3_01_-1_10_3_11_1_over_sqrt5;QPSK_0_plus1_1_minus1"",""cuda"":""12.8"",""decoder"":{""cn_schedule"":""flooding"",""cn_update"":""boxplus-phi"",""early_stop"":false,""hard_out"":true,""harq_mode"":false,""llr_max"":20.0,""num_iter"":20,""precision"":""single"",""prune_pcm"":true,""return_infobits"":true,""vn_update"":""sum""},""decoder_source_sha256"":""44d84b92b749e2970f94d92cd348a11648e2286b4d851faa0af8b21d08f0da23"",""encoder_source_sha256"":""34d8db6660b2e84708a8fb534f63c194f6f2b964e3693fcffc9dcaf21532ccfd"",""implementation"":""Sionna_5G_LDPC"",""power_protocol"":""fixed_constellation_average_Es2"",""precision"":""float32"",""rate_matching"":""Sionna RV0; filler removal, first2Z and tail puncturing; supported n only"",""scrambling"":""public_PCG64_SHA256_protocol_session_frame_group_counter_after_rate_matching_v1"",""torch"":""2.11.0+cu128"",""version"":""2.2.0""},""interleaver_sha256"":""a2491f9d7a1ffd3d1e9aad95eef1d330a86e8b3d18d66c2cb17c286d1f08a5e3"",""k"":1324,""k_filler"":116,""k_ldpc"":1440,""layout_id"":""5b8d31fb4ac81572e08d9562ab616e4844525205bd075241a92a25382f0061de"",""modulation_padding_bits"":0,""mother_bits"":7488,""n"":2540,""n_cb"":7200,""n_cb_comp"":7084,""power_protocol"":""fixed_constellation_average_Es2"",""puncturing_bits"":4832,""puncturing_first_2Z"":288,""puncturing_remaining"":4544,""repetition_bits"":0,""scrambling"":""public_PCG64_SHA256_protocol_session_frame_group_counter_after_rate_matching_v1"",""shortening_bits"":116,""z"":144}",[1024]
QPSK,2/3,QPSK:r2/3,f2148db9956e6d506a84a070e9c84cb994344246cb192e1b59fb8624d6bfa6b5,408,16,0,424,560,136,2912,1200,600,0,0.35333333333333333,0.34,"{""actual_effective_rate"":0.35333333333333333,""bg"":""bg2"",""bit_mapping"":""component_Gray_00_-3_01_-1_10_3_11_1_over_sqrt5;QPSK_0_plus1_1_minus1"",""code_blocks"":1,""decoder_config"":{""cn_schedule"":""flooding"",""cn_update"":""boxplus-phi"",""early_stop"":false,""hard_out"":true,""harq_mode"":false,""llr_max"":20.0,""num_iter"":20,""precision"":""single"",""prune_pcm"":true,""return_infobits"":true,""vn_update"":""sum""},""implementation"":{""bit_mapping"":""component_Gray_00_-3_01_-1_10_3_11_1_over_sqrt5;QPSK_0_plus1_1_minus1"",""cuda"":""12.8"",""decoder"":{""cn_schedule"":""flooding"",""cn_update"":""boxplus-phi"",""early_stop"":false,""hard_out"":true,""harq_mode"":false,""llr_max"":20.0,""num_iter"":20,""precision"":""single"",""prune_pcm"":true,""return_infobits"":true,""vn_update"":""sum""},""decoder_source_sha256"":""44d84b92b749e2970f94d92cd348a11648e2286b4d851faa0af8b21d08f0da23"",""encoder_source_sha256"":""34d8db6660b2e84708a8fb534f63c194f6f2b964e3693fcffc9dcaf21532ccfd"",""implementation"":""Sionna_5G_LDPC"",""power_protocol"":""fixed_constellation_average_Es2"",""precision"":""float32"",""rate_matching"":""Sionna RV0; filler removal, first2Z and tail puncturing; supported n only"",""scrambling"":""public_PCG64_SHA256_protocol_session_frame_group_counter_after_rate_matching_v1"",""torch"":""2.11.0+cu128"",""version"":""2.2.0""},""interleaver_sha256"":""01d87e84e49a104585f68620eff98ce824d899022b4cac41b33654db478615d3"",""k"":424,""k_filler"":136,""k_ldpc"":560,""layout_id"":""961c3ec5a240f4dc7a8b41e09cfb659c32ddac117a1b1797e90198da120f0589"",""modulation_padding_bits"":0,""mother_bits"":2912,""n"":1200,""n_cb"":2800,""n_cb_comp"":2664,""power_protocol"":""fixed_constellation_average_Es2"",""puncturing_bits"":1576,""puncturing_first_2Z"":112,""puncturing_remaining"":1464,""repetition_bits"":0,""scrambling"":""public_PCG64_SHA256_protocol_session_frame_group_counter_after_rate_matching_v1"",""shortening_bits"":136,""z"":56}",[1024]
16QAM,1/2,16QAM:r1/2,f2217913bcb705ad0fd997cddbdbeb34c79c1c3259e64be73c5748d1a2386707,1008,16,0,1024,1040,16,5408,2552,638,0,0.4012539184952978,0.3949843260188088,"{""actual_effective_rate"":0.4012539184952978,""bg"":""bg2"",""bit_mapping"":""component_Gray_00_-3_01_-1_10_3_11_1_over_sqrt5;QPSK_0_plus1_1_minus1"",""code_blocks"":1,""decoder_config"":{""cn_schedule"":""flooding"",""cn_update"":""boxplus-phi"",""early_stop"":false,""hard_out"":true,""harq_mode"":false,""llr_max"":20.0,""num_iter"":20,""precision"":""single"",""prune_pcm"":true,""return_infobits"":true,""vn_update"":""sum""},""implementation"":{""bit_mapping"":""component_Gray_00_-3_01_-1_10_3_11_1_over_sqrt5;QPSK_0_plus1_1_minus1"",""cuda"":""12.8"",""decoder"":{""cn_schedule"":""flooding"",""cn_update"":""boxplus-phi"",""early_stop"":false,""hard_out"":true,""harq_mode"":false,""llr_max"":20.0,""num_iter"":20,""precision"":""single"",""prune_pcm"":true,""return_infobits"":true,""vn_update"":""sum""},""decoder_source_sha256"":""44d84b92b749e2970f94d92cd348a11648e2286b4d851faa0af8b21d08f0da23"",""encoder_source_sha256"":""34d8db6660b2e84708a8fb534f63c194f6f2b964e3693fcffc9dcaf21532ccfd"",""implementation"":""Sionna_5G_LDPC"",""power_protocol"":""fixed_constellation_average_Es2"",""precision"":""float32"",""rate_matching"":""Sionna RV0; filler removal, first2Z and tail puncturing; supported n only"",""scrambling"":""public_PCG64_SHA256_protocol_session_frame_group_counter_after_rate_matching_v1"",""torch"":""2.11.0+cu128"",""version"":""2.2.0""},""interleaver_sha256"":""63e1ef63f69b970b93847c1b9425f9f28bb19912831faa8160e6de019c3f855f"",""k"":1024,""k_filler"":16,""k_ldpc"":1040,""layout_id"":""1de8454af49f77ce86cdbb2eac14229e8dbcb56b68c0240f9cde63b7226cf31b"",""modulation_padding_bits"":0,""mother_bits"":5408,""n"":2552,""n_cb"":5200,""n_cb_comp"":5184,""power_protocol"":""fixed_constellation_average_Es2"",""puncturing_bits"":2840,""puncturing_first_2Z"":208,""puncturing_remaining"":2632,""repetition_bits"":0,""scrambling"":""public_PCG64_SHA256_protocol_session_frame_group_counter_after_rate_matching_v1"",""shortening_bits"":16,""z"":104}",[1024]
16QAM,1/3,16QAM:r1/3,f22bdaf3ca81e03885d6eca41f3a82bf918e55b00e3cf45762b3118d898f9c2d,1632,16,0,1648,1760,112,9152,4944,1236,0,0.3333333333333333,0.3300970873786408,"{""actual_effective_rate"":0.3333333333333333,""bg"":""bg2"",""bit_mapping"":""component_Gray_00_-3_01_-1_10_3_11_1_over_sqrt5;QPSK_0_plus1_1_minus1"",""code_blocks"":1,""decoder_config"":{""cn_schedule"":""flooding"",""cn_update"":""boxplus-phi"",""early_stop"":false,""hard_out"":true,""harq_mode"":false,""llr_max"":20.0,""num_iter"":20,""precision"":""single"",""prune_pcm"":true,""return_infobits"":true,""vn_update"":""sum""},""implementation"":{""bit_mapping"":""component_Gray_00_-3_01_-1_10_3_11_1_over_sqrt5;QPSK_0_plus1_1_minus1"",""cuda"":""12.8"",""decoder"":{""cn_schedule"":""flooding"",""cn_update"":""boxplus-phi"",""early_stop"":false,""hard_out"":true,""harq_mode"":false,""llr_max"":20.0,""num_iter"":20,""precision"":""single"",""prune_pcm"":true,""return_infobits"":true,""vn_update"":""sum""},""decoder_source_sha256"":""44d84b92b749e2970f94d92cd348a11648e2286b4d851faa0af8b21d08f0da23"",""encoder_source_sha256"":""34d8db6660b2e84708a8fb534f63c194f6f2b964e3693fcffc9dcaf21532ccfd"",""implementation"":""Sionna_5G_LDPC"",""power_protocol"":""fixed_constellation_average_Es2"",""precision"":""float32"",""rate_matching"":""Sionna RV0; filler removal, first2Z and tail puncturing; supported n only"",""scrambling"":""public_PCG64_SHA256_protocol_session_frame_group_counter_after_rate_matching_v1"",""torch"":""2.11.0+cu128"",""version"":""2.2.0""},""interleaver_sha256"":""7bcb010de425b753e7c6c92ff03b32f09655f95ea9eff4ea9ba54ee062bba2bf"",""k"":1648,""k_filler"":112,""k_ldpc"":1760,""layout_id"":""2688c4460b5a6cc6dcdb6e61a442e0033a11e42d79d4234b29e086b99cf7e380"",""modulation_padding_bits"":0,""mother_bits"":9152,""n"":4944,""n_cb"":8800,""n_cb_comp"":8688,""power_protocol"":""fixed_constellation_average_Es2"",""puncturing_bits"":4096,""puncturing_first_2Z"":352,""puncturing_remaining"":3744,""repetition_bits"":0,""scrambling"":""public_PCG64_SHA256_protocol_session_frame_group_counter_after_rate_matching_v1"",""shortening_bits"":112,""z"":176}",[2048]
16QAM,1/2,16QAM:r1/2,f23891fb00695a3b8026998d52b61cfc5af3d1884c890d15daedd64db64a2ea1,360,16,0,376,480,104,2496,1052,263,0,0.3574144486692015,0.34220532319391633,"{""actual_effective_rate"":0.3574144486692015,""bg"":""bg2"",""bit_mapping"":""component_Gray_00_-3_01_-1_10_3_11_1_over_sqrt5;QPSK_0_plus1_1_minus1"",""code_blocks"":1,""decoder_config"":{""cn_schedule"":""flooding"",""cn_update"":""boxplus-phi"",""early_stop"":false,""hard_out"":true,""harq_mode"":false,""llr_max"":20.0,""num_iter"":20,""precision"":""single"",""prune_pcm"":true,""return_infobits"":true,""vn_update"":""sum""},""implementation"":{""bit_mapping"":""component_Gray_00_-3_01_-1_10_3_11_1_over_sqrt5;QPSK_0_plus1_1_minus1"",""cuda"":""12.8"",""decoder"":{""cn_schedule"":""flooding"",""cn_update"":""boxplus-phi"",""early_stop"":false,""hard_out"":true,""harq_mode"":false,""llr_max"":20.0,""num_iter"":20,""precision"":""single"",""prune_pcm"":true,""return_infobits"":true,""vn_update"":""sum""},""decoder_source_sha256"":""44d84b92b749e2970f94d92cd348a11648e2286b4d851faa0af8b21d08f0da23"",""encoder_source_sha256"":""34d8db6660b2e84708a8fb534f63c194f6f2b964e3693fcffc9dcaf21532ccfd"",""implementation"":""Sionna_5G_LDPC"",""power_protocol"":""fixed_constellation_average_Es2"",""precision"":""float32"",""rate_matching"":""Sionna RV0; filler removal, first2Z and tail puncturing; supported n only"",""scrambling"":""public_PCG64_SHA256_protocol_session_frame_group_counter_after_rate_matching_v1"",""torch"":""2.11.0+cu128"",""version"":""2.2.0""},""interleaver_sha256"":""758784f02f6fb37bdd7b5554caf08923acf7eba8037a0783cc91d69c0c8cceb6"",""k"":376,""k_filler"":104,""k_ldpc"":480,""layout_id"":""8b2a8d150b84a6f44f43df71c9023a4daaa4d85fb7ec51e58c06d34f08650506"",""modulation_padding_bits"":0,""mother_bits"":2496,""n"":1052,""n_cb"":2400,""n_cb_comp"":2296,""power_protocol"":""fixed_constellation_average_Es2"",""puncturing_bits"":1340,""puncturing_first_2Z"":96,""puncturing_remaining"":1244,""repetition_bits"":0,""scrambling"":""public_PCG64_SHA256_protocol_session_frame_group_counter_after_rate_matching_v1"",""shortening_bits"":104,""z"":48}",[1024]
QPSK,5/6,QPSK:r5/6,f2398a75cacfe6aa58e050ef077c080f3d0f5b85fc70cf360e701b8cf472b37a,660,16,0,676,720,44,3744,2972,1486,0,0.2274562584118439,0.22207267833109018,"{""actual_effective_rate"":0.2274562584118439,""bg"":""bg2"",""bit_mapping"":""component_Gray_00_-3_01_-1_10_3_11_1_over_sqrt5;QPSK_0_plus1_1_minus1"",""code_blocks"":1,""decoder_config"":{""cn_schedule"":""flooding"",""cn_update"":""boxplus-phi"",""early_stop"":false,""hard_out"":true,""harq_mode"":false,""llr_max"":20.0,""num_iter"":20,""precision"":""single"",""prune_pcm"":true,""return_infobits"":true,""vn_update"":""sum""},""implementation"":{""bit_mapping"":""component_Gray_00_-3_01_-1_10_3_11_1_over_sqrt5;QPSK_0_plus1_1_minus1"",""cuda"":""12.8"",""decoder"":{""cn_schedule"":""flooding"",""cn_update"":""boxplus-phi"",""early_stop"":false,""hard_out"":true,""harq_mode"":false,""llr_max"":20.0,""num_iter"":20,""precision"":""single"",""prune_pcm"":true,""return_infobits"":true,""vn_update"":""sum""},""decoder_source_sha256"":""44d84b92b749e2970f94d92cd348a11648e2286b4d851faa0af8b21d08f0da23"",""encoder_source_sha256"":""34d8db6660b2e84708a8fb534f63c194f6f2b964e3693fcffc9dcaf21532ccfd"",""implementation"":""Sionna_5G_LDPC"",""power_protocol"":""fixed_constellation_average_Es2"",""precision"":""float32"",""rate_matching"":""Sionna RV0; filler removal, first2Z and tail puncturing; supported n only"",""scrambling"":""public_PCG64_SHA256_protocol_session_frame_group_counter_after_rate_matching_v1"",""torch"":""2.11.0+cu128"",""version"":""2.2.0""},""interleaver_sha256"":""67c9f0fe0aaf3a1f18762f1728d7a73f4df0992e8f94e04b520863a8e9336c80"",""k"":676,""k_filler"":44,""k_ldpc"":720,""layout_id"":""41e97d4fd779977cbdd2f34a7f3df06dd1e53cbf2ff8b1c8523fe3fac5d0ee63"",""modulation_padding_bits"":0,""mother_bits"":3744,""n"":2972,""n_cb"":3600,""n_cb_comp"":3556,""power_protocol"":""fixed_constellation_average_Es2"",""puncturing_bits"":728,""puncturing_first_2Z"":144,""puncturing_remaining"":584,""repetition_bits"":0,""scrambling"":""public_PCG64_SHA256_protocol_session_frame_group_counter_after_rate_matching_v1"",""shortening_bits"":44,""z"":72}",[2048]
QPSK,5/6,QPSK:r5/6,f2438e56a4068e70fdebee7b48aaceba38823413fc6d7d2fcbac4eaa674d4ad0,1092,16,0,1108,1120,12,5824,2218,1109,0,0.4995491433724076,0.49233543733092877,"{""actual_effective_rate"":0.4995491433724076,""bg"":""bg2"",""bit_mapping"":""component_Gray_00_-3_01_-1_10_3_11_1_over_sqrt5;QPSK_0_plus1_1_minus1"",""code_blocks"":1,""decoder_config"":{""cn_schedule"":""flooding"",""cn_update"":""boxplus-phi"",""early_stop"":false,""hard_out"":true,""harq_mode"":false,""llr_max"":20.0,""num_iter"":20,""precision"":""single"",""prune_pcm"":true,""return_infobits"":true,""vn_update"":""sum""},""implementation"":{""bit_mapping"":""component_Gray_00_-3_01_-1_10_3_11_1_over_sqrt5;QPSK_0_plus1_1_minus1"",""cuda"":""12.8"",""decoder"":{""cn_schedule"":""flooding"",""cn_update"":""boxplus-phi"",""early_stop"":false,""hard_out"":true,""harq_mode"":false,""llr_max"":20.0,""num_iter"":20,""precision"":""single"",""prune_pcm"":true,""return_infobits"":true,""vn_update"":""sum""},""decoder_source_sha256"":""44d84b92b749e2970f94d92cd348a11648e2286b4d851faa0af8b21d08f0da23"",""encoder_source_sha256"":""34d8db6660b2e84708a8fb534f63c194f6f2b964e3693fcffc9dcaf21532ccfd"",""implementation"":""Sionna_5G_LDPC"",""power_protocol"":""fixed_constellation_average_Es2"",""precision"":""float32"",""rate_matching"":""Sionna RV0; filler removal, first2Z and tail puncturing; supported n only"",""scrambling"":""public_PCG64_SHA256_protocol_session_frame_group_counter_after_rate_matching_v1"",""torch"":""2.11.0+cu128"",""version"":""2.2.0""},""interleaver_sha256"":""4f784005f18a311b61dfded22f5f96b9a0afc483ba9ea05e83c8d3ef3ade8207"",""k"":1108,""k_filler"":12,""k_ldpc"":1120,""layout_id"":""ad9ff1a51179fadd6f3294cea23d27d8df5324d08647917cb30025670139fc4f"",""modulation_padding_bits"":0,""mother_bits"":5824,""n"":2218,""n_cb"":5600,""n_cb_comp"":5588,""power_protocol"":""fixed_constellation_average_Es2"",""puncturing_bits"":3594,""puncturing_first_2Z"":224,""puncturing_remaining"":3370,""repetition_bits"":0,""scrambling"":""public_PCG64_SHA256_protocol_session_frame_group_counter_after_rate_matching_v1"",""shortening_bits"":12,""z"":112}",[2048]
16QAM,1/2,16QAM:r1/2,f26150eaa3a7cb6e52b37d5acab7d11e6d5b27b63dd5bda89271bd58b20936d3,300,16,0,316,400,84,2080,632,158,0,0.5,0.47468354430379744,"{""actual_effective_rate"":0.5,""bg"":""bg2"",""bit_mapping"":""component_Gray_00_-3_01_-1_10_3_11_1_over_sqrt5;QPSK_0_plus1_1_minus1"",""code_blocks"":1,""decoder_config"":{""cn_schedule"":""flooding"",""cn_update"":""boxplus-phi"",""early_stop"":false,""hard_out"":true,""harq_mode"":false,""llr_max"":20.0,""num_iter"":20,""precision"":""single"",""prune_pcm"":true,""return_infobits"":true,""vn_update"":""sum""},""implementation"":{""bit_mapping"":""component_Gray_00_-3_01_-1_10_3_11_1_over_sqrt5;QPSK_0_plus1_1_minus1"",""cuda"":""12.8"",""decoder"":{""cn_schedule"":""flooding"",""cn_update"":""boxplus-phi"",""early_stop"":false,""hard_out"":true,""harq_mode"":false,""llr_max"":20.0,""num_iter"":20,""precision"":""single"",""prune_pcm"":true,""return_infobits"":true,""vn_update"":""sum""},""decoder_source_sha256"":""44d84b92b749e2970f94d92cd348a11648e2286b4d851faa0af8b21d08f0da23"",""encoder_source_sha256"":""34d8db6660b2e84708a8fb534f63c194f6f2b964e3693fcffc9dcaf21532ccfd"",""implementation"":""Sionna_5G_LDPC"",""power_protocol"":""fixed_constellation_average_Es2"",""precision"":""float32"",""rate_matching"":""Sionna RV0; filler removal, first2Z and tail puncturing; supported n only"",""scrambling"":""public_PCG64_SHA256_protocol_session_frame_group_counter_after_rate_matching_v1"",""torch"":""2.11.0+cu128"",""version"":""2.2.0""},""interleaver_sha256"":""dcfac2e2e087ed108bfbc2339d9faf586ba7bc8f258e765a577bf77fb99ebb5a"",""k"":316,""k_filler"":84,""k_ldpc"":400,""layout_id"":""115123eda9fc6dcea994b793eb56acaf5b11015025eb4183bab6f56feed30084"",""modulation_padding_bits"":0,""mother_bits"":2080,""n"":632,""n_cb"":2000,""n_cb_comp"":1916,""power_protocol"":""fixed_constellation_average_Es2"",""puncturing_bits"":1364,""puncturing_first_2Z"":80,""puncturing_remaining"":1284,""repetition_bits"":0,""scrambling"":""public_PCG64_SHA256_protocol_session_frame_group_counter_after_rate_matching_v1"",""shortening_bits"":84,""z"":40}","[1024,2048]"
16QAM,2/3,16QAM:r2/3,f264d2b026bdd852f836137eaaeee9e2993c02b5e6785f3c2f947887ce88c692,1512,16,0,1528,1600,72,8320,2292,573,0,0.6666666666666666,0.6596858638743456,"{""actual_effective_rate"":0.6666666666666666,""bg"":""bg2"",""bit_mapping"":""component_Gray_00_-3_01_-1_10_3_11_1_over_sqrt5;QPSK_0_plus1_1_minus1"",""code_blocks"":1,""decoder_config"":{""cn_schedule"":""flooding"",""cn_update"":""boxplus-phi"",""early_stop"":false,""hard_out"":true,""harq_mode"":false,""llr_max"":20.0,""num_iter"":20,""precision"":""single"",""prune_pcm"":true,""return_infobits"":true,""vn_update"":""sum""},""implementation"":{""bit_mapping"":""component_Gray_00_-3_01_-1_10_3_11_1_over_sqrt5;QPSK_0_plus1_1_minus1"",""cuda"":""12.8"",""decoder"":{""cn_schedule"":""flooding"",""cn_update"":""boxplus-phi"",""early_stop"":false,""hard_out"":true,""harq_mode"":false,""llr_max"":20.0,""num_iter"":20,""precision"":""single"",""prune_pcm"":true,""return_infobits"":true,""vn_update"":""sum""},""decoder_source_sha256"":""44d84b92b749e2970f94d92cd348a11648e2286b4d851faa0af8b21d08f0da23"",""encoder_source_sha256"":""34d8db6660b2e84708a8fb534f63c194f6f2b964e3693fcffc9dcaf21532ccfd"",""implementation"":""Sionna_5G_LDPC"",""power_protocol"":""fixed_constellation_average_Es2"",""precision"":""float32"",""rate_matching"":""Sionna RV0; filler removal, first2Z and tail puncturing; supported n only"",""scrambling"":""public_PCG64_SHA256_protocol_session_frame_group_counter_after_rate_matching_v1"",""torch"":""2.11.0+cu128"",""version"":""2.2.0""},""interleaver_sha256"":""070f4d7595bb60adef546cd9863361b4aa1555cb7f84c2fa9c26ad3a2922ae06"",""k"":1528,""k_filler"":72,""k_ldpc"":1600,""layout_id"":""0130c29e6281445e9cf37d4d67c8a117d50d4cdc686a84ab4434493765329aaa"",""modulation_padding_bits"":0,""mother_bits"":8320,""n"":2292,""n_cb"":8000,""n_cb_comp"":7928,""power_protocol"":""fixed_constellation_average_Es2"",""puncturing_bits"":5956,""puncturing_first_2Z"":320,""puncturing_remaining"":5636,""repetition_bits"":0,""scrambling"":""public_PCG64_SHA256_protocol_session_frame_group_counter_after_rate_matching_v1"",""shortening_bits"":72,""z"":160}",[2048]
QPSK,5/6,QPSK:r5/6,f2692b100a51e9e1e4f398509c56f3a91816d7c8a35b99964c0a3aab80db71bf,600,16,0,616,720,104,3744,1364,682,0,0.45161290322580644,0.4398826979472141,"{""actual_effective_rate"":0.45161290322580644,""bg"":""bg2"",""bit_mapping"":""component_Gray_00_-3_01_-1_10_3_11_1_over_sqrt5;QPSK_0_plus1_1_minus1"",""code_blocks"":1,""decoder_config"":{""cn_schedule"":""flooding"",""cn_update"":""boxplus-phi"",""early_stop"":false,""hard_out"":true,""harq_mode"":false,""llr_max"":20.0,""num_iter"":20,""precision"":""single"",""prune_pcm"":true,""return_infobits"":true,""vn_update"":""sum""},""implementation"":{""bit_mapping"":""component_Gray_00_-3_01_-1_10_3_11_1_over_sqrt5;QPSK_0_plus1_1_minus1"",""cuda"":""12.8"",""decoder"":{""cn_schedule"":""flooding"",""cn_update"":""boxplus-phi"",""early_stop"":false,""hard_out"":true,""harq_mode"":false,""llr_max"":20.0,""num_iter"":20,""precision"":""single"",""prune_pcm"":true,""return_infobits"":true,""vn_update"":""sum""},""decoder_source_sha256"":""44d84b92b749e2970f94d92cd348a11648e2286b4d851faa0af8b21d08f0da23"",""encoder_source_sha256"":""34d8db6660b2e84708a8fb534f63c194f6f2b964e3693fcffc9dcaf21532ccfd"",""implementation"":""Sionna_5G_LDPC"",""power_protocol"":""fixed_constellation_average_Es2"",""precision"":""float32"",""rate_matching"":""Sionna RV0; filler removal, first2Z and tail puncturing; supported n only"",""scrambling"":""public_PCG64_SHA256_protocol_session_frame_group_counter_after_rate_matching_v1"",""torch"":""2.11.0+cu128"",""version"":""2.2.0""},""interleaver_sha256"":""5da4c39d9e52b5a309e6c8584c3d574b6664c364ccebd4a0574c36c1fc600083"",""k"":616,""k_filler"":104,""k_ldpc"":720,""layout_id"":""07ac9331de33c8ca516f2a9c014290c436ceac203de1e2a3f87f530c77036d4a"",""modulation_padding_bits"":0,""mother_bits"":3744,""n"":1364,""n_cb"":3600,""n_cb_comp"":3496,""power_protocol"":""fixed_constellation_average_Es2"",""puncturing_bits"":2276,""puncturing_first_2Z"":144,""puncturing_remaining"":2132,""repetition_bits"":0,""scrambling"":""public_PCG64_SHA256_protocol_session_frame_group_counter_after_rate_matching_v1"",""shortening_bits"":104,""z"":72}",[2048]
QPSK,1/2,QPSK:r1/2,f276d3c55ee424a51b2df139a9684bcdd153a889ac3f5c173b117441470124ce,660,16,0,676,720,44,3744,1396,698,0,0.48424068767908307,0.47277936962750716,"{""actual_effective_rate"":0.48424068767908307,""bg"":""bg2"",""bit_mapping"":""component_Gray_00_-3_01_-1_10_3_11_1_over_sqrt5;QPSK_0_plus1_1_minus1"",""code_blocks"":1,""decoder_config"":{""cn_schedule"":""flooding"",""cn_update"":""boxplus-phi"",""early_stop"":false,""hard_out"":true,""harq_mode"":false,""llr_max"":20.0,""num_iter"":20,""precision"":""single"",""prune_pcm"":true,""return_infobits"":true,""vn_update"":""sum""},""implementation"":{""bit_mapping"":""component_Gray_00_-3_01_-1_10_3_11_1_over_sqrt5;QPSK_0_plus1_1_minus1"",""cuda"":""12.8"",""decoder"":{""cn_schedule"":""flooding"",""cn_update"":""boxplus-phi"",""early_stop"":false,""hard_out"":true,""harq_mode"":false,""llr_max"":20.0,""num_iter"":20,""precision"":""single"",""prune_pcm"":true,""return_infobits"":true,""vn_update"":""sum""},""decoder_source_sha256"":""44d84b92b749e2970f94d92cd348a11648e2286b4d851faa0af8b21d08f0da23"",""encoder_source_sha256"":""34d8db6660b2e84708a8fb534f63c194f6f2b964e3693fcffc9dcaf21532ccfd"",""implementation"":""Sionna_5G_LDPC"",""power_protocol"":""fixed_constellation_average_Es2"",""precision"":""float32"",""rate_matching"":""Sionna RV0; filler removal, first2Z and tail puncturing; supported n only"",""scrambling"":""public_PCG64_SHA256_protocol_session_frame_group_counter_after_rate_matching_v1"",""torch"":""2.11.0+cu128"",""version"":""2.2.0""},""interleaver_sha256"":""2d9ad25ded841d51345d01c3c9ad3eb18a157ed39c5c9dd122d543a5473f0fd3"",""k"":676,""k_filler"":44,""k_ldpc"":720,""layout_id"":""c19bf5272678f8f9235d46c5b2ddac43fec32836b87d33c2f51168581d5373e1"",""modulation_padding_bits"":0,""mother_bits"":3744,""n"":1396,""n_cb"":3600,""n_cb_comp"":3556,""power_protocol"":""fixed_constellation_average_Es2"",""puncturing_bits"":2304,""puncturing_first_2Z"":144,""puncturing_remaining"":2160,""repetition_bits"":0,""scrambling"":""public_PCG64_SHA256_protocol_session_frame_group_counter_after_rate_matching_v1"",""shortening_bits"":44,""z"":72}",[1024]
QPSK,5/6,QPSK:r5/6,f28747d9090bc1a40fa9447c2cc3f3911ca8a39c1b6a1f49122970f4b5cbcaf7,600,16,0,616,616,0,1904,758,379,0,0.8126649076517151,0.7915567282321899,"{""actual_effective_rate"":0.8126649076517151,""bg"":""bg1"",""bit_mapping"":""component_Gray_00_-3_01_-1_10_3_11_1_over_sqrt5;QPSK_0_plus1_1_minus1"",""code_blocks"":1,""decoder_config"":{""cn_schedule"":""flooding"",""cn_update"":""boxplus-phi"",""early_stop"":false,""hard_out"":true,""harq_mode"":false,""llr_max"":20.0,""num_iter"":20,""precision"":""single"",""prune_pcm"":true,""return_infobits"":true,""vn_update"":""sum""},""implementation"":{""bit_mapping"":""component_Gray_00_-3_01_-1_10_3_11_1_over_sqrt5;QPSK_0_plus1_1_minus1"",""cuda"":""12.8"",""decoder"":{""cn_schedule"":""flooding"",""cn_update"":""boxplus-phi"",""early_stop"":false,""hard_out"":true,""harq_mode"":false,""llr_max"":20.0,""num_iter"":20,""precision"":""single"",""prune_pcm"":true,""return_infobits"":true,""vn_update"":""sum""},""decoder_source_sha256"":""44d84b92b749e2970f94d92cd348a11648e2286b4d851faa0af8b21d08f0da23"",""encoder_source_sha256"":""34d8db6660b2e84708a8fb534f63c194f6f2b964e3693fcffc9dcaf21532ccfd"",""implementation"":""Sionna_5G_LDPC"",""power_protocol"":""fixed_constellation_average_Es2"",""precision"":""float32"",""rate_matching"":""Sionna RV0; filler removal, first2Z and tail puncturing; supported n only"",""scrambling"":""public_PCG64_SHA256_protocol_session_frame_group_counter_after_rate_matching_v1"",""torch"":""2.11.0+cu128"",""version"":""2.2.0""},""interleaver_sha256"":""1911f57636bee90af5a816f2721244e4d50f44390aedc179585a23c2313074d8"",""k"":616,""k_filler"":0,""k_ldpc"":616,""layout_id"":""ab89470fbd7023305f4f3801964e40dcbab56f9671e7d95e6b6858defcb19d90"",""modulation_padding_bits"":0,""mother_bits"":1904,""n"":758,""n_cb"":1848,""n_cb_comp"":1848,""power_protocol"":""fixed_constellation_average_Es2"",""puncturing_bits"":1146,""puncturing_first_2Z"":56,""puncturing_remaining"":1090,""repetition_bits"":0,""scrambling"":""public_PCG64_SHA256_protocol_session_frame_group_counter_after_rate_matching_v1"",""shortening_bits"":0,""z"":28}",[1024]
16QAM,5/6,16QAM:r5/6,f290b29b44c7a1523c4cd3d33629d713c285cc51f10acaf7429c3df9b83a9868,3996,16,0,4012,4224,212,13056,5100,1275,0,0.7866666666666666,0.7835294117647059,"{""actual_effective_rate"":0.7866666666666666,""bg"":""bg1"",""bit_mapping"":""component_Gray_00_-3_01_-1_10_3_11_1_over_sqrt5;QPSK_0_plus1_1_minus1"",""code_blocks"":1,""decoder_config"":{""cn_schedule"":""flooding"",""cn_update"":""boxplus-phi"",""early_stop"":false,""hard_out"":true,""harq_mode"":false,""llr_max"":20.0,""num_iter"":20,""precision"":""single"",""prune_pcm"":true,""return_infobits"":true,""vn_update"":""sum""},""implementation"":{""bit_mapping"":""component_Gray_00_-3_01_-1_10_3_11_1_over_sqrt5;QPSK_0_plus1_1_minus1"",""cuda"":""12.8"",""decoder"":{""cn_schedule"":""flooding"",""cn_update"":""boxplus-phi"",""early_stop"":false,""hard_out"":true,""harq_mode"":false,""llr_max"":20.0,""num_iter"":20,""precision"":""single"",""prune_pcm"":true,""return_infobits"":true,""vn_update"":""sum""},""decoder_source_sha256"":""44d84b92b749e2970f94d92cd348a11648e2286b4d851faa0af8b21d08f0da23"",""encoder_source_sha256"":""34d8db6660b2e84708a8fb534f63c194f6f2b964e3693fcffc9dcaf21532ccfd"",""implementation"":""Sionna_5G_LDPC"",""power_protocol"":""fixed_constellation_average_Es2"",""precision"":""float32"",""rate_matching"":""Sionna RV0; filler removal, first2Z and tail puncturing; supported n only"",""scrambling"":""public_PCG64_SHA256_protocol_session_frame_group_counter_after_rate_matching_v1"",""torch"":""2.11.0+cu128"",""version"":""2.2.0""},""interleaver_sha256"":""b1e71ad79e3f2e419409f8c5c4b67c6b2248b76784068b333938eee1488158e6"",""k"":4012,""k_filler"":212,""k_ldpc"":4224,""layout_id"":""1123a6e69609507fe26364b21fb051a5b8a8b774e6954921e0dafcea575a5c82"",""modulation_padding_bits"":0,""mother_bits"":13056,""n"":5100,""n_cb"":12672,""n_cb_comp"":12460,""power_protocol"":""fixed_constellation_average_Es2"",""puncturing_bits"":7744,""puncturing_first_2Z"":384,""puncturing_remaining"":7360,""repetition_bits"":0,""scrambling"":""public_PCG64_SHA256_protocol_session_frame_group_counter_after_rate_matching_v1"",""shortening_bits"":212,""z"":192}",[2048]
16QAM,1/2,16QAM:r1/2,f299fd36d5c60d0fd437eaf7e56475f98ce5be06acf2d15d087f9f1114385e05,576,16,0,592,720,128,3744,1796,449,0,0.32962138084632514,0.3207126948775056,"{""actual_effective_rate"":0.32962138084632514,""bg"":""bg2"",""bit_mapping"":""component_Gray_00_-3_01_-1_10_3_11_1_over_sqrt5;QPSK_0_plus1_1_minus1"",""code_blocks"":1,""decoder_config"":{""cn_schedule"":""flooding"",""cn_update"":""boxplus-phi"",""early_stop"":false,""hard_out"":true,""harq_mode"":false,""llr_max"":20.0,""num_iter"":20,""precision"":""single"",""prune_pcm"":true,""return_infobits"":true,""vn_update"":""sum""},""implementation"":{""bit_mapping"":""component_Gray_00_-3_01_-1_10_3_11_1_over_sqrt5;QPSK_0_plus1_1_minus1"",""cuda"":""12.8"",""decoder"":{""cn_schedule"":""flooding"",""cn_update"":""boxplus-phi"",""early_stop"":false,""hard_out"":true,""harq_mode"":false,""llr_max"":20.0,""num_iter"":20,""precision"":""single"",""prune_pcm"":true,""return_infobits"":true,""vn_update"":""sum""},""decoder_source_sha256"":""44d84b92b749e2970f94d92cd348a11648e2286b4d851faa0af8b21d08f0da23"",""encoder_source_sha256"":""34d8db6660b2e84708a8fb534f63c194f6f2b964e3693fcffc9dcaf21532ccfd"",""implementation"":""Sionna_5G_LDPC"",""power_protocol"":""fixed_constellation_average_Es2"",""precision"":""float32"",""rate_matching"":""Sionna RV0; filler removal, first2Z and tail puncturing; supported n only"",""scrambling"":""public_PCG64_SHA256_protocol_session_frame_group_counter_after_rate_matching_v1"",""torch"":""2.11.0+cu128"",""version"":""2.2.0""},""interleaver_sha256"":""ba87d424016c37cf0d6008b76497901c098537a0cb9309228b43b73d927f3ea9"",""k"":592,""k_filler"":128,""k_ldpc"":720,""layout_id"":""1f7b78bbe5c8a30593769a178ab22c24bf7f5a197f6aa8c452d217a6cfd2b5e9"",""modulation_padding_bits"":0,""mother_bits"":3744,""n"":1796,""n_cb"":3600,""n_cb_comp"":3472,""power_protocol"":""fixed_constellation_average_Es2"",""puncturing_bits"":1820,""puncturing_first_2Z"":144,""puncturing_remaining"":1676,""repetition_bits"":0,""scrambling"":""public_PCG64_SHA256_protocol_session_frame_group_counter_after_rate_matching_v1"",""shortening_bits"":128,""z"":72}",[1024]
16QAM,2/3,16QAM:r2/3,f2b65994635ca0a5afc0946300f1291376409741c95d3c1c9d89b8e7ed59a1f2,3912,16,0,3928,4224,296,13056,6440,1610,0,0.6099378881987577,0.6074534161490683,"{""actual_effective_rate"":0.6099378881987577,""bg"":""bg1"",""bit_mapping"":""component_Gray_00_-3_01_-1_10_3_11_1_over_sqrt5;QPSK_0_plus1_1_minus1"",""code_blocks"":1,""decoder_config"":{""cn_schedule"":""flooding"",""cn_update"":""boxplus-phi"",""early_stop"":false,""hard_out"":true,""harq_mode"":false,""llr_max"":20.0,""num_iter"":20,""precision"":""single"",""prune_pcm"":true,""return_infobits"":true,""vn_update"":""sum""},""implementation"":{""bit_mapping"":""component_Gray_00_-3_01_-1_10_3_11_1_over_sqrt5;QPSK_0_plus1_1_minus1"",""cuda"":""12.8"",""decoder"":{""cn_schedule"":""flooding"",""cn_update"":""boxplus-phi"",""early_stop"":false,""hard_out"":true,""harq_mode"":false,""llr_max"":20.0,""num_iter"":20,""precision"":""single"",""prune_pcm"":true,""return_infobits"":true,""vn_update"":""sum""},""decoder_source_sha256"":""44d84b92b749e2970f94d92cd348a11648e2286b4d851faa0af8b21d08f0da23"",""encoder_source_sha256"":""34d8db6660b2e84708a8fb534f63c194f6f2b964e3693fcffc9dcaf21532ccfd"",""implementation"":""Sionna_5G_LDPC"",""power_protocol"":""fixed_constellation_average_Es2"",""precision"":""float32"",""rate_matching"":""Sionna RV0; filler removal, first2Z and tail puncturing; supported n only"",""scrambling"":""public_PCG64_SHA256_protocol_session_frame_group_counter_after_rate_matching_v1"",""torch"":""2.11.0+cu128"",""version"":""2.2.0""},""interleaver_sha256"":""24e06d3c8cb56f2838a24ce6db02ab612750d7bdbc5fe37ecb1b29292cf2f7ef"",""k"":3928,""k_filler"":296,""k_ldpc"":4224,""layout_id"":""e8fa2128e621b872a3cc1e9cc826209d8ba0e63dd615c8ff79720a4639fe6089"",""modulation_padding_bits"":0,""mother_bits"":13056,""n"":6440,""n_cb"":12672,""n_cb_comp"":12376,""power_protocol"":""fixed_constellation_average_Es2"",""puncturing_bits"":6320,""puncturing_first_2Z"":384,""puncturing_remaining"":5936,""repetition_bits"":0,""scrambling"":""public_PCG64_SHA256_protocol_session_frame_group_counter_after_rate_matching_v1"",""shortening_bits"":296,""z"":192}",[2048]
16QAM,3/4,16QAM:r3/4,f2c5191c474f3fa42afccf178ec1b5f2502e1bc007ed8e1282d263b57903155d,1092,16,0,1108,1120,12,5824,3348,837,0,0.3309438470728793,0.32616487455197135,"{""actual_effective_rate"":0.3309438470728793,""bg"":""bg2"",""bit_mapping"":""component_Gray_00_-3_01_-1_10_3_11_1_over_sqrt5;QPSK_0_plus1_1_minus1"",""code_blocks"":1,""decoder_config"":{""cn_schedule"":""flooding"",""cn_update"":""boxplus-phi"",""early_stop"":false,""hard_out"":true,""harq_mode"":false,""llr_max"":20.0,""num_iter"":20,""precision"":""single"",""prune_pcm"":true,""return_infobits"":true,""vn_update"":""sum""},""implementation"":{""bit_mapping"":""component_Gray_00_-3_01_-1_10_3_11_1_over_sqrt5;QPSK_0_plus1_1_minus1"",""cuda"":""12.8"",""decoder"":{""cn_schedule"":""flooding"",""cn_update"":""boxplus-phi"",""early_stop"":false,""hard_out"":true,""harq_mode"":false,""llr_max"":20.0,""num_iter"":20,""precision"":""single"",""prune_pcm"":true,""return_infobits"":true,""vn_update"":""sum""},""decoder_source_sha256"":""44d84b92b749e2970f94d92cd348a11648e2286b4d851faa0af8b21d08f0da23"",""encoder_source_sha256"":""34d8db6660b2e84708a8fb534f63c194f6f2b964e3693fcffc9dcaf21532ccfd"",""implementation"":""Sionna_5G_LDPC"",""power_protocol"":""fixed_constellation_average_Es2"",""precision"":""float32"",""rate_matching"":""Sionna RV0; filler removal, first2Z and tail puncturing; supported n only"",""scrambling"":""public_PCG64_SHA256_protocol_session_frame_group_counter_after_rate_matching_v1"",""torch"":""2.11.0+cu128"",""version"":""2.2.0""},""interleaver_sha256"":""1045d1629b6f33f5e862147826d8b1b3013e1ca09c0e7c8d82047ebc2cf93b89"",""k"":1108,""k_filler"":12,""k_ldpc"":1120,""layout_id"":""cd5b01bb574d65070f4890b841ef1cf0ec65289527f52723e583f775ca05c7e5"",""modulation_padding_bits"":0,""mother_bits"":5824,""n"":3348,""n_cb"":5600,""n_cb_comp"":5588,""power_protocol"":""fixed_constellation_average_Es2"",""puncturing_bits"":2464,""puncturing_first_2Z"":224,""puncturing_remaining"":2240,""repetition_bits"":0,""scrambling"":""public_PCG64_SHA256_protocol_session_frame_group_counter_after_rate_matching_v1"",""shortening_bits"":12,""z"":112}",[2048]
16QAM,3/4,16QAM:r3/4,f2d0d13003aac86c755198ce5acd357abec09b68b3f5db22745a0a8374703480,360,16,0,376,480,104,2496,1648,412,0,0.22815533980582525,0.21844660194174756,"{""actual_effective_rate"":0.22815533980582525,""bg"":""bg2"",""bit_mapping"":""component_Gray_00_-3_01_-1_10_3_11_1_over_sqrt5;QPSK_0_plus1_1_minus1"",""code_blocks"":1,""decoder_config"":{""cn_schedule"":""flooding"",""cn_update"":""boxplus-phi"",""early_stop"":false,""hard_out"":true,""harq_mode"":false,""llr_max"":20.0,""num_iter"":20,""precision"":""single"",""prune_pcm"":true,""return_infobits"":true,""vn_update"":""sum""},""implementation"":{""bit_mapping"":""component_Gray_00_-3_01_-1_10_3_11_1_over_sqrt5;QPSK_0_plus1_1_minus1"",""cuda"":""12.8"",""decoder"":{""cn_schedule"":""flooding"",""cn_update"":""boxplus-phi"",""early_stop"":false,""hard_out"":true,""harq_mode"":false,""llr_max"":20.0,""num_iter"":20,""precision"":""single"",""prune_pcm"":true,""return_infobits"":true,""vn_update"":""sum""},""decoder_source_sha256"":""44d84b92b749e2970f94d92cd348a11648e2286b4d851faa0af8b21d08f0da23"",""encoder_source_sha256"":""34d8db6660b2e84708a8fb534f63c194f6f2b964e3693fcffc9dcaf21532ccfd"",""implementation"":""Sionna_5G_LDPC"",""power_protocol"":""fixed_constellation_average_Es2"",""precision"":""float32"",""rate_matching"":""Sionna RV0; filler removal, first2Z and tail puncturing; supported n only"",""scrambling"":""public_PCG64_SHA256_protocol_session_frame_group_counter_after_rate_matching_v1"",""torch"":""2.11.0+cu128"",""version"":""2.2.0""},""interleaver_sha256"":""785cf62455f3a146509ffa5b8184734bf2780b37d8c109c47f1c29c92efc57ae"",""k"":376,""k_filler"":104,""k_ldpc"":480,""layout_id"":""7c8d145c3a3458a8c70f6da8eeba47f085a8674412cd20ae6241aa2f20ad8d1f"",""modulation_padding_bits"":0,""mother_bits"":2496,""n"":1648,""n_cb"":2400,""n_cb_comp"":2296,""power_protocol"":""fixed_constellation_average_Es2"",""puncturing_bits"":744,""puncturing_first_2Z"":96,""puncturing_remaining"":648,""repetition_bits"":0,""scrambling"":""public_PCG64_SHA256_protocol_session_frame_group_counter_after_rate_matching_v1"",""shortening_bits"":104,""z"":48}",[2048]
16QAM,3/4,16QAM:r3/4,f2f23af8063e473aca10f1593b7c49c9c7a1e486b8251c5a7d9eb4fdf8369870,624,16,0,640,720,80,3744,2500,625,0,0.256,0.2496,"{""actual_effective_rate"":0.256,""bg"":""bg2"",""bit_mapping"":""component_Gray_00_-3_01_-1_10_3_11_1_over_sqrt5;QPSK_0_plus1_1_minus1"",""code_blocks"":1,""decoder_config"":{""cn_schedule"":""flooding"",""cn_update"":""boxplus-phi"",""early_stop"":false,""hard_out"":true,""harq_mode"":false,""llr_max"":20.0,""num_iter"":20,""precision"":""single"",""prune_pcm"":true,""return_infobits"":true,""vn_update"":""sum""},""implementation"":{""bit_mapping"":""component_Gray_00_-3_01_-1_10_3_11_1_over_sqrt5;QPSK_0_plus1_1_minus1"",""cuda"":""12.8"",""decoder"":{""cn_schedule"":""flooding"",""cn_update"":""boxplus-phi"",""early_stop"":false,""hard_out"":true,""harq_mode"":false,""llr_max"":20.0,""num_iter"":20,""precision"":""single"",""prune_pcm"":true,""return_infobits"":true,""vn_update"":""sum""},""decoder_source_sha256"":""44d84b92b749e2970f94d92cd348a11648e2286b4d851faa0af8b21d08f0da23"",""encoder_source_sha256"":""34d8db6660b2e84708a8fb534f63c194f6f2b964e3693fcffc9dcaf21532ccfd"",""implementation"":""Sionna_5G_LDPC"",""power_protocol"":""fixed_constellation_average_Es2"",""precision"":""float32"",""rate_matching"":""Sionna RV0; filler removal, first2Z and tail puncturing; supported n only"",""scrambling"":""public_PCG64_SHA256_protocol_session_frame_group_counter_after_rate_matching_v1"",""torch"":""2.11.0+cu128"",""version"":""2.2.0""},""interleaver_sha256"":""5220f0d7c8dcdf66aea80dae1c7932483dbc1ccb4d8db9f21ad6ce68fed598a7"",""k"":640,""k_filler"":80,""k_ldpc"":720,""layout_id"":""791819f171181aa02a5cbea9b2262b4c1e79b112537f5b8ce4eada429f14fe13"",""modulation_padding_bits"":0,""mother_bits"":3744,""n"":2500,""n_cb"":3600,""n_cb_comp"":3520,""power_protocol"":""fixed_constellation_average_Es2"",""puncturing_bits"":1164,""puncturing_first_2Z"":144,""puncturing_remaining"":1020,""repetition_bits"":0,""scrambling"":""public_PCG64_SHA256_protocol_session_frame_group_counter_after_rate_matching_v1"",""shortening_bits"":80,""z"":72}",[1024]
QPSK,2/3,QPSK:r2/3,f2f33b9b3baef5412cc1eb6f64156be471cc8b32b137000522357f84dc60bb95,816,16,0,832,880,48,4576,2568,1284,0,0.32398753894080995,0.3177570093457944,"{""actual_effective_rate"":0.32398753894080995,""bg"":""bg2"",""bit_mapping"":""component_Gray_00_-3_01_-1_10_3_11_1_over_sqrt5;QPSK_0_plus1_1_minus1"",""code_blocks"":1,""decoder_config"":{""cn_schedule"":""flooding"",""cn_update"":""boxplus-phi"",""early_stop"":false,""hard_out"":true,""harq_mode"":false,""llr_max"":20.0,""num_iter"":20,""precision"":""single"",""prune_pcm"":true,""return_infobits"":true,""vn_update"":""sum""},""implementation"":{""bit_mapping"":""component_Gray_00_-3_01_-1_10_3_11_1_over_sqrt5;QPSK_0_plus1_1_minus1"",""cuda"":""12.8"",""decoder"":{""cn_schedule"":""flooding"",""cn_update"":""boxplus-phi"",""early_stop"":false,""hard_out"":true,""harq_mode"":false,""llr_max"":20.0,""num_iter"":20,""precision"":""single"",""prune_pcm"":true,""return_infobits"":true,""vn_update"":""sum""},""decoder_source_sha256"":""44d84b92b749e2970f94d92cd348a11648e2286b4d851faa0af8b21d08f0da23"",""encoder_source_sha256"":""34d8db6660b2e84708a8fb534f63c194f6f2b964e3693fcffc9dcaf21532ccfd"",""implementation"":""Sionna_5G_LDPC"",""power_protocol"":""fixed_constellation_average_Es2"",""precision"":""float32"",""rate_matching"":""Sionna RV0; filler removal, first2Z and tail puncturing; supported n only"",""scrambling"":""public_PCG64_SHA256_protocol_session_frame_group_counter_after_rate_matching_v1"",""torch"":""2.11.0+cu128"",""version"":""2.2.0""},""interleaver_sha256"":""e31eaebb2abf4fb717845347c4f5dc2beae5b19d1d3e8efb7a2012c18f4ef2ce"",""k"":832,""k_filler"":48,""k_ldpc"":880,""layout_id"":""8ae1be7067d33e7c5d4ac1f0a70aa4c50e738171732e9e8b9905eb35246502e0"",""modulation_padding_bits"":0,""mother_bits"":4576,""n"":2568,""n_cb"":4400,""n_cb_comp"":4352,""power_protocol"":""fixed_constellation_average_Es2"",""puncturing_bits"":1960,""puncturing_first_2Z"":176,""puncturing_remaining"":1784,""repetition_bits"":0,""scrambling"":""public_PCG64_SHA256_protocol_session_frame_group_counter_after_rate_matching_v1"",""shortening_bits"":48,""z"":88}",[2048]
16QAM,5/6,16QAM:r5/6,f3017e56e769818c23ae58828786405f3e4c10a3c7d90f2d13e6b749434b957b,2472,16,0,2488,2560,72,13312,3980,995,0,0.6251256281407035,0.6211055276381909,"{""actual_effective_rate"":0.6251256281407035,""bg"":""bg2"",""bit_mapping"":""component_Gray_00_-3_01_-1_10_3_11_1_over_sqrt5;QPSK_0_plus1_1_minus1"",""code_blocks"":1,""decoder_config"":{""cn_schedule"":""flooding"",""cn_update"":""boxplus-phi"",""early_stop"":false,""hard_out"":true,""harq_mode"":false,""llr_max"":20.0,""num_iter"":20,""precision"":""single"",""prune_pcm"":true,""return_infobits"":true,""vn_update"":""sum""},""implementation"":{""bit_mapping"":""component_Gray_00_-3_01_-1_10_3_11_1_over_sqrt5;QPSK_0_plus1_1_minus1"",""cuda"":""12.8"",""decoder"":{""cn_schedule"":""flooding"",""cn_update"":""boxplus-phi"",""early_stop"":false,""hard_out"":true,""harq_mode"":false,""llr_max"":20.0,""num_iter"":20,""precision"":""single"",""prune_pcm"":true,""return_infobits"":true,""vn_update"":""sum""},""decoder_source_sha256"":""44d84b92b749e2970f94d92cd348a11648e2286b4d851faa0af8b21d08f0da23"",""encoder_source_sha256"":""34d8db6660b2e84708a8fb534f63c194f6f2b964e3693fcffc9dcaf21532ccfd"",""implementation"":""Sionna_5G_LDPC"",""power_protocol"":""fixed_constellation_average_Es2"",""precision"":""float32"",""rate_matching"":""Sionna RV0; filler removal, first2Z and tail puncturing; supported n only"",""scrambling"":""public_PCG64_SHA256_protocol_session_frame_group_counter_after_rate_matching_v1"",""torch"":""2.11.0+cu128"",""version"":""2.2.0""},""interleaver_sha256"":""a1523bf4aa5d12588c4c80c8e1eff1d27828628516552d6f93fb0cb13867e785"",""k"":2488,""k_filler"":72,""k_ldpc"":2560,""layout_id"":""bf0523f11400ad59c98a573b494aacde2f2403c94aeb93c5b24a2876aaa7d0a0"",""modulation_padding_bits"":0,""mother_bits"":13312,""n"":3980,""n_cb"":12800,""n_cb_comp"":12728,""power_protocol"":""fixed_constellation_average_Es2"",""puncturing_bits"":9260,""puncturing_first_2Z"":512,""puncturing_remaining"":8748,""repetition_bits"":0,""scrambling"":""public_PCG64_SHA256_protocol_session_frame_group_counter_after_rate_matching_v1"",""shortening_bits"":72,""z"":256}",[2048]
16QAM,2/3,16QAM:r2/3,f30bd170c188ce74f8d299d0dfb0b61c3b1f67c5aa6783d266d5d0eecb12381f,1860,16,0,1876,1920,44,9984,4364,1091,0,0.4298808432630614,0.42621448212648944,"{""actual_effective_rate"":0.4298808432630614,""bg"":""bg2"",""bit_mapping"":""component_Gray_00_-3_01_-1_10_3_11_1_over_sqrt5;QPSK_0_plus1_1_minus1"",""code_blocks"":1,""decoder_config"":{""cn_schedule"":""flooding"",""cn_update"":""boxplus-phi"",""early_stop"":false,""hard_out"":true,""harq_mode"":false,""llr_max"":20.0,""num_iter"":20,""precision"":""single"",""prune_pcm"":true,""return_infobits"":true,""vn_update"":""sum""},""implementation"":{""bit_mapping"":""component_Gray_00_-3_01_-1_10_3_11_1_over_sqrt5;QPSK_0_plus1_1_minus1"",""cuda"":""12.8"",""decoder"":{""cn_schedule"":""flooding"",""cn_update"":""boxplus-phi"",""early_stop"":false,""hard_out"":true,""harq_mode"":false,""llr_max"":20.0,""num_iter"":20,""precision"":""single"",""prune_pcm"":true,""return_infobits"":true,""vn_update"":""sum""},""decoder_source_sha256"":""44d84b92b749e2970f94d92cd348a11648e2286b4d851faa0af8b21d08f0da23"",""encoder_source_sha256"":""34d8db6660b2e84708a8fb534f63c194f6f2b964e3693fcffc9dcaf21532ccfd"",""implementation"":""Sionna_5G_LDPC"",""power_protocol"":""fixed_constellation_average_Es2"",""precision"":""float32"",""rate_matching"":""Sionna RV0; filler removal, first2Z and tail puncturing; supported n only"",""scrambling"":""public_PCG64_SHA256_protocol_session_frame_group_counter_after_rate_matching_v1"",""torch"":""2.11.0+cu128"",""version"":""2.2.0""},""interleaver_sha256"":""a28c4d4ccaec8cc5a0dcc943ebbbd572f17653a6f69177d314cab98b9d9df0ac"",""k"":1876,""k_filler"":44,""k_ldpc"":1920,""layout_id"":""f5d44005705967767daf8a26a9cb9f44f8dc75ab44a12c648e903dcd0da78df5"",""modulation_padding_bits"":0,""mother_bits"":9984,""n"":4364,""n_cb"":9600,""n_cb_comp"":9556,""power_protocol"":""fixed_constellation_average_Es2"",""puncturing_bits"":5576,""puncturing_first_2Z"":384,""puncturing_remaining"":5192,""repetition_bits"":0,""scrambling"":""public_PCG64_SHA256_protocol_session_frame_group_counter_after_rate_matching_v1"",""shortening_bits"":44,""z"":192}",[2048]
16QAM,1/2,16QAM:r1/2,f30c7300c34b35079e20f4796c81fdc96118274f4e65c87933c1f17e2dfe7454,2400,16,0,2416,2560,144,13312,5576,1394,0,0.4332855093256815,0.430416068866571,"{""actual_effective_rate"":0.4332855093256815,""bg"":""bg2"",""bit_mapping"":""component_Gray_00_-3_01_-1_10_3_11_1_over_sqrt5;QPSK_0_plus1_1_minus1"",""code_blocks"":1,""decoder_config"":{""cn_schedule"":""flooding"",""cn_update"":""boxplus-phi"",""early_stop"":false,""hard_out"":true,""harq_mode"":false,""llr_max"":20.0,""num_iter"":20,""precision"":""single"",""prune_pcm"":true,""return_infobits"":true,""vn_update"":""sum""},""implementation"":{""bit_mapping"":""component_Gray_00_-3_01_-1_10_3_11_1_over_sqrt5;QPSK_0_plus1_1_minus1"",""cuda"":""12.8"",""decoder"":{""cn_schedule"":""flooding"",""cn_update"":""boxplus-phi"",""early_stop"":false,""hard_out"":true,""harq_mode"":false,""llr_max"":20.0,""num_iter"":20,""precision"":""single"",""prune_pcm"":true,""return_infobits"":true,""vn_update"":""sum""},""decoder_source_sha256"":""44d84b92b749e2970f94d92cd348a11648e2286b4d851faa0af8b21d08f0da23"",""encoder_source_sha256"":""34d8db6660b2e84708a8fb534f63c194f6f2b964e3693fcffc9dcaf21532ccfd"",""implementation"":""Sionna_5G_LDPC"",""power_protocol"":""fixed_constellation_average_Es2"",""precision"":""float32"",""rate_matching"":""Sionna RV0; filler removal, first2Z and tail puncturing; supported n only"",""scrambling"":""public_PCG64_SHA256_protocol_session_frame_group_counter_after_rate_matching_v1"",""torch"":""2.11.0+cu128"",""version"":""2.2.0""},""interleaver_sha256"":""b642517fff18af881dea37e56b370fdebb69be6a8272a16b4d61be432cb995a1"",""k"":2416,""k_filler"":144,""k_ldpc"":2560,""layout_id"":""f35a18e791db5a20b124015fb2a7447a8a096b0abdfe77bb70f65e1ca3386b08"",""modulation_padding_bits"":0,""mother_bits"":13312,""n"":5576,""n_cb"":12800,""n_cb_comp"":12656,""power_protocol"":""fixed_constellation_average_Es2"",""puncturing_bits"":7592,""puncturing_first_2Z"":512,""puncturing_remaining"":7080,""repetition_bits"":0,""scrambling"":""public_PCG64_SHA256_protocol_session_frame_group_counter_after_rate_matching_v1"",""shortening_bits"":144,""z"":256}",[2048]
16QAM,2/3,16QAM:r2/3,f320f8b6bcbf61a599d951e157efa06f2fd67b9b0506e5427899bcaa24ba1f12,360,16,0,376,480,104,2496,1364,341,0,0.2756598240469208,0.26392961876832843,"{""actual_effective_rate"":0.2756598240469208,""bg"":""bg2"",""bit_mapping"":""component_Gray_00_-3_01_-1_10_3_11_1_over_sqrt5;QPSK_0_plus1_1_minus1"",""code_blocks"":1,""decoder_config"":{""cn_schedule"":""flooding"",""cn_update"":""boxplus-phi"",""early_stop"":false,""hard_out"":true,""harq_mode"":false,""llr_max"":20.0,""num_iter"":20,""precision"":""single"",""prune_pcm"":true,""return_infobits"":true,""vn_update"":""sum""},""implementation"":{""bit_mapping"":""component_Gray_00_-3_01_-1_10_3_11_1_over_sqrt5;QPSK_0_plus1_1_minus1"",""cuda"":""12.8"",""decoder"":{""cn_schedule"":""flooding"",""cn_update"":""boxplus-phi"",""early_stop"":false,""hard_out"":true,""harq_mode"":false,""llr_max"":20.0,""num_iter"":20,""precision"":""single"",""prune_pcm"":true,""return_infobits"":true,""vn_update"":""sum""},""decoder_source_sha256"":""44d84b92b749e2970f94d92cd348a11648e2286b4d851faa0af8b21d08f0da23"",""encoder_source_sha256"":""34d8db6660b2e84708a8fb534f63c194f6f2b964e3693fcffc9dcaf21532ccfd"",""implementation"":""Sionna_5G_LDPC"",""power_protocol"":""fixed_constellation_average_Es2"",""precision"":""float32"",""rate_matching"":""Sionna RV0; filler removal, first2Z and tail puncturing; supported n only"",""scrambling"":""public_PCG64_SHA256_protocol_session_frame_group_counter_after_rate_matching_v1"",""torch"":""2.11.0+cu128"",""version"":""2.2.0""},""interleaver_sha256"":""aaacee6c49051671cef9c3bf7a8cceb5fe50ff49c4f465b46a655cb41ad8d950"",""k"":376,""k_filler"":104,""k_ldpc"":480,""layout_id"":""3d0d35db3060311cbf270be168e4da3a5291ac37af01eb34525b6ffa0242ab11"",""modulation_padding_bits"":0,""mother_bits"":2496,""n"":1364,""n_cb"":2400,""n_cb_comp"":2296,""power_protocol"":""fixed_constellation_average_Es2"",""puncturing_bits"":1028,""puncturing_first_2Z"":96,""puncturing_remaining"":932,""repetition_bits"":0,""scrambling"":""public_PCG64_SHA256_protocol_session_frame_group_counter_after_rate_matching_v1"",""shortening_bits"":104,""z"":48}","[1024,2048]"
QPSK,5/6,QPSK:r5/6,f330c72e73920d8ae6544db220420fe5ca111c1a052cc721d939559e7123e69a,216,16,0,232,300,68,1560,1006,503,0,0.23061630218687873,0.2147117296222664,"{""actual_effective_rate"":0.23061630218687873,""bg"":""bg2"",""bit_mapping"":""component_Gray_00_-3_01_-1_10_3_11_1_over_sqrt5;QPSK_0_plus1_1_minus1"",""code_blocks"":1,""decoder_config"":{""cn_schedule"":""flooding"",""cn_update"":""boxplus-phi"",""early_stop"":false,""hard_out"":true,""harq_mode"":false,""llr_max"":20.0,""num_iter"":20,""precision"":""single"",""prune_pcm"":true,""return_infobits"":true,""vn_update"":""sum""},""implementation"":{""bit_mapping"":""component_Gray_00_-3_01_-1_10_3_11_1_over_sqrt5;QPSK_0_plus1_1_minus1"",""cuda"":""12.8"",""decoder"":{""cn_schedule"":""flooding"",""cn_update"":""boxplus-phi"",""early_stop"":false,""hard_out"":true,""harq_mode"":false,""llr_max"":20.0,""num_iter"":20,""precision"":""single"",""prune_pcm"":true,""return_infobits"":true,""vn_update"":""sum""},""decoder_source_sha256"":""44d84b92b749e2970f94d92cd348a11648e2286b4d851faa0af8b21d08f0da23"",""encoder_source_sha256"":""34d8db6660b2e84708a8fb534f63c194f6f2b964e3693fcffc9dcaf21532ccfd"",""implementation"":""Sionna_5G_LDPC"",""power_protocol"":""fixed_constellation_average_Es2"",""precision"":""float32"",""rate_matching"":""Sionna RV0; filler removal, first2Z and tail puncturing; supported n only"",""scrambling"":""public_PCG64_SHA256_protocol_session_frame_group_counter_after_rate_matching_v1"",""torch"":""2.11.0+cu128"",""version"":""2.2.0""},""interleaver_sha256"":""9acca2a80adce09bed581beddf66a6085eb126c9d0e7837422faefce06e51f2d"",""k"":232,""k_filler"":68,""k_ldpc"":300,""layout_id"":""153e2efdb31a48cfecc396d6c75ee744d4455084705bcc929b41d0cbceda3806"",""modulation_padding_bits"":0,""mother_bits"":1560,""n"":1006,""n_cb"":1500,""n_cb_comp"":1432,""power_protocol"":""fixed_constellation_average_Es2"",""puncturing_bits"":486,""puncturing_first_2Z"":60,""puncturing_remaining"":426,""repetition_bits"":0,""scrambling"":""public_PCG64_SHA256_protocol_session_frame_group_counter_after_rate_matching_v1"",""shortening_bits"":68,""z"":30}",[1024]
QPSK,1/2,QPSK:r1/2,f336c907aadd23d89e1355695366c9ffd0a17c4b32c57296ae5cad28823698cf,216,16,0,232,300,68,1560,736,368,0,0.31521739130434784,0.29347826086956524,"{""actual_effective_rate"":0.31521739130434784,""bg"":""bg2"",""bit_mapping"":""component_Gray_00_-3_01_-1_10_3_11_1_over_sqrt5;QPSK_0_plus1_1_minus1"",""code_blocks"":1,""decoder_config"":{""cn_schedule"":""flooding"",""cn_update"":""boxplus-phi"",""early_stop"":false,""hard_out"":true,""harq_mode"":false,""llr_max"":20.0,""num_iter"":20,""precision"":""single"",""prune_pcm"":true,""return_infobits"":true,""vn_update"":""sum""},""implementation"":{""bit_mapping"":""component_Gray_00_-3_01_-1_10_3_11_1_over_sqrt5;QPSK_0_plus1_1_minus1"",""cuda"":""12.8"",""decoder"":{""cn_schedule"":""flooding"",""cn_update"":""boxplus-phi"",""early_stop"":false,""hard_out"":true,""harq_mode"":false,""llr_max"":20.0,""num_iter"":20,""precision"":""single"",""prune_pcm"":true,""return_infobits"":true,""vn_update"":""sum""},""decoder_source_sha256"":""44d84b92b749e2970f94d92cd348a11648e2286b4d851faa0af8b21d08f0da23"",""encoder_source_sha256"":""34d8db6660b2e84708a8fb534f63c194f6f2b964e3693fcffc9dcaf21532ccfd"",""implementation"":""Sionna_5G_LDPC"",""power_protocol"":""fixed_constellation_average_Es2"",""precision"":""float32"",""rate_matching"":""Sionna RV0; filler removal, first2Z and tail puncturing; supported n only"",""scrambling"":""public_PCG64_SHA256_protocol_session_frame_group_counter_after_rate_matching_v1"",""torch"":""2.11.0+cu128"",""version"":""2.2.0""},""interleaver_sha256"":""f56f715902ed5a2a8b1a439a5487b5a09151958ac3619b625cd3ec4730dc0269"",""k"":232,""k_filler"":68,""k_ldpc"":300,""layout_id"":""c4278ef4cbbb2de1f1765bd72c6d52ea3b5f9280d097fb370df7f7833980e3c4"",""modulation_padding_bits"":0,""mother_bits"":1560,""n"":736,""n_cb"":1500,""n_cb_comp"":1432,""power_protocol"":""fixed_constellation_average_Es2"",""puncturing_bits"":756,""puncturing_first_2Z"":60,""puncturing_remaining"":696,""repetition_bits"":0,""scrambling"":""public_PCG64_SHA256_protocol_session_frame_group_counter_after_rate_matching_v1"",""shortening_bits"":68,""z"":30}",[2048]
16QAM,2/3,16QAM:r2/3,f344fbf7b71c85543d53809bdda4c1417f06d4d7216bb01b829fdfa482e7bacf,600,16,0,616,720,104,3744,1116,279,0,0.5519713261648745,0.5376344086021505,"{""actual_effective_rate"":0.5519713261648745,""bg"":""bg2"",""bit_mapping"":""component_Gray_00_-3_01_-1_10_3_11_1_over_sqrt5;QPSK_0_plus1_1_minus1"",""code_blocks"":1,""decoder_config"":{""cn_schedule"":""flooding"",""cn_update"":""boxplus-phi"",""early_stop"":false,""hard_out"":true,""harq_mode"":false,""llr_max"":20.0,""num_iter"":20,""precision"":""single"",""prune_pcm"":true,""return_infobits"":true,""vn_update"":""sum""},""implementation"":{""bit_mapping"":""component_Gray_00_-3_01_-1_10_3_11_1_over_sqrt5;QPSK_0_plus1_1_minus1"",""cuda"":""12.8"",""decoder"":{""cn_schedule"":""flooding"",""cn_update"":""boxplus-phi"",""early_stop"":false,""hard_out"":true,""harq_mode"":false,""llr_max"":20.0,""num_iter"":20,""precision"":""single"",""prune_pcm"":true,""return_infobits"":true,""vn_update"":""sum""},""decoder_source_sha256"":""44d84b92b749e2970f94d92cd348a11648e2286b4d851faa0af8b21d08f0da23"",""encoder_source_sha256"":""34d8db6660b2e84708a8fb534f63c194f6f2b964e3693fcffc9dcaf21532ccfd"",""implementation"":""Sionna_5G_LDPC"",""power_protocol"":""fixed_constellation_average_Es2"",""precision"":""float32"",""rate_matching"":""Sionna RV0; filler removal, first2Z and tail puncturing; supported n only"",""scrambling"":""public_PCG64_SHA256_protocol_session_frame_group_counter_after_rate_matching_v1"",""torch"":""2.11.0+cu128"",""version"":""2.2.0""},""interleaver_sha256"":""3036cc6d954805dc1b02960775321cde1c04a1b1ffbd41f7676ede0263d7d165"",""k"":616,""k_filler"":104,""k_ldpc"":720,""layout_id"":""89eb379dd770c076e91f1554c9ccf20913c9c41a54b9dc8d5606a526a486acb8"",""modulation_padding_bits"":0,""mother_bits"":3744,""n"":1116,""n_cb"":3600,""n_cb_comp"":3496,""power_protocol"":""fixed_constellation_average_Es2"",""puncturing_bits"":2524,""puncturing_first_2Z"":144,""puncturing_remaining"":2380,""repetition_bits"":0,""scrambling"":""public_PCG64_SHA256_protocol_session_frame_group_counter_after_rate_matching_v1"",""shortening_bits"":104,""z"":72}",[2048]
QPSK,5/6,QPSK:r5/6,f35e07f1b5bf22fa70f7444eb1b72e0afd4ae0bdda15792a1f063a4fdfcc7987,1092,16,0,1108,1120,12,5824,2002,1001,0,0.5534465534465535,0.5454545454545454,"{""actual_effective_rate"":0.5534465534465535,""bg"":""bg2"",""bit_mapping"":""component_Gray_00_-3_01_-1_10_3_11_1_over_sqrt5;QPSK_0_plus1_1_minus1"",""code_blocks"":1,""decoder_config"":{""cn_schedule"":""flooding"",""cn_update"":""boxplus-phi"",""early_stop"":false,""hard_out"":true,""harq_mode"":false,""llr_max"":20.0,""num_iter"":20,""precision"":""single"",""prune_pcm"":true,""return_infobits"":true,""vn_update"":""sum""},""implementation"":{""bit_mapping"":""component_Gray_00_-3_01_-1_10_3_11_1_over_sqrt5;QPSK_0_plus1_1_minus1"",""cuda"":""12.8"",""decoder"":{""cn_schedule"":""flooding"",""cn_update"":""boxplus-phi"",""early_stop"":false,""hard_out"":true,""harq_mode"":false,""llr_max"":20.0,""num_iter"":20,""precision"":""single"",""prune_pcm"":true,""return_infobits"":true,""vn_update"":""sum""},""decoder_source_sha256"":""44d84b92b749e2970f94d92cd348a11648e2286b4d851faa0af8b21d08f0da23"",""encoder_source_sha256"":""34d8db6660b2e84708a8fb534f63c194f6f2b964e3693fcffc9dcaf21532ccfd"",""implementation"":""Sionna_5G_LDPC"",""power_protocol"":""fixed_constellation_average_Es2"",""precision"":""float32"",""rate_matching"":""Sionna RV0; filler removal, first2Z and tail puncturing; supported n only"",""scrambling"":""public_PCG64_SHA256_protocol_session_frame_group_counter_after_rate_matching_v1"",""torch"":""2.11.0+cu128"",""version"":""2.2.0""},""interleaver_sha256"":""6dd481e8224f79fe3b52ed0cee76960c8b3f9fb6170c8a4ce62c7ca550124b6f"",""k"":1108,""k_filler"":12,""k_ldpc"":1120,""layout_id"":""e4be00a9fa539ed7d837d5c0f139dbb8c47b861fe540b946aa9a2fd1203f0fba"",""modulation_padding_bits"":0,""mother_bits"":5824,""n"":2002,""n_cb"":5600,""n_cb_comp"":5588,""power_protocol"":""fixed_constellation_average_Es2"",""puncturing_bits"":3810,""puncturing_first_2Z"":224,""puncturing_remaining"":3586,""repetition_bits"":0,""scrambling"":""public_PCG64_SHA256_protocol_session_frame_group_counter_after_rate_matching_v1"",""shortening_bits"":12,""z"":112}",[2048]
16QAM,2/3,16QAM:r2/3,f3625ad6dd033867e115deae18b12934f630cf1c4c5e3c18d9ec30e76e528913,3996,16,0,4012,4224,212,13056,6204,1551,0,0.6466795615731786,0.6441005802707931,"{""actual_effective_rate"":0.6466795615731786,""bg"":""bg1"",""bit_mapping"":""component_Gray_00_-3_01_-1_10_3_11_1_over_sqrt5;QPSK_0_plus1_1_minus1"",""code_blocks"":1,""decoder_config"":{""cn_schedule"":""flooding"",""cn_update"":""boxplus-phi"",""early_stop"":false,""hard_out"":true,""harq_mode"":false,""llr_max"":20.0,""num_iter"":20,""precision"":""single"",""prune_pcm"":true,""return_infobits"":true,""vn_update"":""sum""},""implementation"":{""bit_mapping"":""component_Gray_00_-3_01_-1_10_3_11_1_over_sqrt5;QPSK_0_plus1_1_minus1"",""cuda"":""12.8"",""decoder"":{""cn_schedule"":""flooding"",""cn_update"":""boxplus-phi"",""early_stop"":false,""hard_out"":true,""harq_mode"":false,""llr_max"":20.0,""num_iter"":20,""precision"":""single"",""prune_pcm"":true,""return_infobits"":true,""vn_update"":""sum""},""decoder_source_sha256"":""44d84b92b749e2970f94d92cd348a11648e2286b4d851faa0af8b21d08f0da23"",""encoder_source_sha256"":""34d8db6660b2e84708a8fb534f63c194f6f2b964e3693fcffc9dcaf21532ccfd"",""implementation"":""Sionna_5G_LDPC"",""power_protocol"":""fixed_constellation_average_Es2"",""precision"":""float32"",""rate_matching"":""Sionna RV0; filler removal, first2Z and tail puncturing; supported n only"",""scrambling"":""public_PCG64_SHA256_protocol_session_frame_group_counter_after_rate_matching_v1"",""torch"":""2.11.0+cu128"",""version"":""2.2.0""},""interleaver_sha256"":""a1c1ef6630093b7ae7aca18da1946677b562b9b7cf78ca94bcd2013cda26c4d2"",""k"":4012,""k_filler"":212,""k_ldpc"":4224,""layout_id"":""bba5999ae86a846b06bd7f506dcf10f2ff2ea5cff7dee785958740d42fad0d93"",""modulation_padding_bits"":0,""mother_bits"":13056,""n"":6204,""n_cb"":12672,""n_cb_comp"":12460,""power_protocol"":""fixed_constellation_average_Es2"",""puncturing_bits"":6640,""puncturing_first_2Z"":384,""puncturing_remaining"":6256,""repetition_bits"":0,""scrambling"":""public_PCG64_SHA256_protocol_session_frame_group_counter_after_rate_matching_v1"",""shortening_bits"":212,""z"":192}",[2048]
QPSK,2/3,QPSK:r2/3,f364366c7b0421126e1a58adbbe4426461cb71d20b7fc23ded2f1f6cc676939f,768,16,0,784,800,16,4160,1858,929,0,0.4219590958019376,0.4133476856835307,"{""actual_effective_rate"":0.4219590958019376,""bg"":""bg2"",""bit_mapping"":""component_Gray_00_-3_01_-1_10_3_11_1_over_sqrt5;QPSK_0_plus1_1_minus1"",""code_blocks"":1,""decoder_config"":{""cn_schedule"":""flooding"",""cn_update"":""boxplus-phi"",""early_stop"":false,""hard_out"":true,""harq_mode"":false,""llr_max"":20.0,""num_iter"":20,""precision"":""single"",""prune_pcm"":true,""return_infobits"":true,""vn_update"":""sum""},""implementation"":{""bit_mapping"":""component_Gray_00_-3_01_-1_10_3_11_1_over_sqrt5;QPSK_0_plus1_1_minus1"",""cuda"":""12.8"",""decoder"":{""cn_schedule"":""flooding"",""cn_update"":""boxplus-phi"",""early_stop"":false,""hard_out"":true,""harq_mode"":false,""llr_max"":20.0,""num_iter"":20,""precision"":""single"",""prune_pcm"":true,""return_infobits"":true,""vn_update"":""sum""},""decoder_source_sha256"":""44d84b92b749e2970f94d92cd348a11648e2286b4d851faa0af8b21d08f0da23"",""encoder_source_sha256"":""34d8db6660b2e84708a8fb534f63c194f6f2b964e3693fcffc9dcaf21532ccfd"",""implementation"":""Sionna_5G_LDPC"",""power_protocol"":""fixed_constellation_average_Es2"",""precision"":""float32"",""rate_matching"":""Sionna RV0; filler removal, first2Z and tail puncturing; supported n only"",""scrambling"":""public_PCG64_SHA256_protocol_session_frame_group_counter_after_rate_matching_v1"",""torch"":""2.11.0+cu128"",""version"":""2.2.0""},""interleaver_sha256"":""d9accd54b2d9ed57089850079aea110b1aeaba40057a641d591c841252387bb3"",""k"":784,""k_filler"":16,""k_ldpc"":800,""layout_id"":""d22547e56ce74d290de10f996c1c3ce1b4c248d4ae43732d5bcebb7ed50683dc"",""modulation_padding_bits"":0,""mother_bits"":4160,""n"":1858,""n_cb"":4000,""n_cb_comp"":3984,""power_protocol"":""fixed_constellation_average_Es2"",""puncturing_bits"":2286,""puncturing_first_2Z"":160,""puncturing_remaining"":2126,""repetition_bits"":0,""scrambling"":""public_PCG64_SHA256_protocol_session_frame_group_counter_after_rate_matching_v1"",""shortening_bits"":16,""z"":80}",[2048]
QPSK,2/3,QPSK:r2/3,f3665c931b1e8a3307adb0fab69f896e5c94af0ccd23f146041674091f9d87bd,360,16,0,376,480,104,2496,746,373,0,0.5040214477211796,0.48257372654155495,"{""actual_effective_rate"":0.5040214477211796,""bg"":""bg2"",""bit_mapping"":""component_Gray_00_-3_01_-1_10_3_11_1_over_sqrt5;QPSK_0_plus1_1_minus1"",""code_blocks"":1,""decoder_config"":{""cn_schedule"":""flooding"",""cn_update"":""boxplus-phi"",""early_stop"":false,""hard_out"":true,""harq_mode"":false,""llr_max"":20.0,""num_iter"":20,""precision"":""single"",""prune_pcm"":true,""return_infobits"":true,""vn_update"":""sum""},""implementation"":{""bit_mapping"":""component_Gray_00_-3_01_-1_10_3_11_1_over_sqrt5;QPSK_0_plus1_1_minus1"",""cuda"":""12.8"",""decoder"":{""cn_schedule"":""flooding"",""cn_update"":""boxplus-phi"",""early_stop"":false,""hard_out"":true,""harq_mode"":false,""llr_max"":20.0,""num_iter"":20,""precision"":""single"",""prune_pcm"":true,""return_infobits"":true,""vn_update"":""sum""},""decoder_source_sha256"":""44d84b92b749e2970f94d92cd348a11648e2286b4d851faa0af8b21d08f0da23"",""encoder_source_sha256"":""34d8db6660b2e84708a8fb534f63c194f6f2b964e3693fcffc9dcaf21532ccfd"",""implementation"":""Sionna_5G_LDPC"",""power_protocol"":""fixed_constellation_average_Es2"",""precision"":""float32"",""rate_matching"":""Sionna RV0; filler removal, first2Z and tail puncturing; supported n only"",""scrambling"":""public_PCG64_SHA256_protocol_session_frame_group_counter_after_rate_matching_v1"",""torch"":""2.11.0+cu128"",""version"":""2.2.0""},""interleaver_sha256"":""c80dfa2ef136dc7bc42bb7852036d0a180b5e4e217fd1697acd4a923a0de38c0"",""k"":376,""k_filler"":104,""k_ldpc"":480,""layout_id"":""8f48b0889cccf0f80ba73490fb528c2b9fa5bc1204687ec892f70f13ba248079"",""modulation_padding_bits"":0,""mother_bits"":2496,""n"":746,""n_cb"":2400,""n_cb_comp"":2296,""power_protocol"":""fixed_constellation_average_Es2"",""puncturing_bits"":1646,""puncturing_first_2Z"":96,""puncturing_remaining"":1550,""repetition_bits"":0,""scrambling"":""public_PCG64_SHA256_protocol_session_frame_group_counter_after_rate_matching_v1"",""shortening_bits"":104,""z"":48}",[1024]
16QAM,1/3,16QAM:r1/3,f36a2d83e6f3cc7d73fe1783a622d56d290b42ca722cd6fd5f46bc54b2f6a2ce,1860,16,0,1876,1920,44,9984,6780,1695,0,0.2766961651917404,0.2743362831858407,"{""actual_effective_rate"":0.2766961651917404,""bg"":""bg2"",""bit_mapping"":""component_Gray_00_-3_01_-1_10_3_11_1_over_sqrt5;QPSK_0_plus1_1_minus1"",""code_blocks"":1,""decoder_config"":{""cn_schedule"":""flooding"",""cn_update"":""boxplus-phi"",""early_stop"":false,""hard_out"":true,""harq_mode"":false,""llr_max"":20.0,""num_iter"":20,""precision"":""single"",""prune_pcm"":true,""return_infobits"":true,""vn_update"":""sum""},""implementation"":{""bit_mapping"":""component_Gray_00_-3_01_-1_10_3_11_1_over_sqrt5;QPSK_0_plus1_1_minus1"",""cuda"":""12.8"",""decoder"":{""cn_schedule"":""flooding"",""cn_update"":""boxplus-phi"",""early_stop"":false,""hard_out"":true,""harq_mode"":false,""llr_max"":20.0,""num_iter"":20,""precision"":""single"",""prune_pcm"":true,""return_infobits"":true,""vn_update"":""sum""},""decoder_source_sha256"":""44d84b92b749e2970f94d92cd348a11648e2286b4d851faa0af8b21d08f0da23"",""encoder_source_sha256"":""34d8db6660b2e84708a8fb534f63c194f6f2b964e3693fcffc9dcaf21532ccfd"",""implementation"":""Sionna_5G_LDPC"",""power_protocol"":""fixed_constellation_average_Es2"",""precision"":""float32"",""rate_matching"":""Sionna RV0; filler removal, first2Z and tail puncturing; supported n only"",""scrambling"":""public_PCG64_SHA256_protocol_session_frame_group_counter_after_rate_matching_v1"",""torch"":""2.11.0+cu128"",""version"":""2.2.0""},""interleaver_sha256"":""c733c2d0b37eb6dade3c61cfced362d2a654eb9da08a46abb27dfd351f642700"",""k"":1876,""k_filler"":44,""k_ldpc"":1920,""layout_id"":""81e75c5b63d9341a0ee5eb23543ed088ca81259b446410de3a64890b1c02b483"",""modulation_padding_bits"":0,""mother_bits"":9984,""n"":6780,""n_cb"":9600,""n_cb_comp"":9556,""power_protocol"":""fixed_constellation_average_Es2"",""puncturing_bits"":3160,""puncturing_first_2Z"":384,""puncturing_remaining"":2776,""repetition_bits"":0,""scrambling"":""public_PCG64_SHA256_protocol_session_frame_group_counter_after_rate_matching_v1"",""shortening_bits"":44,""z"":192}",[2048]
16QAM,1/2,16QAM:r1/2,f36d414579b628aae5c8e303c74350b3c59be32b64f2111cf4218e0b27fd347f,1860,16,0,1876,1920,44,9984,4008,1002,0,0.468063872255489,0.46407185628742514,"{""actual_effective_rate"":0.468063872255489,""bg"":""bg2"",""bit_mapping"":""component_Gray_00_-3_01_-1_10_3_11_1_over_sqrt5;QPSK_0_plus1_1_minus1"",""code_blocks"":1,""decoder_config"":{""cn_schedule"":""flooding"",""cn_update"":""boxplus-phi"",""early_stop"":false,""hard_out"":true,""harq_mode"":false,""llr_max"":20.0,""num_iter"":20,""precision"":""single"",""prune_pcm"":true,""return_infobits"":true,""vn_update"":""sum""},""implementation"":{""bit_mapping"":""component_Gray_00_-3_01_-1_10_3_11_1_over_sqrt5;QPSK_0_plus1_1_minus1"",""cuda"":""12.8"",""decoder"":{""cn_schedule"":""flooding"",""cn_update"":""boxplus-phi"",""early_stop"":false,""hard_out"":true,""harq_mode"":false,""llr_max"":20.0,""num_iter"":20,""precision"":""single"",""prune_pcm"":true,""return_infobits"":true,""vn_update"":""sum""},""decoder_source_sha256"":""44d84b92b749e2970f94d92cd348a11648e2286b4d851faa0af8b21d08f0da23"",""encoder_source_sha256"":""34d8db6660b2e84708a8fb534f63c194f6f2b964e3693fcffc9dcaf21532ccfd"",""implementation"":""Sionna_5G_LDPC"",""power_protocol"":""fixed_constellation_average_Es2"",""precision"":""float32"",""rate_matching"":""Sionna RV0; filler removal, first2Z and tail puncturing; supported n only"",""scrambling"":""public_PCG64_SHA256_protocol_session_frame_group_counter_after_rate_matching_v1"",""torch"":""2.11.0+cu128"",""version"":""2.2.0""},""interleaver_sha256"":""7c2631888f3f332540262b793210e0d06459eba589b0ca956c12abe65e3750fc"",""k"":1876,""k_filler"":44,""k_ldpc"":1920,""layout_id"":""a44bf3bfffebdc2ad82abfa58fc19d72174a999df15a2a348a467e2a30f4d864"",""modulation_padding_bits"":0,""mother_bits"":9984,""n"":4008,""n_cb"":9600,""n_cb_comp"":9556,""power_protocol"":""fixed_constellation_average_Es2"",""puncturing_bits"":5932,""puncturing_first_2Z"":384,""puncturing_remaining"":5548,""repetition_bits"":0,""scrambling"":""public_PCG64_SHA256_protocol_session_frame_group_counter_after_rate_matching_v1"",""shortening_bits"":44,""z"":192}",[2048]
QPSK,2/3,QPSK:r2/3,f36dd4789e38e87dc5e848aee7db0cdd08710f1eff021b9bc080db69c609a8a8,432,16,0,448,560,112,2912,1792,896,0,0.25,0.24107142857142858,"{""actual_effective_rate"":0.25,""bg"":""bg2"",""bit_mapping"":""component_Gray_00_-3_01_-1_10_3_11_1_over_sqrt5;QPSK_0_plus1_1_minus1"",""code_blocks"":1,""decoder_config"":{""cn_schedule"":""flooding"",""cn_update"":""boxplus-phi"",""early_stop"":false,""hard_out"":true,""harq_mode"":false,""llr_max"":20.0,""num_iter"":20,""precision"":""single"",""prune_pcm"":true,""return_infobits"":true,""vn_update"":""sum""},""implementation"":{""bit_mapping"":""component_Gray_00_-3_01_-1_10_3_11_1_over_sqrt5;QPSK_0_plus1_1_minus1"",""cuda"":""12.8"",""decoder"":{""cn_schedule"":""flooding"",""cn_update"":""boxplus-phi"",""early_stop"":false,""hard_out"":true,""harq_mode"":false,""llr_max"":20.0,""num_iter"":20,""precision"":""single"",""prune_pcm"":true,""return_infobits"":true,""vn_update"":""sum""},""decoder_source_sha256"":""44d84b92b749e2970f94d92cd348a11648e2286b4d851faa0af8b21d08f0da23"",""encoder_source_sha256"":""34d8db6660b2e84708a8fb534f63c194f6f2b964e3693fcffc9dcaf21532ccfd"",""implementation"":""Sionna_5G_LDPC"",""power_protocol"":""fixed_constellation_average_Es2"",""precision"":""float32"",""rate_matching"":""Sionna RV0; filler removal, first2Z and tail puncturing; supported n only"",""scrambling"":""public_PCG64_SHA256_protocol_session_frame_group_counter_after_rate_matching_v1"",""torch"":""2.11.0+cu128"",""version"":""2.2.0""},""interleaver_sha256"":""8cd9053cb66784613f3d6542003c41310ef696d3c3fb916c0254bf0a2fcf284f"",""k"":448,""k_filler"":112,""k_ldpc"":560,""layout_id"":""b1baa9dd92fb619ccc3efedca636798830c09288531edd9b4f7f4521536b555d"",""modulation_padding_bits"":0,""mother_bits"":2912,""n"":1792,""n_cb"":2800,""n_cb_comp"":2688,""power_protocol"":""fixed_constellation_average_Es2"",""puncturing_bits"":1008,""puncturing_first_2Z"":112,""puncturing_remaining"":896,""repetition_bits"":0,""scrambling"":""public_PCG64_SHA256_protocol_session_frame_group_counter_after_rate_matching_v1"",""shortening_bits"":112,""z"":56}",[2048]
16QAM,3/4,16QAM:r3/4,f370e833fbc3db3e75122bd0919927cf84b0c5d384e729098a707582cd615f8f,3708,16,0,3724,3840,116,19968,6452,1613,0,0.5771853688778673,0.5747055176689398,"{""actual_effective_rate"":0.5771853688778673,""bg"":""bg2"",""bit_mapping"":""component_Gray_00_-3_01_-1_10_3_11_1_over_sqrt5;QPSK_0_plus1_1_minus1"",""code_blocks"":1,""decoder_config"":{""cn_schedule"":""flooding"",""cn_update"":""boxplus-phi"",""early_stop"":false,""hard_out"":true,""harq_mode"":false,""llr_max"":20.0,""num_iter"":20,""precision"":""single"",""prune_pcm"":true,""return_infobits"":true,""vn_update"":""sum""},""implementation"":{""bit_mapping"":""component_Gray_00_-3_01_-1_10_3_11_1_over_sqrt5;QPSK_0_plus1_1_minus1"",""cuda"":""12.8"",""decoder"":{""cn_schedule"":""flooding"",""cn_update"":""boxplus-phi"",""early_stop"":false,""hard_out"":true,""harq_mode"":false,""llr_max"":20.0,""num_iter"":20,""precision"":""single"",""prune_pcm"":true,""return_infobits"":true,""vn_update"":""sum""},""decoder_source_sha256"":""44d84b92b749e2970f94d92cd348a11648e2286b4d851faa0af8b21d08f0da23"",""encoder_source_sha256"":""34d8db6660b2e84708a8fb534f63c194f6f2b964e3693fcffc9dcaf21532ccfd"",""implementation"":""Sionna_5G_LDPC"",""power_protocol"":""fixed_constellation_average_Es2"",""precision"":""float32"",""rate_matching"":""Sionna RV0; filler removal, first2Z and tail puncturing; supported n only"",""scrambling"":""public_PCG64_SHA256_protocol_session_frame_group_counter_after_rate_matching_v1"",""torch"":""2.11.0+cu128"",""version"":""2.2.0""},""interleaver_sha256"":""5067240b1c69eba4466dc90615345c9f9d0015929b2939f43bcd01d23ce3e350"",""k"":3724,""k_filler"":116,""k_ldpc"":3840,""layout_id"":""ca5011099e39eb3bc0ed51f91f3bb6350f3d5837533e95b04cf65185099135c1"",""modulation_padding_bits"":0,""mother_bits"":19968,""n"":6452,""n_cb"":19200,""n_cb_comp"":19084,""power_protocol"":""fixed_constellation_average_Es2"",""puncturing_bits"":13400,""puncturing_first_2Z"":768,""puncturing_remaining"":12632,""repetition_bits"":0,""scrambling"":""public_PCG64_SHA256_protocol_session_frame_group_counter_after_rate_matching_v1"",""shortening_bits"":116,""z"":384}",[2048]
16QAM,5/6,16QAM:r5/6,f37cbb5e4b762b1284423025437ce1a5ff887da16e2e0d28b04187f57c3544fb,4212,16,0,4228,4576,348,14144,6612,1653,0,0.6394434361766486,0.6370235934664247,"{""actual_effective_rate"":0.6394434361766486,""bg"":""bg1"",""bit_mapping"":""component_Gray_00_-3_01_-1_10_3_11_1_over_sqrt5;QPSK_0_plus1_1_minus1"",""code_blocks"":1,""decoder_config"":{""cn_schedule"":""flooding"",""cn_update"":""boxplus-phi"",""early_stop"":false,""hard_out"":true,""harq_mode"":false,""llr_max"":20.0,""num_iter"":20,""precision"":""single"",""prune_pcm"":true,""return_infobits"":true,""vn_update"":""sum""},""implementation"":{""bit_mapping"":""component_Gray_00_-3_01_-1_10_3_11_1_over_sqrt5;QPSK_0_plus1_1_minus1"",""cuda"":""12.8"",""decoder"":{""cn_schedule"":""flooding"",""cn_update"":""boxplus-phi"",""early_stop"":false,""hard_out"":true,""harq_mode"":false,""llr_max"":20.0,""num_iter"":20,""precision"":""single"",""prune_pcm"":true,""return_infobits"":true,""vn_update"":""sum""},""decoder_source_sha256"":""44d84b92b749e2970f94d92cd348a11648e2286b4d851faa0af8b21d08f0da23"",""encoder_source_sha256"":""34d8db6660b2e84708a8fb534f63c194f6f2b964e3693fcffc9dcaf21532ccfd"",""implementation"":""Sionna_5G_LDPC"",""power_protocol"":""fixed_constellation_average_Es2"",""precision"":""float32"",""rate_matching"":""Sionna RV0; filler removal, first2Z and tail puncturing; supported n only"",""scrambling"":""public_PCG64_SHA256_protocol_session_frame_group_counter_after_rate_matching_v1"",""torch"":""2.11.0+cu128"",""version"":""2.2.0""},""interleaver_sha256"":""f1c5733233662a2dced3af185beb973a969af4840d6954f3faa106e10715662c"",""k"":4228,""k_filler"":348,""k_ldpc"":4576,""layout_id"":""96d32b90d40f1dc36a4a0efba3f3ea4b5e31752b595c5a33763413f15fc6444e"",""modulation_padding_bits"":0,""mother_bits"":14144,""n"":6612,""n_cb"":13728,""n_cb_comp"":13380,""power_protocol"":""fixed_constellation_average_Es2"",""puncturing_bits"":7184,""puncturing_first_2Z"":416,""puncturing_remaining"":6768,""repetition_bits"":0,""scrambling"":""public_PCG64_SHA256_protocol_session_frame_group_counter_after_rate_matching_v1"",""shortening_bits"":348,""z"":208}",[2048]
16QAM,3/4,16QAM:r3/4,f37e10e3275bc3e469cd672f58f29f4d66f98fd85a808f599e82cfe97e3def28,2400,16,0,2416,2560,144,13312,6944,1736,0,0.347926267281106,0.3456221198156682,"{""actual_effective_rate"":0.347926267281106,""bg"":""bg2"",""bit_mapping"":""component_Gray_00_-3_01_-1_10_3_11_1_over_sqrt5;QPSK_0_plus1_1_minus1"",""code_blocks"":1,""decoder_config"":{""cn_schedule"":""flooding"",""cn_update"":""boxplus-phi"",""early_stop"":false,""hard_out"":true,""harq_mode"":false,""llr_max"":20.0,""num_iter"":20,""precision"":""single"",""prune_pcm"":true,""return_infobits"":true,""vn_update"":""sum""},""implementation"":{""bit_mapping"":""component_Gray_00_-3_01_-1_10_3_11_1_over_sqrt5;QPSK_0_plus1_1_minus1"",""cuda"":""12.8"",""decoder"":{""cn_schedule"":""flooding"",""cn_update"":""boxplus-phi"",""early_stop"":false,""hard_out"":true,""harq_mode"":false,""llr_max"":20.0,""num_iter"":20,""precision"":""single"",""prune_pcm"":true,""return_infobits"":true,""vn_update"":""sum""},""decoder_source_sha256"":""44d84b92b749e2970f94d92cd348a11648e2286b4d851faa0af8b21d08f0da23"",""encoder_source_sha256"":""34d8db6660b2e84708a8fb534f63c194f6f2b964e3693fcffc9dcaf21532ccfd"",""implementation"":""Sionna_5G_LDPC"",""power_protocol"":""fixed_constellation_average_Es2"",""precision"":""float32"",""rate_matching"":""Sionna RV0; filler removal, first2Z and tail puncturing; supported n only"",""scrambling"":""public_PCG64_SHA256_protocol_session_frame_group_counter_after_rate_matching_v1"",""torch"":""2.11.0+cu128"",""version"":""2.2.0""},""interleaver_sha256"":""e7b09fcd277f35c6274b46f41eb4092cd7371138e43f334d204d7771f2b88146"",""k"":2416,""k_filler"":144,""k_ldpc"":2560,""layout_id"":""1b59c11860be760b599002f90af351a3230bc01b69993c2a94e6ea4bc472c466"",""modulation_padding_bits"":0,""mother_bits"":13312,""n"":6944,""n_cb"":12800,""n_cb_comp"":12656,""power_protocol"":""fixed_constellation_average_Es2"",""puncturing_bits"":6224,""puncturing_first_2Z"":512,""puncturing_remaining"":5712,""repetition_bits"":0,""scrambling"":""public_PCG64_SHA256_protocol_session_frame_group_counter_after_rate_matching_v1"",""shortening_bits"":144,""z"":256}",[2048]
16QAM,1/3,16QAM:r1/3,f38702eab0a130326b088a0b45e280e6891d932e4e0ee87476dd4099e24b274b,360,16,0,376,480,104,2496,1216,304,0,0.3092105263157895,0.29605263157894735,"{""actual_effective_rate"":0.3092105263157895,""bg"":""bg2"",""bit_mapping"":""component_Gray_00_-3_01_-1_10_3_11_1_over_sqrt5;QPSK_0_plus1_1_minus1"",""code_blocks"":1,""decoder_config"":{""cn_schedule"":""flooding"",""cn_update"":""boxplus-phi"",""early_stop"":false,""hard_out"":true,""harq_mode"":false,""llr_max"":20.0,""num_iter"":20,""precision"":""single"",""prune_pcm"":true,""return_infobits"":true,""vn_update"":""sum""},""implementation"":{""bit_mapping"":""component_Gray_00_-3_01_-1_10_3_11_1_over_sqrt5;QPSK_0_plus1_1_minus1"",""cuda"":""12.8"",""decoder"":{""cn_schedule"":""flooding"",""cn_update"":""boxplus-phi"",""early_stop"":false,""hard_out"":true,""harq_mode"":false,""llr_max"":20.0,""num_iter"":20,""precision"":""single"",""prune_pcm"":true,""return_infobits"":true,""vn_update"":""sum""},""decoder_source_sha256"":""44d84b92b749e2970f94d92cd348a11648e2286b4d851faa0af8b21d08f0da23"",""encoder_source_sha256"":""34d8db6660b2e84708a8fb534f63c194f6f2b964e3693fcffc9dcaf21532ccfd"",""implementation"":""Sionna_5G_LDPC"",""power_protocol"":""fixed_constellation_average_Es2"",""precision"":""float32"",""rate_matching"":""Sionna RV0; filler removal, first2Z and tail puncturing; supported n only"",""scrambling"":""public_PCG64_SHA256_protocol_session_frame_group_counter_after_rate_matching_v1"",""torch"":""2.11.0+cu128"",""version"":""2.2.0""},""interleaver_sha256"":""7bdaba7ed7cd22d63b1d00193f8ff0adfed8b35dd56af8be43659e4c6bf8e225"",""k"":376,""k_filler"":104,""k_ldpc"":480,""layout_id"":""451cfedcb52440c17ef7fda13c5414511c42615dca4c1104112a7db5ab1ce86f"",""modulation_padding_bits"":0,""mother_bits"":2496,""n"":1216,""n_cb"":2400,""n_cb_comp"":2296,""power_protocol"":""fixed_constellation_average_Es2"",""puncturing_bits"":1176,""puncturing_first_2Z"":96,""puncturing_remaining"":1080,""repetition_bits"":0,""scrambling"":""public_PCG64_SHA256_protocol_session_frame_group_counter_after_rate_matching_v1"",""shortening_bits"":104,""z"":48}",[1024]
16QAM,3/4,16QAM:r3/4,f393ba49f4ba60b8460c04e5e2b17bc9fff2b86927ebf47882b43c4ad40a77d0,324,16,0,340,440,100,2288,768,192,0,0.4427083333333333,0.421875,"{""actual_effective_rate"":0.4427083333333333,""bg"":""bg2"",""bit_mapping"":""component_Gray_00_-3_01_-1_10_3_11_1_over_sqrt5;QPSK_0_plus1_1_minus1"",""code_blocks"":1,""decoder_config"":{""cn_schedule"":""flooding"",""cn_update"":""boxplus-phi"",""early_stop"":false,""hard_out"":true,""harq_mode"":false,""llr_max"":20.0,""num_iter"":20,""precision"":""single"",""prune_pcm"":true,""return_infobits"":true,""vn_update"":""sum""},""implementation"":{""bit_mapping"":""component_Gray_00_-3_01_-1_10_3_11_1_over_sqrt5;QPSK_0_plus1_1_minus1"",""cuda"":""12.8"",""decoder"":{""cn_schedule"":""flooding"",""cn_update"":""boxplus-phi"",""early_stop"":false,""hard_out"":true,""harq_mode"":false,""llr_max"":20.0,""num_iter"":20,""precision"":""single"",""prune_pcm"":true,""return_infobits"":true,""vn_update"":""sum""},""decoder_source_sha256"":""44d84b92b749e2970f94d92cd348a11648e2286b4d851faa0af8b21d08f0da23"",""encoder_source_sha256"":""34d8db6660b2e84708a8fb534f63c194f6f2b964e3693fcffc9dcaf21532ccfd"",""implementation"":""Sionna_5G_LDPC"",""power_protocol"":""fixed_constellation_average_Es2"",""precision"":""float32"",""rate_matching"":""Sionna RV0; filler removal, first2Z and tail puncturing; supported n only"",""scrambling"":""public_PCG64_SHA256_protocol_session_frame_group_counter_after_rate_matching_v1"",""torch"":""2.11.0+cu128"",""version"":""2.2.0""},""interleaver_sha256"":""431314876d48822f814ae2bfc9064ef9bcef705bf7c4c655ca83d83091b3731d"",""k"":340,""k_filler"":100,""k_ldpc"":440,""layout_id"":""8960d41d18743114b43e612a8d7b4542c91356eac08d3d925be0f1bd561eb317"",""modulation_padding_bits"":0,""mother_bits"":2288,""n"":768,""n_cb"":2200,""n_cb_comp"":2100,""power_protocol"":""fixed_constellation_average_Es2"",""puncturing_bits"":1420,""puncturing_first_2Z"":88,""puncturing_remaining"":1332,""repetition_bits"":0,""scrambling"":""public_PCG64_SHA256_protocol_session_frame_group_counter_after_rate_matching_v1"",""shortening_bits"":100,""z"":44}",[1024]
QPSK,5/6,QPSK:r5/6,f39bf40b61d1e82bcfc9234a659f527e4b0919b607c0ac6de9ea929821e93430,1092,16,0,1108,1120,12,5824,3334,1667,0,0.3323335332933413,0.3275344931013797,"{""actual_effective_rate"":0.3323335332933413,""bg"":""bg2"",""bit_mapping"":""component_Gray_00_-3_01_-1_10_3_11_1_over_sqrt5;QPSK_0_plus1_1_minus1"",""code_blocks"":1,""decoder_config"":{""cn_schedule"":""flooding"",""cn_update"":""boxplus-phi"",""early_stop"":false,""hard_out"":true,""harq_mode"":false,""llr_max"":20.0,""num_iter"":20,""precision"":""single"",""prune_pcm"":true,""return_infobits"":true,""vn_update"":""sum""},""implementation"":{""bit_mapping"":""component_Gray_00_-3_01_-1_10_3_11_1_over_sqrt5;QPSK_0_plus1_1_minus1"",""cuda"":""12.8"",""decoder"":{""cn_schedule"":""flooding"",""cn_update"":""boxplus-phi"",""early_stop"":false,""hard_out"":true,""harq_mode"":false,""llr_max"":20.0,""num_iter"":20,""precision"":""single"",""prune_pcm"":true,""return_infobits"":true,""vn_update"":""sum""},""decoder_source_sha256"":""44d84b92b749e2970f94d92cd348a11648e2286b4d851faa0af8b21d08f0da23"",""encoder_source_sha256"":""34d8db6660b2e84708a8fb534f63c194f6f2b964e3693fcffc9dcaf21532ccfd"",""implementation"":""Sionna_5G_LDPC"",""power_protocol"":""fixed_constellation_average_Es2"",""precision"":""float32"",""rate_matching"":""Sionna RV0; filler removal, first2Z and tail puncturing; supported n only"",""scrambling"":""public_PCG64_SHA256_protocol_session_frame_group_counter_after_rate_matching_v1"",""torch"":""2.11.0+cu128"",""version"":""2.2.0""},""interleaver_sha256"":""56281c267c5ea27577192b36cea9b904a35d6b17e28fdcba76bfe0677a2e758f"",""k"":1108,""k_filler"":12,""k_ldpc"":1120,""layout_id"":""d3e897d8e3cf28b422c99e9105480808e7fff0ddb71a818b1a23e234f2c70837"",""modulation_padding_bits"":0,""mother_bits"":5824,""n"":3334,""n_cb"":5600,""n_cb_comp"":5588,""power_protocol"":""fixed_constellation_average_Es2"",""puncturing_bits"":2478,""puncturing_first_2Z"":224,""puncturing_remaining"":2254,""repetition_bits"":0,""scrambling"":""public_PCG64_SHA256_protocol_session_frame_group_counter_after_rate_matching_v1"",""shortening_bits"":12,""z"":112}",[2048]
16QAM,2/3,16QAM:r2/3,f3a14f5310046394b0b91bc429fac87742fabc6957e88a2b08750b69eebf278a,1800,16,0,1816,1920,104,9984,4960,1240,0,0.36612903225806454,0.3629032258064516,"{""actual_effective_rate"":0.36612903225806454,""bg"":""bg2"",""bit_mapping"":""component_Gray_00_-3_01_-1_10_3_11_1_over_sqrt5;QPSK_0_plus1_1_minus1"",""code_blocks"":1,""decoder_config"":{""cn_schedule"":""flooding"",""cn_update"":""boxplus-phi"",""early_stop"":false,""hard_out"":true,""harq_mode"":false,""llr_max"":20.0,""num_iter"":20,""precision"":""single"",""prune_pcm"":true,""return_infobits"":true,""vn_update"":""sum""},""implementation"":{""bit_mapping"":""component_Gray_00_-3_01_-1_10_3_11_1_over_sqrt5;QPSK_0_plus1_1_minus1"",""cuda"":""12.8"",""decoder"":{""cn_schedule"":""flooding"",""cn_update"":""boxplus-phi"",""early_stop"":false,""hard_out"":true,""harq_mode"":false,""llr_max"":20.0,""num_iter"":20,""precision"":""single"",""prune_pcm"":true,""return_infobits"":true,""vn_update"":""sum""},""decoder_source_sha256"":""44d84b92b749e2970f94d92cd348a11648e2286b4d851faa0af8b21d08f0da23"",""encoder_source_sha256"":""34d8db6660b2e84708a8fb534f63c194f6f2b964e3693fcffc9dcaf21532ccfd"",""implementation"":""Sionna_5G_LDPC"",""power_protocol"":""fixed_constellation_average_Es2"",""precision"":""float32"",""rate_matching"":""Sionna RV0; filler removal, first2Z and tail puncturing; supported n only"",""scrambling"":""public_PCG64_SHA256_protocol_session_frame_group_counter_after_rate_matching_v1"",""torch"":""2.11.0+cu128"",""version"":""2.2.0""},""interleaver_sha256"":""f80b7a5e7e82cf126f21b4c9ee181dd80e4112eb16393c5dd3ad52c56fe743e3"",""k"":1816,""k_filler"":104,""k_ldpc"":1920,""layout_id"":""d7d55f7e3506995f44b2c251dbcf51af856273c126b90133243215ee574748e2"",""modulation_padding_bits"":0,""mother_bits"":9984,""n"":4960,""n_cb"":9600,""n_cb_comp"":9496,""power_protocol"":""fixed_constellation_average_Es2"",""puncturing_bits"":4920,""puncturing_first_2Z"":384,""puncturing_remaining"":4536,""repetition_bits"":0,""scrambling"":""public_PCG64_SHA256_protocol_session_frame_group_counter_after_rate_matching_v1"",""shortening_bits"":104,""z"":192}",[2048]
16QAM,3/4,16QAM:r3/4,f3a836d350f9e436af9bc03856734509fd3dcf5426a520fbc83ef98dbbde7fbd,4728,16,0,4744,4928,184,15232,6832,1708,0,0.6943793911007026,0.6920374707259953,"{""actual_effective_rate"":0.6943793911007026,""bg"":""bg1"",""bit_mapping"":""component_Gray_00_-3_01_-1_10_3_11_1_over_sqrt5;QPSK_0_plus1_1_minus1"",""code_blocks"":1,""decoder_config"":{""cn_schedule"":""flooding"",""cn_update"":""boxplus-phi"",""early_stop"":false,""hard_out"":true,""harq_mode"":false,""llr_max"":20.0,""num_iter"":20,""precision"":""single"",""prune_pcm"":true,""return_infobits"":true,""vn_update"":""sum""},""implementation"":{""bit_mapping"":""component_Gray_00_-3_01_-1_10_3_11_1_over_sqrt5;QPSK_0_plus1_1_minus1"",""cuda"":""12.8"",""decoder"":{""cn_schedule"":""flooding"",""cn_update"":""boxplus-phi"",""early_stop"":false,""hard_out"":true,""harq_mode"":false,""llr_max"":20.0,""num_iter"":20,""precision"":""single"",""prune_pcm"":true,""return_infobits"":true,""vn_update"":""sum""},""decoder_source_sha256"":""44d84b92b749e2970f94d92cd348a11648e2286b4d851faa0af8b21d08f0da23"",""encoder_source_sha256"":""34d8db6660b2e84708a8fb534f63c194f6f2b964e3693fcffc9dcaf21532ccfd"",""implementation"":""Sionna_5G_LDPC"",""power_protocol"":""fixed_constellation_average_Es2"",""precision"":""float32"",""rate_matching"":""Sionna RV0; filler removal, first2Z and tail puncturing; supported n only"",""scrambling"":""public_PCG64_SHA256_protocol_session_frame_group_counter_after_rate_matching_v1"",""torch"":""2.11.0+cu128"",""version"":""2.2.0""},""interleaver_sha256"":""6d75458c10c6baa91c0c9894298dc5bce1ec43020020793e5a639d2f4832c274"",""k"":4744,""k_filler"":184,""k_ldpc"":4928,""layout_id"":""513fa7fccb01e43d99d52b49bcf3be32245d306e36ef90d77f08b9ffe98fd888"",""modulation_padding_bits"":0,""mother_bits"":15232,""n"":6832,""n_cb"":14784,""n_cb_comp"":14600,""power_protocol"":""fixed_constellation_average_Es2"",""puncturing_bits"":8216,""puncturing_first_2Z"":448,""puncturing_remaining"":7768,""repetition_bits"":0,""scrambling"":""public_PCG64_SHA256_protocol_session_frame_group_counter_after_rate_matching_v1"",""shortening_bits"":184,""z"":224}",[2048]
QPSK,5/6,QPSK:r5/6,f3ad177511f734d2a9173ae37d6f37caec2cc90c9b40e5c8b9ce2d13630e0544,360,16,0,376,480,104,2496,692,346,0,0.5433526011560693,0.5202312138728323,"{""actual_effective_rate"":0.5433526011560693,""bg"":""bg2"",""bit_mapping"":""component_Gray_00_-3_01_-1_10_3_11_1_over_sqrt5;QPSK_0_plus1_1_minus1"",""code_blocks"":1,""decoder_config"":{""cn_schedule"":""flooding"",""cn_update"":""boxplus-phi"",""early_stop"":false,""hard_out"":true,""harq_mode"":false,""llr_max"":20.0,""num_iter"":20,""precision"":""single"",""prune_pcm"":true,""return_infobits"":true,""vn_update"":""sum""},""implementation"":{""bit_mapping"":""component_Gray_00_-3_01_-1_10_3_11_1_over_sqrt5;QPSK_0_plus1_1_minus1"",""cuda"":""12.8"",""decoder"":{""cn_schedule"":""flooding"",""cn_update"":""boxplus-phi"",""early_stop"":false,""hard_out"":true,""harq_mode"":false,""llr_max"":20.0,""num_iter"":20,""precision"":""single"",""prune_pcm"":true,""return_infobits"":true,""vn_update"":""sum""},""decoder_source_sha256"":""44d84b92b749e2970f94d92cd348a11648e2286b4d851faa0af8b21d08f0da23"",""encoder_source_sha256"":""34d8db6660b2e84708a8fb534f63c194f6f2b964e3693fcffc9dcaf21532ccfd"",""implementation"":""Sionna_5G_LDPC"",""power_protocol"":""fixed_constellation_average_Es2"",""precision"":""float32"",""rate_matching"":""Sionna RV0; filler removal, first2Z and tail puncturing; supported n only"",""scrambling"":""public_PCG64_SHA256_protocol_session_frame_group_counter_after_rate_matching_v1"",""torch"":""2.11.0+cu128"",""version"":""2.2.0""},""interleaver_sha256"":""90b9cb5b9ecd02dee2463c38f34f501bf80413f44507cd4d8196cf4358510d3e"",""k"":376,""k_filler"":104,""k_ldpc"":480,""layout_id"":""824f9ee34d23077a682b6d8d4d4ad4935bc6abc95f07e08b042f43f607727fd3"",""modulation_padding_bits"":0,""mother_bits"":2496,""n"":692,""n_cb"":2400,""n_cb_comp"":2296,""power_protocol"":""fixed_constellation_average_Es2"",""puncturing_bits"":1700,""puncturing_first_2Z"":96,""puncturing_remaining"":1604,""repetition_bits"":0,""scrambling"":""public_PCG64_SHA256_protocol_session_frame_group_counter_after_rate_matching_v1"",""shortening_bits"":104,""z"":48}",[1024]
16QAM,1/2,16QAM:r1/2,f3b4386c5fbf3d7511684d8ac577515a6f4d3f2296f000500ba7e45027311234,1092,16,0,1108,1120,12,5824,2952,738,0,0.37533875338753386,0.3699186991869919,"{""actual_effective_rate"":0.37533875338753386,""bg"":""bg2"",""bit_mapping"":""component_Gray_00_-3_01_-1_10_3_11_1_over_sqrt5;QPSK_0_plus1_1_minus1"",""code_blocks"":1,""decoder_config"":{""cn_schedule"":""flooding"",""cn_update"":""boxplus-phi"",""early_stop"":false,""hard_out"":true,""harq_mode"":false,""llr_max"":20.0,""num_iter"":20,""precision"":""single"",""prune_pcm"":true,""return_infobits"":true,""vn_update"":""sum""},""implementation"":{""bit_mapping"":""component_Gray_00_-3_01_-1_10_3_11_1_over_sqrt5;QPSK_0_plus1_1_minus1"",""cuda"":""12.8"",""decoder"":{""cn_schedule"":""flooding"",""cn_update"":""boxplus-phi"",""early_stop"":false,""hard_out"":true,""harq_mode"":false,""llr_max"":20.0,""num_iter"":20,""precision"":""single"",""prune_pcm"":true,""return_infobits"":true,""vn_update"":""sum""},""decoder_source_sha256"":""44d84b92b749e2970f94d92cd348a11648e2286b4d851faa0af8b21d08f0da23"",""encoder_source_sha256"":""34d8db6660b2e84708a8fb534f63c194f6f2b964e3693fcffc9dcaf21532ccfd"",""implementation"":""Sionna_5G_LDPC"",""power_protocol"":""fixed_constellation_average_Es2"",""precision"":""float32"",""rate_matching"":""Sionna RV0; filler removal, first2Z and tail puncturing; supported n only"",""scrambling"":""public_PCG64_SHA256_protocol_session_frame_group_counter_after_rate_matching_v1"",""torch"":""2.11.0+cu128"",""version"":""2.2.0""},""interleaver_sha256"":""f0a47345020f2d473447c9c76a8811b763c36f3860de585f3a16d1ec7bb62153"",""k"":1108,""k_filler"":12,""k_ldpc"":1120,""layout_id"":""ae66e4838210196ecbeba3be298ba18f653d66507793a9fc5ec12683f7a109b6"",""modulation_padding_bits"":0,""mother_bits"":5824,""n"":2952,""n_cb"":5600,""n_cb_comp"":5588,""power_protocol"":""fixed_constellation_average_Es2"",""puncturing_bits"":2860,""puncturing_first_2Z"":224,""puncturing_remaining"":2636,""repetition_bits"":0,""scrambling"":""public_PCG64_SHA256_protocol_session_frame_group_counter_after_rate_matching_v1"",""shortening_bits"":12,""z"":112}",[2048]
16QAM,5/6,16QAM:r5/6,f3d90d4c337b527b3ca8dad9fbc660cdfcb579731f454b87e65d19f8d084400f,1200,16,0,1216,1280,64,6656,4668,1167,0,0.26049700085689803,0.2570694087403599,"{""actual_effective_rate"":0.26049700085689803,""bg"":""bg2"",""bit_mapping"":""component_Gray_00_-3_01_-1_10_3_11_1_over_sqrt5;QPSK_0_plus1_1_minus1"",""code_blocks"":1,""decoder_config"":{""cn_schedule"":""flooding"",""cn_update"":""boxplus-phi"",""early_stop"":false,""hard_out"":true,""harq_mode"":false,""llr_max"":20.0,""num_iter"":20,""precision"":""single"",""prune_pcm"":true,""return_infobits"":true,""vn_update"":""sum""},""implementation"":{""bit_mapping"":""component_Gray_00_-3_01_-1_10_3_11_1_over_sqrt5;QPSK_0_plus1_1_minus1"",""cuda"":""12.8"",""decoder"":{""cn_schedule"":""flooding"",""cn_update"":""boxplus-phi"",""early_stop"":false,""hard_out"":true,""harq_mode"":false,""llr_max"":20.0,""num_iter"":20,""precision"":""single"",""prune_pcm"":true,""return_infobits"":true,""vn_update"":""sum""},""decoder_source_sha256"":""44d84b92b749e2970f94d92cd348a11648e2286b4d851faa0af8b21d08f0da23"",""encoder_source_sha256"":""34d8db6660b2e84708a8fb534f63c194f6f2b964e3693fcffc9dcaf21532ccfd"",""implementation"":""Sionna_5G_LDPC"",""power_protocol"":""fixed_constellation_average_Es2"",""precision"":""float32"",""rate_matching"":""Sionna RV0; filler removal, first2Z and tail puncturing; supported n only"",""scrambling"":""public_PCG64_SHA256_protocol_session_frame_group_counter_after_rate_matching_v1"",""torch"":""2.11.0+cu128"",""version"":""2.2.0""},""interleaver_sha256"":""d471d52d88a2e219f9f6450f9588e8e9c9c4db0fd2ed6add1bdce4894654fecb"",""k"":1216,""k_filler"":64,""k_ldpc"":1280,""layout_id"":""5b390f151beddd9c6e5585f63cc49c88b8abf369f1c29f8c8c57d45a90f52bc9"",""modulation_padding_bits"":0,""mother_bits"":6656,""n"":4668,""n_cb"":6400,""n_cb_comp"":6336,""power_protocol"":""fixed_constellation_average_Es2"",""puncturing_bits"":1924,""puncturing_first_2Z"":256,""puncturing_remaining"":1668,""repetition_bits"":0,""scrambling"":""public_PCG64_SHA256_protocol_session_frame_group_counter_after_rate_matching_v1"",""shortening_bits"":64,""z"":128}",[2048]
16QAM,3/4,16QAM:r3/4,f3db796587340029c8afd5ac557a432de411a19a9978cfba847fcb61e5f53bcd,360,16,0,376,480,104,2496,992,248,0,0.3790322580645161,0.3629032258064516,"{""actual_effective_rate"":0.3790322580645161,""bg"":""bg2"",""bit_mapping"":""component_Gray_00_-3_01_-1_10_3_11_1_over_sqrt5;QPSK_0_plus1_1_minus1"",""code_blocks"":1,""decoder_config"":{""cn_schedule"":""flooding"",""cn_update"":""boxplus-phi"",""early_stop"":false,""hard_out"":true,""harq_mode"":false,""llr_max"":20.0,""num_iter"":20,""precision"":""single"",""prune_pcm"":true,""return_infobits"":true,""vn_update"":""sum""},""implementation"":{""bit_mapping"":""component_Gray_00_-3_01_-1_10_3_11_1_over_sqrt5;QPSK_0_plus1_1_minus1"",""cuda"":""12.8"",""decoder"":{""cn_schedule"":""flooding"",""cn_update"":""boxplus-phi"",""early_stop"":false,""hard_out"":true,""harq_mode"":false,""llr_max"":20.0,""num_iter"":20,""precision"":""single"",""prune_pcm"":true,""return_infobits"":true,""vn_update"":""sum""},""decoder_source_sha256"":""44d84b92b749e2970f94d92cd348a11648e2286b4d851faa0af8b21d08f0da23"",""encoder_source_sha256"":""34d8db6660b2e84708a8fb534f63c194f6f2b964e3693fcffc9dcaf21532ccfd"",""implementation"":""Sionna_5G_LDPC"",""power_protocol"":""fixed_constellation_average_Es2"",""precision"":""float32"",""rate_matching"":""Sionna RV0; filler removal, first2Z and tail puncturing; supported n only"",""scrambling"":""public_PCG64_SHA256_protocol_session_frame_group_counter_after_rate_matching_v1"",""torch"":""2.11.0+cu128"",""version"":""2.2.0""},""interleaver_sha256"":""0f727777b5f43d496cc749484cf2e4e73cfb52e0708e28100562c8b579c65cb5"",""k"":376,""k_filler"":104,""k_ldpc"":480,""layout_id"":""dadf28532b39c8c91ecd681e81a0747849460d8ab68f0b3855cba7890c1cdb18"",""modulation_padding_bits"":0,""mother_bits"":2496,""n"":992,""n_cb"":2400,""n_cb_comp"":2296,""power_protocol"":""fixed_constellation_average_Es2"",""puncturing_bits"":1400,""puncturing_first_2Z"":96,""puncturing_remaining"":1304,""repetition_bits"":0,""scrambling"":""public_PCG64_SHA256_protocol_session_frame_group_counter_after_rate_matching_v1"",""shortening_bits"":104,""z"":48}",[2048]
16QAM,1/3,16QAM:r1/3,f3e5c82f6aae1fb99533f5070e80e5d2fc6a3f14f9226124babcf52c1d9e1ba0,1728,16,0,1744,1760,16,9152,5232,1308,0,0.3333333333333333,0.3302752293577982,"{""actual_effective_rate"":0.3333333333333333,""bg"":""bg2"",""bit_mapping"":""component_Gray_00_-3_01_-1_10_3_11_1_over_sqrt5;QPSK_0_plus1_1_minus1"",""code_blocks"":1,""decoder_config"":{""cn_schedule"":""flooding"",""cn_update"":""boxplus-phi"",""early_stop"":false,""hard_out"":true,""harq_mode"":false,""llr_max"":20.0,""num_iter"":20,""precision"":""single"",""prune_pcm"":true,""return_infobits"":true,""vn_update"":""sum""},""implementation"":{""bit_mapping"":""component_Gray_00_-3_01_-1_10_3_11_1_over_sqrt5;QPSK_0_plus1_1_minus1"",""cuda"":""12.8"",""decoder"":{""cn_schedule"":""flooding"",""cn_update"":""boxplus-phi"",""early_stop"":false,""hard_out"":true,""harq_mode"":false,""llr_max"":20.0,""num_iter"":20,""precision"":""single"",""prune_pcm"":true,""return_infobits"":true,""vn_update"":""sum""},""decoder_source_sha256"":""44d84b92b749e2970f94d92cd348a11648e2286b4d851faa0af8b21d08f0da23"",""encoder_source_sha256"":""34d8db6660b2e84708a8fb534f63c194f6f2b964e3693fcffc9dcaf21532ccfd"",""implementation"":""Sionna_5G_LDPC"",""power_protocol"":""fixed_constellation_average_Es2"",""precision"":""float32"",""rate_matching"":""Sionna RV0; filler removal, first2Z and tail puncturing; supported n only"",""scrambling"":""public_PCG64_SHA256_protocol_session_frame_group_counter_after_rate_matching_v1"",""torch"":""2.11.0+cu128"",""version"":""2.2.0""},""interleaver_sha256"":""5a903245d52a0e5e4bb9130ba7d08a2a41579b5f3020a17146aa896ab35c4d72"",""k"":1744,""k_filler"":16,""k_ldpc"":1760,""layout_id"":""a33cb075d650314a50e31fd2fcaafa3a9aef3a033821291bedd3f710a2c73dda"",""modulation_padding_bits"":0,""mother_bits"":9152,""n"":5232,""n_cb"":8800,""n_cb_comp"":8784,""power_protocol"":""fixed_constellation_average_Es2"",""puncturing_bits"":3904,""puncturing_first_2Z"":352,""puncturing_remaining"":3552,""repetition_bits"":0,""scrambling"":""public_PCG64_SHA256_protocol_session_frame_group_counter_after_rate_matching_v1"",""shortening_bits"":16,""z"":176}",[2048]
16QAM,1/3,16QAM:r1/3,f3f067b6b686108eced1bdde97b1f389afa76d3f5ddbcafb5fa7caa6686af154,108,16,0,124,220,96,1144,592,148,0,0.20945945945945946,0.18243243243243243,"{""actual_effective_rate"":0.20945945945945946,""bg"":""bg2"",""bit_mapping"":""component_Gray_00_-3_01_-1_10_3_11_1_over_sqrt5;QPSK_0_plus1_1_minus1"",""code_blocks"":1,""decoder_config"":{""cn_schedule"":""flooding"",""cn_update"":""boxplus-phi"",""early_stop"":false,""hard_out"":true,""harq_mode"":false,""llr_max"":20.0,""num_iter"":20,""precision"":""single"",""prune_pcm"":true,""return_infobits"":true,""vn_update"":""sum""},""implementation"":{""bit_mapping"":""component_Gray_00_-3_01_-1_10_3_11_1_over_sqrt5;QPSK_0_plus1_1_minus1"",""cuda"":""12.8"",""decoder"":{""cn_schedule"":""flooding"",""cn_update"":""boxplus-phi"",""early_stop"":false,""hard_out"":true,""harq_mode"":false,""llr_max"":20.0,""num_iter"":20,""precision"":""single"",""prune_pcm"":true,""return_infobits"":true,""vn_update"":""sum""},""decoder_source_sha256"":""44d84b92b749e2970f94d92cd348a11648e2286b4d851faa0af8b21d08f0da23"",""encoder_source_sha256"":""34d8db6660b2e84708a8fb534f63c194f6f2b964e3693fcffc9dcaf21532ccfd"",""implementation"":""Sionna_5G_LDPC"",""power_protocol"":""fixed_constellation_average_Es2"",""precision"":""float32"",""rate_matching"":""Sionna RV0; filler removal, first2Z and tail puncturing; supported n only"",""scrambling"":""public_PCG64_SHA256_protocol_session_frame_group_counter_after_rate_matching_v1"",""torch"":""2.11.0+cu128"",""version"":""2.2.0""},""interleaver_sha256"":""a445cbc6ec7d36afba1915869dfc5de98044d5f1a6cf9b1b0bc88e8cd1b90271"",""k"":124,""k_filler"":96,""k_ldpc"":220,""layout_id"":""b14a8f809e84661057ce50959cbffc73712a8d0e06cd7b4555173c52dcfc73b6"",""modulation_padding_bits"":0,""mother_bits"":1144,""n"":592,""n_cb"":1100,""n_cb_comp"":1004,""power_protocol"":""fixed_constellation_average_Es2"",""puncturing_bits"":456,""puncturing_first_2Z"":44,""puncturing_remaining"":412,""repetition_bits"":0,""scrambling"":""public_PCG64_SHA256_protocol_session_frame_group_counter_after_rate_matching_v1"",""shortening_bits"":96,""z"":22}",[1024]
16QAM,5/6,16QAM:r5/6,f3f5289a13c38858012e4c507c7f16e27fd389d67744320d8373a0648df827bd,1860,16,0,1876,1920,44,9984,5800,1450,0,0.323448275862069,0.32068965517241377,"{""actual_effective_rate"":0.323448275862069,""bg"":""bg2"",""bit_mapping"":""component_Gray_00_-3_01_-1_10_3_11_1_over_sqrt5;QPSK_0_plus1_1_minus1"",""code_blocks"":1,""decoder_config"":{""cn_schedule"":""flooding"",""cn_update"":""boxplus-phi"",""early_stop"":false,""hard_out"":true,""harq_mode"":false,""llr_max"":20.0,""num_iter"":20,""precision"":""single"",""prune_pcm"":true,""return_infobits"":true,""vn_update"":""sum""},""implementation"":{""bit_mapping"":""component_Gray_00_-3_01_-1_10_3_11_1_over_sqrt5;QPSK_0_plus1_1_minus1"",""cuda"":""12.8"",""decoder"":{""cn_schedule"":""flooding"",""cn_update"":""boxplus-phi"",""early_stop"":false,""hard_out"":true,""harq_mode"":false,""llr_max"":20.0,""num_iter"":20,""precision"":""single"",""prune_pcm"":true,""return_infobits"":true,""vn_update"":""sum""},""decoder_source_sha256"":""44d84b92b749e2970f94d92cd348a11648e2286b4d851faa0af8b21d08f0da23"",""encoder_source_sha256"":""34d8db6660b2e84708a8fb534f63c194f6f2b964e3693fcffc9dcaf21532ccfd"",""implementation"":""Sionna_5G_LDPC"",""power_protocol"":""fixed_constellation_average_Es2"",""precision"":""float32"",""rate_matching"":""Sionna RV0; filler removal, first2Z and tail puncturing; supported n only"",""scrambling"":""public_PCG64_SHA256_protocol_session_frame_group_counter_after_rate_matching_v1"",""torch"":""2.11.0+cu128"",""version"":""2.2.0""},""interleaver_sha256"":""bab806ece475486256c39dfd3a003c40e806cd54f0c08f6a9e2d685c2cf93fde"",""k"":1876,""k_filler"":44,""k_ldpc"":1920,""layout_id"":""e58c2d54a3aa57a56e982c1a521a2d41565fd23e0f1257bd8dfd6c554c73c8fc"",""modulation_padding_bits"":0,""mother_bits"":9984,""n"":5800,""n_cb"":9600,""n_cb_comp"":9556,""power_protocol"":""fixed_constellation_average_Es2"",""puncturing_bits"":4140,""puncturing_first_2Z"":384,""puncturing_remaining"":3756,""repetition_bits"":0,""scrambling"":""public_PCG64_SHA256_protocol_session_frame_group_counter_after_rate_matching_v1"",""shortening_bits"":44,""z"":192}",[2048]
QPSK,3/4,QPSK:r3/4,f3f7f6e3674a87a892fcd77e64f598523119866686a69aa2f0de11cc883a5f5b,360,16,0,376,480,104,2496,1268,634,0,0.29652996845425866,0.28391167192429023,"{""actual_effective_rate"":0.29652996845425866,""bg"":""bg2"",""bit_mapping"":""component_Gray_00_-3_01_-1_10_3_11_1_over_sqrt5;QPSK_0_plus1_1_minus1"",""code_blocks"":1,""decoder_config"":{""cn_schedule"":""flooding"",""cn_update"":""boxplus-phi"",""early_stop"":false,""hard_out"":true,""harq_mode"":false,""llr_max"":20.0,""num_iter"":20,""precision"":""single"",""prune_pcm"":true,""return_infobits"":true,""vn_update"":""sum""},""implementation"":{""bit_mapping"":""component_Gray_00_-3_01_-1_10_3_11_1_over_sqrt5;QPSK_0_plus1_1_minus1"",""cuda"":""12.8"",""decoder"":{""cn_schedule"":""flooding"",""cn_update"":""boxplus-phi"",""early_stop"":false,""hard_out"":true,""harq_mode"":false,""llr_max"":20.0,""num_iter"":20,""precision"":""single"",""prune_pcm"":true,""return_infobits"":true,""vn_update"":""sum""},""decoder_source_sha256"":""44d84b92b749e2970f94d92cd348a11648e2286b4d851faa0af8b21d08f0da23"",""encoder_source_sha256"":""34d8db6660b2e84708a8fb534f63c194f6f2b964e3693fcffc9dcaf21532ccfd"",""implementation"":""Sionna_5G_LDPC"",""power_protocol"":""fixed_constellation_average_Es2"",""precision"":""float32"",""rate_matching"":""Sionna RV0; filler removal, first2Z and tail puncturing; supported n only"",""scrambling"":""public_PCG64_SHA256_protocol_session_frame_group_counter_after_rate_matching_v1"",""torch"":""2.11.0+cu128"",""version"":""2.2.0""},""interleaver_sha256"":""c62ca90e1b423ff76dedac10a799e9dc616d959dc0e32c6bf7d1f826093de5e4"",""k"":376,""k_filler"":104,""k_ldpc"":480,""layout_id"":""2c177e1bb8d2c7ac6978261d18f06577204118903e4de57891086bf12158574b"",""modulation_padding_bits"":0,""mother_bits"":2496,""n"":1268,""n_cb"":2400,""n_cb_comp"":2296,""power_protocol"":""fixed_constellation_average_Es2"",""puncturing_bits"":1124,""puncturing_first_2Z"":96,""puncturing_remaining"":1028,""repetition_bits"":0,""scrambling"":""public_PCG64_SHA256_protocol_session_frame_group_counter_after_rate_matching_v1"",""shortening_bits"":104,""z"":48}","[1024,2048]"
16QAM,3/4,16QAM:r3/4,f400f21d22703056524349875a079d0a798f2802ecc0c68e907529efe96fe349,2400,16,0,2416,2560,144,13312,6848,1712,0,0.352803738317757,0.35046728971962615,"{""actual_effective_rate"":0.352803738317757,""bg"":""bg2"",""bit_mapping"":""component_Gray_00_-3_01_-1_10_3_11_1_over_sqrt5;QPSK_0_plus1_1_minus1"",""code_blocks"":1,""decoder_config"":{""cn_schedule"":""flooding"",""cn_update"":""boxplus-phi"",""early_stop"":false,""hard_out"":true,""harq_mode"":false,""llr_max"":20.0,""num_iter"":20,""precision"":""single"",""prune_pcm"":true,""return_infobits"":true,""vn_update"":""sum""},""implementation"":{""bit_mapping"":""component_Gray_00_-3_01_-1_10_3_11_1_over_sqrt5;QPSK_0_plus1_1_minus1"",""cuda"":""12.8"",""decoder"":{""cn_schedule"":""flooding"",""cn_update"":""boxplus-phi"",""early_stop"":false,""hard_out"":true,""harq_mode"":false,""llr_max"":20.0,""num_iter"":20,""precision"":""single"",""prune_pcm"":true,""return_infobits"":true,""vn_update"":""sum""},""decoder_source_sha256"":""44d84b92b749e2970f94d92cd348a11648e2286b4d851faa0af8b21d08f0da23"",""encoder_source_sha256"":""34d8db6660b2e84708a8fb534f63c194f6f2b964e3693fcffc9dcaf21532ccfd"",""implementation"":""Sionna_5G_LDPC"",""power_protocol"":""fixed_constellation_average_Es2"",""precision"":""float32"",""rate_matching"":""Sionna RV0; filler removal, first2Z and tail puncturing; supported n only"",""scrambling"":""public_PCG64_SHA256_protocol_session_frame_group_counter_after_rate_matching_v1"",""torch"":""2.11.0+cu128"",""version"":""2.2.0""},""interleaver_sha256"":""f671ad91b8bb2fa1a8ba6e1e11d6c7eda96871ce7f15028e21162e5079a3a5e3"",""k"":2416,""k_filler"":144,""k_ldpc"":2560,""layout_id"":""bc8628ee759b6e45cce95323afd380b655b7457e472a718e5e1d69d90fca2ef8"",""modulation_padding_bits"":0,""mother_bits"":13312,""n"":6848,""n_cb"":12800,""n_cb_comp"":12656,""power_protocol"":""fixed_constellation_average_Es2"",""puncturing_bits"":6320,""puncturing_first_2Z"":512,""puncturing_remaining"":5808,""repetition_bits"":0,""scrambling"":""public_PCG64_SHA256_protocol_session_frame_group_counter_after_rate_matching_v1"",""shortening_bits"":144,""z"":256}",[2048]
QPSK,5/6,QPSK:r5/6,f41d92f40ea7552c1b3c83ab8070016d536668d87a85ddd1a45e16f50bc7e93c,660,16,0,676,720,44,3744,1446,723,0,0.46749654218533887,0.45643153526970953,"{""actual_effective_rate"":0.46749654218533887,""bg"":""bg2"",""bit_mapping"":""component_Gray_00_-3_01_-1_10_3_11_1_over_sqrt5;QPSK_0_plus1_1_minus1"",""code_blocks"":1,""decoder_config"":{""cn_schedule"":""flooding"",""cn_update"":""boxplus-phi"",""early_stop"":false,""hard_out"":true,""harq_mode"":false,""llr_max"":20.0,""num_iter"":20,""precision"":""single"",""prune_pcm"":true,""return_infobits"":true,""vn_update"":""sum""},""implementation"":{""bit_mapping"":""component_Gray_00_-3_01_-1_10_3_11_1_over_sqrt5;QPSK_0_plus1_1_minus1"",""cuda"":""12.8"",""decoder"":{""cn_schedule"":""flooding"",""cn_update"":""boxplus-phi"",""early_stop"":false,""hard_out"":true,""harq_mode"":false,""llr_max"":20.0,""num_iter"":20,""precision"":""single"",""prune_pcm"":true,""return_infobits"":true,""vn_update"":""sum""},""decoder_source_sha256"":""44d84b92b749e2970f94d92cd348a11648e2286b4d851faa0af8b21d08f0da23"",""encoder_source_sha256"":""34d8db6660b2e84708a8fb534f63c194f6f2b964e3693fcffc9dcaf21532ccfd"",""implementation"":""Sionna_5G_LDPC"",""power_protocol"":""fixed_constellation_average_Es2"",""precision"":""float32"",""rate_matching"":""Sionna RV0; filler removal, first2Z and tail puncturing; supported n only"",""scrambling"":""public_PCG64_SHA256_protocol_session_frame_group_counter_after_rate_matching_v1"",""torch"":""2.11.0+cu128"",""version"":""2.2.0""},""interleaver_sha256"":""5c676597d578bc605ca1ddfebfc2722d71c54bf260f0990c7289f0133dd9be26"",""k"":676,""k_filler"":44,""k_ldpc"":720,""layout_id"":""d7ff75a8cd9b8a075c5a544c62c985c1fcafe5bc3824fda3136cac8606a4fbad"",""modulation_padding_bits"":0,""mother_bits"":3744,""n"":1446,""n_cb"":3600,""n_cb_comp"":3556,""power_protocol"":""fixed_constellation_average_Es2"",""puncturing_bits"":2254,""puncturing_first_2Z"":144,""puncturing_remaining"":2110,""repetition_bits"":0,""scrambling"":""public_PCG64_SHA256_protocol_session_frame_group_counter_after_rate_matching_v1"",""shortening_bits"":44,""z"":72}",[2048]
QPSK,3/4,QPSK:r3/4,f442d098cf827af0cf6f2db8a958838e9d425fc00b64f5c50ba58dcf15ddeda4,660,16,0,676,720,44,3744,1472,736,0,0.4592391304347826,0.4483695652173913,"{""actual_effective_rate"":0.4592391304347826,""bg"":""bg2"",""bit_mapping"":""component_Gray_00_-3_01_-1_10_3_11_1_over_sqrt5;QPSK_0_plus1_1_minus1"",""code_blocks"":1,""decoder_config"":{""cn_schedule"":""flooding"",""cn_update"":""boxplus-phi"",""early_stop"":false,""hard_out"":true,""harq_mode"":false,""llr_max"":20.0,""num_iter"":20,""precision"":""single"",""prune_pcm"":true,""return_infobits"":true,""vn_update"":""sum""},""implementation"":{""bit_mapping"":""component_Gray_00_-3_01_-1_10_3_11_1_over_sqrt5;QPSK_0_plus1_1_minus1"",""cuda"":""12.8"",""decoder"":{""cn_schedule"":""flooding"",""cn_update"":""boxplus-phi"",""early_stop"":false,""hard_out"":true,""harq_mode"":false,""llr_max"":20.0,""num_iter"":20,""precision"":""single"",""prune_pcm"":true,""return_infobits"":true,""vn_update"":""sum""},""decoder_source_sha256"":""44d84b92b749e2970f94d92cd348a11648e2286b4d851faa0af8b21d08f0da23"",""encoder_source_sha256"":""34d8db6660b2e84708a8fb534f63c194f6f2b964e3693fcffc9dcaf21532ccfd"",""implementation"":""Sionna_5G_LDPC"",""power_protocol"":""fixed_constellation_average_Es2"",""precision"":""float32"",""rate_matching"":""Sionna RV0; filler removal, first2Z and tail puncturing; supported n only"",""scrambling"":""public_PCG64_SHA256_protocol_session_frame_group_counter_after_rate_matching_v1"",""torch"":""2.11.0+cu128"",""version"":""2.2.0""},""interleaver_sha256"":""baac44e780e5b22e77eb1ea7207225d985ecb6d6697e1aa79c10d8ba8111c89d"",""k"":676,""k_filler"":44,""k_ldpc"":720,""layout_id"":""34a39298bb140394d6d6d6d2666caa5dca07159a4ca938bc605155b103fea3e0"",""modulation_padding_bits"":0,""mother_bits"":3744,""n"":1472,""n_cb"":3600,""n_cb_comp"":3556,""power_protocol"":""fixed_constellation_average_Es2"",""puncturing_bits"":2228,""puncturing_first_2Z"":144,""puncturing_remaining"":2084,""repetition_bits"":0,""scrambling"":""public_PCG64_SHA256_protocol_session_frame_group_counter_after_rate_matching_v1"",""shortening_bits"":44,""z"":72}",[1024]
16QAM,3/4,16QAM:r3/4,f443d7ac63d1390e1cc0ab9b97a6b51aab766753b803d883c275bce451b814a9,660,16,0,676,720,44,3744,2628,657,0,0.2572298325722983,0.2511415525114155,"{""actual_effective_rate"":0.2572298325722983,""bg"":""bg2"",""bit_mapping"":""component_Gray_00_-3_01_-1_10_3_11_1_over_sqrt5;QPSK_0_plus1_1_minus1"",""code_blocks"":1,""decoder_config"":{""cn_schedule"":""flooding"",""cn_update"":""boxplus-phi"",""early_stop"":false,""hard_out"":true,""harq_mode"":false,""llr_max"":20.0,""num_iter"":20,""precision"":""single"",""prune_pcm"":true,""return_infobits"":true,""vn_update"":""sum""},""implementation"":{""bit_mapping"":""component_Gray_00_-3_01_-1_10_3_11_1_over_sqrt5;QPSK_0_plus1_1_minus1"",""cuda"":""12.8"",""decoder"":{""cn_schedule"":""flooding"",""cn_update"":""boxplus-phi"",""early_stop"":false,""hard_out"":true,""harq_mode"":false,""llr_max"":20.0,""num_iter"":20,""precision"":""single"",""prune_pcm"":true,""return_infobits"":true,""vn_update"":""sum""},""decoder_source_sha256"":""44d84b92b749e2970f94d92cd348a11648e2286b4d851faa0af8b21d08f0da23"",""encoder_source_sha256"":""34d8db6660b2e84708a8fb534f63c194f6f2b964e3693fcffc9dcaf21532ccfd"",""implementation"":""Sionna_5G_LDPC"",""power_protocol"":""fixed_constellation_average_Es2"",""precision"":""float32"",""rate_matching"":""Sionna RV0; filler removal, first2Z and tail puncturing; supported n only"",""scrambling"":""public_PCG64_SHA256_protocol_session_frame_group_counter_after_rate_matching_v1"",""torch"":""2.11.0+cu128"",""version"":""2.2.0""},""interleaver_sha256"":""f67bcc6631c7879844f422e244db084e7efb77d158c65d121c3922d76d89d05f"",""k"":676,""k_filler"":44,""k_ldpc"":720,""layout_id"":""44a188923dd98246534aa40e07d4c2dbe2b29f1b4f5dfa3338dff7e265d91277"",""modulation_padding_bits"":0,""mother_bits"":3744,""n"":2628,""n_cb"":3600,""n_cb_comp"":3556,""power_protocol"":""fixed_constellation_average_Es2"",""puncturing_bits"":1072,""puncturing_first_2Z"":144,""puncturing_remaining"":928,""repetition_bits"":0,""scrambling"":""public_PCG64_SHA256_protocol_session_frame_group_counter_after_rate_matching_v1"",""shortening_bits"":44,""z"":72}",[2048]
QPSK,3/4,QPSK:r3/4,f454ff4cc9af8a0e0d31567d2df8c07928982cecd95a72ebd42d1099522f9822,1008,16,0,1024,1040,16,5408,2974,1487,0,0.34431741761936785,0.3389374579690652,"{""actual_effective_rate"":0.34431741761936785,""bg"":""bg2"",""bit_mapping"":""component_Gray_00_-3_01_-1_10_3_11_1_over_sqrt5;QPSK_0_plus1_1_minus1"",""code_blocks"":1,""decoder_config"":{""cn_schedule"":""flooding"",""cn_update"":""boxplus-phi"",""early_stop"":false,""hard_out"":true,""harq_mode"":false,""llr_max"":20.0,""num_iter"":20,""precision"":""single"",""prune_pcm"":true,""return_infobits"":true,""vn_update"":""sum""},""implementation"":{""bit_mapping"":""component_Gray_00_-3_01_-1_10_3_11_1_over_sqrt5;QPSK_0_plus1_1_minus1"",""cuda"":""12.8"",""decoder"":{""cn_schedule"":""flooding"",""cn_update"":""boxplus-phi"",""early_stop"":false,""hard_out"":true,""harq_mode"":false,""llr_max"":20.0,""num_iter"":20,""precision"":""single"",""prune_pcm"":true,""return_infobits"":true,""vn_update"":""sum""},""decoder_source_sha256"":""44d84b92b749e2970f94d92cd348a11648e2286b4d851faa0af8b21d08f0da23"",""encoder_source_sha256"":""34d8db6660b2e84708a8fb534f63c194f6f2b964e3693fcffc9dcaf21532ccfd"",""implementation"":""Sionna_5G_LDPC"",""power_protocol"":""fixed_constellation_average_Es2"",""precision"":""float32"",""rate_matching"":""Sionna RV0; filler removal, first2Z and tail puncturing; supported n only"",""scrambling"":""public_PCG64_SHA256_protocol_session_frame_group_counter_after_rate_matching_v1"",""torch"":""2.11.0+cu128"",""version"":""2.2.0""},""interleaver_sha256"":""35cfa5ce558eae96e894ad83e6a0f433b959d7c68e4dfff3a2ac1fdff5f1e4de"",""k"":1024,""k_filler"":16,""k_ldpc"":1040,""layout_id"":""b00e13bf43419d7fb374547304aafce01e061b54af48f2ce805350ada15fce60"",""modulation_padding_bits"":0,""mother_bits"":5408,""n"":2974,""n_cb"":5200,""n_cb_comp"":5184,""power_protocol"":""fixed_constellation_average_Es2"",""puncturing_bits"":2418,""puncturing_first_2Z"":208,""puncturing_remaining"":2210,""repetition_bits"":0,""scrambling"":""public_PCG64_SHA256_protocol_session_frame_group_counter_after_rate_matching_v1"",""shortening_bits"":16,""z"":104}",[2048]
QPSK,2/3,QPSK:r2/3,f460bba8210c3dc59a6659431b6badac9ae61874011133587c319b5f77c7e210,660,16,0,676,720,44,3744,1142,571,0,0.5919439579684763,0.5779334500875657,"{""actual_effective_rate"":0.5919439579684763,""bg"":""bg2"",""bit_mapping"":""component_Gray_00_-3_01_-1_10_3_11_1_over_sqrt5;QPSK_0_plus1_1_minus1"",""code_blocks"":1,""decoder_config"":{""cn_schedule"":""flooding"",""cn_update"":""boxplus-phi"",""early_stop"":false,""hard_out"":true,""harq_mode"":false,""llr_max"":20.0,""num_iter"":20,""precision"":""single"",""prune_pcm"":true,""return_infobits"":true,""vn_update"":""sum""},""implementation"":{""bit_mapping"":""component_Gray_00_-3_01_-1_10_3_11_1_over_sqrt5;QPSK_0_plus1_1_minus1"",""cuda"":""12.8"",""decoder"":{""cn_schedule"":""flooding"",""cn_update"":""boxplus-phi"",""early_stop"":false,""hard_out"":true,""harq_mode"":false,""llr_max"":20.0,""num_iter"":20,""precision"":""single"",""prune_pcm"":true,""return_infobits"":true,""vn_update"":""sum""},""decoder_source_sha256"":""44d84b92b749e2970f94d92cd348a11648e2286b4d851faa0af8b21d08f0da23"",""encoder_source_sha256"":""34d8db6660b2e84708a8fb534f63c194f6f2b964e3693fcffc9dcaf21532ccfd"",""implementation"":""Sionna_5G_LDPC"",""power_protocol"":""fixed_constellation_average_Es2"",""precision"":""float32"",""rate_matching"":""Sionna RV0; filler removal, first2Z and tail puncturing; supported n only"",""scrambling"":""public_PCG64_SHA256_protocol_session_frame_group_counter_after_rate_matching_v1"",""torch"":""2.11.0+cu128"",""version"":""2.2.0""},""interleaver_sha256"":""1fb4aa26aba0237844d7b5d5e619761febb3e8e777914525b319a672756316a1"",""k"":676,""k_filler"":44,""k_ldpc"":720,""layout_id"":""871554a56e1a7fbdeb58833bafa25f5773455ca2cfac7d7038cd3b7b60bd6c89"",""modulation_padding_bits"":0,""mother_bits"":3744,""n"":1142,""n_cb"":3600,""n_cb_comp"":3556,""power_protocol"":""fixed_constellation_average_Es2"",""puncturing_bits"":2558,""puncturing_first_2Z"":144,""puncturing_remaining"":2414,""repetition_bits"":0,""scrambling"":""public_PCG64_SHA256_protocol_session_frame_group_counter_after_rate_matching_v1"",""shortening_bits"":44,""z"":72}",[1024]
QPSK,5/6,QPSK:r5/6,f467262762f2ceba41b95855634d3cb93324285f0764df7c681163ea6c943e49,660,16,0,676,720,44,3744,1384,692,0,0.4884393063583815,0.476878612716763,"{""actual_effective_rate"":0.4884393063583815,""bg"":""bg2"",""bit_mapping"":""component_Gray_00_-3_01_-1_10_3_11_1_over_sqrt5;QPSK_0_plus1_1_minus1"",""code_blocks"":1,""decoder_config"":{""cn_schedule"":""flooding"",""cn_update"":""boxplus-phi"",""early_stop"":false,""hard_out"":true,""harq_mode"":false,""llr_max"":20.0,""num_iter"":20,""precision"":""single"",""prune_pcm"":true,""return_infobits"":true,""vn_update"":""sum""},""implementation"":{""bit_mapping"":""component_Gray_00_-3_01_-1_10_3_11_1_over_sqrt5;QPSK_0_plus1_1_minus1"",""cuda"":""12.8"",""decoder"":{""cn_schedule"":""flooding"",""cn_update"":""boxplus-phi"",""early_stop"":false,""hard_out"":true,""harq_mode"":false,""llr_max"":20.0,""num_iter"":20,""precision"":""single"",""prune_pcm"":true,""return_infobits"":true,""vn_update"":""sum""},""decoder_source_sha256"":""44d84b92b749e2970f94d92cd348a11648e2286b4d851faa0af8b21d08f0da23"",""encoder_source_sha256"":""34d8db6660b2e84708a8fb534f63c194f6f2b964e3693fcffc9dcaf21532ccfd"",""implementation"":""Sionna_5G_LDPC"",""power_protocol"":""fixed_constellation_average_Es2"",""precision"":""float32"",""rate_matching"":""Sionna RV0; filler removal, first2Z and tail puncturing; supported n only"",""scrambling"":""public_PCG64_SHA256_protocol_session_frame_group_counter_after_rate_matching_v1"",""torch"":""2.11.0+cu128"",""version"":""2.2.0""},""interleaver_sha256"":""cf520ffcdd01ab88b63f6a3737bc71b817e109cb5160cfef9419c1e013347f76"",""k"":676,""k_filler"":44,""k_ldpc"":720,""layout_id"":""661afe361a6e94834d3326f726795df555700b76ec72b2f6e92d629af925ad12"",""modulation_padding_bits"":0,""mother_bits"":3744,""n"":1384,""n_cb"":3600,""n_cb_comp"":3556,""power_protocol"":""fixed_constellation_average_Es2"",""puncturing_bits"":2316,""puncturing_first_2Z"":144,""puncturing_remaining"":2172,""repetition_bits"":0,""scrambling"":""public_PCG64_SHA256_protocol_session_frame_group_counter_after_rate_matching_v1"",""shortening_bits"":44,""z"":72}",[1024]
QPSK,3/4,QPSK:r3/4,f46d9ff538b2f221fb75309caa1d9f3fea8b8a1a32446395c842b496064f0c9e,768,16,0,784,792,8,2448,1168,584,0,0.6712328767123288,0.6575342465753424,"{""actual_effective_rate"":0.6712328767123288,""bg"":""bg1"",""bit_mapping"":""component_Gray_00_-3_01_-1_10_3_11_1_over_sqrt5;QPSK_0_plus1_1_minus1"",""code_blocks"":1,""decoder_config"":{""cn_schedule"":""flooding"",""cn_update"":""boxplus-phi"",""early_stop"":false,""hard_out"":true,""harq_mode"":false,""llr_max"":20.0,""num_iter"":20,""precision"":""single"",""prune_pcm"":true,""return_infobits"":true,""vn_update"":""sum""},""implementation"":{""bit_mapping"":""component_Gray_00_-3_01_-1_10_3_11_1_over_sqrt5;QPSK_0_plus1_1_minus1"",""cuda"":""12.8"",""decoder"":{""cn_schedule"":""flooding"",""cn_update"":""boxplus-phi"",""early_stop"":false,""hard_out"":true,""harq_mode"":false,""llr_max"":20.0,""num_iter"":20,""precision"":""single"",""prune_pcm"":true,""return_infobits"":true,""vn_update"":""sum""},""decoder_source_sha256"":""44d84b92b749e2970f94d92cd348a11648e2286b4d851faa0af8b21d08f0da23"",""encoder_source_sha256"":""34d8db6660b2e84708a8fb534f63c194f6f2b964e3693fcffc9dcaf21532ccfd"",""implementation"":""Sionna_5G_LDPC"",""power_protocol"":""fixed_constellation_average_Es2"",""precision"":""float32"",""rate_matching"":""Sionna RV0; filler removal, first2Z and tail puncturing; supported n only"",""scrambling"":""public_PCG64_SHA256_protocol_session_frame_group_counter_after_rate_matching_v1"",""torch"":""2.11.0+cu128"",""version"":""2.2.0""},""interleaver_sha256"":""1cf83c3ecf93e62497b92b55205926269217eb21e5f4f18b0052d5d6d82da15c"",""k"":784,""k_filler"":8,""k_ldpc"":792,""layout_id"":""25b3580edbc9eac6e1567973689cf2af52cc60ae5a5b2ebca3bec697e7166452"",""modulation_padding_bits"":0,""mother_bits"":2448,""n"":1168,""n_cb"":2376,""n_cb_comp"":2368,""power_protocol"":""fixed_constellation_average_Es2"",""puncturing_bits"":1272,""puncturing_first_2Z"":72,""puncturing_remaining"":1200,""repetition_bits"":0,""scrambling"":""public_PCG64_SHA256_protocol_session_frame_group_counter_after_rate_matching_v1"",""shortening_bits"":8,""z"":36}",[1024]
QPSK,2/3,QPSK:r2/3,f4719ef185499e4df326e050d3732609bbe83ec75e547269175b5126a30771ac,360,16,0,376,480,104,2496,708,354,0,0.5310734463276836,0.5084745762711864,"{""actual_effective_rate"":0.5310734463276836,""bg"":""bg2"",""bit_mapping"":""component_Gray_00_-3_01_-1_10_3_11_1_over_sqrt5;QPSK_0_plus1_1_minus1"",""code_blocks"":1,""decoder_config"":{""cn_schedule"":""flooding"",""cn_update"":""boxplus-phi"",""early_stop"":false,""hard_out"":true,""harq_mode"":false,""llr_max"":20.0,""num_iter"":20,""precision"":""single"",""prune_pcm"":true,""return_infobits"":true,""vn_update"":""sum""},""implementation"":{""bit_mapping"":""component_Gray_00_-3_01_-1_10_3_11_1_over_sqrt5;QPSK_0_plus1_1_minus1"",""cuda"":""12.8"",""decoder"":{""cn_schedule"":""flooding"",""cn_update"":""boxplus-phi"",""early_stop"":false,""hard_out"":true,""harq_mode"":false,""llr_max"":20.0,""num_iter"":20,""precision"":""single"",""prune_pcm"":true,""return_infobits"":true,""vn_update"":""sum""},""decoder_source_sha256"":""44d84b92b749e2970f94d92cd348a11648e2286b4d851faa0af8b21d08f0da23"",""encoder_source_sha256"":""34d8db6660b2e84708a8fb534f63c194f6f2b964e3693fcffc9dcaf21532ccfd"",""implementation"":""Sionna_5G_LDPC"",""power_protocol"":""fixed_constellation_average_Es2"",""precision"":""float32"",""rate_matching"":""Sionna RV0; filler removal, first2Z and tail puncturing; supported n only"",""scrambling"":""public_PCG64_SHA256_protocol_session_frame_group_counter_after_rate_matching_v1"",""torch"":""2.11.0+cu128"",""version"":""2.2.0""},""interleaver_sha256"":""a726a4e73d6bf6ed5396507df4a687b59c38bf3abda155bb67da70543412cfab"",""k"":376,""k_filler"":104,""k_ldpc"":480,""layout_id"":""ae32abbd7d381ca5e98a4f644fa35b44cf6662cb8a69ba95ced53efda7449f61"",""modulation_padding_bits"":0,""mother_bits"":2496,""n"":708,""n_cb"":2400,""n_cb_comp"":2296,""power_protocol"":""fixed_constellation_average_Es2"",""puncturing_bits"":1684,""puncturing_first_2Z"":96,""puncturing_remaining"":1588,""repetition_bits"":0,""scrambling"":""public_PCG64_SHA256_protocol_session_frame_group_counter_after_rate_matching_v1"",""shortening_bits"":104,""z"":48}",[1024]
16QAM,5/6,16QAM:r5/6,f47b4e3e66b3b9bbf3dc9e443887636fd1f20603210f4161facf430a37921142,1500,16,0,1516,1584,68,4896,2092,523,0,0.7246653919694073,0.7170172084130019,"{""actual_effective_rate"":0.7246653919694073,""bg"":""bg1"",""bit_mapping"":""component_Gray_00_-3_01_-1_10_3_11_1_over_sqrt5;QPSK_0_plus1_1_minus1"",""code_blocks"":1,""decoder_config"":{""cn_schedule"":""flooding"",""cn_update"":""boxplus-phi"",""early_stop"":false,""hard_out"":true,""harq_mode"":false,""llr_max"":20.0,""num_iter"":20,""precision"":""single"",""prune_pcm"":true,""return_infobits"":true,""vn_update"":""sum""},""implementation"":{""bit_mapping"":""component_Gray_00_-3_01_-1_10_3_11_1_over_sqrt5;QPSK_0_plus1_1_minus1"",""cuda"":""12.8"",""decoder"":{""cn_schedule"":""flooding"",""cn_update"":""boxplus-phi"",""early_stop"":false,""hard_out"":true,""harq_mode"":false,""llr_max"":20.0,""num_iter"":20,""precision"":""single"",""prune_pcm"":true,""return_infobits"":true,""vn_update"":""sum""},""decoder_source_sha256"":""44d84b92b749e2970f94d92cd348a11648e2286b4d851faa0af8b21d08f0da23"",""encoder_source_sha256"":""34d8db6660b2e84708a8fb534f63c194f6f2b964e3693fcffc9dcaf21532ccfd"",""implementation"":""Sionna_5G_LDPC"",""power_protocol"":""fixed_constellation_average_Es2"",""precision"":""float32"",""rate_matching"":""Sionna RV0; filler removal, first2Z and tail puncturing; supported n only"",""scrambling"":""public_PCG64_SHA256_protocol_session_frame_group_counter_after_rate_matching_v1"",""torch"":""2.11.0+cu128"",""version"":""2.2.0""},""interleaver_sha256"":""f1b33c7ed88023289068546088877ef1621d530265ce92b5abff8c0e92cb3fb5"",""k"":1516,""k_filler"":68,""k_ldpc"":1584,""layout_id"":""1df60dc12683ec1b669043e0497e8fe7fd9356363b00adf4505503d86cb89088"",""modulation_padding_bits"":0,""mother_bits"":4896,""n"":2092,""n_cb"":4752,""n_cb_comp"":4684,""power_protocol"":""fixed_constellation_average_Es2"",""puncturing_bits"":2736,""puncturing_first_2Z"":144,""puncturing_remaining"":2592,""repetition_bits"":0,""scrambling"":""public_PCG64_SHA256_protocol_session_frame_group_counter_after_rate_matching_v1"",""shortening_bits"":68,""z"":72}",[1024]
QPSK,5/6,QPSK:r5/6,f47c66c0b3cd111ede1672db1cd6e5e05fea38f408e4888e478ee9d1ee099576,1380,16,0,1396,1408,12,4352,1684,842,0,0.828978622327791,0.8194774346793349,"{""actual_effective_rate"":0.828978622327791,""bg"":""bg1"",""bit_mapping"":""component_Gray_00_-3_01_-1_10_3_11_1_over_sqrt5;QPSK_0_plus1_1_minus1"",""code_blocks"":1,""decoder_config"":{""cn_schedule"":""flooding"",""cn_update"":""boxplus-phi"",""early_stop"":false,""hard_out"":true,""harq_mode"":false,""llr_max"":20.0,""num_iter"":20,""precision"":""single"",""prune_pcm"":true,""return_infobits"":true,""vn_update"":""sum""},""implementation"":{""bit_mapping"":""component_Gray_00_-3_01_-1_10_3_11_1_over_sqrt5;QPSK_0_plus1_1_minus1"",""cuda"":""12.8"",""decoder"":{""cn_schedule"":""flooding"",""cn_update"":""boxplus-phi"",""early_stop"":false,""hard_out"":true,""harq_mode"":false,""llr_max"":20.0,""num_iter"":20,""precision"":""single"",""prune_pcm"":true,""return_infobits"":true,""vn_update"":""sum""},""decoder_source_sha256"":""44d84b92b749e2970f94d92cd348a11648e2286b4d851faa0af8b21d08f0da23"",""encoder_source_sha256"":""34d8db6660b2e84708a8fb534f63c194f6f2b964e3693fcffc9dcaf21532ccfd"",""implementation"":""Sionna_5G_LDPC"",""power_protocol"":""fixed_constellation_average_Es2"",""precision"":""float32"",""rate_matching"":""Sionna RV0; filler removal, first2Z and tail puncturing; supported n only"",""scrambling"":""public_PCG64_SHA256_protocol_session_frame_group_counter_after_rate_matching_v1"",""torch"":""2.11.0+cu128"",""version"":""2.2.0""},""interleaver_sha256"":""c1e7f8ae508b558bd6e2abd58d0a35fea14feb1f9de0f4d5d5e76cd519575395"",""k"":1396,""k_filler"":12,""k_ldpc"":1408,""layout_id"":""85a4f71204d6b6897b3531f8efaea60eeee7386ebe87a19940182e3804740696"",""modulation_padding_bits"":0,""mother_bits"":4352,""n"":1684,""n_cb"":4224,""n_cb_comp"":4212,""power_protocol"":""fixed_constellation_average_Es2"",""puncturing_bits"":2656,""puncturing_first_2Z"":128,""puncturing_remaining"":2528,""repetition_bits"":0,""scrambling"":""public_PCG64_SHA256_protocol_session_frame_group_counter_after_rate_matching_v1"",""shortening_bits"":12,""z"":64}",[1024]
16QAM,5/6,16QAM:r5/6,f480a9e74c2844a35e2019dcd6dd2995573373f5a11abc5d4b03eb4d255bcd98,300,16,0,316,400,84,2080,1040,260,0,0.3038461538461538,0.28846153846153844,"{""actual_effective_rate"":0.3038461538461538,""bg"":""bg2"",""bit_mapping"":""component_Gray_00_-3_01_-1_10_3_11_1_over_sqrt5;QPSK_0_plus1_1_minus1"",""code_blocks"":1,""decoder_config"":{""cn_schedule"":""flooding"",""cn_update"":""boxplus-phi"",""early_stop"":false,""hard_out"":true,""harq_mode"":false,""llr_max"":20.0,""num_iter"":20,""precision"":""single"",""prune_pcm"":true,""return_infobits"":true,""vn_update"":""sum""},""implementation"":{""bit_mapping"":""component_Gray_00_-3_01_-1_10_3_11_1_over_sqrt5;QPSK_0_plus1_1_minus1"",""cuda"":""12.8"",""decoder"":{""cn_schedule"":""flooding"",""cn_update"":""boxplus-phi"",""early_stop"":false,""hard_out"":true,""harq_mode"":false,""llr_max"":20.0,""num_iter"":20,""precision"":""single"",""prune_pcm"":true,""return_infobits"":true,""vn_update"":""sum""},""decoder_source_sha256"":""44d84b92b749e2970f94d92cd348a11648e2286b4d851faa0af8b21d08f0da23"",""encoder_source_sha256"":""34d8db6660b2e84708a8fb534f63c194f6f2b964e3693fcffc9dcaf21532ccfd"",""implementation"":""Sionna_5G_LDPC"",""power_protocol"":""fixed_constellation_average_Es2"",""precision"":""float32"",""rate_matching"":""Sionna RV0; filler removal, first2Z and tail puncturing; supported n only"",""scrambling"":""public_PCG64_SHA256_protocol_session_frame_group_counter_after_rate_matching_v1"",""torch"":""2.11.0+cu128"",""version"":""2.2.0""},""interleaver_sha256"":""84d16d359a814b2c2212abd3669e88f3a5bf218972473b983962be85c03b0d6e"",""k"":316,""k_filler"":84,""k_ldpc"":400,""layout_id"":""9b06f9fdb5775dd48409ecd01d3399153f2b1c1b04ec60ed9dc66155809284e6"",""modulation_padding_bits"":0,""mother_bits"":2080,""n"":1040,""n_cb"":2000,""n_cb_comp"":1916,""power_protocol"":""fixed_constellation_average_Es2"",""puncturing_bits"":956,""puncturing_first_2Z"":80,""puncturing_remaining"":876,""repetition_bits"":0,""scrambling"":""public_PCG64_SHA256_protocol_session_frame_group_counter_after_rate_matching_v1"",""shortening_bits"":84,""z"":40}",[2048]
QPSK,3/4,QPSK:r3/4,f48dca56cf7242f6feea5a341cac27e61be2b437a904210c7969c05447cf4053,360,16,0,376,396,20,1224,504,252,0,0.746031746031746,0.7142857142857143,"{""actual_effective_rate"":0.746031746031746,""bg"":""bg1"",""bit_mapping"":""component_Gray_00_-3_01_-1_10_3_11_1_over_sqrt5;QPSK_0_plus1_1_minus1"",""code_blocks"":1,""decoder_config"":{""cn_schedule"":""flooding"",""cn_update"":""boxplus-phi"",""early_stop"":false,""hard_out"":true,""harq_mode"":false,""llr_max"":20.0,""num_iter"":20,""precision"":""single"",""prune_pcm"":true,""return_infobits"":true,""vn_update"":""sum""},""implementation"":{""bit_mapping"":""component_Gray_00_-3_01_-1_10_3_11_1_over_sqrt5;QPSK_0_plus1_1_minus1"",""cuda"":""12.8"",""decoder"":{""cn_schedule"":""flooding"",""cn_update"":""boxplus-phi"",""early_stop"":false,""hard_out"":true,""harq_mode"":false,""llr_max"":20.0,""num_iter"":20,""precision"":""single"",""prune_pcm"":true,""return_infobits"":true,""vn_update"":""sum""},""decoder_source_sha256"":""44d84b92b749e2970f94d92cd348a11648e2286b4d851faa0af8b21d08f0da23"",""encoder_source_sha256"":""34d8db6660b2e84708a8fb534f63c194f6f2b964e3693fcffc9dcaf21532ccfd"",""implementation"":""Sionna_5G_LDPC"",""power_protocol"":""fixed_constellation_average_Es2"",""precision"":""float32"",""rate_matching"":""Sionna RV0; filler removal, first2Z and tail puncturing; supported n only"",""scrambling"":""public_PCG64_SHA256_protocol_session_frame_group_counter_after_rate_matching_v1"",""torch"":""2.11.0+cu128"",""version"":""2.2.0""},""interleaver_sha256"":""3a673235012b5eafc63943a7ead83b9e0d074d4664f8acf7bff4f6d11cfd1aea"",""k"":376,""k_filler"":20,""k_ldpc"":396,""layout_id"":""9d42a83915ac91f7e7e1372cecb1c5a173331c04520b87db076d832a40a47da2"",""modulation_padding_bits"":0,""mother_bits"":1224,""n"":504,""n_cb"":1188,""n_cb_comp"":1168,""power_protocol"":""fixed_constellation_average_Es2"",""puncturing_bits"":700,""puncturing_first_2Z"":36,""puncturing_remaining"":664,""repetition_bits"":0,""scrambling"":""public_PCG64_SHA256_protocol_session_frame_group_counter_after_rate_matching_v1"",""shortening_bits"":20,""z"":18}","[1024,2048]"
16QAM,3/4,16QAM:r3/4,f48ef2b8d8e0ed8d72f0b3bd0e841a7f73e409f216f0be1dcd8ffcd9ab0511bf,1800,16,0,1816,1920,104,9984,6672,1668,0,0.27218225419664266,0.2697841726618705,"{""actual_effective_rate"":0.27218225419664266,""bg"":""bg2"",""bit_mapping"":""component_Gray_00_-3_01_-1_10_3_11_1_over_sqrt5;QPSK_0_plus1_1_minus1"",""code_blocks"":1,""decoder_config"":{""cn_schedule"":""flooding"",""cn_update"":""boxplus-phi"",""early_stop"":false,""hard_out"":true,""harq_mode"":false,""llr_max"":20.0,""num_iter"":20,""precision"":""single"",""prune_pcm"":true,""return_infobits"":true,""vn_update"":""sum""},""implementation"":{""bit_mapping"":""component_Gray_00_-3_01_-1_10_3_11_1_over_sqrt5;QPSK_0_plus1_1_minus1"",""cuda"":""12.8"",""decoder"":{""cn_schedule"":""flooding"",""cn_update"":""boxplus-phi"",""early_stop"":false,""hard_out"":true,""harq_mode"":false,""llr_max"":20.0,""num_iter"":20,""precision"":""single"",""prune_pcm"":true,""return_infobits"":true,""vn_update"":""sum""},""decoder_source_sha256"":""44d84b92b749e2970f94d92cd348a11648e2286b4d851faa0af8b21d08f0da23"",""encoder_source_sha256"":""34d8db6660b2e84708a8fb534f63c194f6f2b964e3693fcffc9dcaf21532ccfd"",""implementation"":""Sionna_5G_LDPC"",""power_protocol"":""fixed_constellation_average_Es2"",""precision"":""float32"",""rate_matching"":""Sionna RV0; filler removal, first2Z and tail puncturing; supported n only"",""scrambling"":""public_PCG64_SHA256_protocol_session_frame_group_counter_after_rate_matching_v1"",""torch"":""2.11.0+cu128"",""version"":""2.2.0""},""interleaver_sha256"":""b184ae06bcf99a3ed345bc35599c2654c27e587e0ca11b4574dbc830cda79b40"",""k"":1816,""k_filler"":104,""k_ldpc"":1920,""layout_id"":""aebe34109f22ab54275b9cda7a8355a123ea77e08e6a09579d329edf69a01be5"",""modulation_padding_bits"":0,""mother_bits"":9984,""n"":6672,""n_cb"":9600,""n_cb_comp"":9496,""power_protocol"":""fixed_constellation_average_Es2"",""puncturing_bits"":3208,""puncturing_first_2Z"":384,""puncturing_remaining"":2824,""repetition_bits"":0,""scrambling"":""public_PCG64_SHA256_protocol_session_frame_group_counter_after_rate_matching_v1"",""shortening_bits"":104,""z"":192}",[2048]
QPSK,3/4,QPSK:r3/4,f49408b15d9542ebb68e258ab74ec98291b875454036cb033cee9cdfcbf41ae7,300,16,0,316,400,84,2080,1146,573,0,0.2757417102966841,0.2617801047120419,"{""actual_effective_rate"":0.2757417102966841,""bg"":""bg2"",""bit_mapping"":""component_Gray_00_-3_01_-1_10_3_11_1_over_sqrt5;QPSK_0_plus1_1_minus1"",""code_blocks"":1,""decoder_config"":{""cn_schedule"":""flooding"",""cn_update"":""boxplus-phi"",""early_stop"":false,""hard_out"":true,""harq_mode"":false,""llr_max"":20.0,""num_iter"":20,""precision"":""single"",""prune_pcm"":true,""return_infobits"":true,""vn_update"":""sum""},""implementation"":{""bit_mapping"":""component_Gray_00_-3_01_-1_10_3_11_1_over_sqrt5;QPSK_0_plus1_1_minus1"",""cuda"":""12.8"",""decoder"":{""cn_schedule"":""flooding"",""cn_update"":""boxplus-phi"",""early_stop"":false,""hard_out"":true,""harq_mode"":false,""llr_max"":20.0,""num_iter"":20,""precision"":""single"",""prune_pcm"":true,""return_infobits"":true,""vn_update"":""sum""},""decoder_source_sha256"":""44d84b92b749e2970f94d92cd348a11648e2286b4d851faa0af8b21d08f0da23"",""encoder_source_sha256"":""34d8db6660b2e84708a8fb534f63c194f6f2b964e3693fcffc9dcaf21532ccfd"",""implementation"":""Sionna_5G_LDPC"",""power_protocol"":""fixed_constellation_average_Es2"",""precision"":""float32"",""rate_matching"":""Sionna RV0; filler removal, first2Z and tail puncturing; supported n only"",""scrambling"":""public_PCG64_SHA256_protocol_session_frame_group_counter_after_rate_matching_v1"",""torch"":""2.11.0+cu128"",""version"":""2.2.0""},""interleaver_sha256"":""3faebb5147f369c325a9fe9b5547531cda79672c52e77f954d275964a7bde86d"",""k"":316,""k_filler"":84,""k_ldpc"":400,""layout_id"":""42ef9a12be0c9bb717b52ae72f81dede734b52a7fc419a29b54cd4e97fd8f4d2"",""modulation_padding_bits"":0,""mother_bits"":2080,""n"":1146,""n_cb"":2000,""n_cb_comp"":1916,""power_protocol"":""fixed_constellation_average_Es2"",""puncturing_bits"":850,""puncturing_first_2Z"":80,""puncturing_remaining"":770,""repetition_bits"":0,""scrambling"":""public_PCG64_SHA256_protocol_session_frame_group_counter_after_rate_matching_v1"",""shortening_bits"":84,""z"":40}",[1024]
QPSK,2/3,QPSK:r2/3,f494ff7be04e3f6cc75ca30886156e97e11525821aec7d3216bbe558ab690ec8,1860,16,0,1876,1920,44,9984,3710,1855,0,0.5056603773584906,0.5013477088948787,"{""actual_effective_rate"":0.5056603773584906,""bg"":""bg2"",""bit_mapping"":""component_Gray_00_-3_01_-1_10_3_11_1_over_sqrt5;QPSK_0_plus1_1_minus1"",""code_blocks"":1,""decoder_config"":{""cn_schedule"":""flooding"",""cn_update"":""boxplus-phi"",""early_stop"":false,""hard_out"":true,""harq_mode"":false,""llr_max"":20.0,""num_iter"":20,""precision"":""single"",""prune_pcm"":true,""return_infobits"":true,""vn_update"":""sum""},""implementation"":{""bit_mapping"":""component_Gray_00_-3_01_-1_10_3_11_1_over_sqrt5;QPSK_0_plus1_1_minus1"",""cuda"":""12.8"",""decoder"":{""cn_schedule"":""flooding"",""cn_update"":""boxplus-phi"",""early_stop"":false,""hard_out"":true,""harq_mode"":false,""llr_max"":20.0,""num_iter"":20,""precision"":""single"",""prune_pcm"":true,""return_infobits"":true,""vn_update"":""sum""},""decoder_source_sha256"":""44d84b92b749e2970f94d92cd348a11648e2286b4d851faa0af8b21d08f0da23"",""encoder_source_sha256"":""34d8db6660b2e84708a8fb534f63c194f6f2b964e3693fcffc9dcaf21532ccfd"",""implementation"":""Sionna_5G_LDPC"",""power_protocol"":""fixed_constellation_average_Es2"",""precision"":""float32"",""rate_matching"":""Sionna RV0; filler removal, first2Z and tail puncturing; supported n only"",""scrambling"":""public_PCG64_SHA256_protocol_session_frame_group_counter_after_rate_matching_v1"",""torch"":""2.11.0+cu128"",""version"":""2.2.0""},""interleaver_sha256"":""773b26520ef3276fa9800cc6e30b0bebac1f2c69a5f748fc606303076abe891a"",""k"":1876,""k_filler"":44,""k_ldpc"":1920,""layout_id"":""bd28de1826eed608ef5124a6ce91687d237839e012fbdb1e571e87ddf4165618"",""modulation_padding_bits"":0,""mother_bits"":9984,""n"":3710,""n_cb"":9600,""n_cb_comp"":9556,""power_protocol"":""fixed_constellation_average_Es2"",""puncturing_bits"":6230,""puncturing_first_2Z"":384,""puncturing_remaining"":5846,""repetition_bits"":0,""scrambling"":""public_PCG64_SHA256_protocol_session_frame_group_counter_after_rate_matching_v1"",""shortening_bits"":44,""z"":192}",[2048]
16QAM,3/4,16QAM:r3/4,f49868790410f386357ac064ae56a99a704ce51fbe95cf7da0cc8e442a1a4849,660,16,0,676,720,44,3744,1584,396,0,0.42676767676767674,0.4166666666666667,"{""actual_effective_rate"":0.42676767676767674,""bg"":""bg2"",""bit_mapping"":""component_Gray_00_-3_01_-1_10_3_11_1_over_sqrt5;QPSK_0_plus1_1_minus1"",""code_blocks"":1,""decoder_config"":{""cn_schedule"":""flooding"",""cn_update"":""boxplus-phi"",""early_stop"":false,""hard_out"":true,""harq_mode"":false,""llr_max"":20.0,""num_iter"":20,""precision"":""single"",""prune_pcm"":true,""return_infobits"":true,""vn_update"":""sum""},""implementation"":{""bit_mapping"":""component_Gray_00_-3_01_-1_10_3_11_1_over_sqrt5;QPSK_0_plus1_1_minus1"",""cuda"":""12.8"",""decoder"":{""cn_schedule"":""flooding"",""cn_update"":""boxplus-phi"",""early_stop"":false,""hard_out"":true,""harq_mode"":false,""llr_max"":20.0,""num_iter"":20,""precision"":""single"",""prune_pcm"":true,""return_infobits"":true,""vn_update"":""sum""},""decoder_source_sha256"":""44d84b92b749e2970f94d92cd348a11648e2286b4d851faa0af8b21d08f0da23"",""encoder_source_sha256"":""34d8db6660b2e84708a8fb534f63c194f6f2b964e3693fcffc9dcaf21532ccfd"",""implementation"":""Sionna_5G_LDPC"",""power_protocol"":""fixed_constellation_average_Es2"",""precision"":""float32"",""rate_matching"":""Sionna RV0; filler removal, first2Z and tail puncturing; supported n only"",""scrambling"":""public_PCG64_SHA256_protocol_session_frame_group_counter_after_rate_matching_v1"",""torch"":""2.11.0+cu128"",""version"":""2.2.0""},""interleaver_sha256"":""2454fd59840f4507556f3572936dc810510ae0a9fbdd3f0f7bf54f871e828d98"",""k"":676,""k_filler"":44,""k_ldpc"":720,""layout_id"":""7c0b632d3bf2e46b24d94b54d1cc1b3e288c7632db6e3703ada303631b00fc3f"",""modulation_padding_bits"":0,""mother_bits"":3744,""n"":1584,""n_cb"":3600,""n_cb_comp"":3556,""power_protocol"":""fixed_constellation_average_Es2"",""puncturing_bits"":2116,""puncturing_first_2Z"":144,""puncturing_remaining"":1972,""repetition_bits"":0,""scrambling"":""public_PCG64_SHA256_protocol_session_frame_group_counter_after_rate_matching_v1"",""shortening_bits"":44,""z"":72}","[1024,2048]"
QPSK,3/4,QPSK:r3/4,f4a393b013eb5fc150fed0032fda5f74e15ad4c5e6567f65b5e837f3b6b643d6,1500,16,0,1516,1600,84,8320,2636,1318,0,0.575113808801214,0.5690440060698028,"{""actual_effective_rate"":0.575113808801214,""bg"":""bg2"",""bit_mapping"":""component_Gray_00_-3_01_-1_10_3_11_1_over_sqrt5;QPSK_0_plus1_1_minus1"",""code_blocks"":1,""decoder_config"":{""cn_schedule"":""flooding"",""cn_update"":""boxplus-phi"",""early_stop"":false,""hard_out"":true,""harq_mode"":false,""llr_max"":20.0,""num_iter"":20,""precision"":""single"",""prune_pcm"":true,""return_infobits"":true,""vn_update"":""sum""},""implementation"":{""bit_mapping"":""component_Gray_00_-3_01_-1_10_3_11_1_over_sqrt5;QPSK_0_plus1_1_minus1"",""cuda"":""12.8"",""decoder"":{""cn_schedule"":""flooding"",""cn_update"":""boxplus-phi"",""early_stop"":false,""hard_out"":true,""harq_mode"":false,""llr_max"":20.0,""num_iter"":20,""precision"":""single"",""prune_pcm"":true,""return_infobits"":true,""vn_update"":""sum""},""decoder_source_sha256"":""44d84b92b749e2970f94d92cd348a11648e2286b4d851faa0af8b21d08f0da23"",""encoder_source_sha256"":""34d8db6660b2e84708a8fb534f63c194f6f2b964e3693fcffc9dcaf21532ccfd"",""implementation"":""Sionna_5G_LDPC"",""power_protocol"":""fixed_constellation_average_Es2"",""precision"":""float32"",""rate_matching"":""Sionna RV0; filler removal, first2Z and tail puncturing; supported n only"",""scrambling"":""public_PCG64_SHA256_protocol_session_frame_group_counter_after_rate_matching_v1"",""torch"":""2.11.0+cu128"",""version"":""2.2.0""},""interleaver_sha256"":""b645ac6083a04e2b7f34db98a88840b3471cbf7cf5429119beac70b0213fc781"",""k"":1516,""k_filler"":84,""k_ldpc"":1600,""layout_id"":""84fec99f22a78b5a11b172e3b22f2b30cf80e2e14a5d3c04bb64ca7ef34efa2f"",""modulation_padding_bits"":0,""mother_bits"":8320,""n"":2636,""n_cb"":8000,""n_cb_comp"":7916,""power_protocol"":""fixed_constellation_average_Es2"",""puncturing_bits"":5600,""puncturing_first_2Z"":320,""puncturing_remaining"":5280,""repetition_bits"":0,""scrambling"":""public_PCG64_SHA256_protocol_session_frame_group_counter_after_rate_matching_v1"",""shortening_bits"":84,""z"":160}",[2048]
QPSK,5/6,QPSK:r5/6,f4b006a373721ebbc1db58201901e0d29f585cdd2714ad8d273edb9fe99e53c9,1092,16,0,1108,1120,12,5824,1654,827,0,0.6698911729141476,0.660217654171705,"{""actual_effective_rate"":0.6698911729141476,""bg"":""bg2"",""bit_mapping"":""component_Gray_00_-3_01_-1_10_3_11_1_over_sqrt5;QPSK_0_plus1_1_minus1"",""code_blocks"":1,""decoder_config"":{""cn_schedule"":""flooding"",""cn_update"":""boxplus-phi"",""early_stop"":false,""hard_out"":true,""harq_mode"":false,""llr_max"":20.0,""num_iter"":20,""precision"":""single"",""prune_pcm"":true,""return_infobits"":true,""vn_update"":""sum""},""implementation"":{""bit_mapping"":""component_Gray_00_-3_01_-1_10_3_11_1_over_sqrt5;QPSK_0_plus1_1_minus1"",""cuda"":""12.8"",""decoder"":{""cn_schedule"":""flooding"",""cn_update"":""boxplus-phi"",""early_stop"":false,""hard_out"":true,""harq_mode"":false,""llr_max"":20.0,""num_iter"":20,""precision"":""single"",""prune_pcm"":true,""return_infobits"":true,""vn_update"":""sum""},""decoder_source_sha256"":""44d84b92b749e2970f94d92cd348a11648e2286b4d851faa0af8b21d08f0da23"",""encoder_source_sha256"":""34d8db6660b2e84708a8fb534f63c194f6f2b964e3693fcffc9dcaf21532ccfd"",""implementation"":""Sionna_5G_LDPC"",""power_protocol"":""fixed_constellation_average_Es2"",""precision"":""float32"",""rate_matching"":""Sionna RV0; filler removal, first2Z and tail puncturing; supported n only"",""scrambling"":""public_PCG64_SHA256_protocol_session_frame_group_counter_after_rate_matching_v1"",""torch"":""2.11.0+cu128"",""version"":""2.2.0""},""interleaver_sha256"":""691ba9e580caf86916b46f971d258186689bd9d7b7bb6da3b1bef58f995d4690"",""k"":1108,""k_filler"":12,""k_ldpc"":1120,""layout_id"":""3a5f093eef5c92b72c4e3b0f8ddc416145f58be64594b40ae87f8b891f14c514"",""modulation_padding_bits"":0,""mother_bits"":5824,""n"":1654,""n_cb"":5600,""n_cb_comp"":5588,""power_protocol"":""fixed_constellation_average_Es2"",""puncturing_bits"":4158,""puncturing_first_2Z"":224,""puncturing_remaining"":3934,""repetition_bits"":0,""scrambling"":""public_PCG64_SHA256_protocol_session_frame_group_counter_after_rate_matching_v1"",""shortening_bits"":12,""z"":112}",[1024]
16QAM,1/2,16QAM:r1/2,f4bd648211ee9fed5e31e18bf2cee0d051622187d3c2bd28c117d647052f5d57,1116,16,0,1132,1200,68,6240,5484,1371,0,0.2064186725018235,0.20350109409190373,"{""actual_effective_rate"":0.2064186725018235,""bg"":""bg2"",""bit_mapping"":""component_Gray_00_-3_01_-1_10_3_11_1_over_sqrt5;QPSK_0_plus1_1_minus1"",""code_blocks"":1,""decoder_config"":{""cn_schedule"":""flooding"",""cn_update"":""boxplus-phi"",""early_stop"":false,""hard_out"":true,""harq_mode"":false,""llr_max"":20.0,""num_iter"":20,""precision"":""single"",""prune_pcm"":true,""return_infobits"":true,""vn_update"":""sum""},""implementation"":{""bit_mapping"":""component_Gray_00_-3_01_-1_10_3_11_1_over_sqrt5;QPSK_0_plus1_1_minus1"",""cuda"":""12.8"",""decoder"":{""cn_schedule"":""flooding"",""cn_update"":""boxplus-phi"",""early_stop"":false,""hard_out"":true,""harq_mode"":false,""llr_max"":20.0,""num_iter"":20,""precision"":""single"",""prune_pcm"":true,""return_infobits"":true,""vn_update"":""sum""},""decoder_source_sha256"":""44d84b92b749e2970f94d92cd348a11648e2286b4d851faa0af8b21d08f0da23"",""encoder_source_sha256"":""34d8db6660b2e84708a8fb534f63c194f6f2b964e3693fcffc9dcaf21532ccfd"",""implementation"":""Sionna_5G_LDPC"",""power_protocol"":""fixed_constellation_average_Es2"",""precision"":""float32"",""rate_matching"":""Sionna RV0; filler removal, first2Z and tail puncturing; supported n only"",""scrambling"":""public_PCG64_SHA256_protocol_session_frame_group_counter_after_rate_matching_v1"",""torch"":""2.11.0+cu128"",""version"":""2.2.0""},""interleaver_sha256"":""a00bae02f80a74f94ef3bf24743561c67eefeb40e3fa34336f41548f4165c603"",""k"":1132,""k_filler"":68,""k_ldpc"":1200,""layout_id"":""ea2732ef145e2491ad2d6561170584ab07e30626a7d1e2e55a4e3d1a50d5486b"",""modulation_padding_bits"":0,""mother_bits"":6240,""n"":5484,""n_cb"":6000,""n_cb_comp"":5932,""power_protocol"":""fixed_constellation_average_Es2"",""puncturing_bits"":688,""puncturing_first_2Z"":240,""puncturing_remaining"":448,""repetition_bits"":0,""scrambling"":""public_PCG64_SHA256_protocol_session_frame_group_counter_after_rate_matching_v1"",""shortening_bits"":68,""z"":120}",[2048]
16QAM,2/3,16QAM:r2/3,f4d4dc52f403bed61a9d8e5d456be6dc17281f8e3f66aa672f0b4227830d18b9,1416,16,0,1432,1440,8,7488,2152,538,0,0.6654275092936803,0.6579925650557621,"{""actual_effective_rate"":0.6654275092936803,""bg"":""bg2"",""bit_mapping"":""component_Gray_00_-3_01_-1_10_3_11_1_over_sqrt5;QPSK_0_plus1_1_minus1"",""code_blocks"":1,""decoder_config"":{""cn_schedule"":""flooding"",""cn_update"":""boxplus-phi"",""early_stop"":false,""hard_out"":true,""harq_mode"":false,""llr_max"":20.0,""num_iter"":20,""precision"":""single"",""prune_pcm"":true,""return_infobits"":true,""vn_update"":""sum""},""implementation"":{""bit_mapping"":""component_Gray_00_-3_01_-1_10_3_11_1_over_sqrt5;QPSK_0_plus1_1_minus1"",""cuda"":""12.8"",""decoder"":{""cn_schedule"":""flooding"",""cn_update"":""boxplus-phi"",""early_stop"":false,""hard_out"":true,""harq_mode"":false,""llr_max"":20.0,""num_iter"":20,""precision"":""single"",""prune_pcm"":true,""return_infobits"":true,""vn_update"":""sum""},""decoder_source_sha256"":""44d84b92b749e2970f94d92cd348a11648e2286b4d851faa0af8b21d08f0da23"",""encoder_source_sha256"":""34d8db6660b2e84708a8fb534f63c194f6f2b964e3693fcffc9dcaf21532ccfd"",""implementation"":""Sionna_5G_LDPC"",""power_protocol"":""fixed_constellation_average_Es2"",""precision"":""float32"",""rate_matching"":""Sionna RV0; filler removal, first2Z and tail puncturing; supported n only"",""scrambling"":""public_PCG64_SHA256_protocol_session_frame_group_counter_after_rate_matching_v1"",""torch"":""2.11.0+cu128"",""version"":""2.2.0""},""interleaver_sha256"":""17a6cbad77397aea38ba866a1e7edfd89b7b905ec257526dcd9a239636632cb3"",""k"":1432,""k_filler"":8,""k_ldpc"":1440,""layout_id"":""ba63088122427e3d2e18a3f3cd8e11853f15bf50987f6344ec5b1934df265c14"",""modulation_padding_bits"":0,""mother_bits"":7488,""n"":2152,""n_cb"":7200,""n_cb_comp"":7192,""power_protocol"":""fixed_constellation_average_Es2"",""puncturing_bits"":5328,""puncturing_first_2Z"":288,""puncturing_remaining"":5040,""repetition_bits"":0,""scrambling"":""public_PCG64_SHA256_protocol_session_frame_group_counter_after_rate_matching_v1"",""shortening_bits"":8,""z"":144}",[1024]
16QAM,5/6,16QAM:r5/6,f4e5b7cd9d49e1614eafcda34d1237a19675ed0805ba63d5ccf3f70331c98998,2100,16,0,2116,2288,172,7072,2948,737,0,0.7177747625508819,0.7123473541383989,"{""actual_effective_rate"":0.7177747625508819,""bg"":""bg1"",""bit_mapping"":""component_Gray_00_-3_01_-1_10_3_11_1_over_sqrt5;QPSK_0_plus1_1_minus1"",""code_blocks"":1,""decoder_config"":{""cn_schedule"":""flooding"",""cn_update"":""boxplus-phi"",""early_stop"":false,""hard_out"":true,""harq_mode"":false,""llr_max"":20.0,""num_iter"":20,""precision"":""single"",""prune_pcm"":true,""return_infobits"":true,""vn_update"":""sum""},""implementation"":{""bit_mapping"":""component_Gray_00_-3_01_-1_10_3_11_1_over_sqrt5;QPSK_0_plus1_1_minus1"",""cuda"":""12.8"",""decoder"":{""cn_schedule"":""flooding"",""cn_update"":""boxplus-phi"",""early_stop"":false,""hard_out"":true,""harq_mode"":false,""llr_max"":20.0,""num_iter"":20,""precision"":""single"",""prune_pcm"":true,""return_infobits"":true,""vn_update"":""sum""},""decoder_source_sha256"":""44d84b92b749e2970f94d92cd348a11648e2286b4d851faa0af8b21d08f0da23"",""encoder_source_sha256"":""34d8db6660b2e84708a8fb534f63c194f6f2b964e3693fcffc9dcaf21532ccfd"",""implementation"":""Sionna_5G_LDPC"",""power_protocol"":""fixed_constellation_average_Es2"",""precision"":""float32"",""rate_matching"":""Sionna RV0; filler removal, first2Z and tail puncturing; supported n only"",""scrambling"":""public_PCG64_SHA256_protocol_session_frame_group_counter_after_rate_matching_v1"",""torch"":""2.11.0+cu128"",""version"":""2.2.0""},""interleaver_sha256"":""26166928da941c7a832a38bac6cc78d190506a5e8803a0f3f968df4f82da016a"",""k"":2116,""k_filler"":172,""k_ldpc"":2288,""layout_id"":""13e777dd970590235abc012613272c5411774f427e4cb736a6677cfa02153542"",""modulation_padding_bits"":0,""mother_bits"":7072,""n"":2948,""n_cb"":6864,""n_cb_comp"":6692,""power_protocol"":""fixed_constellation_average_Es2"",""puncturing_bits"":3952,""puncturing_first_2Z"":208,""puncturing_remaining"":3744,""repetition_bits"":0,""scrambling"":""public_PCG64_SHA256_protocol_session_frame_group_counter_after_rate_matching_v1"",""shortening_bits"":172,""z"":104}",[1024]
QPSK,1/2,QPSK:r1/2,f4fcd0acadd346784c736442ea8e8ddd4bd2944ea121876616b1d5af0b96e4e5,360,16,0,376,480,104,2496,1036,518,0,0.36293436293436293,0.3474903474903475,"{""actual_effective_rate"":0.36293436293436293,""bg"":""bg2"",""bit_mapping"":""component_Gray_00_-3_01_-1_10_3_11_1_over_sqrt5;QPSK_0_plus1_1_minus1"",""code_blocks"":1,""decoder_config"":{""cn_schedule"":""flooding"",""cn_update"":""boxplus-phi"",""early_stop"":false,""hard_out"":true,""harq_mode"":false,""llr_max"":20.0,""num_iter"":20,""precision"":""single"",""prune_pcm"":true,""return_infobits"":true,""vn_update"":""sum""},""implementation"":{""bit_mapping"":""component_Gray_00_-3_01_-1_10_3_11_1_over_sqrt5;QPSK_0_plus1_1_minus1"",""cuda"":""12.8"",""decoder"":{""cn_schedule"":""flooding"",""cn_update"":""boxplus-phi"",""early_stop"":false,""hard_out"":true,""harq_mode"":false,""llr_max"":20.0,""num_iter"":20,""precision"":""single"",""prune_pcm"":true,""return_infobits"":true,""vn_update"":""sum""},""decoder_source_sha256"":""44d84b92b749e2970f94d92cd348a11648e2286b4d851faa0af8b21d08f0da23"",""encoder_source_sha256"":""34d8db6660b2e84708a8fb534f63c194f6f2b964e3693fcffc9dcaf21532ccfd"",""implementation"":""Sionna_5G_LDPC"",""power_protocol"":""fixed_constellation_average_Es2"",""precision"":""float32"",""rate_matching"":""Sionna RV0; filler removal, first2Z and tail puncturing; supported n only"",""scrambling"":""public_PCG64_SHA256_protocol_session_frame_group_counter_after_rate_matching_v1"",""torch"":""2.11.0+cu128"",""version"":""2.2.0""},""interleaver_sha256"":""fa03694aa7b4a83a29edd626b8b51b050b70c6bf91e37060f67f328d8a6888a1"",""k"":376,""k_filler"":104,""k_ldpc"":480,""layout_id"":""a2240a148ab2b42b9415ce810692c031524df281c95a788a505cd4f31bde73e7"",""modulation_padding_bits"":0,""mother_bits"":2496,""n"":1036,""n_cb"":2400,""n_cb_comp"":2296,""power_protocol"":""fixed_constellation_average_Es2"",""puncturing_bits"":1356,""puncturing_first_2Z"":96,""puncturing_remaining"":1260,""repetition_bits"":0,""scrambling"":""public_PCG64_SHA256_protocol_session_frame_group_counter_after_rate_matching_v1"",""shortening_bits"":104,""z"":48}",[1024]
QPSK,2/3,QPSK:r2/3,f4fd773582b0ddd38055f0bce120c1bd3481cb3bcb0f96c07b6d03deba96673a,360,16,0,376,480,104,2496,656,328,0,0.573170731707317,0.5487804878048781,"{""actual_effective_rate"":0.573170731707317,""bg"":""bg2"",""bit_mapping"":""component_Gray_00_-3_01_-1_10_3_11_1_over_sqrt5;QPSK_0_plus1_1_minus1"",""code_blocks"":1,""decoder_config"":{""cn_schedule"":""flooding"",""cn_update"":""boxplus-phi"",""early_stop"":false,""hard_out"":true,""harq_mode"":false,""llr_max"":20.0,""num_iter"":20,""precision"":""single"",""prune_pcm"":true,""return_infobits"":true,""vn_update"":""sum""},""implementation"":{""bit_mapping"":""component_Gray_00_-3_01_-1_10_3_11_1_over_sqrt5;QPSK_0_plus1_1_minus1"",""cuda"":""12.8"",""decoder"":{""cn_schedule"":""flooding"",""cn_update"":""boxplus-phi"",""early_stop"":false,""hard_out"":true,""harq_mode"":false,""llr_max"":20.0,""num_iter"":20,""precision"":""single"",""prune_pcm"":true,""return_infobits"":true,""vn_update"":""sum""},""decoder_source_sha256"":""44d84b92b749e2970f94d92cd348a11648e2286b4d851faa0af8b21d08f0da23"",""encoder_source_sha256"":""34d8db6660b2e84708a8fb534f63c194f6f2b964e3693fcffc9dcaf21532ccfd"",""implementation"":""Sionna_5G_LDPC"",""power_protocol"":""fixed_constellation_average_Es2"",""precision"":""float32"",""rate_matching"":""Sionna RV0; filler removal, first2Z and tail puncturing; supported n only"",""scrambling"":""public_PCG64_SHA256_protocol_session_frame_group_counter_after_rate_matching_v1"",""torch"":""2.11.0+cu128"",""version"":""2.2.0""},""interleaver_sha256"":""5c6610acdfcd3f5962bcfcb0fe303b19d312484313fad67b9afa7c45edd69c04"",""k"":376,""k_filler"":104,""k_ldpc"":480,""layout_id"":""c6cbe69cd4c559b0fc0245363c99384f4459fe647a6f163067af0a2f701e141a"",""modulation_padding_bits"":0,""mother_bits"":2496,""n"":656,""n_cb"":2400,""n_cb_comp"":2296,""power_protocol"":""fixed_constellation_average_Es2"",""puncturing_bits"":1736,""puncturing_first_2Z"":96,""puncturing_remaining"":1640,""repetition_bits"":0,""scrambling"":""public_PCG64_SHA256_protocol_session_frame_group_counter_after_rate_matching_v1"",""shortening_bits"":104,""z"":48}",[2048]
16QAM,3/4,16QAM:r3/4,f50b63de76d40f38a61a511d70b45b0290b5b56a38563a34670c2c56feb44aa8,324,16,0,340,440,100,2288,1184,296,0,0.28716216216216217,0.27364864864864863,"{""actual_effective_rate"":0.28716216216216217,""bg"":""bg2"",""bit_mapping"":""component_Gray_00_-3_01_-1_10_3_11_1_over_sqrt5;QPSK_0_plus1_1_minus1"",""code_blocks"":1,""decoder_config"":{""cn_schedule"":""flooding"",""cn_update"":""boxplus-phi"",""early_stop"":false,""hard_out"":true,""harq_mode"":false,""llr_max"":20.0,""num_iter"":20,""precision"":""single"",""prune_pcm"":true,""return_infobits"":true,""vn_update"":""sum""},""implementation"":{""bit_mapping"":""component_Gray_00_-3_01_-1_10_3_11_1_over_sqrt5;QPSK_0_plus1_1_minus1"",""cuda"":""12.8"",""decoder"":{""cn_schedule"":""flooding"",""cn_update"":""boxplus-phi"",""early_stop"":false,""hard_out"":true,""harq_mode"":false,""llr_max"":20.0,""num_iter"":20,""precision"":""single"",""prune_pcm"":true,""return_infobits"":true,""vn_update"":""sum""},""decoder_source_sha256"":""44d84b92b749e2970f94d92cd348a11648e2286b4d851faa0af8b21d08f0da23"",""encoder_source_sha256"":""34d8db6660b2e84708a8fb534f63c194f6f2b964e3693fcffc9dcaf21532ccfd"",""implementation"":""Sionna_5G_LDPC"",""power_protocol"":""fixed_constellation_average_Es2"",""precision"":""float32"",""rate_matching"":""Sionna RV0; filler removal, first2Z and tail puncturing; supported n only"",""scrambling"":""public_PCG64_SHA256_protocol_session_frame_group_counter_after_rate_matching_v1"",""torch"":""2.11.0+cu128"",""version"":""2.2.0""},""interleaver_sha256"":""f25e66e6e1728bea53cb1ae172d70a04044ad434556c205acaa37af65d88b741"",""k"":340,""k_filler"":100,""k_ldpc"":440,""layout_id"":""b04c8eb12b4cb59bf517d4e3a433b25e12733db6bf290d2e8f86a407d5f73c99"",""modulation_padding_bits"":0,""mother_bits"":2288,""n"":1184,""n_cb"":2200,""n_cb_comp"":2100,""power_protocol"":""fixed_constellation_average_Es2"",""puncturing_bits"":1004,""puncturing_first_2Z"":88,""puncturing_remaining"":916,""repetition_bits"":0,""scrambling"":""public_PCG64_SHA256_protocol_session_frame_group_counter_after_rate_matching_v1"",""shortening_bits"":100,""z"":44}",[1024]
16QAM,3/4,16QAM:r3/4,f50db141f40985d141e969ea4257a99ee7ccf356b99cef98e15469f3b92feba7,300,16,0,316,400,84,2080,1044,261,0,0.30268199233716475,0.28735632183908044,"{""actual_effective_rate"":0.30268199233716475,""bg"":""bg2"",""bit_mapping"":""component_Gray_00_-3_01_-1_10_3_11_1_over_sqrt5;QPSK_0_plus1_1_minus1"",""code_blocks"":1,""decoder_config"":{""cn_schedule"":""flooding"",""cn_update"":""boxplus-phi"",""early_stop"":false,""hard_out"":true,""harq_mode"":false,""llr_max"":20.0,""num_iter"":20,""precision"":""single"",""prune_pcm"":true,""return_infobits"":true,""vn_update"":""sum""},""implementation"":{""bit_mapping"":""component_Gray_00_-3_01_-1_10_3_11_1_over_sqrt5;QPSK_0_plus1_1_minus1"",""cuda"":""12.8"",""decoder"":{""cn_schedule"":""flooding"",""cn_update"":""boxplus-phi"",""early_stop"":false,""hard_out"":true,""harq_mode"":false,""llr_max"":20.0,""num_iter"":20,""precision"":""single"",""prune_pcm"":true,""return_infobits"":true,""vn_update"":""sum""},""decoder_source_sha256"":""44d84b92b749e2970f94d92cd348a11648e2286b4d851faa0af8b21d08f0da23"",""encoder_source_sha256"":""34d8db6660b2e84708a8fb534f63c194f6f2b964e3693fcffc9dcaf21532ccfd"",""implementation"":""Sionna_5G_LDPC"",""power_protocol"":""fixed_constellation_average_Es2"",""precision"":""float32"",""rate_matching"":""Sionna RV0; filler removal, first2Z and tail puncturing; supported n only"",""scrambling"":""public_PCG64_SHA256_protocol_session_frame_group_counter_after_rate_matching_v1"",""torch"":""2.11.0+cu128"",""version"":""2.2.0""},""interleaver_sha256"":""46f8e706812b0bd40a5cde666d4c252d1c633150867e5c68c026271c5b94c591"",""k"":316,""k_filler"":84,""k_ldpc"":400,""layout_id"":""9cdc2e9ea81d5f76f0eefda095ef684c2fed4fc0ec00bbf822df5b3e791d954e"",""modulation_padding_bits"":0,""mother_bits"":2080,""n"":1044,""n_cb"":2000,""n_cb_comp"":1916,""power_protocol"":""fixed_constellation_average_Es2"",""puncturing_bits"":952,""puncturing_first_2Z"":80,""puncturing_remaining"":872,""repetition_bits"":0,""scrambling"":""public_PCG64_SHA256_protocol_session_frame_group_counter_after_rate_matching_v1"",""shortening_bits"":84,""z"":40}",[1024]
16QAM,1/2,16QAM:r1/2,f513b2a4c7c45d18cc4a100bd0f556f62f3a0dba330edee5739265e622bb91fb,1800,16,0,1816,1920,104,9984,6852,1713,0,0.26503210741389377,0.2626970227670753,"{""actual_effective_rate"":0.26503210741389377,""bg"":""bg2"",""bit_mapping"":""component_Gray_00_-3_01_-1_10_3_11_1_over_sqrt5;QPSK_0_plus1_1_minus1"",""code_blocks"":1,""decoder_config"":{""cn_schedule"":""flooding"",""cn_update"":""boxplus-phi"",""early_stop"":false,""hard_out"":true,""harq_mode"":false,""llr_max"":20.0,""num_iter"":20,""precision"":""single"",""prune_pcm"":true,""return_infobits"":true,""vn_update"":""sum""},""implementation"":{""bit_mapping"":""component_Gray_00_-3_01_-1_10_3_11_1_over_sqrt5;QPSK_0_plus1_1_minus1"",""cuda"":""12.8"",""decoder"":{""cn_schedule"":""flooding"",""cn_update"":""boxplus-phi"",""early_stop"":false,""hard_out"":true,""harq_mode"":false,""llr_max"":20.0,""num_iter"":20,""precision"":""single"",""prune_pcm"":true,""return_infobits"":true,""vn_update"":""sum""},""decoder_source_sha256"":""44d84b92b749e2970f94d92cd348a11648e2286b4d851faa0af8b21d08f0da23"",""encoder_source_sha256"":""34d8db6660b2e84708a8fb534f63c194f6f2b964e3693fcffc9dcaf21532ccfd"",""implementation"":""Sionna_5G_LDPC"",""power_protocol"":""fixed_constellation_average_Es2"",""precision"":""float32"",""rate_matching"":""Sionna RV0; filler removal, first2Z and tail puncturing; supported n only"",""scrambling"":""public_PCG64_SHA256_protocol_session_frame_group_counter_after_rate_matching_v1"",""torch"":""2.11.0+cu128"",""version"":""2.2.0""},""interleaver_sha256"":""a76d837ba1ad4175228c0d74b96edce9b269abeb0b621d30502b217ef6c7a2fb"",""k"":1816,""k_filler"":104,""k_ldpc"":1920,""layout_id"":""5a416d1eacf17052c2201eace5355f498844414e17b35c1cac3614e9a0d59f0b"",""modulation_padding_bits"":0,""mother_bits"":9984,""n"":6852,""n_cb"":9600,""n_cb_comp"":9496,""power_protocol"":""fixed_constellation_average_Es2"",""puncturing_bits"":3028,""puncturing_first_2Z"":384,""puncturing_remaining"":2644,""repetition_bits"":0,""scrambling"":""public_PCG64_SHA256_protocol_session_frame_group_counter_after_rate_matching_v1"",""shortening_bits"":104,""z"":192}",[2048]
QPSK,5/6,QPSK:r5/6,f5172ccce03d8cd5d2ddeef68e67079d2088aac238533e353acc525cf4a769bb,1860,16,0,1876,1920,44,9984,2808,1404,0,0.6680911680911681,0.6623931623931624,"{""actual_effective_rate"":0.6680911680911681,""bg"":""bg2"",""bit_mapping"":""component_Gray_00_-3_01_-1_10_3_11_1_over_sqrt5;QPSK_0_plus1_1_minus1"",""code_blocks"":1,""decoder_config"":{""cn_schedule"":""flooding"",""cn_update"":""boxplus-phi"",""early_stop"":false,""hard_out"":true,""harq_mode"":false,""llr_max"":20.0,""num_iter"":20,""precision"":""single"",""prune_pcm"":true,""return_infobits"":true,""vn_update"":""sum""},""implementation"":{""bit_mapping"":""component_Gray_00_-3_01_-1_10_3_11_1_over_sqrt5;QPSK_0_plus1_1_minus1"",""cuda"":""12.8"",""decoder"":{""cn_schedule"":""flooding"",""cn_update"":""boxplus-phi"",""early_stop"":false,""hard_out"":true,""harq_mode"":false,""llr_max"":20.0,""num_iter"":20,""precision"":""single"",""prune_pcm"":true,""return_infobits"":true,""vn_update"":""sum""},""decoder_source_sha256"":""44d84b92b749e2970f94d92cd348a11648e2286b4d851faa0af8b21d08f0da23"",""encoder_source_sha256"":""34d8db6660b2e84708a8fb534f63c194f6f2b964e3693fcffc9dcaf21532ccfd"",""implementation"":""Sionna_5G_LDPC"",""power_protocol"":""fixed_constellation_average_Es2"",""precision"":""float32"",""rate_matching"":""Sionna RV0; filler removal, first2Z and tail puncturing; supported n only"",""scrambling"":""public_PCG64_SHA256_protocol_session_frame_group_counter_after_rate_matching_v1"",""torch"":""2.11.0+cu128"",""version"":""2.2.0""},""interleaver_sha256"":""921b988eed44ebf18879817f5add20e2dd068e1280eed2cdd2bd28d1fd54e480"",""k"":1876,""k_filler"":44,""k_ldpc"":1920,""layout_id"":""31e371070bbb304f98778e55513e78188d8630bb93715f4716882a683522bea2"",""modulation_padding_bits"":0,""mother_bits"":9984,""n"":2808,""n_cb"":9600,""n_cb_comp"":9556,""power_protocol"":""fixed_constellation_average_Es2"",""puncturing_bits"":7132,""puncturing_first_2Z"":384,""puncturing_remaining"":6748,""repetition_bits"":0,""scrambling"":""public_PCG64_SHA256_protocol_session_frame_group_counter_after_rate_matching_v1"",""shortening_bits"":44,""z"":192}",[2048]
16QAM,1/3,16QAM:r1/3,f51a884db30595452f2fcc443c203b755c82dbbf8310166c8253ced2c61de8cc,660,16,0,676,720,44,3744,2472,618,0,0.27346278317152106,0.2669902912621359,"{""actual_effective_rate"":0.27346278317152106,""bg"":""bg2"",""bit_mapping"":""component_Gray_00_-3_01_-1_10_3_11_1_over_sqrt5;QPSK_0_plus1_1_minus1"",""code_blocks"":1,""decoder_config"":{""cn_schedule"":""flooding"",""cn_update"":""boxplus-phi"",""early_stop"":false,""hard_out"":true,""harq_mode"":false,""llr_max"":20.0,""num_iter"":20,""precision"":""single"",""prune_pcm"":true,""return_infobits"":true,""vn_update"":""sum""},""implementation"":{""bit_mapping"":""component_Gray_00_-3_01_-1_10_3_11_1_over_sqrt5;QPSK_0_plus1_1_minus1"",""cuda"":""12.8"",""decoder"":{""cn_schedule"":""flooding"",""cn_update"":""boxplus-phi"",""early_stop"":false,""hard_out"":true,""harq_mode"":false,""llr_max"":20.0,""num_iter"":20,""precision"":""single"",""prune_pcm"":true,""return_infobits"":true,""vn_update"":""sum""},""decoder_source_sha256"":""44d84b92b749e2970f94d92cd348a11648e2286b4d851faa0af8b21d08f0da23"",""encoder_source_sha256"":""34d8db6660b2e84708a8fb534f63c194f6f2b964e3693fcffc9dcaf21532ccfd"",""implementation"":""Sionna_5G_LDPC"",""power_protocol"":""fixed_constellation_average_Es2"",""precision"":""float32"",""rate_matching"":""Sionna RV0; filler removal, first2Z and tail puncturing; supported n only"",""scrambling"":""public_PCG64_SHA256_protocol_session_frame_group_counter_after_rate_matching_v1"",""torch"":""2.11.0+cu128"",""version"":""2.2.0""},""interleaver_sha256"":""2dd28c2d6fd753897a8abb1472b1772b4ec45a91f05c48835268161446c8fa19"",""k"":676,""k_filler"":44,""k_ldpc"":720,""layout_id"":""a02032c753df7ac6541f9b87209d2b11d8b5451b05ef24b7dc763dfd717c4c80"",""modulation_padding_bits"":0,""mother_bits"":3744,""n"":2472,""n_cb"":3600,""n_cb_comp"":3556,""power_protocol"":""fixed_constellation_average_Es2"",""puncturing_bits"":1228,""puncturing_first_2Z"":144,""puncturing_remaining"":1084,""repetition_bits"":0,""scrambling"":""public_PCG64_SHA256_protocol_session_frame_group_counter_after_rate_matching_v1"",""shortening_bits"":44,""z"":72}",[1024]
16QAM,1/2,16QAM:r1/2,f525476b6088d7a7adbd780ea30a7297a466abf5b94f7990fbff64a02ee17336,1860,16,0,1876,1920,44,9984,4796,1199,0,0.39115929941618016,0.3878231859883236,"{""actual_effective_rate"":0.39115929941618016,""bg"":""bg2"",""bit_mapping"":""component_Gray_00_-3_01_-1_10_3_11_1_over_sqrt5;QPSK_0_plus1_1_minus1"",""code_blocks"":1,""decoder_config"":{""cn_schedule"":""flooding"",""cn_update"":""boxplus-phi"",""early_stop"":false,""hard_out"":true,""harq_mode"":false,""llr_max"":20.0,""num_iter"":20,""precision"":""single"",""prune_pcm"":true,""return_infobits"":true,""vn_update"":""sum""},""implementation"":{""bit_mapping"":""component_Gray_00_-3_01_-1_10_3_11_1_over_sqrt5;QPSK_0_plus1_1_minus1"",""cuda"":""12.8"",""decoder"":{""cn_schedule"":""flooding"",""cn_update"":""boxplus-phi"",""early_stop"":false,""hard_out"":true,""harq_mode"":false,""llr_max"":20.0,""num_iter"":20,""precision"":""single"",""prune_pcm"":true,""return_infobits"":true,""vn_update"":""sum""},""decoder_source_sha256"":""44d84b92b749e2970f94d92cd348a11648e2286b4d851faa0af8b21d08f0da23"",""encoder_source_sha256"":""34d8db6660b2e84708a8fb534f63c194f6f2b964e3693fcffc9dcaf21532ccfd"",""implementation"":""Sionna_5G_LDPC"",""power_protocol"":""fixed_constellation_average_Es2"",""precision"":""float32"",""rate_matching"":""Sionna RV0; filler removal, first2Z and tail puncturing; supported n only"",""scrambling"":""public_PCG64_SHA256_protocol_session_frame_group_counter_after_rate_matching_v1"",""torch"":""2.11.0+cu128"",""version"":""2.2.0""},""interleaver_sha256"":""daa4dd14009cbf49add6d8c10f134bae42249b5e8659c15a3e380e70fca632f6"",""k"":1876,""k_filler"":44,""k_ldpc"":1920,""layout_id"":""46ce672551085b4157aa1f2f939a552eb3440c57d6220df3d2f34f17db4bc27b"",""modulation_padding_bits"":0,""mother_bits"":9984,""n"":4796,""n_cb"":9600,""n_cb_comp"":9556,""power_protocol"":""fixed_constellation_average_Es2"",""puncturing_bits"":5144,""puncturing_first_2Z"":384,""puncturing_remaining"":4760,""repetition_bits"":0,""scrambling"":""public_PCG64_SHA256_protocol_session_frame_group_counter_after_rate_matching_v1"",""shortening_bits"":44,""z"":192}",[2048]
QPSK,1/3,QPSK:r1/3,f535dc5293e4f92124dfd7f2e2286a8c93a8381c64e0afd30cda411995f41432,600,16,0,616,720,104,3744,1964,982,0,0.3136456211812627,0.3054989816700611,"{""actual_effective_rate"":0.3136456211812627,""bg"":""bg2"",""bit_mapping"":""component_Gray_00_-3_01_-1_10_3_11_1_over_sqrt5;QPSK_0_plus1_1_minus1"",""code_blocks"":1,""decoder_config"":{""cn_schedule"":""flooding"",""cn_update"":""boxplus-phi"",""early_stop"":false,""hard_out"":true,""harq_mode"":false,""llr_max"":20.0,""num_iter"":20,""precision"":""single"",""prune_pcm"":true,""return_infobits"":true,""vn_update"":""sum""},""implementation"":{""bit_mapping"":""component_Gray_00_-3_01_-1_10_3_11_1_over_sqrt5;QPSK_0_plus1_1_minus1"",""cuda"":""12.8"",""decoder"":{""cn_schedule"":""flooding"",""cn_update"":""boxplus-phi"",""early_stop"":false,""hard_out"":true,""harq_mode"":false,""llr_max"":20.0,""num_iter"":20,""precision"":""single"",""prune_pcm"":true,""return_infobits"":true,""vn_update"":""sum""},""decoder_source_sha256"":""44d84b92b749e2970f94d92cd348a11648e2286b4d851faa0af8b21d08f0da23"",""encoder_source_sha256"":""34d8db6660b2e84708a8fb534f63c194f6f2b964e3693fcffc9dcaf21532ccfd"",""implementation"":""Sionna_5G_LDPC"",""power_protocol"":""fixed_constellation_average_Es2"",""precision"":""float32"",""rate_matching"":""Sionna RV0; filler removal, first2Z and tail puncturing; supported n only"",""scrambling"":""public_PCG64_SHA256_protocol_session_frame_group_counter_after_rate_matching_v1"",""torch"":""2.11.0+cu128"",""version"":""2.2.0""},""interleaver_sha256"":""5c901e2e8a9b1fd2e33e78ac04fb2296683ab67a5f564b6bb904af55f3dc14f0"",""k"":616,""k_filler"":104,""k_ldpc"":720,""layout_id"":""c1f0c4a13b9ec76acc8e3bd21fbff4f081c09096749a9c1647c512b21ea334ae"",""modulation_padding_bits"":0,""mother_bits"":3744,""n"":1964,""n_cb"":3600,""n_cb_comp"":3496,""power_protocol"":""fixed_constellation_average_Es2"",""puncturing_bits"":1676,""puncturing_first_2Z"":144,""puncturing_remaining"":1532,""repetition_bits"":0,""scrambling"":""public_PCG64_SHA256_protocol_session_frame_group_counter_after_rate_matching_v1"",""shortening_bits"":104,""z"":72}",[2048]
QPSK,1/3,QPSK:r1/3,f5444a9dc73737908c2755e836dca183f87e5e41308da5d6dcf351cbd57c9fad,300,16,0,316,400,84,2080,1510,755,0,0.20927152317880796,0.1986754966887417,"{""actual_effective_rate"":0.20927152317880796,""bg"":""bg2"",""bit_mapping"":""component_Gray_00_-3_01_-1_10_3_11_1_over_sqrt5;QPSK_0_plus1_1_minus1"",""code_blocks"":1,""decoder_config"":{""cn_schedule"":""flooding"",""cn_update"":""boxplus-phi"",""early_stop"":false,""hard_out"":true,""harq_mode"":false,""llr_max"":20.0,""num_iter"":20,""precision"":""single"",""prune_pcm"":true,""return_infobits"":true,""vn_update"":""sum""},""implementation"":{""bit_mapping"":""component_Gray_00_-3_01_-1_10_3_11_1_over_sqrt5;QPSK_0_plus1_1_minus1"",""cuda"":""12.8"",""decoder"":{""cn_schedule"":""flooding"",""cn_update"":""boxplus-phi"",""early_stop"":false,""hard_out"":true,""harq_mode"":false,""llr_max"":20.0,""num_iter"":20,""precision"":""single"",""prune_pcm"":true,""return_infobits"":true,""vn_update"":""sum""},""decoder_source_sha256"":""44d84b92b749e2970f94d92cd348a11648e2286b4d851faa0af8b21d08f0da23"",""encoder_source_sha256"":""34d8db6660b2e84708a8fb534f63c194f6f2b964e3693fcffc9dcaf21532ccfd"",""implementation"":""Sionna_5G_LDPC"",""power_protocol"":""fixed_constellation_average_Es2"",""precision"":""float32"",""rate_matching"":""Sionna RV0; filler removal, first2Z and tail puncturing; supported n only"",""scrambling"":""public_PCG64_SHA256_protocol_session_frame_group_counter_after_rate_matching_v1"",""torch"":""2.11.0+cu128"",""version"":""2.2.0""},""interleaver_sha256"":""67c8563edc62c5c2bccbaaf57cecc2dd43e5d71894196f751f5ff085744ec6f9"",""k"":316,""k_filler"":84,""k_ldpc"":400,""layout_id"":""e7bd3fef502b1895894cbb79bb900de6cd6059b79b97a8c3c903f589a9266d92"",""modulation_padding_bits"":0,""mother_bits"":2080,""n"":1510,""n_cb"":2000,""n_cb_comp"":1916,""power_protocol"":""fixed_constellation_average_Es2"",""puncturing_bits"":486,""puncturing_first_2Z"":80,""puncturing_remaining"":406,""repetition_bits"":0,""scrambling"":""public_PCG64_SHA256_protocol_session_frame_group_counter_after_rate_matching_v1"",""shortening_bits"":84,""z"":40}",[1024]
16QAM,1/2,16QAM:r1/2,f5581ac56703956f407c6225a1efe11c5895131eadd644752a65ea6b19ede543,2604,16,0,2620,2880,260,14976,5240,1310,0,0.5,0.49694656488549616,"{""actual_effective_rate"":0.5,""bg"":""bg2"",""bit_mapping"":""component_Gray_00_-3_01_-1_10_3_11_1_over_sqrt5;QPSK_0_plus1_1_minus1"",""code_blocks"":1,""decoder_config"":{""cn_schedule"":""flooding"",""cn_update"":""boxplus-phi"",""early_stop"":false,""hard_out"":true,""harq_mode"":false,""llr_max"":20.0,""num_iter"":20,""precision"":""single"",""prune_pcm"":true,""return_infobits"":true,""vn_update"":""sum""},""implementation"":{""bit_mapping"":""component_Gray_00_-3_01_-1_10_3_11_1_over_sqrt5;QPSK_0_plus1_1_minus1"",""cuda"":""12.8"",""decoder"":{""cn_schedule"":""flooding"",""cn_update"":""boxplus-phi"",""early_stop"":false,""hard_out"":true,""harq_mode"":false,""llr_max"":20.0,""num_iter"":20,""precision"":""single"",""prune_pcm"":true,""return_infobits"":true,""vn_update"":""sum""},""decoder_source_sha256"":""44d84b92b749e2970f94d92cd348a11648e2286b4d851faa0af8b21d08f0da23"",""encoder_source_sha256"":""34d8db6660b2e84708a8fb534f63c194f6f2b964e3693fcffc9dcaf21532ccfd"",""implementation"":""Sionna_5G_LDPC"",""power_protocol"":""fixed_constellation_average_Es2"",""precision"":""float32"",""rate_matching"":""Sionna RV0; filler removal, first2Z and tail puncturing; supported n only"",""scrambling"":""public_PCG64_SHA256_protocol_session_frame_group_counter_after_rate_matching_v1"",""torch"":""2.11.0+cu128"",""version"":""2.2.0""},""interleaver_sha256"":""9cef0d1a6cec9bb0c9ef12e5b93e54d3c3c12f7d56052f6fbf734d71fadcb4ba"",""k"":2620,""k_filler"":260,""k_ldpc"":2880,""layout_id"":""ccd0e565356ae5aa7aa80e3801374d6b73da337fd56f99ef4f98f0393d4773d7"",""modulation_padding_bits"":0,""mother_bits"":14976,""n"":5240,""n_cb"":14400,""n_cb_comp"":14140,""power_protocol"":""fixed_constellation_average_Es2"",""puncturing_bits"":9476,""puncturing_first_2Z"":576,""puncturing_remaining"":8900,""repetition_bits"":0,""scrambling"":""public_PCG64_SHA256_protocol_session_frame_group_counter_after_rate_matching_v1"",""shortening_bits"":260,""z"":288}",[2048]
16QAM,2/3,16QAM:r2/3,f55e28e4f62b6b3ff926248867c5f13e1e1f5343194c126b9664103394a50af3,432,16,0,448,560,112,2912,1576,394,0,0.28426395939086296,0.27411167512690354,"{""actual_effective_rate"":0.28426395939086296,""bg"":""bg2"",""bit_mapping"":""component_Gray_00_-3_01_-1_10_3_11_1_over_sqrt5;QPSK_0_plus1_1_minus1"",""code_blocks"":1,""decoder_config"":{""cn_schedule"":""flooding"",""cn_update"":""boxplus-phi"",""early_stop"":false,""hard_out"":true,""harq_mode"":false,""llr_max"":20.0,""num_iter"":20,""precision"":""single"",""prune_pcm"":true,""return_infobits"":true,""vn_update"":""sum""},""implementation"":{""bit_mapping"":""component_Gray_00_-3_01_-1_10_3_11_1_over_sqrt5;QPSK_0_plus1_1_minus1"",""cuda"":""12.8"",""decoder"":{""cn_schedule"":""flooding"",""cn_update"":""boxplus-phi"",""early_stop"":false,""hard_out"":true,""harq_mode"":false,""llr_max"":20.0,""num_iter"":20,""precision"":""single"",""prune_pcm"":true,""return_infobits"":true,""vn_update"":""sum""},""decoder_source_sha256"":""44d84b92b749e2970f94d92cd348a11648e2286b4d851faa0af8b21d08f0da23"",""encoder_source_sha256"":""34d8db6660b2e84708a8fb534f63c194f6f2b964e3693fcffc9dcaf21532ccfd"",""implementation"":""Sionna_5G_LDPC"",""power_protocol"":""fixed_constellation_average_Es2"",""precision"":""float32"",""rate_matching"":""Sionna RV0; filler removal, first2Z and tail puncturing; supported n only"",""scrambling"":""public_PCG64_SHA256_protocol_session_frame_group_counter_after_rate_matching_v1"",""torch"":""2.11.0+cu128"",""version"":""2.2.0""},""interleaver_sha256"":""528fa6ff70dcef17ae7c42818d093edd30737ff90d5a6200ca5ae5b29f7b7cb2"",""k"":448,""k_filler"":112,""k_ldpc"":560,""layout_id"":""108a42174ead838fd1c1a665dd5764512d1a7b11e1f89600d8d3331e2146bc8a"",""modulation_padding_bits"":0,""mother_bits"":2912,""n"":1576,""n_cb"":2800,""n_cb_comp"":2688,""power_protocol"":""fixed_constellation_average_Es2"",""puncturing_bits"":1224,""puncturing_first_2Z"":112,""puncturing_remaining"":1112,""repetition_bits"":0,""scrambling"":""public_PCG64_SHA256_protocol_session_frame_group_counter_after_rate_matching_v1"",""shortening_bits"":112,""z"":56}",[2048]
16QAM,3/4,16QAM:r3/4,f57b8b069309bbb98b6d82876b16d0ae2080f160799ff0713620ba4be7fd53a4,2100,16,0,2116,2240,124,11648,6824,1706,0,0.31008206330597887,0.30773739742086753,"{""actual_effective_rate"":0.31008206330597887,""bg"":""bg2"",""bit_mapping"":""component_Gray_00_-3_01_-1_10_3_11_1_over_sqrt5;QPSK_0_plus1_1_minus1"",""code_blocks"":1,""decoder_config"":{""cn_schedule"":""flooding"",""cn_update"":""boxplus-phi"",""early_stop"":false,""hard_out"":true,""harq_mode"":false,""llr_max"":20.0,""num_iter"":20,""precision"":""single"",""prune_pcm"":true,""return_infobits"":true,""vn_update"":""sum""},""implementation"":{""bit_mapping"":""component_Gray_00_-3_01_-1_10_3_11_1_over_sqrt5;QPSK_0_plus1_1_minus1"",""cuda"":""12.8"",""decoder"":{""cn_schedule"":""flooding"",""cn_update"":""boxplus-phi"",""early_stop"":false,""hard_out"":true,""harq_mode"":false,""llr_max"":20.0,""num_iter"":20,""precision"":""single"",""prune_pcm"":true,""return_infobits"":true,""vn_update"":""sum""},""decoder_source_sha256"":""44d84b92b749e2970f94d92cd348a11648e2286b4d851faa0af8b21d08f0da23"",""encoder_source_sha256"":""34d8db6660b2e84708a8fb534f63c194f6f2b964e3693fcffc9dcaf21532ccfd"",""implementation"":""Sionna_5G_LDPC"",""power_protocol"":""fixed_constellation_average_Es2"",""precision"":""float32"",""rate_matching"":""Sionna RV0; filler removal, first2Z and tail puncturing; supported n only"",""scrambling"":""public_PCG64_SHA256_protocol_session_frame_group_counter_after_rate_matching_v1"",""torch"":""2.11.0+cu128"",""version"":""2.2.0""},""interleaver_sha256"":""4b47c2d9d143072a0a04d03a3d72f1eae255e231e6ed6455cb90844b6fdd5700"",""k"":2116,""k_filler"":124,""k_ldpc"":2240,""layout_id"":""c7940e011a1552ec4d5e64a5d8c61ff62f6fa2022781cddf10dfb49124c78cd0"",""modulation_padding_bits"":0,""mother_bits"":11648,""n"":6824,""n_cb"":11200,""n_cb_comp"":11076,""power_protocol"":""fixed_constellation_average_Es2"",""puncturing_bits"":4700,""puncturing_first_2Z"":448,""puncturing_remaining"":4252,""repetition_bits"":0,""scrambling"":""public_PCG64_SHA256_protocol_session_frame_group_counter_after_rate_matching_v1"",""shortening_bits"":124,""z"":224}",[2048]
16QAM,1/2,16QAM:r1/2,f57d04963c3a2ddb7fb6bf63f1acac7390aa4ca2a842ddf9560d0e5995d39934,816,16,0,832,880,48,4576,2476,619,0,0.3360258481421648,0.3295638126009693,"{""actual_effective_rate"":0.3360258481421648,""bg"":""bg2"",""bit_mapping"":""component_Gray_00_-3_01_-1_10_3_11_1_over_sqrt5;QPSK_0_plus1_1_minus1"",""code_blocks"":1,""decoder_config"":{""cn_schedule"":""flooding"",""cn_update"":""boxplus-phi"",""early_stop"":false,""hard_out"":true,""harq_mode"":false,""llr_max"":20.0,""num_iter"":20,""precision"":""single"",""prune_pcm"":true,""return_infobits"":true,""vn_update"":""sum""},""implementation"":{""bit_mapping"":""component_Gray_00_-3_01_-1_10_3_11_1_over_sqrt5;QPSK_0_plus1_1_minus1"",""cuda"":""12.8"",""decoder"":{""cn_schedule"":""flooding"",""cn_update"":""boxplus-phi"",""early_stop"":false,""hard_out"":true,""harq_mode"":false,""llr_max"":20.0,""num_iter"":20,""precision"":""single"",""prune_pcm"":true,""return_infobits"":true,""vn_update"":""sum""},""decoder_source_sha256"":""44d84b92b749e2970f94d92cd348a11648e2286b4d851faa0af8b21d08f0da23"",""encoder_source_sha256"":""34d8db6660b2e84708a8fb534f63c194f6f2b964e3693fcffc9dcaf21532ccfd"",""implementation"":""Sionna_5G_LDPC"",""power_protocol"":""fixed_constellation_average_Es2"",""precision"":""float32"",""rate_matching"":""Sionna RV0; filler removal, first2Z and tail puncturing; supported n only"",""scrambling"":""public_PCG64_SHA256_protocol_session_frame_group_counter_after_rate_matching_v1"",""torch"":""2.11.0+cu128"",""version"":""2.2.0""},""interleaver_sha256"":""7fc637689bd6aa2c9b54560fa59e0884aa20879b794e73c4b0ecb35d16ab12bd"",""k"":832,""k_filler"":48,""k_ldpc"":880,""layout_id"":""e839c21ad9e3cec041986eef049f1df052746ee6291500100fa7a489ac819d5e"",""modulation_padding_bits"":0,""mother_bits"":4576,""n"":2476,""n_cb"":4400,""n_cb_comp"":4352,""power_protocol"":""fixed_constellation_average_Es2"",""puncturing_bits"":2052,""puncturing_first_2Z"":176,""puncturing_remaining"":1876,""repetition_bits"":0,""scrambling"":""public_PCG64_SHA256_protocol_session_frame_group_counter_after_rate_matching_v1"",""shortening_bits"":48,""z"":88}",[1024]
16QAM,5/6,16QAM:r5/6,f58a7f691bed65f80eb5c57df4c2999470fa4610559c8b67685ee4025046d7a5,192,16,0,208,260,52,1352,608,152,0,0.34210526315789475,0.3157894736842105,"{""actual_effective_rate"":0.34210526315789475,""bg"":""bg2"",""bit_mapping"":""component_Gray_00_-3_01_-1_10_3_11_1_over_sqrt5;QPSK_0_plus1_1_minus1"",""code_blocks"":1,""decoder_config"":{""cn_schedule"":""flooding"",""cn_update"":""boxplus-phi"",""early_stop"":false,""hard_out"":true,""harq_mode"":false,""llr_max"":20.0,""num_iter"":20,""precision"":""single"",""prune_pcm"":true,""return_infobits"":true,""vn_update"":""sum""},""implementation"":{""bit_mapping"":""component_Gray_00_-3_01_-1_10_3_11_1_over_sqrt5;QPSK_0_plus1_1_minus1"",""cuda"":""12.8"",""decoder"":{""cn_schedule"":""flooding"",""cn_update"":""boxplus-phi"",""early_stop"":false,""hard_out"":true,""harq_mode"":false,""llr_max"":20.0,""num_iter"":20,""precision"":""single"",""prune_pcm"":true,""return_infobits"":true,""vn_update"":""sum""},""decoder_source_sha256"":""44d84b92b749e2970f94d92cd348a11648e2286b4d851faa0af8b21d08f0da23"",""encoder_source_sha256"":""34d8db6660b2e84708a8fb534f63c194f6f2b964e3693fcffc9dcaf21532ccfd"",""implementation"":""Sionna_5G_LDPC"",""power_protocol"":""fixed_constellation_average_Es2"",""precision"":""float32"",""rate_matching"":""Sionna RV0; filler removal, first2Z and tail puncturing; supported n only"",""scrambling"":""public_PCG64_SHA256_protocol_session_frame_group_counter_after_rate_matching_v1"",""torch"":""2.11.0+cu128"",""version"":""2.2.0""},""interleaver_sha256"":""38c5f8a20141633cf84997cc9357282a46dc9ab4efd9f0bf7df4d2c6d0ff6284"",""k"":208,""k_filler"":52,""k_ldpc"":260,""layout_id"":""68d7fae072e4be490585e874ddbd659d6d56319bd8723ff5607ea4a362257fca"",""modulation_padding_bits"":0,""mother_bits"":1352,""n"":608,""n_cb"":1300,""n_cb_comp"":1248,""power_protocol"":""fixed_constellation_average_Es2"",""puncturing_bits"":692,""puncturing_first_2Z"":52,""puncturing_remaining"":640,""repetition_bits"":0,""scrambling"":""public_PCG64_SHA256_protocol_session_frame_group_counter_after_rate_matching_v1"",""shortening_bits"":52,""z"":26}",[1024]
QPSK,1/3,QPSK:r1/3,f58d22d98e300d8ef9d1eec017ba8f49999446c87984cc34e9877af43a1c0817,1128,16,0,1144,1200,56,6240,3454,1727,0,0.33121019108280253,0.3265778807180081,"{""actual_effective_rate"":0.33121019108280253,""bg"":""bg2"",""bit_mapping"":""component_Gray_00_-3_01_-1_10_3_11_1_over_sqrt5;QPSK_0_plus1_1_minus1"",""code_blocks"":1,""decoder_config"":{""cn_schedule"":""flooding"",""cn_update"":""boxplus-phi"",""early_stop"":false,""hard_out"":true,""harq_mode"":false,""llr_max"":20.0,""num_iter"":20,""precision"":""single"",""prune_pcm"":true,""return_infobits"":true,""vn_update"":""sum""},""implementation"":{""bit_mapping"":""component_Gray_00_-3_01_-1_10_3_11_1_over_sqrt5;QPSK_0_plus1_1_minus1"",""cuda"":""12.8"",""decoder"":{""cn_schedule"":""flooding"",""cn_update"":""boxplus-phi"",""early_stop"":false,""hard_out"":true,""harq_mode"":false,""llr_max"":20.0,""num_iter"":20,""precision"":""single"",""prune_pcm"":true,""return_infobits"":true,""vn_update"":""sum""},""decoder_source_sha256"":""44d84b92b749e2970f94d92cd348a11648e2286b4d851faa0af8b21d08f0da23"",""encoder_source_sha256"":""34d8db6660b2e84708a8fb534f63c194f6f2b964e3693fcffc9dcaf21532ccfd"",""implementation"":""Sionna_5G_LDPC"",""power_protocol"":""fixed_constellation_average_Es2"",""precision"":""float32"",""rate_matching"":""Sionna RV0; filler removal, first2Z and tail puncturing; supported n only"",""scrambling"":""public_PCG64_SHA256_protocol_session_frame_group_counter_after_rate_matching_v1"",""torch"":""2.11.0+cu128"",""version"":""2.2.0""},""interleaver_sha256"":""e7d32b82d73fb5139bb2508d119b739676da4c87725d1dd28d2209f366d32fb6"",""k"":1144,""k_filler"":56,""k_ldpc"":1200,""layout_id"":""a2b996ba65e55848b772f8763cc9c482b5bbe27ea0466e32570ecd956bb8a462"",""modulation_padding_bits"":0,""mother_bits"":6240,""n"":3454,""n_cb"":6000,""n_cb_comp"":5944,""power_protocol"":""fixed_constellation_average_Es2"",""puncturing_bits"":2730,""puncturing_first_2Z"":240,""puncturing_remaining"":2490,""repetition_bits"":0,""scrambling"":""public_PCG64_SHA256_protocol_session_frame_group_counter_after_rate_matching_v1"",""shortening_bits"":56,""z"":120}",[2048]
16QAM,1/3,16QAM:r1/3,f59e78d03ff9b816799af24b4aa39c0d7fabbc2367ac324774f57416ab883104,876,16,0,892,960,68,4992,2676,669,0,0.3333333333333333,0.3273542600896861,"{""actual_effective_rate"":0.3333333333333333,""bg"":""bg2"",""bit_mapping"":""component_Gray_00_-3_01_-1_10_3_11_1_over_sqrt5;QPSK_0_plus1_1_minus1"",""code_blocks"":1,""decoder_config"":{""cn_schedule"":""flooding"",""cn_update"":""boxplus-phi"",""early_stop"":false,""hard_out"":true,""harq_mode"":false,""llr_max"":20.0,""num_iter"":20,""precision"":""single"",""prune_pcm"":true,""return_infobits"":true,""vn_update"":""sum""},""implementation"":{""bit_mapping"":""component_Gray_00_-3_01_-1_10_3_11_1_over_sqrt5;QPSK_0_plus1_1_minus1"",""cuda"":""12.8"",""decoder"":{""cn_schedule"":""flooding"",""cn_update"":""boxplus-phi"",""early_stop"":false,""hard_out"":true,""harq_mode"":false,""llr_max"":20.0,""num_iter"":20,""precision"":""single"",""prune_pcm"":true,""return_infobits"":true,""vn_update"":""sum""},""decoder_source_sha256"":""44d84b92b749e2970f94d92cd348a11648e2286b4d851faa0af8b21d08f0da23"",""encoder_source_sha256"":""34d8db6660b2e84708a8fb534f63c194f6f2b964e3693fcffc9dcaf21532ccfd"",""implementation"":""Sionna_5G_LDPC"",""power_protocol"":""fixed_constellation_average_Es2"",""precision"":""float32"",""rate_matching"":""Sionna RV0; filler removal, first2Z and tail puncturing; supported n only"",""scrambling"":""public_PCG64_SHA256_protocol_session_frame_group_counter_after_rate_matching_v1"",""torch"":""2.11.0+cu128"",""version"":""2.2.0""},""interleaver_sha256"":""700b55748169f749af916ff4dc666d7aab1684ef08aa42be570c794629954d5d"",""k"":892,""k_filler"":68,""k_ldpc"":960,""layout_id"":""5c8cf9479dc5624baf134a749f239bba45622ecce14a90ca632aa35632896cea"",""modulation_padding_bits"":0,""mother_bits"":4992,""n"":2676,""n_cb"":4800,""n_cb_comp"":4732,""power_protocol"":""fixed_constellation_average_Es2"",""puncturing_bits"":2248,""puncturing_first_2Z"":192,""puncturing_remaining"":2056,""repetition_bits"":0,""scrambling"":""public_PCG64_SHA256_protocol_session_frame_group_counter_after_rate_matching_v1"",""shortening_bits"":68,""z"":96}","[1024,2048]"
QPSK,3/4,QPSK:r3/4,f5c22fb51f0bd309d3211b0cde587619d2833fecd67a044ef117852166f37d2c,1308,16,0,1324,1440,116,7488,3082,1541,0,0.42959117456197277,0.4243997404282933,"{""actual_effective_rate"":0.42959117456197277,""bg"":""bg2"",""bit_mapping"":""component_Gray_00_-3_01_-1_10_3_11_1_over_sqrt5;QPSK_0_plus1_1_minus1"",""code_blocks"":1,""decoder_config"":{""cn_schedule"":""flooding"",""cn_update"":""boxplus-phi"",""early_stop"":false,""hard_out"":true,""harq_mode"":false,""llr_max"":20.0,""num_iter"":20,""precision"":""single"",""prune_pcm"":true,""return_infobits"":true,""vn_update"":""sum""},""implementation"":{""bit_mapping"":""component_Gray_00_-3_01_-1_10_3_11_1_over_sqrt5;QPSK_0_plus1_1_minus1"",""cuda"":""12.8"",""decoder"":{""cn_schedule"":""flooding"",""cn_update"":""boxplus-phi"",""early_stop"":false,""hard_out"":true,""harq_mode"":false,""llr_max"":20.0,""num_iter"":20,""precision"":""single"",""prune_pcm"":true,""return_infobits"":true,""vn_update"":""sum""},""decoder_source_sha256"":""44d84b92b749e2970f94d92cd348a11648e2286b4d851faa0af8b21d08f0da23"",""encoder_source_sha256"":""34d8db6660b2e84708a8fb534f63c194f6f2b964e3693fcffc9dcaf21532ccfd"",""implementation"":""Sionna_5G_LDPC"",""power_protocol"":""fixed_constellation_average_Es2"",""precision"":""float32"",""rate_matching"":""Sionna RV0; filler removal, first2Z and tail puncturing; supported n only"",""scrambling"":""public_PCG64_SHA256_protocol_session_frame_group_counter_after_rate_matching_v1"",""torch"":""2.11.0+cu128"",""version"":""2.2.0""},""interleaver_sha256"":""944907628e51f3a1a91a25c124bd04ba740c6302ca30f20ed41238c008ea599d"",""k"":1324,""k_filler"":116,""k_ldpc"":1440,""layout_id"":""6a8c11028ee2eb499b9449eb639e407cc886680ff0e969d01133a9f4d2caad95"",""modulation_padding_bits"":0,""mother_bits"":7488,""n"":3082,""n_cb"":7200,""n_cb_comp"":7084,""power_protocol"":""fixed_constellation_average_Es2"",""puncturing_bits"":4290,""puncturing_first_2Z"":288,""puncturing_remaining"":4002,""repetition_bits"":0,""scrambling"":""public_PCG64_SHA256_protocol_session_frame_group_counter_after_rate_matching_v1"",""shortening_bits"":116,""z"":144}",[2048]
16QAM,1/3,16QAM:r1/3,f5eb96f04be3ba4d2ae11a1458ef40459a688b0a5d3e2d35afebb5033738cd2e,696,16,0,712,720,8,3744,2148,537,0,0.33147113594040967,0.3240223463687151,"{""actual_effective_rate"":0.33147113594040967,""bg"":""bg2"",""bit_mapping"":""component_Gray_00_-3_01_-1_10_3_11_1_over_sqrt5;QPSK_0_plus1_1_minus1"",""code_blocks"":1,""decoder_config"":{""cn_schedule"":""flooding"",""cn_update"":""boxplus-phi"",""early_stop"":false,""hard_out"":true,""harq_mode"":false,""llr_max"":20.0,""num_iter"":20,""precision"":""single"",""prune_pcm"":true,""return_infobits"":true,""vn_update"":""sum""},""implementation"":{""bit_mapping"":""component_Gray_00_-3_01_-1_10_3_11_1_over_sqrt5;QPSK_0_plus1_1_minus1"",""cuda"":""12.8"",""decoder"":{""cn_schedule"":""flooding"",""cn_update"":""boxplus-phi"",""early_stop"":false,""hard_out"":true,""harq_mode"":false,""llr_max"":20.0,""num_iter"":20,""precision"":""single"",""prune_pcm"":true,""return_infobits"":true,""vn_update"":""sum""},""decoder_source_sha256"":""44d84b92b749e2970f94d92cd348a11648e2286b4d851faa0af8b21d08f0da23"",""encoder_source_sha256"":""34d8db6660b2e84708a8fb534f63c194f6f2b964e3693fcffc9dcaf21532ccfd"",""implementation"":""Sionna_5G_LDPC"",""power_protocol"":""fixed_constellation_average_Es2"",""precision"":""float32"",""rate_matching"":""Sionna RV0; filler removal, first2Z and tail puncturing; supported n only"",""scrambling"":""public_PCG64_SHA256_protocol_session_frame_group_counter_after_rate_matching_v1"",""torch"":""2.11.0+cu128"",""version"":""2.2.0""},""interleaver_sha256"":""ed0afb2dbb30c733140999fe1db2b2755864ca8133b405696627ee7d1d7213f5"",""k"":712,""k_filler"":8,""k_ldpc"":720,""layout_id"":""0538f4412f913a3c67fd067a196d94a3498fc490ece7e7508fe88c04662e51e0"",""modulation_padding_bits"":0,""mother_bits"":3744,""n"":2148,""n_cb"":3600,""n_cb_comp"":3592,""power_protocol"":""fixed_constellation_average_Es2"",""puncturing_bits"":1588,""puncturing_first_2Z"":144,""puncturing_remaining"":1444,""repetition_bits"":0,""scrambling"":""public_PCG64_SHA256_protocol_session_frame_group_counter_after_rate_matching_v1"",""shortening_bits"":8,""z"":72}",[1024]
16QAM,1/2,16QAM:r1/2,f5ef8e438a5118b2d6a63ddc548fa786f711ca0e29709e62dd31d33dd585133b,1224,16,0,1240,1280,40,6656,2480,620,0,0.5,0.4935483870967742,"{""actual_effective_rate"":0.5,""bg"":""bg2"",""bit_mapping"":""component_Gray_00_-3_01_-1_10_3_11_1_over_sqrt5;QPSK_0_plus1_1_minus1"",""code_blocks"":1,""decoder_config"":{""cn_schedule"":""flooding"",""cn_update"":""boxplus-phi"",""early_stop"":false,""hard_out"":true,""harq_mode"":false,""llr_max"":20.0,""num_iter"":20,""precision"":""single"",""prune_pcm"":true,""return_infobits"":true,""vn_update"":""sum""},""implementation"":{""bit_mapping"":""component_Gray_00_-3_01_-1_10_3_11_1_over_sqrt5;QPSK_0_plus1_1_minus1"",""cuda"":""12.8"",""decoder"":{""cn_schedule"":""flooding"",""cn_update"":""boxplus-phi"",""early_stop"":false,""hard_out"":true,""harq_mode"":false,""llr_max"":20.0,""num_iter"":20,""precision"":""single"",""prune_pcm"":true,""return_infobits"":true,""vn_update"":""sum""},""decoder_source_sha256"":""44d84b92b749e2970f94d92cd348a11648e2286b4d851faa0af8b21d08f0da23"",""encoder_source_sha256"":""34d8db6660b2e84708a8fb534f63c194f6f2b964e3693fcffc9dcaf21532ccfd"",""implementation"":""Sionna_5G_LDPC"",""power_protocol"":""fixed_constellation_average_Es2"",""precision"":""float32"",""rate_matching"":""Sionna RV0; filler removal, first2Z and tail puncturing; supported n only"",""scrambling"":""public_PCG64_SHA256_protocol_session_frame_group_counter_after_rate_matching_v1"",""torch"":""2.11.0+cu128"",""version"":""2.2.0""},""interleaver_sha256"":""b4619df4fa3a9959a6fdc291a6c6e62d76dd759096f3e12c04396b6d46566829"",""k"":1240,""k_filler"":40,""k_ldpc"":1280,""layout_id"":""64dcacc384855f72684c473090b45d7f295e73452bc36e664e7359754ce5858c"",""modulation_padding_bits"":0,""mother_bits"":6656,""n"":2480,""n_cb"":6400,""n_cb_comp"":6360,""power_protocol"":""fixed_constellation_average_Es2"",""puncturing_bits"":4136,""puncturing_first_2Z"":256,""puncturing_remaining"":3880,""repetition_bits"":0,""scrambling"":""public_PCG64_SHA256_protocol_session_frame_group_counter_after_rate_matching_v1"",""shortening_bits"":40,""z"":128}",[1024]
16QAM,5/6,16QAM:r5/6,f5f20d42e25e9b253cc6b4fa3ae39490caa88665d7d0b474f4c3eb8a4b017fb0,2712,16,0,2728,2880,152,14976,4488,1122,0,0.6078431372549019,0.6042780748663101,"{""actual_effective_rate"":0.6078431372549019,""bg"":""bg2"",""bit_mapping"":""component_Gray_00_-3_01_-1_10_3_11_1_over_sqrt5;QPSK_0_plus1_1_minus1"",""code_blocks"":1,""decoder_config"":{""cn_schedule"":""flooding"",""cn_update"":""boxplus-phi"",""early_stop"":false,""hard_out"":true,""harq_mode"":false,""llr_max"":20.0,""num_iter"":20,""precision"":""single"",""prune_pcm"":true,""return_infobits"":true,""vn_update"":""sum""},""implementation"":{""bit_mapping"":""component_Gray_00_-3_01_-1_10_3_11_1_over_sqrt5;QPSK_0_plus1_1_minus1"",""cuda"":""12.8"",""decoder"":{""cn_schedule"":""flooding"",""cn_update"":""boxplus-phi"",""early_stop"":false,""hard_out"":true,""harq_mode"":false,""llr_max"":20.0,""num_iter"":20,""precision"":""single"",""prune_pcm"":true,""return_infobits"":true,""vn_update"":""sum""},""decoder_source_sha256"":""44d84b92b749e2970f94d92cd348a11648e2286b4d851faa0af8b21d08f0da23"",""encoder_source_sha256"":""34d8db6660b2e84708a8fb534f63c194f6f2b964e3693fcffc9dcaf21532ccfd"",""implementation"":""Sionna_5G_LDPC"",""power_protocol"":""fixed_constellation_average_Es2"",""precision"":""float32"",""rate_matching"":""Sionna RV0; filler removal, first2Z and tail puncturing; supported n only"",""scrambling"":""public_PCG64_SHA256_protocol_session_frame_group_counter_after_rate_matching_v1"",""torch"":""2.11.0+cu128"",""version"":""2.2.0""},""interleaver_sha256"":""7eb011ba8ceaf6ce68935e0533b0d825af60493cfb8ff41a1b2fb7e0222c742e"",""k"":2728,""k_filler"":152,""k_ldpc"":2880,""layout_id"":""4c0cbeb608caa42b5932aab4c8b04be39c6900bd2cbe50bf7dbc1a960b5656a1"",""modulation_padding_bits"":0,""mother_bits"":14976,""n"":4488,""n_cb"":14400,""n_cb_comp"":14248,""power_protocol"":""fixed_constellation_average_Es2"",""puncturing_bits"":10336,""puncturing_first_2Z"":576,""puncturing_remaining"":9760,""repetition_bits"":0,""scrambling"":""public_PCG64_SHA256_protocol_session_frame_group_counter_after_rate_matching_v1"",""shortening_bits"":152,""z"":288}",[2048]
16QAM,5/6,16QAM:r5/6,f5f7cad905fdb6df546030c4e90569e2ad89b1a220ae94d2071b85d0882ae13d,900,16,0,916,968,52,2992,1292,323,0,0.7089783281733746,0.6965944272445821,"{""actual_effective_rate"":0.7089783281733746,""bg"":""bg1"",""bit_mapping"":""component_Gray_00_-3_01_-1_10_3_11_1_over_sqrt5;QPSK_0_plus1_1_minus1"",""code_blocks"":1,""decoder_config"":{""cn_schedule"":""flooding"",""cn_update"":""boxplus-phi"",""early_stop"":false,""hard_out"":true,""harq_mode"":false,""llr_max"":20.0,""num_iter"":20,""precision"":""single"",""prune_pcm"":true,""return_infobits"":true,""vn_update"":""sum""},""implementation"":{""bit_mapping"":""component_Gray_00_-3_01_-1_10_3_11_1_over_sqrt5;QPSK_0_plus1_1_minus1"",""cuda"":""12.8"",""decoder"":{""cn_schedule"":""flooding"",""cn_update"":""boxplus-phi"",""early_stop"":false,""hard_out"":true,""harq_mode"":false,""llr_max"":20.0,""num_iter"":20,""precision"":""single"",""prune_pcm"":true,""return_infobits"":true,""vn_update"":""sum""},""decoder_source_sha256"":""44d84b92b749e2970f94d92cd348a11648e2286b4d851faa0af8b21d08f0da23"",""encoder_source_sha256"":""34d8db6660b2e84708a8fb534f63c194f6f2b964e3693fcffc9dcaf21532ccfd"",""implementation"":""Sionna_5G_LDPC"",""power_protocol"":""fixed_constellation_average_Es2"",""precision"":""float32"",""rate_matching"":""Sionna RV0; filler removal, first2Z and tail puncturing; supported n only"",""scrambling"":""public_PCG64_SHA256_protocol_session_frame_group_counter_after_rate_matching_v1"",""torch"":""2.11.0+cu128"",""version"":""2.2.0""},""interleaver_sha256"":""6804dbbc958bfdef52cfcc84d2804adeefd978395769bf4d15c2ab59c0ccc830"",""k"":916,""k_filler"":52,""k_ldpc"":968,""layout_id"":""bbf776e818ff2a8683c2486bf9090cb6f47ed5062b57fbde26539ff08bc4dffa"",""modulation_padding_bits"":0,""mother_bits"":2992,""n"":1292,""n_cb"":2904,""n_cb_comp"":2852,""power_protocol"":""fixed_constellation_average_Es2"",""puncturing_bits"":1648,""puncturing_first_2Z"":88,""puncturing_remaining"":1560,""repetition_bits"":0,""scrambling"":""public_PCG64_SHA256_protocol_session_frame_group_counter_after_rate_matching_v1"",""shortening_bits"":52,""z"":44}",[2048]
16QAM,2/3,16QAM:r2/3,f6100d5454cbafcde2563ea6ad2cca7ce5335bd459510076e452b60c35e47e0d,768,16,0,784,800,16,4160,1324,331,0,0.5921450151057401,0.5800604229607251,"{""actual_effective_rate"":0.5921450151057401,""bg"":""bg2"",""bit_mapping"":""component_Gray_00_-3_01_-1_10_3_11_1_over_sqrt5;QPSK_0_plus1_1_minus1"",""code_blocks"":1,""decoder_config"":{""cn_schedule"":""flooding"",""cn_update"":""boxplus-phi"",""early_stop"":false,""hard_out"":true,""harq_mode"":false,""llr_max"":20.0,""num_iter"":20,""precision"":""single"",""prune_pcm"":true,""return_infobits"":true,""vn_update"":""sum""},""implementation"":{""bit_mapping"":""component_Gray_00_-3_01_-1_10_3_11_1_over_sqrt5;QPSK_0_plus1_1_minus1"",""cuda"":""12.8"",""decoder"":{""cn_schedule"":""flooding"",""cn_update"":""boxplus-phi"",""early_stop"":false,""hard_out"":true,""harq_mode"":false,""llr_max"":20.0,""num_iter"":20,""precision"":""single"",""prune_pcm"":true,""return_infobits"":true,""vn_update"":""sum""},""decoder_source_sha256"":""44d84b92b749e2970f94d92cd348a11648e2286b4d851faa0af8b21d08f0da23"",""encoder_source_sha256"":""34d8db6660b2e84708a8fb534f63c194f6f2b964e3693fcffc9dcaf21532ccfd"",""implementation"":""Sionna_5G_LDPC"",""power_protocol"":""fixed_constellation_average_Es2"",""precision"":""float32"",""rate_matching"":""Sionna RV0; filler removal, first2Z and tail puncturing; supported n only"",""scrambling"":""public_PCG64_SHA256_protocol_session_frame_group_counter_after_rate_matching_v1"",""torch"":""2.11.0+cu128"",""version"":""2.2.0""},""interleaver_sha256"":""4b3ebc70121749dd4d28d0305a2558a3d1e2b64d593c753aaa964f10169e6a00"",""k"":784,""k_filler"":16,""k_ldpc"":800,""layout_id"":""f6fbfbd5cde814ae29073451fb52b462da0de4e4881c6ccf0fa3e19c0a99accc"",""modulation_padding_bits"":0,""mother_bits"":4160,""n"":1324,""n_cb"":4000,""n_cb_comp"":3984,""power_protocol"":""fixed_constellation_average_Es2"",""puncturing_bits"":2820,""puncturing_first_2Z"":160,""puncturing_remaining"":2660,""repetition_bits"":0,""scrambling"":""public_PCG64_SHA256_protocol_session_frame_group_counter_after_rate_matching_v1"",""shortening_bits"":16,""z"":80}",[1024]
16QAM,2/3,16QAM:r2/3,f62086a3d8d63f8e7f6ffbf49acde66e7a7c6588259e913e90aa2a65fc3f5733,3912,16,0,3928,4224,296,13056,6864,1716,0,0.5722610722610723,0.5699300699300699,"{""actual_effective_rate"":0.5722610722610723,""bg"":""bg1"",""bit_mapping"":""component_Gray_00_-3_01_-1_10_3_11_1_over_sqrt5;QPSK_0_plus1_1_minus1"",""code_blocks"":1,""decoder_config"":{""cn_schedule"":""flooding"",""cn_update"":""boxplus-phi"",""early_stop"":false,""hard_out"":true,""harq_mode"":false,""llr_max"":20.0,""num_iter"":20,""precision"":""single"",""prune_pcm"":true,""return_infobits"":true,""vn_update"":""sum""},""implementation"":{""bit_mapping"":""component_Gray_00_-3_01_-1_10_3_11_1_over_sqrt5;QPSK_0_plus1_1_minus1"",""cuda"":""12.8"",""decoder"":{""cn_schedule"":""flooding"",""cn_update"":""boxplus-phi"",""early_stop"":false,""hard_out"":true,""harq_mode"":false,""llr_max"":20.0,""num_iter"":20,""precision"":""single"",""prune_pcm"":true,""return_infobits"":true,""vn_update"":""sum""},""decoder_source_sha256"":""44d84b92b749e2970f94d92cd348a11648e2286b4d851faa0af8b21d08f0da23"",""encoder_source_sha256"":""34d8db6660b2e84708a8fb534f63c194f6f2b964e3693fcffc9dcaf21532ccfd"",""implementation"":""Sionna_5G_LDPC"",""power_protocol"":""fixed_constellation_average_Es2"",""precision"":""float32"",""rate_matching"":""Sionna RV0; filler removal, first2Z and tail puncturing; supported n only"",""scrambling"":""public_PCG64_SHA256_protocol_session_frame_group_counter_after_rate_matching_v1"",""torch"":""2.11.0+cu128"",""version"":""2.2.0""},""interleaver_sha256"":""8b5abc752ab0a4e4acf96447929a2870bae8000034d85504478a8a295b9e76ff"",""k"":3928,""k_filler"":296,""k_ldpc"":4224,""layout_id"":""e07d5171f8acc2fef622a1adcaf65c0d3347e684998b0ada1df1e9b3e3ad3f75"",""modulation_padding_bits"":0,""mother_bits"":13056,""n"":6864,""n_cb"":12672,""n_cb_comp"":12376,""power_protocol"":""fixed_constellation_average_Es2"",""puncturing_bits"":5896,""puncturing_first_2Z"":384,""puncturing_remaining"":5512,""repetition_bits"":0,""scrambling"":""public_PCG64_SHA256_protocol_session_frame_group_counter_after_rate_matching_v1"",""shortening_bits"":296,""z"":192}",[2048]
QPSK,2/3,QPSK:r2/3,f6247e0e9fae9e679216acb90cdc484a9bdad227b204768cfd1728c63d5d4c3f,660,16,0,676,720,44,3744,1018,509,0,0.6640471512770137,0.6483300589390962,"{""actual_effective_rate"":0.6640471512770137,""bg"":""bg2"",""bit_mapping"":""component_Gray_00_-3_01_-1_10_3_11_1_over_sqrt5;QPSK_0_plus1_1_minus1"",""code_blocks"":1,""decoder_config"":{""cn_schedule"":""flooding"",""cn_update"":""boxplus-phi"",""early_stop"":false,""hard_out"":true,""harq_mode"":false,""llr_max"":20.0,""num_iter"":20,""precision"":""single"",""prune_pcm"":true,""return_infobits"":true,""vn_update"":""sum""},""implementation"":{""bit_mapping"":""component_Gray_00_-3_01_-1_10_3_11_1_over_sqrt5;QPSK_0_plus1_1_minus1"",""cuda"":""12.8"",""decoder"":{""cn_schedule"":""flooding"",""cn_update"":""boxplus-phi"",""early_stop"":false,""hard_out"":true,""harq_mode"":false,""llr_max"":20.0,""num_iter"":20,""precision"":""single"",""prune_pcm"":true,""return_infobits"":true,""vn_update"":""sum""},""decoder_source_sha256"":""44d84b92b749e2970f94d92cd348a11648e2286b4d851faa0af8b21d08f0da23"",""encoder_source_sha256"":""34d8db6660b2e84708a8fb534f63c194f6f2b964e3693fcffc9dcaf21532ccfd"",""implementation"":""Sionna_5G_LDPC"",""power_protocol"":""fixed_constellation_average_Es2"",""precision"":""float32"",""rate_matching"":""Sionna RV0; filler removal, first2Z and tail puncturing; supported n only"",""scrambling"":""public_PCG64_SHA256_protocol_session_frame_group_counter_after_rate_matching_v1"",""torch"":""2.11.0+cu128"",""version"":""2.2.0""},""interleaver_sha256"":""e5f8bacc94da69e2adebc9531833ebc5026dc09468a05334457f5d9d1c39988f"",""k"":676,""k_filler"":44,""k_ldpc"":720,""layout_id"":""3a47b51af3d1fc87516b753a31e63a2f97e3b0e1e343b6408520263adbf6b773"",""modulation_padding_bits"":0,""mother_bits"":3744,""n"":1018,""n_cb"":3600,""n_cb_comp"":3556,""power_protocol"":""fixed_constellation_average_Es2"",""puncturing_bits"":2682,""puncturing_first_2Z"":144,""puncturing_remaining"":2538,""repetition_bits"":0,""scrambling"":""public_PCG64_SHA256_protocol_session_frame_group_counter_after_rate_matching_v1"",""shortening_bits"":44,""z"":72}","[1024,2048]"
QPSK,3/4,QPSK:r3/4,f62dff5b9bd5ca61c97279536b1b7d1ea6610006879be411466c2d4576286205,2100,16,0,2116,2240,124,11648,3666,1833,0,0.5771958537915984,0.5728314238952537,"{""actual_effective_rate"":0.5771958537915984,""bg"":""bg2"",""bit_mapping"":""component_Gray_00_-3_01_-1_10_3_11_1_over_sqrt5;QPSK_0_plus1_1_minus1"",""code_blocks"":1,""decoder_config"":{""cn_schedule"":""flooding"",""cn_update"":""boxplus-phi"",""early_stop"":false,""hard_out"":true,""harq_mode"":false,""llr_max"":20.0,""num_iter"":20,""precision"":""single"",""prune_pcm"":true,""return_infobits"":true,""vn_update"":""sum""},""implementation"":{""bit_mapping"":""component_Gray_00_-3_01_-1_10_3_11_1_over_sqrt5;QPSK_0_plus1_1_minus1"",""cuda"":""12.8"",""decoder"":{""cn_schedule"":""flooding"",""cn_update"":""boxplus-phi"",""early_stop"":false,""hard_out"":true,""harq_mode"":false,""llr_max"":20.0,""num_iter"":20,""precision"":""single"",""prune_pcm"":true,""return_infobits"":true,""vn_update"":""sum""},""decoder_source_sha256"":""44d84b92b749e2970f94d92cd348a11648e2286b4d851faa0af8b21d08f0da23"",""encoder_source_sha256"":""34d8db6660b2e84708a8fb534f63c194f6f2b964e3693fcffc9dcaf21532ccfd"",""implementation"":""Sionna_5G_LDPC"",""power_protocol"":""fixed_constellation_average_Es2"",""precision"":""float32"",""rate_matching"":""Sionna RV0; filler removal, first2Z and tail puncturing; supported n only"",""scrambling"":""public_PCG64_SHA256_protocol_session_frame_group_counter_after_rate_matching_v1"",""torch"":""2.11.0+cu128"",""version"":""2.2.0""},""interleaver_sha256"":""2248bd7a2d45582cc09b414ef86a949c8c1079567818c77fd0748e561498454a"",""k"":2116,""k_filler"":124,""k_ldpc"":2240,""layout_id"":""e5f1a850fd3f79cdabc03efb12375f2ca5750a0755d5dc7130a42bb694f3b77f"",""modulation_padding_bits"":0,""mother_bits"":11648,""n"":3666,""n_cb"":11200,""n_cb_comp"":11076,""power_protocol"":""fixed_constellation_average_Es2"",""puncturing_bits"":7858,""puncturing_first_2Z"":448,""puncturing_remaining"":7410,""repetition_bits"":0,""scrambling"":""public_PCG64_SHA256_protocol_session_frame_group_counter_after_rate_matching_v1"",""shortening_bits"":124,""z"":224}",[2048]
QPSK,2/3,QPSK:r2/3,f64e42e0fc8519e25cfd6cf159277994190c1345ba897090be296cd6b3844d63,1200,16,0,1216,1280,64,6656,1824,912,0,0.6666666666666666,0.6578947368421053,"{""actual_effective_rate"":0.6666666666666666,""bg"":""bg2"",""bit_mapping"":""component_Gray_00_-3_01_-1_10_3_11_1_over_sqrt5;QPSK_0_plus1_1_minus1"",""code_blocks"":1,""decoder_config"":{""cn_schedule"":""flooding"",""cn_update"":""boxplus-phi"",""early_stop"":false,""hard_out"":true,""harq_mode"":false,""llr_max"":20.0,""num_iter"":20,""precision"":""single"",""prune_pcm"":true,""return_infobits"":true,""vn_update"":""sum""},""implementation"":{""bit_mapping"":""component_Gray_00_-3_01_-1_10_3_11_1_over_sqrt5;QPSK_0_plus1_1_minus1"",""cuda"":""12.8"",""decoder"":{""cn_schedule"":""flooding"",""cn_update"":""boxplus-phi"",""early_stop"":false,""hard_out"":true,""harq_mode"":false,""llr_max"":20.0,""num_iter"":20,""precision"":""single"",""prune_pcm"":true,""return_infobits"":true,""vn_update"":""sum""},""decoder_source_sha256"":""44d84b92b749e2970f94d92cd348a11648e2286b4d851faa0af8b21d08f0da23"",""encoder_source_sha256"":""34d8db6660b2e84708a8fb534f63c194f6f2b964e3693fcffc9dcaf21532ccfd"",""implementation"":""Sionna_5G_LDPC"",""power_protocol"":""fixed_constellation_average_Es2"",""precision"":""float32"",""rate_matching"":""Sionna RV0; filler removal, first2Z and tail puncturing; supported n only"",""scrambling"":""public_PCG64_SHA256_protocol_session_frame_group_counter_after_rate_matching_v1"",""torch"":""2.11.0+cu128"",""version"":""2.2.0""},""interleaver_sha256"":""30d876ab9fc6e8458574dc6f7260a38d9e052f82b1df9d6c1b75db93017f78bc"",""k"":1216,""k_filler"":64,""k_ldpc"":1280,""layout_id"":""954e220129db4fb832185fa6c2cf83f69598d17bd9ca32d365a29c55ad5506c8"",""modulation_padding_bits"":0,""mother_bits"":6656,""n"":1824,""n_cb"":6400,""n_cb_comp"":6336,""power_protocol"":""fixed_constellation_average_Es2"",""puncturing_bits"":4768,""puncturing_first_2Z"":256,""puncturing_remaining"":4512,""repetition_bits"":0,""scrambling"":""public_PCG64_SHA256_protocol_session_frame_group_counter_after_rate_matching_v1"",""shortening_bits"":64,""z"":128}",[2048]
QPSK,3/4,QPSK:r3/4,f6567f23157bd85d078849a493f155869319b2d035b4d2fe400274b9f7eb1700,360,16,0,376,480,104,2496,802,401,0,0.4688279301745636,0.4488778054862843,"{""actual_effective_rate"":0.4688279301745636,""bg"":""bg2"",""bit_mapping"":""component_Gray_00_-3_01_-1_10_3_11_1_over_sqrt5;QPSK_0_plus1_1_minus1"",""code_blocks"":1,""decoder_config"":{""cn_schedule"":""flooding"",""cn_update"":""boxplus-phi"",""early_stop"":false,""hard_out"":true,""harq_mode"":false,""llr_max"":20.0,""num_iter"":20,""precision"":""single"",""prune_pcm"":true,""return_infobits"":true,""vn_update"":""sum""},""implementation"":{""bit_mapping"":""component_Gray_00_-3_01_-1_10_3_11_1_over_sqrt5;QPSK_0_plus1_1_minus1"",""cuda"":""12.8"",""decoder"":{""cn_schedule"":""flooding"",""cn_update"":""boxplus-phi"",""early_stop"":false,""hard_out"":true,""harq_mode"":false,""llr_max"":20.0,""num_iter"":20,""precision"":""single"",""prune_pcm"":true,""return_infobits"":true,""vn_update"":""sum""},""decoder_source_sha256"":""44d84b92b749e2970f94d92cd348a11648e2286b4d851faa0af8b21d08f0da23"",""encoder_source_sha256"":""34d8db6660b2e84708a8fb534f63c194f6f2b964e3693fcffc9dcaf21532ccfd"",""implementation"":""Sionna_5G_LDPC"",""power_protocol"":""fixed_constellation_average_Es2"",""precision"":""float32"",""rate_matching"":""Sionna RV0; filler removal, first2Z and tail puncturing; supported n only"",""scrambling"":""public_PCG64_SHA256_protocol_session_frame_group_counter_after_rate_matching_v1"",""torch"":""2.11.0+cu128"",""version"":""2.2.0""},""interleaver_sha256"":""9b01ae15ea43984441cdfe830d62d5bd60c8fbe8020c64b5f558e25ad6711d63"",""k"":376,""k_filler"":104,""k_ldpc"":480,""layout_id"":""e6f6d5c9bf07b9f64592ca83fdf5f024c10323528ce42360949b6e324044095e"",""modulation_padding_bits"":0,""mother_bits"":2496,""n"":802,""n_cb"":2400,""n_cb_comp"":2296,""power_protocol"":""fixed_constellation_average_Es2"",""puncturing_bits"":1590,""puncturing_first_2Z"":96,""puncturing_remaining"":1494,""repetition_bits"":0,""scrambling"":""public_PCG64_SHA256_protocol_session_frame_group_counter_after_rate_matching_v1"",""shortening_bits"":104,""z"":48}",[1024]
16QAM,2/3,16QAM:r2/3,f65d0a328908ba3b578d87dcc657d1bee939981377adab9566db722b3965aa61,216,16,0,232,300,68,1560,780,195,0,0.29743589743589743,0.27692307692307694,"{""actual_effective_rate"":0.29743589743589743,""bg"":""bg2"",""bit_mapping"":""component_Gray_00_-3_01_-1_10_3_11_1_over_sqrt5;QPSK_0_plus1_1_minus1"",""code_blocks"":1,""decoder_config"":{""cn_schedule"":""flooding"",""cn_update"":""boxplus-phi"",""early_stop"":false,""hard_out"":true,""harq_mode"":false,""llr_max"":20.0,""num_iter"":20,""precision"":""single"",""prune_pcm"":true,""return_infobits"":true,""vn_update"":""sum""},""implementation"":{""bit_mapping"":""component_Gray_00_-3_01_-1_10_3_11_1_over_sqrt5;QPSK_0_plus1_1_minus1"",""cuda"":""12.8"",""decoder"":{""cn_schedule"":""flooding"",""cn_update"":""boxplus-phi"",""early_stop"":false,""hard_out"":true,""harq_mode"":false,""llr_max"":20.0,""num_iter"":20,""precision"":""single"",""prune_pcm"":true,""return_infobits"":true,""vn_update"":""sum""},""decoder_source_sha256"":""44d84b92b749e2970f94d92cd348a11648e2286b4d851faa0af8b21d08f0da23"",""encoder_source_sha256"":""34d8db6660b2e84708a8fb534f63c194f6f2b964e3693fcffc9dcaf21532ccfd"",""implementation"":""Sionna_5G_LDPC"",""power_protocol"":""fixed_constellation_average_Es2"",""precision"":""float32"",""rate_matching"":""Sionna RV0; filler removal, first2Z and tail puncturing; supported n only"",""scrambling"":""public_PCG64_SHA256_protocol_session_frame_group_counter_after_rate_matching_v1"",""torch"":""2.11.0+cu128"",""version"":""2.2.0""},""interleaver_sha256"":""0bec0d3d69940c7cf35098d6cff64adafe2e034ba109723c02f63af354d32c3b"",""k"":232,""k_filler"":68,""k_ldpc"":300,""layout_id"":""d248956e81fdd3a956217c6b910cc8c01cd7bb500c9210f213564a22570d0f47"",""modulation_padding_bits"":0,""mother_bits"":1560,""n"":780,""n_cb"":1500,""n_cb_comp"":1432,""power_protocol"":""fixed_constellation_average_Es2"",""puncturing_bits"":712,""puncturing_first_2Z"":60,""puncturing_remaining"":652,""repetition_bits"":0,""scrambling"":""public_PCG64_SHA256_protocol_session_frame_group_counter_after_rate_matching_v1"",""shortening_bits"":68,""z"":30}",[1024]
16QAM,5/6,16QAM:r5/6,f66944ad93ec1718c3324e3a2681987683ad289c5d716d379b7f38924770136c,432,16,0,448,560,112,2912,1088,272,0,0.4117647058823529,0.39705882352941174,"{""actual_effective_rate"":0.4117647058823529,""bg"":""bg2"",""bit_mapping"":""component_Gray_00_-3_01_-1_10_3_11_1_over_sqrt5;QPSK_0_plus1_1_minus1"",""code_blocks"":1,""decoder_config"":{""cn_schedule"":""flooding"",""cn_update"":""boxplus-phi"",""early_stop"":false,""hard_out"":true,""harq_mode"":false,""llr_max"":20.0,""num_iter"":20,""precision"":""single"",""prune_pcm"":true,""return_infobits"":true,""vn_update"":""sum""},""implementation"":{""bit_mapping"":""component_Gray_00_-3_01_-1_10_3_11_1_over_sqrt5;QPSK_0_plus1_1_minus1"",""cuda"":""12.8"",""decoder"":{""cn_schedule"":""flooding"",""cn_update"":""boxplus-phi"",""early_stop"":false,""hard_out"":true,""harq_mode"":false,""llr_max"":20.0,""num_iter"":20,""precision"":""single"",""prune_pcm"":true,""return_infobits"":true,""vn_update"":""sum""},""decoder_source_sha256"":""44d84b92b749e2970f94d92cd348a11648e2286b4d851faa0af8b21d08f0da23"",""encoder_source_sha256"":""34d8db6660b2e84708a8fb534f63c194f6f2b964e3693fcffc9dcaf21532ccfd"",""implementation"":""Sionna_5G_LDPC"",""power_protocol"":""fixed_constellation_average_Es2"",""precision"":""float32"",""rate_matching"":""Sionna RV0; filler removal, first2Z and tail puncturing; supported n only"",""scrambling"":""public_PCG64_SHA256_protocol_session_frame_group_counter_after_rate_matching_v1"",""torch"":""2.11.0+cu128"",""version"":""2.2.0""},""interleaver_sha256"":""cfaa0696a8b34f28766414ac9fc6c2afeb34c59fd6e5bdc7ad9a03bc8b428c63"",""k"":448,""k_filler"":112,""k_ldpc"":560,""layout_id"":""3a1347a83433eea69a747be98ec3e76699fda24d52e0cbdeb8650c64fb699b69"",""modulation_padding_bits"":0,""mother_bits"":2912,""n"":1088,""n_cb"":2800,""n_cb_comp"":2688,""power_protocol"":""fixed_constellation_average_Es2"",""puncturing_bits"":1712,""puncturing_first_2Z"":112,""puncturing_remaining"":1600,""repetition_bits"":0,""scrambling"":""public_PCG64_SHA256_protocol_session_frame_group_counter_after_rate_matching_v1"",""shortening_bits"":112,""z"":56}",[1024]
QPSK,3/4,QPSK:r3/4,f67072205841706f971217eda69abf73b5ac2a452aba4a1a3e937dca8fccee87,1008,16,0,1024,1056,32,3264,1392,696,0,0.735632183908046,0.7241379310344828,"{""actual_effective_rate"":0.735632183908046,""bg"":""bg1"",""bit_mapping"":""component_Gray_00_-3_01_-1_10_3_11_1_over_sqrt5;QPSK_0_plus1_1_minus1"",""code_blocks"":1,""decoder_config"":{""cn_schedule"":""flooding"",""cn_update"":""boxplus-phi"",""early_stop"":false,""hard_out"":true,""harq_mode"":false,""llr_max"":20.0,""num_iter"":20,""precision"":""single"",""prune_pcm"":true,""return_infobits"":true,""vn_update"":""sum""},""implementation"":{""bit_mapping"":""component_Gray_00_-3_01_-1_10_3_11_1_over_sqrt5;QPSK_0_plus1_1_minus1"",""cuda"":""12.8"",""decoder"":{""cn_schedule"":""flooding"",""cn_update"":""boxplus-phi"",""early_stop"":false,""hard_out"":true,""harq_mode"":false,""llr_max"":20.0,""num_iter"":20,""precision"":""single"",""prune_pcm"":true,""return_infobits"":true,""vn_update"":""sum""},""decoder_source_sha256"":""44d84b92b749e2970f94d92cd348a11648e2286b4d851faa0af8b21d08f0da23"",""encoder_source_sha256"":""34d8db6660b2e84708a8fb534f63c194f6f2b964e3693fcffc9dcaf21532ccfd"",""implementation"":""Sionna_5G_LDPC"",""power_protocol"":""fixed_constellation_average_Es2"",""precision"":""float32"",""rate_matching"":""Sionna RV0; filler removal, first2Z and tail puncturing; supported n only"",""scrambling"":""public_PCG64_SHA256_protocol_session_frame_group_counter_after_rate_matching_v1"",""torch"":""2.11.0+cu128"",""version"":""2.2.0""},""interleaver_sha256"":""574a2cde8c8f400e0d06d625c674f40a961197cdda3d8a36d46a4b595c390851"",""k"":1024,""k_filler"":32,""k_ldpc"":1056,""layout_id"":""3098867e8527e84f8dd8fbceccfa6e57c45ea4e19c06913e6e00e4ffc923930e"",""modulation_padding_bits"":0,""mother_bits"":3264,""n"":1392,""n_cb"":3168,""n_cb_comp"":3136,""power_protocol"":""fixed_constellation_average_Es2"",""puncturing_bits"":1840,""puncturing_first_2Z"":96,""puncturing_remaining"":1744,""repetition_bits"":0,""scrambling"":""public_PCG64_SHA256_protocol_session_frame_group_counter_after_rate_matching_v1"",""shortening_bits"":32,""z"":48}",[1024]
QPSK,2/3,QPSK:r2/3,f6760091609a306457d14880959f89fada2b2803411c49d8bfa3d4809cfbf2a7,1092,16,0,1108,1120,12,5824,1672,836,0,0.6626794258373205,0.65311004784689,"{""actual_effective_rate"":0.6626794258373205,""bg"":""bg2"",""bit_mapping"":""component_Gray_00_-3_01_-1_10_3_11_1_over_sqrt5;QPSK_0_plus1_1_minus1"",""code_blocks"":1,""decoder_config"":{""cn_schedule"":""flooding"",""cn_update"":""boxplus-phi"",""early_stop"":false,""hard_out"":true,""harq_mode"":false,""llr_max"":20.0,""num_iter"":20,""precision"":""single"",""prune_pcm"":true,""return_infobits"":true,""vn_update"":""sum""},""implementation"":{""bit_mapping"":""component_Gray_00_-3_01_-1_10_3_11_1_over_sqrt5;QPSK_0_plus1_1_minus1"",""cuda"":""12.8"",""decoder"":{""cn_schedule"":""flooding"",""cn_update"":""boxplus-phi"",""early_stop"":false,""hard_out"":true,""harq_mode"":false,""llr_max"":20.0,""num_iter"":20,""precision"":""single"",""prune_pcm"":true,""return_infobits"":true,""vn_update"":""sum""},""decoder_source_sha256"":""44d84b92b749e2970f94d92cd348a11648e2286b4d851faa0af8b21d08f0da23"",""encoder_source_sha256"":""34d8db6660b2e84708a8fb534f63c194f6f2b964e3693fcffc9dcaf21532ccfd"",""implementation"":""Sionna_5G_LDPC"",""power_protocol"":""fixed_constellation_average_Es2"",""precision"":""float32"",""rate_matching"":""Sionna RV0; filler removal, first2Z and tail puncturing; supported n only"",""scrambling"":""public_PCG64_SHA256_protocol_session_frame_group_counter_after_rate_matching_v1"",""torch"":""2.11.0+cu128"",""version"":""2.2.0""},""interleaver_sha256"":""34d745af00d5a617b70d8b419c2c55af3e06ce4fb7f63b4ef64b9905a70c9821"",""k"":1108,""k_filler"":12,""k_ldpc"":1120,""layout_id"":""d3c226c9a56f55c396367e2797ab1b80dfb0e9f0573f32cd7b255125edcd99f3"",""modulation_padding_bits"":0,""mother_bits"":5824,""n"":1672,""n_cb"":5600,""n_cb_comp"":5588,""power_protocol"":""fixed_constellation_average_Es2"",""puncturing_bits"":4140,""puncturing_first_2Z"":224,""puncturing_remaining"":3916,""repetition_bits"":0,""scrambling"":""public_PCG64_SHA256_protocol_session_frame_group_counter_after_rate_matching_v1"",""shortening_bits"":12,""z"":112}",[1024]
QPSK,5/6,QPSK:r5/6,f6816d04703dc67f2e4a1f1bfb2677b98558bd543a14a9576f455fb275d717e9,2100,16,0,2116,2240,124,11648,3414,1707,0,0.619800820152314,0.6151142355008787,"{""actual_effective_rate"":0.619800820152314,""bg"":""bg2"",""bit_mapping"":""component_Gray_00_-3_01_-1_10_3_11_1_over_sqrt5;QPSK_0_plus1_1_minus1"",""code_blocks"":1,""decoder_config"":{""cn_schedule"":""flooding"",""cn_update"":""boxplus-phi"",""early_stop"":false,""hard_out"":true,""harq_mode"":false,""llr_max"":20.0,""num_iter"":20,""precision"":""single"",""prune_pcm"":true,""return_infobits"":true,""vn_update"":""sum""},""implementation"":{""bit_mapping"":""component_Gray_00_-3_01_-1_10_3_11_1_over_sqrt5;QPSK_0_plus1_1_minus1"",""cuda"":""12.8"",""decoder"":{""cn_schedule"":""flooding"",""cn_update"":""boxplus-phi"",""early_stop"":false,""hard_out"":true,""harq_mode"":false,""llr_max"":20.0,""num_iter"":20,""precision"":""single"",""prune_pcm"":true,""return_infobits"":true,""vn_update"":""sum""},""decoder_source_sha256"":""44d84b92b749e2970f94d92cd348a11648e2286b4d851faa0af8b21d08f0da23"",""encoder_source_sha256"":""34d8db6660b2e84708a8fb534f63c194f6f2b964e3693fcffc9dcaf21532ccfd"",""implementation"":""Sionna_5G_LDPC"",""power_protocol"":""fixed_constellation_average_Es2"",""precision"":""float32"",""rate_matching"":""Sionna RV0; filler removal, first2Z and tail puncturing; supported n only"",""scrambling"":""public_PCG64_SHA256_protocol_session_frame_group_counter_after_rate_matching_v1"",""torch"":""2.11.0+cu128"",""version"":""2.2.0""},""interleaver_sha256"":""3aabf6ae7509a0ad1146938f74ed0b151f2cb0caa086dfdb5214b5ea118d58cf"",""k"":2116,""k_filler"":124,""k_ldpc"":2240,""layout_id"":""7abaad6e3ddf05e1995918844e9480460de12017da414602d14d0a6d54d96922"",""modulation_padding_bits"":0,""mother_bits"":11648,""n"":3414,""n_cb"":11200,""n_cb_comp"":11076,""power_protocol"":""fixed_constellation_average_Es2"",""puncturing_bits"":8110,""puncturing_first_2Z"":448,""puncturing_remaining"":7662,""repetition_bits"":0,""scrambling"":""public_PCG64_SHA256_protocol_session_frame_group_counter_after_rate_matching_v1"",""shortening_bits"":124,""z"":224}",[2048]
16QAM,2/3,16QAM:r2/3,f689b739fb12446cd279001429f4558abfa7d66e5e30851cd893c46d4fdda1b6,4212,16,0,4228,4576,348,14144,6932,1733,0,0.6099249855741489,0.6076168493941142,"{""actual_effective_rate"":0.6099249855741489,""bg"":""bg1"",""bit_mapping"":""component_Gray_00_-3_01_-1_10_3_11_1_over_sqrt5;QPSK_0_plus1_1_minus1"",""code_blocks"":1,""decoder_config"":{""cn_schedule"":""flooding"",""cn_update"":""boxplus-phi"",""early_stop"":false,""hard_out"":true,""harq_mode"":false,""llr_max"":20.0,""num_iter"":20,""precision"":""single"",""prune_pcm"":true,""return_infobits"":true,""vn_update"":""sum""},""implementation"":{""bit_mapping"":""component_Gray_00_-3_01_-1_10_3_11_1_over_sqrt5;QPSK_0_plus1_1_minus1"",""cuda"":""12.8"",""decoder"":{""cn_schedule"":""flooding"",""cn_update"":""boxplus-phi"",""early_stop"":false,""hard_out"":true,""harq_mode"":false,""llr_max"":20.0,""num_iter"":20,""precision"":""single"",""prune_pcm"":true,""return_infobits"":true,""vn_update"":""sum""},""decoder_source_sha256"":""44d84b92b749e2970f94d92cd348a11648e2286b4d851faa0af8b21d08f0da23"",""encoder_source_sha256"":""34d8db6660b2e84708a8fb534f63c194f6f2b964e3693fcffc9dcaf21532ccfd"",""implementation"":""Sionna_5G_LDPC"",""power_protocol"":""fixed_constellation_average_Es2"",""precision"":""float32"",""rate_matching"":""Sionna RV0; filler removal, first2Z and tail puncturing; supported n only"",""scrambling"":""public_PCG64_SHA256_protocol_session_frame_group_counter_after_rate_matching_v1"",""torch"":""2.11.0+cu128"",""version"":""2.2.0""},""interleaver_sha256"":""d266eedcf7fb3850dcc622e9e3038f08bdf2d6590c81908df51bb7da6a3e8b64"",""k"":4228,""k_filler"":348,""k_ldpc"":4576,""layout_id"":""574f565b4fa16d8ada0255802909df220501bc9530be9f98c4deda413eb5dda1"",""modulation_padding_bits"":0,""mother_bits"":14144,""n"":6932,""n_cb"":13728,""n_cb_comp"":13380,""power_protocol"":""fixed_constellation_average_Es2"",""puncturing_bits"":6864,""puncturing_first_2Z"":416,""puncturing_remaining"":6448,""repetition_bits"":0,""scrambling"":""public_PCG64_SHA256_protocol_session_frame_group_counter_after_rate_matching_v1"",""shortening_bits"":348,""z"":208}",[2048]
QPSK,5/6,QPSK:r5/6,f68e92ad4f06d36439c250049e2075b30ae78d24ccec49c7379cecf5ad9123b0,1368,16,0,1384,1440,56,7488,2638,1319,0,0.5246398786959818,0.5185746777862017,"{""actual_effective_rate"":0.5246398786959818,""bg"":""bg2"",""bit_mapping"":""component_Gray_00_-3_01_-1_10_3_11_1_over_sqrt5;QPSK_0_plus1_1_minus1"",""code_blocks"":1,""decoder_config"":{""cn_schedule"":""flooding"",""cn_update"":""boxplus-phi"",""early_stop"":false,""hard_out"":true,""harq_mode"":false,""llr_max"":20.0,""num_iter"":20,""precision"":""single"",""prune_pcm"":true,""return_infobits"":true,""vn_update"":""sum""},""implementation"":{""bit_mapping"":""component_Gray_00_-3_01_-1_10_3_11_1_over_sqrt5;QPSK_0_plus1_1_minus1"",""cuda"":""12.8"",""decoder"":{""cn_schedule"":""flooding"",""cn_update"":""boxplus-phi"",""early_stop"":false,""hard_out"":true,""harq_mode"":false,""llr_max"":20.0,""num_iter"":20,""precision"":""single"",""prune_pcm"":true,""return_infobits"":true,""vn_update"":""sum""},""decoder_source_sha256"":""44d84b92b749e2970f94d92cd348a11648e2286b4d851faa0af8b21d08f0da23"",""encoder_source_sha256"":""34d8db6660b2e84708a8fb534f63c194f6f2b964e3693fcffc9dcaf21532ccfd"",""implementation"":""Sionna_5G_LDPC"",""power_protocol"":""fixed_constellation_average_Es2"",""precision"":""float32"",""rate_matching"":""Sionna RV0; filler removal, first2Z and tail puncturing; supported n only"",""scrambling"":""public_PCG64_SHA256_protocol_session_frame_group_counter_after_rate_matching_v1"",""torch"":""2.11.0+cu128"",""version"":""2.2.0""},""interleaver_sha256"":""cd87069f4c7f715a8f7da648c9c93f5d19590e84fb84f9ab7fcf491ef4592385"",""k"":1384,""k_filler"":56,""k_ldpc"":1440,""layout_id"":""87e8c1188956f8abbb9494f651fdfd60b6be67448937d6f58d686af525c5773c"",""modulation_padding_bits"":0,""mother_bits"":7488,""n"":2638,""n_cb"":7200,""n_cb_comp"":7144,""power_protocol"":""fixed_constellation_average_Es2"",""puncturing_bits"":4794,""puncturing_first_2Z"":288,""puncturing_remaining"":4506,""repetition_bits"":0,""scrambling"":""public_PCG64_SHA256_protocol_session_frame_group_counter_after_rate_matching_v1"",""shortening_bits"":56,""z"":144}",[2048]
16QAM,5/6,16QAM:r5/6,f690de4217a3634b13b1b3a9f960f728f65abacdba32b8b7bcb3dbcc68397b39,1092,16,0,1108,1120,12,5824,3320,830,0,0.3337349397590361,0.3289156626506024,"{""actual_effective_rate"":0.3337349397590361,""bg"":""bg2"",""bit_mapping"":""component_Gray_00_-3_01_-1_10_3_11_1_over_sqrt5;QPSK_0_plus1_1_minus1"",""code_blocks"":1,""decoder_config"":{""cn_schedule"":""flooding"",""cn_update"":""boxplus-phi"",""early_stop"":false,""hard_out"":true,""harq_mode"":false,""llr_max"":20.0,""num_iter"":20,""precision"":""single"",""prune_pcm"":true,""return_infobits"":true,""vn_update"":""sum""},""implementation"":{""bit_mapping"":""component_Gray_00_-3_01_-1_10_3_11_1_over_sqrt5;QPSK_0_plus1_1_minus1"",""cuda"":""12.8"",""decoder"":{""cn_schedule"":""flooding"",""cn_update"":""boxplus-phi"",""early_stop"":false,""hard_out"":true,""harq_mode"":false,""llr_max"":20.0,""num_iter"":20,""precision"":""single"",""prune_pcm"":true,""return_infobits"":true,""vn_update"":""sum""},""decoder_source_sha256"":""44d84b92b749e2970f94d92cd348a11648e2286b4d851faa0af8b21d08f0da23"",""encoder_source_sha256"":""34d8db6660b2e84708a8fb534f63c194f6f2b964e3693fcffc9dcaf21532ccfd"",""implementation"":""Sionna_5G_LDPC"",""power_protocol"":""fixed_constellation_average_Es2"",""precision"":""float32"",""rate_matching"":""Sionna RV0; filler removal, first2Z and tail puncturing; supported n only"",""scrambling"":""public_PCG64_SHA256_protocol_session_frame_group_counter_after_rate_matching_v1"",""torch"":""2.11.0+cu128"",""version"":""2.2.0""},""interleaver_sha256"":""76065b0f33afe4c10266d5c50cdf7720cc34d98b308ebaff689f00419cc6f2f2"",""k"":1108,""k_filler"":12,""k_ldpc"":1120,""layout_id"":""34d170e0dad84f5dddb55f3c640671e156d30031fb4ab2c26bacc0ab0b1c4972"",""modulation_padding_bits"":0,""mother_bits"":5824,""n"":3320,""n_cb"":5600,""n_cb_comp"":5588,""power_protocol"":""fixed_constellation_average_Es2"",""puncturing_bits"":2492,""puncturing_first_2Z"":224,""puncturing_remaining"":2268,""repetition_bits"":0,""scrambling"":""public_PCG64_SHA256_protocol_session_frame_group_counter_after_rate_matching_v1"",""shortening_bits"":12,""z"":112}",[2048]
QPSK,3/4,QPSK:r3/4,f69608773b8fa480dcc3ac28d9bd7fd24b5c411beedb17267b1392cb11871dd4,1860,16,0,1876,1920,44,9984,3618,1809,0,0.5185185185185185,0.5140961857379768,"{""actual_effective_rate"":0.5185185185185185,""bg"":""bg2"",""bit_mapping"":""component_Gray_00_-3_01_-1_10_3_11_1_over_sqrt5;QPSK_0_plus1_1_minus1"",""code_blocks"":1,""decoder_config"":{""cn_schedule"":""flooding"",""cn_update"":""boxplus-phi"",""early_stop"":false,""hard_out"":true,""harq_mode"":false,""llr_max"":20.0,""num_iter"":20,""precision"":""single"",""prune_pcm"":true,""return_infobits"":true,""vn_update"":""sum""},""implementation"":{""bit_mapping"":""component_Gray_00_-3_01_-1_10_3_11_1_over_sqrt5;QPSK_0_plus1_1_minus1"",""cuda"":""12.8"",""decoder"":{""cn_schedule"":""flooding"",""cn_update"":""boxplus-phi"",""early_stop"":false,""hard_out"":true,""harq_mode"":false,""llr_max"":20.0,""num_iter"":20,""precision"":""single"",""prune_pcm"":true,""return_infobits"":true,""vn_update"":""sum""},""decoder_source_sha256"":""44d84b92b749e2970f94d92cd348a11648e2286b4d851faa0af8b21d08f0da23"",""encoder_source_sha256"":""34d8db6660b2e84708a8fb534f63c194f6f2b964e3693fcffc9dcaf21532ccfd"",""implementation"":""Sionna_5G_LDPC"",""power_protocol"":""fixed_constellation_average_Es2"",""precision"":""float32"",""rate_matching"":""Sionna RV0; filler removal, first2Z and tail puncturing; supported n only"",""scrambling"":""public_PCG64_SHA256_protocol_session_frame_group_counter_after_rate_matching_v1"",""torch"":""2.11.0+cu128"",""version"":""2.2.0""},""interleaver_sha256"":""a408780213e656a75228dcac7d51fb8372b38e5670b11f26a41b8900a296577b"",""k"":1876,""k_filler"":44,""k_ldpc"":1920,""layout_id"":""c46c2fe3b66b3489bf958a7e453a46e63d47b090e003faa7081abb438da0db52"",""modulation_padding_bits"":0,""mother_bits"":9984,""n"":3618,""n_cb"":9600,""n_cb_comp"":9556,""power_protocol"":""fixed_constellation_average_Es2"",""puncturing_bits"":6322,""puncturing_first_2Z"":384,""puncturing_remaining"":5938,""repetition_bits"":0,""scrambling"":""public_PCG64_SHA256_protocol_session_frame_group_counter_after_rate_matching_v1"",""shortening_bits"":44,""z"":192}",[2048]
16QAM,1/3,16QAM:r1/3,f6a1767d2bdbc48056184ff1bddec8a76f8110c7e2ed63aa48c159646c29398c,1308,16,0,1324,1440,116,7488,6320,1580,0,0.20949367088607596,0.2069620253164557,"{""actual_effective_rate"":0.20949367088607596,""bg"":""bg2"",""bit_mapping"":""component_Gray_00_-3_01_-1_10_3_11_1_over_sqrt5;QPSK_0_plus1_1_minus1"",""code_blocks"":1,""decoder_config"":{""cn_schedule"":""flooding"",""cn_update"":""boxplus-phi"",""early_stop"":false,""hard_out"":true,""harq_mode"":false,""llr_max"":20.0,""num_iter"":20,""precision"":""single"",""prune_pcm"":true,""return_infobits"":true,""vn_update"":""sum""},""implementation"":{""bit_mapping"":""component_Gray_00_-3_01_-1_10_3_11_1_over_sqrt5;QPSK_0_plus1_1_minus1"",""cuda"":""12.8"",""decoder"":{""cn_schedule"":""flooding"",""cn_update"":""boxplus-phi"",""early_stop"":false,""hard_out"":true,""harq_mode"":false,""llr_max"":20.0,""num_iter"":20,""precision"":""single"",""prune_pcm"":true,""return_infobits"":true,""vn_update"":""sum""},""decoder_source_sha256"":""44d84b92b749e2970f94d92cd348a11648e2286b4d851faa0af8b21d08f0da23"",""encoder_source_sha256"":""34d8db6660b2e84708a8fb534f63c194f6f2b964e3693fcffc9dcaf21532ccfd"",""implementation"":""Sionna_5G_LDPC"",""power_protocol"":""fixed_constellation_average_Es2"",""precision"":""float32"",""rate_matching"":""Sionna RV0; filler removal, first2Z and tail puncturing; supported n only"",""scrambling"":""public_PCG64_SHA256_protocol_session_frame_group_counter_after_rate_matching_v1"",""torch"":""2.11.0+cu128"",""version"":""2.2.0""},""interleaver_sha256"":""a63b090db74eed6e561c61e6df68f960316ab1daece161136f4dce3e8ca67872"",""k"":1324,""k_filler"":116,""k_ldpc"":1440,""layout_id"":""cd93d6b0614b366b5124114dff25365d322dce2868f92a7da0071c3016963739"",""modulation_padding_bits"":0,""mother_bits"":7488,""n"":6320,""n_cb"":7200,""n_cb_comp"":7084,""power_protocol"":""fixed_constellation_average_Es2"",""puncturing_bits"":1052,""puncturing_first_2Z"":288,""puncturing_remaining"":764,""repetition_bits"":0,""scrambling"":""public_PCG64_SHA256_protocol_session_frame_group_counter_after_rate_matching_v1"",""shortening_bits"":116,""z"":144}",[2048]
QPSK,5/6,QPSK:r5/6,f6a190e4fcac838a87ad9ed9ead40b293b4487bc9131712bd75d9b463dcb8f08,1188,16,0,1204,1232,28,3808,1450,725,0,0.8303448275862069,0.8193103448275862,"{""actual_effective_rate"":0.8303448275862069,""bg"":""bg1"",""bit_mapping"":""component_Gray_00_-3_01_-1_10_3_11_1_over_sqrt5;QPSK_0_plus1_1_minus1"",""code_blocks"":1,""decoder_config"":{""cn_schedule"":""flooding"",""cn_update"":""boxplus-phi"",""early_stop"":false,""hard_out"":true,""harq_mode"":false,""llr_max"":20.0,""num_iter"":20,""precision"":""single"",""prune_pcm"":true,""return_infobits"":true,""vn_update"":""sum""},""implementation"":{""bit_mapping"":""component_Gray_00_-3_01_-1_10_3_11_1_over_sqrt5;QPSK_0_plus1_1_minus1"",""cuda"":""12.8"",""decoder"":{""cn_schedule"":""flooding"",""cn_update"":""boxplus-phi"",""early_stop"":false,""hard_out"":true,""harq_mode"":false,""llr_max"":20.0,""num_iter"":20,""precision"":""single"",""prune_pcm"":true,""return_infobits"":true,""vn_update"":""sum""},""decoder_source_sha256"":""44d84b92b749e2970f94d92cd348a11648e2286b4d851faa0af8b21d08f0da23"",""encoder_source_sha256"":""34d8db6660b2e84708a8fb534f63c194f6f2b964e3693fcffc9dcaf21532ccfd"",""implementation"":""Sionna_5G_LDPC"",""power_protocol"":""fixed_constellation_average_Es2"",""precision"":""float32"",""rate_matching"":""Sionna RV0; filler removal, first2Z and tail puncturing; supported n only"",""scrambling"":""public_PCG64_SHA256_protocol_session_frame_group_counter_after_rate_matching_v1"",""torch"":""2.11.0+cu128"",""version"":""2.2.0""},""interleaver_sha256"":""6fdbfd38fec09a5449d3ff9e2cb039854d57d737f38f7dbf19fcedce2c39f912"",""k"":1204,""k_filler"":28,""k_ldpc"":1232,""layout_id"":""ce23b675b95717c8bd08222e9fbda935134782632574b2bfb7b2759a96c87d4c"",""modulation_padding_bits"":0,""mother_bits"":3808,""n"":1450,""n_cb"":3696,""n_cb_comp"":3668,""power_protocol"":""fixed_constellation_average_Es2"",""puncturing_bits"":2330,""puncturing_first_2Z"":112,""puncturing_remaining"":2218,""repetition_bits"":0,""scrambling"":""public_PCG64_SHA256_protocol_session_frame_group_counter_after_rate_matching_v1"",""shortening_bits"":28,""z"":56}",[2048]
QPSK,1/3,QPSK:r1/3,f6b1fddaaa3ffac37d557f90d75f6b0b68943d282665a865fa29d4d1a3271371,1152,16,0,1168,1200,32,6240,3506,1753,0,0.33314318311466057,0.32857957786651454,"{""actual_effective_rate"":0.33314318311466057,""bg"":""bg2"",""bit_mapping"":""component_Gray_00_-3_01_-1_10_3_11_1_over_sqrt5;QPSK_0_plus1_1_minus1"",""code_blocks"":1,""decoder_config"":{""cn_schedule"":""flooding"",""cn_update"":""boxplus-phi"",""early_stop"":false,""hard_out"":true,""harq_mode"":false,""llr_max"":20.0,""num_iter"":20,""precision"":""single"",""prune_pcm"":true,""return_infobits"":true,""vn_update"":""sum""},""implementation"":{""bit_mapping"":""component_Gray_00_-3_01_-1_10_3_11_1_over_sqrt5;QPSK_0_plus1_1_minus1"",""cuda"":""12.8"",""decoder"":{""cn_schedule"":""flooding"",""cn_update"":""boxplus-phi"",""early_stop"":false,""hard_out"":true,""harq_mode"":false,""llr_max"":20.0,""num_iter"":20,""precision"":""single"",""prune_pcm"":true,""return_infobits"":true,""vn_update"":""sum""},""decoder_source_sha256"":""44d84b92b749e2970f94d92cd348a11648e2286b4d851faa0af8b21d08f0da23"",""encoder_source_sha256"":""34d8db6660b2e84708a8fb534f63c194f6f2b964e3693fcffc9dcaf21532ccfd"",""implementation"":""Sionna_5G_LDPC"",""power_protocol"":""fixed_constellation_average_Es2"",""precision"":""float32"",""rate_matching"":""Sionna RV0; filler removal, first2Z and tail puncturing; supported n only"",""scrambling"":""public_PCG64_SHA256_protocol_session_frame_group_counter_after_rate_matching_v1"",""torch"":""2.11.0+cu128"",""version"":""2.2.0""},""interleaver_sha256"":""57ae0cf1f221e744e6a04a096456c7a9f0a7c4439d052cac562cf88079d601f4"",""k"":1168,""k_filler"":32,""k_ldpc"":1200,""layout_id"":""fd1467d3754e68b33b2dd13af91cf3104f0df98a03d274cfa5d4171651fba98f"",""modulation_padding_bits"":0,""mother_bits"":6240,""n"":3506,""n_cb"":6000,""n_cb_comp"":5968,""power_protocol"":""fixed_constellation_average_Es2"",""puncturing_bits"":2702,""puncturing_first_2Z"":240,""puncturing_remaining"":2462,""repetition_bits"":0,""scrambling"":""public_PCG64_SHA256_protocol_session_frame_group_counter_after_rate_matching_v1"",""shortening_bits"":32,""z"":120}",[2048]
16QAM,1/3,16QAM:r1/3,f6cd6bb906c3dd4d6eb86133189d5f71cf013586b9ec4d66a180cf45fd7b2d7f,660,16,0,676,720,44,3744,2932,733,0,0.2305593451568895,0.22510231923601637,"{""actual_effective_rate"":0.2305593451568895,""bg"":""bg2"",""bit_mapping"":""component_Gray_00_-3_01_-1_10_3_11_1_over_sqrt5;QPSK_0_plus1_1_minus1"",""code_blocks"":1,""decoder_config"":{""cn_schedule"":""flooding"",""cn_update"":""boxplus-phi"",""early_stop"":false,""hard_out"":true,""harq_mode"":false,""llr_max"":20.0,""num_iter"":20,""precision"":""single"",""prune_pcm"":true,""return_infobits"":true,""vn_update"":""sum""},""implementation"":{""bit_mapping"":""component_Gray_00_-3_01_-1_10_3_11_1_over_sqrt5;QPSK_0_plus1_1_minus1"",""cuda"":""12.8"",""decoder"":{""cn_schedule"":""flooding"",""cn_update"":""boxplus-phi"",""early_stop"":false,""hard_out"":true,""harq_mode"":false,""llr_max"":20.0,""num_iter"":20,""precision"":""single"",""prune_pcm"":true,""return_infobits"":true,""vn_update"":""sum""},""decoder_source_sha256"":""44d84b92b749e2970f94d92cd348a11648e2286b4d851faa0af8b21d08f0da23"",""encoder_source_sha256"":""34d8db6660b2e84708a8fb534f63c194f6f2b964e3693fcffc9dcaf21532ccfd"",""implementation"":""Sionna_5G_LDPC"",""power_protocol"":""fixed_constellation_average_Es2"",""precision"":""float32"",""rate_matching"":""Sionna RV0; filler removal, first2Z and tail puncturing; supported n only"",""scrambling"":""public_PCG64_SHA256_protocol_session_frame_group_counter_after_rate_matching_v1"",""torch"":""2.11.0+cu128"",""version"":""2.2.0""},""interleaver_sha256"":""d7d5b278e6e76adfeed5f4b8f0c187f2f797063b9b72d9f58515d5cd7ed88cce"",""k"":676,""k_filler"":44,""k_ldpc"":720,""layout_id"":""bebdf241ad5202f2d7f84fe4dfe896356cc4b9c79d0db20d4e694ba8ab452ce2"",""modulation_padding_bits"":0,""mother_bits"":3744,""n"":2932,""n_cb"":3600,""n_cb_comp"":3556,""power_protocol"":""fixed_constellation_average_Es2"",""puncturing_bits"":768,""puncturing_first_2Z"":144,""puncturing_remaining"":624,""repetition_bits"":0,""scrambling"":""public_PCG64_SHA256_protocol_session_frame_group_counter_after_rate_matching_v1"",""shortening_bits"":44,""z"":72}",[1024]
16QAM,3/4,16QAM:r3/4,f6d6382cfee81b08241bf994cd780bdbb8acbda4b43b59c3885b5a2cf5960b51,2400,16,0,2416,2560,144,13312,5076,1269,0,0.47596532702915684,0.4728132387706856,"{""actual_effective_rate"":0.47596532702915684,""bg"":""bg2"",""bit_mapping"":""component_Gray_00_-3_01_-1_10_3_11_1_over_sqrt5;QPSK_0_plus1_1_minus1"",""code_blocks"":1,""decoder_config"":{""cn_schedule"":""flooding"",""cn_update"":""boxplus-phi"",""early_stop"":false,""hard_out"":true,""harq_mode"":false,""llr_max"":20.0,""num_iter"":20,""precision"":""single"",""prune_pcm"":true,""return_infobits"":true,""vn_update"":""sum""},""implementation"":{""bit_mapping"":""component_Gray_00_-3_01_-1_10_3_11_1_over_sqrt5;QPSK_0_plus1_1_minus1"",""cuda"":""12.8"",""decoder"":{""cn_schedule"":""flooding"",""cn_update"":""boxplus-phi"",""early_stop"":false,""hard_out"":true,""harq_mode"":false,""llr_max"":20.0,""num_iter"":20,""precision"":""single"",""prune_pcm"":true,""return_infobits"":true,""vn_update"":""sum""},""decoder_source_sha256"":""44d84b92b749e2970f94d92cd348a11648e2286b4d851faa0af8b21d08f0da23"",""encoder_source_sha256"":""34d8db6660b2e84708a8fb534f63c194f6f2b964e3693fcffc9dcaf21532ccfd"",""implementation"":""Sionna_5G_LDPC"",""power_protocol"":""fixed_constellation_average_Es2"",""precision"":""float32"",""rate_matching"":""Sionna RV0; filler removal, first2Z and tail puncturing; supported n only"",""scrambling"":""public_PCG64_SHA256_protocol_session_frame_group_counter_after_rate_matching_v1"",""torch"":""2.11.0+cu128"",""version"":""2.2.0""},""interleaver_sha256"":""354da713b782012326507e2528e3c1c3f33154b8d0c42336c759615a08836b8f"",""k"":2416,""k_filler"":144,""k_ldpc"":2560,""layout_id"":""030a3d69c9d25520503f9f990dbe4f32569dcc512612963438a21f81ea154ed2"",""modulation_padding_bits"":0,""mother_bits"":13312,""n"":5076,""n_cb"":12800,""n_cb_comp"":12656,""power_protocol"":""fixed_constellation_average_Es2"",""puncturing_bits"":8092,""puncturing_first_2Z"":512,""puncturing_remaining"":7580,""repetition_bits"":0,""scrambling"":""public_PCG64_SHA256_protocol_session_frame_group_counter_after_rate_matching_v1"",""shortening_bits"":144,""z"":256}",[2048]
QPSK,1/2,QPSK:r1/2,f6dc13cd2747dc941c0ac1e9a9ca306a860d256cb0f014256bed53baa7cf3f59,660,16,0,676,720,44,3744,3330,1665,0,0.203003003003003,0.1981981981981982,"{""actual_effective_rate"":0.203003003003003,""bg"":""bg2"",""bit_mapping"":""component_Gray_00_-3_01_-1_10_3_11_1_over_sqrt5;QPSK_0_plus1_1_minus1"",""code_blocks"":1,""decoder_config"":{""cn_schedule"":""flooding"",""cn_update"":""boxplus-phi"",""early_stop"":false,""hard_out"":true,""harq_mode"":false,""llr_max"":20.0,""num_iter"":20,""precision"":""single"",""prune_pcm"":true,""return_infobits"":true,""vn_update"":""sum""},""implementation"":{""bit_mapping"":""component_Gray_00_-3_01_-1_10_3_11_1_over_sqrt5;QPSK_0_plus1_1_minus1"",""cuda"":""12.8"",""decoder"":{""cn_schedule"":""flooding"",""cn_update"":""boxplus-phi"",""early_stop"":false,""hard_out"":true,""harq_mode"":false,""llr_max"":20.0,""num_iter"":20,""precision"":""single"",""prune_pcm"":true,""return_infobits"":true,""vn_update"":""sum""},""decoder_source_sha256"":""44d84b92b749e2970f94d92cd348a11648e2286b4d851faa0af8b21d08f0da23"",""encoder_source_sha256"":""34d8db6660b2e84708a8fb534f63c194f6f2b964e3693fcffc9dcaf21532ccfd"",""implementation"":""Sionna_5G_LDPC"",""power_protocol"":""fixed_constellation_average_Es2"",""precision"":""float32"",""rate_matching"":""Sionna RV0; filler removal, first2Z and tail puncturing; supported n only"",""scrambling"":""public_PCG64_SHA256_protocol_session_frame_group_counter_after_rate_matching_v1"",""torch"":""2.11.0+cu128"",""version"":""2.2.0""},""interleaver_sha256"":""0a0f0c77d4b82ffb9090be58213890983b2451205f9cdaaedee1b9b9cc7e8298"",""k"":676,""k_filler"":44,""k_ldpc"":720,""layout_id"":""b7558ea7856037c5eca3d83e44b04a55ec4c89f96660011273f81b05b704d6e8"",""modulation_padding_bits"":0,""mother_bits"":3744,""n"":3330,""n_cb"":3600,""n_cb_comp"":3556,""power_protocol"":""fixed_constellation_average_Es2"",""puncturing_bits"":370,""puncturing_first_2Z"":144,""puncturing_remaining"":226,""repetition_bits"":0,""scrambling"":""public_PCG64_SHA256_protocol_session_frame_group_counter_after_rate_matching_v1"",""shortening_bits"":44,""z"":72}",[2048]
QPSK,2/3,QPSK:r2/3,f6df9affd147b6b5b86171399dfded4ecb958837a14a92dc0309613151f7ba1b,2100,16,0,2116,2240,124,11648,3200,1600,0,0.66125,0.65625,"{""actual_effective_rate"":0.66125,""bg"":""bg2"",""bit_mapping"":""component_Gray_00_-3_01_-1_10_3_11_1_over_sqrt5;QPSK_0_plus1_1_minus1"",""code_blocks"":1,""decoder_config"":{""cn_schedule"":""flooding"",""cn_update"":""boxplus-phi"",""early_stop"":false,""hard_out"":true,""harq_mode"":false,""llr_max"":20.0,""num_iter"":20,""precision"":""single"",""prune_pcm"":true,""return_infobits"":true,""vn_update"":""sum""},""implementation"":{""bit_mapping"":""component_Gray_00_-3_01_-1_10_3_11_1_over_sqrt5;QPSK_0_plus1_1_minus1"",""cuda"":""12.8"",""decoder"":{""cn_schedule"":""flooding"",""cn_update"":""boxplus-phi"",""early_stop"":false,""hard_out"":true,""harq_mode"":false,""llr_max"":20.0,""num_iter"":20,""precision"":""single"",""prune_pcm"":true,""return_infobits"":true,""vn_update"":""sum""},""decoder_source_sha256"":""44d84b92b749e2970f94d92cd348a11648e2286b4d851faa0af8b21d08f0da23"",""encoder_source_sha256"":""34d8db6660b2e84708a8fb534f63c194f6f2b964e3693fcffc9dcaf21532ccfd"",""implementation"":""Sionna_5G_LDPC"",""power_protocol"":""fixed_constellation_average_Es2"",""precision"":""float32"",""rate_matching"":""Sionna RV0; filler removal, first2Z and tail puncturing; supported n only"",""scrambling"":""public_PCG64_SHA256_protocol_session_frame_group_counter_after_rate_matching_v1"",""torch"":""2.11.0+cu128"",""version"":""2.2.0""},""interleaver_sha256"":""3e4dfdd7d7573a82f793268ef012ca6e371f392a59a7fe658c81697d8fdc92cc"",""k"":2116,""k_filler"":124,""k_ldpc"":2240,""layout_id"":""cb3cbe62e9bbd5ebddad043ead333b0f3788ca6109b934a7a03e531dddddbc68"",""modulation_padding_bits"":0,""mother_bits"":11648,""n"":3200,""n_cb"":11200,""n_cb_comp"":11076,""power_protocol"":""fixed_constellation_average_Es2"",""puncturing_bits"":8324,""puncturing_first_2Z"":448,""puncturing_remaining"":7876,""repetition_bits"":0,""scrambling"":""public_PCG64_SHA256_protocol_session_frame_group_counter_after_rate_matching_v1"",""shortening_bits"":124,""z"":224}",[2048]
QPSK,5/6,QPSK:r5/6,f6ea95cb9271f0511e391e64cefea9482c09fa6eeabada6e5a17a590aae96044,216,16,0,232,300,68,1560,780,390,0,0.29743589743589743,0.27692307692307694,"{""actual_effective_rate"":0.29743589743589743,""bg"":""bg2"",""bit_mapping"":""component_Gray_00_-3_01_-1_10_3_11_1_over_sqrt5;QPSK_0_plus1_1_minus1"",""code_blocks"":1,""decoder_config"":{""cn_schedule"":""flooding"",""cn_update"":""boxplus-phi"",""early_stop"":false,""hard_out"":true,""harq_mode"":false,""llr_max"":20.0,""num_iter"":20,""precision"":""single"",""prune_pcm"":true,""return_infobits"":true,""vn_update"":""sum""},""implementation"":{""bit_mapping"":""component_Gray_00_-3_01_-1_10_3_11_1_over_sqrt5;QPSK_0_plus1_1_minus1"",""cuda"":""12.8"",""decoder"":{""cn_schedule"":""flooding"",""cn_update"":""boxplus-phi"",""early_stop"":false,""hard_out"":true,""harq_mode"":false,""llr_max"":20.0,""num_iter"":20,""precision"":""single"",""prune_pcm"":true,""return_infobits"":true,""vn_update"":""sum""},""decoder_source_sha256"":""44d84b92b749e2970f94d92cd348a11648e2286b4d851faa0af8b21d08f0da23"",""encoder_source_sha256"":""34d8db6660b2e84708a8fb534f63c194f6f2b964e3693fcffc9dcaf21532ccfd"",""implementation"":""Sionna_5G_LDPC"",""power_protocol"":""fixed_constellation_average_Es2"",""precision"":""float32"",""rate_matching"":""Sionna RV0; filler removal, first2Z and tail puncturing; supported n only"",""scrambling"":""public_PCG64_SHA256_protocol_session_frame_group_counter_after_rate_matching_v1"",""torch"":""2.11.0+cu128"",""version"":""2.2.0""},""interleaver_sha256"":""3c16fe740ba1733b19848f89f57126ea7ef2ccf05914be59335488424c8e5872"",""k"":232,""k_filler"":68,""k_ldpc"":300,""layout_id"":""7c5ad194411a9e4f4bb5db415743acb308346c62c4693fb6e6347caaf765c705"",""modulation_padding_bits"":0,""mother_bits"":1560,""n"":780,""n_cb"":1500,""n_cb_comp"":1432,""power_protocol"":""fixed_constellation_average_Es2"",""puncturing_bits"":712,""puncturing_first_2Z"":60,""puncturing_remaining"":652,""repetition_bits"":0,""scrambling"":""public_PCG64_SHA256_protocol_session_frame_group_counter_after_rate_matching_v1"",""shortening_bits"":68,""z"":30}",[1024]
QPSK,3/4,QPSK:r3/4,f6f42eebe0e96967cca1ff3b74f67f0dad19b6fa7a2181aa5d4044e7a3097a5b,2100,16,0,2116,2288,172,7072,2822,1411,0,0.7498228206945429,0.744153082919915,"{""actual_effective_rate"":0.7498228206945429,""bg"":""bg1"",""bit_mapping"":""component_Gray_00_-3_01_-1_10_3_11_1_over_sqrt5;QPSK_0_plus1_1_minus1"",""code_blocks"":1,""decoder_config"":{""cn_schedule"":""flooding"",""cn_update"":""boxplus-phi"",""early_stop"":false,""hard_out"":true,""harq_mode"":false,""llr_max"":20.0,""num_iter"":20,""precision"":""single"",""prune_pcm"":true,""return_infobits"":true,""vn_update"":""sum""},""implementation"":{""bit_mapping"":""component_Gray_00_-3_01_-1_10_3_11_1_over_sqrt5;QPSK_0_plus1_1_minus1"",""cuda"":""12.8"",""decoder"":{""cn_schedule"":""flooding"",""cn_update"":""boxplus-phi"",""early_stop"":false,""hard_out"":true,""harq_mode"":false,""llr_max"":20.0,""num_iter"":20,""precision"":""single"",""prune_pcm"":true,""return_infobits"":true,""vn_update"":""sum""},""decoder_source_sha256"":""44d84b92b749e2970f94d92cd348a11648e2286b4d851faa0af8b21d08f0da23"",""encoder_source_sha256"":""34d8db6660b2e84708a8fb534f63c194f6f2b964e3693fcffc9dcaf21532ccfd"",""implementation"":""Sionna_5G_LDPC"",""power_protocol"":""fixed_constellation_average_Es2"",""precision"":""float32"",""rate_matching"":""Sionna RV0; filler removal, first2Z and tail puncturing; supported n only"",""scrambling"":""public_PCG64_SHA256_protocol_session_frame_group_counter_after_rate_matching_v1"",""torch"":""2.11.0+cu128"",""version"":""2.2.0""},""interleaver_sha256"":""bec175739e467911095fc358253fafe49dbb2d7c43c0e3eb8c2548b04f656189"",""k"":2116,""k_filler"":172,""k_ldpc"":2288,""layout_id"":""bfbb96a5fbe63a7edaeed32c796dab234585caafd8ce85c5a97368006641b088"",""modulation_padding_bits"":0,""mother_bits"":7072,""n"":2822,""n_cb"":6864,""n_cb_comp"":6692,""power_protocol"":""fixed_constellation_average_Es2"",""puncturing_bits"":4078,""puncturing_first_2Z"":208,""puncturing_remaining"":3870,""repetition_bits"":0,""scrambling"":""public_PCG64_SHA256_protocol_session_frame_group_counter_after_rate_matching_v1"",""shortening_bits"":172,""z"":104}",[2048]
16QAM,2/3,16QAM:r2/3,f6fa956d808ee5a57d8c11a91b018e2426df68093a6024853ea65cebf41282c5,660,16,0,676,720,44,3744,1900,475,0,0.35578947368421054,0.3473684210526316,"{""actual_effective_rate"":0.35578947368421054,""bg"":""bg2"",""bit_mapping"":""component_Gray_00_-3_01_-1_10_3_11_1_over_sqrt5;QPSK_0_plus1_1_minus1"",""code_blocks"":1,""decoder_config"":{""cn_schedule"":""flooding"",""cn_update"":""boxplus-phi"",""early_stop"":false,""hard_out"":true,""harq_mode"":false,""llr_max"":20.0,""num_iter"":20,""precision"":""single"",""prune_pcm"":true,""return_infobits"":true,""vn_update"":""sum""},""implementation"":{""bit_mapping"":""component_Gray_00_-3_01_-1_10_3_11_1_over_sqrt5;QPSK_0_plus1_1_minus1"",""cuda"":""12.8"",""decoder"":{""cn_schedule"":""flooding"",""cn_update"":""boxplus-phi"",""early_stop"":false,""hard_out"":true,""harq_mode"":false,""llr_max"":20.0,""num_iter"":20,""precision"":""single"",""prune_pcm"":true,""return_infobits"":true,""vn_update"":""sum""},""decoder_source_sha256"":""44d84b92b749e2970f94d92cd348a11648e2286b4d851faa0af8b21d08f0da23"",""encoder_source_sha256"":""34d8db6660b2e84708a8fb534f63c194f6f2b964e3693fcffc9dcaf21532ccfd"",""implementation"":""Sionna_5G_LDPC"",""power_protocol"":""fixed_constellation_average_Es2"",""precision"":""float32"",""rate_matching"":""Sionna RV0; filler removal, first2Z and tail puncturing; supported n only"",""scrambling"":""public_PCG64_SHA256_protocol_session_frame_group_counter_after_rate_matching_v1"",""torch"":""2.11.0+cu128"",""version"":""2.2.0""},""interleaver_sha256"":""1915a630d624059df44c5ec1f24843148429823c13ab865dcc35a6849d6b0162"",""k"":676,""k_filler"":44,""k_ldpc"":720,""layout_id"":""d8194d6efb0b48d92be0577414dafed18f86a00a8574267da854b5f2ece73752"",""modulation_padding_bits"":0,""mother_bits"":3744,""n"":1900,""n_cb"":3600,""n_cb_comp"":3556,""power_protocol"":""fixed_constellation_average_Es2"",""puncturing_bits"":1800,""puncturing_first_2Z"":144,""puncturing_remaining"":1656,""repetition_bits"":0,""scrambling"":""public_PCG64_SHA256_protocol_session_frame_group_counter_after_rate_matching_v1"",""shortening_bits"":44,""z"":72}",[2048]
QPSK,3/4,QPSK:r3/4,f7009ac11e5706621cb484dc2e90292386fb35815c3338502a740faf3a4741b7,768,16,0,784,800,16,4160,1742,871,0,0.4500574052812859,0.44087256027554533,"{""actual_effective_rate"":0.4500574052812859,""bg"":""bg2"",""bit_mapping"":""component_Gray_00_-3_01_-1_10_3_11_1_over_sqrt5;QPSK_0_plus1_1_minus1"",""code_blocks"":1,""decoder_config"":{""cn_schedule"":""flooding"",""cn_update"":""boxplus-phi"",""early_stop"":false,""hard_out"":true,""harq_mode"":false,""llr_max"":20.0,""num_iter"":20,""precision"":""single"",""prune_pcm"":true,""return_infobits"":true,""vn_update"":""sum""},""implementation"":{""bit_mapping"":""component_Gray_00_-3_01_-1_10_3_11_1_over_sqrt5;QPSK_0_plus1_1_minus1"",""cuda"":""12.8"",""decoder"":{""cn_schedule"":""flooding"",""cn_update"":""boxplus-phi"",""early_stop"":false,""hard_out"":true,""harq_mode"":false,""llr_max"":20.0,""num_iter"":20,""precision"":""single"",""prune_pcm"":true,""return_infobits"":true,""vn_update"":""sum""},""decoder_source_sha256"":""44d84b92b749e2970f94d92cd348a11648e2286b4d851faa0af8b21d08f0da23"",""encoder_source_sha256"":""34d8db6660b2e84708a8fb534f63c194f6f2b964e3693fcffc9dcaf21532ccfd"",""implementation"":""Sionna_5G_LDPC"",""power_protocol"":""fixed_constellation_average_Es2"",""precision"":""float32"",""rate_matching"":""Sionna RV0; filler removal, first2Z and tail puncturing; supported n only"",""scrambling"":""public_PCG64_SHA256_protocol_session_frame_group_counter_after_rate_matching_v1"",""torch"":""2.11.0+cu128"",""version"":""2.2.0""},""interleaver_sha256"":""0c3f4757261dd6d33f8622532f13b8a4868b9660bb51bf1b9c22be708fe2d3b2"",""k"":784,""k_filler"":16,""k_ldpc"":800,""layout_id"":""2fb766358612779a7bb90e20784b243201c93685b00e202803d436626bdade5b"",""modulation_padding_bits"":0,""mother_bits"":4160,""n"":1742,""n_cb"":4000,""n_cb_comp"":3984,""power_protocol"":""fixed_constellation_average_Es2"",""puncturing_bits"":2402,""puncturing_first_2Z"":160,""puncturing_remaining"":2242,""repetition_bits"":0,""scrambling"":""public_PCG64_SHA256_protocol_session_frame_group_counter_after_rate_matching_v1"",""shortening_bits"":16,""z"":80}",[2048]
16QAM,3/4,16QAM:r3/4,f7014a6559146440b7d9dd21505df102246aa554cf834f4e8a30abff5fa6d87c,660,16,0,676,720,44,3744,1876,469,0,0.3603411513859275,0.35181236673773986,"{""actual_effective_rate"":0.3603411513859275,""bg"":""bg2"",""bit_mapping"":""component_Gray_00_-3_01_-1_10_3_11_1_over_sqrt5;QPSK_0_plus1_1_minus1"",""code_blocks"":1,""decoder_config"":{""cn_schedule"":""flooding"",""cn_update"":""boxplus-phi"",""early_stop"":false,""hard_out"":true,""harq_mode"":false,""llr_max"":20.0,""num_iter"":20,""precision"":""single"",""prune_pcm"":true,""return_infobits"":true,""vn_update"":""sum""},""implementation"":{""bit_mapping"":""component_Gray_00_-3_01_-1_10_3_11_1_over_sqrt5;QPSK_0_plus1_1_minus1"",""cuda"":""12.8"",""decoder"":{""cn_schedule"":""flooding"",""cn_update"":""boxplus-phi"",""early_stop"":false,""hard_out"":true,""harq_mode"":false,""llr_max"":20.0,""num_iter"":20,""precision"":""single"",""prune_pcm"":true,""return_infobits"":true,""vn_update"":""sum""},""decoder_source_sha256"":""44d84b92b749e2970f94d92cd348a11648e2286b4d851faa0af8b21d08f0da23"",""encoder_source_sha256"":""34d8db6660b2e84708a8fb534f63c194f6f2b964e3693fcffc9dcaf21532ccfd"",""implementation"":""Sionna_5G_LDPC"",""power_protocol"":""fixed_constellation_average_Es2"",""precision"":""float32"",""rate_matching"":""Sionna RV0; filler removal, first2Z and tail puncturing; supported n only"",""scrambling"":""public_PCG64_SHA256_protocol_session_frame_group_counter_after_rate_matching_v1"",""torch"":""2.11.0+cu128"",""version"":""2.2.0""},""interleaver_sha256"":""1e1de20c29df3a4b47b5413a98a081e23ab036d61cf854e41cab1230983d793e"",""k"":676,""k_filler"":44,""k_ldpc"":720,""layout_id"":""e8fc3f82416df5f4049c0ec287adeaab1507d9f17469e426820bc331b5df8553"",""modulation_padding_bits"":0,""mother_bits"":3744,""n"":1876,""n_cb"":3600,""n_cb_comp"":3556,""power_protocol"":""fixed_constellation_average_Es2"",""puncturing_bits"":1824,""puncturing_first_2Z"":144,""puncturing_remaining"":1680,""repetition_bits"":0,""scrambling"":""public_PCG64_SHA256_protocol_session_frame_group_counter_after_rate_matching_v1"",""shortening_bits"":44,""z"":72}",[2048]
QPSK,3/4,QPSK:r3/4,f705dd002d356d76747791c7dbb650a91c9618a72978f4cbc8d4c41b1c09d577,1116,16,0,1132,1200,68,6240,2266,1133,0,0.499558693733451,0.49249779346866723,"{""actual_effective_rate"":0.499558693733451,""bg"":""bg2"",""bit_mapping"":""component_Gray_00_-3_01_-1_10_3_11_1_over_sqrt5;QPSK_0_plus1_1_minus1"",""code_blocks"":1,""decoder_config"":{""cn_schedule"":""flooding"",""cn_update"":""boxplus-phi"",""early_stop"":false,""hard_out"":true,""harq_mode"":false,""llr_max"":20.0,""num_iter"":20,""precision"":""single"",""prune_pcm"":true,""return_infobits"":true,""vn_update"":""sum""},""implementation"":{""bit_mapping"":""component_Gray_00_-3_01_-1_10_3_11_1_over_sqrt5;QPSK_0_plus1_1_minus1"",""cuda"":""12.8"",""decoder"":{""cn_schedule"":""flooding"",""cn_update"":""boxplus-phi"",""early_stop"":false,""hard_out"":true,""harq_mode"":false,""llr_max"":20.0,""num_iter"":20,""precision"":""single"",""prune_pcm"":true,""return_infobits"":true,""vn_update"":""sum""},""decoder_source_sha256"":""44d84b92b749e2970f94d92cd348a11648e2286b4d851faa0af8b21d08f0da23"",""encoder_source_sha256"":""34d8db6660b2e84708a8fb534f63c194f6f2b964e3693fcffc9dcaf21532ccfd"",""implementation"":""Sionna_5G_LDPC"",""power_protocol"":""fixed_constellation_average_Es2"",""precision"":""float32"",""rate_matching"":""Sionna RV0; filler removal, first2Z and tail puncturing; supported n only"",""scrambling"":""public_PCG64_SHA256_protocol_session_frame_group_counter_after_rate_matching_v1"",""torch"":""2.11.0+cu128"",""version"":""2.2.0""},""interleaver_sha256"":""6523555a616b5f75ca2e0c1b069d0f73f260c3aaaa1ef291895be70878715321"",""k"":1132,""k_filler"":68,""k_ldpc"":1200,""layout_id"":""64f2463457aae42c9756b10e5a8f83aa831540f13a8e26db5d578ed0e0a48b8e"",""modulation_padding_bits"":0,""mother_bits"":6240,""n"":2266,""n_cb"":6000,""n_cb_comp"":5932,""power_protocol"":""fixed_constellation_average_Es2"",""puncturing_bits"":3906,""puncturing_first_2Z"":240,""puncturing_remaining"":3666,""repetition_bits"":0,""scrambling"":""public_PCG64_SHA256_protocol_session_frame_group_counter_after_rate_matching_v1"",""shortening_bits"":68,""z"":120}",[2048]
QPSK,1/3,QPSK:r1/3,f70eab606bde8b1ec02dca154556581d4ed49962134d16bc0e2b3dc6270e0a62,504,16,0,520,720,200,3744,1912,956,0,0.2719665271966527,0.26359832635983266,"{""actual_effective_rate"":0.2719665271966527,""bg"":""bg2"",""bit_mapping"":""component_Gray_00_-3_01_-1_10_3_11_1_over_sqrt5;QPSK_0_plus1_1_minus1"",""code_blocks"":1,""decoder_config"":{""cn_schedule"":""flooding"",""cn_update"":""boxplus-phi"",""early_stop"":false,""hard_out"":true,""harq_mode"":false,""llr_max"":20.0,""num_iter"":20,""precision"":""single"",""prune_pcm"":true,""return_infobits"":true,""vn_update"":""sum""},""implementation"":{""bit_mapping"":""component_Gray_00_-3_01_-1_10_3_11_1_over_sqrt5;QPSK_0_plus1_1_minus1"",""cuda"":""12.8"",""decoder"":{""cn_schedule"":""flooding"",""cn_update"":""boxplus-phi"",""early_stop"":false,""hard_out"":true,""harq_mode"":false,""llr_max"":20.0,""num_iter"":20,""precision"":""single"",""prune_pcm"":true,""return_infobits"":true,""vn_update"":""sum""},""decoder_source_sha256"":""44d84b92b749e2970f94d92cd348a11648e2286b4d851faa0af8b21d08f0da23"",""encoder_source_sha256"":""34d8db6660b2e84708a8fb534f63c194f6f2b964e3693fcffc9dcaf21532ccfd"",""implementation"":""Sionna_5G_LDPC"",""power_protocol"":""fixed_constellation_average_Es2"",""precision"":""float32"",""rate_matching"":""Sionna RV0; filler removal, first2Z and tail puncturing; supported n only"",""scrambling"":""public_PCG64_SHA256_protocol_session_frame_group_counter_after_rate_matching_v1"",""torch"":""2.11.0+cu128"",""version"":""2.2.0""},""interleaver_sha256"":""6bf95bf2c0e2ecc0e051c11851f956a0c4628f53d98079936a61809b1b2704ba"",""k"":520,""k_filler"":200,""k_ldpc"":720,""layout_id"":""a09548433c90b85d475373c0ee94588175a6bb53dfa888fe535a9197f55b6a3c"",""modulation_padding_bits"":0,""mother_bits"":3744,""n"":1912,""n_cb"":3600,""n_cb_comp"":3400,""power_protocol"":""fixed_constellation_average_Es2"",""puncturing_bits"":1632,""puncturing_first_2Z"":144,""puncturing_remaining"":1488,""repetition_bits"":0,""scrambling"":""public_PCG64_SHA256_protocol_session_frame_group_counter_after_rate_matching_v1"",""shortening_bits"":200,""z"":72}",[1024]
QPSK,3/4,QPSK:r3/4,f711798b33b923f07ab7e0dbe11b01bb889598698c3bfcaefa7664a8dd5ef2d5,1668,16,0,1684,1760,76,5440,2486,1243,0,0.6773934030571199,0.670957361222848,"{""actual_effective_rate"":0.6773934030571199,""bg"":""bg1"",""bit_mapping"":""component_Gray_00_-3_01_-1_10_3_11_1_over_sqrt5;QPSK_0_plus1_1_minus1"",""code_blocks"":1,""decoder_config"":{""cn_schedule"":""flooding"",""cn_update"":""boxplus-phi"",""early_stop"":false,""hard_out"":true,""harq_mode"":false,""llr_max"":20.0,""num_iter"":20,""precision"":""single"",""prune_pcm"":true,""return_infobits"":true,""vn_update"":""sum""},""implementation"":{""bit_mapping"":""component_Gray_00_-3_01_-1_10_3_11_1_over_sqrt5;QPSK_0_plus1_1_minus1"",""cuda"":""12.8"",""decoder"":{""cn_schedule"":""flooding"",""cn_update"":""boxplus-phi"",""early_stop"":false,""hard_out"":true,""harq_mode"":false,""llr_max"":20.0,""num_iter"":20,""precision"":""single"",""prune_pcm"":true,""return_infobits"":true,""vn_update"":""sum""},""decoder_source_sha256"":""44d84b92b749e2970f94d92cd348a11648e2286b4d851faa0af8b21d08f0da23"",""encoder_source_sha256"":""34d8db6660b2e84708a8fb534f63c194f6f2b964e3693fcffc9dcaf21532ccfd"",""implementation"":""Sionna_5G_LDPC"",""power_protocol"":""fixed_constellation_average_Es2"",""precision"":""float32"",""rate_matching"":""Sionna RV0; filler removal, first2Z and tail puncturing; supported n only"",""scrambling"":""public_PCG64_SHA256_protocol_session_frame_group_counter_after_rate_matching_v1"",""torch"":""2.11.0+cu128"",""version"":""2.2.0""},""interleaver_sha256"":""37dec73fa600dc52fb362a0274154351e94ed47eea85384eafd1765a5fd7781d"",""k"":1684,""k_filler"":76,""k_ldpc"":1760,""layout_id"":""949b30af932e4cfd125d95377b7315f1c954da61383004120dc221a8d36af331"",""modulation_padding_bits"":0,""mother_bits"":5440,""n"":2486,""n_cb"":5280,""n_cb_comp"":5204,""power_protocol"":""fixed_constellation_average_Es2"",""puncturing_bits"":2878,""puncturing_first_2Z"":160,""puncturing_remaining"":2718,""repetition_bits"":0,""scrambling"":""public_PCG64_SHA256_protocol_session_frame_group_counter_after_rate_matching_v1"",""shortening_bits"":76,""z"":80}",[2048]
16QAM,5/6,16QAM:r5/6,f72773e6d454b65b6500b349e00161cebd97df1925b547fccd2c0e85dffca68e,1092,16,0,1108,1120,12,5824,3096,774,0,0.3578811369509044,0.35271317829457366,"{""actual_effective_rate"":0.3578811369509044,""bg"":""bg2"",""bit_mapping"":""component_Gray_00_-3_01_-1_10_3_11_1_over_sqrt5;QPSK_0_plus1_1_minus1"",""code_blocks"":1,""decoder_config"":{""cn_schedule"":""flooding"",""cn_update"":""boxplus-phi"",""early_stop"":false,""hard_out"":true,""harq_mode"":false,""llr_max"":20.0,""num_iter"":20,""precision"":""single"",""prune_pcm"":true,""return_infobits"":true,""vn_update"":""sum""},""implementation"":{""bit_mapping"":""component_Gray_00_-3_01_-1_10_3_11_1_over_sqrt5;QPSK_0_plus1_1_minus1"",""cuda"":""12.8"",""decoder"":{""cn_schedule"":""flooding"",""cn_update"":""boxplus-phi"",""early_stop"":false,""hard_out"":true,""harq_mode"":false,""llr_max"":20.0,""num_iter"":20,""precision"":""single"",""prune_pcm"":true,""return_infobits"":true,""vn_update"":""sum""},""decoder_source_sha256"":""44d84b92b749e2970f94d92cd348a11648e2286b4d851faa0af8b21d08f0da23"",""encoder_source_sha256"":""34d8db6660b2e84708a8fb534f63c194f6f2b964e3693fcffc9dcaf21532ccfd"",""implementation"":""Sionna_5G_LDPC"",""power_protocol"":""fixed_constellation_average_Es2"",""precision"":""float32"",""rate_matching"":""Sionna RV0; filler removal, first2Z and tail puncturing; supported n only"",""scrambling"":""public_PCG64_SHA256_protocol_session_frame_group_counter_after_rate_matching_v1"",""torch"":""2.11.0+cu128"",""version"":""2.2.0""},""interleaver_sha256"":""d82aaf01ea48322425e058faf33cd983207adbb9042e7c779a438598a526defd"",""k"":1108,""k_filler"":12,""k_ldpc"":1120,""layout_id"":""a84caabbcfa697112863c132bfd80372f2d7d7941c860339c7b01b58dc2fe1b4"",""modulation_padding_bits"":0,""mother_bits"":5824,""n"":3096,""n_cb"":5600,""n_cb_comp"":5588,""power_protocol"":""fixed_constellation_average_Es2"",""puncturing_bits"":2716,""puncturing_first_2Z"":224,""puncturing_remaining"":2492,""repetition_bits"":0,""scrambling"":""public_PCG64_SHA256_protocol_session_frame_group_counter_after_rate_matching_v1"",""shortening_bits"":12,""z"":112}",[2048]
QPSK,1/3,QPSK:r1/3,f72f2e9659a05f439c16acca5f5e727097a1d8ee731ebc9f2cf3be1582c22fd9,1296,16,0,1312,1440,128,7488,3960,1980,0,0.33131313131313134,0.32727272727272727,"{""actual_effective_rate"":0.33131313131313134,""bg"":""bg2"",""bit_mapping"":""component_Gray_00_-3_01_-1_10_3_11_1_over_sqrt5;QPSK_0_plus1_1_minus1"",""code_blocks"":1,""decoder_config"":{""cn_schedule"":""flooding"",""cn_update"":""boxplus-phi"",""early_stop"":false,""hard_out"":true,""harq_mode"":false,""llr_max"":20.0,""num_iter"":20,""precision"":""single"",""prune_pcm"":true,""return_infobits"":true,""vn_update"":""sum""},""implementation"":{""bit_mapping"":""component_Gray_00_-3_01_-1_10_3_11_1_over_sqrt5;QPSK_0_plus1_1_minus1"",""cuda"":""12.8"",""decoder"":{""cn_schedule"":""flooding"",""cn_update"":""boxplus-phi"",""early_stop"":false,""hard_out"":true,""harq_mode"":false,""llr_max"":20.0,""num_iter"":20,""precision"":""single"",""prune_pcm"":true,""return_infobits"":true,""vn_update"":""sum""},""decoder_source_sha256"":""44d84b92b749e2970f94d92cd348a11648e2286b4d851faa0af8b21d08f0da23"",""encoder_source_sha256"":""34d8db6660b2e84708a8fb534f63c194f6f2b964e3693fcffc9dcaf21532ccfd"",""implementation"":""Sionna_5G_LDPC"",""power_protocol"":""fixed_constellation_average_Es2"",""precision"":""float32"",""rate_matching"":""Sionna RV0; filler removal, first2Z and tail puncturing; supported n only"",""scrambling"":""public_PCG64_SHA256_protocol_session_frame_group_counter_after_rate_matching_v1"",""torch"":""2.11.0+cu128"",""version"":""2.2.0""},""interleaver_sha256"":""e945ff01d0dea21cecfeae3f08a5f14826ff52fa3f299c81057d8b54d766f72d"",""k"":1312,""k_filler"":128,""k_ldpc"":1440,""layout_id"":""5ef6fd9d9a89f3a2ea240f3379eff2684693793b891008b476f0e1115c7cf53d"",""modulation_padding_bits"":0,""mother_bits"":7488,""n"":3960,""n_cb"":7200,""n_cb_comp"":7072,""power_protocol"":""fixed_constellation_average_Es2"",""puncturing_bits"":3400,""puncturing_first_2Z"":288,""puncturing_remaining"":3112,""repetition_bits"":0,""scrambling"":""public_PCG64_SHA256_protocol_session_frame_group_counter_after_rate_matching_v1"",""shortening_bits"":128,""z"":144}",[2048]
16QAM,3/4,16QAM:r3/4,f7376d9ed6ec79436762f55d112b4a5f08f3fd537c6ee2b689ce1d6ffdf2d750,432,16,0,448,560,112,2912,1416,354,0,0.3163841807909605,0.3050847457627119,"{""actual_effective_rate"":0.3163841807909605,""bg"":""bg2"",""bit_mapping"":""component_Gray_00_-3_01_-1_10_3_11_1_over_sqrt5;QPSK_0_plus1_1_minus1"",""code_blocks"":1,""decoder_config"":{""cn_schedule"":""flooding"",""cn_update"":""boxplus-phi"",""early_stop"":false,""hard_out"":true,""harq_mode"":false,""llr_max"":20.0,""num_iter"":20,""precision"":""single"",""prune_pcm"":true,""return_infobits"":true,""vn_update"":""sum""},""implementation"":{""bit_mapping"":""component_Gray_00_-3_01_-1_10_3_11_1_over_sqrt5;QPSK_0_plus1_1_minus1"",""cuda"":""12.8"",""decoder"":{""cn_schedule"":""flooding"",""cn_update"":""boxplus-phi"",""early_stop"":false,""hard_out"":true,""harq_mode"":false,""llr_max"":20.0,""num_iter"":20,""precision"":""single"",""prune_pcm"":true,""return_infobits"":true,""vn_update"":""sum""},""decoder_source_sha256"":""44d84b92b749e2970f94d92cd348a11648e2286b4d851faa0af8b21d08f0da23"",""encoder_source_sha256"":""34d8db6660b2e84708a8fb534f63c194f6f2b964e3693fcffc9dcaf21532ccfd"",""implementation"":""Sionna_5G_LDPC"",""power_protocol"":""fixed_constellation_average_Es2"",""precision"":""float32"",""rate_matching"":""Sionna RV0; filler removal, first2Z and tail puncturing; supported n only"",""scrambling"":""public_PCG64_SHA256_protocol_session_frame_group_counter_after_rate_matching_v1"",""torch"":""2.11.0+cu128"",""version"":""2.2.0""},""interleaver_sha256"":""73e03b5616de451c47a04e149c2dee102fc8030878a4210615b44b2740baec25"",""k"":448,""k_filler"":112,""k_ldpc"":560,""layout_id"":""70afce1bfaea8ce271cbd184773a2213c2ff369b969201e1e35f561ddacdb239"",""modulation_padding_bits"":0,""mother_bits"":2912,""n"":1416,""n_cb"":2800,""n_cb_comp"":2688,""power_protocol"":""fixed_constellation_average_Es2"",""puncturing_bits"":1384,""puncturing_first_2Z"":112,""puncturing_remaining"":1272,""repetition_bits"":0,""scrambling"":""public_PCG64_SHA256_protocol_session_frame_group_counter_after_rate_matching_v1"",""shortening_bits"":112,""z"":56}",[1024]
QPSK,3/4,QPSK:r3/4,f7498d2976d8075674b01f6035a641e1222fd5d406ec0f99b4d637a6d54608be,576,16,0,592,720,128,3744,986,493,0,0.6004056795131846,0.5841784989858012,"{""actual_effective_rate"":0.6004056795131846,""bg"":""bg2"",""bit_mapping"":""component_Gray_00_-3_01_-1_10_3_11_1_over_sqrt5;QPSK_0_plus1_1_minus1"",""code_blocks"":1,""decoder_config"":{""cn_schedule"":""flooding"",""cn_update"":""boxplus-phi"",""early_stop"":false,""hard_out"":true,""harq_mode"":false,""llr_max"":20.0,""num_iter"":20,""precision"":""single"",""prune_pcm"":true,""return_infobits"":true,""vn_update"":""sum""},""implementation"":{""bit_mapping"":""component_Gray_00_-3_01_-1_10_3_11_1_over_sqrt5;QPSK_0_plus1_1_minus1"",""cuda"":""12.8"",""decoder"":{""cn_schedule"":""flooding"",""cn_update"":""boxplus-phi"",""early_stop"":false,""hard_out"":true,""harq_mode"":false,""llr_max"":20.0,""num_iter"":20,""precision"":""single"",""prune_pcm"":true,""return_infobits"":true,""vn_update"":""sum""},""decoder_source_sha256"":""44d84b92b749e2970f94d92cd348a11648e2286b4d851faa0af8b21d08f0da23"",""encoder_source_sha256"":""34d8db6660b2e84708a8fb534f63c194f6f2b964e3693fcffc9dcaf21532ccfd"",""implementation"":""Sionna_5G_LDPC"",""power_protocol"":""fixed_constellation_average_Es2"",""precision"":""float32"",""rate_matching"":""Sionna RV0; filler removal, first2Z and tail puncturing; supported n only"",""scrambling"":""public_PCG64_SHA256_protocol_session_frame_group_counter_after_rate_matching_v1"",""torch"":""2.11.0+cu128"",""version"":""2.2.0""},""interleaver_sha256"":""a2fbfb1b3a18804161d541ba22cbc6ebbb07819b32cad886f5794ffb29066a23"",""k"":592,""k_filler"":128,""k_ldpc"":720,""layout_id"":""c099c9e70d528da514cc7e3d7c3cd069c87e7528ce7135c519e66920f0c253c3"",""modulation_padding_bits"":0,""mother_bits"":3744,""n"":986,""n_cb"":3600,""n_cb_comp"":3472,""power_protocol"":""fixed_constellation_average_Es2"",""puncturing_bits"":2630,""puncturing_first_2Z"":144,""puncturing_remaining"":2486,""repetition_bits"":0,""scrambling"":""public_PCG64_SHA256_protocol_session_frame_group_counter_after_rate_matching_v1"",""shortening_bits"":128,""z"":72}",[1024]
QPSK,2/3,QPSK:r2/3,f76777d0a29d6d9c91a8a32aa31f8b5d3106bdd4e1c80bebae6612f194d838d0,2316,16,0,2332,2400,68,12480,3506,1753,0,0.6651454649172847,0.6605818596691386,"{""actual_effective_rate"":0.6651454649172847,""bg"":""bg2"",""bit_mapping"":""component_Gray_00_-3_01_-1_10_3_11_1_over_sqrt5;QPSK_0_plus1_1_minus1"",""code_blocks"":1,""decoder_config"":{""cn_schedule"":""flooding"",""cn_update"":""boxplus-phi"",""early_stop"":false,""hard_out"":true,""harq_mode"":false,""llr_max"":20.0,""num_iter"":20,""precision"":""single"",""prune_pcm"":true,""return_infobits"":true,""vn_update"":""sum""},""implementation"":{""bit_mapping"":""component_Gray_00_-3_01_-1_10_3_11_1_over_sqrt5;QPSK_0_plus1_1_minus1"",""cuda"":""12.8"",""decoder"":{""cn_schedule"":""flooding"",""cn_update"":""boxplus-phi"",""early_stop"":false,""hard_out"":true,""harq_mode"":false,""llr_max"":20.0,""num_iter"":20,""precision"":""single"",""prune_pcm"":true,""return_infobits"":true,""vn_update"":""sum""},""decoder_source_sha256"":""44d84b92b749e2970f94d92cd348a11648e2286b4d851faa0af8b21d08f0da23"",""encoder_source_sha256"":""34d8db6660b2e84708a8fb534f63c194f6f2b964e3693fcffc9dcaf21532ccfd"",""implementation"":""Sionna_5G_LDPC"",""power_protocol"":""fixed_constellation_average_Es2"",""precision"":""float32"",""rate_matching"":""Sionna RV0; filler removal, first2Z and tail puncturing; supported n only"",""scrambling"":""public_PCG64_SHA256_protocol_session_frame_group_counter_after_rate_matching_v1"",""torch"":""2.11.0+cu128"",""version"":""2.2.0""},""interleaver_sha256"":""57ae0cf1f221e744e6a04a096456c7a9f0a7c4439d052cac562cf88079d601f4"",""k"":2332,""k_filler"":68,""k_ldpc"":2400,""layout_id"":""fbbbf81c46d8c0f5962f4d641e785258b2fa197cb00b866d2624c8885a59a47a"",""modulation_padding_bits"":0,""mother_bits"":12480,""n"":3506,""n_cb"":12000,""n_cb_comp"":11932,""power_protocol"":""fixed_constellation_average_Es2"",""puncturing_bits"":8906,""puncturing_first_2Z"":480,""puncturing_remaining"":8426,""repetition_bits"":0,""scrambling"":""public_PCG64_SHA256_protocol_session_frame_group_counter_after_rate_matching_v1"",""shortening_bits"":68,""z"":240}",[2048]
QPSK,3/4,QPSK:r3/4,f76d2b93df68a742c48ef135d9add49bd672dfb2cab3530f6dd0650c44821d54,1800,16,0,1816,1920,104,9984,2964,1482,0,0.6126855600539811,0.6072874493927125,"{""actual_effective_rate"":0.6126855600539811,""bg"":""bg2"",""bit_mapping"":""component_Gray_00_-3_01_-1_10_3_11_1_over_sqrt5;QPSK_0_plus1_1_minus1"",""code_blocks"":1,""decoder_config"":{""cn_schedule"":""flooding"",""cn_update"":""boxplus-phi"",""early_stop"":false,""hard_out"":true,""harq_mode"":false,""llr_max"":20.0,""num_iter"":20,""precision"":""single"",""prune_pcm"":true,""return_infobits"":true,""vn_update"":""sum""},""implementation"":{""bit_mapping"":""component_Gray_00_-3_01_-1_10_3_11_1_over_sqrt5;QPSK_0_plus1_1_minus1"",""cuda"":""12.8"",""decoder"":{""cn_schedule"":""flooding"",""cn_update"":""boxplus-phi"",""early_stop"":false,""hard_out"":true,""harq_mode"":false,""llr_max"":20.0,""num_iter"":20,""precision"":""single"",""prune_pcm"":true,""return_infobits"":true,""vn_update"":""sum""},""decoder_source_sha256"":""44d84b92b749e2970f94d92cd348a11648e2286b4d851faa0af8b21d08f0da23"",""encoder_source_sha256"":""34d8db6660b2e84708a8fb534f63c194f6f2b964e3693fcffc9dcaf21532ccfd"",""implementation"":""Sionna_5G_LDPC"",""power_protocol"":""fixed_constellation_average_Es2"",""precision"":""float32"",""rate_matching"":""Sionna RV0; filler removal, first2Z and tail puncturing; supported n only"",""scrambling"":""public_PCG64_SHA256_protocol_session_frame_group_counter_after_rate_matching_v1"",""torch"":""2.11.0+cu128"",""version"":""2.2.0""},""interleaver_sha256"":""94e85c31d13b2c0a57e1531f54f328eee9c5d284133d2900decc240cb62e1aed"",""k"":1816,""k_filler"":104,""k_ldpc"":1920,""layout_id"":""1b74fb126b35e3a0a3a19b15cb98ec87e1a631ad51ae826eb41d1fe5ebacd545"",""modulation_padding_bits"":0,""mother_bits"":9984,""n"":2964,""n_cb"":9600,""n_cb_comp"":9496,""power_protocol"":""fixed_constellation_average_Es2"",""puncturing_bits"":6916,""puncturing_first_2Z"":384,""puncturing_remaining"":6532,""repetition_bits"":0,""scrambling"":""public_PCG64_SHA256_protocol_session_frame_group_counter_after_rate_matching_v1"",""shortening_bits"":104,""z"":192}",[2048]
16QAM,2/3,16QAM:r2/3,f7753cd4098466b85ad8a2521e9848b7e4a623e55443167c2f60cf20ff53fdf4,3708,16,0,3724,3840,116,19968,6816,1704,0,0.5463615023474179,0.5440140845070423,"{""actual_effective_rate"":0.5463615023474179,""bg"":""bg2"",""bit_mapping"":""component_Gray_00_-3_01_-1_10_3_11_1_over_sqrt5;QPSK_0_plus1_1_minus1"",""code_blocks"":1,""decoder_config"":{""cn_schedule"":""flooding"",""cn_update"":""boxplus-phi"",""early_stop"":false,""hard_out"":true,""harq_mode"":false,""llr_max"":20.0,""num_iter"":20,""precision"":""single"",""prune_pcm"":true,""return_infobits"":true,""vn_update"":""sum""},""implementation"":{""bit_mapping"":""component_Gray_00_-3_01_-1_10_3_11_1_over_sqrt5;QPSK_0_plus1_1_minus1"",""cuda"":""12.8"",""decoder"":{""cn_schedule"":""flooding"",""cn_update"":""boxplus-phi"",""early_stop"":false,""hard_out"":true,""harq_mode"":false,""llr_max"":20.0,""num_iter"":20,""precision"":""single"",""prune_pcm"":true,""return_infobits"":true,""vn_update"":""sum""},""decoder_source_sha256"":""44d84b92b749e2970f94d92cd348a11648e2286b4d851faa0af8b21d08f0da23"",""encoder_source_sha256"":""34d8db6660b2e84708a8fb534f63c194f6f2b964e3693fcffc9dcaf21532ccfd"",""implementation"":""Sionna_5G_LDPC"",""power_protocol"":""fixed_constellation_average_Es2"",""precision"":""float32"",""rate_matching"":""Sionna RV0; filler removal, first2Z and tail puncturing; supported n only"",""scrambling"":""public_PCG64_SHA256_protocol_session_frame_group_counter_after_rate_matching_v1"",""torch"":""2.11.0+cu128"",""version"":""2.2.0""},""interleaver_sha256"":""36f59f1897f1d056647406482e180092d36d11e44078375a02cf98197ea66828"",""k"":3724,""k_filler"":116,""k_ldpc"":3840,""layout_id"":""74b0092171c385ac8362c7a42c0fd5ac7c5d6d730e5b022014a366137c7b54ad"",""modulation_padding_bits"":0,""mother_bits"":19968,""n"":6816,""n_cb"":19200,""n_cb_comp"":19084,""power_protocol"":""fixed_constellation_average_Es2"",""puncturing_bits"":13036,""puncturing_first_2Z"":768,""puncturing_remaining"":12268,""repetition_bits"":0,""scrambling"":""public_PCG64_SHA256_protocol_session_frame_group_counter_after_rate_matching_v1"",""shortening_bits"":116,""z"":384}",[2048]
16QAM,1/2,16QAM:r1/2,f780f9782b7d67c6acfbe112199f1b159d1d42acc39892561260dd8f988d7f93,324,16,0,340,440,100,2288,680,170,0,0.5,0.4764705882352941,"{""actual_effective_rate"":0.5,""bg"":""bg2"",""bit_mapping"":""component_Gray_00_-3_01_-1_10_3_11_1_over_sqrt5;QPSK_0_plus1_1_minus1"",""code_blocks"":1,""decoder_config"":{""cn_schedule"":""flooding"",""cn_update"":""boxplus-phi"",""early_stop"":false,""hard_out"":true,""harq_mode"":false,""llr_max"":20.0,""num_iter"":20,""precision"":""single"",""prune_pcm"":true,""return_infobits"":true,""vn_update"":""sum""},""implementation"":{""bit_mapping"":""component_Gray_00_-3_01_-1_10_3_11_1_over_sqrt5;QPSK_0_plus1_1_minus1"",""cuda"":""12.8"",""decoder"":{""cn_schedule"":""flooding"",""cn_update"":""boxplus-phi"",""early_stop"":false,""hard_out"":true,""harq_mode"":false,""llr_max"":20.0,""num_iter"":20,""precision"":""single"",""prune_pcm"":true,""return_infobits"":true,""vn_update"":""sum""},""decoder_source_sha256"":""44d84b92b749e2970f94d92cd348a11648e2286b4d851faa0af8b21d08f0da23"",""encoder_source_sha256"":""34d8db6660b2e84708a8fb534f63c194f6f2b964e3693fcffc9dcaf21532ccfd"",""implementation"":""Sionna_5G_LDPC"",""power_protocol"":""fixed_constellation_average_Es2"",""precision"":""float32"",""rate_matching"":""Sionna RV0; filler removal, first2Z and tail puncturing; supported n only"",""scrambling"":""public_PCG64_SHA256_protocol_session_frame_group_counter_after_rate_matching_v1"",""torch"":""2.11.0+cu128"",""version"":""2.2.0""},""interleaver_sha256"":""b19cd30eac4f82106ca23270064d2e63950ba951d3af3a9436b66ec3472c5897"",""k"":340,""k_filler"":100,""k_ldpc"":440,""layout_id"":""8449d5d68018605b60235f418385cdef3ef7a709f862b8353f3e042969bb37e7"",""modulation_padding_bits"":0,""mother_bits"":2288,""n"":680,""n_cb"":2200,""n_cb_comp"":2100,""power_protocol"":""fixed_constellation_average_Es2"",""puncturing_bits"":1508,""puncturing_first_2Z"":88,""puncturing_remaining"":1420,""repetition_bits"":0,""scrambling"":""public_PCG64_SHA256_protocol_session_frame_group_counter_after_rate_matching_v1"",""shortening_bits"":100,""z"":44}","[1024,2048]"
QPSK,2/3,QPSK:r2/3,f7873f648bddb3b518e27b475974a0e7fe463e15b3a7c5a3394b434dc874f5c5,660,16,0,676,720,44,3744,1308,654,0,0.5168195718654435,0.5045871559633027,"{""actual_effective_rate"":0.5168195718654435,""bg"":""bg2"",""bit_mapping"":""component_Gray_00_-3_01_-1_10_3_11_1_over_sqrt5;QPSK_0_plus1_1_minus1"",""code_blocks"":1,""decoder_config"":{""cn_schedule"":""flooding"",""cn_update"":""boxplus-phi"",""early_stop"":false,""hard_out"":true,""harq_mode"":false,""llr_max"":20.0,""num_iter"":20,""precision"":""single"",""prune_pcm"":true,""return_infobits"":true,""vn_update"":""sum""},""implementation"":{""bit_mapping"":""component_Gray_00_-3_01_-1_10_3_11_1_over_sqrt5;QPSK_0_plus1_1_minus1"",""cuda"":""12.8"",""decoder"":{""cn_schedule"":""flooding"",""cn_update"":""boxplus-phi"",""early_stop"":false,""hard_out"":true,""harq_mode"":false,""llr_max"":20.0,""num_iter"":20,""precision"":""single"",""prune_pcm"":true,""return_infobits"":true,""vn_update"":""sum""},""decoder_source_sha256"":""44d84b92b749e2970f94d92cd348a11648e2286b4d851faa0af8b21d08f0da23"",""encoder_source_sha256"":""34d8db6660b2e84708a8fb534f63c194f6f2b964e3693fcffc9dcaf21532ccfd"",""implementation"":""Sionna_5G_LDPC"",""power_protocol"":""fixed_constellation_average_Es2"",""precision"":""float32"",""rate_matching"":""Sionna RV0; filler removal, first2Z and tail puncturing; supported n only"",""scrambling"":""public_PCG64_SHA256_protocol_session_frame_group_counter_after_rate_matching_v1"",""torch"":""2.11.0+cu128"",""version"":""2.2.0""},""interleaver_sha256"":""ab1e3923e20a16434d1056841a05b7b73bbadc7232b3dbf512755510742352a9"",""k"":676,""k_filler"":44,""k_ldpc"":720,""layout_id"":""83bad4b948c8560a48037da7ab29235379d44b7c3d3ec77d31b38e43c37fb479"",""modulation_padding_bits"":0,""mother_bits"":3744,""n"":1308,""n_cb"":3600,""n_cb_comp"":3556,""power_protocol"":""fixed_constellation_average_Es2"",""puncturing_bits"":2392,""puncturing_first_2Z"":144,""puncturing_remaining"":2248,""repetition_bits"":0,""scrambling"":""public_PCG64_SHA256_protocol_session_frame_group_counter_after_rate_matching_v1"",""shortening_bits"":44,""z"":72}",[2048]
QPSK,5/6,QPSK:r5/6,f78e41066ff70b5955f53efe665b39fc4928f30c97572c3b4eb9b4d0befd7eb9,816,16,0,832,880,48,4576,2624,1312,0,0.3170731707317073,0.31097560975609756,"{""actual_effective_rate"":0.3170731707317073,""bg"":""bg2"",""bit_mapping"":""component_Gray_00_-3_01_-1_10_3_11_1_over_sqrt5;QPSK_0_plus1_1_minus1"",""code_blocks"":1,""decoder_config"":{""cn_schedule"":""flooding"",""cn_update"":""boxplus-phi"",""early_stop"":false,""hard_out"":true,""harq_mode"":false,""llr_max"":20.0,""num_iter"":20,""precision"":""single"",""prune_pcm"":true,""return_infobits"":true,""vn_update"":""sum""},""implementation"":{""bit_mapping"":""component_Gray_00_-3_01_-1_10_3_11_1_over_sqrt5;QPSK_0_plus1_1_minus1"",""cuda"":""12.8"",""decoder"":{""cn_schedule"":""flooding"",""cn_update"":""boxplus-phi"",""early_stop"":false,""hard_out"":true,""harq_mode"":false,""llr_max"":20.0,""num_iter"":20,""precision"":""single"",""prune_pcm"":true,""return_infobits"":true,""vn_update"":""sum""},""decoder_source_sha256"":""44d84b92b749e2970f94d92cd348a11648e2286b4d851faa0af8b21d08f0da23"",""encoder_source_sha256"":""34d8db6660b2e84708a8fb534f63c194f6f2b964e3693fcffc9dcaf21532ccfd"",""implementation"":""Sionna_5G_LDPC"",""power_protocol"":""fixed_constellation_average_Es2"",""precision"":""float32"",""rate_matching"":""Sionna RV0; filler removal, first2Z and tail puncturing; supported n only"",""scrambling"":""public_PCG64_SHA256_protocol_session_frame_group_counter_after_rate_matching_v1"",""torch"":""2.11.0+cu128"",""version"":""2.2.0""},""interleaver_sha256"":""f403cc4b3bfd6ab5dd339d5800a2a1f534a37062ad749da2e36254ac5060dd01"",""k"":832,""k_filler"":48,""k_ldpc"":880,""layout_id"":""bfaffd71074af9869fc898c64eda0d1945e178f975773bcf4bd794205475c106"",""modulation_padding_bits"":0,""mother_bits"":4576,""n"":2624,""n_cb"":4400,""n_cb_comp"":4352,""power_protocol"":""fixed_constellation_average_Es2"",""puncturing_bits"":1904,""puncturing_first_2Z"":176,""puncturing_remaining"":1728,""repetition_bits"":0,""scrambling"":""public_PCG64_SHA256_protocol_session_frame_group_counter_after_rate_matching_v1"",""shortening_bits"":48,""z"":88}",[2048]
QPSK,3/4,QPSK:r3/4,f7aa4c7fe79027334697b0a3e52bad34c9984704989f1c5d166717a7a06a5404,516,16,0,532,720,188,3744,1368,684,0,0.3888888888888889,0.37719298245614036,"{""actual_effective_rate"":0.3888888888888889,""bg"":""bg2"",""bit_mapping"":""component_Gray_00_-3_01_-1_10_3_11_1_over_sqrt5;QPSK_0_plus1_1_minus1"",""code_blocks"":1,""decoder_config"":{""cn_schedule"":""flooding"",""cn_update"":""boxplus-phi"",""early_stop"":false,""hard_out"":true,""harq_mode"":false,""llr_max"":20.0,""num_iter"":20,""precision"":""single"",""prune_pcm"":true,""return_infobits"":true,""vn_update"":""sum""},""implementation"":{""bit_mapping"":""component_Gray_00_-3_01_-1_10_3_11_1_over_sqrt5;QPSK_0_plus1_1_minus1"",""cuda"":""12.8"",""decoder"":{""cn_schedule"":""flooding"",""cn_update"":""boxplus-phi"",""early_stop"":false,""hard_out"":true,""harq_mode"":false,""llr_max"":20.0,""num_iter"":20,""precision"":""single"",""prune_pcm"":true,""return_infobits"":true,""vn_update"":""sum""},""decoder_source_sha256"":""44d84b92b749e2970f94d92cd348a11648e2286b4d851faa0af8b21d08f0da23"",""encoder_source_sha256"":""34d8db6660b2e84708a8fb534f63c194f6f2b964e3693fcffc9dcaf21532ccfd"",""implementation"":""Sionna_5G_LDPC"",""power_protocol"":""fixed_constellation_average_Es2"",""precision"":""float32"",""rate_matching"":""Sionna RV0; filler removal, first2Z and tail puncturing; supported n only"",""scrambling"":""public_PCG64_SHA256_protocol_session_frame_group_counter_after_rate_matching_v1"",""torch"":""2.11.0+cu128"",""version"":""2.2.0""},""interleaver_sha256"":""e4fbc0a20cb8ba8ccf76a9580c945977c1d081bb1c99be2c4cfa410a9aa8df8f"",""k"":532,""k_filler"":188,""k_ldpc"":720,""layout_id"":""0d842bc0e846cc026861cfa2463359d9e1a426eb160fa3efc8cab465625f713f"",""modulation_padding_bits"":0,""mother_bits"":3744,""n"":1368,""n_cb"":3600,""n_cb_comp"":3412,""power_protocol"":""fixed_constellation_average_Es2"",""puncturing_bits"":2188,""puncturing_first_2Z"":144,""puncturing_remaining"":2044,""repetition_bits"":0,""scrambling"":""public_PCG64_SHA256_protocol_session_frame_group_counter_after_rate_matching_v1"",""shortening_bits"":188,""z"":72}",[1024]
16QAM,3/4,16QAM:r3/4,f7b523869a0a8b07faf45d179cc817978969afdc5ab2c54b3a5b729f8411fcd6,4728,16,0,4744,4928,184,15232,6928,1732,0,0.684757505773672,0.6824480369515011,"{""actual_effective_rate"":0.684757505773672,""bg"":""bg1"",""bit_mapping"":""component_Gray_00_-3_01_-1_10_3_11_1_over_sqrt5;QPSK_0_plus1_1_minus1"",""code_blocks"":1,""decoder_config"":{""cn_schedule"":""flooding"",""cn_update"":""boxplus-phi"",""early_stop"":false,""hard_out"":true,""harq_mode"":false,""llr_max"":20.0,""num_iter"":20,""precision"":""single"",""prune_pcm"":true,""return_infobits"":true,""vn_update"":""sum""},""implementation"":{""bit_mapping"":""component_Gray_00_-3_01_-1_10_3_11_1_over_sqrt5;QPSK_0_plus1_1_minus1"",""cuda"":""12.8"",""decoder"":{""cn_schedule"":""flooding"",""cn_update"":""boxplus-phi"",""early_stop"":false,""hard_out"":true,""harq_mode"":false,""llr_max"":20.0,""num_iter"":20,""precision"":""single"",""prune_pcm"":true,""return_infobits"":true,""vn_update"":""sum""},""decoder_source_sha256"":""44d84b92b749e2970f94d92cd348a11648e2286b4d851faa0af8b21d08f0da23"",""encoder_source_sha256"":""34d8db6660b2e84708a8fb534f63c194f6f2b964e3693fcffc9dcaf21532ccfd"",""implementation"":""Sionna_5G_LDPC"",""power_protocol"":""fixed_constellation_average_Es2"",""precision"":""float32"",""rate_matching"":""Sionna RV0; filler removal, first2Z and tail puncturing; supported n only"",""scrambling"":""public_PCG64_SHA256_protocol_session_frame_group_counter_after_rate_matching_v1"",""torch"":""2.11.0+cu128"",""version"":""2.2.0""},""interleaver_sha256"":""0c9e3c241b9affdfef5e556285d95c78c0c6e925edd51311e3ba81667f4d10f9"",""k"":4744,""k_filler"":184,""k_ldpc"":4928,""layout_id"":""12607ca17660c3c611645c2e531e9f2dc3fcad91a165dc921d6e4cb9487e99c2"",""modulation_padding_bits"":0,""mother_bits"":15232,""n"":6928,""n_cb"":14784,""n_cb_comp"":14600,""power_protocol"":""fixed_constellation_average_Es2"",""puncturing_bits"":8120,""puncturing_first_2Z"":448,""puncturing_remaining"":7672,""repetition_bits"":0,""scrambling"":""public_PCG64_SHA256_protocol_session_frame_group_counter_after_rate_matching_v1"",""shortening_bits"":184,""z"":224}",[2048]
16QAM,1/2,16QAM:r1/2,f7bb074c5e9c455a622a233739722c5e9e87b6460f0b27b9327703589d69a344,360,16,0,376,480,104,2496,1264,316,0,0.2974683544303797,0.2848101265822785,"{""actual_effective_rate"":0.2974683544303797,""bg"":""bg2"",""bit_mapping"":""component_Gray_00_-3_01_-1_10_3_11_1_over_sqrt5;QPSK_0_plus1_1_minus1"",""code_blocks"":1,""decoder_config"":{""cn_schedule"":""flooding"",""cn_update"":""boxplus-phi"",""early_stop"":false,""hard_out"":true,""harq_mode"":false,""llr_max"":20.0,""num_iter"":20,""precision"":""single"",""prune_pcm"":true,""return_infobits"":true,""vn_update"":""sum""},""implementation"":{""bit_mapping"":""component_Gray_00_-3_01_-1_10_3_11_1_over_sqrt5;QPSK_0_plus1_1_minus1"",""cuda"":""12.8"",""decoder"":{""cn_schedule"":""flooding"",""cn_update"":""boxplus-phi"",""early_stop"":false,""hard_out"":true,""harq_mode"":false,""llr_max"":20.0,""num_iter"":20,""precision"":""single"",""prune_pcm"":true,""return_infobits"":true,""vn_update"":""sum""},""decoder_source_sha256"":""44d84b92b749e2970f94d92cd348a11648e2286b4d851faa0af8b21d08f0da23"",""encoder_source_sha256"":""34d8db6660b2e84708a8fb534f63c194f6f2b964e3693fcffc9dcaf21532ccfd"",""implementation"":""Sionna_5G_LDPC"",""power_protocol"":""fixed_constellation_average_Es2"",""precision"":""float32"",""rate_matching"":""Sionna RV0; filler removal, first2Z and tail puncturing; supported n only"",""scrambling"":""public_PCG64_SHA256_protocol_session_frame_group_counter_after_rate_matching_v1"",""torch"":""2.11.0+cu128"",""version"":""2.2.0""},""interleaver_sha256"":""2fe4d29d365430e629aa49a956c1cf05c4e515dbdb2b080e2f9a5f71cd3bd603"",""k"":376,""k_filler"":104,""k_ldpc"":480,""layout_id"":""51931d1f062ffaaef97113aba9bc4d23ba4b05f434c5f543c46361150e266e2f"",""modulation_padding_bits"":0,""mother_bits"":2496,""n"":1264,""n_cb"":2400,""n_cb_comp"":2296,""power_protocol"":""fixed_constellation_average_Es2"",""puncturing_bits"":1128,""puncturing_first_2Z"":96,""puncturing_remaining"":1032,""repetition_bits"":0,""scrambling"":""public_PCG64_SHA256_protocol_session_frame_group_counter_after_rate_matching_v1"",""shortening_bits"":104,""z"":48}",[2048]
16QAM,5/6,16QAM:r5/6,f7bc18c3eb5fde61d5531ee9d1cef74efcb6c1dd4f02d954e9c39bc4ddfd0552,1092,16,0,1108,1120,12,5824,4636,1159,0,0.23899913718723037,0.2355478861087144,"{""actual_effective_rate"":0.23899913718723037,""bg"":""bg2"",""bit_mapping"":""component_Gray_00_-3_01_-1_10_3_11_1_over_sqrt5;QPSK_0_plus1_1_minus1"",""code_blocks"":1,""decoder_config"":{""cn_schedule"":""flooding"",""cn_update"":""boxplus-phi"",""early_stop"":false,""hard_out"":true,""harq_mode"":false,""llr_max"":20.0,""num_iter"":20,""precision"":""single"",""prune_pcm"":true,""return_infobits"":true,""vn_update"":""sum""},""implementation"":{""bit_mapping"":""component_Gray_00_-3_01_-1_10_3_11_1_over_sqrt5;QPSK_0_plus1_1_minus1"",""cuda"":""12.8"",""decoder"":{""cn_schedule"":""flooding"",""cn_update"":""boxplus-phi"",""early_stop"":false,""hard_out"":true,""harq_mode"":false,""llr_max"":20.0,""num_iter"":20,""precision"":""single"",""prune_pcm"":true,""return_infobits"":true,""vn_update"":""sum""},""decoder_source_sha256"":""44d84b92b749e2970f94d92cd348a11648e2286b4d851faa0af8b21d08f0da23"",""encoder_source_sha256"":""34d8db6660b2e84708a8fb534f63c194f6f2b964e3693fcffc9dcaf21532ccfd"",""implementation"":""Sionna_5G_LDPC"",""power_protocol"":""fixed_constellation_average_Es2"",""precision"":""float32"",""rate_matching"":""Sionna RV0; filler removal, first2Z and tail puncturing; supported n only"",""scrambling"":""public_PCG64_SHA256_protocol_session_frame_group_counter_after_rate_matching_v1"",""torch"":""2.11.0+cu128"",""version"":""2.2.0""},""interleaver_sha256"":""932adda62e4b2964e166c9c1a0d12298dc98efb46b4e8afcffe7057ffe1111a1"",""k"":1108,""k_filler"":12,""k_ldpc"":1120,""layout_id"":""8d23141f861ed2f8d03e376a3a4be63effcf57652229cff2f0e63ffcbdca3e8e"",""modulation_padding_bits"":0,""mother_bits"":5824,""n"":4636,""n_cb"":5600,""n_cb_comp"":5588,""power_protocol"":""fixed_constellation_average_Es2"",""puncturing_bits"":1176,""puncturing_first_2Z"":224,""puncturing_remaining"":952,""repetition_bits"":0,""scrambling"":""public_PCG64_SHA256_protocol_session_frame_group_counter_after_rate_matching_v1"",""shortening_bits"":12,""z"":112}",[2048]
QPSK,2/3,QPSK:r2/3,f7c93a6442cc285d698985415072a31c4f6c1e6e69cdd38adbdc3c2f6631df46,1092,16,0,1108,1120,12,5824,2774,1387,0,0.3994232155731795,0.39365537130497474,"{""actual_effective_rate"":0.3994232155731795,""bg"":""bg2"",""bit_mapping"":""component_Gray_00_-3_01_-1_10_3_11_1_over_sqrt5;QPSK_0_plus1_1_minus1"",""code_blocks"":1,""decoder_config"":{""cn_schedule"":""flooding"",""cn_update"":""boxplus-phi"",""early_stop"":false,""hard_out"":true,""harq_mode"":false,""llr_max"":20.0,""num_iter"":20,""precision"":""single"",""prune_pcm"":true,""return_infobits"":true,""vn_update"":""sum""},""implementation"":{""bit_mapping"":""component_Gray_00_-3_01_-1_10_3_11_1_over_sqrt5;QPSK_0_plus1_1_minus1"",""cuda"":""12.8"",""decoder"":{""cn_schedule"":""flooding"",""cn_update"":""boxplus-phi"",""early_stop"":false,""hard_out"":true,""harq_mode"":false,""llr_max"":20.0,""num_iter"":20,""precision"":""single"",""prune_pcm"":true,""return_infobits"":true,""vn_update"":""sum""},""decoder_source_sha256"":""44d84b92b749e2970f94d92cd348a11648e2286b4d851faa0af8b21d08f0da23"",""encoder_source_sha256"":""34d8db6660b2e84708a8fb534f63c194f6f2b964e3693fcffc9dcaf21532ccfd"",""implementation"":""Sionna_5G_LDPC"",""power_protocol"":""fixed_constellation_average_Es2"",""precision"":""float32"",""rate_matching"":""Sionna RV0; filler removal, first2Z and tail puncturing; supported n only"",""scrambling"":""public_PCG64_SHA256_protocol_session_frame_group_counter_after_rate_matching_v1"",""torch"":""2.11.0+cu128"",""version"":""2.2.0""},""interleaver_sha256"":""ef6637fc30410cc949ada99991f8670b2a53878571325b30a7165dd9f29fc2e1"",""k"":1108,""k_filler"":12,""k_ldpc"":1120,""layout_id"":""5b802d925dcd8ace4a44a9cb0b93e1c4e88ca59e7b55a5a5646fbc4f37877128"",""modulation_padding_bits"":0,""mother_bits"":5824,""n"":2774,""n_cb"":5600,""n_cb_comp"":5588,""power_protocol"":""fixed_constellation_average_Es2"",""puncturing_bits"":3038,""puncturing_first_2Z"":224,""puncturing_remaining"":2814,""repetition_bits"":0,""scrambling"":""public_PCG64_SHA256_protocol_session_frame_group_counter_after_rate_matching_v1"",""shortening_bits"":12,""z"":112}",[2048]
16QAM,1/2,16QAM:r1/2,f7ca848038dc29b290758e7e4e9a6fc9d7d1c5fae90fc64cd791d4a3513be356,1152,16,0,1168,1200,32,6240,2336,584,0,0.5,0.4931506849315068,"{""actual_effective_rate"":0.5,""bg"":""bg2"",""bit_mapping"":""component_Gray_00_-3_01_-1_10_3_11_1_over_sqrt5;QPSK_0_plus1_1_minus1"",""code_blocks"":1,""decoder_config"":{""cn_schedule"":""flooding"",""cn_update"":""boxplus-phi"",""early_stop"":false,""hard_out"":true,""harq_mode"":false,""llr_max"":20.0,""num_iter"":20,""precision"":""single"",""prune_pcm"":true,""return_infobits"":true,""vn_update"":""sum""},""implementation"":{""bit_mapping"":""component_Gray_00_-3_01_-1_10_3_11_1_over_sqrt5;QPSK_0_plus1_1_minus1"",""cuda"":""12.8"",""decoder"":{""cn_schedule"":""flooding"",""cn_update"":""boxplus-phi"",""early_stop"":false,""hard_out"":true,""harq_mode"":false,""llr_max"":20.0,""num_iter"":20,""precision"":""single"",""prune_pcm"":true,""return_infobits"":true,""vn_update"":""sum""},""decoder_source_sha256"":""44d84b92b749e2970f94d92cd348a11648e2286b4d851faa0af8b21d08f0da23"",""encoder_source_sha256"":""34d8db6660b2e84708a8fb534f63c194f6f2b964e3693fcffc9dcaf21532ccfd"",""implementation"":""Sionna_5G_LDPC"",""power_protocol"":""fixed_constellation_average_Es2"",""precision"":""float32"",""rate_matching"":""Sionna RV0; filler removal, first2Z and tail puncturing; supported n only"",""scrambling"":""public_PCG64_SHA256_protocol_session_frame_group_counter_after_rate_matching_v1"",""torch"":""2.11.0+cu128"",""version"":""2.2.0""},""interleaver_sha256"":""f2488f318789bc60763f5423e75b5fd060094ac8b3a54895e068c5aa011877a7"",""k"":1168,""k_filler"":32,""k_ldpc"":1200,""layout_id"":""231b1650ad8d03953dfb9a8c9c8e3efd4283f979bc1193c501be71cb5080a05f"",""modulation_padding_bits"":0,""mother_bits"":6240,""n"":2336,""n_cb"":6000,""n_cb_comp"":5968,""power_protocol"":""fixed_constellation_average_Es2"",""puncturing_bits"":3872,""puncturing_first_2Z"":240,""puncturing_remaining"":3632,""repetition_bits"":0,""scrambling"":""public_PCG64_SHA256_protocol_session_frame_group_counter_after_rate_matching_v1"",""shortening_bits"":32,""z"":120}",[1024]
QPSK,2/3,QPSK:r2/3,f7d0b0fcecad385242ac4fc7ae0da8efe1eb5b71da49a52609b16d26811c7af2,1800,16,0,1816,1920,104,9984,2974,1487,0,0.6106254203093476,0.605245460659045,"{""actual_effective_rate"":0.6106254203093476,""bg"":""bg2"",""bit_mapping"":""component_Gray_00_-3_01_-1_10_3_11_1_over_sqrt5;QPSK_0_plus1_1_minus1"",""code_blocks"":1,""decoder_config"":{""cn_schedule"":""flooding"",""cn_update"":""boxplus-phi"",""early_stop"":false,""hard_out"":true,""harq_mode"":false,""llr_max"":20.0,""num_iter"":20,""precision"":""single"",""prune_pcm"":true,""return_infobits"":true,""vn_update"":""sum""},""implementation"":{""bit_mapping"":""component_Gray_00_-3_01_-1_10_3_11_1_over_sqrt5;QPSK_0_plus1_1_minus1"",""cuda"":""12.8"",""decoder"":{""cn_schedule"":""flooding"",""cn_update"":""boxplus-phi"",""early_stop"":false,""hard_out"":true,""harq_mode"":false,""llr_max"":20.0,""num_iter"":20,""precision"":""single"",""prune_pcm"":true,""return_infobits"":true,""vn_update"":""sum""},""decoder_source_sha256"":""44d84b92b749e2970f94d92cd348a11648e2286b4d851faa0af8b21d08f0da23"",""encoder_source_sha256"":""34d8db6660b2e84708a8fb534f63c194f6f2b964e3693fcffc9dcaf21532ccfd"",""implementation"":""Sionna_5G_LDPC"",""power_protocol"":""fixed_constellation_average_Es2"",""precision"":""float32"",""rate_matching"":""Sionna RV0; filler removal, first2Z and tail puncturing; supported n only"",""scrambling"":""public_PCG64_SHA256_protocol_session_frame_group_counter_after_rate_matching_v1"",""torch"":""2.11.0+cu128"",""version"":""2.2.0""},""interleaver_sha256"":""35cfa5ce558eae96e894ad83e6a0f433b959d7c68e4dfff3a2ac1fdff5f1e4de"",""k"":1816,""k_filler"":104,""k_ldpc"":1920,""layout_id"":""b3c1d3035cc2a9a4e3a133ca2b2c56a911c8996264934095879997bfbd0f7ffe"",""modulation_padding_bits"":0,""mother_bits"":9984,""n"":2974,""n_cb"":9600,""n_cb_comp"":9496,""power_protocol"":""fixed_constellation_average_Es2"",""puncturing_bits"":6906,""puncturing_first_2Z"":384,""puncturing_remaining"":6522,""repetition_bits"":0,""scrambling"":""public_PCG64_SHA256_protocol_session_frame_group_counter_after_rate_matching_v1"",""shortening_bits"":104,""z"":192}",[2048]
16QAM,3/4,16QAM:r3/4,f7dd9b2cfe6dc5e7161c4045953825310ca5e2cc31b0736386663da497415149,732,16,0,748,800,52,4160,1524,381,0,0.49081364829396323,0.48031496062992124,"{""actual_effective_rate"":0.49081364829396323,""bg"":""bg2"",""bit_mapping"":""component_Gray_00_-3_01_-1_10_3_11_1_over_sqrt5;QPSK_0_plus1_1_minus1"",""code_blocks"":1,""decoder_config"":{""cn_schedule"":""flooding"",""cn_update"":""boxplus-phi"",""early_stop"":false,""hard_out"":true,""harq_mode"":false,""llr_max"":20.0,""num_iter"":20,""precision"":""single"",""prune_pcm"":true,""return_infobits"":true,""vn_update"":""sum""},""implementation"":{""bit_mapping"":""component_Gray_00_-3_01_-1_10_3_11_1_over_sqrt5;QPSK_0_plus1_1_minus1"",""cuda"":""12.8"",""decoder"":{""cn_schedule"":""flooding"",""cn_update"":""boxplus-phi"",""early_stop"":false,""hard_out"":true,""harq_mode"":false,""llr_max"":20.0,""num_iter"":20,""precision"":""single"",""prune_pcm"":true,""return_infobits"":true,""vn_update"":""sum""},""decoder_source_sha256"":""44d84b92b749e2970f94d92cd348a11648e2286b4d851faa0af8b21d08f0da23"",""encoder_source_sha256"":""34d8db6660b2e84708a8fb534f63c194f6f2b964e3693fcffc9dcaf21532ccfd"",""implementation"":""Sionna_5G_LDPC"",""power_protocol"":""fixed_constellation_average_Es2"",""precision"":""float32"",""rate_matching"":""Sionna RV0; filler removal, first2Z and tail puncturing; supported n only"",""scrambling"":""public_PCG64_SHA256_protocol_session_frame_group_counter_after_rate_matching_v1"",""torch"":""2.11.0+cu128"",""version"":""2.2.0""},""interleaver_sha256"":""50b838987d5525b8472a8397e7b98342db5416f6d604a88b36e84dd223e89c25"",""k"":748,""k_filler"":52,""k_ldpc"":800,""layout_id"":""87dc6fd36c7381aeadda5388ce3c1c4bc35341e4e22f4597ebaf2df1df57128b"",""modulation_padding_bits"":0,""mother_bits"":4160,""n"":1524,""n_cb"":4000,""n_cb_comp"":3948,""power_protocol"":""fixed_constellation_average_Es2"",""puncturing_bits"":2584,""puncturing_first_2Z"":160,""puncturing_remaining"":2424,""repetition_bits"":0,""scrambling"":""public_PCG64_SHA256_protocol_session_frame_group_counter_after_rate_matching_v1"",""shortening_bits"":52,""z"":80}",[1024]
16QAM,3/4,16QAM:r3/4,f7e171c13f335e611ec0eaa94f250a1c585f47c5cded0f55a699253395f37872,1968,16,0,1984,2080,96,10816,5268,1317,0,0.37661351556567957,0.3735763097949886,"{""actual_effective_rate"":0.37661351556567957,""bg"":""bg2"",""bit_mapping"":""component_Gray_00_-3_01_-1_10_3_11_1_over_sqrt5;QPSK_0_plus1_1_minus1"",""code_blocks"":1,""decoder_config"":{""cn_schedule"":""flooding"",""cn_update"":""boxplus-phi"",""early_stop"":false,""hard_out"":true,""harq_mode"":false,""llr_max"":20.0,""num_iter"":20,""precision"":""single"",""prune_pcm"":true,""return_infobits"":true,""vn_update"":""sum""},""implementation"":{""bit_mapping"":""component_Gray_00_-3_01_-1_10_3_11_1_over_sqrt5;QPSK_0_plus1_1_minus1"",""cuda"":""12.8"",""decoder"":{""cn_schedule"":""flooding"",""cn_update"":""boxplus-phi"",""early_stop"":false,""hard_out"":true,""harq_mode"":false,""llr_max"":20.0,""num_iter"":20,""precision"":""single"",""prune_pcm"":true,""return_infobits"":true,""vn_update"":""sum""},""decoder_source_sha256"":""44d84b92b749e2970f94d92cd348a11648e2286b4d851faa0af8b21d08f0da23"",""encoder_source_sha256"":""34d8db6660b2e84708a8fb534f63c194f6f2b964e3693fcffc9dcaf21532ccfd"",""implementation"":""Sionna_5G_LDPC"",""power_protocol"":""fixed_constellation_average_Es2"",""precision"":""float32"",""rate_matching"":""Sionna RV0; filler removal, first2Z and tail puncturing; supported n only"",""scrambling"":""public_PCG64_SHA256_protocol_session_frame_group_counter_after_rate_matching_v1"",""torch"":""2.11.0+cu128"",""version"":""2.2.0""},""interleaver_sha256"":""66c10f63f420a7bf3f014200e42b07339b3de99fdb7997e6d94d39074a09ba87"",""k"":1984,""k_filler"":96,""k_ldpc"":2080,""layout_id"":""e40a90fb26d86a2ea9a400806b6c195aba5393c089309564896c6f73f4282efb"",""modulation_padding_bits"":0,""mother_bits"":10816,""n"":5268,""n_cb"":10400,""n_cb_comp"":10304,""power_protocol"":""fixed_constellation_average_Es2"",""puncturing_bits"":5452,""puncturing_first_2Z"":416,""puncturing_remaining"":5036,""repetition_bits"":0,""scrambling"":""public_PCG64_SHA256_protocol_session_frame_group_counter_after_rate_matching_v1"",""shortening_bits"":96,""z"":208}",[2048]
QPSK,1/3,QPSK:r1/3,f7fce94bbaf192ae9c590393bd7f0a2c19168dd9eddfa9c6c7ef1c542c6d1cfa,108,16,0,124,220,96,1144,600,300,0,0.20666666666666667,0.18,"{""actual_effective_rate"":0.20666666666666667,""bg"":""bg2"",""bit_mapping"":""component_Gray_00_-3_01_-1_10_3_11_1_over_sqrt5;QPSK_0_plus1_1_minus1"",""code_blocks"":1,""decoder_config"":{""cn_schedule"":""flooding"",""cn_update"":""boxplus-phi"",""early_stop"":false,""hard_out"":true,""harq_mode"":false,""llr_max"":20.0,""num_iter"":20,""precision"":""single"",""prune_pcm"":true,""return_infobits"":true,""vn_update"":""sum""},""implementation"":{""bit_mapping"":""component_Gray_00_-3_01_-1_10_3_11_1_over_sqrt5;QPSK_0_plus1_1_minus1"",""cuda"":""12.8"",""decoder"":{""cn_schedule"":""flooding"",""cn_update"":""boxplus-phi"",""early_stop"":false,""hard_out"":true,""harq_mode"":false,""llr_max"":20.0,""num_iter"":20,""precision"":""single"",""prune_pcm"":true,""return_infobits"":true,""vn_update"":""sum""},""decoder_source_sha256"":""44d84b92b749e2970f94d92cd348a11648e2286b4d851faa0af8b21d08f0da23"",""encoder_source_sha256"":""34d8db6660b2e84708a8fb534f63c194f6f2b964e3693fcffc9dcaf21532ccfd"",""implementation"":""Sionna_5G_LDPC"",""power_protocol"":""fixed_constellation_average_Es2"",""precision"":""float32"",""rate_matching"":""Sionna RV0; filler removal, first2Z and tail puncturing; supported n only"",""scrambling"":""public_PCG64_SHA256_protocol_session_frame_group_counter_after_rate_matching_v1"",""torch"":""2.11.0+cu128"",""version"":""2.2.0""},""interleaver_sha256"":""63fedead3cc8b51838e6cfc32e6feb8f3df2524fe39f3f5bcc124734af6590bc"",""k"":124,""k_filler"":96,""k_ldpc"":220,""layout_id"":""dac34c9ec43f1ac4b508aa431e7b0271a112c7eba4a003ef1e40af08d1a1093b"",""modulation_padding_bits"":0,""mother_bits"":1144,""n"":600,""n_cb"":1100,""n_cb_comp"":1004,""power_protocol"":""fixed_constellation_average_Es2"",""puncturing_bits"":448,""puncturing_first_2Z"":44,""puncturing_remaining"":404,""repetition_bits"":0,""scrambling"":""public_PCG64_SHA256_protocol_session_frame_group_counter_after_rate_matching_v1"",""shortening_bits"":96,""z"":22}",[1024]
16QAM,3/4,16QAM:r3/4,f804c7dcafa544fd13359c738f0b166eef68476bcba4ac2b7d650707b265453e,936,16,0,952,968,16,2992,1272,318,0,0.7484276729559748,0.7358490566037735,"{""actual_effective_rate"":0.7484276729559748,""bg"":""bg1"",""bit_mapping"":""component_Gray_00_-3_01_-1_10_3_11_1_over_sqrt5;QPSK_0_plus1_1_minus1"",""code_blocks"":1,""decoder_config"":{""cn_schedule"":""flooding"",""cn_update"":""boxplus-phi"",""early_stop"":false,""hard_out"":true,""harq_mode"":false,""llr_max"":20.0,""num_iter"":20,""precision"":""single"",""prune_pcm"":true,""return_infobits"":true,""vn_update"":""sum""},""implementation"":{""bit_mapping"":""component_Gray_00_-3_01_-1_10_3_11_1_over_sqrt5;QPSK_0_plus1_1_minus1"",""cuda"":""12.8"",""decoder"":{""cn_schedule"":""flooding"",""cn_update"":""boxplus-phi"",""early_stop"":false,""hard_out"":true,""harq_mode"":false,""llr_max"":20.0,""num_iter"":20,""precision"":""single"",""prune_pcm"":true,""return_infobits"":true,""vn_update"":""sum""},""decoder_source_sha256"":""44d84b92b749e2970f94d92cd348a11648e2286b4d851faa0af8b21d08f0da23"",""encoder_source_sha256"":""34d8db6660b2e84708a8fb534f63c194f6f2b964e3693fcffc9dcaf21532ccfd"",""implementation"":""Sionna_5G_LDPC"",""power_protocol"":""fixed_constellation_average_Es2"",""precision"":""float32"",""rate_matching"":""Sionna RV0; filler removal, first2Z and tail puncturing; supported n only"",""scrambling"":""public_PCG64_SHA256_protocol_session_frame_group_counter_after_rate_matching_v1"",""torch"":""2.11.0+cu128"",""version"":""2.2.0""},""interleaver_sha256"":""6aca393acc6f20ed858f1069f4f57bb8314e9f763c5998829d486cd243298c64"",""k"":952,""k_filler"":16,""k_ldpc"":968,""layout_id"":""e3794f43b9b3638d75e6a400c1ee4966dc7c5f6e2fea137ebfafcc1a13e9bc63"",""modulation_padding_bits"":0,""mother_bits"":2992,""n"":1272,""n_cb"":2904,""n_cb_comp"":2888,""power_protocol"":""fixed_constellation_average_Es2"",""puncturing_bits"":1704,""puncturing_first_2Z"":88,""puncturing_remaining"":1616,""repetition_bits"":0,""scrambling"":""public_PCG64_SHA256_protocol_session_frame_group_counter_after_rate_matching_v1"",""shortening_bits"":16,""z"":44}",[2048]
16QAM,2/3,16QAM:r2/3,f81edab41b9975a904afe03ac6d86d4a6c44acb9d95512fea4b2bab839c63a16,3996,16,0,4012,4224,212,13056,6484,1621,0,0.6187538556446638,0.6162862430598396,"{""actual_effective_rate"":0.6187538556446638,""bg"":""bg1"",""bit_mapping"":""component_Gray_00_-3_01_-1_10_3_11_1_over_sqrt5;QPSK_0_plus1_1_minus1"",""code_blocks"":1,""decoder_config"":{""cn_schedule"":""flooding"",""cn_update"":""boxplus-phi"",""early_stop"":false,""hard_out"":true,""harq_mode"":false,""llr_max"":20.0,""num_iter"":20,""precision"":""single"",""prune_pcm"":true,""return_infobits"":true,""vn_update"":""sum""},""implementation"":{""bit_mapping"":""component_Gray_00_-3_01_-1_10_3_11_1_over_sqrt5;QPSK_0_plus1_1_minus1"",""cuda"":""12.8"",""decoder"":{""cn_schedule"":""flooding"",""cn_update"":""boxplus-phi"",""early_stop"":false,""hard_out"":true,""harq_mode"":false,""llr_max"":20.0,""num_iter"":20,""precision"":""single"",""prune_pcm"":true,""return_infobits"":true,""vn_update"":""sum""},""decoder_source_sha256"":""44d84b92b749e2970f94d92cd348a11648e2286b4d851faa0af8b21d08f0da23"",""encoder_source_sha256"":""34d8db6660b2e84708a8fb534f63c194f6f2b964e3693fcffc9dcaf21532ccfd"",""implementation"":""Sionna_5G_LDPC"",""power_protocol"":""fixed_constellation_average_Es2"",""precision"":""float32"",""rate_matching"":""Sionna RV0; filler removal, first2Z and tail puncturing; supported n only"",""scrambling"":""public_PCG64_SHA256_protocol_session_frame_group_counter_after_rate_matching_v1"",""torch"":""2.11.0+cu128"",""version"":""2.2.0""},""interleaver_sha256"":""0f7120a7ecc7ef10d6ebb0444199fe72f76d4efae0c3d7fc553c6266809b645e"",""k"":4012,""k_filler"":212,""k_ldpc"":4224,""layout_id"":""4c8d3def8ec584bf3d290fa3dd377caf568272293c5bce36c053aa6b5769324c"",""modulation_padding_bits"":0,""mother_bits"":13056,""n"":6484,""n_cb"":12672,""n_cb_comp"":12460,""power_protocol"":""fixed_constellation_average_Es2"",""puncturing_bits"":6360,""puncturing_first_2Z"":384,""puncturing_remaining"":5976,""repetition_bits"":0,""scrambling"":""public_PCG64_SHA256_protocol_session_frame_group_counter_after_rate_matching_v1"",""shortening_bits"":212,""z"":192}",[2048]
16QAM,3/4,16QAM:r3/4,f83c3db837084ceb4649eb6babf0adc9c37b3bcc3ddf74af6dd8576d8fdb2f5d,1116,16,0,1132,1200,68,6240,2188,547,0,0.5173674588665448,0.5100548446069469,"{""actual_effective_rate"":0.5173674588665448,""bg"":""bg2"",""bit_mapping"":""component_Gray_00_-3_01_-1_10_3_11_1_over_sqrt5;QPSK_0_plus1_1_minus1"",""code_blocks"":1,""decoder_config"":{""cn_schedule"":""flooding"",""cn_update"":""boxplus-phi"",""early_stop"":false,""hard_out"":true,""harq_mode"":false,""llr_max"":20.0,""num_iter"":20,""precision"":""single"",""prune_pcm"":true,""return_infobits"":true,""vn_update"":""sum""},""implementation"":{""bit_mapping"":""component_Gray_00_-3_01_-1_10_3_11_1_over_sqrt5;QPSK_0_plus1_1_minus1"",""cuda"":""12.8"",""decoder"":{""cn_schedule"":""flooding"",""cn_update"":""boxplus-phi"",""early_stop"":false,""hard_out"":true,""harq_mode"":false,""llr_max"":20.0,""num_iter"":20,""precision"":""single"",""prune_pcm"":true,""return_infobits"":true,""vn_update"":""sum""},""decoder_source_sha256"":""44d84b92b749e2970f94d92cd348a11648e2286b4d851faa0af8b21d08f0da23"",""encoder_source_sha256"":""34d8db6660b2e84708a8fb534f63c194f6f2b964e3693fcffc9dcaf21532ccfd"",""implementation"":""Sionna_5G_LDPC"",""power_protocol"":""fixed_constellation_average_Es2"",""precision"":""float32"",""rate_matching"":""Sionna RV0; filler removal, first2Z and tail puncturing; supported n only"",""scrambling"":""public_PCG64_SHA256_protocol_session_frame_group_counter_after_rate_matching_v1"",""torch"":""2.11.0+cu128"",""version"":""2.2.0""},""interleaver_sha256"":""d465a563c7460bff71dac27e304360d078887c3358ee122129d7f380d2818f38"",""k"":1132,""k_filler"":68,""k_ldpc"":1200,""layout_id"":""3862972f7cc3d8c0887005f9448a0e34fc0420f3dbe98b5e2ee7e80a140f9e19"",""modulation_padding_bits"":0,""mother_bits"":6240,""n"":2188,""n_cb"":6000,""n_cb_comp"":5932,""power_protocol"":""fixed_constellation_average_Es2"",""puncturing_bits"":3984,""puncturing_first_2Z"":240,""puncturing_remaining"":3744,""repetition_bits"":0,""scrambling"":""public_PCG64_SHA256_protocol_session_frame_group_counter_after_rate_matching_v1"",""shortening_bits"":68,""z"":120}",[1024]
16QAM,3/4,16QAM:r3/4,f850828fe43e041690b19f6fe5a33c8b4917df27d1e0a28c353d90b509090f3a,5196,16,0,5212,5280,68,16320,7088,1772,0,0.7353273137697517,0.7330699774266366,"{""actual_effective_rate"":0.7353273137697517,""bg"":""bg1"",""bit_mapping"":""component_Gray_00_-3_01_-1_10_3_11_1_over_sqrt5;QPSK_0_plus1_1_minus1"",""code_blocks"":1,""decoder_config"":{""cn_schedule"":""flooding"",""cn_update"":""boxplus-phi"",""early_stop"":false,""hard_out"":true,""harq_mode"":false,""llr_max"":20.0,""num_iter"":20,""precision"":""single"",""prune_pcm"":true,""return_infobits"":true,""vn_update"":""sum""},""implementation"":{""bit_mapping"":""component_Gray_00_-3_01_-1_10_3_11_1_over_sqrt5;QPSK_0_plus1_1_minus1"",""cuda"":""12.8"",""decoder"":{""cn_schedule"":""flooding"",""cn_update"":""boxplus-phi"",""early_stop"":false,""hard_out"":true,""harq_mode"":false,""llr_max"":20.0,""num_iter"":20,""precision"":""single"",""prune_pcm"":true,""return_infobits"":true,""vn_update"":""sum""},""decoder_source_sha256"":""44d84b92b749e2970f94d92cd348a11648e2286b4d851faa0af8b21d08f0da23"",""encoder_source_sha256"":""34d8db6660b2e84708a8fb534f63c194f6f2b964e3693fcffc9dcaf21532ccfd"",""implementation"":""Sionna_5G_LDPC"",""power_protocol"":""fixed_constellation_average_Es2"",""precision"":""float32"",""rate_matching"":""Sionna RV0; filler removal, first2Z and tail puncturing; supported n only"",""scrambling"":""public_PCG64_SHA256_protocol_session_frame_group_counter_after_rate_matching_v1"",""torch"":""2.11.0+cu128"",""version"":""2.2.0""},""interleaver_sha256"":""f4fd8e8583992c9d112efc1bdfb50426ebd9666dc5af042c508d493d9bc31148"",""k"":5212,""k_filler"":68,""k_ldpc"":5280,""layout_id"":""b40cab3d812a2cd2a6f3a0cc76a53c66050eb1d762d4785f065aa1328bded948"",""modulation_padding_bits"":0,""mother_bits"":16320,""n"":7088,""n_cb"":15840,""n_cb_comp"":15772,""power_protocol"":""fixed_constellation_average_Es2"",""puncturing_bits"":9164,""puncturing_first_2Z"":480,""puncturing_remaining"":8684,""repetition_bits"":0,""scrambling"":""public_PCG64_SHA256_protocol_session_frame_group_counter_after_rate_matching_v1"",""shortening_bits"":68,""z"":240}",[2048]
QPSK,3/4,QPSK:r3/4,f858c5d113e02220ed5bbfac1f523bb081c650f874c5a591d2db881fbf281a71,924,16,0,940,960,20,4992,2084,1042,0,0.4510556621880998,0.44337811900191937,"{""actual_effective_rate"":0.4510556621880998,""bg"":""bg2"",""bit_mapping"":""component_Gray_00_-3_01_-1_10_3_11_1_over_sqrt5;QPSK_0_plus1_1_minus1"",""code_blocks"":1,""decoder_config"":{""cn_schedule"":""flooding"",""cn_update"":""boxplus-phi"",""early_stop"":false,""hard_out"":true,""harq_mode"":false,""llr_max"":20.0,""num_iter"":20,""precision"":""single"",""prune_pcm"":true,""return_infobits"":true,""vn_update"":""sum""},""implementation"":{""bit_mapping"":""component_Gray_00_-3_01_-1_10_3_11_1_over_sqrt5;QPSK_0_plus1_1_minus1"",""cuda"":""12.8"",""decoder"":{""cn_schedule"":""flooding"",""cn_update"":""boxplus-phi"",""early_stop"":false,""hard_out"":true,""harq_mode"":false,""llr_max"":20.0,""num_iter"":20,""precision"":""single"",""prune_pcm"":true,""return_infobits"":true,""vn_update"":""sum""},""decoder_source_sha256"":""44d84b92b749e2970f94d92cd348a11648e2286b4d851faa0af8b21d08f0da23"",""encoder_source_sha256"":""34d8db6660b2e84708a8fb534f63c194f6f2b964e3693fcffc9dcaf21532ccfd"",""implementation"":""Sionna_5G_LDPC"",""power_protocol"":""fixed_constellation_average_Es2"",""precision"":""float32"",""rate_matching"":""Sionna RV0; filler removal, first2Z and tail puncturing; supported n only"",""scrambling"":""public_PCG64_SHA256_protocol_session_frame_group_counter_after_rate_matching_v1"",""torch"":""2.11.0+cu128"",""version"":""2.2.0""},""interleaver_sha256"":""5d64dcdf9175b76866b4498e7f9dcef90625f0f81dbbe4919631a96578b883ff"",""k"":940,""k_filler"":20,""k_ldpc"":960,""layout_id"":""11003797fc28baf1bb708dfe4a956c104611268f7e64e7ecc29f991b66eab05d"",""modulation_padding_bits"":0,""mother_bits"":4992,""n"":2084,""n_cb"":4800,""n_cb_comp"":4780,""power_protocol"":""fixed_constellation_average_Es2"",""puncturing_bits"":2888,""puncturing_first_2Z"":192,""puncturing_remaining"":2696,""repetition_bits"":0,""scrambling"":""public_PCG64_SHA256_protocol_session_frame_group_counter_after_rate_matching_v1"",""shortening_bits"":20,""z"":96}",[2048]
16QAM,1/2,16QAM:r1/2,f85a8e2cb06380443fa3b1e43aaa13c194ef84a9795d0bdf440cf5dac0493589,3408,16,0,3424,3520,96,18304,7080,1770,0,0.48361581920903957,0.48135593220338985,"{""actual_effective_rate"":0.48361581920903957,""bg"":""bg2"",""bit_mapping"":""component_Gray_00_-3_01_-1_10_3_11_1_over_sqrt5;QPSK_0_plus1_1_minus1"",""code_blocks"":1,""decoder_config"":{""cn_schedule"":""flooding"",""cn_update"":""boxplus-phi"",""early_stop"":false,""hard_out"":true,""harq_mode"":false,""llr_max"":20.0,""num_iter"":20,""precision"":""single"",""prune_pcm"":true,""return_infobits"":true,""vn_update"":""sum""},""implementation"":{""bit_mapping"":""component_Gray_00_-3_01_-1_10_3_11_1_over_sqrt5;QPSK_0_plus1_1_minus1"",""cuda"":""12.8"",""decoder"":{""cn_schedule"":""flooding"",""cn_update"":""boxplus-phi"",""early_stop"":false,""hard_out"":true,""harq_mode"":false,""llr_max"":20.0,""num_iter"":20,""precision"":""single"",""prune_pcm"":true,""return_infobits"":true,""vn_update"":""sum""},""decoder_source_sha256"":""44d84b92b749e2970f94d92cd348a11648e2286b4d851faa0af8b21d08f0da23"",""encoder_source_sha256"":""34d8db6660b2e84708a8fb534f63c194f6f2b964e3693fcffc9dcaf21532ccfd"",""implementation"":""Sionna_5G_LDPC"",""power_protocol"":""fixed_constellation_average_Es2"",""precision"":""float32"",""rate_matching"":""Sionna RV0; filler removal, first2Z and tail puncturing; supported n only"",""scrambling"":""public_PCG64_SHA256_protocol_session_frame_group_counter_after_rate_matching_v1"",""torch"":""2.11.0+cu128"",""version"":""2.2.0""},""interleaver_sha256"":""55a7858110f6cc07a03dbb43974b817f46df9d0e8edb26bc78bc03eb015c1ba4"",""k"":3424,""k_filler"":96,""k_ldpc"":3520,""layout_id"":""10702ef76c87a92a1c16f1a02d918af73b1a5d21c2b683ee4f5486c9a4a2eb63"",""modulation_padding_bits"":0,""mother_bits"":18304,""n"":7080,""n_cb"":17600,""n_cb_comp"":17504,""power_protocol"":""fixed_constellation_average_Es2"",""puncturing_bits"":11128,""puncturing_first_2Z"":704,""puncturing_remaining"":10424,""repetition_bits"":0,""scrambling"":""public_PCG64_SHA256_protocol_session_frame_group_counter_after_rate_matching_v1"",""shortening_bits"":96,""z"":352}",[2048]
QPSK,5/6,QPSK:r5/6,f85b27dbc5aa6da1fcb2a13098f7914bb87431a7e55e50f718f410e9bb6947e7,2400,16,0,2416,2560,144,13312,3672,1836,0,0.6579520697167756,0.6535947712418301,"{""actual_effective_rate"":0.6579520697167756,""bg"":""bg2"",""bit_mapping"":""component_Gray_00_-3_01_-1_10_3_11_1_over_sqrt5;QPSK_0_plus1_1_minus1"",""code_blocks"":1,""decoder_config"":{""cn_schedule"":""flooding"",""cn_update"":""boxplus-phi"",""early_stop"":false,""hard_out"":true,""harq_mode"":false,""llr_max"":20.0,""num_iter"":20,""precision"":""single"",""prune_pcm"":true,""return_infobits"":true,""vn_update"":""sum""},""implementation"":{""bit_mapping"":""component_Gray_00_-3_01_-1_10_3_11_1_over_sqrt5;QPSK_0_plus1_1_minus1"",""cuda"":""12.8"",""decoder"":{""cn_schedule"":""flooding"",""cn_update"":""boxplus-phi"",""early_stop"":false,""hard_out"":true,""harq_mode"":false,""llr_max"":20.0,""num_iter"":20,""precision"":""single"",""prune_pcm"":true,""return_infobits"":true,""vn_update"":""sum""},""decoder_source_sha256"":""44d84b92b749e2970f94d92cd348a11648e2286b4d851faa0af8b21d08f0da23"",""encoder_source_sha256"":""34d8db6660b2e84708a8fb534f63c194f6f2b964e3693fcffc9dcaf21532ccfd"",""implementation"":""Sionna_5G_LDPC"",""power_protocol"":""fixed_constellation_average_Es2"",""precision"":""float32"",""rate_matching"":""Sionna RV0; filler removal, first2Z and tail puncturing; supported n only"",""scrambling"":""public_PCG64_SHA256_protocol_session_frame_group_counter_after_rate_matching_v1"",""torch"":""2.11.0+cu128"",""version"":""2.2.0""},""interleaver_sha256"":""014a65d5c6ea22fabaca5a2f178fe08de622e6e055a1c8d35d985d3ab22d90dc"",""k"":2416,""k_filler"":144,""k_ldpc"":2560,""layout_id"":""caf0ab69a46bdf957d0f42b55fc3305e77acce2e9605bb6aeed8c9975ec910d5"",""modulation_padding_bits"":0,""mother_bits"":13312,""n"":3672,""n_cb"":12800,""n_cb_comp"":12656,""power_protocol"":""fixed_constellation_average_Es2"",""puncturing_bits"":9496,""puncturing_first_2Z"":512,""puncturing_remaining"":8984,""repetition_bits"":0,""scrambling"":""public_PCG64_SHA256_protocol_session_frame_group_counter_after_rate_matching_v1"",""shortening_bits"":144,""z"":256}",[2048]
16QAM,2/3,16QAM:r2/3,f86460e41c8c59c9437c1dd8669fde4baca8ce7c70a881d811948a788ec2d5ea,1500,16,0,1516,1600,84,8320,2300,575,0,0.6591304347826087,0.6521739130434783,"{""actual_effective_rate"":0.6591304347826087,""bg"":""bg2"",""bit_mapping"":""component_Gray_00_-3_01_-1_10_3_11_1_over_sqrt5;QPSK_0_plus1_1_minus1"",""code_blocks"":1,""decoder_config"":{""cn_schedule"":""flooding"",""cn_update"":""boxplus-phi"",""early_stop"":false,""hard_out"":true,""harq_mode"":false,""llr_max"":20.0,""num_iter"":20,""precision"":""single"",""prune_pcm"":true,""return_infobits"":true,""vn_update"":""sum""},""implementation"":{""bit_mapping"":""component_Gray_00_-3_01_-1_10_3_11_1_over_sqrt5;QPSK_0_plus1_1_minus1"",""cuda"":""12.8"",""decoder"":{""cn_schedule"":""flooding"",""cn_update"":""boxplus-phi"",""early_stop"":false,""hard_out"":true,""harq_mode"":false,""llr_max"":20.0,""num_iter"":20,""precision"":""single"",""prune_pcm"":true,""return_infobits"":true,""vn_update"":""sum""},""decoder_source_sha256"":""44d84b92b749e2970f94d92cd348a11648e2286b4d851faa0af8b21d08f0da23"",""encoder_source_sha256"":""34d8db6660b2e84708a8fb534f63c194f6f2b964e3693fcffc9dcaf21532ccfd"",""implementation"":""Sionna_5G_LDPC"",""power_protocol"":""fixed_constellation_average_Es2"",""precision"":""float32"",""rate_matching"":""Sionna RV0; filler removal, first2Z and tail puncturing; supported n only"",""scrambling"":""public_PCG64_SHA256_protocol_session_frame_group_counter_after_rate_matching_v1"",""torch"":""2.11.0+cu128"",""version"":""2.2.0""},""interleaver_sha256"":""ad3b5eef353d36c4a8338bd7a4c96108ba26a4f31f4398d6426cad5a122b1eab"",""k"":1516,""k_filler"":84,""k_ldpc"":1600,""layout_id"":""9f73515f867749eae0b14cc1bbaf74eb5ef29bda6ed3c6334dd2018758f4153f"",""modulation_padding_bits"":0,""mother_bits"":8320,""n"":2300,""n_cb"":8000,""n_cb_comp"":7916,""power_protocol"":""fixed_constellation_average_Es2"",""puncturing_bits"":5936,""puncturing_first_2Z"":320,""puncturing_remaining"":5616,""repetition_bits"":0,""scrambling"":""public_PCG64_SHA256_protocol_session_frame_group_counter_after_rate_matching_v1"",""shortening_bits"":84,""z"":160}",[1024]
16QAM,2/3,16QAM:r2/3,f868db3961f1ac86e657dcdcff5209e5febd856340c3e88a5485d6bb2a8e2685,192,16,0,208,260,52,1352,328,82,0,0.6341463414634146,0.5853658536585366,"{""actual_effective_rate"":0.6341463414634146,""bg"":""bg2"",""bit_mapping"":""component_Gray_00_-3_01_-1_10_3_11_1_over_sqrt5;QPSK_0_plus1_1_minus1"",""code_blocks"":1,""decoder_config"":{""cn_schedule"":""flooding"",""cn_update"":""boxplus-phi"",""early_stop"":false,""hard_out"":true,""harq_mode"":false,""llr_max"":20.0,""num_iter"":20,""precision"":""single"",""prune_pcm"":true,""return_infobits"":true,""vn_update"":""sum""},""implementation"":{""bit_mapping"":""component_Gray_00_-3_01_-1_10_3_11_1_over_sqrt5;QPSK_0_plus1_1_minus1"",""cuda"":""12.8"",""decoder"":{""cn_schedule"":""flooding"",""cn_update"":""boxplus-phi"",""early_stop"":false,""hard_out"":true,""harq_mode"":false,""llr_max"":20.0,""num_iter"":20,""precision"":""single"",""prune_pcm"":true,""return_infobits"":true,""vn_update"":""sum""},""decoder_source_sha256"":""44d84b92b749e2970f94d92cd348a11648e2286b4d851faa0af8b21d08f0da23"",""encoder_source_sha256"":""34d8db6660b2e84708a8fb534f63c194f6f2b964e3693fcffc9dcaf21532ccfd"",""implementation"":""Sionna_5G_LDPC"",""power_protocol"":""fixed_constellation_average_Es2"",""precision"":""float32"",""rate_matching"":""Sionna RV0; filler removal, first2Z and tail puncturing; supported n only"",""scrambling"":""public_PCG64_SHA256_protocol_session_frame_group_counter_after_rate_matching_v1"",""torch"":""2.11.0+cu128"",""version"":""2.2.0""},""interleaver_sha256"":""20ccdaca61ca5f252c93a3b732789081dc225fbab736f069ba4853345c6f2a01"",""k"":208,""k_filler"":52,""k_ldpc"":260,""layout_id"":""0c12c401e8b700018c1bae42d6f0a72f9a9d2e6b7c6b8ffe9d9e42963368ad25"",""modulation_padding_bits"":0,""mother_bits"":1352,""n"":328,""n_cb"":1300,""n_cb_comp"":1248,""power_protocol"":""fixed_constellation_average_Es2"",""puncturing_bits"":972,""puncturing_first_2Z"":52,""puncturing_remaining"":920,""repetition_bits"":0,""scrambling"":""public_PCG64_SHA256_protocol_session_frame_group_counter_after_rate_matching_v1"",""shortening_bits"":52,""z"":26}",[1024]
QPSK,1/3,QPSK:r1/3,f8726fc3e29ea92204ea02869cd17640048d75bd2019212d71964fbd88262209,360,16,0,376,480,104,2496,1194,597,0,0.3149078726968174,0.3015075376884422,"{""actual_effective_rate"":0.3149078726968174,""bg"":""bg2"",""bit_mapping"":""component_Gray_00_-3_01_-1_10_3_11_1_over_sqrt5;QPSK_0_plus1_1_minus1"",""code_blocks"":1,""decoder_config"":{""cn_schedule"":""flooding"",""cn_update"":""boxplus-phi"",""early_stop"":false,""hard_out"":true,""harq_mode"":false,""llr_max"":20.0,""num_iter"":20,""precision"":""single"",""prune_pcm"":true,""return_infobits"":true,""vn_update"":""sum""},""implementation"":{""bit_mapping"":""component_Gray_00_-3_01_-1_10_3_11_1_over_sqrt5;QPSK_0_plus1_1_minus1"",""cuda"":""12.8"",""decoder"":{""cn_schedule"":""flooding"",""cn_update"":""boxplus-phi"",""early_stop"":false,""hard_out"":true,""harq_mode"":false,""llr_max"":20.0,""num_iter"":20,""precision"":""single"",""prune_pcm"":true,""return_infobits"":true,""vn_update"":""sum""},""decoder_source_sha256"":""44d84b92b749e2970f94d92cd348a11648e2286b4d851faa0af8b21d08f0da23"",""encoder_source_sha256"":""34d8db6660b2e84708a8fb534f63c194f6f2b964e3693fcffc9dcaf21532ccfd"",""implementation"":""Sionna_5G_LDPC"",""power_protocol"":""fixed_constellation_average_Es2"",""precision"":""float32"",""rate_matching"":""Sionna RV0; filler removal, first2Z and tail puncturing; supported n only"",""scrambling"":""public_PCG64_SHA256_protocol_session_frame_group_counter_after_rate_matching_v1"",""torch"":""2.11.0+cu128"",""version"":""2.2.0""},""interleaver_sha256"":""aced7adfceb59f1fcb4435b5886584f18d88702134b1301ab4b151e26b54cbd5"",""k"":376,""k_filler"":104,""k_ldpc"":480,""layout_id"":""b5ef72525e7952e9aa186b1df3a8bf90c39d1ea7e53c4037e84c5bfbae1d7460"",""modulation_padding_bits"":0,""mother_bits"":2496,""n"":1194,""n_cb"":2400,""n_cb_comp"":2296,""power_protocol"":""fixed_constellation_average_Es2"",""puncturing_bits"":1198,""puncturing_first_2Z"":96,""puncturing_remaining"":1102,""repetition_bits"":0,""scrambling"":""public_PCG64_SHA256_protocol_session_frame_group_counter_after_rate_matching_v1"",""shortening_bits"":104,""z"":48}",[1024]
16QAM,3/4,16QAM:r3/4,f8732fea24c201a049d5d1254457b3e9094cba29a74e2c7ca10abcd05f9a7102,2700,16,0,2716,2880,164,14976,7040,1760,0,0.38579545454545455,0.3835227272727273,"{""actual_effective_rate"":0.38579545454545455,""bg"":""bg2"",""bit_mapping"":""component_Gray_00_-3_01_-1_10_3_11_1_over_sqrt5;QPSK_0_plus1_1_minus1"",""code_blocks"":1,""decoder_config"":{""cn_schedule"":""flooding"",""cn_update"":""boxplus-phi"",""early_stop"":false,""hard_out"":true,""harq_mode"":false,""llr_max"":20.0,""num_iter"":20,""precision"":""single"",""prune_pcm"":true,""return_infobits"":true,""vn_update"":""sum""},""implementation"":{""bit_mapping"":""component_Gray_00_-3_01_-1_10_3_11_1_over_sqrt5;QPSK_0_plus1_1_minus1"",""cuda"":""12.8"",""decoder"":{""cn_schedule"":""flooding"",""cn_update"":""boxplus-phi"",""early_stop"":false,""hard_out"":true,""harq_mode"":false,""llr_max"":20.0,""num_iter"":20,""precision"":""single"",""prune_pcm"":true,""return_infobits"":true,""vn_update"":""sum""},""decoder_source_sha256"":""44d84b92b749e2970f94d92cd348a11648e2286b4d851faa0af8b21d08f0da23"",""encoder_source_sha256"":""34d8db6660b2e84708a8fb534f63c194f6f2b964e3693fcffc9dcaf21532ccfd"",""implementation"":""Sionna_5G_LDPC"",""power_protocol"":""fixed_constellation_average_Es2"",""precision"":""float32"",""rate_matching"":""Sionna RV0; filler removal, first2Z and tail puncturing; supported n only"",""scrambling"":""public_PCG64_SHA256_protocol_session_frame_group_counter_after_rate_matching_v1"",""torch"":""2.11.0+cu128"",""version"":""2.2.0""},""interleaver_sha256"":""69de2213b06db1779a26d1471bab1f9b6ceb6dda4970313031679582dc4e7c7f"",""k"":2716,""k_filler"":164,""k_ldpc"":2880,""layout_id"":""13a7af75b894ba8ca60bd0ad6aab49765ef9ee222eb8d0bbc2e918ca958a10f3"",""modulation_padding_bits"":0,""mother_bits"":14976,""n"":7040,""n_cb"":14400,""n_cb_comp"":14236,""power_protocol"":""fixed_constellation_average_Es2"",""puncturing_bits"":7772,""puncturing_first_2Z"":576,""puncturing_remaining"":7196,""repetition_bits"":0,""scrambling"":""public_PCG64_SHA256_protocol_session_frame_group_counter_after_rate_matching_v1"",""shortening_bits"":164,""z"":288}",[2048]
16QAM,2/3,16QAM:r2/3,f8884f3425dbbae1afb0dd60ad90fbd3bfa444ea7d0e94546378378494615a75,660,16,0,676,720,44,3744,1376,344,0,0.49127906976744184,0.4796511627906977,"{""actual_effective_rate"":0.49127906976744184,""bg"":""bg2"",""bit_mapping"":""component_Gray_00_-3_01_-1_10_3_11_1_over_sqrt5;QPSK_0_plus1_1_minus1"",""code_blocks"":1,""decoder_config"":{""cn_schedule"":""flooding"",""cn_update"":""boxplus-phi"",""early_stop"":false,""hard_out"":true,""harq_mode"":false,""llr_max"":20.0,""num_iter"":20,""precision"":""single"",""prune_pcm"":true,""return_infobits"":true,""vn_update"":""sum""},""implementation"":{""bit_mapping"":""component_Gray_00_-3_01_-1_10_3_11_1_over_sqrt5;QPSK_0_plus1_1_minus1"",""cuda"":""12.8"",""decoder"":{""cn_schedule"":""flooding"",""cn_update"":""boxplus-phi"",""early_stop"":false,""hard_out"":true,""harq_mode"":false,""llr_max"":20.0,""num_iter"":20,""precision"":""single"",""prune_pcm"":true,""return_infobits"":true,""vn_update"":""sum""},""decoder_source_sha256"":""44d84b92b749e2970f94d92cd348a11648e2286b4d851faa0af8b21d08f0da23"",""encoder_source_sha256"":""34d8db6660b2e84708a8fb534f63c194f6f2b964e3693fcffc9dcaf21532ccfd"",""implementation"":""Sionna_5G_LDPC"",""power_protocol"":""fixed_constellation_average_Es2"",""precision"":""float32"",""rate_matching"":""Sionna RV0; filler removal, first2Z and tail puncturing; supported n only"",""scrambling"":""public_PCG64_SHA256_protocol_session_frame_group_counter_after_rate_matching_v1"",""torch"":""2.11.0+cu128"",""version"":""2.2.0""},""interleaver_sha256"":""618630f6510ceb396a35ec68291a70cc10a8f60b2735261a53f3136e3a8aaf3c"",""k"":676,""k_filler"":44,""k_ldpc"":720,""layout_id"":""17591a0796c62147386e3c025438b3143f7cc563d41585e1024ada59a7e099a8"",""modulation_padding_bits"":0,""mother_bits"":3744,""n"":1376,""n_cb"":3600,""n_cb_comp"":3556,""power_protocol"":""fixed_constellation_average_Es2"",""puncturing_bits"":2324,""puncturing_first_2Z"":144,""puncturing_remaining"":2180,""repetition_bits"":0,""scrambling"":""public_PCG64_SHA256_protocol_session_frame_group_counter_after_rate_matching_v1"",""shortening_bits"":44,""z"":72}",[2048]
16QAM,3/4,16QAM:r3/4,f8940d1a31148d651169ee73bc80d3fc1183357cd216c912da16db8a1a6ead87,1800,16,0,1816,1920,104,9984,2864,716,0,0.6340782122905028,0.6284916201117319,"{""actual_effective_rate"":0.6340782122905028,""bg"":""bg2"",""bit_mapping"":""component_Gray_00_-3_01_-1_10_3_11_1_over_sqrt5;QPSK_0_plus1_1_minus1"",""code_blocks"":1,""decoder_config"":{""cn_schedule"":""flooding"",""cn_update"":""boxplus-phi"",""early_stop"":false,""hard_out"":true,""harq_mode"":false,""llr_max"":20.0,""num_iter"":20,""precision"":""single"",""prune_pcm"":true,""return_infobits"":true,""vn_update"":""sum""},""implementation"":{""bit_mapping"":""component_Gray_00_-3_01_-1_10_3_11_1_over_sqrt5;QPSK_0_plus1_1_minus1"",""cuda"":""12.8"",""decoder"":{""cn_schedule"":""flooding"",""cn_update"":""boxplus-phi"",""early_stop"":false,""hard_out"":true,""harq_mode"":false,""llr_max"":20.0,""num_iter"":20,""precision"":""single"",""prune_pcm"":true,""return_infobits"":true,""vn_update"":""sum""},""decoder_source_sha256"":""44d84b92b749e2970f94d92cd348a11648e2286b4d851faa0af8b21d08f0da23"",""encoder_source_sha256"":""34d8db6660b2e84708a8fb534f63c194f6f2b964e3693fcffc9dcaf21532ccfd"",""implementation"":""Sionna_5G_LDPC"",""power_protocol"":""fixed_constellation_average_Es2"",""precision"":""float32"",""rate_matching"":""Sionna RV0; filler removal, first2Z and tail puncturing; supported n only"",""scrambling"":""public_PCG64_SHA256_protocol_session_frame_group_counter_after_rate_matching_v1"",""torch"":""2.11.0+cu128"",""version"":""2.2.0""},""interleaver_sha256"":""76a31bad5b7846506e378a3a4481b0070dd65e946de6568567d96d7eae456db9"",""k"":1816,""k_filler"":104,""k_ldpc"":1920,""layout_id"":""af8d338bab38243bcada57d8202a9467cca8b5415a8cb1374534dc40409e9387"",""modulation_padding_bits"":0,""mother_bits"":9984,""n"":2864,""n_cb"":9600,""n_cb_comp"":9496,""power_protocol"":""fixed_constellation_average_Es2"",""puncturing_bits"":7016,""puncturing_first_2Z"":384,""puncturing_remaining"":6632,""repetition_bits"":0,""scrambling"":""public_PCG64_SHA256_protocol_session_frame_group_counter_after_rate_matching_v1"",""shortening_bits"":104,""z"":192}",[1024]
16QAM,2/3,16QAM:r2/3,f89b0cca688ef0cbb7c63dc189da64581327c3c97165369dc2654be2a7293861,1860,16,0,1876,1920,44,9984,4244,1061,0,0.4420358152686145,0.43826578699340246,"{""actual_effective_rate"":0.4420358152686145,""bg"":""bg2"",""bit_mapping"":""component_Gray_00_-3_01_-1_10_3_11_1_over_sqrt5;QPSK_0_plus1_1_minus1"",""code_blocks"":1,""decoder_config"":{""cn_schedule"":""flooding"",""cn_update"":""boxplus-phi"",""early_stop"":false,""hard_out"":true,""harq_mode"":false,""llr_max"":20.0,""num_iter"":20,""precision"":""single"",""prune_pcm"":true,""return_infobits"":true,""vn_update"":""sum""},""implementation"":{""bit_mapping"":""component_Gray_00_-3_01_-1_10_3_11_1_over_sqrt5;QPSK_0_plus1_1_minus1"",""cuda"":""12.8"",""decoder"":{""cn_schedule"":""flooding"",""cn_update"":""boxplus-phi"",""early_stop"":false,""hard_out"":true,""harq_mode"":false,""llr_max"":20.0,""num_iter"":20,""precision"":""single"",""prune_pcm"":true,""return_infobits"":true,""vn_update"":""sum""},""decoder_source_sha256"":""44d84b92b749e2970f94d92cd348a11648e2286b4d851faa0af8b21d08f0da23"",""encoder_source_sha256"":""34d8db6660b2e84708a8fb534f63c194f6f2b964e3693fcffc9dcaf21532ccfd"",""implementation"":""Sionna_5G_LDPC"",""power_protocol"":""fixed_constellation_average_Es2"",""precision"":""float32"",""rate_matching"":""Sionna RV0; filler removal, first2Z and tail puncturing; supported n only"",""scrambling"":""public_PCG64_SHA256_protocol_session_frame_group_counter_after_rate_matching_v1"",""torch"":""2.11.0+cu128"",""version"":""2.2.0""},""interleaver_sha256"":""2f1d0c5091a4b228da583e37479ab7967fa65b8f61d0bda49baec2c611916808"",""k"":1876,""k_filler"":44,""k_ldpc"":1920,""layout_id"":""bf5698b62b4813a4f094cbcd7c159c72e799d2cb2f3a96ef843f49b951ea3980"",""modulation_padding_bits"":0,""mother_bits"":9984,""n"":4244,""n_cb"":9600,""n_cb_comp"":9556,""power_protocol"":""fixed_constellation_average_Es2"",""puncturing_bits"":5696,""puncturing_first_2Z"":384,""puncturing_remaining"":5312,""repetition_bits"":0,""scrambling"":""public_PCG64_SHA256_protocol_session_frame_group_counter_after_rate_matching_v1"",""shortening_bits"":44,""z"":192}",[2048]
QPSK,2/3,QPSK:r2/3,f8a2859a6923c1abc613f8f2584feb18a07210572d45ae985b42a2b021ac7733,108,16,0,124,220,96,1144,230,115,0,0.5391304347826087,0.46956521739130436,"{""actual_effective_rate"":0.5391304347826087,""bg"":""bg2"",""bit_mapping"":""component_Gray_00_-3_01_-1_10_3_11_1_over_sqrt5;QPSK_0_plus1_1_minus1"",""code_blocks"":1,""decoder_config"":{""cn_schedule"":""flooding"",""cn_update"":""boxplus-phi"",""early_stop"":false,""hard_out"":true,""harq_mode"":false,""llr_max"":20.0,""num_iter"":20,""precision"":""single"",""prune_pcm"":true,""return_infobits"":true,""vn_update"":""sum""},""implementation"":{""bit_mapping"":""component_Gray_00_-3_01_-1_10_3_11_1_over_sqrt5;QPSK_0_plus1_1_minus1"",""cuda"":""12.8"",""decoder"":{""cn_schedule"":""flooding"",""cn_update"":""boxplus-phi"",""early_stop"":false,""hard_out"":true,""harq_mode"":false,""llr_max"":20.0,""num_iter"":20,""precision"":""single"",""prune_pcm"":true,""return_infobits"":true,""vn_update"":""sum""},""decoder_source_sha256"":""44d84b92b749e2970f94d92cd348a11648e2286b4d851faa0af8b21d08f0da23"",""encoder_source_sha256"":""34d8db6660b2e84708a8fb534f63c194f6f2b964e3693fcffc9dcaf21532ccfd"",""implementation"":""Sionna_5G_LDPC"",""power_protocol"":""fixed_constellation_average_Es2"",""precision"":""float32"",""rate_matching"":""Sionna RV0; filler removal, first2Z and tail puncturing; supported n only"",""scrambling"":""public_PCG64_SHA256_protocol_session_frame_group_counter_after_rate_matching_v1"",""torch"":""2.11.0+cu128"",""version"":""2.2.0""},""interleaver_sha256"":""c88580ba3ab6d7aeb18b69419b89f22b15f40d1d19be91eee107b7d272659412"",""k"":124,""k_filler"":96,""k_ldpc"":220,""layout_id"":""2220b7fe47616033b570c49f2a53f41617553e1c99b8371495dbf30e64c0b3c3"",""modulation_padding_bits"":0,""mother_bits"":1144,""n"":230,""n_cb"":1100,""n_cb_comp"":1004,""power_protocol"":""fixed_constellation_average_Es2"",""puncturing_bits"":818,""puncturing_first_2Z"":44,""puncturing_remaining"":774,""repetition_bits"":0,""scrambling"":""public_PCG64_SHA256_protocol_session_frame_group_counter_after_rate_matching_v1"",""shortening_bits"":96,""z"":22}",[1024]
QPSK,5/6,QPSK:r5/6,f8ae2d5b405a415c908bf4973faee6fd77c5e74e9ce527cc9e6ae4f68c582397,528,16,0,544,572,28,1768,654,327,0,0.8318042813455657,0.8073394495412844,"{""actual_effective_rate"":0.8318042813455657,""bg"":""bg1"",""bit_mapping"":""component_Gray_00_-3_01_-1_10_3_11_1_over_sqrt5;QPSK_0_plus1_1_minus1"",""code_blocks"":1,""decoder_config"":{""cn_schedule"":""flooding"",""cn_update"":""boxplus-phi"",""early_stop"":false,""hard_out"":true,""harq_mode"":false,""llr_max"":20.0,""num_iter"":20,""precision"":""single"",""prune_pcm"":true,""return_infobits"":true,""vn_update"":""sum""},""implementation"":{""bit_mapping"":""component_Gray_00_-3_01_-1_10_3_11_1_over_sqrt5;QPSK_0_plus1_1_minus1"",""cuda"":""12.8"",""decoder"":{""cn_schedule"":""flooding"",""cn_update"":""boxplus-phi"",""early_stop"":false,""hard_out"":true,""harq_mode"":false,""llr_max"":20.0,""num_iter"":20,""precision"":""single"",""prune_pcm"":true,""return_infobits"":true,""vn_update"":""sum""},""decoder_source_sha256"":""44d84b92b749e2970f94d92cd348a11648e2286b4d851faa0af8b21d08f0da23"",""encoder_source_sha256"":""34d8db6660b2e84708a8fb534f63c194f6f2b964e3693fcffc9dcaf21532ccfd"",""implementation"":""Sionna_5G_LDPC"",""power_protocol"":""fixed_constellation_average_Es2"",""precision"":""float32"",""rate_matching"":""Sionna RV0; filler removal, first2Z and tail puncturing; supported n only"",""scrambling"":""public_PCG64_SHA256_protocol_session_frame_group_counter_after_rate_matching_v1"",""torch"":""2.11.0+cu128"",""version"":""2.2.0""},""interleaver_sha256"":""d09dc46afb9bca40fab51fda8b5645ce96e696ba1b6954bbc3ef98fc2c3083e4"",""k"":544,""k_filler"":28,""k_ldpc"":572,""layout_id"":""b77155cd6d87f3830fe7345f8ee2b890d56d1ad9739a7a8d30f9a7cc7f006fd7"",""modulation_padding_bits"":0,""mother_bits"":1768,""n"":654,""n_cb"":1716,""n_cb_comp"":1688,""power_protocol"":""fixed_constellation_average_Es2"",""puncturing_bits"":1086,""puncturing_first_2Z"":52,""puncturing_remaining"":1034,""repetition_bits"":0,""scrambling"":""public_PCG64_SHA256_protocol_session_frame_group_counter_after_rate_matching_v1"",""shortening_bits"":28,""z"":26}",[1024]
16QAM,2/3,16QAM:r2/3,f8c4821c4e0614583599d41f6258ef2019d6dc950c97bb6a3bba8070b31f3bd2,1092,16,0,1108,1120,12,5824,1936,484,0,0.5723140495867769,0.5640495867768595,"{""actual_effective_rate"":0.5723140495867769,""bg"":""bg2"",""bit_mapping"":""component_Gray_00_-3_01_-1_10_3_11_1_over_sqrt5;QPSK_0_plus1_1_minus1"",""code_blocks"":1,""decoder_config"":{""cn_schedule"":""flooding"",""cn_update"":""boxplus-phi"",""early_stop"":false,""hard_out"":true,""harq_mode"":false,""llr_max"":20.0,""num_iter"":20,""precision"":""single"",""prune_pcm"":true,""return_infobits"":true,""vn_update"":""sum""},""implementation"":{""bit_mapping"":""component_Gray_00_-3_01_-1_10_3_11_1_over_sqrt5;QPSK_0_plus1_1_minus1"",""cuda"":""12.8"",""decoder"":{""cn_schedule"":""flooding"",""cn_update"":""boxplus-phi"",""early_stop"":false,""hard_out"":true,""harq_mode"":false,""llr_max"":20.0,""num_iter"":20,""precision"":""single"",""prune_pcm"":true,""return_infobits"":true,""vn_update"":""sum""},""decoder_source_sha256"":""44d84b92b749e2970f94d92cd348a11648e2286b4d851faa0af8b21d08f0da23"",""encoder_source_sha256"":""34d8db6660b2e84708a8fb534f63c194f6f2b964e3693fcffc9dcaf21532ccfd"",""implementation"":""Sionna_5G_LDPC"",""power_protocol"":""fixed_constellation_average_Es2"",""precision"":""float32"",""rate_matching"":""Sionna RV0; filler removal, first2Z and tail puncturing; supported n only"",""scrambling"":""public_PCG64_SHA256_protocol_session_frame_group_counter_after_rate_matching_v1"",""torch"":""2.11.0+cu128"",""version"":""2.2.0""},""interleaver_sha256"":""9e5b11244c86a76a408ee9920b78355c4b58742ef8dde2c2d4b269ca68ea08d7"",""k"":1108,""k_filler"":12,""k_ldpc"":1120,""layout_id"":""31abed7b08f9cacb124a90e33e2bd39bfe4c61b32e4c24989c330eacb3892d85"",""modulation_padding_bits"":0,""mother_bits"":5824,""n"":1936,""n_cb"":5600,""n_cb_comp"":5588,""power_protocol"":""fixed_constellation_average_Es2"",""puncturing_bits"":3876,""puncturing_first_2Z"":224,""puncturing_remaining"":3652,""repetition_bits"":0,""scrambling"":""public_PCG64_SHA256_protocol_session_frame_group_counter_after_rate_matching_v1"",""shortening_bits"":12,""z"":112}",[1024]
16QAM,1/2,16QAM:r1/2,f8c567b2497d13cc996d4af3903902d30b00136831aa657b9917680c135b03e3,984,16,0,1000,1040,40,5408,2000,500,0,0.5,0.492,"{""actual_effective_rate"":0.5,""bg"":""bg2"",""bit_mapping"":""component_Gray_00_-3_01_-1_10_3_11_1_over_sqrt5;QPSK_0_plus1_1_minus1"",""code_blocks"":1,""decoder_config"":{""cn_schedule"":""flooding"",""cn_update"":""boxplus-phi"",""early_stop"":false,""hard_out"":true,""harq_mode"":false,""llr_max"":20.0,""num_iter"":20,""precision"":""single"",""prune_pcm"":true,""return_infobits"":true,""vn_update"":""sum""},""implementation"":{""bit_mapping"":""component_Gray_00_-3_01_-1_10_3_11_1_over_sqrt5;QPSK_0_plus1_1_minus1"",""cuda"":""12.8"",""decoder"":{""cn_schedule"":""flooding"",""cn_update"":""boxplus-phi"",""early_stop"":false,""hard_out"":true,""harq_mode"":false,""llr_max"":20.0,""num_iter"":20,""precision"":""single"",""prune_pcm"":true,""return_infobits"":true,""vn_update"":""sum""},""decoder_source_sha256"":""44d84b92b749e2970f94d92cd348a11648e2286b4d851faa0af8b21d08f0da23"",""encoder_source_sha256"":""34d8db6660b2e84708a8fb534f63c194f6f2b964e3693fcffc9dcaf21532ccfd"",""implementation"":""Sionna_5G_LDPC"",""power_protocol"":""fixed_constellation_average_Es2"",""precision"":""float32"",""rate_matching"":""Sionna RV0; filler removal, first2Z and tail puncturing; supported n only"",""scrambling"":""public_PCG64_SHA256_protocol_session_frame_group_counter_after_rate_matching_v1"",""torch"":""2.11.0+cu128"",""version"":""2.2.0""},""interleaver_sha256"":""fdde7ada98f4a498adb17e55b5d5f7ffcf084b01edd4ea56cae41695477eb71b"",""k"":1000,""k_filler"":40,""k_ldpc"":1040,""layout_id"":""7d200cc8daf889872c7bc1c1a51acfce36ccfcad803313359242ac59b1cd9a2a"",""modulation_padding_bits"":0,""mother_bits"":5408,""n"":2000,""n_cb"":5200,""n_cb_comp"":5160,""power_protocol"":""fixed_constellation_average_Es2"",""puncturing_bits"":3368,""puncturing_first_2Z"":208,""puncturing_remaining"":3160,""repetition_bits"":0,""scrambling"":""public_PCG64_SHA256_protocol_session_frame_group_counter_after_rate_matching_v1"",""shortening_bits"":40,""z"":104}","[1024,2048]"
16QAM,3/4,16QAM:r3/4,f8d18c6e629d74a700a19bb412f3abc003d7ae4eecf8216dec89f1d5e0b41404,660,16,0,676,720,44,3744,1284,321,0,0.5264797507788161,0.514018691588785,"{""actual_effective_rate"":0.5264797507788161,""bg"":""bg2"",""bit_mapping"":""component_Gray_00_-3_01_-1_10_3_11_1_over_sqrt5;QPSK_0_plus1_1_minus1"",""code_blocks"":1,""decoder_config"":{""cn_schedule"":""flooding"",""cn_update"":""boxplus-phi"",""early_stop"":false,""hard_out"":true,""harq_mode"":false,""llr_max"":20.0,""num_iter"":20,""precision"":""single"",""prune_pcm"":true,""return_infobits"":true,""vn_update"":""sum""},""implementation"":{""bit_mapping"":""component_Gray_00_-3_01_-1_10_3_11_1_over_sqrt5;QPSK_0_plus1_1_minus1"",""cuda"":""12.8"",""decoder"":{""cn_schedule"":""flooding"",""cn_update"":""boxplus-phi"",""early_stop"":false,""hard_out"":true,""harq_mode"":false,""llr_max"":20.0,""num_iter"":20,""precision"":""single"",""prune_pcm"":true,""return_infobits"":true,""vn_update"":""sum""},""decoder_source_sha256"":""44d84b92b749e2970f94d92cd348a11648e2286b4d851faa0af8b21d08f0da23"",""encoder_source_sha256"":""34d8db6660b2e84708a8fb534f63c194f6f2b964e3693fcffc9dcaf21532ccfd"",""implementation"":""Sionna_5G_LDPC"",""power_protocol"":""fixed_constellation_average_Es2"",""precision"":""float32"",""rate_matching"":""Sionna RV0; filler removal, first2Z and tail puncturing; supported n only"",""scrambling"":""public_PCG64_SHA256_protocol_session_frame_group_counter_after_rate_matching_v1"",""torch"":""2.11.0+cu128"",""version"":""2.2.0""},""interleaver_sha256"":""b3caa9928d8e3739fa546d51e1480f2194483a69048f0652a4f94d740dcf13aa"",""k"":676,""k_filler"":44,""k_ldpc"":720,""layout_id"":""a95b81f4e2f253505b386dec834968c0c79257489ae4ef04a96c5665cf12ec8e"",""modulation_padding_bits"":0,""mother_bits"":3744,""n"":1284,""n_cb"":3600,""n_cb_comp"":3556,""power_protocol"":""fixed_constellation_average_Es2"",""puncturing_bits"":2416,""puncturing_first_2Z"":144,""puncturing_remaining"":2272,""repetition_bits"":0,""scrambling"":""public_PCG64_SHA256_protocol_session_frame_group_counter_after_rate_matching_v1"",""shortening_bits"":44,""z"":72}",[1024]
QPSK,3/4,QPSK:r3/4,f8d84e3b07201f396460c0bd4e88b296296506f870dba75ff1ca5abb499a6c2a,768,16,0,784,800,16,4160,1640,820,0,0.47804878048780486,0.4682926829268293,"{""actual_effective_rate"":0.47804878048780486,""bg"":""bg2"",""bit_mapping"":""component_Gray_00_-3_01_-1_10_3_11_1_over_sqrt5;QPSK_0_plus1_1_minus1"",""code_blocks"":1,""decoder_config"":{""cn_schedule"":""flooding"",""cn_update"":""boxplus-phi"",""early_stop"":false,""hard_out"":true,""harq_mode"":false,""llr_max"":20.0,""num_iter"":20,""precision"":""single"",""prune_pcm"":true,""return_infobits"":true,""vn_update"":""sum""},""implementation"":{""bit_mapping"":""component_Gray_00_-3_01_-1_10_3_11_1_over_sqrt5;QPSK_0_plus1_1_minus1"",""cuda"":""12.8"",""decoder"":{""cn_schedule"":""flooding"",""cn_update"":""boxplus-phi"",""early_stop"":false,""hard_out"":true,""harq_mode"":false,""llr_max"":20.0,""num_iter"":20,""precision"":""single"",""prune_pcm"":true,""return_infobits"":true,""vn_update"":""sum""},""decoder_source_sha256"":""44d84b92b749e2970f94d92cd348a11648e2286b4d851faa0af8b21d08f0da23"",""encoder_source_sha256"":""34d8db6660b2e84708a8fb534f63c194f6f2b964e3693fcffc9dcaf21532ccfd"",""implementation"":""Sionna_5G_LDPC"",""power_protocol"":""fixed_constellation_average_Es2"",""precision"":""float32"",""rate_matching"":""Sionna RV0; filler removal, first2Z and tail puncturing; supported n only"",""scrambling"":""public_PCG64_SHA256_protocol_session_frame_group_counter_after_rate_matching_v1"",""torch"":""2.11.0+cu128"",""version"":""2.2.0""},""interleaver_sha256"":""1c15a1ff3ff9a06f0255bf6a1e7a3ece11a39d22376f7d8e0cd4c7465b79438a"",""k"":784,""k_filler"":16,""k_ldpc"":800,""layout_id"":""5975ab651defbac7d17e7040d7941fff0851c0a0fba4627c88eea381a24c1ee6"",""modulation_padding_bits"":0,""mother_bits"":4160,""n"":1640,""n_cb"":4000,""n_cb_comp"":3984,""power_protocol"":""fixed_constellation_average_Es2"",""puncturing_bits"":2504,""puncturing_first_2Z"":160,""puncturing_remaining"":2344,""repetition_bits"":0,""scrambling"":""public_PCG64_SHA256_protocol_session_frame_group_counter_after_rate_matching_v1"",""shortening_bits"":16,""z"":80}",[2048]
16QAM,5/6,16QAM:r5/6,f8e3319146069607d6090bf35aabb375af04469f89aeebc301c2a771022beee1,624,16,0,640,720,80,3744,1756,439,0,0.36446469248291574,0.3553530751708428,"{""actual_effective_rate"":0.36446469248291574,""bg"":""bg2"",""bit_mapping"":""component_Gray_00_-3_01_-1_10_3_11_1_over_sqrt5;QPSK_0_plus1_1_minus1"",""code_blocks"":1,""decoder_config"":{""cn_schedule"":""flooding"",""cn_update"":""boxplus-phi"",""early_stop"":false,""hard_out"":true,""harq_mode"":false,""llr_max"":20.0,""num_iter"":20,""precision"":""single"",""prune_pcm"":true,""return_infobits"":true,""vn_update"":""sum""},""implementation"":{""bit_mapping"":""component_Gray_00_-3_01_-1_10_3_11_1_over_sqrt5;QPSK_0_plus1_1_minus1"",""cuda"":""12.8"",""decoder"":{""cn_schedule"":""flooding"",""cn_update"":""boxplus-phi"",""early_stop"":false,""hard_out"":true,""harq_mode"":false,""llr_max"":20.0,""num_iter"":20,""precision"":""single"",""prune_pcm"":true,""return_infobits"":true,""vn_update"":""sum""},""decoder_source_sha256"":""44d84b92b749e2970f94d92cd348a11648e2286b4d851faa0af8b21d08f0da23"",""encoder_source_sha256"":""34d8db6660b2e84708a8fb534f63c194f6f2b964e3693fcffc9dcaf21532ccfd"",""implementation"":""Sionna_5G_LDPC"",""power_protocol"":""fixed_constellation_average_Es2"",""precision"":""float32"",""rate_matching"":""Sionna RV0; filler removal, first2Z and tail puncturing; supported n only"",""scrambling"":""public_PCG64_SHA256_protocol_session_frame_group_counter_after_rate_matching_v1"",""torch"":""2.11.0+cu128"",""version"":""2.2.0""},""interleaver_sha256"":""8a524c8e657d98b8e31093f02275da4a31fa72bcd8f9050e6fa2ac51d7cc38aa"",""k"":640,""k_filler"":80,""k_ldpc"":720,""layout_id"":""12218c6bca6c6f6c478b4a2db1134a25b8ac8504322d9b0372ade48b84a2f83b"",""modulation_padding_bits"":0,""mother_bits"":3744,""n"":1756,""n_cb"":3600,""n_cb_comp"":3520,""power_protocol"":""fixed_constellation_average_Es2"",""puncturing_bits"":1908,""puncturing_first_2Z"":144,""puncturing_remaining"":1764,""repetition_bits"":0,""scrambling"":""public_PCG64_SHA256_protocol_session_frame_group_counter_after_rate_matching_v1"",""shortening_bits"":80,""z"":72}",[1024]
QPSK,1/2,QPSK:r1/2,f8e55fdc65611dde1facc16b393093831ead7dba33fe730506e57178e725be65,528,16,0,544,720,176,3744,1088,544,0,0.5,0.4852941176470588,"{""actual_effective_rate"":0.5,""bg"":""bg2"",""bit_mapping"":""component_Gray_00_-3_01_-1_10_3_11_1_over_sqrt5;QPSK_0_plus1_1_minus1"",""code_blocks"":1,""decoder_config"":{""cn_schedule"":""flooding"",""cn_update"":""boxplus-phi"",""early_stop"":false,""hard_out"":true,""harq_mode"":false,""llr_max"":20.0,""num_iter"":20,""precision"":""single"",""prune_pcm"":true,""return_infobits"":true,""vn_update"":""sum""},""implementation"":{""bit_mapping"":""component_Gray_00_-3_01_-1_10_3_11_1_over_sqrt5;QPSK_0_plus1_1_minus1"",""cuda"":""12.8"",""decoder"":{""cn_schedule"":""flooding"",""cn_update"":""boxplus-phi"",""early_stop"":false,""hard_out"":true,""harq_mode"":false,""llr_max"":20.0,""num_iter"":20,""precision"":""single"",""prune_pcm"":true,""return_infobits"":true,""vn_update"":""sum""},""decoder_source_sha256"":""44d84b92b749e2970f94d92cd348a11648e2286b4d851faa0af8b21d08f0da23"",""encoder_source_sha256"":""34d8db6660b2e84708a8fb534f63c194f6f2b964e3693fcffc9dcaf21532ccfd"",""implementation"":""Sionna_5G_LDPC"",""power_protocol"":""fixed_constellation_average_Es2"",""precision"":""float32"",""rate_matching"":""Sionna RV0; filler removal, first2Z and tail puncturing; supported n only"",""scrambling"":""public_PCG64_SHA256_protocol_session_frame_group_counter_after_rate_matching_v1"",""torch"":""2.11.0+cu128"",""version"":""2.2.0""},""interleaver_sha256"":""22a8cc8a088874c6d4b5cb881c603d7af779a30def04404c874bb54566075026"",""k"":544,""k_filler"":176,""k_ldpc"":720,""layout_id"":""6405c4b2eedeb89cb8efaeebf825eca85749356e93032dd68cf9d232dad9e5ae"",""modulation_padding_bits"":0,""mother_bits"":3744,""n"":1088,""n_cb"":3600,""n_cb_comp"":3424,""power_protocol"":""fixed_constellation_average_Es2"",""puncturing_bits"":2480,""puncturing_first_2Z"":144,""puncturing_remaining"":2336,""repetition_bits"":0,""scrambling"":""public_PCG64_SHA256_protocol_session_frame_group_counter_after_rate_matching_v1"",""shortening_bits"":176,""z"":72}",[1024]
16QAM,5/6,16QAM:r5/6,f8e5e345f6f8a22c84ad6045bf5c6a02b0e3a1e2d9fa5da8f1e947ba10b05474,1860,16,0,1876,1920,44,9984,3024,756,0,0.6203703703703703,0.6150793650793651,"{""actual_effective_rate"":0.6203703703703703,""bg"":""bg2"",""bit_mapping"":""component_Gray_00_-3_01_-1_10_3_11_1_over_sqrt5;QPSK_0_plus1_1_minus1"",""code_blocks"":1,""decoder_config"":{""cn_schedule"":""flooding"",""cn_update"":""boxplus-phi"",""early_stop"":false,""hard_out"":true,""harq_mode"":false,""llr_max"":20.0,""num_iter"":20,""precision"":""single"",""prune_pcm"":true,""return_infobits"":true,""vn_update"":""sum""},""implementation"":{""bit_mapping"":""component_Gray_00_-3_01_-1_10_3_11_1_over_sqrt5;QPSK_0_plus1_1_minus1"",""cuda"":""12.8"",""decoder"":{""cn_schedule"":""flooding"",""cn_update"":""boxplus-phi"",""early_stop"":false,""hard_out"":true,""harq_mode"":false,""llr_max"":20.0,""num_iter"":20,""precision"":""single"",""prune_pcm"":true,""return_infobits"":true,""vn_update"":""sum""},""decoder_source_sha256"":""44d84b92b749e2970f94d92cd348a11648e2286b4d851faa0af8b21d08f0da23"",""encoder_source_sha256"":""34d8db6660b2e84708a8fb534f63c194f6f2b964e3693fcffc9dcaf21532ccfd"",""implementation"":""Sionna_5G_LDPC"",""power_protocol"":""fixed_constellation_average_Es2"",""precision"":""float32"",""rate_matching"":""Sionna RV0; filler removal, first2Z and tail puncturing; supported n only"",""scrambling"":""public_PCG64_SHA256_protocol_session_frame_group_counter_after_rate_matching_v1"",""torch"":""2.11.0+cu128"",""version"":""2.2.0""},""interleaver_sha256"":""b4d9332e59ee9b1bd27bcad0fc7557f1c3476953bd4265df99fd6dd9f8a131d9"",""k"":1876,""k_filler"":44,""k_ldpc"":1920,""layout_id"":""241d6c7acfeabb50b485b2bcdc94c94cd4542c252cebd14d8bee4693cdbfc9e2"",""modulation_padding_bits"":0,""mother_bits"":9984,""n"":3024,""n_cb"":9600,""n_cb_comp"":9556,""power_protocol"":""fixed_constellation_average_Es2"",""puncturing_bits"":6916,""puncturing_first_2Z"":384,""puncturing_remaining"":6532,""repetition_bits"":0,""scrambling"":""public_PCG64_SHA256_protocol_session_frame_group_counter_after_rate_matching_v1"",""shortening_bits"":44,""z"":192}",[2048]
16QAM,5/6,16QAM:r5/6,f8edcf115e779dcde72dcbc6ea14a6bbd3563361cae1d942fe4f1e2c6199b258,1704,16,0,1720,1760,40,9152,3348,837,0,0.5137395459976105,0.5089605734767025,"{""actual_effective_rate"":0.5137395459976105,""bg"":""bg2"",""bit_mapping"":""component_Gray_00_-3_01_-1_10_3_11_1_over_sqrt5;QPSK_0_plus1_1_minus1"",""code_blocks"":1,""decoder_config"":{""cn_schedule"":""flooding"",""cn_update"":""boxplus-phi"",""early_stop"":false,""hard_out"":true,""harq_mode"":false,""llr_max"":20.0,""num_iter"":20,""precision"":""single"",""prune_pcm"":true,""return_infobits"":true,""vn_update"":""sum""},""implementation"":{""bit_mapping"":""component_Gray_00_-3_01_-1_10_3_11_1_over_sqrt5;QPSK_0_plus1_1_minus1"",""cuda"":""12.8"",""decoder"":{""cn_schedule"":""flooding"",""cn_update"":""boxplus-phi"",""early_stop"":false,""hard_out"":true,""harq_mode"":false,""llr_max"":20.0,""num_iter"":20,""precision"":""single"",""prune_pcm"":true,""return_infobits"":true,""vn_update"":""sum""},""decoder_source_sha256"":""44d84b92b749e2970f94d92cd348a11648e2286b4d851faa0af8b21d08f0da23"",""encoder_source_sha256"":""34d8db6660b2e84708a8fb534f63c194f6f2b964e3693fcffc9dcaf21532ccfd"",""implementation"":""Sionna_5G_LDPC"",""power_protocol"":""fixed_constellation_average_Es2"",""precision"":""float32"",""rate_matching"":""Sionna RV0; filler removal, first2Z and tail puncturing; supported n only"",""scrambling"":""public_PCG64_SHA256_protocol_session_frame_group_counter_after_rate_matching_v1"",""torch"":""2.11.0+cu128"",""version"":""2.2.0""},""interleaver_sha256"":""1045d1629b6f33f5e862147826d8b1b3013e1ca09c0e7c8d82047ebc2cf93b89"",""k"":1720,""k_filler"":40,""k_ldpc"":1760,""layout_id"":""94f1ffef584e58016239ea011f0e30e2396db63da58fe7c1c2e70fb034f1ef6c"",""modulation_padding_bits"":0,""mother_bits"":9152,""n"":3348,""n_cb"":8800,""n_cb_comp"":8760,""power_protocol"":""fixed_constellation_average_Es2"",""puncturing_bits"":5764,""puncturing_first_2Z"":352,""puncturing_remaining"":5412,""repetition_bits"":0,""scrambling"":""public_PCG64_SHA256_protocol_session_frame_group_counter_after_rate_matching_v1"",""shortening_bits"":40,""z"":176}",[2048]
16QAM,3/4,16QAM:r3/4,f8f23f8c4529eff060a8869ecee6145df789e1a6c9876d02a91ce47902105ba1,4920,16,0,4936,5280,344,16320,6584,1646,0,0.7496962332928311,0.74726609963548,"{""actual_effective_rate"":0.7496962332928311,""bg"":""bg1"",""bit_mapping"":""component_Gray_00_-3_01_-1_10_3_11_1_over_sqrt5;QPSK_0_plus1_1_minus1"",""code_blocks"":1,""decoder_config"":{""cn_schedule"":""flooding"",""cn_update"":""boxplus-phi"",""early_stop"":false,""hard_out"":true,""harq_mode"":false,""llr_max"":20.0,""num_iter"":20,""precision"":""single"",""prune_pcm"":true,""return_infobits"":true,""vn_update"":""sum""},""implementation"":{""bit_mapping"":""component_Gray_00_-3_01_-1_10_3_11_1_over_sqrt5;QPSK_0_plus1_1_minus1"",""cuda"":""12.8"",""decoder"":{""cn_schedule"":""flooding"",""cn_update"":""boxplus-phi"",""early_stop"":false,""hard_out"":true,""harq_mode"":false,""llr_max"":20.0,""num_iter"":20,""precision"":""single"",""prune_pcm"":true,""return_infobits"":true,""vn_update"":""sum""},""decoder_source_sha256"":""44d84b92b749e2970f94d92cd348a11648e2286b4d851faa0af8b21d08f0da23"",""encoder_source_sha256"":""34d8db6660b2e84708a8fb534f63c194f6f2b964e3693fcffc9dcaf21532ccfd"",""implementation"":""Sionna_5G_LDPC"",""power_protocol"":""fixed_constellation_average_Es2"",""precision"":""float32"",""rate_matching"":""Sionna RV0; filler removal, first2Z and tail puncturing; supported n only"",""scrambling"":""public_PCG64_SHA256_protocol_session_frame_group_counter_after_rate_matching_v1"",""torch"":""2.11.0+cu128"",""version"":""2.2.0""},""interleaver_sha256"":""356ee3c98f367e9a721d05c34de4ac6499a71c5e109a8f568f029beed089508b"",""k"":4936,""k_filler"":344,""k_ldpc"":5280,""layout_id"":""5eb068258da270a33ad04f473d6a82dd4bcd2668a0ff111887918734bf65be0b"",""modulation_padding_bits"":0,""mother_bits"":16320,""n"":6584,""n_cb"":15840,""n_cb_comp"":15496,""power_protocol"":""fixed_constellation_average_Es2"",""puncturing_bits"":9392,""puncturing_first_2Z"":480,""puncturing_remaining"":8912,""repetition_bits"":0,""scrambling"":""public_PCG64_SHA256_protocol_session_frame_group_counter_after_rate_matching_v1"",""shortening_bits"":344,""z"":240}",[2048]
QPSK,3/4,QPSK:r3/4,f8f7ccc0f58adafd44ebe8272af31be1860f56e2abf9b5ce46b404faa8fd1913,1800,16,0,1816,1920,104,9984,3272,1636,0,0.5550122249388753,0.5501222493887531,"{""actual_effective_rate"":0.5550122249388753,""bg"":""bg2"",""bit_mapping"":""component_Gray_00_-3_01_-1_10_3_11_1_over_sqrt5;QPSK_0_plus1_1_minus1"",""code_blocks"":1,""decoder_config"":{""cn_schedule"":""flooding"",""cn_update"":""boxplus-phi"",""early_stop"":false,""hard_out"":true,""harq_mode"":false,""llr_max"":20.0,""num_iter"":20,""precision"":""single"",""prune_pcm"":true,""return_infobits"":true,""vn_update"":""sum""},""implementation"":{""bit_mapping"":""component_Gray_00_-3_01_-1_10_3_11_1_over_sqrt5;QPSK_0_plus1_1_minus1"",""cuda"":""12.8"",""decoder"":{""cn_schedule"":""flooding"",""cn_update"":""boxplus-phi"",""early_stop"":false,""hard_out"":true,""harq_mode"":false,""llr_max"":20.0,""num_iter"":20,""precision"":""single"",""prune_pcm"":true,""return_infobits"":true,""vn_update"":""sum""},""decoder_source_sha256"":""44d84b92b749e2970f94d92cd348a11648e2286b4d851faa0af8b21d08f0da23"",""encoder_source_sha256"":""34d8db6660b2e84708a8fb534f63c194f6f2b964e3693fcffc9dcaf21532ccfd"",""implementation"":""Sionna_5G_LDPC"",""power_protocol"":""fixed_constellation_average_Es2"",""precision"":""float32"",""rate_matching"":""Sionna RV0; filler removal, first2Z and tail puncturing; supported n only"",""scrambling"":""public_PCG64_SHA256_protocol_session_frame_group_counter_after_rate_matching_v1"",""torch"":""2.11.0+cu128"",""version"":""2.2.0""},""interleaver_sha256"":""5685ca1b599a53ed716e358bc222953bb31d7ba08617d4e1cecdfb63f474fbdf"",""k"":1816,""k_filler"":104,""k_ldpc"":1920,""layout_id"":""be523442ea8cc0674b5f48dce3cb11604033e5464f329da9517067d306a95913"",""modulation_padding_bits"":0,""mother_bits"":9984,""n"":3272,""n_cb"":9600,""n_cb_comp"":9496,""power_protocol"":""fixed_constellation_average_Es2"",""puncturing_bits"":6608,""puncturing_first_2Z"":384,""puncturing_remaining"":6224,""repetition_bits"":0,""scrambling"":""public_PCG64_SHA256_protocol_session_frame_group_counter_after_rate_matching_v1"",""shortening_bits"":104,""z"":192}",[2048]
QPSK,1/3,QPSK:r1/3,f8f84cd48ecf741038965b4a8bbf6b76ac51c9adc3ca05e1631d5836916d8f44,1092,16,0,1108,1120,12,5824,3622,1811,0,0.3059083379348426,0.3014908890115958,"{""actual_effective_rate"":0.3059083379348426,""bg"":""bg2"",""bit_mapping"":""component_Gray_00_-3_01_-1_10_3_11_1_over_sqrt5;QPSK_0_plus1_1_minus1"",""code_blocks"":1,""decoder_config"":{""cn_schedule"":""flooding"",""cn_update"":""boxplus-phi"",""early_stop"":false,""hard_out"":true,""harq_mode"":false,""llr_max"":20.0,""num_iter"":20,""precision"":""single"",""prune_pcm"":true,""return_infobits"":true,""vn_update"":""sum""},""implementation"":{""bit_mapping"":""component_Gray_00_-3_01_-1_10_3_11_1_over_sqrt5;QPSK_0_plus1_1_minus1"",""cuda"":""12.8"",""decoder"":{""cn_schedule"":""flooding"",""cn_update"":""boxplus-phi"",""early_stop"":false,""hard_out"":true,""harq_mode"":false,""llr_max"":20.0,""num_iter"":20,""precision"":""single"",""prune_pcm"":true,""return_infobits"":true,""vn_update"":""sum""},""decoder_source_sha256"":""44d84b92b749e2970f94d92cd348a11648e2286b4d851faa0af8b21d08f0da23"",""encoder_source_sha256"":""34d8db6660b2e84708a8fb534f63c194f6f2b964e3693fcffc9dcaf21532ccfd"",""implementation"":""Sionna_5G_LDPC"",""power_protocol"":""fixed_constellation_average_Es2"",""precision"":""float32"",""rate_matching"":""Sionna RV0; filler removal, first2Z and tail puncturing; supported n only"",""scrambling"":""public_PCG64_SHA256_protocol_session_frame_group_counter_after_rate_matching_v1"",""torch"":""2.11.0+cu128"",""version"":""2.2.0""},""interleaver_sha256"":""8ba187c500f467676a9df794e3f16b045c4d511b8974d80cd910f35fc0fa04a7"",""k"":1108,""k_filler"":12,""k_ldpc"":1120,""layout_id"":""ad224707aa2e6f0a1925610a1c8518e3fa6191452e0480530ac2c7465ce5b59d"",""modulation_padding_bits"":0,""mother_bits"":5824,""n"":3622,""n_cb"":5600,""n_cb_comp"":5588,""power_protocol"":""fixed_constellation_average_Es2"",""puncturing_bits"":2190,""puncturing_first_2Z"":224,""puncturing_remaining"":1966,""repetition_bits"":0,""scrambling"":""public_PCG64_SHA256_protocol_session_frame_group_counter_after_rate_matching_v1"",""shortening_bits"":12,""z"":112}",[2048]
QPSK,5/6,QPSK:r5/6,f9035ef65ce7446fb330bfe427e42f35171f562b55dc284d2a76a65093190fc7,1116,16,0,1132,1144,12,3536,1496,748,0,0.7566844919786097,0.7459893048128342,"{""actual_effective_rate"":0.7566844919786097,""bg"":""bg1"",""bit_mapping"":""component_Gray_00_-3_01_-1_10_3_11_1_over_sqrt5;QPSK_0_plus1_1_minus1"",""code_blocks"":1,""decoder_config"":{""cn_schedule"":""flooding"",""cn_update"":""boxplus-phi"",""early_stop"":false,""hard_out"":true,""harq_mode"":false,""llr_max"":20.0,""num_iter"":20,""precision"":""single"",""prune_pcm"":true,""return_infobits"":true,""vn_update"":""sum""},""implementation"":{""bit_mapping"":""component_Gray_00_-3_01_-1_10_3_11_1_over_sqrt5;QPSK_0_plus1_1_minus1"",""cuda"":""12.8"",""decoder"":{""cn_schedule"":""flooding"",""cn_update"":""boxplus-phi"",""early_stop"":false,""hard_out"":true,""harq_mode"":false,""llr_max"":20.0,""num_iter"":20,""precision"":""single"",""prune_pcm"":true,""return_infobits"":true,""vn_update"":""sum""},""decoder_source_sha256"":""44d84b92b749e2970f94d92cd348a11648e2286b4d851faa0af8b21d08f0da23"",""encoder_source_sha256"":""34d8db6660b2e84708a8fb534f63c194f6f2b964e3693fcffc9dcaf21532ccfd"",""implementation"":""Sionna_5G_LDPC"",""power_protocol"":""fixed_constellation_average_Es2"",""precision"":""float32"",""rate_matching"":""Sionna RV0; filler removal, first2Z and tail puncturing; supported n only"",""scrambling"":""public_PCG64_SHA256_protocol_session_frame_group_counter_after_rate_matching_v1"",""torch"":""2.11.0+cu128"",""version"":""2.2.0""},""interleaver_sha256"":""22477c2fa9d453e87225f4a7709c9aa2cab5428abcc0706b110a0eebd85ed3f2"",""k"":1132,""k_filler"":12,""k_ldpc"":1144,""layout_id"":""7bd0d01ef558ffef18abc892648856b2ba7d65579ef22d7e68fb0f176f5386d8"",""modulation_padding_bits"":0,""mother_bits"":3536,""n"":1496,""n_cb"":3432,""n_cb_comp"":3420,""power_protocol"":""fixed_constellation_average_Es2"",""puncturing_bits"":2028,""puncturing_first_2Z"":104,""puncturing_remaining"":1924,""repetition_bits"":0,""scrambling"":""public_PCG64_SHA256_protocol_session_frame_group_counter_after_rate_matching_v1"",""shortening_bits"":12,""z"":52}",[1024]
QPSK,2/3,QPSK:r2/3,f909bb6070e8a1da6e678189aa897c29b07baa9ccd66971219231cde8734e3a3,1116,16,0,1132,1200,68,6240,1702,851,0,0.6650998824911868,0.6556991774383079,"{""actual_effective_rate"":0.6650998824911868,""bg"":""bg2"",""bit_mapping"":""component_Gray_00_-3_01_-1_10_3_11_1_over_sqrt5;QPSK_0_plus1_1_minus1"",""code_blocks"":1,""decoder_config"":{""cn_schedule"":""flooding"",""cn_update"":""boxplus-phi"",""early_stop"":false,""hard_out"":true,""harq_mode"":false,""llr_max"":20.0,""num_iter"":20,""precision"":""single"",""prune_pcm"":true,""return_infobits"":true,""vn_update"":""sum""},""implementation"":{""bit_mapping"":""component_Gray_00_-3_01_-1_10_3_11_1_over_sqrt5;QPSK_0_plus1_1_minus1"",""cuda"":""12.8"",""decoder"":{""cn_schedule"":""flooding"",""cn_update"":""boxplus-phi"",""early_stop"":false,""hard_out"":true,""harq_mode"":false,""llr_max"":20.0,""num_iter"":20,""precision"":""single"",""prune_pcm"":true,""return_infobits"":true,""vn_update"":""sum""},""decoder_source_sha256"":""44d84b92b749e2970f94d92cd348a11648e2286b4d851faa0af8b21d08f0da23"",""encoder_source_sha256"":""34d8db6660b2e84708a8fb534f63c194f6f2b964e3693fcffc9dcaf21532ccfd"",""implementation"":""Sionna_5G_LDPC"",""power_protocol"":""fixed_constellation_average_Es2"",""precision"":""float32"",""rate_matching"":""Sionna RV0; filler removal, first2Z and tail puncturing; supported n only"",""scrambling"":""public_PCG64_SHA256_protocol_session_frame_group_counter_after_rate_matching_v1"",""torch"":""2.11.0+cu128"",""version"":""2.2.0""},""interleaver_sha256"":""f3b5fd260c35de5259a927f6fcb2b6d2a937ab85cb81b8a867194d96337fdecc"",""k"":1132,""k_filler"":68,""k_ldpc"":1200,""layout_id"":""a49d5987094745f1794dca793743daf25cca60602bbf3a04ff7b2d7b33e1f908"",""modulation_padding_bits"":0,""mother_bits"":6240,""n"":1702,""n_cb"":6000,""n_cb_comp"":5932,""power_protocol"":""fixed_constellation_average_Es2"",""puncturing_bits"":4470,""puncturing_first_2Z"":240,""puncturing_remaining"":4230,""repetition_bits"":0,""scrambling"":""public_PCG64_SHA256_protocol_session_frame_group_counter_after_rate_matching_v1"",""shortening_bits"":68,""z"":120}",[2048]
16QAM,5/6,16QAM:r5/6,f90d50cf9551cd63abcc1d1712f8d1bc4e3a692fea259de4b1433fd75182f120,192,16,0,208,260,52,1352,300,75,0,0.6933333333333334,0.64,"{""actual_effective_rate"":0.6933333333333334,""bg"":""bg2"",""bit_mapping"":""component_Gray_00_-3_01_-1_10_3_11_1_over_sqrt5;QPSK_0_plus1_1_minus1"",""code_blocks"":1,""decoder_config"":{""cn_schedule"":""flooding"",""cn_update"":""boxplus-phi"",""early_stop"":false,""hard_out"":true,""harq_mode"":false,""llr_max"":20.0,""num_iter"":20,""precision"":""single"",""prune_pcm"":true,""return_infobits"":true,""vn_update"":""sum""},""implementation"":{""bit_mapping"":""component_Gray_00_-3_01_-1_10_3_11_1_over_sqrt5;QPSK_0_plus1_1_minus1"",""cuda"":""12.8"",""decoder"":{""cn_schedule"":""flooding"",""cn_update"":""boxplus-phi"",""early_stop"":false,""hard_out"":true,""harq_mode"":false,""llr_max"":20.0,""num_iter"":20,""precision"":""single"",""prune_pcm"":true,""return_infobits"":true,""vn_update"":""sum""},""decoder_source_sha256"":""44d84b92b749e2970f94d92cd348a11648e2286b4d851faa0af8b21d08f0da23"",""encoder_source_sha256"":""34d8db6660b2e84708a8fb534f63c194f6f2b964e3693fcffc9dcaf21532ccfd"",""implementation"":""Sionna_5G_LDPC"",""power_protocol"":""fixed_constellation_average_Es2"",""precision"":""float32"",""rate_matching"":""Sionna RV0; filler removal, first2Z and tail puncturing; supported n only"",""scrambling"":""public_PCG64_SHA256_protocol_session_frame_group_counter_after_rate_matching_v1"",""torch"":""2.11.0+cu128"",""version"":""2.2.0""},""interleaver_sha256"":""018881253d0c619d6463a0389909e87f21af09ebf5a27cb6c84aceb83d22236f"",""k"":208,""k_filler"":52,""k_ldpc"":260,""layout_id"":""129f38d29a0ce2457f8602cf3ee4c8896b941575c2641dac82a6781a2a853639"",""modulation_padding_bits"":0,""mother_bits"":1352,""n"":300,""n_cb"":1300,""n_cb_comp"":1248,""power_protocol"":""fixed_constellation_average_Es2"",""puncturing_bits"":1000,""puncturing_first_2Z"":52,""puncturing_remaining"":948,""repetition_bits"":0,""scrambling"":""public_PCG64_SHA256_protocol_session_frame_group_counter_after_rate_matching_v1"",""shortening_bits"":52,""z"":26}",[1024]
QPSK,1/3,QPSK:r1/3,f9147f1c9e60217e5a809e330bf0b810c475e76d43b38647754e338fb6d2814f,660,16,0,676,720,44,3744,3038,1519,0,0.22251481237656354,0.21724818959842002,"{""actual_effective_rate"":0.22251481237656354,""bg"":""bg2"",""bit_mapping"":""component_Gray_00_-3_01_-1_10_3_11_1_over_sqrt5;QPSK_0_plus1_1_minus1"",""code_blocks"":1,""decoder_config"":{""cn_schedule"":""flooding"",""cn_update"":""boxplus-phi"",""early_stop"":false,""hard_out"":true,""harq_mode"":false,""llr_max"":20.0,""num_iter"":20,""precision"":""single"",""prune_pcm"":true,""return_infobits"":true,""vn_update"":""sum""},""implementation"":{""bit_mapping"":""component_Gray_00_-3_01_-1_10_3_11_1_over_sqrt5;QPSK_0_plus1_1_minus1"",""cuda"":""12.8"",""decoder"":{""cn_schedule"":""flooding"",""cn_update"":""boxplus-phi"",""early_stop"":false,""hard_out"":true,""harq_mode"":false,""llr_max"":20.0,""num_iter"":20,""precision"":""single"",""prune_pcm"":true,""return_infobits"":true,""vn_update"":""sum""},""decoder_source_sha256"":""44d84b92b749e2970f94d92cd348a11648e2286b4d851faa0af8b21d08f0da23"",""encoder_source_sha256"":""34d8db6660b2e84708a8fb534f63c194f6f2b964e3693fcffc9dcaf21532ccfd"",""implementation"":""Sionna_5G_LDPC"",""power_protocol"":""fixed_constellation_average_Es2"",""precision"":""float32"",""rate_matching"":""Sionna RV0; filler removal, first2Z and tail puncturing; supported n only"",""scrambling"":""public_PCG64_SHA256_protocol_session_frame_group_counter_after_rate_matching_v1"",""torch"":""2.11.0+cu128"",""version"":""2.2.0""},""interleaver_sha256"":""188d0cd1f0d29f3834d6f78ed56b48838c97ec8bdd29ec2812770c54cb47bc98"",""k"":676,""k_filler"":44,""k_ldpc"":720,""layout_id"":""11b7609f3183ffc2205a7f3cdd1975b0763e59d6d88e755a4ffa11690fe235f4"",""modulation_padding_bits"":0,""mother_bits"":3744,""n"":3038,""n_cb"":3600,""n_cb_comp"":3556,""power_protocol"":""fixed_constellation_average_Es2"",""puncturing_bits"":662,""puncturing_first_2Z"":144,""puncturing_remaining"":518,""repetition_bits"":0,""scrambling"":""public_PCG64_SHA256_protocol_session_frame_group_counter_after_rate_matching_v1"",""shortening_bits"":44,""z"":72}",[2048]
16QAM,1/2,16QAM:r1/2,f9299694b30a93d3dc154f1c2369eeadcdd0e00457fe17cae0486bbdf467938c,660,16,0,676,720,44,3744,1652,413,0,0.4092009685230024,0.39951573849878935,"{""actual_effective_rate"":0.4092009685230024,""bg"":""bg2"",""bit_mapping"":""component_Gray_00_-3_01_-1_10_3_11_1_over_sqrt5;QPSK_0_plus1_1_minus1"",""code_blocks"":1,""decoder_config"":{""cn_schedule"":""flooding"",""cn_update"":""boxplus-phi"",""early_stop"":false,""hard_out"":true,""harq_mode"":false,""llr_max"":20.0,""num_iter"":20,""precision"":""single"",""prune_pcm"":true,""return_infobits"":true,""vn_update"":""sum""},""implementation"":{""bit_mapping"":""component_Gray_00_-3_01_-1_10_3_11_1_over_sqrt5;QPSK_0_plus1_1_minus1"",""cuda"":""12.8"",""decoder"":{""cn_schedule"":""flooding"",""cn_update"":""boxplus-phi"",""early_stop"":false,""hard_out"":true,""harq_mode"":false,""llr_max"":20.0,""num_iter"":20,""precision"":""single"",""prune_pcm"":true,""return_infobits"":true,""vn_update"":""sum""},""decoder_source_sha256"":""44d84b92b749e2970f94d92cd348a11648e2286b4d851faa0af8b21d08f0da23"",""encoder_source_sha256"":""34d8db6660b2e84708a8fb534f63c194f6f2b964e3693fcffc9dcaf21532ccfd"",""implementation"":""Sionna_5G_LDPC"",""power_protocol"":""fixed_constellation_average_Es2"",""precision"":""float32"",""rate_matching"":""Sionna RV0; filler removal, first2Z and tail puncturing; supported n only"",""scrambling"":""public_PCG64_SHA256_protocol_session_frame_group_counter_after_rate_matching_v1"",""torch"":""2.11.0+cu128"",""version"":""2.2.0""},""interleaver_sha256"":""c5f72ea5c13f2c264c019990b37ec01fe4beab854b2f80ce2a7e8f510df95add"",""k"":676,""k_filler"":44,""k_ldpc"":720,""layout_id"":""184ba07f1f48cf3b7a8c5d1ee0e8c61165820d5ba37db9c54a82eb8f0b32e535"",""modulation_padding_bits"":0,""mother_bits"":3744,""n"":1652,""n_cb"":3600,""n_cb_comp"":3556,""power_protocol"":""fixed_constellation_average_Es2"",""puncturing_bits"":2048,""puncturing_first_2Z"":144,""puncturing_remaining"":1904,""repetition_bits"":0,""scrambling"":""public_PCG64_SHA256_protocol_session_frame_group_counter_after_rate_matching_v1"",""shortening_bits"":44,""z"":72}",[2048]
QPSK,1/3,QPSK:r1/3,f92abbf8185485202faf2a63983facc7b984edd33cdcf69cb8efd9e11421b7de,300,16,0,316,400,84,2080,948,474,0,0.3333333333333333,0.31645569620253167,"{""actual_effective_rate"":0.3333333333333333,""bg"":""bg2"",""bit_mapping"":""component_Gray_00_-3_01_-1_10_3_11_1_over_sqrt5;QPSK_0_plus1_1_minus1"",""code_blocks"":1,""decoder_config"":{""cn_schedule"":""flooding"",""cn_update"":""boxplus-phi"",""early_stop"":false,""hard_out"":true,""harq_mode"":false,""llr_max"":20.0,""num_iter"":20,""precision"":""single"",""prune_pcm"":true,""return_infobits"":true,""vn_update"":""sum""},""implementation"":{""bit_mapping"":""component_Gray_00_-3_01_-1_10_3_11_1_over_sqrt5;QPSK_0_plus1_1_minus1"",""cuda"":""12.8"",""decoder"":{""cn_schedule"":""flooding"",""cn_update"":""boxplus-phi"",""early_stop"":false,""hard_out"":true,""harq_mode"":false,""llr_max"":20.0,""num_iter"":20,""precision"":""single"",""prune_pcm"":true,""return_infobits"":true,""vn_update"":""sum""},""decoder_source_sha256"":""44d84b92b749e2970f94d92cd348a11648e2286b4d851faa0af8b21d08f0da23"",""encoder_source_sha256"":""34d8db6660b2e84708a8fb534f63c194f6f2b964e3693fcffc9dcaf21532ccfd"",""implementation"":""Sionna_5G_LDPC"",""power_protocol"":""fixed_constellation_average_Es2"",""precision"":""float32"",""rate_matching"":""Sionna RV0; filler removal, first2Z and tail puncturing; supported n only"",""scrambling"":""public_PCG64_SHA256_protocol_session_frame_group_counter_after_rate_matching_v1"",""torch"":""2.11.0+cu128"",""version"":""2.2.0""},""interleaver_sha256"":""27720b331851ddef8e2778f1ea1e8c95449429d792a065d5f496602c4195572e"",""k"":316,""k_filler"":84,""k_ldpc"":400,""layout_id"":""b8007d24ba12799599872b95108d256d33fe4d898cedc104470bc22db6291a14"",""modulation_padding_bits"":0,""mother_bits"":2080,""n"":948,""n_cb"":2000,""n_cb_comp"":1916,""power_protocol"":""fixed_constellation_average_Es2"",""puncturing_bits"":1048,""puncturing_first_2Z"":80,""puncturing_remaining"":968,""repetition_bits"":0,""scrambling"":""public_PCG64_SHA256_protocol_session_frame_group_counter_after_rate_matching_v1"",""shortening_bits"":84,""z"":40}","[1024,2048]"
16QAM,3/4,16QAM:r3/4,f92b164c042c0feb5f5a48d0a8b9a1c55fd62c77d4f990da3c00eddb82570c12,2700,16,0,2716,2880,164,14976,5596,1399,0,0.4853466761972838,0.48248749106504646,"{""actual_effective_rate"":0.4853466761972838,""bg"":""bg2"",""bit_mapping"":""component_Gray_00_-3_01_-1_10_3_11_1_over_sqrt5;QPSK_0_plus1_1_minus1"",""code_blocks"":1,""decoder_config"":{""cn_schedule"":""flooding"",""cn_update"":""boxplus-phi"",""early_stop"":false,""hard_out"":true,""harq_mode"":false,""llr_max"":20.0,""num_iter"":20,""precision"":""single"",""prune_pcm"":true,""return_infobits"":true,""vn_update"":""sum""},""implementation"":{""bit_mapping"":""component_Gray_00_-3_01_-1_10_3_11_1_over_sqrt5;QPSK_0_plus1_1_minus1"",""cuda"":""12.8"",""decoder"":{""cn_schedule"":""flooding"",""cn_update"":""boxplus-phi"",""early_stop"":false,""hard_out"":true,""harq_mode"":false,""llr_max"":20.0,""num_iter"":20,""precision"":""single"",""prune_pcm"":true,""return_infobits"":true,""vn_update"":""sum""},""decoder_source_sha256"":""44d84b92b749e2970f94d92cd348a11648e2286b4d851faa0af8b21d08f0da23"",""encoder_source_sha256"":""34d8db6660b2e84708a8fb534f63c194f6f2b964e3693fcffc9dcaf21532ccfd"",""implementation"":""Sionna_5G_LDPC"",""power_protocol"":""fixed_constellation_average_Es2"",""precision"":""float32"",""rate_matching"":""Sionna RV0; filler removal, first2Z and tail puncturing; supported n only"",""scrambling"":""public_PCG64_SHA256_protocol_session_frame_group_counter_after_rate_matching_v1"",""torch"":""2.11.0+cu128"",""version"":""2.2.0""},""interleaver_sha256"":""26ec46129ff6796f2dc7c60813a41aec378da7d04474e51fd2c785101daa1476"",""k"":2716,""k_filler"":164,""k_ldpc"":2880,""layout_id"":""e97316e4f833764f757264e266f0821192f2c9b801579e669fc3c37834c67a88"",""modulation_padding_bits"":0,""mother_bits"":14976,""n"":5596,""n_cb"":14400,""n_cb_comp"":14236,""power_protocol"":""fixed_constellation_average_Es2"",""puncturing_bits"":9216,""puncturing_first_2Z"":576,""puncturing_remaining"":8640,""repetition_bits"":0,""scrambling"":""public_PCG64_SHA256_protocol_session_frame_group_counter_after_rate_matching_v1"",""shortening_bits"":164,""z"":288}",[2048]
16QAM,1/2,16QAM:r1/2,f92d6bf0e4ebc6d878e3631a7ad238c67fe47cf47abf5a2bfe417ff7b9577d79,360,16,0,376,480,104,2496,1144,286,0,0.32867132867132864,0.3146853146853147,"{""actual_effective_rate"":0.32867132867132864,""bg"":""bg2"",""bit_mapping"":""component_Gray_00_-3_01_-1_10_3_11_1_over_sqrt5;QPSK_0_plus1_1_minus1"",""code_blocks"":1,""decoder_config"":{""cn_schedule"":""flooding"",""cn_update"":""boxplus-phi"",""early_stop"":false,""hard_out"":true,""harq_mode"":false,""llr_max"":20.0,""num_iter"":20,""precision"":""single"",""prune_pcm"":true,""return_infobits"":true,""vn_update"":""sum""},""implementation"":{""bit_mapping"":""component_Gray_00_-3_01_-1_10_3_11_1_over_sqrt5;QPSK_0_plus1_1_minus1"",""cuda"":""12.8"",""decoder"":{""cn_schedule"":""flooding"",""cn_update"":""boxplus-phi"",""early_stop"":false,""hard_out"":true,""harq_mode"":false,""llr_max"":20.0,""num_iter"":20,""precision"":""single"",""prune_pcm"":true,""return_infobits"":true,""vn_update"":""sum""},""decoder_source_sha256"":""44d84b92b749e2970f94d92cd348a11648e2286b4d851faa0af8b21d08f0da23"",""encoder_source_sha256"":""34d8db6660b2e84708a8fb534f63c194f6f2b964e3693fcffc9dcaf21532ccfd"",""implementation"":""Sionna_5G_LDPC"",""power_protocol"":""fixed_constellation_average_Es2"",""precision"":""float32"",""rate_matching"":""Sionna RV0; filler removal, first2Z and tail puncturing; supported n only"",""scrambling"":""public_PCG64_SHA256_protocol_session_frame_group_counter_after_rate_matching_v1"",""torch"":""2.11.0+cu128"",""version"":""2.2.0""},""interleaver_sha256"":""39d0a60eff7762d8922b20d33d2a33f7a200c8d988cc0294d14b604612f009ba"",""k"":376,""k_filler"":104,""k_ldpc"":480,""layout_id"":""4e3071954970203e14c202af8641107817d2d8a307ae01c5a99ba7844d730555"",""modulation_padding_bits"":0,""mother_bits"":2496,""n"":1144,""n_cb"":2400,""n_cb_comp"":2296,""power_protocol"":""fixed_constellation_average_Es2"",""puncturing_bits"":1248,""puncturing_first_2Z"":96,""puncturing_remaining"":1152,""repetition_bits"":0,""scrambling"":""public_PCG64_SHA256_protocol_session_frame_group_counter_after_rate_matching_v1"",""shortening_bits"":104,""z"":48}","[1024,2048]"
QPSK,3/4,QPSK:r3/4,f9349ab3276bf3eefe70299814a00e8bf90f4290ca054bfb02057e5b725b5bd4,1860,16,0,1876,1920,44,9984,2872,1436,0,0.6532033426183844,0.6476323119777159,"{""actual_effective_rate"":0.6532033426183844,""bg"":""bg2"",""bit_mapping"":""component_Gray_00_-3_01_-1_10_3_11_1_over_sqrt5;QPSK_0_plus1_1_minus1"",""code_blocks"":1,""decoder_config"":{""cn_schedule"":""flooding"",""cn_update"":""boxplus-phi"",""early_stop"":false,""hard_out"":true,""harq_mode"":false,""llr_max"":20.0,""num_iter"":20,""precision"":""single"",""prune_pcm"":true,""return_infobits"":true,""vn_update"":""sum""},""implementation"":{""bit_mapping"":""component_Gray_00_-3_01_-1_10_3_11_1_over_sqrt5;QPSK_0_plus1_1_minus1"",""cuda"":""12.8"",""decoder"":{""cn_schedule"":""flooding"",""cn_update"":""boxplus-phi"",""early_stop"":false,""hard_out"":true,""harq_mode"":false,""llr_max"":20.0,""num_iter"":20,""precision"":""single"",""prune_pcm"":true,""return_infobits"":true,""vn_update"":""sum""},""decoder_source_sha256"":""44d84b92b749e2970f94d92cd348a11648e2286b4d851faa0af8b21d08f0da23"",""encoder_source_sha256"":""34d8db6660b2e84708a8fb534f63c194f6f2b964e3693fcffc9dcaf21532ccfd"",""implementation"":""Sionna_5G_LDPC"",""power_protocol"":""fixed_constellation_average_Es2"",""precision"":""float32"",""rate_matching"":""Sionna RV0; filler removal, first2Z and tail puncturing; supported n only"",""scrambling"":""public_PCG64_SHA256_protocol_session_frame_group_counter_after_rate_matching_v1"",""torch"":""2.11.0+cu128"",""version"":""2.2.0""},""interleaver_sha256"":""c51fe7f074380db1b4ee1fd7525886d7118f78cceabab18934a0cbfe432fc153"",""k"":1876,""k_filler"":44,""k_ldpc"":1920,""layout_id"":""70256c707a5dde09f4b86ecf1689370221f133239311fc660fcd2cc1690679a4"",""modulation_padding_bits"":0,""mother_bits"":9984,""n"":2872,""n_cb"":9600,""n_cb_comp"":9556,""power_protocol"":""fixed_constellation_average_Es2"",""puncturing_bits"":7068,""puncturing_first_2Z"":384,""puncturing_remaining"":6684,""repetition_bits"":0,""scrambling"":""public_PCG64_SHA256_protocol_session_frame_group_counter_after_rate_matching_v1"",""shortening_bits"":44,""z"":192}",[2048]
16QAM,1/3,16QAM:r1/3,f941ea87e3ad5b6265c6beb467645f280616d199c1360d3e571ff2a03ec13fcc,768,16,0,784,800,16,4160,2352,588,0,0.3333333333333333,0.32653061224489793,"{""actual_effective_rate"":0.3333333333333333,""bg"":""bg2"",""bit_mapping"":""component_Gray_00_-3_01_-1_10_3_11_1_over_sqrt5;QPSK_0_plus1_1_minus1"",""code_blocks"":1,""decoder_config"":{""cn_schedule"":""flooding"",""cn_update"":""boxplus-phi"",""early_stop"":false,""hard_out"":true,""harq_mode"":false,""llr_max"":20.0,""num_iter"":20,""precision"":""single"",""prune_pcm"":true,""return_infobits"":true,""vn_update"":""sum""},""implementation"":{""bit_mapping"":""component_Gray_00_-3_01_-1_10_3_11_1_over_sqrt5;QPSK_0_plus1_1_minus1"",""cuda"":""12.8"",""decoder"":{""cn_schedule"":""flooding"",""cn_update"":""boxplus-phi"",""early_stop"":false,""hard_out"":true,""harq_mode"":false,""llr_max"":20.0,""num_iter"":20,""precision"":""single"",""prune_pcm"":true,""return_infobits"":true,""vn_update"":""sum""},""decoder_source_sha256"":""44d84b92b749e2970f94d92cd348a11648e2286b4d851faa0af8b21d08f0da23"",""encoder_source_sha256"":""34d8db6660b2e84708a8fb534f63c194f6f2b964e3693fcffc9dcaf21532ccfd"",""implementation"":""Sionna_5G_LDPC"",""power_protocol"":""fixed_constellation_average_Es2"",""precision"":""float32"",""rate_matching"":""Sionna RV0; filler removal, first2Z and tail puncturing; supported n only"",""scrambling"":""public_PCG64_SHA256_protocol_session_frame_group_counter_after_rate_matching_v1"",""torch"":""2.11.0+cu128"",""version"":""2.2.0""},""interleaver_sha256"":""12a6bdbb0f15ecf17d067fc06fb9926b77dc25445fe727d983eddf37e908784a"",""k"":784,""k_filler"":16,""k_ldpc"":800,""layout_id"":""ac6305b1b46c29f1b9e8f45e68b547f174ad7b18e53d484d6f401c76b82938cb"",""modulation_padding_bits"":0,""mother_bits"":4160,""n"":2352,""n_cb"":4000,""n_cb_comp"":3984,""power_protocol"":""fixed_constellation_average_Es2"",""puncturing_bits"":1792,""puncturing_first_2Z"":160,""puncturing_remaining"":1632,""repetition_bits"":0,""scrambling"":""public_PCG64_SHA256_protocol_session_frame_group_counter_after_rate_matching_v1"",""shortening_bits"":16,""z"":80}","[1024,2048]"
QPSK,2/3,QPSK:r2/3,f9551af1d2a9bebe44b2b6b8c1e706dbbfc9ffde5c4487887487ca7521551ffc,1800,16,0,1816,1920,104,9984,3656,1828,0,0.49671772428884026,0.4923413566739606,"{""actual_effective_rate"":0.49671772428884026,""bg"":""bg2"",""bit_mapping"":""component_Gray_00_-3_01_-1_10_3_11_1_over_sqrt5;QPSK_0_plus1_1_minus1"",""code_blocks"":1,""decoder_config"":{""cn_schedule"":""flooding"",""cn_update"":""boxplus-phi"",""early_stop"":false,""hard_out"":true,""harq_mode"":false,""llr_max"":20.0,""num_iter"":20,""precision"":""single"",""prune_pcm"":true,""return_infobits"":true,""vn_update"":""sum""},""implementation"":{""bit_mapping"":""component_Gray_00_-3_01_-1_10_3_11_1_over_sqrt5;QPSK_0_plus1_1_minus1"",""cuda"":""12.8"",""decoder"":{""cn_schedule"":""flooding"",""cn_update"":""boxplus-phi"",""early_stop"":false,""hard_out"":true,""harq_mode"":false,""llr_max"":20.0,""num_iter"":20,""precision"":""single"",""prune_pcm"":true,""return_infobits"":true,""vn_update"":""sum""},""decoder_source_sha256"":""44d84b92b749e2970f94d92cd348a11648e2286b4d851faa0af8b21d08f0da23"",""encoder_source_sha256"":""34d8db6660b2e84708a8fb534f63c194f6f2b964e3693fcffc9dcaf21532ccfd"",""implementation"":""Sionna_5G_LDPC"",""power_protocol"":""fixed_constellation_average_Es2"",""precision"":""float32"",""rate_matching"":""Sionna RV0; filler removal, first2Z and tail puncturing; supported n only"",""scrambling"":""public_PCG64_SHA256_protocol_session_frame_group_counter_after_rate_matching_v1"",""torch"":""2.11.0+cu128"",""version"":""2.2.0""},""interleaver_sha256"":""a20b92848434b39124d33a6d36e65478d4e0168ebbf8acf3696d91a4634c086d"",""k"":1816,""k_filler"":104,""k_ldpc"":1920,""layout_id"":""3928ba79c90c6e0a6293084cacce4a1cc24cb30f50d95b6ae883c2a51dc396cf"",""modulation_padding_bits"":0,""mother_bits"":9984,""n"":3656,""n_cb"":9600,""n_cb_comp"":9496,""power_protocol"":""fixed_constellation_average_Es2"",""puncturing_bits"":6224,""puncturing_first_2Z"":384,""puncturing_remaining"":5840,""repetition_bits"":0,""scrambling"":""public_PCG64_SHA256_protocol_session_frame_group_counter_after_rate_matching_v1"",""shortening_bits"":104,""z"":192}",[2048]
QPSK,1/3,QPSK:r1/3,f958cf417e81cc59acb1193296e1e38ff9edc4f1d14abf76e0d88eac0e1427c9,1176,16,0,1192,1200,8,6240,3582,1791,0,0.3327749860413177,0.32830820770519265,"{""actual_effective_rate"":0.3327749860413177,""bg"":""bg2"",""bit_mapping"":""component_Gray_00_-3_01_-1_10_3_11_1_over_sqrt5;QPSK_0_plus1_1_minus1"",""code_blocks"":1,""decoder_config"":{""cn_schedule"":""flooding"",""cn_update"":""boxplus-phi"",""early_stop"":false,""hard_out"":true,""harq_mode"":false,""llr_max"":20.0,""num_iter"":20,""precision"":""single"",""prune_pcm"":true,""return_infobits"":true,""vn_update"":""sum""},""implementation"":{""bit_mapping"":""component_Gray_00_-3_01_-1_10_3_11_1_over_sqrt5;QPSK_0_plus1_1_minus1"",""cuda"":""12.8"",""decoder"":{""cn_schedule"":""flooding"",""cn_update"":""boxplus-phi"",""early_stop"":false,""hard_out"":true,""harq_mode"":false,""llr_max"":20.0,""num_iter"":20,""precision"":""single"",""prune_pcm"":true,""return_infobits"":true,""vn_update"":""sum""},""decoder_source_sha256"":""44d84b92b749e2970f94d92cd348a11648e2286b4d851faa0af8b21d08f0da23"",""encoder_source_sha256"":""34d8db6660b2e84708a8fb534f63c194f6f2b964e3693fcffc9dcaf21532ccfd"",""implementation"":""Sionna_5G_LDPC"",""power_protocol"":""fixed_constellation_average_Es2"",""precision"":""float32"",""rate_matching"":""Sionna RV0; filler removal, first2Z and tail puncturing; supported n only"",""scrambling"":""public_PCG64_SHA256_protocol_session_frame_group_counter_after_rate_matching_v1"",""torch"":""2.11.0+cu128"",""version"":""2.2.0""},""interleaver_sha256"":""faa2f82b82bf845674b12d5d5556b3338f12238738a4314b81ecdf5f5d4f7d58"",""k"":1192,""k_filler"":8,""k_ldpc"":1200,""layout_id"":""01828b3a9f0caa4ba11f45a9be6ae4f076065402a52606fb0ef0fc84302e0fd4"",""modulation_padding_bits"":0,""mother_bits"":6240,""n"":3582,""n_cb"":6000,""n_cb_comp"":5992,""power_protocol"":""fixed_constellation_average_Es2"",""puncturing_bits"":2650,""puncturing_first_2Z"":240,""puncturing_remaining"":2410,""repetition_bits"":0,""scrambling"":""public_PCG64_SHA256_protocol_session_frame_group_counter_after_rate_matching_v1"",""shortening_bits"":8,""z"":120}",[2048]
QPSK,5/6,QPSK:r5/6,f96426d1ff82c1e1ee16dc6d1f63663f5ac654a48941297bd7819d45f4365716,1008,16,0,1024,1040,16,5408,2170,1085,0,0.471889400921659,0.4645161290322581,"{""actual_effective_rate"":0.471889400921659,""bg"":""bg2"",""bit_mapping"":""component_Gray_00_-3_01_-1_10_3_11_1_over_sqrt5;QPSK_0_plus1_1_minus1"",""code_blocks"":1,""decoder_config"":{""cn_schedule"":""flooding"",""cn_update"":""boxplus-phi"",""early_stop"":false,""hard_out"":true,""harq_mode"":false,""llr_max"":20.0,""num_iter"":20,""precision"":""single"",""prune_pcm"":true,""return_infobits"":true,""vn_update"":""sum""},""implementation"":{""bit_mapping"":""component_Gray_00_-3_01_-1_10_3_11_1_over_sqrt5;QPSK_0_plus1_1_minus1"",""cuda"":""12.8"",""decoder"":{""cn_schedule"":""flooding"",""cn_update"":""boxplus-phi"",""early_stop"":false,""hard_out"":true,""harq_mode"":false,""llr_max"":20.0,""num_iter"":20,""precision"":""single"",""prune_pcm"":true,""return_infobits"":true,""vn_update"":""sum""},""decoder_source_sha256"":""44d84b92b749e2970f94d92cd348a11648e2286b4d851faa0af8b21d08f0da23"",""encoder_source_sha256"":""34d8db6660b2e84708a8fb534f63c194f6f2b964e3693fcffc9dcaf21532ccfd"",""implementation"":""Sionna_5G_LDPC"",""power_protocol"":""fixed_constellation_average_Es2"",""precision"":""float32"",""rate_matching"":""Sionna RV0; filler removal, first2Z and tail puncturing; supported n only"",""scrambling"":""public_PCG64_SHA256_protocol_session_frame_group_counter_after_rate_matching_v1"",""torch"":""2.11.0+cu128"",""version"":""2.2.0""},""interleaver_sha256"":""7cd3588f1505652dd41a9a9324901bc6824071cf9a35cd5f406ff64de47e9912"",""k"":1024,""k_filler"":16,""k_ldpc"":1040,""layout_id"":""da323018cb22ce688d03a37c6c2ceafb915a78fd6ccf95e74fc23e3e5845b7db"",""modulation_padding_bits"":0,""mother_bits"":5408,""n"":2170,""n_cb"":5200,""n_cb_comp"":5184,""power_protocol"":""fixed_constellation_average_Es2"",""puncturing_bits"":3222,""puncturing_first_2Z"":208,""puncturing_remaining"":3014,""repetition_bits"":0,""scrambling"":""public_PCG64_SHA256_protocol_session_frame_group_counter_after_rate_matching_v1"",""shortening_bits"":16,""z"":104}",[2048]
QPSK,2/3,QPSK:r2/3,f966954dd97aa87759b952d1ed399e759b11816c6207d83444106bbd3ebb227e,660,16,0,676,720,44,3744,3034,1517,0,0.2228081740276862,0.21753460777851022,"{""actual_effective_rate"":0.2228081740276862,""bg"":""bg2"",""bit_mapping"":""component_Gray_00_-3_01_-1_10_3_11_1_over_sqrt5;QPSK_0_plus1_1_minus1"",""code_blocks"":1,""decoder_config"":{""cn_schedule"":""flooding"",""cn_update"":""boxplus-phi"",""early_stop"":false,""hard_out"":true,""harq_mode"":false,""llr_max"":20.0,""num_iter"":20,""precision"":""single"",""prune_pcm"":true,""return_infobits"":true,""vn_update"":""sum""},""implementation"":{""bit_mapping"":""component_Gray_00_-3_01_-1_10_3_11_1_over_sqrt5;QPSK_0_plus1_1_minus1"",""cuda"":""12.8"",""decoder"":{""cn_schedule"":""flooding"",""cn_update"":""boxplus-phi"",""early_stop"":false,""hard_out"":true,""harq_mode"":false,""llr_max"":20.0,""num_iter"":20,""precision"":""single"",""prune_pcm"":true,""return_infobits"":true,""vn_update"":""sum""},""decoder_source_sha256"":""44d84b92b749e2970f94d92cd348a11648e2286b4d851faa0af8b21d08f0da23"",""encoder_source_sha256"":""34d8db6660b2e84708a8fb534f63c194f6f2b964e3693fcffc9dcaf21532ccfd"",""implementation"":""Sionna_5G_LDPC"",""power_protocol"":""fixed_constellation_average_Es2"",""precision"":""float32"",""rate_matching"":""Sionna RV0; filler removal, first2Z and tail puncturing; supported n only"",""scrambling"":""public_PCG64_SHA256_protocol_session_frame_group_counter_after_rate_matching_v1"",""torch"":""2.11.0+cu128"",""version"":""2.2.0""},""interleaver_sha256"":""13892fcb5703cf9bf0019452f6109363275e0be0b7ef1bc5f591142790e8eac2"",""k"":676,""k_filler"":44,""k_ldpc"":720,""layout_id"":""be13de807595fe042d184d9a8a043fff3a3b31fa776b3ed5eaf160b403903c8f"",""modulation_padding_bits"":0,""mother_bits"":3744,""n"":3034,""n_cb"":3600,""n_cb_comp"":3556,""power_protocol"":""fixed_constellation_average_Es2"",""puncturing_bits"":666,""puncturing_first_2Z"":144,""puncturing_remaining"":522,""repetition_bits"":0,""scrambling"":""public_PCG64_SHA256_protocol_session_frame_group_counter_after_rate_matching_v1"",""shortening_bits"":44,""z"":72}",[2048]
QPSK,1/3,QPSK:r1/3,f98419e0c32ece71b102f64382dc8f432ee09c1e96049c2da21552e2f31f9e12,252,16,0,268,360,92,1872,804,402,0,0.3333333333333333,0.31343283582089554,"{""actual_effective_rate"":0.3333333333333333,""bg"":""bg2"",""bit_mapping"":""component_Gray_00_-3_01_-1_10_3_11_1_over_sqrt5;QPSK_0_plus1_1_minus1"",""code_blocks"":1,""decoder_config"":{""cn_schedule"":""flooding"",""cn_update"":""boxplus-phi"",""early_stop"":false,""hard_out"":true,""harq_mode"":false,""llr_max"":20.0,""num_iter"":20,""precision"":""single"",""prune_pcm"":true,""return_infobits"":true,""vn_update"":""sum""},""implementation"":{""bit_mapping"":""component_Gray_00_-3_01_-1_10_3_11_1_over_sqrt5;QPSK_0_plus1_1_minus1"",""cuda"":""12.8"",""decoder"":{""cn_schedule"":""flooding"",""cn_update"":""boxplus-phi"",""early_stop"":false,""hard_out"":true,""harq_mode"":false,""llr_max"":20.0,""num_iter"":20,""precision"":""single"",""prune_pcm"":true,""return_infobits"":true,""vn_update"":""sum""},""decoder_source_sha256"":""44d84b92b749e2970f94d92cd348a11648e2286b4d851faa0af8b21d08f0da23"",""encoder_source_sha256"":""34d8db6660b2e84708a8fb534f63c194f6f2b964e3693fcffc9dcaf21532ccfd"",""implementation"":""Sionna_5G_LDPC"",""power_protocol"":""fixed_constellation_average_Es2"",""precision"":""float32"",""rate_matching"":""Sionna RV0; filler removal, first2Z and tail puncturing; supported n only"",""scrambling"":""public_PCG64_SHA256_protocol_session_frame_group_counter_after_rate_matching_v1"",""torch"":""2.11.0+cu128"",""version"":""2.2.0""},""interleaver_sha256"":""02919d0d225a529f2ad1f21717ca267a8d33b03069c4380596d32f8c03b3987d"",""k"":268,""k_filler"":92,""k_ldpc"":360,""layout_id"":""b8bb4041329d51eb94f844c481b2134fc6680ddcea931aa42230fa11e5650242"",""modulation_padding_bits"":0,""mother_bits"":1872,""n"":804,""n_cb"":1800,""n_cb_comp"":1708,""power_protocol"":""fixed_constellation_average_Es2"",""puncturing_bits"":976,""puncturing_first_2Z"":72,""puncturing_remaining"":904,""repetition_bits"":0,""scrambling"":""public_PCG64_SHA256_protocol_session_frame_group_counter_after_rate_matching_v1"",""shortening_bits"":92,""z"":36}",[1024]
QPSK,1/2,QPSK:r1/2,f98c60617785012dd18807dbbe00cab9c4cfb599c0ee1d56f66087974d976f97,360,16,0,376,480,104,2496,1628,814,0,0.23095823095823095,0.22113022113022113,"{""actual_effective_rate"":0.23095823095823095,""bg"":""bg2"",""bit_mapping"":""component_Gray_00_-3_01_-1_10_3_11_1_over_sqrt5;QPSK_0_plus1_1_minus1"",""code_blocks"":1,""decoder_config"":{""cn_schedule"":""flooding"",""cn_update"":""boxplus-phi"",""early_stop"":false,""hard_out"":true,""harq_mode"":false,""llr_max"":20.0,""num_iter"":20,""precision"":""single"",""prune_pcm"":true,""return_infobits"":true,""vn_update"":""sum""},""implementation"":{""bit_mapping"":""component_Gray_00_-3_01_-1_10_3_11_1_over_sqrt5;QPSK_0_plus1_1_minus1"",""cuda"":""12.8"",""decoder"":{""cn_schedule"":""flooding"",""cn_update"":""boxplus-phi"",""early_stop"":false,""hard_out"":true,""harq_mode"":false,""llr_max"":20.0,""num_iter"":20,""precision"":""single"",""prune_pcm"":true,""return_infobits"":true,""vn_update"":""sum""},""decoder_source_sha256"":""44d84b92b749e2970f94d92cd348a11648e2286b4d851faa0af8b21d08f0da23"",""encoder_source_sha256"":""34d8db6660b2e84708a8fb534f63c194f6f2b964e3693fcffc9dcaf21532ccfd"",""implementation"":""Sionna_5G_LDPC"",""power_protocol"":""fixed_constellation_average_Es2"",""precision"":""float32"",""rate_matching"":""Sionna RV0; filler removal, first2Z and tail puncturing; supported n only"",""scrambling"":""public_PCG64_SHA256_protocol_session_frame_group_counter_after_rate_matching_v1"",""torch"":""2.11.0+cu128"",""version"":""2.2.0""},""interleaver_sha256"":""742e4792a7803d8ad471da877ef3021518df8589f9cc96a6a177b5e2f5dedeca"",""k"":376,""k_filler"":104,""k_ldpc"":480,""layout_id"":""c13e176a6c9d6b7620d8508b48feae74c058cd775896d81bb90d8b058371ef16"",""modulation_padding_bits"":0,""mother_bits"":2496,""n"":1628,""n_cb"":2400,""n_cb_comp"":2296,""power_protocol"":""fixed_constellation_average_Es2"",""puncturing_bits"":764,""puncturing_first_2Z"":96,""puncturing_remaining"":668,""repetition_bits"":0,""scrambling"":""public_PCG64_SHA256_protocol_session_frame_group_counter_after_rate_matching_v1"",""shortening_bits"":104,""z"":48}",[1024]
16QAM,3/4,16QAM:r3/4,f992f9fb24c4d69f20cd81a92b6e309bbcce80801eb01d06dd98180cfac6c000,1488,16,0,1504,1584,80,4896,2012,503,0,0.7475149105367793,0.7395626242544732,"{""actual_effective_rate"":0.7475149105367793,""bg"":""bg1"",""bit_mapping"":""component_Gray_00_-3_01_-1_10_3_11_1_over_sqrt5;QPSK_0_plus1_1_minus1"",""code_blocks"":1,""decoder_config"":{""cn_schedule"":""flooding"",""cn_update"":""boxplus-phi"",""early_stop"":false,""hard_out"":true,""harq_mode"":false,""llr_max"":20.0,""num_iter"":20,""precision"":""single"",""prune_pcm"":true,""return_infobits"":true,""vn_update"":""sum""},""implementation"":{""bit_mapping"":""component_Gray_00_-3_01_-1_10_3_11_1_over_sqrt5;QPSK_0_plus1_1_minus1"",""cuda"":""12.8"",""decoder"":{""cn_schedule"":""flooding"",""cn_update"":""boxplus-phi"",""early_stop"":false,""hard_out"":true,""harq_mode"":false,""llr_max"":20.0,""num_iter"":20,""precision"":""single"",""prune_pcm"":true,""return_infobits"":true,""vn_update"":""sum""},""decoder_source_sha256"":""44d84b92b749e2970f94d92cd348a11648e2286b4d851faa0af8b21d08f0da23"",""encoder_source_sha256"":""34d8db6660b2e84708a8fb534f63c194f6f2b964e3693fcffc9dcaf21532ccfd"",""implementation"":""Sionna_5G_LDPC"",""power_protocol"":""fixed_constellation_average_Es2"",""precision"":""float32"",""rate_matching"":""Sionna RV0; filler removal, first2Z and tail puncturing; supported n only"",""scrambling"":""public_PCG64_SHA256_protocol_session_frame_group_counter_after_rate_matching_v1"",""torch"":""2.11.0+cu128"",""version"":""2.2.0""},""interleaver_sha256"":""b0980b160c806fb38d64c2266ea129ee56da5b336a003253b6122d3d94b28276"",""k"":1504,""k_filler"":80,""k_ldpc"":1584,""layout_id"":""2b5b6f0a674f123128e57293645a8ab662b6f2a93df2a3e87b7228d02b7d0028"",""modulation_padding_bits"":0,""mother_bits"":4896,""n"":2012,""n_cb"":4752,""n_cb_comp"":4672,""power_protocol"":""fixed_constellation_average_Es2"",""puncturing_bits"":2804,""puncturing_first_2Z"":144,""puncturing_remaining"":2660,""repetition_bits"":0,""scrambling"":""public_PCG64_SHA256_protocol_session_frame_group_counter_after_rate_matching_v1"",""shortening_bits"":80,""z"":72}",[1024]
16QAM,3/4,16QAM:r3/4,f9aefdf1c4e49a78ea2dc685e91b98cec30e6017f39d6dfd2226d858762f07a3,5076,16,0,5092,5280,188,16320,6792,1698,0,0.7497055359246172,0.7473498233215548,"{""actual_effective_rate"":0.7497055359246172,""bg"":""bg1"",""bit_mapping"":""component_Gray_00_-3_01_-1_10_3_11_1_over_sqrt5;QPSK_0_plus1_1_minus1"",""code_blocks"":1,""decoder_config"":{""cn_schedule"":""flooding"",""cn_update"":""boxplus-phi"",""early_stop"":false,""hard_out"":true,""harq_mode"":false,""llr_max"":20.0,""num_iter"":20,""precision"":""single"",""prune_pcm"":true,""return_infobits"":true,""vn_update"":""sum""},""implementation"":{""bit_mapping"":""component_Gray_00_-3_01_-1_10_3_11_1_over_sqrt5;QPSK_0_plus1_1_minus1"",""cuda"":""12.8"",""decoder"":{""cn_schedule"":""flooding"",""cn_update"":""boxplus-phi"",""early_stop"":false,""hard_out"":true,""harq_mode"":false,""llr_max"":20.0,""num_iter"":20,""precision"":""single"",""prune_pcm"":true,""return_infobits"":true,""vn_update"":""sum""},""decoder_source_sha256"":""44d84b92b749e2970f94d92cd348a11648e2286b4d851faa0af8b21d08f0da23"",""encoder_source_sha256"":""34d8db6660b2e84708a8fb534f63c194f6f2b964e3693fcffc9dcaf21532ccfd"",""implementation"":""Sionna_5G_LDPC"",""power_protocol"":""fixed_constellation_average_Es2"",""precision"":""float32"",""rate_matching"":""Sionna RV0; filler removal, first2Z and tail puncturing; supported n only"",""scrambling"":""public_PCG64_SHA256_protocol_session_frame_group_counter_after_rate_matching_v1"",""torch"":""2.11.0+cu128"",""version"":""2.2.0""},""interleaver_sha256"":""14b335715eae9ba26b957f881b646b642d73414d77df826a4e9dca6e51461f70"",""k"":5092,""k_filler"":188,""k_ldpc"":5280,""layout_id"":""cab4cbc22bbb727b905427b2605830be1c00620514453509645a55d7a03b142e"",""modulation_padding_bits"":0,""mother_bits"":16320,""n"":6792,""n_cb"":15840,""n_cb_comp"":15652,""power_protocol"":""fixed_constellation_average_Es2"",""puncturing_bits"":9340,""puncturing_first_2Z"":480,""puncturing_remaining"":8860,""repetition_bits"":0,""scrambling"":""public_PCG64_SHA256_protocol_session_frame_group_counter_after_rate_matching_v1"",""shortening_bits"":188,""z"":240}",[2048]
QPSK,3/4,QPSK:r3/4,f9b2c96c07bfbbae2dd0b85b52ed3b3cae7d7b050f360d7b4dbb20164a83b568,1092,16,0,1108,1120,12,5824,1852,926,0,0.5982721382289417,0.5896328293736501,"{""actual_effective_rate"":0.5982721382289417,""bg"":""bg2"",""bit_mapping"":""component_Gray_00_-3_01_-1_10_3_11_1_over_sqrt5;QPSK_0_plus1_1_minus1"",""code_blocks"":1,""decoder_config"":{""cn_schedule"":""flooding"",""cn_update"":""boxplus-phi"",""early_stop"":false,""hard_out"":true,""harq_mode"":false,""llr_max"":20.0,""num_iter"":20,""precision"":""single"",""prune_pcm"":true,""return_infobits"":true,""vn_update"":""sum""},""implementation"":{""bit_mapping"":""component_Gray_00_-3_01_-1_10_3_11_1_over_sqrt5;QPSK_0_plus1_1_minus1"",""cuda"":""12.8"",""decoder"":{""cn_schedule"":""flooding"",""cn_update"":""boxplus-phi"",""early_stop"":false,""hard_out"":true,""harq_mode"":false,""llr_max"":20.0,""num_iter"":20,""precision"":""single"",""prune_pcm"":true,""return_infobits"":true,""vn_update"":""sum""},""decoder_source_sha256"":""44d84b92b749e2970f94d92cd348a11648e2286b4d851faa0af8b21d08f0da23"",""encoder_source_sha256"":""34d8db6660b2e84708a8fb534f63c194f6f2b964e3693fcffc9dcaf21532ccfd"",""implementation"":""Sionna_5G_LDPC"",""power_protocol"":""fixed_constellation_average_Es2"",""precision"":""float32"",""rate_matching"":""Sionna RV0; filler removal, first2Z and tail puncturing; supported n only"",""scrambling"":""public_PCG64_SHA256_protocol_session_frame_group_counter_after_rate_matching_v1"",""torch"":""2.11.0+cu128"",""version"":""2.2.0""},""interleaver_sha256"":""08cfc6f4bdb2f6068932590c70c178222f03b6358de9a5c182684181f3e3012c"",""k"":1108,""k_filler"":12,""k_ldpc"":1120,""layout_id"":""4521d40a87ac9b2e4d5991017d0dd5a6707d5d39312065191225aeb59db10f7d"",""modulation_padding_bits"":0,""mother_bits"":5824,""n"":1852,""n_cb"":5600,""n_cb_comp"":5588,""power_protocol"":""fixed_constellation_average_Es2"",""puncturing_bits"":3960,""puncturing_first_2Z"":224,""puncturing_remaining"":3736,""repetition_bits"":0,""scrambling"":""public_PCG64_SHA256_protocol_session_frame_group_counter_after_rate_matching_v1"",""shortening_bits"":12,""z"":112}",[2048]
16QAM,3/4,16QAM:r3/4,f9b39894a88c7fbf9a35c21c53e22359f146518c14351be64308e4bba7b7c178,2400,16,0,2416,2560,144,13312,5580,1395,0,0.4329749103942652,0.43010752688172044,"{""actual_effective_rate"":0.4329749103942652,""bg"":""bg2"",""bit_mapping"":""component_Gray_00_-3_01_-1_10_3_11_1_over_sqrt5;QPSK_0_plus1_1_minus1"",""code_blocks"":1,""decoder_config"":{""cn_schedule"":""flooding"",""cn_update"":""boxplus-phi"",""early_stop"":false,""hard_out"":true,""harq_mode"":false,""llr_max"":20.0,""num_iter"":20,""precision"":""single"",""prune_pcm"":true,""return_infobits"":true,""vn_update"":""sum""},""implementation"":{""bit_mapping"":""component_Gray_00_-3_01_-1_10_3_11_1_over_sqrt5;QPSK_0_plus1_1_minus1"",""cuda"":""12.8"",""decoder"":{""cn_schedule"":""flooding"",""cn_update"":""boxplus-phi"",""early_stop"":false,""hard_out"":true,""harq_mode"":false,""llr_max"":20.0,""num_iter"":20,""precision"":""single"",""prune_pcm"":true,""return_infobits"":true,""vn_update"":""sum""},""decoder_source_sha256"":""44d84b92b749e2970f94d92cd348a11648e2286b4d851faa0af8b21d08f0da23"",""encoder_source_sha256"":""34d8db6660b2e84708a8fb534f63c194f6f2b964e3693fcffc9dcaf21532ccfd"",""implementation"":""Sionna_5G_LDPC"",""power_protocol"":""fixed_constellation_average_Es2"",""precision"":""float32"",""rate_matching"":""Sionna RV0; filler removal, first2Z and tail puncturing; supported n only"",""scrambling"":""public_PCG64_SHA256_protocol_session_frame_group_counter_after_rate_matching_v1"",""torch"":""2.11.0+cu128"",""version"":""2.2.0""},""interleaver_sha256"":""ad3d3c1dd691356c252e09cbc3b94cbc5c84934b84195efa4ab00ae03cc407c0"",""k"":2416,""k_filler"":144,""k_ldpc"":2560,""layout_id"":""50281346e68e781726d318b412dd7c409a7bf15a11a9b2964d4bf0707c164731"",""modulation_padding_bits"":0,""mother_bits"":13312,""n"":5580,""n_cb"":12800,""n_cb_comp"":12656,""power_protocol"":""fixed_constellation_average_Es2"",""puncturing_bits"":7588,""puncturing_first_2Z"":512,""puncturing_remaining"":7076,""repetition_bits"":0,""scrambling"":""public_PCG64_SHA256_protocol_session_frame_group_counter_after_rate_matching_v1"",""shortening_bits"":144,""z"":256}",[2048]
QPSK,1/3,QPSK:r1/3,f9beea2fb49b9a5ceca0c2e036ebfdedc30b2d3b9b7c07d0b62cc24d7b9d334e,804,16,0,820,880,60,4576,2460,1230,0,0.3333333333333333,0.32682926829268294,"{""actual_effective_rate"":0.3333333333333333,""bg"":""bg2"",""bit_mapping"":""component_Gray_00_-3_01_-1_10_3_11_1_over_sqrt5;QPSK_0_plus1_1_minus1"",""code_blocks"":1,""decoder_config"":{""cn_schedule"":""flooding"",""cn_update"":""boxplus-phi"",""early_stop"":false,""hard_out"":true,""harq_mode"":false,""llr_max"":20.0,""num_iter"":20,""precision"":""single"",""prune_pcm"":true,""return_infobits"":true,""vn_update"":""sum""},""implementation"":{""bit_mapping"":""component_Gray_00_-3_01_-1_10_3_11_1_over_sqrt5;QPSK_0_plus1_1_minus1"",""cuda"":""12.8"",""decoder"":{""cn_schedule"":""flooding"",""cn_update"":""boxplus-phi"",""early_stop"":false,""hard_out"":true,""harq_mode"":false,""llr_max"":20.0,""num_iter"":20,""precision"":""single"",""prune_pcm"":true,""return_infobits"":true,""vn_update"":""sum""},""decoder_source_sha256"":""44d84b92b749e2970f94d92cd348a11648e2286b4d851faa0af8b21d08f0da23"",""encoder_source_sha256"":""34d8db6660b2e84708a8fb534f63c194f6f2b964e3693fcffc9dcaf21532ccfd"",""implementation"":""Sionna_5G_LDPC"",""power_protocol"":""fixed_constellation_average_Es2"",""precision"":""float32"",""rate_matching"":""Sionna RV0; filler removal, first2Z and tail puncturing; supported n only"",""scrambling"":""public_PCG64_SHA256_protocol_session_frame_group_counter_after_rate_matching_v1"",""torch"":""2.11.0+cu128"",""version"":""2.2.0""},""interleaver_sha256"":""708e5c03baef5c62909aa6ec95c572f380e8afb2ebcde497076a28b602218add"",""k"":820,""k_filler"":60,""k_ldpc"":880,""layout_id"":""c21904f80163dfedb777782fcc5910ad9e2ab40185f4976a2484987652e2f794"",""modulation_padding_bits"":0,""mother_bits"":4576,""n"":2460,""n_cb"":4400,""n_cb_comp"":4340,""power_protocol"":""fixed_constellation_average_Es2"",""puncturing_bits"":2056,""puncturing_first_2Z"":176,""puncturing_remaining"":1880,""repetition_bits"":0,""scrambling"":""public_PCG64_SHA256_protocol_session_frame_group_counter_after_rate_matching_v1"",""shortening_bits"":60,""z"":88}",[2048]
QPSK,1/3,QPSK:r1/3,f9c7a8db795a459f9c4c85489bc1c272a2735ce5759012b92812322ee686248b,1224,16,0,1240,1280,40,6656,3732,1866,0,0.3322615219721329,0.3279742765273312,"{""actual_effective_rate"":0.3322615219721329,""bg"":""bg2"",""bit_mapping"":""component_Gray_00_-3_01_-1_10_3_11_1_over_sqrt5;QPSK_0_plus1_1_minus1"",""code_blocks"":1,""decoder_config"":{""cn_schedule"":""flooding"",""cn_update"":""boxplus-phi"",""early_stop"":false,""hard_out"":true,""harq_mode"":false,""llr_max"":20.0,""num_iter"":20,""precision"":""single"",""prune_pcm"":true,""return_infobits"":true,""vn_update"":""sum""},""implementation"":{""bit_mapping"":""component_Gray_00_-3_01_-1_10_3_11_1_over_sqrt5;QPSK_0_plus1_1_minus1"",""cuda"":""12.8"",""decoder"":{""cn_schedule"":""flooding"",""cn_update"":""boxplus-phi"",""early_stop"":false,""hard_out"":true,""harq_mode"":false,""llr_max"":20.0,""num_iter"":20,""precision"":""single"",""prune_pcm"":true,""return_infobits"":true,""vn_update"":""sum""},""decoder_source_sha256"":""44d84b92b749e2970f94d92cd348a11648e2286b4d851faa0af8b21d08f0da23"",""encoder_source_sha256"":""34d8db6660b2e84708a8fb534f63c194f6f2b964e3693fcffc9dcaf21532ccfd"",""implementation"":""Sionna_5G_LDPC"",""power_protocol"":""fixed_constellation_average_Es2"",""precision"":""float32"",""rate_matching"":""Sionna RV0; filler removal, first2Z and tail puncturing; supported n only"",""scrambling"":""public_PCG64_SHA256_protocol_session_frame_group_counter_after_rate_matching_v1"",""torch"":""2.11.0+cu128"",""version"":""2.2.0""},""interleaver_sha256"":""8fdd9e434d72d105d60a642938aafa934f578dd15e753b5fe318401b8350b716"",""k"":1240,""k_filler"":40,""k_ldpc"":1280,""layout_id"":""0357ae841d52644466e410af7abcadf5cfebfe98731a814217d40566ef17ea68"",""modulation_padding_bits"":0,""mother_bits"":6656,""n"":3732,""n_cb"":6400,""n_cb_comp"":6360,""power_protocol"":""fixed_constellation_average_Es2"",""puncturing_bits"":2884,""puncturing_first_2Z"":256,""puncturing_remaining"":2628,""repetition_bits"":0,""scrambling"":""public_PCG64_SHA256_protocol_session_frame_group_counter_after_rate_matching_v1"",""shortening_bits"":40,""z"":128}",[2048]
QPSK,3/4,QPSK:r3/4,f9ce754800affb92c704358e090899c8ddeb8c3a10a5fc6a6559a2dc82f91538,1500,16,0,1516,1600,84,8320,3296,1648,0,0.45995145631067963,0.4550970873786408,"{""actual_effective_rate"":0.45995145631067963,""bg"":""bg2"",""bit_mapping"":""component_Gray_00_-3_01_-1_10_3_11_1_over_sqrt5;QPSK_0_plus1_1_minus1"",""code_blocks"":1,""decoder_config"":{""cn_schedule"":""flooding"",""cn_update"":""boxplus-phi"",""early_stop"":false,""hard_out"":true,""harq_mode"":false,""llr_max"":20.0,""num_iter"":20,""precision"":""single"",""prune_pcm"":true,""return_infobits"":true,""vn_update"":""sum""},""implementation"":{""bit_mapping"":""component_Gray_00_-3_01_-1_10_3_11_1_over_sqrt5;QPSK_0_plus1_1_minus1"",""cuda"":""12.8"",""decoder"":{""cn_schedule"":""flooding"",""cn_update"":""boxplus-phi"",""early_stop"":false,""hard_out"":true,""harq_mode"":false,""llr_max"":20.0,""num_iter"":20,""precision"":""single"",""prune_pcm"":true,""return_infobits"":true,""vn_update"":""sum""},""decoder_source_sha256"":""44d84b92b749e2970f94d92cd348a11648e2286b4d851faa0af8b21d08f0da23"",""encoder_source_sha256"":""34d8db6660b2e84708a8fb534f63c194f6f2b964e3693fcffc9dcaf21532ccfd"",""implementation"":""Sionna_5G_LDPC"",""power_protocol"":""fixed_constellation_average_Es2"",""precision"":""float32"",""rate_matching"":""Sionna RV0; filler removal, first2Z and tail puncturing; supported n only"",""scrambling"":""public_PCG64_SHA256_protocol_session_frame_group_counter_after_rate_matching_v1"",""torch"":""2.11.0+cu128"",""version"":""2.2.0""},""interleaver_sha256"":""4a449e49f3e3bbb58495f47b2fe118abf05b34f0feb0704e26751eb870e1db19"",""k"":1516,""k_filler"":84,""k_ldpc"":1600,""layout_id"":""2c14494550593477842cebac7e914e980bb94d04fab6eaab58ac51eff5b608ae"",""modulation_padding_bits"":0,""mother_bits"":8320,""n"":3296,""n_cb"":8000,""n_cb_comp"":7916,""power_protocol"":""fixed_constellation_average_Es2"",""puncturing_bits"":4940,""puncturing_first_2Z"":320,""puncturing_remaining"":4620,""repetition_bits"":0,""scrambling"":""public_PCG64_SHA256_protocol_session_frame_group_counter_after_rate_matching_v1"",""shortening_bits"":84,""z"":160}",[2048]
16QAM,3/4,16QAM:r3/4,f9d2c3b4e75494eff184966f1ffa635d9a09609dba22950bd3cf9f04750d6f84,924,16,0,940,960,20,4992,4172,1043,0,0.2253116011505273,0.2214765100671141,"{""actual_effective_rate"":0.2253116011505273,""bg"":""bg2"",""bit_mapping"":""component_Gray_00_-3_01_-1_10_3_11_1_over_sqrt5;QPSK_0_plus1_1_minus1"",""code_blocks"":1,""decoder_config"":{""cn_schedule"":""flooding"",""cn_update"":""boxplus-phi"",""early_stop"":false,""hard_out"":true,""harq_mode"":false,""llr_max"":20.0,""num_iter"":20,""precision"":""single"",""prune_pcm"":true,""return_infobits"":true,""vn_update"":""sum""},""implementation"":{""bit_mapping"":""component_Gray_00_-3_01_-1_10_3_11_1_over_sqrt5;QPSK_0_plus1_1_minus1"",""cuda"":""12.8"",""decoder"":{""cn_schedule"":""flooding"",""cn_update"":""boxplus-phi"",""early_stop"":false,""hard_out"":true,""harq_mode"":false,""llr_max"":20.0,""num_iter"":20,""precision"":""single"",""prune_pcm"":true,""return_infobits"":true,""vn_update"":""sum""},""decoder_source_sha256"":""44d84b92b749e2970f94d92cd348a11648e2286b4d851faa0af8b21d08f0da23"",""encoder_source_sha256"":""34d8db6660b2e84708a8fb534f63c194f6f2b964e3693fcffc9dcaf21532ccfd"",""implementation"":""Sionna_5G_LDPC"",""power_protocol"":""fixed_constellation_average_Es2"",""precision"":""float32"",""rate_matching"":""Sionna RV0; filler removal, first2Z and tail puncturing; supported n only"",""scrambling"":""public_PCG64_SHA256_protocol_session_frame_group_counter_after_rate_matching_v1"",""torch"":""2.11.0+cu128"",""version"":""2.2.0""},""interleaver_sha256"":""8bf7e03a9961ca8e891d2fa34c009ab387b745d05756202440d92d78768c8ad4"",""k"":940,""k_filler"":20,""k_ldpc"":960,""layout_id"":""07912838ee1439adfe7760f3f897fcddae68eac1caaa4700f1574c727534723f"",""modulation_padding_bits"":0,""mother_bits"":4992,""n"":4172,""n_cb"":4800,""n_cb_comp"":4780,""power_protocol"":""fixed_constellation_average_Es2"",""puncturing_bits"":800,""puncturing_first_2Z"":192,""puncturing_remaining"":608,""repetition_bits"":0,""scrambling"":""public_PCG64_SHA256_protocol_session_frame_group_counter_after_rate_matching_v1"",""shortening_bits"":20,""z"":96}",[2048]
16QAM,3/4,16QAM:r3/4,f9d901aa2f330f74c4c1449d13d5b37affaa22ffb62eb2b831e58375596b3b3a,72,16,0,88,150,62,780,120,30,0,0.7333333333333333,0.6,"{""actual_effective_rate"":0.7333333333333333,""bg"":""bg2"",""bit_mapping"":""component_Gray_00_-3_01_-1_10_3_11_1_over_sqrt5;QPSK_0_plus1_1_minus1"",""code_blocks"":1,""decoder_config"":{""cn_schedule"":""flooding"",""cn_update"":""boxplus-phi"",""early_stop"":false,""hard_out"":true,""harq_mode"":false,""llr_max"":20.0,""num_iter"":20,""precision"":""single"",""prune_pcm"":true,""return_infobits"":true,""vn_update"":""sum""},""implementation"":{""bit_mapping"":""component_Gray_00_-3_01_-1_10_3_11_1_over_sqrt5;QPSK_0_plus1_1_minus1"",""cuda"":""12.8"",""decoder"":{""cn_schedule"":""flooding"",""cn_update"":""boxplus-phi"",""early_stop"":false,""hard_out"":true,""harq_mode"":false,""llr_max"":20.0,""num_iter"":20,""precision"":""single"",""prune_pcm"":true,""return_infobits"":true,""vn_update"":""sum""},""decoder_source_sha256"":""44d84b92b749e2970f94d92cd348a11648e2286b4d851faa0af8b21d08f0da23"",""encoder_source_sha256"":""34d8db6660b2e84708a8fb534f63c194f6f2b964e3693fcffc9dcaf21532ccfd"",""implementation"":""Sionna_5G_LDPC"",""power_protocol"":""fixed_constellation_average_Es2"",""precision"":""float32"",""rate_matching"":""Sionna RV0; filler removal, first2Z and tail puncturing; supported n only"",""scrambling"":""public_PCG64_SHA256_protocol_session_frame_group_counter_after_rate_matching_v1"",""torch"":""2.11.0+cu128"",""version"":""2.2.0""},""interleaver_sha256"":""3d78b314ed5bec10218ed4c305748909830581d41a84e1881ad8e554dba2d0b8"",""k"":88,""k_filler"":62,""k_ldpc"":150,""layout_id"":""751e8928743fd3e5356838bccf1c8d967b4c219d26d0f3dc4ae12317b0423c2b"",""modulation_padding_bits"":0,""mother_bits"":780,""n"":120,""n_cb"":750,""n_cb_comp"":688,""power_protocol"":""fixed_constellation_average_Es2"",""puncturing_bits"":598,""puncturing_first_2Z"":30,""puncturing_remaining"":568,""repetition_bits"":0,""scrambling"":""public_PCG64_SHA256_protocol_session_frame_group_counter_after_rate_matching_v1"",""shortening_bits"":62,""z"":15}","[1024,2048]"
QPSK,5/6,QPSK:r5/6,f9dfd4507d65bc0dac45daf4ce53eebfa788f13c69d6e48df71420babc2d6a35,600,16,0,616,720,104,3744,1570,785,0,0.3923566878980892,0.3821656050955414,"{""actual_effective_rate"":0.3923566878980892,""bg"":""bg2"",""bit_mapping"":""component_Gray_00_-3_01_-1_10_3_11_1_over_sqrt5;QPSK_0_plus1_1_minus1"",""code_blocks"":1,""decoder_config"":{""cn_schedule"":""flooding"",""cn_update"":""boxplus-phi"",""early_stop"":false,""hard_out"":true,""harq_mode"":false,""llr_max"":20.0,""num_iter"":20,""precision"":""single"",""prune_pcm"":true,""return_infobits"":true,""vn_update"":""sum""},""implementation"":{""bit_mapping"":""component_Gray_00_-3_01_-1_10_3_11_1_over_sqrt5;QPSK_0_plus1_1_minus1"",""cuda"":""12.8"",""decoder"":{""cn_schedule"":""flooding"",""cn_update"":""boxplus-phi"",""early_stop"":false,""hard_out"":true,""harq_mode"":false,""llr_max"":20.0,""num_iter"":20,""precision"":""single"",""prune_pcm"":true,""return_infobits"":true,""vn_update"":""sum""},""decoder_source_sha256"":""44d84b92b749e2970f94d92cd348a11648e2286b4d851faa0af8b21d08f0da23"",""encoder_source_sha256"":""34d8db6660b2e84708a8fb534f63c194f6f2b964e3693fcffc9dcaf21532ccfd"",""implementation"":""Sionna_5G_LDPC"",""power_protocol"":""fixed_constellation_average_Es2"",""precision"":""float32"",""rate_matching"":""Sionna RV0; filler removal, first2Z and tail puncturing; supported n only"",""scrambling"":""public_PCG64_SHA256_protocol_session_frame_group_counter_after_rate_matching_v1"",""torch"":""2.11.0+cu128"",""version"":""2.2.0""},""interleaver_sha256"":""89bb7c9acdc1d3a04ff1a17a06c56f381991d1903004c792814199b5004fba84"",""k"":616,""k_filler"":104,""k_ldpc"":720,""layout_id"":""c378f7368b2bf9174a528cfc83556cfdd4a3d8c23788e997384584928921f262"",""modulation_padding_bits"":0,""mother_bits"":3744,""n"":1570,""n_cb"":3600,""n_cb_comp"":3496,""power_protocol"":""fixed_constellation_average_Es2"",""puncturing_bits"":2070,""puncturing_first_2Z"":144,""puncturing_remaining"":1926,""repetition_bits"":0,""scrambling"":""public_PCG64_SHA256_protocol_session_frame_group_counter_after_rate_matching_v1"",""shortening_bits"":104,""z"":72}",[2048]
16QAM,2/3,16QAM:r2/3,f9e0b30f2fbda594cba6c25bce180fb7a5309aafb3bb4fd31eb0a76513067e00,1200,16,0,1216,1280,64,6656,2452,613,0,0.49592169657422513,0.4893964110929853,"{""actual_effective_rate"":0.49592169657422513,""bg"":""bg2"",""bit_mapping"":""component_Gray_00_-3_01_-1_10_3_11_1_over_sqrt5;QPSK_0_plus1_1_minus1"",""code_blocks"":1,""decoder_config"":{""cn_schedule"":""flooding"",""cn_update"":""boxplus-phi"",""early_stop"":false,""hard_out"":true,""harq_mode"":false,""llr_max"":20.0,""num_iter"":20,""precision"":""single"",""prune_pcm"":true,""return_infobits"":true,""vn_update"":""sum""},""implementation"":{""bit_mapping"":""component_Gray_00_-3_01_-1_10_3_11_1_over_sqrt5;QPSK_0_plus1_1_minus1"",""cuda"":""12.8"",""decoder"":{""cn_schedule"":""flooding"",""cn_update"":""boxplus-phi"",""early_stop"":false,""hard_out"":true,""harq_mode"":false,""llr_max"":20.0,""num_iter"":20,""precision"":""single"",""prune_pcm"":true,""return_infobits"":true,""vn_update"":""sum""},""decoder_source_sha256"":""44d84b92b749e2970f94d92cd348a11648e2286b4d851faa0af8b21d08f0da23"",""encoder_source_sha256"":""34d8db6660b2e84708a8fb534f63c194f6f2b964e3693fcffc9dcaf21532ccfd"",""implementation"":""Sionna_5G_LDPC"",""power_protocol"":""fixed_constellation_average_Es2"",""precision"":""float32"",""rate_matching"":""Sionna RV0; filler removal, first2Z and tail puncturing; supported n only"",""scrambling"":""public_PCG64_SHA256_protocol_session_frame_group_counter_after_rate_matching_v1"",""torch"":""2.11.0+cu128"",""version"":""2.2.0""},""interleaver_sha256"":""774c12daa4f942ae99f62b90e19362c2df34e7d9da9ac68112f7c3eaee804a9d"",""k"":1216,""k_filler"":64,""k_ldpc"":1280,""layout_id"":""b6e645f72881c690e99a79ac96258c0e2ab0d5a998e41e5f6798565e98a26af8"",""modulation_padding_bits"":0,""mother_bits"":6656,""n"":2452,""n_cb"":6400,""n_cb_comp"":6336,""power_protocol"":""fixed_constellation_average_Es2"",""puncturing_bits"":4140,""puncturing_first_2Z"":256,""puncturing_remaining"":3884,""repetition_bits"":0,""scrambling"":""public_PCG64_SHA256_protocol_session_frame_group_counter_after_rate_matching_v1"",""shortening_bits"":64,""z"":128}",[1024]
16QAM,1/3,16QAM:r1/3,f9e0fdd9b9ccbc48fe4983ecf662271793c4c6ea01a9fc348a4d8589c5abd57c,1860,16,0,1876,1920,44,9984,5696,1424,0,0.32935393258426965,0.3265449438202247,"{""actual_effective_rate"":0.32935393258426965,""bg"":""bg2"",""bit_mapping"":""component_Gray_00_-3_01_-1_10_3_11_1_over_sqrt5;QPSK_0_plus1_1_minus1"",""code_blocks"":1,""decoder_config"":{""cn_schedule"":""flooding"",""cn_update"":""boxplus-phi"",""early_stop"":false,""hard_out"":true,""harq_mode"":false,""llr_max"":20.0,""num_iter"":20,""precision"":""single"",""prune_pcm"":true,""return_infobits"":true,""vn_update"":""sum""},""implementation"":{""bit_mapping"":""component_Gray_00_-3_01_-1_10_3_11_1_over_sqrt5;QPSK_0_plus1_1_minus1"",""cuda"":""12.8"",""decoder"":{""cn_schedule"":""flooding"",""cn_update"":""boxplus-phi"",""early_stop"":false,""hard_out"":true,""harq_mode"":false,""llr_max"":20.0,""num_iter"":20,""precision"":""single"",""prune_pcm"":true,""return_infobits"":true,""vn_update"":""sum""},""decoder_source_sha256"":""44d84b92b749e2970f94d92cd348a11648e2286b4d851faa0af8b21d08f0da23"",""encoder_source_sha256"":""34d8db6660b2e84708a8fb534f63c194f6f2b964e3693fcffc9dcaf21532ccfd"",""implementation"":""Sionna_5G_LDPC"",""power_protocol"":""fixed_constellation_average_Es2"",""precision"":""float32"",""rate_matching"":""Sionna RV0; filler removal, first2Z and tail puncturing; supported n only"",""scrambling"":""public_PCG64_SHA256_protocol_session_frame_group_counter_after_rate_matching_v1"",""torch"":""2.11.0+cu128"",""version"":""2.2.0""},""interleaver_sha256"":""14f491ab7b58dcafd4944ee0e60e1a8c1ac815150f64ccc60376c3b09cd07956"",""k"":1876,""k_filler"":44,""k_ldpc"":1920,""layout_id"":""d2493c8fad41dd31abfee8264c140d44f0747046aa21ea3218465224658ca942"",""modulation_padding_bits"":0,""mother_bits"":9984,""n"":5696,""n_cb"":9600,""n_cb_comp"":9556,""power_protocol"":""fixed_constellation_average_Es2"",""puncturing_bits"":4244,""puncturing_first_2Z"":384,""puncturing_remaining"":3860,""repetition_bits"":0,""scrambling"":""public_PCG64_SHA256_protocol_session_frame_group_counter_after_rate_matching_v1"",""shortening_bits"":44,""z"":192}",[2048]
16QAM,1/2,16QAM:r1/2,f9e17cb19240b8a87480259ab975453ea269afda20aaf87594391d542c4aa43f,624,16,0,640,720,80,3744,2128,532,0,0.3007518796992481,0.2932330827067669,"{""actual_effective_rate"":0.3007518796992481,""bg"":""bg2"",""bit_mapping"":""component_Gray_00_-3_01_-1_10_3_11_1_over_sqrt5;QPSK_0_plus1_1_minus1"",""code_blocks"":1,""decoder_config"":{""cn_schedule"":""flooding"",""cn_update"":""boxplus-phi"",""early_stop"":false,""hard_out"":true,""harq_mode"":false,""llr_max"":20.0,""num_iter"":20,""precision"":""single"",""prune_pcm"":true,""return_infobits"":true,""vn_update"":""sum""},""implementation"":{""bit_mapping"":""component_Gray_00_-3_01_-1_10_3_11_1_over_sqrt5;QPSK_0_plus1_1_minus1"",""cuda"":""12.8"",""decoder"":{""cn_schedule"":""flooding"",""cn_update"":""boxplus-phi"",""early_stop"":false,""hard_out"":true,""harq_mode"":false,""llr_max"":20.0,""num_iter"":20,""precision"":""single"",""prune_pcm"":true,""return_infobits"":true,""vn_update"":""sum""},""decoder_source_sha256"":""44d84b92b749e2970f94d92cd348a11648e2286b4d851faa0af8b21d08f0da23"",""encoder_source_sha256"":""34d8db6660b2e84708a8fb534f63c194f6f2b964e3693fcffc9dcaf21532ccfd"",""implementation"":""Sionna_5G_LDPC"",""power_protocol"":""fixed_constellation_average_Es2"",""precision"":""float32"",""rate_matching"":""Sionna RV0; filler removal, first2Z and tail puncturing; supported n only"",""scrambling"":""public_PCG64_SHA256_protocol_session_frame_group_counter_after_rate_matching_v1"",""torch"":""2.11.0+cu128"",""version"":""2.2.0""},""interleaver_sha256"":""fc51ad252d30ebd30e4c2111e1121c6e2da3928140894487386b566c4e92b5c8"",""k"":640,""k_filler"":80,""k_ldpc"":720,""layout_id"":""ce74487881141959e91723c431da00e583210658043fa068f2a86958a574d2d6"",""modulation_padding_bits"":0,""mother_bits"":3744,""n"":2128,""n_cb"":3600,""n_cb_comp"":3520,""power_protocol"":""fixed_constellation_average_Es2"",""puncturing_bits"":1536,""puncturing_first_2Z"":144,""puncturing_remaining"":1392,""repetition_bits"":0,""scrambling"":""public_PCG64_SHA256_protocol_session_frame_group_counter_after_rate_matching_v1"",""shortening_bits"":80,""z"":72}",[1024]
16QAM,2/3,16QAM:r2/3,f9e3f9332a93173c15062b488c4b6d2acd48d03e9ac0dcd6c8cda42333fa325b,1200,16,0,1216,1280,64,6656,1920,480,0,0.6333333333333333,0.625,"{""actual_effective_rate"":0.6333333333333333,""bg"":""bg2"",""bit_mapping"":""component_Gray_00_-3_01_-1_10_3_11_1_over_sqrt5;QPSK_0_plus1_1_minus1"",""code_blocks"":1,""decoder_config"":{""cn_schedule"":""flooding"",""cn_update"":""boxplus-phi"",""early_stop"":false,""hard_out"":true,""harq_mode"":false,""llr_max"":20.0,""num_iter"":20,""precision"":""single"",""prune_pcm"":true,""return_infobits"":true,""vn_update"":""sum""},""implementation"":{""bit_mapping"":""component_Gray_00_-3_01_-1_10_3_11_1_over_sqrt5;QPSK_0_plus1_1_minus1"",""cuda"":""12.8"",""decoder"":{""cn_schedule"":""flooding"",""cn_update"":""boxplus-phi"",""early_stop"":false,""hard_out"":true,""harq_mode"":false,""llr_max"":20.0,""num_iter"":20,""precision"":""single"",""prune_pcm"":true,""return_infobits"":true,""vn_update"":""sum""},""decoder_source_sha256"":""44d84b92b749e2970f94d92cd348a11648e2286b4d851faa0af8b21d08f0da23"",""encoder_source_sha256"":""34d8db6660b2e84708a8fb534f63c194f6f2b964e3693fcffc9dcaf21532ccfd"",""implementation"":""Sionna_5G_LDPC"",""power_protocol"":""fixed_constellation_average_Es2"",""precision"":""float32"",""rate_matching"":""Sionna RV0; filler removal, first2Z and tail puncturing; supported n only"",""scrambling"":""public_PCG64_SHA256_protocol_session_frame_group_counter_after_rate_matching_v1"",""torch"":""2.11.0+cu128"",""version"":""2.2.0""},""interleaver_sha256"":""85cd3d4fe67d3003d311a4853c9ba2df859cfcafc9ed2eefaac2ef020f41f57e"",""k"":1216,""k_filler"":64,""k_ldpc"":1280,""layout_id"":""55f86bba08fe454e05fd92760d491332f99ed4981a0a61bc1c140a787f2cf4cf"",""modulation_padding_bits"":0,""mother_bits"":6656,""n"":1920,""n_cb"":6400,""n_cb_comp"":6336,""power_protocol"":""fixed_constellation_average_Es2"",""puncturing_bits"":4672,""puncturing_first_2Z"":256,""puncturing_remaining"":4416,""repetition_bits"":0,""scrambling"":""public_PCG64_SHA256_protocol_session_frame_group_counter_after_rate_matching_v1"",""shortening_bits"":64,""z"":128}",[1024]
QPSK,2/3,QPSK:r2/3,f9f57161f8b0a41eda352599fe50efc1ca3dc3fa13ee320adcdfc9db87da2a84,384,16,0,400,520,120,2704,1142,571,0,0.3502626970227671,0.3362521891418564,"{""actual_effective_rate"":0.3502626970227671,""bg"":""bg2"",""bit_mapping"":""component_Gray_00_-3_01_-1_10_3_11_1_over_sqrt5;QPSK_0_plus1_1_minus1"",""code_blocks"":1,""decoder_config"":{""cn_schedule"":""flooding"",""cn_update"":""boxplus-phi"",""early_stop"":false,""hard_out"":true,""harq_mode"":false,""llr_max"":20.0,""num_iter"":20,""precision"":""single"",""prune_pcm"":true,""return_infobits"":true,""vn_update"":""sum""},""implementation"":{""bit_mapping"":""component_Gray_00_-3_01_-1_10_3_11_1_over_sqrt5;QPSK_0_plus1_1_minus1"",""cuda"":""12.8"",""decoder"":{""cn_schedule"":""flooding"",""cn_update"":""boxplus-phi"",""early_stop"":false,""hard_out"":true,""harq_mode"":false,""llr_max"":20.0,""num_iter"":20,""precision"":""single"",""prune_pcm"":true,""return_infobits"":true,""vn_update"":""sum""},""decoder_source_sha256"":""44d84b92b749e2970f94d92cd348a11648e2286b4d851faa0af8b21d08f0da23"",""encoder_source_sha256"":""34d8db6660b2e84708a8fb534f63c194f6f2b964e3693fcffc9dcaf21532ccfd"",""implementation"":""Sionna_5G_LDPC"",""power_protocol"":""fixed_constellation_average_Es2"",""precision"":""float32"",""rate_matching"":""Sionna RV0; filler removal, first2Z and tail puncturing; supported n only"",""scrambling"":""public_PCG64_SHA256_protocol_session_frame_group_counter_after_rate_matching_v1"",""torch"":""2.11.0+cu128"",""version"":""2.2.0""},""interleaver_sha256"":""1fb4aa26aba0237844d7b5d5e619761febb3e8e777914525b319a672756316a1"",""k"":400,""k_filler"":120,""k_ldpc"":520,""layout_id"":""10e3e67191b4f6abdce5b46a66952e4d6b31a9261b7c27ea9d873059e6a13d52"",""modulation_padding_bits"":0,""mother_bits"":2704,""n"":1142,""n_cb"":2600,""n_cb_comp"":2480,""power_protocol"":""fixed_constellation_average_Es2"",""puncturing_bits"":1442,""puncturing_first_2Z"":104,""puncturing_remaining"":1338,""repetition_bits"":0,""scrambling"":""public_PCG64_SHA256_protocol_session_frame_group_counter_after_rate_matching_v1"",""shortening_bits"":120,""z"":52}",[2048]
16QAM,3/4,16QAM:r3/4,fa02f483a2f2b16608c2327b6ec24d4fd7c3b95393560a8e49232ac1e41bdcfe,900,16,0,916,960,44,4992,1948,487,0,0.4702258726899384,0.4620123203285421,"{""actual_effective_rate"":0.4702258726899384,""bg"":""bg2"",""bit_mapping"":""component_Gray_00_-3_01_-1_10_3_11_1_over_sqrt5;QPSK_0_plus1_1_minus1"",""code_blocks"":1,""decoder_config"":{""cn_schedule"":""flooding"",""cn_update"":""boxplus-phi"",""early_stop"":false,""hard_out"":true,""harq_mode"":false,""llr_max"":20.0,""num_iter"":20,""precision"":""single"",""prune_pcm"":true,""return_infobits"":true,""vn_update"":""sum""},""implementation"":{""bit_mapping"":""component_Gray_00_-3_01_-1_10_3_11_1_over_sqrt5;QPSK_0_plus1_1_minus1"",""cuda"":""12.8"",""decoder"":{""cn_schedule"":""flooding"",""cn_update"":""boxplus-phi"",""early_stop"":false,""hard_out"":true,""harq_mode"":false,""llr_max"":20.0,""num_iter"":20,""precision"":""single"",""prune_pcm"":true,""return_infobits"":true,""vn_update"":""sum""},""decoder_source_sha256"":""44d84b92b749e2970f94d92cd348a11648e2286b4d851faa0af8b21d08f0da23"",""encoder_source_sha256"":""34d8db6660b2e84708a8fb534f63c194f6f2b964e3693fcffc9dcaf21532ccfd"",""implementation"":""Sionna_5G_LDPC"",""power_protocol"":""fixed_constellation_average_Es2"",""precision"":""float32"",""rate_matching"":""Sionna RV0; filler removal, first2Z and tail puncturing; supported n only"",""scrambling"":""public_PCG64_SHA256_protocol_session_frame_group_counter_after_rate_matching_v1"",""torch"":""2.11.0+cu128"",""version"":""2.2.0""},""interleaver_sha256"":""79ea3acf291632c1a25a06a82a9481d822192e9646396ce83c8413b48e66ef89"",""k"":916,""k_filler"":44,""k_ldpc"":960,""layout_id"":""76038a4294490d55398a7da26f8bb810194c30c92394fc34bd178f50334748d0"",""modulation_padding_bits"":0,""mother_bits"":4992,""n"":1948,""n_cb"":4800,""n_cb_comp"":4756,""power_protocol"":""fixed_constellation_average_Es2"",""puncturing_bits"":3000,""puncturing_first_2Z"":192,""puncturing_remaining"":2808,""repetition_bits"":0,""scrambling"":""public_PCG64_SHA256_protocol_session_frame_group_counter_after_rate_matching_v1"",""shortening_bits"":44,""z"":96}",[2048]
QPSK,1/2,QPSK:r1/2,fa0dc28433f43079516c4bab68b4300290693093e4690ffdf002db44f54a6b68,432,16,0,448,560,112,2912,1270,635,0,0.352755905511811,0.3401574803149606,"{""actual_effective_rate"":0.352755905511811,""bg"":""bg2"",""bit_mapping"":""component_Gray_00_-3_01_-1_10_3_11_1_over_sqrt5;QPSK_0_plus1_1_minus1"",""code_blocks"":1,""decoder_config"":{""cn_schedule"":""flooding"",""cn_update"":""boxplus-phi"",""early_stop"":false,""hard_out"":true,""harq_mode"":false,""llr_max"":20.0,""num_iter"":20,""precision"":""single"",""prune_pcm"":true,""return_infobits"":true,""vn_update"":""sum""},""implementation"":{""bit_mapping"":""component_Gray_00_-3_01_-1_10_3_11_1_over_sqrt5;QPSK_0_plus1_1_minus1"",""cuda"":""12.8"",""decoder"":{""cn_schedule"":""flooding"",""cn_update"":""boxplus-phi"",""early_stop"":false,""hard_out"":true,""harq_mode"":false,""llr_max"":20.0,""num_iter"":20,""precision"":""single"",""prune_pcm"":true,""return_infobits"":true,""vn_update"":""sum""},""decoder_source_sha256"":""44d84b92b749e2970f94d92cd348a11648e2286b4d851faa0af8b21d08f0da23"",""encoder_source_sha256"":""34d8db6660b2e84708a8fb534f63c194f6f2b964e3693fcffc9dcaf21532ccfd"",""implementation"":""Sionna_5G_LDPC"",""power_protocol"":""fixed_constellation_average_Es2"",""precision"":""float32"",""rate_matching"":""Sionna RV0; filler removal, first2Z and tail puncturing; supported n only"",""scrambling"":""public_PCG64_SHA256_protocol_session_frame_group_counter_after_rate_matching_v1"",""torch"":""2.11.0+cu128"",""version"":""2.2.0""},""interleaver_sha256"":""9399ef212dff5d074f5e9bc12ef1a870f5974953133b19304eda02ed1dcc74f3"",""k"":448,""k_filler"":112,""k_ldpc"":560,""layout_id"":""81722b52cca313be76d09e726d2cb9132422adb0f9d0e03e53046ecc69691b4c"",""modulation_padding_bits"":0,""mother_bits"":2912,""n"":1270,""n_cb"":2800,""n_cb_comp"":2688,""power_protocol"":""fixed_constellation_average_Es2"",""puncturing_bits"":1530,""puncturing_first_2Z"":112,""puncturing_remaining"":1418,""repetition_bits"":0,""scrambling"":""public_PCG64_SHA256_protocol_session_frame_group_counter_after_rate_matching_v1"",""shortening_bits"":112,""z"":56}",[1024]
16QAM,5/6,16QAM:r5/6,fa12920d0b83f52f36047b2eb72b3f5356201be14cfb52697a2daa9085eb2fa2,660,16,0,676,720,44,3744,1808,452,0,0.37389380530973454,0.36504424778761063,"{""actual_effective_rate"":0.37389380530973454,""bg"":""bg2"",""bit_mapping"":""component_Gray_00_-3_01_-1_10_3_11_1_over_sqrt5;QPSK_0_plus1_1_minus1"",""code_blocks"":1,""decoder_config"":{""cn_schedule"":""flooding"",""cn_update"":""boxplus-phi"",""early_stop"":false,""hard_out"":true,""harq_mode"":false,""llr_max"":20.0,""num_iter"":20,""precision"":""single"",""prune_pcm"":true,""return_infobits"":true,""vn_update"":""sum""},""implementation"":{""bit_mapping"":""component_Gray_00_-3_01_-1_10_3_11_1_over_sqrt5;QPSK_0_plus1_1_minus1"",""cuda"":""12.8"",""decoder"":{""cn_schedule"":""flooding"",""cn_update"":""boxplus-phi"",""early_stop"":false,""hard_out"":true,""harq_mode"":false,""llr_max"":20.0,""num_iter"":20,""precision"":""single"",""prune_pcm"":true,""return_infobits"":true,""vn_update"":""sum""},""decoder_source_sha256"":""44d84b92b749e2970f94d92cd348a11648e2286b4d851faa0af8b21d08f0da23"",""encoder_source_sha256"":""34d8db6660b2e84708a8fb534f63c194f6f2b964e3693fcffc9dcaf21532ccfd"",""implementation"":""Sionna_5G_LDPC"",""power_protocol"":""fixed_constellation_average_Es2"",""precision"":""float32"",""rate_matching"":""Sionna RV0; filler removal, first2Z and tail puncturing; supported n only"",""scrambling"":""public_PCG64_SHA256_protocol_session_frame_group_counter_after_rate_matching_v1"",""torch"":""2.11.0+cu128"",""version"":""2.2.0""},""interleaver_sha256"":""b77874105cf70f62634d2785f2ed330d9dc92cdfb4f9b01bcc8f559fd7223786"",""k"":676,""k_filler"":44,""k_ldpc"":720,""layout_id"":""34854b5153d86ce67c0407f9c613a3736275302918cbc70a14f34444f13b512c"",""modulation_padding_bits"":0,""mother_bits"":3744,""n"":1808,""n_cb"":3600,""n_cb_comp"":3556,""power_protocol"":""fixed_constellation_average_Es2"",""puncturing_bits"":1892,""puncturing_first_2Z"":144,""puncturing_remaining"":1748,""repetition_bits"":0,""scrambling"":""public_PCG64_SHA256_protocol_session_frame_group_counter_after_rate_matching_v1"",""shortening_bits"":44,""z"":72}",[1024]
16QAM,1/2,16QAM:r1/2,fa166fbd02b49da5af8dc0addee0a76c57fbf545f7af72b5273322627be12290,2700,16,0,2716,2880,164,14976,7244,1811,0,0.3749309773605743,0.37272225289895083,"{""actual_effective_rate"":0.3749309773605743,""bg"":""bg2"",""bit_mapping"":""component_Gray_00_-3_01_-1_10_3_11_1_over_sqrt5;QPSK_0_plus1_1_minus1"",""code_blocks"":1,""decoder_config"":{""cn_schedule"":""flooding"",""cn_update"":""boxplus-phi"",""early_stop"":false,""hard_out"":true,""harq_mode"":false,""llr_max"":20.0,""num_iter"":20,""precision"":""single"",""prune_pcm"":true,""return_infobits"":true,""vn_update"":""sum""},""implementation"":{""bit_mapping"":""component_Gray_00_-3_01_-1_10_3_11_1_over_sqrt5;QPSK_0_plus1_1_minus1"",""cuda"":""12.8"",""decoder"":{""cn_schedule"":""flooding"",""cn_update"":""boxplus-phi"",""early_stop"":false,""hard_out"":true,""harq_mode"":false,""llr_max"":20.0,""num_iter"":20,""precision"":""single"",""prune_pcm"":true,""return_infobits"":true,""vn_update"":""sum""},""decoder_source_sha256"":""44d84b92b749e2970f94d92cd348a11648e2286b4d851faa0af8b21d08f0da23"",""encoder_source_sha256"":""34d8db6660b2e84708a8fb534f63c194f6f2b964e3693fcffc9dcaf21532ccfd"",""implementation"":""Sionna_5G_LDPC"",""power_protocol"":""fixed_constellation_average_Es2"",""precision"":""float32"",""rate_matching"":""Sionna RV0; filler removal, first2Z and tail puncturing; supported n only"",""scrambling"":""public_PCG64_SHA256_protocol_session_frame_group_counter_after_rate_matching_v1"",""torch"":""2.11.0+cu128"",""version"":""2.2.0""},""interleaver_sha256"":""a9cac82edf901f31297439a9d42a36f56d420d5504406f93335e75b852300e13"",""k"":2716,""k_filler"":164,""k_ldpc"":2880,""layout_id"":""75eab4ea1feda0cc12f0ff06761cf8bb2e169da974c9b67d771ce9010f506698"",""modulation_padding_bits"":0,""mother_bits"":14976,""n"":7244,""n_cb"":14400,""n_cb_comp"":14236,""power_protocol"":""fixed_constellation_average_Es2"",""puncturing_bits"":7568,""puncturing_first_2Z"":576,""puncturing_remaining"":6992,""repetition_bits"":0,""scrambling"":""public_PCG64_SHA256_protocol_session_frame_group_counter_after_rate_matching_v1"",""shortening_bits"":164,""z"":288}",[2048]
16QAM,3/4,16QAM:r3/4,fa1b6cd698fb212422c701506bf6fc030d14a6ef29900975023f3b78d59b64a8,1704,16,0,1720,1760,40,5440,2296,574,0,0.7491289198606271,0.7421602787456446,"{""actual_effective_rate"":0.7491289198606271,""bg"":""bg1"",""bit_mapping"":""component_Gray_00_-3_01_-1_10_3_11_1_over_sqrt5;QPSK_0_plus1_1_minus1"",""code_blocks"":1,""decoder_config"":{""cn_schedule"":""flooding"",""cn_update"":""boxplus-phi"",""early_stop"":false,""hard_out"":true,""harq_mode"":false,""llr_max"":20.0,""num_iter"":20,""precision"":""single"",""prune_pcm"":true,""return_infobits"":true,""vn_update"":""sum""},""implementation"":{""bit_mapping"":""component_Gray_00_-3_01_-1_10_3_11_1_over_sqrt5;QPSK_0_plus1_1_minus1"",""cuda"":""12.8"",""decoder"":{""cn_schedule"":""flooding"",""cn_update"":""boxplus-phi"",""early_stop"":false,""hard_out"":true,""harq_mode"":false,""llr_max"":20.0,""num_iter"":20,""precision"":""single"",""prune_pcm"":true,""return_infobits"":true,""vn_update"":""sum""},""decoder_source_sha256"":""44d84b92b749e2970f94d92cd348a11648e2286b4d851faa0af8b21d08f0da23"",""encoder_source_sha256"":""34d8db6660b2e84708a8fb534f63c194f6f2b964e3693fcffc9dcaf21532ccfd"",""implementation"":""Sionna_5G_LDPC"",""power_protocol"":""fixed_constellation_average_Es2"",""precision"":""float32"",""rate_matching"":""Sionna RV0; filler removal, first2Z and tail puncturing; supported n only"",""scrambling"":""public_PCG64_SHA256_protocol_session_frame_group_counter_after_rate_matching_v1"",""torch"":""2.11.0+cu128"",""version"":""2.2.0""},""interleaver_sha256"":""da7533ad9ab2e067f89151e01271a4d5c6963b054dae58a9053a58cf87f818a7"",""k"":1720,""k_filler"":40,""k_ldpc"":1760,""layout_id"":""d75ed80f09169066de725b014b18062af1cbd0bc52a59b4a3ca98961355a9f48"",""modulation_padding_bits"":0,""mother_bits"":5440,""n"":2296,""n_cb"":5280,""n_cb_comp"":5240,""power_protocol"":""fixed_constellation_average_Es2"",""puncturing_bits"":3104,""puncturing_first_2Z"":160,""puncturing_remaining"":2944,""repetition_bits"":0,""scrambling"":""public_PCG64_SHA256_protocol_session_frame_group_counter_after_rate_matching_v1"",""shortening_bits"":40,""z"":80}",[2048]
16QAM,1/2,16QAM:r1/2,fa2e51832fa61a8c9ddff369fbf74d694230138e9d4106c22abeb8632e09c1a1,216,16,0,232,300,68,1560,712,178,0,0.3258426966292135,0.30337078651685395,"{""actual_effective_rate"":0.3258426966292135,""bg"":""bg2"",""bit_mapping"":""component_Gray_00_-3_01_-1_10_3_11_1_over_sqrt5;QPSK_0_plus1_1_minus1"",""code_blocks"":1,""decoder_config"":{""cn_schedule"":""flooding"",""cn_update"":""boxplus-phi"",""early_stop"":false,""hard_out"":true,""harq_mode"":false,""llr_max"":20.0,""num_iter"":20,""precision"":""single"",""prune_pcm"":true,""return_infobits"":true,""vn_update"":""sum""},""implementation"":{""bit_mapping"":""component_Gray_00_-3_01_-1_10_3_11_1_over_sqrt5;QPSK_0_plus1_1_minus1"",""cuda"":""12.8"",""decoder"":{""cn_schedule"":""flooding"",""cn_update"":""boxplus-phi"",""early_stop"":false,""hard_out"":true,""harq_mode"":false,""llr_max"":20.0,""num_iter"":20,""precision"":""single"",""prune_pcm"":true,""return_infobits"":true,""vn_update"":""sum""},""decoder_source_sha256"":""44d84b92b749e2970f94d92cd348a11648e2286b4d851faa0af8b21d08f0da23"",""encoder_source_sha256"":""34d8db6660b2e84708a8fb534f63c194f6f2b964e3693fcffc9dcaf21532ccfd"",""implementation"":""Sionna_5G_LDPC"",""power_protocol"":""fixed_constellation_average_Es2"",""precision"":""float32"",""rate_matching"":""Sionna RV0; filler removal, first2Z and tail puncturing; supported n only"",""scrambling"":""public_PCG64_SHA256_protocol_session_frame_group_counter_after_rate_matching_v1"",""torch"":""2.11.0+cu128"",""version"":""2.2.0""},""interleaver_sha256"":""ba99e822d38bae1d54c4a76422c7115a0490780b38140732abd0d65856fad422"",""k"":232,""k_filler"":68,""k_ldpc"":300,""layout_id"":""d68192a72b3068a60e7b07d51cd384721badc851e94f7e5ca38cd4d5ec0e7db6"",""modulation_padding_bits"":0,""mother_bits"":1560,""n"":712,""n_cb"":1500,""n_cb_comp"":1432,""power_protocol"":""fixed_constellation_average_Es2"",""puncturing_bits"":780,""puncturing_first_2Z"":60,""puncturing_remaining"":720,""repetition_bits"":0,""scrambling"":""public_PCG64_SHA256_protocol_session_frame_group_counter_after_rate_matching_v1"",""shortening_bits"":68,""z"":30}",[1024]
QPSK,3/4,QPSK:r3/4,fa4bef1d4b809fde6c9a0a1c01b7534e827223ef8f7dc337b1e357d4e4a84f74,924,16,0,940,960,20,4992,2826,1413,0,0.3326256192498231,0.32696390658174096,"{""actual_effective_rate"":0.3326256192498231,""bg"":""bg2"",""bit_mapping"":""component_Gray_00_-3_01_-1_10_3_11_1_over_sqrt5;QPSK_0_plus1_1_minus1"",""code_blocks"":1,""decoder_config"":{""cn_schedule"":""flooding"",""cn_update"":""boxplus-phi"",""early_stop"":false,""hard_out"":true,""harq_mode"":false,""llr_max"":20.0,""num_iter"":20,""precision"":""single"",""prune_pcm"":true,""return_infobits"":true,""vn_update"":""sum""},""implementation"":{""bit_mapping"":""component_Gray_00_-3_01_-1_10_3_11_1_over_sqrt5;QPSK_0_plus1_1_minus1"",""cuda"":""12.8"",""decoder"":{""cn_schedule"":""flooding"",""cn_update"":""boxplus-phi"",""early_stop"":false,""hard_out"":true,""harq_mode"":false,""llr_max"":20.0,""num_iter"":20,""precision"":""single"",""prune_pcm"":true,""return_infobits"":true,""vn_update"":""sum""},""decoder_source_sha256"":""44d84b92b749e2970f94d92cd348a11648e2286b4d851faa0af8b21d08f0da23"",""encoder_source_sha256"":""34d8db6660b2e84708a8fb534f63c194f6f2b964e3693fcffc9dcaf21532ccfd"",""implementation"":""Sionna_5G_LDPC"",""power_protocol"":""fixed_constellation_average_Es2"",""precision"":""float32"",""rate_matching"":""Sionna RV0; filler removal, first2Z and tail puncturing; supported n only"",""scrambling"":""public_PCG64_SHA256_protocol_session_frame_group_counter_after_rate_matching_v1"",""torch"":""2.11.0+cu128"",""version"":""2.2.0""},""interleaver_sha256"":""f1623ca3d29b3cadd98ffa5f55568dbb48ac831f2ceeba6482987203ad7fc517"",""k"":940,""k_filler"":20,""k_ldpc"":960,""layout_id"":""bb55067f01dbf7f54ff7627cb7008c7254f109d5e93b3f4adc422442dac42713"",""modulation_padding_bits"":0,""mother_bits"":4992,""n"":2826,""n_cb"":4800,""n_cb_comp"":4780,""power_protocol"":""fixed_constellation_average_Es2"",""puncturing_bits"":2146,""puncturing_first_2Z"":192,""puncturing_remaining"":1954,""repetition_bits"":0,""scrambling"":""public_PCG64_SHA256_protocol_session_frame_group_counter_after_rate_matching_v1"",""shortening_bits"":20,""z"":96}",[2048]
16QAM,1/2,16QAM:r1/2,fa605038a484f2ef308af2c55b4821d3f7460134ae459009dbf50f6d196beb9b,1008,16,0,1024,1040,16,5408,2132,533,0,0.4803001876172608,0.4727954971857411,"{""actual_effective_rate"":0.4803001876172608,""bg"":""bg2"",""bit_mapping"":""component_Gray_00_-3_01_-1_10_3_11_1_over_sqrt5;QPSK_0_plus1_1_minus1"",""code_blocks"":1,""decoder_config"":{""cn_schedule"":""flooding"",""cn_update"":""boxplus-phi"",""early_stop"":false,""hard_out"":true,""harq_mode"":false,""llr_max"":20.0,""num_iter"":20,""precision"":""single"",""prune_pcm"":true,""return_infobits"":true,""vn_update"":""sum""},""implementation"":{""bit_mapping"":""component_Gray_00_-3_01_-1_10_3_11_1_over_sqrt5;QPSK_0_plus1_1_minus1"",""cuda"":""12.8"",""decoder"":{""cn_schedule"":""flooding"",""cn_update"":""boxplus-phi"",""early_stop"":false,""hard_out"":true,""harq_mode"":false,""llr_max"":20.0,""num_iter"":20,""precision"":""single"",""prune_pcm"":true,""return_infobits"":true,""vn_update"":""sum""},""decoder_source_sha256"":""44d84b92b749e2970f94d92cd348a11648e2286b4d851faa0af8b21d08f0da23"",""encoder_source_sha256"":""34d8db6660b2e84708a8fb534f63c194f6f2b964e3693fcffc9dcaf21532ccfd"",""implementation"":""Sionna_5G_LDPC"",""power_protocol"":""fixed_constellation_average_Es2"",""precision"":""float32"",""rate_matching"":""Sionna RV0; filler removal, first2Z and tail puncturing; supported n only"",""scrambling"":""public_PCG64_SHA256_protocol_session_frame_group_counter_after_rate_matching_v1"",""torch"":""2.11.0+cu128"",""version"":""2.2.0""},""interleaver_sha256"":""df6ba03143f8fd721b6d576e79720d41ef9bbfb7f41f48f8960a874386c72897"",""k"":1024,""k_filler"":16,""k_ldpc"":1040,""layout_id"":""baa8f358a7ad71b3f7a71c97e0a5b521c5570663bc07a30161e683c2082ceed3"",""modulation_padding_bits"":0,""mother_bits"":5408,""n"":2132,""n_cb"":5200,""n_cb_comp"":5184,""power_protocol"":""fixed_constellation_average_Es2"",""puncturing_bits"":3260,""puncturing_first_2Z"":208,""puncturing_remaining"":3052,""repetition_bits"":0,""scrambling"":""public_PCG64_SHA256_protocol_session_frame_group_counter_after_rate_matching_v1"",""shortening_bits"":16,""z"":104}",[1024]
16QAM,3/4,16QAM:r3/4,fa72587645371a2158bc3f8426828c27ad40a4ca1f0c7684150cc455524c4454,4392,16,0,4408,4576,168,14144,5880,1470,0,0.7496598639455783,0.746938775510204,"{""actual_effective_rate"":0.7496598639455783,""bg"":""bg1"",""bit_mapping"":""component_Gray_00_-3_01_-1_10_3_11_1_over_sqrt5;QPSK_0_plus1_1_minus1"",""code_blocks"":1,""decoder_config"":{""cn_schedule"":""flooding"",""cn_update"":""boxplus-phi"",""early_stop"":false,""hard_out"":true,""harq_mode"":false,""llr_max"":20.0,""num_iter"":20,""precision"":""single"",""prune_pcm"":true,""return_infobits"":true,""vn_update"":""sum""},""implementation"":{""bit_mapping"":""component_Gray_00_-3_01_-1_10_3_11_1_over_sqrt5;QPSK_0_plus1_1_minus1"",""cuda"":""12.8"",""decoder"":{""cn_schedule"":""flooding"",""cn_update"":""boxplus-phi"",""early_stop"":false,""hard_out"":true,""harq_mode"":false,""llr_max"":20.0,""num_iter"":20,""precision"":""single"",""prune_pcm"":true,""return_infobits"":true,""vn_update"":""sum""},""decoder_source_sha256"":""44d84b92b749e2970f94d92cd348a11648e2286b4d851faa0af8b21d08f0da23"",""encoder_source_sha256"":""34d8db6660b2e84708a8fb534f63c194f6f2b964e3693fcffc9dcaf21532ccfd"",""implementation"":""Sionna_5G_LDPC"",""power_protocol"":""fixed_constellation_average_Es2"",""precision"":""float32"",""rate_matching"":""Sionna RV0; filler removal, first2Z and tail puncturing; supported n only"",""scrambling"":""public_PCG64_SHA256_protocol_session_frame_group_counter_after_rate_matching_v1"",""torch"":""2.11.0+cu128"",""version"":""2.2.0""},""interleaver_sha256"":""fd821f19e1d0a4d58262439b07f7d4d7aa3de059c3716fbb0a855ecfc753d4c0"",""k"":4408,""k_filler"":168,""k_ldpc"":4576,""layout_id"":""b0e7e887f4503ae8aeacd8ff6066b16c40fe1d71b991f9b1fed3e6c684c306a5"",""modulation_padding_bits"":0,""mother_bits"":14144,""n"":5880,""n_cb"":13728,""n_cb_comp"":13560,""power_protocol"":""fixed_constellation_average_Es2"",""puncturing_bits"":8096,""puncturing_first_2Z"":416,""puncturing_remaining"":7680,""repetition_bits"":0,""scrambling"":""public_PCG64_SHA256_protocol_session_frame_group_counter_after_rate_matching_v1"",""shortening_bits"":168,""z"":208}",[2048]
16QAM,1/2,16QAM:r1/2,fa7598e7d3a27eea6a5f77b8121d4f5ab7ed9b6370d66bb735e0adcb7471b1b6,576,16,0,592,720,128,3744,1696,424,0,0.3490566037735849,0.33962264150943394,"{""actual_effective_rate"":0.3490566037735849,""bg"":""bg2"",""bit_mapping"":""component_Gray_00_-3_01_-1_10_3_11_1_over_sqrt5;QPSK_0_plus1_1_minus1"",""code_blocks"":1,""decoder_config"":{""cn_schedule"":""flooding"",""cn_update"":""boxplus-phi"",""early_stop"":false,""hard_out"":true,""harq_mode"":false,""llr_max"":20.0,""num_iter"":20,""precision"":""single"",""prune_pcm"":true,""return_infobits"":true,""vn_update"":""sum""},""implementation"":{""bit_mapping"":""component_Gray_00_-3_01_-1_10_3_11_1_over_sqrt5;QPSK_0_plus1_1_minus1"",""cuda"":""12.8"",""decoder"":{""cn_schedule"":""flooding"",""cn_update"":""boxplus-phi"",""early_stop"":false,""hard_out"":true,""harq_mode"":false,""llr_max"":20.0,""num_iter"":20,""precision"":""single"",""prune_pcm"":true,""return_infobits"":true,""vn_update"":""sum""},""decoder_source_sha256"":""44d84b92b749e2970f94d92cd348a11648e2286b4d851faa0af8b21d08f0da23"",""encoder_source_sha256"":""34d8db6660b2e84708a8fb534f63c194f6f2b964e3693fcffc9dcaf21532ccfd"",""implementation"":""Sionna_5G_LDPC"",""power_protocol"":""fixed_constellation_average_Es2"",""precision"":""float32"",""rate_matching"":""Sionna RV0; filler removal, first2Z and tail puncturing; supported n only"",""scrambling"":""public_PCG64_SHA256_protocol_session_frame_group_counter_after_rate_matching_v1"",""torch"":""2.11.0+cu128"",""version"":""2.2.0""},""interleaver_sha256"":""8ed3705782af77a7bc3220f4c8678a289af18746e574249270e6a0d546a448a3"",""k"":592,""k_filler"":128,""k_ldpc"":720,""layout_id"":""9fb49c568f060db4743faab9b25d876fa365f36d0ea6b1e9e19c9066421daf4a"",""modulation_padding_bits"":0,""mother_bits"":3744,""n"":1696,""n_cb"":3600,""n_cb_comp"":3472,""power_protocol"":""fixed_constellation_average_Es2"",""puncturing_bits"":1920,""puncturing_first_2Z"":144,""puncturing_remaining"":1776,""repetition_bits"":0,""scrambling"":""public_PCG64_SHA256_protocol_session_frame_group_counter_after_rate_matching_v1"",""shortening_bits"":128,""z"":72}",[1024]
QPSK,1/2,QPSK:r1/2,fa83ae640e41cf264edc0064dcfec7e441e46592ae1b4c6187bc7cb5638b51e7,792,16,0,808,880,72,4576,1616,808,0,0.5,0.4900990099009901,"{""actual_effective_rate"":0.5,""bg"":""bg2"",""bit_mapping"":""component_Gray_00_-3_01_-1_10_3_11_1_over_sqrt5;QPSK_0_plus1_1_minus1"",""code_blocks"":1,""decoder_config"":{""cn_schedule"":""flooding"",""cn_update"":""boxplus-phi"",""early_stop"":false,""hard_out"":true,""harq_mode"":false,""llr_max"":20.0,""num_iter"":20,""precision"":""single"",""prune_pcm"":true,""return_infobits"":true,""vn_update"":""sum""},""implementation"":{""bit_mapping"":""component_Gray_00_-3_01_-1_10_3_11_1_over_sqrt5;QPSK_0_plus1_1_minus1"",""cuda"":""12.8"",""decoder"":{""cn_schedule"":""flooding"",""cn_update"":""boxplus-phi"",""early_stop"":false,""hard_out"":true,""harq_mode"":false,""llr_max"":20.0,""num_iter"":20,""precision"":""single"",""prune_pcm"":true,""return_infobits"":true,""vn_update"":""sum""},""decoder_source_sha256"":""44d84b92b749e2970f94d92cd348a11648e2286b4d851faa0af8b21d08f0da23"",""encoder_source_sha256"":""34d8db6660b2e84708a8fb534f63c194f6f2b964e3693fcffc9dcaf21532ccfd"",""implementation"":""Sionna_5G_LDPC"",""power_protocol"":""fixed_constellation_average_Es2"",""precision"":""float32"",""rate_matching"":""Sionna RV0; filler removal, first2Z and tail puncturing; supported n only"",""scrambling"":""public_PCG64_SHA256_protocol_session_frame_group_counter_after_rate_matching_v1"",""torch"":""2.11.0+cu128"",""version"":""2.2.0""},""interleaver_sha256"":""281f2e339c27f61a00a3c47a9c3fd623da5e1b19bbc7f6c8f28b4dca8d77daab"",""k"":808,""k_filler"":72,""k_ldpc"":880,""layout_id"":""b17158ba9ab6862bea21ca39ee853ed8ce9e6a067cb3cdadc889ba3e07b68c44"",""modulation_padding_bits"":0,""mother_bits"":4576,""n"":1616,""n_cb"":4400,""n_cb_comp"":4328,""power_protocol"":""fixed_constellation_average_Es2"",""puncturing_bits"":2888,""puncturing_first_2Z"":176,""puncturing_remaining"":2712,""repetition_bits"":0,""scrambling"":""public_PCG64_SHA256_protocol_session_frame_group_counter_after_rate_matching_v1"",""shortening_bits"":72,""z"":88}",[1024]
QPSK,5/6,QPSK:r5/6,fa8ebb0f393a18f461400546852b24bde2f55d049f8137a4271f369af60d405e,516,16,0,532,720,188,3744,878,439,0,0.6059225512528473,0.5876993166287016,"{""actual_effective_rate"":0.6059225512528473,""bg"":""bg2"",""bit_mapping"":""component_Gray_00_-3_01_-1_10_3_11_1_over_sqrt5;QPSK_0_plus1_1_minus1"",""code_blocks"":1,""decoder_config"":{""cn_schedule"":""flooding"",""cn_update"":""boxplus-phi"",""early_stop"":false,""hard_out"":true,""harq_mode"":false,""llr_max"":20.0,""num_iter"":20,""precision"":""single"",""prune_pcm"":true,""return_infobits"":true,""vn_update"":""sum""},""implementation"":{""bit_mapping"":""component_Gray_00_-3_01_-1_10_3_11_1_over_sqrt5;QPSK_0_plus1_1_minus1"",""cuda"":""12.8"",""decoder"":{""cn_schedule"":""flooding"",""cn_update"":""boxplus-phi"",""early_stop"":false,""hard_out"":true,""harq_mode"":false,""llr_max"":20.0,""num_iter"":20,""precision"":""single"",""prune_pcm"":true,""return_infobits"":true,""vn_update"":""sum""},""decoder_source_sha256"":""44d84b92b749e2970f94d92cd348a11648e2286b4d851faa0af8b21d08f0da23"",""encoder_source_sha256"":""34d8db6660b2e84708a8fb534f63c194f6f2b964e3693fcffc9dcaf21532ccfd"",""implementation"":""Sionna_5G_LDPC"",""power_protocol"":""fixed_constellation_average_Es2"",""precision"":""float32"",""rate_matching"":""Sionna RV0; filler removal, first2Z and tail puncturing; supported n only"",""scrambling"":""public_PCG64_SHA256_protocol_session_frame_group_counter_after_rate_matching_v1"",""torch"":""2.11.0+cu128"",""version"":""2.2.0""},""interleaver_sha256"":""f292ac511ad5ed9b412fc6f0bc924767c514939b82048a8205aa58c78b12225e"",""k"":532,""k_filler"":188,""k_ldpc"":720,""layout_id"":""64776c9b5f05743a00b640ffd7646af8674c42978e01d3a98b5b6cd92b5774be"",""modulation_padding_bits"":0,""mother_bits"":3744,""n"":878,""n_cb"":3600,""n_cb_comp"":3412,""power_protocol"":""fixed_constellation_average_Es2"",""puncturing_bits"":2678,""puncturing_first_2Z"":144,""puncturing_remaining"":2534,""repetition_bits"":0,""scrambling"":""public_PCG64_SHA256_protocol_session_frame_group_counter_after_rate_matching_v1"",""shortening_bits"":188,""z"":72}",[1024]
16QAM,2/3,16QAM:r2/3,fa9cdf294ebf0ca7dd7264c04cc90cbd8c460e20f89fdf970fdcec3b5949fadd,2208,16,0,2224,2240,16,11648,3724,931,0,0.5972073039742213,0.5929108485499462,"{""actual_effective_rate"":0.5972073039742213,""bg"":""bg2"",""bit_mapping"":""component_Gray_00_-3_01_-1_10_3_11_1_over_sqrt5;QPSK_0_plus1_1_minus1"",""code_blocks"":1,""decoder_config"":{""cn_schedule"":""flooding"",""cn_update"":""boxplus-phi"",""early_stop"":false,""hard_out"":true,""harq_mode"":false,""llr_max"":20.0,""num_iter"":20,""precision"":""single"",""prune_pcm"":true,""return_infobits"":true,""vn_update"":""sum""},""implementation"":{""bit_mapping"":""component_Gray_00_-3_01_-1_10_3_11_1_over_sqrt5;QPSK_0_plus1_1_minus1"",""cuda"":""12.8"",""decoder"":{""cn_schedule"":""flooding"",""cn_update"":""boxplus-phi"",""early_stop"":false,""hard_out"":true,""harq_mode"":false,""llr_max"":20.0,""num_iter"":20,""precision"":""single"",""prune_pcm"":true,""return_infobits"":true,""vn_update"":""sum""},""decoder_source_sha256"":""44d84b92b749e2970f94d92cd348a11648e2286b4d851faa0af8b21d08f0da23"",""encoder_source_sha256"":""34d8db6660b2e84708a8fb534f63c194f6f2b964e3693fcffc9dcaf21532ccfd"",""implementation"":""Sionna_5G_LDPC"",""power_protocol"":""fixed_constellation_average_Es2"",""precision"":""float32"",""rate_matching"":""Sionna RV0; filler removal, first2Z and tail puncturing; supported n only"",""scrambling"":""public_PCG64_SHA256_protocol_session_frame_group_counter_after_rate_matching_v1"",""torch"":""2.11.0+cu128"",""version"":""2.2.0""},""interleaver_sha256"":""212d4a7ba5d3dc232a9a19dcf2fbbdaa5292f48c112aa6ed2be80b46f7ed7aa9"",""k"":2224,""k_filler"":16,""k_ldpc"":2240,""layout_id"":""f4206eb3fa8b5c091610740b3e49a7087e704e0b5ede4c7a5d3543d0ea15dbc3"",""modulation_padding_bits"":0,""mother_bits"":11648,""n"":3724,""n_cb"":11200,""n_cb_comp"":11184,""power_protocol"":""fixed_constellation_average_Es2"",""puncturing_bits"":7908,""puncturing_first_2Z"":448,""puncturing_remaining"":7460,""repetition_bits"":0,""scrambling"":""public_PCG64_SHA256_protocol_session_frame_group_counter_after_rate_matching_v1"",""shortening_bits"":16,""z"":224}",[2048]
16QAM,1/2,16QAM:r1/2,faae2df2388762a23a8b863b2e8bda46146edd50f771a09cfa16729d08ceb970,600,16,0,616,720,104,3744,2800,700,0,0.22,0.21428571428571427,"{""actual_effective_rate"":0.22,""bg"":""bg2"",""bit_mapping"":""component_Gray_00_-3_01_-1_10_3_11_1_over_sqrt5;QPSK_0_plus1_1_minus1"",""code_blocks"":1,""decoder_config"":{""cn_schedule"":""flooding"",""cn_update"":""boxplus-phi"",""early_stop"":false,""hard_out"":true,""harq_mode"":false,""llr_max"":20.0,""num_iter"":20,""precision"":""single"",""prune_pcm"":true,""return_infobits"":true,""vn_update"":""sum""},""implementation"":{""bit_mapping"":""component_Gray_00_-3_01_-1_10_3_11_1_over_sqrt5;QPSK_0_plus1_1_minus1"",""cuda"":""12.8"",""decoder"":{""cn_schedule"":""flooding"",""cn_update"":""boxplus-phi"",""early_stop"":false,""hard_out"":true,""harq_mode"":false,""llr_max"":20.0,""num_iter"":20,""precision"":""single"",""prune_pcm"":true,""return_infobits"":true,""vn_update"":""sum""},""decoder_source_sha256"":""44d84b92b749e2970f94d92cd348a11648e2286b4d851faa0af8b21d08f0da23"",""encoder_source_sha256"":""34d8db6660b2e84708a8fb534f63c194f6f2b964e3693fcffc9dcaf21532ccfd"",""implementation"":""Sionna_5G_LDPC"",""power_protocol"":""fixed_constellation_average_Es2"",""precision"":""float32"",""rate_matching"":""Sionna RV0; filler removal, first2Z and tail puncturing; supported n only"",""scrambling"":""public_PCG64_SHA256_protocol_session_frame_group_counter_after_rate_matching_v1"",""torch"":""2.11.0+cu128"",""version"":""2.2.0""},""interleaver_sha256"":""b7b4730d7c8535d5589b69b51e37affd1a2150984eb708be0918f19e8c3d9e0f"",""k"":616,""k_filler"":104,""k_ldpc"":720,""layout_id"":""024726fff7f46dd16a6b1b179321ab2d6b70ddd2f3d7718b5ac9403106b60e72"",""modulation_padding_bits"":0,""mother_bits"":3744,""n"":2800,""n_cb"":3600,""n_cb_comp"":3496,""power_protocol"":""fixed_constellation_average_Es2"",""puncturing_bits"":840,""puncturing_first_2Z"":144,""puncturing_remaining"":696,""repetition_bits"":0,""scrambling"":""public_PCG64_SHA256_protocol_session_frame_group_counter_after_rate_matching_v1"",""shortening_bits"":104,""z"":72}",[2048]
16QAM,1/3,16QAM:r1/3,fabc0784e1f44c2a970dfff560787cbc8b0218929802b915b0995d2aa7acf563,708,16,0,724,800,76,4160,2188,547,0,0.33089579524680074,0.3235831809872029,"{""actual_effective_rate"":0.33089579524680074,""bg"":""bg2"",""bit_mapping"":""component_Gray_00_-3_01_-1_10_3_11_1_over_sqrt5;QPSK_0_plus1_1_minus1"",""code_blocks"":1,""decoder_config"":{""cn_schedule"":""flooding"",""cn_update"":""boxplus-phi"",""early_stop"":false,""hard_out"":true,""harq_mode"":false,""llr_max"":20.0,""num_iter"":20,""precision"":""single"",""prune_pcm"":true,""return_infobits"":true,""vn_update"":""sum""},""implementation"":{""bit_mapping"":""component_Gray_00_-3_01_-1_10_3_11_1_over_sqrt5;QPSK_0_plus1_1_minus1"",""cuda"":""12.8"",""decoder"":{""cn_schedule"":""flooding"",""cn_update"":""boxplus-phi"",""early_stop"":false,""hard_out"":true,""harq_mode"":false,""llr_max"":20.0,""num_iter"":20,""precision"":""single"",""prune_pcm"":true,""return_infobits"":true,""vn_update"":""sum""},""decoder_source_sha256"":""44d84b92b749e2970f94d92cd348a11648e2286b4d851faa0af8b21d08f0da23"",""encoder_source_sha256"":""34d8db6660b2e84708a8fb534f63c194f6f2b964e3693fcffc9dcaf21532ccfd"",""implementation"":""Sionna_5G_LDPC"",""power_protocol"":""fixed_constellation_average_Es2"",""precision"":""float32"",""rate_matching"":""Sionna RV0; filler removal, first2Z and tail puncturing; supported n only"",""scrambling"":""public_PCG64_SHA256_protocol_session_frame_group_counter_after_rate_matching_v1"",""torch"":""2.11.0+cu128"",""version"":""2.2.0""},""interleaver_sha256"":""d465a563c7460bff71dac27e304360d078887c3358ee122129d7f380d2818f38"",""k"":724,""k_filler"":76,""k_ldpc"":800,""layout_id"":""128265d762d46e449e733f1bffdb89f2d2765d898f258f67341ce296fe4ab5e0"",""modulation_padding_bits"":0,""mother_bits"":4160,""n"":2188,""n_cb"":4000,""n_cb_comp"":3924,""power_protocol"":""fixed_constellation_average_Es2"",""puncturing_bits"":1896,""puncturing_first_2Z"":160,""puncturing_remaining"":1736,""repetition_bits"":0,""scrambling"":""public_PCG64_SHA256_protocol_session_frame_group_counter_after_rate_matching_v1"",""shortening_bits"":76,""z"":80}",[1024]
QPSK,2/3,QPSK:r2/3,fabe8d32041988c46e2d2d94821e1bcf6eb75621f5a77d31b132ccf054b1477f,2016,16,0,2032,2080,48,10816,3048,1524,0,0.6666666666666666,0.6614173228346457,"{""actual_effective_rate"":0.6666666666666666,""bg"":""bg2"",""bit_mapping"":""component_Gray_00_-3_01_-1_10_3_11_1_over_sqrt5;QPSK_0_plus1_1_minus1"",""code_blocks"":1,""decoder_config"":{""cn_schedule"":""flooding"",""cn_update"":""boxplus-phi"",""early_stop"":false,""hard_out"":true,""harq_mode"":false,""llr_max"":20.0,""num_iter"":20,""precision"":""single"",""prune_pcm"":true,""return_infobits"":true,""vn_update"":""sum""},""implementation"":{""bit_mapping"":""component_Gray_00_-3_01_-1_10_3_11_1_over_sqrt5;QPSK_0_plus1_1_minus1"",""cuda"":""12.8"",""decoder"":{""cn_schedule"":""flooding"",""cn_update"":""boxplus-phi"",""early_stop"":false,""hard_out"":true,""harq_mode"":false,""llr_max"":20.0,""num_iter"":20,""precision"":""single"",""prune_pcm"":true,""return_infobits"":true,""vn_update"":""sum""},""decoder_source_sha256"":""44d84b92b749e2970f94d92cd348a11648e2286b4d851faa0af8b21d08f0da23"",""encoder_source_sha256"":""34d8db6660b2e84708a8fb534f63c194f6f2b964e3693fcffc9dcaf21532ccfd"",""implementation"":""Sionna_5G_LDPC"",""power_protocol"":""fixed_constellation_average_Es2"",""precision"":""float32"",""rate_matching"":""Sionna RV0; filler removal, first2Z and tail puncturing; supported n only"",""scrambling"":""public_PCG64_SHA256_protocol_session_frame_group_counter_after_rate_matching_v1"",""torch"":""2.11.0+cu128"",""version"":""2.2.0""},""interleaver_sha256"":""8a4623687206a006938be182101fb0d67f580d0c5a679441a7af7a7dbddc6dcf"",""k"":2032,""k_filler"":48,""k_ldpc"":2080,""layout_id"":""06c9d67cf9a12f121603de044e32c6842050fff29b45d3b3ff10f210416d2514"",""modulation_padding_bits"":0,""mother_bits"":10816,""n"":3048,""n_cb"":10400,""n_cb_comp"":10352,""power_protocol"":""fixed_constellation_average_Es2"",""puncturing_bits"":7720,""puncturing_first_2Z"":416,""puncturing_remaining"":7304,""repetition_bits"":0,""scrambling"":""public_PCG64_SHA256_protocol_session_frame_group_counter_after_rate_matching_v1"",""shortening_bits"":48,""z"":208}",[2048]
16QAM,1/3,16QAM:r1/3,fac2cb8ef605604fcf5e5b57802ea6ba847877277127cc6f6b1a52072065b6f1,660,16,0,676,720,44,3744,2728,682,0,0.24780058651026393,0.24193548387096775,"{""actual_effective_rate"":0.24780058651026393,""bg"":""bg2"",""bit_mapping"":""component_Gray_00_-3_01_-1_10_3_11_1_over_sqrt5;QPSK_0_plus1_1_minus1"",""code_blocks"":1,""decoder_config"":{""cn_schedule"":""flooding"",""cn_update"":""boxplus-phi"",""early_stop"":false,""hard_out"":true,""harq_mode"":false,""llr_max"":20.0,""num_iter"":20,""precision"":""single"",""prune_pcm"":true,""return_infobits"":true,""vn_update"":""sum""},""implementation"":{""bit_mapping"":""component_Gray_00_-3_01_-1_10_3_11_1_over_sqrt5;QPSK_0_plus1_1_minus1"",""cuda"":""12.8"",""decoder"":{""cn_schedule"":""flooding"",""cn_update"":""boxplus-phi"",""early_stop"":false,""hard_out"":true,""harq_mode"":false,""llr_max"":20.0,""num_iter"":20,""precision"":""single"",""prune_pcm"":true,""return_infobits"":true,""vn_update"":""sum""},""decoder_source_sha256"":""44d84b92b749e2970f94d92cd348a11648e2286b4d851faa0af8b21d08f0da23"",""encoder_source_sha256"":""34d8db6660b2e84708a8fb534f63c194f6f2b964e3693fcffc9dcaf21532ccfd"",""implementation"":""Sionna_5G_LDPC"",""power_protocol"":""fixed_constellation_average_Es2"",""precision"":""float32"",""rate_matching"":""Sionna RV0; filler removal, first2Z and tail puncturing; supported n only"",""scrambling"":""public_PCG64_SHA256_protocol_session_frame_group_counter_after_rate_matching_v1"",""torch"":""2.11.0+cu128"",""version"":""2.2.0""},""interleaver_sha256"":""47d5add80bf91625b634da7c21873a847bb7ce52664ecca4d56cfaf4ad480178"",""k"":676,""k_filler"":44,""k_ldpc"":720,""layout_id"":""d8b50d2a95621649e6c4617cc59a930e98c330ce6fcc17c322ce048aac571fc1"",""modulation_padding_bits"":0,""mother_bits"":3744,""n"":2728,""n_cb"":3600,""n_cb_comp"":3556,""power_protocol"":""fixed_constellation_average_Es2"",""puncturing_bits"":972,""puncturing_first_2Z"":144,""puncturing_remaining"":828,""repetition_bits"":0,""scrambling"":""public_PCG64_SHA256_protocol_session_frame_group_counter_after_rate_matching_v1"",""shortening_bits"":44,""z"":72}",[1024]
16QAM,3/4,16QAM:r3/4,fac8d8115dd41f6c0c412018f404c2cc2e38dc1046c4e1ca3ca5a51b35cfa09e,384,16,0,400,520,120,2704,1328,332,0,0.30120481927710846,0.2891566265060241,"{""actual_effective_rate"":0.30120481927710846,""bg"":""bg2"",""bit_mapping"":""component_Gray_00_-3_01_-1_10_3_11_1_over_sqrt5;QPSK_0_plus1_1_minus1"",""code_blocks"":1,""decoder_config"":{""cn_schedule"":""flooding"",""cn_update"":""boxplus-phi"",""early_stop"":false,""hard_out"":true,""harq_mode"":false,""llr_max"":20.0,""num_iter"":20,""precision"":""single"",""prune_pcm"":true,""return_infobits"":true,""vn_update"":""sum""},""implementation"":{""bit_mapping"":""component_Gray_00_-3_01_-1_10_3_11_1_over_sqrt5;QPSK_0_plus1_1_minus1"",""cuda"":""12.8"",""decoder"":{""cn_schedule"":""flooding"",""cn_update"":""boxplus-phi"",""early_stop"":false,""hard_out"":true,""harq_mode"":false,""llr_max"":20.0,""num_iter"":20,""precision"":""single"",""prune_pcm"":true,""return_infobits"":true,""vn_update"":""sum""},""decoder_source_sha256"":""44d84b92b749e2970f94d92cd348a11648e2286b4d851faa0af8b21d08f0da23"",""encoder_source_sha256"":""34d8db6660b2e84708a8fb534f63c194f6f2b964e3693fcffc9dcaf21532ccfd"",""implementation"":""Sionna_5G_LDPC"",""power_protocol"":""fixed_constellation_average_Es2"",""precision"":""float32"",""rate_matching"":""Sionna RV0; filler removal, first2Z and tail puncturing; supported n only"",""scrambling"":""public_PCG64_SHA256_protocol_session_frame_group_counter_after_rate_matching_v1"",""torch"":""2.11.0+cu128"",""version"":""2.2.0""},""interleaver_sha256"":""f7ed3ef1e2bd8f3dccad29adfdea4422b329e1ed02dd684bc5b6af7928030ff1"",""k"":400,""k_filler"":120,""k_ldpc"":520,""layout_id"":""ec9864b67dd20b3be69886951e7732f0c173e639aeabeeeab095cfe7e32dbf78"",""modulation_padding_bits"":0,""mother_bits"":2704,""n"":1328,""n_cb"":2600,""n_cb_comp"":2480,""power_protocol"":""fixed_constellation_average_Es2"",""puncturing_bits"":1256,""puncturing_first_2Z"":104,""puncturing_remaining"":1152,""repetition_bits"":0,""scrambling"":""public_PCG64_SHA256_protocol_session_frame_group_counter_after_rate_matching_v1"",""shortening_bits"":120,""z"":52}",[2048]
QPSK,2/3,QPSK:r2/3,fad4465e9de57f2c52e88c4ec92d06344f46ae12ee106fff35e1eb0c630f5948,1500,16,0,1516,1600,84,8320,3564,1782,0,0.42536475869809204,0.4208754208754209,"{""actual_effective_rate"":0.42536475869809204,""bg"":""bg2"",""bit_mapping"":""component_Gray_00_-3_01_-1_10_3_11_1_over_sqrt5;QPSK_0_plus1_1_minus1"",""code_blocks"":1,""decoder_config"":{""cn_schedule"":""flooding"",""cn_update"":""boxplus-phi"",""early_stop"":false,""hard_out"":true,""harq_mode"":false,""llr_max"":20.0,""num_iter"":20,""precision"":""single"",""prune_pcm"":true,""return_infobits"":true,""vn_update"":""sum""},""implementation"":{""bit_mapping"":""component_Gray_00_-3_01_-1_10_3_11_1_over_sqrt5;QPSK_0_plus1_1_minus1"",""cuda"":""12.8"",""decoder"":{""cn_schedule"":""flooding"",""cn_update"":""boxplus-phi"",""early_stop"":false,""hard_out"":true,""harq_mode"":false,""llr_max"":20.0,""num_iter"":20,""precision"":""single"",""prune_pcm"":true,""return_infobits"":true,""vn_update"":""sum""},""decoder_source_sha256"":""44d84b92b749e2970f94d92cd348a11648e2286b4d851faa0af8b21d08f0da23"",""encoder_source_sha256"":""34d8db6660b2e84708a8fb534f63c194f6f2b964e3693fcffc9dcaf21532ccfd"",""implementation"":""Sionna_5G_LDPC"",""power_protocol"":""fixed_constellation_average_Es2"",""precision"":""float32"",""rate_matching"":""Sionna RV0; filler removal, first2Z and tail puncturing; supported n only"",""scrambling"":""public_PCG64_SHA256_protocol_session_frame_group_counter_after_rate_matching_v1"",""torch"":""2.11.0+cu128"",""version"":""2.2.0""},""interleaver_sha256"":""9fe4c61d0b2e166440774058c9d2f5df9e24c27b64af354b9aaae8d5be208279"",""k"":1516,""k_filler"":84,""k_ldpc"":1600,""layout_id"":""229902c6c34c434101e8ba577ffbc1659b60bed1923b0cad9f07c41332bc62df"",""modulation_padding_bits"":0,""mother_bits"":8320,""n"":3564,""n_cb"":8000,""n_cb_comp"":7916,""power_protocol"":""fixed_constellation_average_Es2"",""puncturing_bits"":4672,""puncturing_first_2Z"":320,""puncturing_remaining"":4352,""repetition_bits"":0,""scrambling"":""public_PCG64_SHA256_protocol_session_frame_group_counter_after_rate_matching_v1"",""shortening_bits"":84,""z"":160}",[2048]
16QAM,5/6,16QAM:r5/6,faf04a945df7526a1dfb010b775f7232c7d6d7e31b451f3376428034c32cb41b,1668,16,0,1684,1760,76,5440,2480,620,0,0.6790322580645162,0.6725806451612903,"{""actual_effective_rate"":0.6790322580645162,""bg"":""bg1"",""bit_mapping"":""component_Gray_00_-3_01_-1_10_3_11_1_over_sqrt5;QPSK_0_plus1_1_minus1"",""code_blocks"":1,""decoder_config"":{""cn_schedule"":""flooding"",""cn_update"":""boxplus-phi"",""early_stop"":false,""hard_out"":true,""harq_mode"":false,""llr_max"":20.0,""num_iter"":20,""precision"":""single"",""prune_pcm"":true,""return_infobits"":true,""vn_update"":""sum""},""implementation"":{""bit_mapping"":""component_Gray_00_-3_01_-1_10_3_11_1_over_sqrt5;QPSK_0_plus1_1_minus1"",""cuda"":""12.8"",""decoder"":{""cn_schedule"":""flooding"",""cn_update"":""boxplus-phi"",""early_stop"":false,""hard_out"":true,""harq_mode"":false,""llr_max"":20.0,""num_iter"":20,""precision"":""single"",""prune_pcm"":true,""return_infobits"":true,""vn_update"":""sum""},""decoder_source_sha256"":""44d84b92b749e2970f94d92cd348a11648e2286b4d851faa0af8b21d08f0da23"",""encoder_source_sha256"":""34d8db6660b2e84708a8fb534f63c194f6f2b964e3693fcffc9dcaf21532ccfd"",""implementation"":""Sionna_5G_LDPC"",""power_protocol"":""fixed_constellation_average_Es2"",""precision"":""float32"",""rate_matching"":""Sionna RV0; filler removal, first2Z and tail puncturing; supported n only"",""scrambling"":""public_PCG64_SHA256_protocol_session_frame_group_counter_after_rate_matching_v1"",""torch"":""2.11.0+cu128"",""version"":""2.2.0""},""interleaver_sha256"":""b4619df4fa3a9959a6fdc291a6c6e62d76dd759096f3e12c04396b6d46566829"",""k"":1684,""k_filler"":76,""k_ldpc"":1760,""layout_id"":""4bafbec8c790028a2142761dd4fc74b1558bc0a9e9bbebf91ff2185a74a9e529"",""modulation_padding_bits"":0,""mother_bits"":5440,""n"":2480,""n_cb"":5280,""n_cb_comp"":5204,""power_protocol"":""fixed_constellation_average_Es2"",""puncturing_bits"":2884,""puncturing_first_2Z"":160,""puncturing_remaining"":2724,""repetition_bits"":0,""scrambling"":""public_PCG64_SHA256_protocol_session_frame_group_counter_after_rate_matching_v1"",""shortening_bits"":76,""z"":80}",[2048]
QPSK,3/4,QPSK:r3/4,fafad0a8c5fd613a17a69eb18dfc54d6a24076a06248a5e4ee923b9e985450e9,624,16,0,640,720,80,3744,2482,1241,0,0.257856567284448,0.25141015310233683,"{""actual_effective_rate"":0.257856567284448,""bg"":""bg2"",""bit_mapping"":""component_Gray_00_-3_01_-1_10_3_11_1_over_sqrt5;QPSK_0_plus1_1_minus1"",""code_blocks"":1,""decoder_config"":{""cn_schedule"":""flooding"",""cn_update"":""boxplus-phi"",""early_stop"":false,""hard_out"":true,""harq_mode"":false,""llr_max"":20.0,""num_iter"":20,""precision"":""single"",""prune_pcm"":true,""return_infobits"":true,""vn_update"":""sum""},""implementation"":{""bit_mapping"":""component_Gray_00_-3_01_-1_10_3_11_1_over_sqrt5;QPSK_0_plus1_1_minus1"",""cuda"":""12.8"",""decoder"":{""cn_schedule"":""flooding"",""cn_update"":""boxplus-phi"",""early_stop"":false,""hard_out"":true,""harq_mode"":false,""llr_max"":20.0,""num_iter"":20,""precision"":""single"",""prune_pcm"":true,""return_infobits"":true,""vn_update"":""sum""},""decoder_source_sha256"":""44d84b92b749e2970f94d92cd348a11648e2286b4d851faa0af8b21d08f0da23"",""encoder_source_sha256"":""34d8db6660b2e84708a8fb534f63c194f6f2b964e3693fcffc9dcaf21532ccfd"",""implementation"":""Sionna_5G_LDPC"",""power_protocol"":""fixed_constellation_average_Es2"",""precision"":""float32"",""rate_matching"":""Sionna RV0; filler removal, first2Z and tail puncturing; supported n only"",""scrambling"":""public_PCG64_SHA256_protocol_session_frame_group_counter_after_rate_matching_v1"",""torch"":""2.11.0+cu128"",""version"":""2.2.0""},""interleaver_sha256"":""ee9a7b75bf780a094b5b6ae0b27d5c93ce3486bfc4cdaf9cbbde62c6b8a8326a"",""k"":640,""k_filler"":80,""k_ldpc"":720,""layout_id"":""d2ef7d30deef346036197c186058eb1f6cf4344aada0c80ac0d3e9ba9345c1f4"",""modulation_padding_bits"":0,""mother_bits"":3744,""n"":2482,""n_cb"":3600,""n_cb_comp"":3520,""power_protocol"":""fixed_constellation_average_Es2"",""puncturing_bits"":1182,""puncturing_first_2Z"":144,""puncturing_remaining"":1038,""repetition_bits"":0,""scrambling"":""public_PCG64_SHA256_protocol_session_frame_group_counter_after_rate_matching_v1"",""shortening_bits"":80,""z"":72}",[2048]
QPSK,2/3,QPSK:r2/3,fafdde51e69af0b84d1f33e3232ed44e3d9bda698b6cde5fc577d836dbbd42c9,408,16,0,424,560,136,2912,876,438,0,0.4840182648401826,0.4657534246575342,"{""actual_effective_rate"":0.4840182648401826,""bg"":""bg2"",""bit_mapping"":""component_Gray_00_-3_01_-1_10_3_11_1_over_sqrt5;QPSK_0_plus1_1_minus1"",""code_blocks"":1,""decoder_config"":{""cn_schedule"":""flooding"",""cn_update"":""boxplus-phi"",""early_stop"":false,""hard_out"":true,""harq_mode"":false,""llr_max"":20.0,""num_iter"":20,""precision"":""single"",""prune_pcm"":true,""return_infobits"":true,""vn_update"":""sum""},""implementation"":{""bit_mapping"":""component_Gray_00_-3_01_-1_10_3_11_1_over_sqrt5;QPSK_0_plus1_1_minus1"",""cuda"":""12.8"",""decoder"":{""cn_schedule"":""flooding"",""cn_update"":""boxplus-phi"",""early_stop"":false,""hard_out"":true,""harq_mode"":false,""llr_max"":20.0,""num_iter"":20,""precision"":""single"",""prune_pcm"":true,""return_infobits"":true,""vn_update"":""sum""},""decoder_source_sha256"":""44d84b92b749e2970f94d92cd348a11648e2286b4d851faa0af8b21d08f0da23"",""encoder_source_sha256"":""34d8db6660b2e84708a8fb534f63c194f6f2b964e3693fcffc9dcaf21532ccfd"",""implementation"":""Sionna_5G_LDPC"",""power_protocol"":""fixed_constellation_average_Es2"",""precision"":""float32"",""rate_matching"":""Sionna RV0; filler removal, first2Z and tail puncturing; supported n only"",""scrambling"":""public_PCG64_SHA256_protocol_session_frame_group_counter_after_rate_matching_v1"",""torch"":""2.11.0+cu128"",""version"":""2.2.0""},""interleaver_sha256"":""a84aaa3db7706da5c2d386df515a642d40e88eeb124acf2521875d23adf9f0a8"",""k"":424,""k_filler"":136,""k_ldpc"":560,""layout_id"":""501cdd03b8e42a271bb240aad205d4c327701433371c148fc1dcb4933ae440ce"",""modulation_padding_bits"":0,""mother_bits"":2912,""n"":876,""n_cb"":2800,""n_cb_comp"":2664,""power_protocol"":""fixed_constellation_average_Es2"",""puncturing_bits"":1900,""puncturing_first_2Z"":112,""puncturing_remaining"":1788,""repetition_bits"":0,""scrambling"":""public_PCG64_SHA256_protocol_session_frame_group_counter_after_rate_matching_v1"",""shortening_bits"":136,""z"":56}",[1024]
16QAM,1/2,16QAM:r1/2,fb1445286169df98745247b45b87613acbfcfb01d1252c1a763963771faad193,1092,16,0,1108,1120,12,5824,5176,1294,0,0.21406491499227204,0.21097372488408037,"{""actual_effective_rate"":0.21406491499227204,""bg"":""bg2"",""bit_mapping"":""component_Gray_00_-3_01_-1_10_3_11_1_over_sqrt5;QPSK_0_plus1_1_minus1"",""code_blocks"":1,""decoder_config"":{""cn_schedule"":""flooding"",""cn_update"":""boxplus-phi"",""early_stop"":false,""hard_out"":true,""harq_mode"":false,""llr_max"":20.0,""num_iter"":20,""precision"":""single"",""prune_pcm"":true,""return_infobits"":true,""vn_update"":""sum""},""implementation"":{""bit_mapping"":""component_Gray_00_-3_01_-1_10_3_11_1_over_sqrt5;QPSK_0_plus1_1_minus1"",""cuda"":""12.8"",""decoder"":{""cn_schedule"":""flooding"",""cn_update"":""boxplus-phi"",""early_stop"":false,""hard_out"":true,""harq_mode"":false,""llr_max"":20.0,""num_iter"":20,""precision"":""single"",""prune_pcm"":true,""return_infobits"":true,""vn_update"":""sum""},""decoder_source_sha256"":""44d84b92b749e2970f94d92cd348a11648e2286b4d851faa0af8b21d08f0da23"",""encoder_source_sha256"":""34d8db6660b2e84708a8fb534f63c194f6f2b964e3693fcffc9dcaf21532ccfd"",""implementation"":""Sionna_5G_LDPC"",""power_protocol"":""fixed_constellation_average_Es2"",""precision"":""float32"",""rate_matching"":""Sionna RV0; filler removal, first2Z and tail puncturing; supported n only"",""scrambling"":""public_PCG64_SHA256_protocol_session_frame_group_counter_after_rate_matching_v1"",""torch"":""2.11.0+cu128"",""version"":""2.2.0""},""interleaver_sha256"":""c321af29ec7fe6ecf351a457c49d73ddc7004f40751ca71662813b2e1f205e0f"",""k"":1108,""k_filler"":12,""k_ldpc"":1120,""layout_id"":""a6a3ccb290781563e6e3f1b7fd7c361475e37ceefc4cbf87067f24560ba940d6"",""modulation_padding_bits"":0,""mother_bits"":5824,""n"":5176,""n_cb"":5600,""n_cb_comp"":5588,""power_protocol"":""fixed_constellation_average_Es2"",""puncturing_bits"":636,""puncturing_first_2Z"":224,""puncturing_remaining"":412,""repetition_bits"":0,""scrambling"":""public_PCG64_SHA256_protocol_session_frame_group_counter_after_rate_matching_v1"",""shortening_bits"":12,""z"":112}",[2048]
16QAM,1/2,16QAM:r1/2,fb19470d5270ced8b3488fc0377b96ab98a8ba2a517b7c3b6f8fd888d9e12dd2,360,16,0,376,480,104,2496,1692,423,0,0.2222222222222222,0.2127659574468085,"{""actual_effective_rate"":0.2222222222222222,""bg"":""bg2"",""bit_mapping"":""component_Gray_00_-3_01_-1_10_3_11_1_over_sqrt5;QPSK_0_plus1_1_minus1"",""code_blocks"":1,""decoder_config"":{""cn_schedule"":""flooding"",""cn_update"":""boxplus-phi"",""early_stop"":false,""hard_out"":true,""harq_mode"":false,""llr_max"":20.0,""num_iter"":20,""precision"":""single"",""prune_pcm"":true,""return_infobits"":true,""vn_update"":""sum""},""implementation"":{""bit_mapping"":""component_Gray_00_-3_01_-1_10_3_11_1_over_sqrt5;QPSK_0_plus1_1_minus1"",""cuda"":""12.8"",""decoder"":{""cn_schedule"":""flooding"",""cn_update"":""boxplus-phi"",""early_stop"":false,""hard_out"":true,""harq_mode"":false,""llr_max"":20.0,""num_iter"":20,""precision"":""single"",""prune_pcm"":true,""return_infobits"":true,""vn_update"":""sum""},""decoder_source_sha256"":""44d84b92b749e2970f94d92cd348a11648e2286b4d851faa0af8b21d08f0da23"",""encoder_source_sha256"":""34d8db6660b2e84708a8fb534f63c194f6f2b964e3693fcffc9dcaf21532ccfd"",""implementation"":""Sionna_5G_LDPC"",""power_protocol"":""fixed_constellation_average_Es2"",""precision"":""float32"",""rate_matching"":""Sionna RV0; filler removal, first2Z and tail puncturing; supported n only"",""scrambling"":""public_PCG64_SHA256_protocol_session_frame_group_counter_after_rate_matching_v1"",""torch"":""2.11.0+cu128"",""version"":""2.2.0""},""interleaver_sha256"":""31aa38eff53249af0e4975568ec801fdbd417892989d17493ad5b9aba225ef72"",""k"":376,""k_filler"":104,""k_ldpc"":480,""layout_id"":""5d4a646d65f5b03dfbbc7cfec0590708c59e571f0decf2654156687c61b6f975"",""modulation_padding_bits"":0,""mother_bits"":2496,""n"":1692,""n_cb"":2400,""n_cb_comp"":2296,""power_protocol"":""fixed_constellation_average_Es2"",""puncturing_bits"":700,""puncturing_first_2Z"":96,""puncturing_remaining"":604,""repetition_bits"":0,""scrambling"":""public_PCG64_SHA256_protocol_session_frame_group_counter_after_rate_matching_v1"",""shortening_bits"":104,""z"":48}",[1024]
16QAM,1/2,16QAM:r1/2,fb1f1e67a67d6dfd694551db9967e09b97294b2e5b8b0d0378c8b1c0e1ee3263,1068,16,0,1084,1120,36,5824,3124,781,0,0.34699103713188223,0.3418693982074264,"{""actual_effective_rate"":0.34699103713188223,""bg"":""bg2"",""bit_mapping"":""component_Gray_00_-3_01_-1_10_3_11_1_over_sqrt5;QPSK_0_plus1_1_minus1"",""code_blocks"":1,""decoder_config"":{""cn_schedule"":""flooding"",""cn_update"":""boxplus-phi"",""early_stop"":false,""hard_out"":true,""harq_mode"":false,""llr_max"":20.0,""num_iter"":20,""precision"":""single"",""prune_pcm"":true,""return_infobits"":true,""vn_update"":""sum""},""implementation"":{""bit_mapping"":""component_Gray_00_-3_01_-1_10_3_11_1_over_sqrt5;QPSK_0_plus1_1_minus1"",""cuda"":""12.8"",""decoder"":{""cn_schedule"":""flooding"",""cn_update"":""boxplus-phi"",""early_stop"":false,""hard_out"":true,""harq_mode"":false,""llr_max"":20.0,""num_iter"":20,""precision"":""single"",""prune_pcm"":true,""return_infobits"":true,""vn_update"":""sum""},""decoder_source_sha256"":""44d84b92b749e2970f94d92cd348a11648e2286b4d851faa0af8b21d08f0da23"",""encoder_source_sha256"":""34d8db6660b2e84708a8fb534f63c194f6f2b964e3693fcffc9dcaf21532ccfd"",""implementation"":""Sionna_5G_LDPC"",""power_protocol"":""fixed_constellation_average_Es2"",""precision"":""float32"",""rate_matching"":""Sionna RV0; filler removal, first2Z and tail puncturing; supported n only"",""scrambling"":""public_PCG64_SHA256_protocol_session_frame_group_counter_after_rate_matching_v1"",""torch"":""2.11.0+cu128"",""version"":""2.2.0""},""interleaver_sha256"":""7b27ca92fd5200652403793293894f7ad77edee806be546b144c96043e9088ad"",""k"":1084,""k_filler"":36,""k_ldpc"":1120,""layout_id"":""dc64b1b7a49f319f9986ca01cc243ad603bad258b72c9aabdeaf976b0d7de7a6"",""modulation_padding_bits"":0,""mother_bits"":5824,""n"":3124,""n_cb"":5600,""n_cb_comp"":5564,""power_protocol"":""fixed_constellation_average_Es2"",""puncturing_bits"":2664,""puncturing_first_2Z"":224,""puncturing_remaining"":2440,""repetition_bits"":0,""scrambling"":""public_PCG64_SHA256_protocol_session_frame_group_counter_after_rate_matching_v1"",""shortening_bits"":36,""z"":112}",[2048]
16QAM,1/3,16QAM:r1/3,fb21500b2c914a2aa824cc4a30523c25ca71378b90b22432bc14ba6f2cc3d9b7,1860,16,0,1876,1920,44,9984,6132,1533,0,0.3059360730593607,0.30332681017612523,"{""actual_effective_rate"":0.3059360730593607,""bg"":""bg2"",""bit_mapping"":""component_Gray_00_-3_01_-1_10_3_11_1_over_sqrt5;QPSK_0_plus1_1_minus1"",""code_blocks"":1,""decoder_config"":{""cn_schedule"":""flooding"",""cn_update"":""boxplus-phi"",""early_stop"":false,""hard_out"":true,""harq_mode"":false,""llr_max"":20.0,""num_iter"":20,""precision"":""single"",""prune_pcm"":true,""return_infobits"":true,""vn_update"":""sum""},""implementation"":{""bit_mapping"":""component_Gray_00_-3_01_-1_10_3_11_1_over_sqrt5;QPSK_0_plus1_1_minus1"",""cuda"":""12.8"",""decoder"":{""cn_schedule"":""flooding"",""cn_update"":""boxplus-phi"",""early_stop"":false,""hard_out"":true,""harq_mode"":false,""llr_max"":20.0,""num_iter"":20,""precision"":""single"",""prune_pcm"":true,""return_infobits"":true,""vn_update"":""sum""},""decoder_source_sha256"":""44d84b92b749e2970f94d92cd348a11648e2286b4d851faa0af8b21d08f0da23"",""encoder_source_sha256"":""34d8db6660b2e84708a8fb534f63c194f6f2b964e3693fcffc9dcaf21532ccfd"",""implementation"":""Sionna_5G_LDPC"",""power_protocol"":""fixed_constellation_average_Es2"",""precision"":""float32"",""rate_matching"":""Sionna RV0; filler removal, first2Z and tail puncturing; supported n only"",""scrambling"":""public_PCG64_SHA256_protocol_session_frame_group_counter_after_rate_matching_v1"",""torch"":""2.11.0+cu128"",""version"":""2.2.0""},""interleaver_sha256"":""c7279071045cc37008f8999a2554f892b47b98ec5716095af12c519a8ef3e341"",""k"":1876,""k_filler"":44,""k_ldpc"":1920,""layout_id"":""5517e8b4c27205cde87f9ffd8479dab30d8416c68aad4ce2a9447699fde3b88a"",""modulation_padding_bits"":0,""mother_bits"":9984,""n"":6132,""n_cb"":9600,""n_cb_comp"":9556,""power_protocol"":""fixed_constellation_average_Es2"",""puncturing_bits"":3808,""puncturing_first_2Z"":384,""puncturing_remaining"":3424,""repetition_bits"":0,""scrambling"":""public_PCG64_SHA256_protocol_session_frame_group_counter_after_rate_matching_v1"",""shortening_bits"":44,""z"":192}",[2048]
16QAM,5/6,16QAM:r5/6,fb222a0afe0d141795f1ba86df31856b4cd5b0c2fd609b031ae437e51474226c,4764,16,0,4780,4928,148,15232,6136,1534,0,0.7790091264667536,0.7764015645371578,"{""actual_effective_rate"":0.7790091264667536,""bg"":""bg1"",""bit_mapping"":""component_Gray_00_-3_01_-1_10_3_11_1_over_sqrt5;QPSK_0_plus1_1_minus1"",""code_blocks"":1,""decoder_config"":{""cn_schedule"":""flooding"",""cn_update"":""boxplus-phi"",""early_stop"":false,""hard_out"":true,""harq_mode"":false,""llr_max"":20.0,""num_iter"":20,""precision"":""single"",""prune_pcm"":true,""return_infobits"":true,""vn_update"":""sum""},""implementation"":{""bit_mapping"":""component_Gray_00_-3_01_-1_10_3_11_1_over_sqrt5;QPSK_0_plus1_1_minus1"",""cuda"":""12.8"",""decoder"":{""cn_schedule"":""flooding"",""cn_update"":""boxplus-phi"",""early_stop"":false,""hard_out"":true,""harq_mode"":false,""llr_max"":20.0,""num_iter"":20,""precision"":""single"",""prune_pcm"":true,""return_infobits"":true,""vn_update"":""sum""},""decoder_source_sha256"":""44d84b92b749e2970f94d92cd348a11648e2286b4d851faa0af8b21d08f0da23"",""encoder_source_sha256"":""34d8db6660b2e84708a8fb534f63c194f6f2b964e3693fcffc9dcaf21532ccfd"",""implementation"":""Sionna_5G_LDPC"",""power_protocol"":""fixed_constellation_average_Es2"",""precision"":""float32"",""rate_matching"":""Sionna RV0; filler removal, first2Z and tail puncturing; supported n only"",""scrambling"":""public_PCG64_SHA256_protocol_session_frame_group_counter_after_rate_matching_v1"",""torch"":""2.11.0+cu128"",""version"":""2.2.0""},""interleaver_sha256"":""4f51832cdc65c672be0de98a192e0eefe7bcd04d3a4ba5e14f25ddd4959152e5"",""k"":4780,""k_filler"":148,""k_ldpc"":4928,""layout_id"":""b1289146f6a7aba284ed1077d437340ae779bb016ac0eb09ee3cb7a8320fdd04"",""modulation_padding_bits"":0,""mother_bits"":15232,""n"":6136,""n_cb"":14784,""n_cb_comp"":14636,""power_protocol"":""fixed_constellation_average_Es2"",""puncturing_bits"":8948,""puncturing_first_2Z"":448,""puncturing_remaining"":8500,""repetition_bits"":0,""scrambling"":""public_PCG64_SHA256_protocol_session_frame_group_counter_after_rate_matching_v1"",""shortening_bits"":148,""z"":224}",[2048]
QPSK,2/3,QPSK:r2/3,fb25f7af242672e287ad5cacc46fcadab8511456f6bb7b7cbf9df53b4cc6dc36,1092,16,0,1108,1120,12,5824,2998,1499,0,0.3695797198132088,0.3642428285523682,"{""actual_effective_rate"":0.3695797198132088,""bg"":""bg2"",""bit_mapping"":""component_Gray_00_-3_01_-1_10_3_11_1_over_sqrt5;QPSK_0_plus1_1_minus1"",""code_blocks"":1,""decoder_config"":{""cn_schedule"":""flooding"",""cn_update"":""boxplus-phi"",""early_stop"":false,""hard_out"":true,""harq_mode"":false,""llr_max"":20.0,""num_iter"":20,""precision"":""single"",""prune_pcm"":true,""return_infobits"":true,""vn_update"":""sum""},""implementation"":{""bit_mapping"":""component_Gray_00_-3_01_-1_10_3_11_1_over_sqrt5;QPSK_0_plus1_1_minus1"",""cuda"":""12.8"",""decoder"":{""cn_schedule"":""flooding"",""cn_update"":""boxplus-phi"",""early_stop"":false,""hard_out"":true,""harq_mode"":false,""llr_max"":20.0,""num_iter"":20,""precision"":""single"",""prune_pcm"":true,""return_infobits"":true,""vn_update"":""sum""},""decoder_source_sha256"":""44d84b92b749e2970f94d92cd348a11648e2286b4d851faa0af8b21d08f0da23"",""encoder_source_sha256"":""34d8db6660b2e84708a8fb534f63c194f6f2b964e3693fcffc9dcaf21532ccfd"",""implementation"":""Sionna_5G_LDPC"",""power_protocol"":""fixed_constellation_average_Es2"",""precision"":""float32"",""rate_matching"":""Sionna RV0; filler removal, first2Z and tail puncturing; supported n only"",""scrambling"":""public_PCG64_SHA256_protocol_session_frame_group_counter_after_rate_matching_v1"",""torch"":""2.11.0+cu128"",""version"":""2.2.0""},""interleaver_sha256"":""4f12a11e74a320768dd86d070dfb138ec951db1c13cea33b2921b0779c31666d"",""k"":1108,""k_filler"":12,""k_ldpc"":1120,""layout_id"":""7405a350a87aa43af21cdc5c881d7753533edc94fce8e7eef8f4acde4ca6d1c4"",""modulation_padding_bits"":0,""mother_bits"":5824,""n"":2998,""n_cb"":5600,""n_cb_comp"":5588,""power_protocol"":""fixed_constellation_average_Es2"",""puncturing_bits"":2814,""puncturing_first_2Z"":224,""puncturing_remaining"":2590,""repetition_bits"":0,""scrambling"":""public_PCG64_SHA256_protocol_session_frame_group_counter_after_rate_matching_v1"",""shortening_bits"":12,""z"":112}",[2048]
QPSK,3/4,QPSK:r3/4,fb328a4cfa03d0ce614c15f59911c38193347b8f35c38e8226ac46bc6ee291ef,1476,16,0,1492,1584,92,4896,1990,995,0,0.749748743718593,0.7417085427135678,"{""actual_effective_rate"":0.749748743718593,""bg"":""bg1"",""bit_mapping"":""component_Gray_00_-3_01_-1_10_3_11_1_over_sqrt5;QPSK_0_plus1_1_minus1"",""code_blocks"":1,""decoder_config"":{""cn_schedule"":""flooding"",""cn_update"":""boxplus-phi"",""early_stop"":false,""hard_out"":true,""harq_mode"":false,""llr_max"":20.0,""num_iter"":20,""precision"":""single"",""prune_pcm"":true,""return_infobits"":true,""vn_update"":""sum""},""implementation"":{""bit_mapping"":""component_Gray_00_-3_01_-1_10_3_11_1_over_sqrt5;QPSK_0_plus1_1_minus1"",""cuda"":""12.8"",""decoder"":{""cn_schedule"":""flooding"",""cn_update"":""boxplus-phi"",""early_stop"":false,""hard_out"":true,""harq_mode"":false,""llr_max"":20.0,""num_iter"":20,""precision"":""single"",""prune_pcm"":true,""return_infobits"":true,""vn_update"":""sum""},""decoder_source_sha256"":""44d84b92b749e2970f94d92cd348a11648e2286b4d851faa0af8b21d08f0da23"",""encoder_source_sha256"":""34d8db6660b2e84708a8fb534f63c194f6f2b964e3693fcffc9dcaf21532ccfd"",""implementation"":""Sionna_5G_LDPC"",""power_protocol"":""fixed_constellation_average_Es2"",""precision"":""float32"",""rate_matching"":""Sionna RV0; filler removal, first2Z and tail puncturing; supported n only"",""scrambling"":""public_PCG64_SHA256_protocol_session_frame_group_counter_after_rate_matching_v1"",""torch"":""2.11.0+cu128"",""version"":""2.2.0""},""interleaver_sha256"":""546ac1654901484ba06e797857fac78ea088f5a8ac86f461cb4cf060ed23313b"",""k"":1492,""k_filler"":92,""k_ldpc"":1584,""layout_id"":""ae72ba93562f5c8492fa58720cb39f2c825fa7b2e2c2ddb9fc81a2cda0aed651"",""modulation_padding_bits"":0,""mother_bits"":4896,""n"":1990,""n_cb"":4752,""n_cb_comp"":4660,""power_protocol"":""fixed_constellation_average_Es2"",""puncturing_bits"":2814,""puncturing_first_2Z"":144,""puncturing_remaining"":2670,""repetition_bits"":0,""scrambling"":""public_PCG64_SHA256_protocol_session_frame_group_counter_after_rate_matching_v1"",""shortening_bits"":92,""z"":72}",[2048]
16QAM,2/3,16QAM:r2/3,fb33857b352530fc849a8f99d4027c3726f73772874878a687668b82a2822db0,4728,16,0,4744,4928,184,15232,7336,1834,0,0.6466739367502726,0.6444929116684842,"{""actual_effective_rate"":0.6466739367502726,""bg"":""bg1"",""bit_mapping"":""component_Gray_00_-3_01_-1_10_3_11_1_over_sqrt5;QPSK_0_plus1_1_minus1"",""code_blocks"":1,""decoder_config"":{""cn_schedule"":""flooding"",""cn_update"":""boxplus-phi"",""early_stop"":false,""hard_out"":true,""harq_mode"":false,""llr_max"":20.0,""num_iter"":20,""precision"":""single"",""prune_pcm"":true,""return_infobits"":true,""vn_update"":""sum""},""implementation"":{""bit_mapping"":""component_Gray_00_-3_01_-1_10_3_11_1_over_sqrt5;QPSK_0_plus1_1_minus1"",""cuda"":""12.8"",""decoder"":{""cn_schedule"":""flooding"",""cn_update"":""boxplus-phi"",""early_stop"":false,""hard_out"":true,""harq_mode"":false,""llr_max"":20.0,""num_iter"":20,""precision"":""single"",""prune_pcm"":true,""return_infobits"":true,""vn_update"":""sum""},""decoder_source_sha256"":""44d84b92b749e2970f94d92cd348a11648e2286b4d851faa0af8b21d08f0da23"",""encoder_source_sha256"":""34d8db6660b2e84708a8fb534f63c194f6f2b964e3693fcffc9dcaf21532ccfd"",""implementation"":""Sionna_5G_LDPC"",""power_protocol"":""fixed_constellation_average_Es2"",""precision"":""float32"",""rate_matching"":""Sionna RV0; filler removal, first2Z and tail puncturing; supported n only"",""scrambling"":""public_PCG64_SHA256_protocol_session_frame_group_counter_after_rate_matching_v1"",""torch"":""2.11.0+cu128"",""version"":""2.2.0""},""interleaver_sha256"":""b27b7bd7563b11ff02abdb8512394e1618554269df5df029c298527b380c1d0c"",""k"":4744,""k_filler"":184,""k_ldpc"":4928,""layout_id"":""73995c19970c88a0ab0d2cf7d2fc8cd111799cbe5669e21c3805a673dc4e1419"",""modulation_padding_bits"":0,""mother_bits"":15232,""n"":7336,""n_cb"":14784,""n_cb_comp"":14600,""power_protocol"":""fixed_constellation_average_Es2"",""puncturing_bits"":7712,""puncturing_first_2Z"":448,""puncturing_remaining"":7264,""repetition_bits"":0,""scrambling"":""public_PCG64_SHA256_protocol_session_frame_group_counter_after_rate_matching_v1"",""shortening_bits"":184,""z"":224}",[2048]
16QAM,5/6,16QAM:r5/6,fb43e0d9ad213d8f62705478cd327dcd76a265bf214f5adfd329f0406498a456,2712,16,0,2728,2880,152,14976,4256,1064,0,0.6409774436090225,0.6372180451127819,"{""actual_effective_rate"":0.6409774436090225,""bg"":""bg2"",""bit_mapping"":""component_Gray_00_-3_01_-1_10_3_11_1_over_sqrt5;QPSK_0_plus1_1_minus1"",""code_blocks"":1,""decoder_config"":{""cn_schedule"":""flooding"",""cn_update"":""boxplus-phi"",""early_stop"":false,""hard_out"":true,""harq_mode"":false,""llr_max"":20.0,""num_iter"":20,""precision"":""single"",""prune_pcm"":true,""return_infobits"":true,""vn_update"":""sum""},""implementation"":{""bit_mapping"":""component_Gray_00_-3_01_-1_10_3_11_1_over_sqrt5;QPSK_0_plus1_1_minus1"",""cuda"":""12.8"",""decoder"":{""cn_schedule"":""flooding"",""cn_update"":""boxplus-phi"",""early_stop"":false,""hard_out"":true,""harq_mode"":false,""llr_max"":20.0,""num_iter"":20,""precision"":""single"",""prune_pcm"":true,""return_infobits"":true,""vn_update"":""sum""},""decoder_source_sha256"":""44d84b92b749e2970f94d92cd348a11648e2286b4d851faa0af8b21d08f0da23"",""encoder_source_sha256"":""34d8db6660b2e84708a8fb534f63c194f6f2b964e3693fcffc9dcaf21532ccfd"",""implementation"":""Sionna_5G_LDPC"",""power_protocol"":""fixed_constellation_average_Es2"",""precision"":""float32"",""rate_matching"":""Sionna RV0; filler removal, first2Z and tail puncturing; supported n only"",""scrambling"":""public_PCG64_SHA256_protocol_session_frame_group_counter_after_rate_matching_v1"",""torch"":""2.11.0+cu128"",""version"":""2.2.0""},""interleaver_sha256"":""3c9aae489d8d6b9d82cf55b664560fac51413f1214f95c5bd4aa945b75731bfe"",""k"":2728,""k_filler"":152,""k_ldpc"":2880,""layout_id"":""b05100921ae2e028ed6389c33152e191d0cb3a67791a7c2e371ff475fc6b898a"",""modulation_padding_bits"":0,""mother_bits"":14976,""n"":4256,""n_cb"":14400,""n_cb_comp"":14248,""power_protocol"":""fixed_constellation_average_Es2"",""puncturing_bits"":10568,""puncturing_first_2Z"":576,""puncturing_remaining"":9992,""repetition_bits"":0,""scrambling"":""public_PCG64_SHA256_protocol_session_frame_group_counter_after_rate_matching_v1"",""shortening_bits"":152,""z"":288}",[2048]
16QAM,2/3,16QAM:r2/3,fb4af990b00bc32dcd3170641b44b638aac47a4c05575688c8b8aa42229fe7de,4584,16,0,4600,4928,328,15232,6912,1728,0,0.6655092592592593,0.6631944444444444,"{""actual_effective_rate"":0.6655092592592593,""bg"":""bg1"",""bit_mapping"":""component_Gray_00_-3_01_-1_10_3_11_1_over_sqrt5;QPSK_0_plus1_1_minus1"",""code_blocks"":1,""decoder_config"":{""cn_schedule"":""flooding"",""cn_update"":""boxplus-phi"",""early_stop"":false,""hard_out"":true,""harq_mode"":false,""llr_max"":20.0,""num_iter"":20,""precision"":""single"",""prune_pcm"":true,""return_infobits"":true,""vn_update"":""sum""},""implementation"":{""bit_mapping"":""component_Gray_00_-3_01_-1_10_3_11_1_over_sqrt5;QPSK_0_plus1_1_minus1"",""cuda"":""12.8"",""decoder"":{""cn_schedule"":""flooding"",""cn_update"":""boxplus-phi"",""early_stop"":false,""hard_out"":true,""harq_mode"":false,""llr_max"":20.0,""num_iter"":20,""precision"":""single"",""prune_pcm"":true,""return_infobits"":true,""vn_update"":""sum""},""decoder_source_sha256"":""44d84b92b749e2970f94d92cd348a11648e2286b4d851faa0af8b21d08f0da23"",""encoder_source_sha256"":""34d8db6660b2e84708a8fb534f63c194f6f2b964e3693fcffc9dcaf21532ccfd"",""implementation"":""Sionna_5G_LDPC"",""power_protocol"":""fixed_constellation_average_Es2"",""precision"":""float32"",""rate_matching"":""Sionna RV0; filler removal, first2Z and tail puncturing; supported n only"",""scrambling"":""public_PCG64_SHA256_protocol_session_frame_group_counter_after_rate_matching_v1"",""torch"":""2.11.0+cu128"",""version"":""2.2.0""},""interleaver_sha256"":""60e866f297e9c91a9fb7ae17ae1be92d0bed3c04ec8840567be5842585aac44c"",""k"":4600,""k_filler"":328,""k_ldpc"":4928,""layout_id"":""b92fa00b65cfea1430b1611d19e35e710a992f73b2dd599040e72e5c5801c8f5"",""modulation_padding_bits"":0,""mother_bits"":15232,""n"":6912,""n_cb"":14784,""n_cb_comp"":14456,""power_protocol"":""fixed_constellation_average_Es2"",""puncturing_bits"":7992,""puncturing_first_2Z"":448,""puncturing_remaining"":7544,""repetition_bits"":0,""scrambling"":""public_PCG64_SHA256_protocol_session_frame_group_counter_after_rate_matching_v1"",""shortening_bits"":328,""z"":224}",[2048]
16QAM,2/3,16QAM:r2/3,fb504331d8df567ca72f047d79c20065f486d8e4454618f1c915316032d7d71b,1800,16,0,1816,1920,104,9984,5100,1275,0,0.356078431372549,0.35294117647058826,"{""actual_effective_rate"":0.356078431372549,""bg"":""bg2"",""bit_mapping"":""component_Gray_00_-3_01_-1_10_3_11_1_over_sqrt5;QPSK_0_plus1_1_minus1"",""code_blocks"":1,""decoder_config"":{""cn_schedule"":""flooding"",""cn_update"":""boxplus-phi"",""early_stop"":false,""hard_out"":true,""harq_mode"":false,""llr_max"":20.0,""num_iter"":20,""precision"":""single"",""prune_pcm"":true,""return_infobits"":true,""vn_update"":""sum""},""implementation"":{""bit_mapping"":""component_Gray_00_-3_01_-1_10_3_11_1_over_sqrt5;QPSK_0_plus1_1_minus1"",""cuda"":""12.8"",""decoder"":{""cn_schedule"":""flooding"",""cn_update"":""boxplus-phi"",""early_stop"":false,""hard_out"":true,""harq_mode"":false,""llr_max"":20.0,""num_iter"":20,""precision"":""single"",""prune_pcm"":true,""return_infobits"":true,""vn_update"":""sum""},""decoder_source_sha256"":""44d84b92b749e2970f94d92cd348a11648e2286b4d851faa0af8b21d08f0da23"",""encoder_source_sha256"":""34d8db6660b2e84708a8fb534f63c194f6f2b964e3693fcffc9dcaf21532ccfd"",""implementation"":""Sionna_5G_LDPC"",""power_protocol"":""fixed_constellation_average_Es2"",""precision"":""float32"",""rate_matching"":""Sionna RV0; filler removal, first2Z and tail puncturing; supported n only"",""scrambling"":""public_PCG64_SHA256_protocol_session_frame_group_counter_after_rate_matching_v1"",""torch"":""2.11.0+cu128"",""version"":""2.2.0""},""interleaver_sha256"":""b1e71ad79e3f2e419409f8c5c4b67c6b2248b76784068b333938eee1488158e6"",""k"":1816,""k_filler"":104,""k_ldpc"":1920,""layout_id"":""d861c1485ca958f6cfb8b777e052173bc96afaab8d648bc169f38e141493c7f1"",""modulation_padding_bits"":0,""mother_bits"":9984,""n"":5100,""n_cb"":9600,""n_cb_comp"":9496,""power_protocol"":""fixed_constellation_average_Es2"",""puncturing_bits"":4780,""puncturing_first_2Z"":384,""puncturing_remaining"":4396,""repetition_bits"":0,""scrambling"":""public_PCG64_SHA256_protocol_session_frame_group_counter_after_rate_matching_v1"",""shortening_bits"":104,""z"":192}",[2048]
16QAM,3/4,16QAM:r3/4,fb65926a7dda1dd381710e5aab1be6619cebbb59e231654361c7a1682715367c,1152,16,0,1168,1232,64,3808,1560,390,0,0.7487179487179487,0.7384615384615385,"{""actual_effective_rate"":0.7487179487179487,""bg"":""bg1"",""bit_mapping"":""component_Gray_00_-3_01_-1_10_3_11_1_over_sqrt5;QPSK_0_plus1_1_minus1"",""code_blocks"":1,""decoder_config"":{""cn_schedule"":""flooding"",""cn_update"":""boxplus-phi"",""early_stop"":false,""hard_out"":true,""harq_mode"":false,""llr_max"":20.0,""num_iter"":20,""precision"":""single"",""prune_pcm"":true,""return_infobits"":true,""vn_update"":""sum""},""implementation"":{""bit_mapping"":""component_Gray_00_-3_01_-1_10_3_11_1_over_sqrt5;QPSK_0_plus1_1_minus1"",""cuda"":""12.8"",""decoder"":{""cn_schedule"":""flooding"",""cn_update"":""boxplus-phi"",""early_stop"":false,""hard_out"":true,""harq_mode"":false,""llr_max"":20.0,""num_iter"":20,""precision"":""single"",""prune_pcm"":true,""return_infobits"":true,""vn_update"":""sum""},""decoder_source_sha256"":""44d84b92b749e2970f94d92cd348a11648e2286b4d851faa0af8b21d08f0da23"",""encoder_source_sha256"":""34d8db6660b2e84708a8fb534f63c194f6f2b964e3693fcffc9dcaf21532ccfd"",""implementation"":""Sionna_5G_LDPC"",""power_protocol"":""fixed_constellation_average_Es2"",""precision"":""float32"",""rate_matching"":""Sionna RV0; filler removal, first2Z and tail puncturing; supported n only"",""scrambling"":""public_PCG64_SHA256_protocol_session_frame_group_counter_after_rate_matching_v1"",""torch"":""2.11.0+cu128"",""version"":""2.2.0""},""interleaver_sha256"":""df30da40931bc8e2e8bad2f822e310fecbfdc7e3f1de472ee8b0d90515d6f0f4"",""k"":1168,""k_filler"":64,""k_ldpc"":1232,""layout_id"":""73d6bf673bc83375481c89f23706f385f5c8b091823c485dc6c927a17c1a2343"",""modulation_padding_bits"":0,""mother_bits"":3808,""n"":1560,""n_cb"":3696,""n_cb_comp"":3632,""power_protocol"":""fixed_constellation_average_Es2"",""puncturing_bits"":2184,""puncturing_first_2Z"":112,""puncturing_remaining"":2072,""repetition_bits"":0,""scrambling"":""public_PCG64_SHA256_protocol_session_frame_group_counter_after_rate_matching_v1"",""shortening_bits"":64,""z"":56}",[1024]
QPSK,1/3,QPSK:r1/3,fb7e83ec880c2632ff426c097d7766acec58b989807b8485231fde3f941174c3,216,16,0,232,300,68,1560,1056,528,0,0.2196969696969697,0.20454545454545456,"{""actual_effective_rate"":0.2196969696969697,""bg"":""bg2"",""bit_mapping"":""component_Gray_00_-3_01_-1_10_3_11_1_over_sqrt5;QPSK_0_plus1_1_minus1"",""code_blocks"":1,""decoder_config"":{""cn_schedule"":""flooding"",""cn_update"":""boxplus-phi"",""early_stop"":false,""hard_out"":true,""harq_mode"":false,""llr_max"":20.0,""num_iter"":20,""precision"":""single"",""prune_pcm"":true,""return_infobits"":true,""vn_update"":""sum""},""implementation"":{""bit_mapping"":""component_Gray_00_-3_01_-1_10_3_11_1_over_sqrt5;QPSK_0_plus1_1_minus1"",""cuda"":""12.8"",""decoder"":{""cn_schedule"":""flooding"",""cn_update"":""boxplus-phi"",""early_stop"":false,""hard_out"":true,""harq_mode"":false,""llr_max"":20.0,""num_iter"":20,""precision"":""single"",""prune_pcm"":true,""return_infobits"":true,""vn_update"":""sum""},""decoder_source_sha256"":""44d84b92b749e2970f94d92cd348a11648e2286b4d851faa0af8b21d08f0da23"",""encoder_source_sha256"":""34d8db6660b2e84708a8fb534f63c194f6f2b964e3693fcffc9dcaf21532ccfd"",""implementation"":""Sionna_5G_LDPC"",""power_protocol"":""fixed_constellation_average_Es2"",""precision"":""float32"",""rate_matching"":""Sionna RV0; filler removal, first2Z and tail puncturing; supported n only"",""scrambling"":""public_PCG64_SHA256_protocol_session_frame_group_counter_after_rate_matching_v1"",""torch"":""2.11.0+cu128"",""version"":""2.2.0""},""interleaver_sha256"":""749a5a6bc55b58f3e037470d74a39ec167f612a46336df5a219366c615ad66bf"",""k"":232,""k_filler"":68,""k_ldpc"":300,""layout_id"":""71e2e9c47a8c643c6ea412cc0a9f6ce68873843b93c3116a1b008146494cbee2"",""modulation_padding_bits"":0,""mother_bits"":1560,""n"":1056,""n_cb"":1500,""n_cb_comp"":1432,""power_protocol"":""fixed_constellation_average_Es2"",""puncturing_bits"":436,""puncturing_first_2Z"":60,""puncturing_remaining"":376,""repetition_bits"":0,""scrambling"":""public_PCG64_SHA256_protocol_session_frame_group_counter_after_rate_matching_v1"",""shortening_bits"":68,""z"":30}",[1024]
QPSK,5/6,QPSK:r5/6,fba48c401f7705ff3e3ffe2a392fca86e79d452175846a97cdccf7c89231f716,1368,16,0,1384,1440,56,7488,2376,1188,0,0.5824915824915825,0.5757575757575758,"{""actual_effective_rate"":0.5824915824915825,""bg"":""bg2"",""bit_mapping"":""component_Gray_00_-3_01_-1_10_3_11_1_over_sqrt5;QPSK_0_plus1_1_minus1"",""code_blocks"":1,""decoder_config"":{""cn_schedule"":""flooding"",""cn_update"":""boxplus-phi"",""early_stop"":false,""hard_out"":true,""harq_mode"":false,""llr_max"":20.0,""num_iter"":20,""precision"":""single"",""prune_pcm"":true,""return_infobits"":true,""vn_update"":""sum""},""implementation"":{""bit_mapping"":""component_Gray_00_-3_01_-1_10_3_11_1_over_sqrt5;QPSK_0_plus1_1_minus1"",""cuda"":""12.8"",""decoder"":{""cn_schedule"":""flooding"",""cn_update"":""boxplus-phi"",""early_stop"":false,""hard_out"":true,""harq_mode"":false,""llr_max"":20.0,""num_iter"":20,""precision"":""single"",""prune_pcm"":true,""return_infobits"":true,""vn_update"":""sum""},""decoder_source_sha256"":""44d84b92b749e2970f94d92cd348a11648e2286b4d851faa0af8b21d08f0da23"",""encoder_source_sha256"":""34d8db6660b2e84708a8fb534f63c194f6f2b964e3693fcffc9dcaf21532ccfd"",""implementation"":""Sionna_5G_LDPC"",""power_protocol"":""fixed_constellation_average_Es2"",""precision"":""float32"",""rate_matching"":""Sionna RV0; filler removal, first2Z and tail puncturing; supported n only"",""scrambling"":""public_PCG64_SHA256_protocol_session_frame_group_counter_after_rate_matching_v1"",""torch"":""2.11.0+cu128"",""version"":""2.2.0""},""interleaver_sha256"":""29cb57b95df4843768f844c74ab2d5a4e90627af4c7013c35a42ee822e3aed24"",""k"":1384,""k_filler"":56,""k_ldpc"":1440,""layout_id"":""5875b7fb0c9c7e5cfe7e44ee21506ce425adcfa498f09c1fa7ff0218fbc8eac5"",""modulation_padding_bits"":0,""mother_bits"":7488,""n"":2376,""n_cb"":7200,""n_cb_comp"":7144,""power_protocol"":""fixed_constellation_average_Es2"",""puncturing_bits"":5056,""puncturing_first_2Z"":288,""puncturing_remaining"":4768,""repetition_bits"":0,""scrambling"":""public_PCG64_SHA256_protocol_session_frame_group_counter_after_rate_matching_v1"",""shortening_bits"":56,""z"":144}",[2048]
QPSK,1/2,QPSK:r1/2,fbac85dfafbbdcaa276bc7b89c8c810494e55552931b4be64e28b86a487813f7,660,16,0,676,720,44,3744,1416,708,0,0.4774011299435028,0.4661016949152542,"{""actual_effective_rate"":0.4774011299435028,""bg"":""bg2"",""bit_mapping"":""component_Gray_00_-3_01_-1_10_3_11_1_over_sqrt5;QPSK_0_plus1_1_minus1"",""code_blocks"":1,""decoder_config"":{""cn_schedule"":""flooding"",""cn_update"":""boxplus-phi"",""early_stop"":false,""hard_out"":true,""harq_mode"":false,""llr_max"":20.0,""num_iter"":20,""precision"":""single"",""prune_pcm"":true,""return_infobits"":true,""vn_update"":""sum""},""implementation"":{""bit_mapping"":""component_Gray_00_-3_01_-1_10_3_11_1_over_sqrt5;QPSK_0_plus1_1_minus1"",""cuda"":""12.8"",""decoder"":{""cn_schedule"":""flooding"",""cn_update"":""boxplus-phi"",""early_stop"":false,""hard_out"":true,""harq_mode"":false,""llr_max"":20.0,""num_iter"":20,""precision"":""single"",""prune_pcm"":true,""return_infobits"":true,""vn_update"":""sum""},""decoder_source_sha256"":""44d84b92b749e2970f94d92cd348a11648e2286b4d851faa0af8b21d08f0da23"",""encoder_source_sha256"":""34d8db6660b2e84708a8fb534f63c194f6f2b964e3693fcffc9dcaf21532ccfd"",""implementation"":""Sionna_5G_LDPC"",""power_protocol"":""fixed_constellation_average_Es2"",""precision"":""float32"",""rate_matching"":""Sionna RV0; filler removal, first2Z and tail puncturing; supported n only"",""scrambling"":""public_PCG64_SHA256_protocol_session_frame_group_counter_after_rate_matching_v1"",""torch"":""2.11.0+cu128"",""version"":""2.2.0""},""interleaver_sha256"":""c3e833fa37fc2ad83991dcf040ad20b7039ebda82af79c4612bbe745b6b45ae6"",""k"":676,""k_filler"":44,""k_ldpc"":720,""layout_id"":""1c268e31d073d75830b3c1bb1e878880d6e3037d66ee65f60009424a76ebb43b"",""modulation_padding_bits"":0,""mother_bits"":3744,""n"":1416,""n_cb"":3600,""n_cb_comp"":3556,""power_protocol"":""fixed_constellation_average_Es2"",""puncturing_bits"":2284,""puncturing_first_2Z"":144,""puncturing_remaining"":2140,""repetition_bits"":0,""scrambling"":""public_PCG64_SHA256_protocol_session_frame_group_counter_after_rate_matching_v1"",""shortening_bits"":44,""z"":72}",[2048]
16QAM,3/4,16QAM:r3/4,fbae998f02ac7ba069bc9b1e821892e5dfe836d5d5cd70375af0b95c55ddd610,5496,16,0,5512,5632,120,17408,7352,1838,0,0.749727965179543,0.7475516866158868,"{""actual_effective_rate"":0.749727965179543,""bg"":""bg1"",""bit_mapping"":""component_Gray_00_-3_01_-1_10_3_11_1_over_sqrt5;QPSK_0_plus1_1_minus1"",""code_blocks"":1,""decoder_config"":{""cn_schedule"":""flooding"",""cn_update"":""boxplus-phi"",""early_stop"":false,""hard_out"":true,""harq_mode"":false,""llr_max"":20.0,""num_iter"":20,""precision"":""single"",""prune_pcm"":true,""return_infobits"":true,""vn_update"":""sum""},""implementation"":{""bit_mapping"":""component_Gray_00_-3_01_-1_10_3_11_1_over_sqrt5;QPSK_0_plus1_1_minus1"",""cuda"":""12.8"",""decoder"":{""cn_schedule"":""flooding"",""cn_update"":""boxplus-phi"",""early_stop"":false,""hard_out"":true,""harq_mode"":false,""llr_max"":20.0,""num_iter"":20,""precision"":""single"",""prune_pcm"":true,""return_infobits"":true,""vn_update"":""sum""},""decoder_source_sha256"":""44d84b92b749e2970f94d92cd348a11648e2286b4d851faa0af8b21d08f0da23"",""encoder_source_sha256"":""34d8db6660b2e84708a8fb534f63c194f6f2b964e3693fcffc9dcaf21532ccfd"",""implementation"":""Sionna_5G_LDPC"",""power_protocol"":""fixed_constellation_average_Es2"",""precision"":""float32"",""rate_matching"":""Sionna RV0; filler removal, first2Z and tail puncturing; supported n only"",""scrambling"":""public_PCG64_SHA256_protocol_session_frame_group_counter_after_rate_matching_v1"",""torch"":""2.11.0+cu128"",""version"":""2.2.0""},""interleaver_sha256"":""318ab04e3eb28c2d7d91835575387d4faaac83fe0eb08fd2cd24f84684affba8"",""k"":5512,""k_filler"":120,""k_ldpc"":5632,""layout_id"":""16c75301dcc6d5a5134aad8b1ea36e18fcbd36f5068bde3dfae8d3f9bb5703ce"",""modulation_padding_bits"":0,""mother_bits"":17408,""n"":7352,""n_cb"":16896,""n_cb_comp"":16776,""power_protocol"":""fixed_constellation_average_Es2"",""puncturing_bits"":9936,""puncturing_first_2Z"":512,""puncturing_remaining"":9424,""repetition_bits"":0,""scrambling"":""public_PCG64_SHA256_protocol_session_frame_group_counter_after_rate_matching_v1"",""shortening_bits"":120,""z"":256}",[2048]
16QAM,5/6,16QAM:r5/6,fbb40789fb95a00f5ff13ee0fdfbcf70b76cc8550b488156370eb9afab5e50be,732,16,0,748,800,52,4160,2348,587,0,0.3185689948892675,0.31175468483816016,"{""actual_effective_rate"":0.3185689948892675,""bg"":""bg2"",""bit_mapping"":""component_Gray_00_-3_01_-1_10_3_11_1_over_sqrt5;QPSK_0_plus1_1_minus1"",""code_blocks"":1,""decoder_config"":{""cn_schedule"":""flooding"",""cn_update"":""boxplus-phi"",""early_stop"":false,""hard_out"":true,""harq_mode"":false,""llr_max"":20.0,""num_iter"":20,""precision"":""single"",""prune_pcm"":true,""return_infobits"":true,""vn_update"":""sum""},""implementation"":{""bit_mapping"":""component_Gray_00_-3_01_-1_10_3_11_1_over_sqrt5;QPSK_0_plus1_1_minus1"",""cuda"":""12.8"",""decoder"":{""cn_schedule"":""flooding"",""cn_update"":""boxplus-phi"",""early_stop"":false,""hard_out"":true,""harq_mode"":false,""llr_max"":20.0,""num_iter"":20,""precision"":""single"",""prune_pcm"":true,""return_infobits"":true,""vn_update"":""sum""},""decoder_source_sha256"":""44d84b92b749e2970f94d92cd348a11648e2286b4d851faa0af8b21d08f0da23"",""encoder_source_sha256"":""34d8db6660b2e84708a8fb534f63c194f6f2b964e3693fcffc9dcaf21532ccfd"",""implementation"":""Sionna_5G_LDPC"",""power_protocol"":""fixed_constellation_average_Es2"",""precision"":""float32"",""rate_matching"":""Sionna RV0; filler removal, first2Z and tail puncturing; supported n only"",""scrambling"":""public_PCG64_SHA256_protocol_session_frame_group_counter_after_rate_matching_v1"",""torch"":""2.11.0+cu128"",""version"":""2.2.0""},""interleaver_sha256"":""e1907fec101feae912cc27f8cd2d622738bf39d3b1c1995d6fa4792e05da6daf"",""k"":748,""k_filler"":52,""k_ldpc"":800,""layout_id"":""8524fb848882251f08eddb1153d69c2d29d945805d11821a3c77c36dbcf0a31a"",""modulation_padding_bits"":0,""mother_bits"":4160,""n"":2348,""n_cb"":4000,""n_cb_comp"":3948,""power_protocol"":""fixed_constellation_average_Es2"",""puncturing_bits"":1760,""puncturing_first_2Z"":160,""puncturing_remaining"":1600,""repetition_bits"":0,""scrambling"":""public_PCG64_SHA256_protocol_session_frame_group_counter_after_rate_matching_v1"",""shortening_bits"":52,""z"":80}",[1024]
QPSK,5/6,QPSK:r5/6,fbb4bdb10ce55210aadd9b046e3626c5a672d8ff115a12b63f87e82af6cfc278,768,16,0,784,792,8,2448,1014,507,0,0.7731755424063116,0.757396449704142,"{""actual_effective_rate"":0.7731755424063116,""bg"":""bg1"",""bit_mapping"":""component_Gray_00_-3_01_-1_10_3_11_1_over_sqrt5;QPSK_0_plus1_1_minus1"",""code_blocks"":1,""decoder_config"":{""cn_schedule"":""flooding"",""cn_update"":""boxplus-phi"",""early_stop"":false,""hard_out"":true,""harq_mode"":false,""llr_max"":20.0,""num_iter"":20,""precision"":""single"",""prune_pcm"":true,""return_infobits"":true,""vn_update"":""sum""},""implementation"":{""bit_mapping"":""component_Gray_00_-3_01_-1_10_3_11_1_over_sqrt5;QPSK_0_plus1_1_minus1"",""cuda"":""12.8"",""decoder"":{""cn_schedule"":""flooding"",""cn_update"":""boxplus-phi"",""early_stop"":false,""hard_out"":true,""harq_mode"":false,""llr_max"":20.0,""num_iter"":20,""precision"":""single"",""prune_pcm"":true,""return_infobits"":true,""vn_update"":""sum""},""decoder_source_sha256"":""44d84b92b749e2970f94d92cd348a11648e2286b4d851faa0af8b21d08f0da23"",""encoder_source_sha256"":""34d8db6660b2e84708a8fb534f63c194f6f2b964e3693fcffc9dcaf21532ccfd"",""implementation"":""Sionna_5G_LDPC"",""power_protocol"":""fixed_constellation_average_Es2"",""precision"":""float32"",""rate_matching"":""Sionna RV0; filler removal, first2Z and tail puncturing; supported n only"",""scrambling"":""public_PCG64_SHA256_protocol_session_frame_group_counter_after_rate_matching_v1"",""torch"":""2.11.0+cu128"",""version"":""2.2.0""},""interleaver_sha256"":""e266d55767517694fe03d928f03b4f06d18e915865c95a23d17c2cd025b20f41"",""k"":784,""k_filler"":8,""k_ldpc"":792,""layout_id"":""c5b57b3a5f09e2ab015f056d394899e8978e7c7a056ded2c502c1b6eca00082e"",""modulation_padding_bits"":0,""mother_bits"":2448,""n"":1014,""n_cb"":2376,""n_cb_comp"":2368,""power_protocol"":""fixed_constellation_average_Es2"",""puncturing_bits"":1426,""puncturing_first_2Z"":72,""puncturing_remaining"":1354,""repetition_bits"":0,""scrambling"":""public_PCG64_SHA256_protocol_session_frame_group_counter_after_rate_matching_v1"",""shortening_bits"":8,""z"":36}",[1024]
16QAM,2/3,16QAM:r2/3,fbb72be2e651d085a52fba52a62fee45b3d228a09347757e4a9cfd10ff883215,1092,16,0,1108,1120,12,5824,2836,709,0,0.3906911142454161,0.385049365303244,"{""actual_effective_rate"":0.3906911142454161,""bg"":""bg2"",""bit_mapping"":""component_Gray_00_-3_01_-1_10_3_11_1_over_sqrt5;QPSK_0_plus1_1_minus1"",""code_blocks"":1,""decoder_config"":{""cn_schedule"":""flooding"",""cn_update"":""boxplus-phi"",""early_stop"":false,""hard_out"":true,""harq_mode"":false,""llr_max"":20.0,""num_iter"":20,""precision"":""single"",""prune_pcm"":true,""return_infobits"":true,""vn_update"":""sum""},""implementation"":{""bit_mapping"":""component_Gray_00_-3_01_-1_10_3_11_1_over_sqrt5;QPSK_0_plus1_1_minus1"",""cuda"":""12.8"",""decoder"":{""cn_schedule"":""flooding"",""cn_update"":""boxplus-phi"",""early_stop"":false,""hard_out"":true,""harq_mode"":false,""llr_max"":20.0,""num_iter"":20,""precision"":""single"",""prune_pcm"":true,""return_infobits"":true,""vn_update"":""sum""},""decoder_source_sha256"":""44d84b92b749e2970f94d92cd348a11648e2286b4d851faa0af8b21d08f0da23"",""encoder_source_sha256"":""34d8db6660b2e84708a8fb534f63c194f6f2b964e3693fcffc9dcaf21532ccfd"",""implementation"":""Sionna_5G_LDPC"",""power_protocol"":""fixed_constellation_average_Es2"",""precision"":""float32"",""rate_matching"":""Sionna RV0; filler removal, first2Z and tail puncturing; supported n only"",""scrambling"":""public_PCG64_SHA256_protocol_session_frame_group_counter_after_rate_matching_v1"",""torch"":""2.11.0+cu128"",""version"":""2.2.0""},""interleaver_sha256"":""f124d86ca8e91f09bf0aad45cf73cf2e418dd2b8f95f8690fcf0cb03c040f0ef"",""k"":1108,""k_filler"":12,""k_ldpc"":1120,""layout_id"":""e92f6b66edd0a148f7226e0a32b6825460c5cd3a3562791ef25469a05e743896"",""modulation_padding_bits"":0,""mother_bits"":5824,""n"":2836,""n_cb"":5600,""n_cb_comp"":5588,""power_protocol"":""fixed_constellation_average_Es2"",""puncturing_bits"":2976,""puncturing_first_2Z"":224,""puncturing_remaining"":2752,""repetition_bits"":0,""scrambling"":""public_PCG64_SHA256_protocol_session_frame_group_counter_after_rate_matching_v1"",""shortening_bits"":12,""z"":112}",[2048]
QPSK,1/2,QPSK:r1/2,fbbfbb8e11f8c78562ddb6ca4139873fed307e5ba39e80ea37d4a8357a4db8bb,1512,16,0,1528,1600,72,8320,3056,1528,0,0.5,0.49476439790575916,"{""actual_effective_rate"":0.5,""bg"":""bg2"",""bit_mapping"":""component_Gray_00_-3_01_-1_10_3_11_1_over_sqrt5;QPSK_0_plus1_1_minus1"",""code_blocks"":1,""decoder_config"":{""cn_schedule"":""flooding"",""cn_update"":""boxplus-phi"",""early_stop"":false,""hard_out"":true,""harq_mode"":false,""llr_max"":20.0,""num_iter"":20,""precision"":""single"",""prune_pcm"":true,""return_infobits"":true,""vn_update"":""sum""},""implementation"":{""bit_mapping"":""component_Gray_00_-3_01_-1_10_3_11_1_over_sqrt5;QPSK_0_plus1_1_minus1"",""cuda"":""12.8"",""decoder"":{""cn_schedule"":""flooding"",""cn_update"":""boxplus-phi"",""early_stop"":false,""hard_out"":true,""harq_mode"":false,""llr_max"":20.0,""num_iter"":20,""precision"":""single"",""prune_pcm"":true,""return_infobits"":true,""vn_update"":""sum""},""decoder_source_sha256"":""44d84b92b749e2970f94d92cd348a11648e2286b4d851faa0af8b21d08f0da23"",""encoder_source_sha256"":""34d8db6660b2e84708a8fb534f63c194f6f2b964e3693fcffc9dcaf21532ccfd"",""implementation"":""Sionna_5G_LDPC"",""power_protocol"":""fixed_constellation_average_Es2"",""precision"":""float32"",""rate_matching"":""Sionna RV0; filler removal, first2Z and tail puncturing; supported n only"",""scrambling"":""public_PCG64_SHA256_protocol_session_frame_group_counter_after_rate_matching_v1"",""torch"":""2.11.0+cu128"",""version"":""2.2.0""},""interleaver_sha256"":""5ddb2766e6e90597fec7ea3903a7fcd79d9b14b56497eec25d6d24d3beb51315"",""k"":1528,""k_filler"":72,""k_ldpc"":1600,""layout_id"":""a4bfe2ac29266a1e50de05743a74c698db3c80f559c79ae48e7764ac06fb61c0"",""modulation_padding_bits"":0,""mother_bits"":8320,""n"":3056,""n_cb"":8000,""n_cb_comp"":7928,""power_protocol"":""fixed_constellation_average_Es2"",""puncturing_bits"":5192,""puncturing_first_2Z"":320,""puncturing_remaining"":4872,""repetition_bits"":0,""scrambling"":""public_PCG64_SHA256_protocol_session_frame_group_counter_after_rate_matching_v1"",""shortening_bits"":72,""z"":160}",[2048]
QPSK,5/6,QPSK:r5/6,fbc0f5a868313b32494590059ebc9c307712794f1715b3e550eaec0ad2217efd,360,16,0,376,480,104,2496,1182,591,0,0.31810490693739424,0.30456852791878175,"{""actual_effective_rate"":0.31810490693739424,""bg"":""bg2"",""bit_mapping"":""component_Gray_00_-3_01_-1_10_3_11_1_over_sqrt5;QPSK_0_plus1_1_minus1"",""code_blocks"":1,""decoder_config"":{""cn_schedule"":""flooding"",""cn_update"":""boxplus-phi"",""early_stop"":false,""hard_out"":true,""harq_mode"":false,""llr_max"":20.0,""num_iter"":20,""precision"":""single"",""prune_pcm"":true,""return_infobits"":true,""vn_update"":""sum""},""implementation"":{""bit_mapping"":""component_Gray_00_-3_01_-1_10_3_11_1_over_sqrt5;QPSK_0_plus1_1_minus1"",""cuda"":""12.8"",""decoder"":{""cn_schedule"":""flooding"",""cn_update"":""boxplus-phi"",""early_stop"":false,""hard_out"":true,""harq_mode"":false,""llr_max"":20.0,""num_iter"":20,""precision"":""single"",""prune_pcm"":true,""return_infobits"":true,""vn_update"":""sum""},""decoder_source_sha256"":""44d84b92b749e2970f94d92cd348a11648e2286b4d851faa0af8b21d08f0da23"",""encoder_source_sha256"":""34d8db6660b2e84708a8fb534f63c194f6f2b964e3693fcffc9dcaf21532ccfd"",""implementation"":""Sionna_5G_LDPC"",""power_protocol"":""fixed_constellation_average_Es2"",""precision"":""float32"",""rate_matching"":""Sionna RV0; filler removal, first2Z and tail puncturing; supported n only"",""scrambling"":""public_PCG64_SHA256_protocol_session_frame_group_counter_after_rate_matching_v1"",""torch"":""2.11.0+cu128"",""version"":""2.2.0""},""interleaver_sha256"":""d377c66f8b038bd5d5e168ea404f851653bbbd0953499a4c80da909041c448ca"",""k"":376,""k_filler"":104,""k_ldpc"":480,""layout_id"":""5ece89c177837a986fa1b1ec8d89132ce5bc6763ac91721bc1e4223ad9b11f0e"",""modulation_padding_bits"":0,""mother_bits"":2496,""n"":1182,""n_cb"":2400,""n_cb_comp"":2296,""power_protocol"":""fixed_constellation_average_Es2"",""puncturing_bits"":1210,""puncturing_first_2Z"":96,""puncturing_remaining"":1114,""repetition_bits"":0,""scrambling"":""public_PCG64_SHA256_protocol_session_frame_group_counter_after_rate_matching_v1"",""shortening_bits"":104,""z"":48}",[1024]
16QAM,5/6,16QAM:r5/6,fbc95d6e92acabbe16665955a88484c84fdf0654d044f2da78c0a2bb74b609fc,732,16,0,748,792,44,2448,1088,272,0,0.6875,0.6727941176470589,"{""actual_effective_rate"":0.6875,""bg"":""bg1"",""bit_mapping"":""component_Gray_00_-3_01_-1_10_3_11_1_over_sqrt5;QPSK_0_plus1_1_minus1"",""code_blocks"":1,""decoder_config"":{""cn_schedule"":""flooding"",""cn_update"":""boxplus-phi"",""early_stop"":false,""hard_out"":true,""harq_mode"":false,""llr_max"":20.0,""num_iter"":20,""precision"":""single"",""prune_pcm"":true,""return_infobits"":true,""vn_update"":""sum""},""implementation"":{""bit_mapping"":""component_Gray_00_-3_01_-1_10_3_11_1_over_sqrt5;QPSK_0_plus1_1_minus1"",""cuda"":""12.8"",""decoder"":{""cn_schedule"":""flooding"",""cn_update"":""boxplus-phi"",""early_stop"":false,""hard_out"":true,""harq_mode"":false,""llr_max"":20.0,""num_iter"":20,""precision"":""single"",""prune_pcm"":true,""return_infobits"":true,""vn_update"":""sum""},""decoder_source_sha256"":""44d84b92b749e2970f94d92cd348a11648e2286b4d851faa0af8b21d08f0da23"",""encoder_source_sha256"":""34d8db6660b2e84708a8fb534f63c194f6f2b964e3693fcffc9dcaf21532ccfd"",""implementation"":""Sionna_5G_LDPC"",""power_protocol"":""fixed_constellation_average_Es2"",""precision"":""float32"",""rate_matching"":""Sionna RV0; filler removal, first2Z and tail puncturing; supported n only"",""scrambling"":""public_PCG64_SHA256_protocol_session_frame_group_counter_after_rate_matching_v1"",""torch"":""2.11.0+cu128"",""version"":""2.2.0""},""interleaver_sha256"":""cfaa0696a8b34f28766414ac9fc6c2afeb34c59fd6e5bdc7ad9a03bc8b428c63"",""k"":748,""k_filler"":44,""k_ldpc"":792,""layout_id"":""3ed870f7d15228b5bbf2261a3bfdc137421f838e15af3a813e9a671922de8eb0"",""modulation_padding_bits"":0,""mother_bits"":2448,""n"":1088,""n_cb"":2376,""n_cb_comp"":2332,""power_protocol"":""fixed_constellation_average_Es2"",""puncturing_bits"":1316,""puncturing_first_2Z"":72,""puncturing_remaining"":1244,""repetition_bits"":0,""scrambling"":""public_PCG64_SHA256_protocol_session_frame_group_counter_after_rate_matching_v1"",""shortening_bits"":44,""z"":36}",[1024]
QPSK,3/4,QPSK:r3/4,fbe67a2316f528945b2fc4eb9137951edf3370c7153ccfb2e9228f84e04ddb63,516,16,0,532,720,188,3744,1450,725,0,0.36689655172413793,0.35586206896551725,"{""actual_effective_rate"":0.36689655172413793,""bg"":""bg2"",""bit_mapping"":""component_Gray_00_-3_01_-1_10_3_11_1_over_sqrt5;QPSK_0_plus1_1_minus1"",""code_blocks"":1,""decoder_config"":{""cn_schedule"":""flooding"",""cn_update"":""boxplus-phi"",""early_stop"":false,""hard_out"":true,""harq_mode"":false,""llr_max"":20.0,""num_iter"":20,""precision"":""single"",""prune_pcm"":true,""return_infobits"":true,""vn_update"":""sum""},""implementation"":{""bit_mapping"":""component_Gray_00_-3_01_-1_10_3_11_1_over_sqrt5;QPSK_0_plus1_1_minus1"",""cuda"":""12.8"",""decoder"":{""cn_schedule"":""flooding"",""cn_update"":""boxplus-phi"",""early_stop"":false,""hard_out"":true,""harq_mode"":false,""llr_max"":20.0,""num_iter"":20,""precision"":""single"",""prune_pcm"":true,""return_infobits"":true,""vn_update"":""sum""},""decoder_source_sha256"":""44d84b92b749e2970f94d92cd348a11648e2286b4d851faa0af8b21d08f0da23"",""encoder_source_sha256"":""34d8db6660b2e84708a8fb534f63c194f6f2b964e3693fcffc9dcaf21532ccfd"",""implementation"":""Sionna_5G_LDPC"",""power_protocol"":""fixed_constellation_average_Es2"",""precision"":""float32"",""rate_matching"":""Sionna RV0; filler removal, first2Z and tail puncturing; supported n only"",""scrambling"":""public_PCG64_SHA256_protocol_session_frame_group_counter_after_rate_matching_v1"",""torch"":""2.11.0+cu128"",""version"":""2.2.0""},""interleaver_sha256"":""6fdbfd38fec09a5449d3ff9e2cb039854d57d737f38f7dbf19fcedce2c39f912"",""k"":532,""k_filler"":188,""k_ldpc"":720,""layout_id"":""13d936ab0f41e0c99d58cf14adf92d436a8ad399351a7d3f4ac2956f4ba01e87"",""modulation_padding_bits"":0,""mother_bits"":3744,""n"":1450,""n_cb"":3600,""n_cb_comp"":3412,""power_protocol"":""fixed_constellation_average_Es2"",""puncturing_bits"":2106,""puncturing_first_2Z"":144,""puncturing_remaining"":1962,""repetition_bits"":0,""scrambling"":""public_PCG64_SHA256_protocol_session_frame_group_counter_after_rate_matching_v1"",""shortening_bits"":188,""z"":72}",[1024]
QPSK,1/2,QPSK:r1/2,fbf41edac44ecf80dfaea60dabc7a739e07e7aa326f284d4c7b7fae3f636f081,924,16,0,940,960,20,4992,3490,1745,0,0.2693409742120344,0.264756446991404,"{""actual_effective_rate"":0.2693409742120344,""bg"":""bg2"",""bit_mapping"":""component_Gray_00_-3_01_-1_10_3_11_1_over_sqrt5;QPSK_0_plus1_1_minus1"",""code_blocks"":1,""decoder_config"":{""cn_schedule"":""flooding"",""cn_update"":""boxplus-phi"",""early_stop"":false,""hard_out"":true,""harq_mode"":false,""llr_max"":20.0,""num_iter"":20,""precision"":""single"",""prune_pcm"":true,""return_infobits"":true,""vn_update"":""sum""},""implementation"":{""bit_mapping"":""component_Gray_00_-3_01_-1_10_3_11_1_over_sqrt5;QPSK_0_plus1_1_minus1"",""cuda"":""12.8"",""decoder"":{""cn_schedule"":""flooding"",""cn_update"":""boxplus-phi"",""early_stop"":false,""hard_out"":true,""harq_mode"":false,""llr_max"":20.0,""num_iter"":20,""precision"":""single"",""prune_pcm"":true,""return_infobits"":true,""vn_update"":""sum""},""decoder_source_sha256"":""44d84b92b749e2970f94d92cd348a11648e2286b4d851faa0af8b21d08f0da23"",""encoder_source_sha256"":""34d8db6660b2e84708a8fb534f63c194f6f2b964e3693fcffc9dcaf21532ccfd"",""implementation"":""Sionna_5G_LDPC"",""power_protocol"":""fixed_constellation_average_Es2"",""precision"":""float32"",""rate_matching"":""Sionna RV0; filler removal, first2Z and tail puncturing; supported n only"",""scrambling"":""public_PCG64_SHA256_protocol_session_frame_group_counter_after_rate_matching_v1"",""torch"":""2.11.0+cu128"",""version"":""2.2.0""},""interleaver_sha256"":""7b4b84118837ab77d1f04a735a59cd219423fbe49c38e57083ebe372e1b813a0"",""k"":940,""k_filler"":20,""k_ldpc"":960,""layout_id"":""86d4fc4b73859304e1e00f5ed049c2f9761754ee6137e186e7cf0d5213031900"",""modulation_padding_bits"":0,""mother_bits"":4992,""n"":3490,""n_cb"":4800,""n_cb_comp"":4780,""power_protocol"":""fixed_constellation_average_Es2"",""puncturing_bits"":1482,""puncturing_first_2Z"":192,""puncturing_remaining"":1290,""repetition_bits"":0,""scrambling"":""public_PCG64_SHA256_protocol_session_frame_group_counter_after_rate_matching_v1"",""shortening_bits"":20,""z"":96}",[2048]
16QAM,1/2,16QAM:r1/2,fbf5375af5f63abac80ef2672d567f30c9142b28a088c290cab0bf4e13081db8,1644,16,0,1660,1760,100,9152,3320,830,0,0.5,0.4951807228915663,"{""actual_effective_rate"":0.5,""bg"":""bg2"",""bit_mapping"":""component_Gray_00_-3_01_-1_10_3_11_1_over_sqrt5;QPSK_0_plus1_1_minus1"",""code_blocks"":1,""decoder_config"":{""cn_schedule"":""flooding"",""cn_update"":""boxplus-phi"",""early_stop"":false,""hard_out"":true,""harq_mode"":false,""llr_max"":20.0,""num_iter"":20,""precision"":""single"",""prune_pcm"":true,""return_infobits"":true,""vn_update"":""sum""},""implementation"":{""bit_mapping"":""component_Gray_00_-3_01_-1_10_3_11_1_over_sqrt5;QPSK_0_plus1_1_minus1"",""cuda"":""12.8"",""decoder"":{""cn_schedule"":""flooding"",""cn_update"":""boxplus-phi"",""early_stop"":false,""hard_out"":true,""harq_mode"":false,""llr_max"":20.0,""num_iter"":20,""precision"":""single"",""prune_pcm"":true,""return_infobits"":true,""vn_update"":""sum""},""decoder_source_sha256"":""44d84b92b749e2970f94d92cd348a11648e2286b4d851faa0af8b21d08f0da23"",""encoder_source_sha256"":""34d8db6660b2e84708a8fb534f63c194f6f2b964e3693fcffc9dcaf21532ccfd"",""implementation"":""Sionna_5G_LDPC"",""power_protocol"":""fixed_constellation_average_Es2"",""precision"":""float32"",""rate_matching"":""Sionna RV0; filler removal, first2Z and tail puncturing; supported n only"",""scrambling"":""public_PCG64_SHA256_protocol_session_frame_group_counter_after_rate_matching_v1"",""torch"":""2.11.0+cu128"",""version"":""2.2.0""},""interleaver_sha256"":""76065b0f33afe4c10266d5c50cdf7720cc34d98b308ebaff689f00419cc6f2f2"",""k"":1660,""k_filler"":100,""k_ldpc"":1760,""layout_id"":""c6edf6e0396c287b5ec62ec3f3a8d40866b4caf12358d2e848525cb744f0af91"",""modulation_padding_bits"":0,""mother_bits"":9152,""n"":3320,""n_cb"":8800,""n_cb_comp"":8700,""power_protocol"":""fixed_constellation_average_Es2"",""puncturing_bits"":5732,""puncturing_first_2Z"":352,""puncturing_remaining"":5380,""repetition_bits"":0,""scrambling"":""public_PCG64_SHA256_protocol_session_frame_group_counter_after_rate_matching_v1"",""shortening_bits"":100,""z"":176}",[1024]
16QAM,2/3,16QAM:r2/3,fbfd6c34860b28325b913da9daeecc8d89535aa99d19ea8d2ed1c02a9c4e3165,1920,16,0,1936,2080,144,10816,2908,727,0,0.6657496561210454,0.6602475928473177,"{""actual_effective_rate"":0.6657496561210454,""bg"":""bg2"",""bit_mapping"":""component_Gray_00_-3_01_-1_10_3_11_1_over_sqrt5;QPSK_0_plus1_1_minus1"",""code_blocks"":1,""decoder_config"":{""cn_schedule"":""flooding"",""cn_update"":""boxplus-phi"",""early_stop"":false,""hard_out"":true,""harq_mode"":false,""llr_max"":20.0,""num_iter"":20,""precision"":""single"",""prune_pcm"":true,""return_infobits"":true,""vn_update"":""sum""},""implementation"":{""bit_mapping"":""component_Gray_00_-3_01_-1_10_3_11_1_over_sqrt5;QPSK_0_plus1_1_minus1"",""cuda"":""12.8"",""decoder"":{""cn_schedule"":""flooding"",""cn_update"":""boxplus-phi"",""early_stop"":false,""hard_out"":true,""harq_mode"":false,""llr_max"":20.0,""num_iter"":20,""precision"":""single"",""prune_pcm"":true,""return_infobits"":true,""vn_update"":""sum""},""decoder_source_sha256"":""44d84b92b749e2970f94d92cd348a11648e2286b4d851faa0af8b21d08f0da23"",""encoder_source_sha256"":""34d8db6660b2e84708a8fb534f63c194f6f2b964e3693fcffc9dcaf21532ccfd"",""implementation"":""Sionna_5G_LDPC"",""power_protocol"":""fixed_constellation_average_Es2"",""precision"":""float32"",""rate_matching"":""Sionna RV0; filler removal, first2Z and tail puncturing; supported n only"",""scrambling"":""public_PCG64_SHA256_protocol_session_frame_group_counter_after_rate_matching_v1"",""torch"":""2.11.0+cu128"",""version"":""2.2.0""},""interleaver_sha256"":""6d646eab8a66f4f5e73aec48aad8ea05c29d3c2da22afd14bbff57e515e884b7"",""k"":1936,""k_filler"":144,""k_ldpc"":2080,""layout_id"":""8391fba120721690eb4d483756f49b18884263fb4a8a1f5fc6aaa4eac4ae11dc"",""modulation_padding_bits"":0,""mother_bits"":10816,""n"":2908,""n_cb"":10400,""n_cb_comp"":10256,""power_protocol"":""fixed_constellation_average_Es2"",""puncturing_bits"":7764,""puncturing_first_2Z"":416,""puncturing_remaining"":7348,""repetition_bits"":0,""scrambling"":""public_PCG64_SHA256_protocol_session_frame_group_counter_after_rate_matching_v1"",""shortening_bits"":144,""z"":208}",[2048]
QPSK,1/3,QPSK:r1/3,fc2c482f1d217dc6dbecb39b8daa4e13553222707e23832a859e34472340b0a2,360,16,0,376,480,104,2496,1128,564,0,0.3333333333333333,0.3191489361702128,"{""actual_effective_rate"":0.3333333333333333,""bg"":""bg2"",""bit_mapping"":""component_Gray_00_-3_01_-1_10_3_11_1_over_sqrt5;QPSK_0_plus1_1_minus1"",""code_blocks"":1,""decoder_config"":{""cn_schedule"":""flooding"",""cn_update"":""boxplus-phi"",""early_stop"":false,""hard_out"":true,""harq_mode"":false,""llr_max"":20.0,""num_iter"":20,""precision"":""single"",""prune_pcm"":true,""return_infobits"":true,""vn_update"":""sum""},""implementation"":{""bit_mapping"":""component_Gray_00_-3_01_-1_10_3_11_1_over_sqrt5;QPSK_0_plus1_1_minus1"",""cuda"":""12.8"",""decoder"":{""cn_schedule"":""flooding"",""cn_update"":""boxplus-phi"",""early_stop"":false,""hard_out"":true,""harq_mode"":false,""llr_max"":20.0,""num_iter"":20,""precision"":""single"",""prune_pcm"":true,""return_infobits"":true,""vn_update"":""sum""},""decoder_source_sha256"":""44d84b92b749e2970f94d92cd348a11648e2286b4d851faa0af8b21d08f0da23"",""encoder_source_sha256"":""34d8db6660b2e84708a8fb534f63c194f6f2b964e3693fcffc9dcaf21532ccfd"",""implementation"":""Sionna_5G_LDPC"",""power_protocol"":""fixed_constellation_average_Es2"",""precision"":""float32"",""rate_matching"":""Sionna RV0; filler removal, first2Z and tail puncturing; supported n only"",""scrambling"":""public_PCG64_SHA256_protocol_session_frame_group_counter_after_rate_matching_v1"",""torch"":""2.11.0+cu128"",""version"":""2.2.0""},""interleaver_sha256"":""b4b230d2a47338af5a7f75004c762f83d59932105555c9632614221ccf1be60c"",""k"":376,""k_filler"":104,""k_ldpc"":480,""layout_id"":""a8464d8802dc844b4d80778d54b959d982aa56573ffb5a2c9e4ff6f77bf69d54"",""modulation_padding_bits"":0,""mother_bits"":2496,""n"":1128,""n_cb"":2400,""n_cb_comp"":2296,""power_protocol"":""fixed_constellation_average_Es2"",""puncturing_bits"":1264,""puncturing_first_2Z"":96,""puncturing_remaining"":1168,""repetition_bits"":0,""scrambling"":""public_PCG64_SHA256_protocol_session_frame_group_counter_after_rate_matching_v1"",""shortening_bits"":104,""z"":48}","[1024,2048]"
QPSK,2/3,QPSK:r2/3,fc4255a74cdb95c8d6ded10077b0d228b57d67b79874dc7035d4b5898b1a63ac,300,16,0,316,400,84,2080,928,464,0,0.34051724137931033,0.3232758620689655,"{""actual_effective_rate"":0.34051724137931033,""bg"":""bg2"",""bit_mapping"":""component_Gray_00_-3_01_-1_10_3_11_1_over_sqrt5;QPSK_0_plus1_1_minus1"",""code_blocks"":1,""decoder_config"":{""cn_schedule"":""flooding"",""cn_update"":""boxplus-phi"",""early_stop"":false,""hard_out"":true,""harq_mode"":false,""llr_max"":20.0,""num_iter"":20,""precision"":""single"",""prune_pcm"":true,""return_infobits"":true,""vn_update"":""sum""},""implementation"":{""bit_mapping"":""component_Gray_00_-3_01_-1_10_3_11_1_over_sqrt5;QPSK_0_plus1_1_minus1"",""cuda"":""12.8"",""decoder"":{""cn_schedule"":""flooding"",""cn_update"":""boxplus-phi"",""early_stop"":false,""hard_out"":true,""harq_mode"":false,""llr_max"":20.0,""num_iter"":20,""precision"":""single"",""prune_pcm"":true,""return_infobits"":true,""vn_update"":""sum""},""decoder_source_sha256"":""44d84b92b749e2970f94d92cd348a11648e2286b4d851faa0af8b21d08f0da23"",""encoder_source_sha256"":""34d8db6660b2e84708a8fb534f63c194f6f2b964e3693fcffc9dcaf21532ccfd"",""implementation"":""Sionna_5G_LDPC"",""power_protocol"":""fixed_constellation_average_Es2"",""precision"":""float32"",""rate_matching"":""Sionna RV0; filler removal, first2Z and tail puncturing; supported n only"",""scrambling"":""public_PCG64_SHA256_protocol_session_frame_group_counter_after_rate_matching_v1"",""torch"":""2.11.0+cu128"",""version"":""2.2.0""},""interleaver_sha256"":""f66f031e695fcf573d7edba5df67ec24ff7150d3e329d93294a45b6d1ea6c5ba"",""k"":316,""k_filler"":84,""k_ldpc"":400,""layout_id"":""89ca29e0cc8789071ff8a7a406132427ef0ce77affb590a6ea9792abccd0a6d2"",""modulation_padding_bits"":0,""mother_bits"":2080,""n"":928,""n_cb"":2000,""n_cb_comp"":1916,""power_protocol"":""fixed_constellation_average_Es2"",""puncturing_bits"":1068,""puncturing_first_2Z"":80,""puncturing_remaining"":988,""repetition_bits"":0,""scrambling"":""public_PCG64_SHA256_protocol_session_frame_group_counter_after_rate_matching_v1"",""shortening_bits"":84,""z"":40}",[1024]
16QAM,1/3,16QAM:r1/3,fc4940e9f9f5696b7302f6ff5f46b1e45607f0c29175c86b461c55e195a59be2,360,16,0,376,480,104,2496,1292,323,0,0.29102167182662536,0.2786377708978328,"{""actual_effective_rate"":0.29102167182662536,""bg"":""bg2"",""bit_mapping"":""component_Gray_00_-3_01_-1_10_3_11_1_over_sqrt5;QPSK_0_plus1_1_minus1"",""code_blocks"":1,""decoder_config"":{""cn_schedule"":""flooding"",""cn_update"":""boxplus-phi"",""early_stop"":false,""hard_out"":true,""harq_mode"":false,""llr_max"":20.0,""num_iter"":20,""precision"":""single"",""prune_pcm"":true,""return_infobits"":true,""vn_update"":""sum""},""implementation"":{""bit_mapping"":""component_Gray_00_-3_01_-1_10_3_11_1_over_sqrt5;QPSK_0_plus1_1_minus1"",""cuda"":""12.8"",""decoder"":{""cn_schedule"":""flooding"",""cn_update"":""boxplus-phi"",""early_stop"":false,""hard_out"":true,""harq_mode"":false,""llr_max"":20.0,""num_iter"":20,""precision"":""single"",""prune_pcm"":true,""return_infobits"":true,""vn_update"":""sum""},""decoder_source_sha256"":""44d84b92b749e2970f94d92cd348a11648e2286b4d851faa0af8b21d08f0da23"",""encoder_source_sha256"":""34d8db6660b2e84708a8fb534f63c194f6f2b964e3693fcffc9dcaf21532ccfd"",""implementation"":""Sionna_5G_LDPC"",""power_protocol"":""fixed_constellation_average_Es2"",""precision"":""float32"",""rate_matching"":""Sionna RV0; filler removal, first2Z and tail puncturing; supported n only"",""scrambling"":""public_PCG64_SHA256_protocol_session_frame_group_counter_after_rate_matching_v1"",""torch"":""2.11.0+cu128"",""version"":""2.2.0""},""interleaver_sha256"":""6804dbbc958bfdef52cfcc84d2804adeefd978395769bf4d15c2ab59c0ccc830"",""k"":376,""k_filler"":104,""k_ldpc"":480,""layout_id"":""08f7decbf43232712bc433284385e18b555f1c2ffccad90c6d75ac3b67d097b4"",""modulation_padding_bits"":0,""mother_bits"":2496,""n"":1292,""n_cb"":2400,""n_cb_comp"":2296,""power_protocol"":""fixed_constellation_average_Es2"",""puncturing_bits"":1100,""puncturing_first_2Z"":96,""puncturing_remaining"":1004,""repetition_bits"":0,""scrambling"":""public_PCG64_SHA256_protocol_session_frame_group_counter_after_rate_matching_v1"",""shortening_bits"":104,""z"":48}",[2048]
QPSK,3/4,QPSK:r3/4,fc4acdf0e67ac414128e84380dfee33704220b071d0213b8b1788d2f8ee94ab0,816,16,0,832,880,48,4576,2898,1449,0,0.28709454796411316,0.2815734989648033,"{""actual_effective_rate"":0.28709454796411316,""bg"":""bg2"",""bit_mapping"":""component_Gray_00_-3_01_-1_10_3_11_1_over_sqrt5;QPSK_0_plus1_1_minus1"",""code_blocks"":1,""decoder_config"":{""cn_schedule"":""flooding"",""cn_update"":""boxplus-phi"",""early_stop"":false,""hard_out"":true,""harq_mode"":false,""llr_max"":20.0,""num_iter"":20,""precision"":""single"",""prune_pcm"":true,""return_infobits"":true,""vn_update"":""sum""},""implementation"":{""bit_mapping"":""component_Gray_00_-3_01_-1_10_3_11_1_over_sqrt5;QPSK_0_plus1_1_minus1"",""cuda"":""12.8"",""decoder"":{""cn_schedule"":""flooding"",""cn_update"":""boxplus-phi"",""early_stop"":false,""hard_out"":true,""harq_mode"":false,""llr_max"":20.0,""num_iter"":20,""precision"":""single"",""prune_pcm"":true,""return_infobits"":true,""vn_update"":""sum""},""decoder_source_sha256"":""44d84b92b749e2970f94d92cd348a11648e2286b4d851faa0af8b21d08f0da23"",""encoder_source_sha256"":""34d8db6660b2e84708a8fb534f63c194f6f2b964e3693fcffc9dcaf21532ccfd"",""implementation"":""Sionna_5G_LDPC"",""power_protocol"":""fixed_constellation_average_Es2"",""precision"":""float32"",""rate_matching"":""Sionna RV0; filler removal, first2Z and tail puncturing; supported n only"",""scrambling"":""public_PCG64_SHA256_protocol_session_frame_group_counter_after_rate_matching_v1"",""torch"":""2.11.0+cu128"",""version"":""2.2.0""},""interleaver_sha256"":""27884e268166338d68d448750895f55512e581501a60287ca4bcdc5c70671c4e"",""k"":832,""k_filler"":48,""k_ldpc"":880,""layout_id"":""28eff3865f9f82934e57122b4145c8bc4402476972349ebb3a18029cdba53455"",""modulation_padding_bits"":0,""mother_bits"":4576,""n"":2898,""n_cb"":4400,""n_cb_comp"":4352,""power_protocol"":""fixed_constellation_average_Es2"",""puncturing_bits"":1630,""puncturing_first_2Z"":176,""puncturing_remaining"":1454,""repetition_bits"":0,""scrambling"":""public_PCG64_SHA256_protocol_session_frame_group_counter_after_rate_matching_v1"",""shortening_bits"":48,""z"":88}",[2048]
16QAM,5/6,16QAM:r5/6,fc4f9a705fffa512346dc29d25d19259704e8abde000caa6e04525729629c3e2,1860,16,0,1876,1936,60,5984,2320,580,0,0.8086206896551724,0.8017241379310345,"{""actual_effective_rate"":0.8086206896551724,""bg"":""bg1"",""bit_mapping"":""component_Gray_00_-3_01_-1_10_3_11_1_over_sqrt5;QPSK_0_plus1_1_minus1"",""code_blocks"":1,""decoder_config"":{""cn_schedule"":""flooding"",""cn_update"":""boxplus-phi"",""early_stop"":false,""hard_out"":true,""harq_mode"":false,""llr_max"":20.0,""num_iter"":20,""precision"":""single"",""prune_pcm"":true,""return_infobits"":true,""vn_update"":""sum""},""implementation"":{""bit_mapping"":""component_Gray_00_-3_01_-1_10_3_11_1_over_sqrt5;QPSK_0_plus1_1_minus1"",""cuda"":""12.8"",""decoder"":{""cn_schedule"":""flooding"",""cn_update"":""boxplus-phi"",""early_stop"":false,""hard_out"":true,""harq_mode"":false,""llr_max"":20.0,""num_iter"":20,""precision"":""single"",""prune_pcm"":true,""return_infobits"":true,""vn_update"":""sum""},""decoder_source_sha256"":""44d84b92b749e2970f94d92cd348a11648e2286b4d851faa0af8b21d08f0da23"",""encoder_source_sha256"":""34d8db6660b2e84708a8fb534f63c194f6f2b964e3693fcffc9dcaf21532ccfd"",""implementation"":""Sionna_5G_LDPC"",""power_protocol"":""fixed_constellation_average_Es2"",""precision"":""float32"",""rate_matching"":""Sionna RV0; filler removal, first2Z and tail puncturing; supported n only"",""scrambling"":""public_PCG64_SHA256_protocol_session_frame_group_counter_after_rate_matching_v1"",""torch"":""2.11.0+cu128"",""version"":""2.2.0""},""interleaver_sha256"":""15c9bad49af997653cb374c82809966eb818ef7e4077853cd7955aa507ddb1f6"",""k"":1876,""k_filler"":60,""k_ldpc"":1936,""layout_id"":""ccf3790c00d61fdef4887565a8f476e6313022d853b8a6a13d100c05eeb88c69"",""modulation_padding_bits"":0,""mother_bits"":5984,""n"":2320,""n_cb"":5808,""n_cb_comp"":5748,""power_protocol"":""fixed_constellation_average_Es2"",""puncturing_bits"":3604,""puncturing_first_2Z"":176,""puncturing_remaining"":3428,""repetition_bits"":0,""scrambling"":""public_PCG64_SHA256_protocol_session_frame_group_counter_after_rate_matching_v1"",""shortening_bits"":60,""z"":88}",[1024]
16QAM,5/6,16QAM:r5/6,fc4fb6a2bf7361498a8791f7b090d72233c2b5a57e415dfac550e2005706b544,1860,16,0,1876,1936,60,5984,2664,666,0,0.7042042042042042,0.6981981981981982,"{""actual_effective_rate"":0.7042042042042042,""bg"":""bg1"",""bit_mapping"":""component_Gray_00_-3_01_-1_10_3_11_1_over_sqrt5;QPSK_0_plus1_1_minus1"",""code_blocks"":1,""decoder_config"":{""cn_schedule"":""flooding"",""cn_update"":""boxplus-phi"",""early_stop"":false,""hard_out"":true,""harq_mode"":false,""llr_max"":20.0,""num_iter"":20,""precision"":""single"",""prune_pcm"":true,""return_infobits"":true,""vn_update"":""sum""},""implementation"":{""bit_mapping"":""component_Gray_00_-3_01_-1_10_3_11_1_over_sqrt5;QPSK_0_plus1_1_minus1"",""cuda"":""12.8"",""decoder"":{""cn_schedule"":""flooding"",""cn_update"":""boxplus-phi"",""early_stop"":false,""hard_out"":true,""harq_mode"":false,""llr_max"":20.0,""num_iter"":20,""precision"":""single"",""prune_pcm"":true,""return_infobits"":true,""vn_update"":""sum""},""decoder_source_sha256"":""44d84b92b749e2970f94d92cd348a11648e2286b4d851faa0af8b21d08f0da23"",""encoder_source_sha256"":""34d8db6660b2e84708a8fb534f63c194f6f2b964e3693fcffc9dcaf21532ccfd"",""implementation"":""Sionna_5G_LDPC"",""power_protocol"":""fixed_constellation_average_Es2"",""precision"":""float32"",""rate_matching"":""Sionna RV0; filler removal, first2Z and tail puncturing; supported n only"",""scrambling"":""public_PCG64_SHA256_protocol_session_frame_group_counter_after_rate_matching_v1"",""torch"":""2.11.0+cu128"",""version"":""2.2.0""},""interleaver_sha256"":""4d5a61ab2dd9d770fa5c3a382aa4a9952cfce1ee249a78618fe3dc2191f0eac3"",""k"":1876,""k_filler"":60,""k_ldpc"":1936,""layout_id"":""28eb51a51403d7266ed90efe0e3bd5cdc130d6ec9808b02abfd88ea5baea4ae0"",""modulation_padding_bits"":0,""mother_bits"":5984,""n"":2664,""n_cb"":5808,""n_cb_comp"":5748,""power_protocol"":""fixed_constellation_average_Es2"",""puncturing_bits"":3260,""puncturing_first_2Z"":176,""puncturing_remaining"":3084,""repetition_bits"":0,""scrambling"":""public_PCG64_SHA256_protocol_session_frame_group_counter_after_rate_matching_v1"",""shortening_bits"":60,""z"":88}",[2048]
16QAM,2/3,16QAM:r2/3,fc528ed9709d4856a2dbb0ee582b8305632a80c54a7a56d658329ef4409f58cf,4212,16,0,4228,4576,348,14144,6724,1681,0,0.6287923854848304,0.6264128494943486,"{""actual_effective_rate"":0.6287923854848304,""bg"":""bg1"",""bit_mapping"":""component_Gray_00_-3_01_-1_10_3_11_1_over_sqrt5;QPSK_0_plus1_1_minus1"",""code_blocks"":1,""decoder_config"":{""cn_schedule"":""flooding"",""cn_update"":""boxplus-phi"",""early_stop"":false,""hard_out"":true,""harq_mode"":false,""llr_max"":20.0,""num_iter"":20,""precision"":""single"",""prune_pcm"":true,""return_infobits"":true,""vn_update"":""sum""},""implementation"":{""bit_mapping"":""component_Gray_00_-3_01_-1_10_3_11_1_over_sqrt5;QPSK_0_plus1_1_minus1"",""cuda"":""12.8"",""decoder"":{""cn_schedule"":""flooding"",""cn_update"":""boxplus-phi"",""early_stop"":false,""hard_out"":true,""harq_mode"":false,""llr_max"":20.0,""num_iter"":20,""precision"":""single"",""prune_pcm"":true,""return_infobits"":true,""vn_update"":""sum""},""decoder_source_sha256"":""44d84b92b749e2970f94d92cd348a11648e2286b4d851faa0af8b21d08f0da23"",""encoder_source_sha256"":""34d8db6660b2e84708a8fb534f63c194f6f2b964e3693fcffc9dcaf21532ccfd"",""implementation"":""Sionna_5G_LDPC"",""power_protocol"":""fixed_constellation_average_Es2"",""precision"":""float32"",""rate_matching"":""Sionna RV0; filler removal, first2Z and tail puncturing; supported n only"",""scrambling"":""public_PCG64_SHA256_protocol_session_frame_group_counter_after_rate_matching_v1"",""torch"":""2.11.0+cu128"",""version"":""2.2.0""},""interleaver_sha256"":""9b344073e365a5e13b397465cc233d63bfe5b24c2eacac54219cb1b5579d1a9a"",""k"":4228,""k_filler"":348,""k_ldpc"":4576,""layout_id"":""6691dc637c0cff413232af22b992f06e9f18ab67eb3dbec4a1218cfeecd4ff17"",""modulation_padding_bits"":0,""mother_bits"":14144,""n"":6724,""n_cb"":13728,""n_cb_comp"":13380,""power_protocol"":""fixed_constellation_average_Es2"",""puncturing_bits"":7072,""puncturing_first_2Z"":416,""puncturing_remaining"":6656,""repetition_bits"":0,""scrambling"":""public_PCG64_SHA256_protocol_session_frame_group_counter_after_rate_matching_v1"",""shortening_bits"":348,""z"":208}",[2048]
16QAM,2/3,16QAM:r2/3,fc6cda25a0426c6272db031dbe1374abb84135996abd37bdae33c3c6ca8d83c1,1308,16,0,1324,1440,116,7488,1988,497,0,0.6659959758551308,0.6579476861167002,"{""actual_effective_rate"":0.6659959758551308,""bg"":""bg2"",""bit_mapping"":""component_Gray_00_-3_01_-1_10_3_11_1_over_sqrt5;QPSK_0_plus1_1_minus1"",""code_blocks"":1,""decoder_config"":{""cn_schedule"":""flooding"",""cn_update"":""boxplus-phi"",""early_stop"":false,""hard_out"":true,""harq_mode"":false,""llr_max"":20.0,""num_iter"":20,""precision"":""single"",""prune_pcm"":true,""return_infobits"":true,""vn_update"":""sum""},""implementation"":{""bit_mapping"":""component_Gray_00_-3_01_-1_10_3_11_1_over_sqrt5;QPSK_0_plus1_1_minus1"",""cuda"":""12.8"",""decoder"":{""cn_schedule"":""flooding"",""cn_update"":""boxplus-phi"",""early_stop"":false,""hard_out"":true,""harq_mode"":false,""llr_max"":20.0,""num_iter"":20,""precision"":""single"",""prune_pcm"":true,""return_infobits"":true,""vn_update"":""sum""},""decoder_source_sha256"":""44d84b92b749e2970f94d92cd348a11648e2286b4d851faa0af8b21d08f0da23"",""encoder_source_sha256"":""34d8db6660b2e84708a8fb534f63c194f6f2b964e3693fcffc9dcaf21532ccfd"",""implementation"":""Sionna_5G_LDPC"",""power_protocol"":""fixed_constellation_average_Es2"",""precision"":""float32"",""rate_matching"":""Sionna RV0; filler removal, first2Z and tail puncturing; supported n only"",""scrambling"":""public_PCG64_SHA256_protocol_session_frame_group_counter_after_rate_matching_v1"",""torch"":""2.11.0+cu128"",""version"":""2.2.0""},""interleaver_sha256"":""d77125449bd8169b253934fa6d8c7b41420627d041904b1d59e31ae0d32317c1"",""k"":1324,""k_filler"":116,""k_ldpc"":1440,""layout_id"":""194c8dc1d32aff2850856feb2ff5b63f9f50a365ef131d41663600e3af611a2e"",""modulation_padding_bits"":0,""mother_bits"":7488,""n"":1988,""n_cb"":7200,""n_cb_comp"":7084,""power_protocol"":""fixed_constellation_average_Es2"",""puncturing_bits"":5384,""puncturing_first_2Z"":288,""puncturing_remaining"":5096,""repetition_bits"":0,""scrambling"":""public_PCG64_SHA256_protocol_session_frame_group_counter_after_rate_matching_v1"",""shortening_bits"":116,""z"":144}","[1024,2048]"
16QAM,2/3,16QAM:r2/3,fc7c4edf8ca7efcd2585a88f1524162965268d3c7c56ef1e0195c73c57191f9e,360,16,0,376,480,104,2496,956,239,0,0.39330543933054396,0.37656903765690375,"{""actual_effective_rate"":0.39330543933054396,""bg"":""bg2"",""bit_mapping"":""component_Gray_00_-3_01_-1_10_3_11_1_over_sqrt5;QPSK_0_plus1_1_minus1"",""code_blocks"":1,""decoder_config"":{""cn_schedule"":""flooding"",""cn_update"":""boxplus-phi"",""early_stop"":false,""hard_out"":true,""harq_mode"":false,""llr_max"":20.0,""num_iter"":20,""precision"":""single"",""prune_pcm"":true,""return_infobits"":true,""vn_update"":""sum""},""implementation"":{""bit_mapping"":""component_Gray_00_-3_01_-1_10_3_11_1_over_sqrt5;QPSK_0_plus1_1_minus1"",""cuda"":""12.8"",""decoder"":{""cn_schedule"":""flooding"",""cn_update"":""boxplus-phi"",""early_stop"":false,""hard_out"":true,""harq_mode"":false,""llr_max"":20.0,""num_iter"":20,""precision"":""single"",""prune_pcm"":true,""return_infobits"":true,""vn_update"":""sum""},""decoder_source_sha256"":""44d84b92b749e2970f94d92cd348a11648e2286b4d851faa0af8b21d08f0da23"",""encoder_source_sha256"":""34d8db6660b2e84708a8fb534f63c194f6f2b964e3693fcffc9dcaf21532ccfd"",""implementation"":""Sionna_5G_LDPC"",""power_protocol"":""fixed_constellation_average_Es2"",""precision"":""float32"",""rate_matching"":""Sionna RV0; filler removal, first2Z and tail puncturing; supported n only"",""scrambling"":""public_PCG64_SHA256_protocol_session_frame_group_counter_after_rate_matching_v1"",""torch"":""2.11.0+cu128"",""version"":""2.2.0""},""interleaver_sha256"":""c0228ec4c76247fd13cd8a4899e0b4bf353f3356332df4102ffef003e47f81cf"",""k"":376,""k_filler"":104,""k_ldpc"":480,""layout_id"":""15c3bf96b0a0647e246e96ddb293b28d445dde287a02d40abad71c23bd036a9c"",""modulation_padding_bits"":0,""mother_bits"":2496,""n"":956,""n_cb"":2400,""n_cb_comp"":2296,""power_protocol"":""fixed_constellation_average_Es2"",""puncturing_bits"":1436,""puncturing_first_2Z"":96,""puncturing_remaining"":1340,""repetition_bits"":0,""scrambling"":""public_PCG64_SHA256_protocol_session_frame_group_counter_after_rate_matching_v1"",""shortening_bits"":104,""z"":48}",[1024]
16QAM,1/3,16QAM:r1/3,fc8c37b205d73fc97b7ab8a994b71998536e9cee992da0edc3c275ee68bb58fa,660,16,0,676,720,44,3744,2848,712,0,0.23735955056179775,0.23174157303370788,"{""actual_effective_rate"":0.23735955056179775,""bg"":""bg2"",""bit_mapping"":""component_Gray_00_-3_01_-1_10_3_11_1_over_sqrt5;QPSK_0_plus1_1_minus1"",""code_blocks"":1,""decoder_config"":{""cn_schedule"":""flooding"",""cn_update"":""boxplus-phi"",""early_stop"":false,""hard_out"":true,""harq_mode"":false,""llr_max"":20.0,""num_iter"":20,""precision"":""single"",""prune_pcm"":true,""return_infobits"":true,""vn_update"":""sum""},""implementation"":{""bit_mapping"":""component_Gray_00_-3_01_-1_10_3_11_1_over_sqrt5;QPSK_0_plus1_1_minus1"",""cuda"":""12.8"",""decoder"":{""cn_schedule"":""flooding"",""cn_update"":""boxplus-phi"",""early_stop"":false,""hard_out"":true,""harq_mode"":false,""llr_max"":20.0,""num_iter"":20,""precision"":""single"",""prune_pcm"":true,""return_infobits"":true,""vn_update"":""sum""},""decoder_source_sha256"":""44d84b92b749e2970f94d92cd348a11648e2286b4d851faa0af8b21d08f0da23"",""encoder_source_sha256"":""34d8db6660b2e84708a8fb534f63c194f6f2b964e3693fcffc9dcaf21532ccfd"",""implementation"":""Sionna_5G_LDPC"",""power_protocol"":""fixed_constellation_average_Es2"",""precision"":""float32"",""rate_matching"":""Sionna RV0; filler removal, first2Z and tail puncturing; supported n only"",""scrambling"":""public_PCG64_SHA256_protocol_session_frame_group_counter_after_rate_matching_v1"",""torch"":""2.11.0+cu128"",""version"":""2.2.0""},""interleaver_sha256"":""48b81415b5efbfe56ee05888a3639cd89ed0898380d783e08506cb8dd816cc92"",""k"":676,""k_filler"":44,""k_ldpc"":720,""layout_id"":""e1716dc204ea41f90dff6dbb7789089efb24c5bb3cdc90afc7c70c9af396d368"",""modulation_padding_bits"":0,""mother_bits"":3744,""n"":2848,""n_cb"":3600,""n_cb_comp"":3556,""power_protocol"":""fixed_constellation_average_Es2"",""puncturing_bits"":852,""puncturing_first_2Z"":144,""puncturing_remaining"":708,""repetition_bits"":0,""scrambling"":""public_PCG64_SHA256_protocol_session_frame_group_counter_after_rate_matching_v1"",""shortening_bits"":44,""z"":72}",[1024]
16QAM,5/6,16QAM:r5/6,fc91764aa02b5ccfa8f699e1a65bc69071982421c6fdc6a535d7ce1f6a718030,1092,16,0,1108,1120,12,5824,4168,1042,0,0.2658349328214971,0.2619961612284069,"{""actual_effective_rate"":0.2658349328214971,""bg"":""bg2"",""bit_mapping"":""component_Gray_00_-3_01_-1_10_3_11_1_over_sqrt5;QPSK_0_plus1_1_minus1"",""code_blocks"":1,""decoder_config"":{""cn_schedule"":""flooding"",""cn_update"":""boxplus-phi"",""early_stop"":false,""hard_out"":true,""harq_mode"":false,""llr_max"":20.0,""num_iter"":20,""precision"":""single"",""prune_pcm"":true,""return_infobits"":true,""vn_update"":""sum""},""implementation"":{""bit_mapping"":""component_Gray_00_-3_01_-1_10_3_11_1_over_sqrt5;QPSK_0_plus1_1_minus1"",""cuda"":""12.8"",""decoder"":{""cn_schedule"":""flooding"",""cn_update"":""boxplus-phi"",""early_stop"":false,""hard_out"":true,""harq_mode"":false,""llr_max"":20.0,""num_iter"":20,""precision"":""single"",""prune_pcm"":true,""return_infobits"":true,""vn_update"":""sum""},""decoder_source_sha256"":""44d84b92b749e2970f94d92cd348a11648e2286b4d851faa0af8b21d08f0da23"",""encoder_source_sha256"":""34d8db6660b2e84708a8fb534f63c194f6f2b964e3693fcffc9dcaf21532ccfd"",""implementation"":""Sionna_5G_LDPC"",""power_protocol"":""fixed_constellation_average_Es2"",""precision"":""float32"",""rate_matching"":""Sionna RV0; filler removal, first2Z and tail puncturing; supported n only"",""scrambling"":""public_PCG64_SHA256_protocol_session_frame_group_counter_after_rate_matching_v1"",""torch"":""2.11.0+cu128"",""version"":""2.2.0""},""interleaver_sha256"":""fbe4645e11315c32d7c45ff445aa235dbc7df5f89462c6cd38a0d04339b7c1d3"",""k"":1108,""k_filler"":12,""k_ldpc"":1120,""layout_id"":""428f6cc4778bd039e5b76b7b7a8a7889a2ab9b633d13a73146fdaa220b73988a"",""modulation_padding_bits"":0,""mother_bits"":5824,""n"":4168,""n_cb"":5600,""n_cb_comp"":5588,""power_protocol"":""fixed_constellation_average_Es2"",""puncturing_bits"":1644,""puncturing_first_2Z"":224,""puncturing_remaining"":1420,""repetition_bits"":0,""scrambling"":""public_PCG64_SHA256_protocol_session_frame_group_counter_after_rate_matching_v1"",""shortening_bits"":12,""z"":112}",[2048]
QPSK,1/3,QPSK:r1/3,fca15b81abd5421165cdb5cebdbc0e1c55b123ed49b0379c9b108f41413457d0,192,16,0,208,260,52,1352,688,344,0,0.3023255813953488,0.27906976744186046,"{""actual_effective_rate"":0.3023255813953488,""bg"":""bg2"",""bit_mapping"":""component_Gray_00_-3_01_-1_10_3_11_1_over_sqrt5;QPSK_0_plus1_1_minus1"",""code_blocks"":1,""decoder_config"":{""cn_schedule"":""flooding"",""cn_update"":""boxplus-phi"",""early_stop"":false,""hard_out"":true,""harq_mode"":false,""llr_max"":20.0,""num_iter"":20,""precision"":""single"",""prune_pcm"":true,""return_infobits"":true,""vn_update"":""sum""},""implementation"":{""bit_mapping"":""component_Gray_00_-3_01_-1_10_3_11_1_over_sqrt5;QPSK_0_plus1_1_minus1"",""cuda"":""12.8"",""decoder"":{""cn_schedule"":""flooding"",""cn_update"":""boxplus-phi"",""early_stop"":false,""hard_out"":true,""harq_mode"":false,""llr_max"":20.0,""num_iter"":20,""precision"":""single"",""prune_pcm"":true,""return_infobits"":true,""vn_update"":""sum""},""decoder_source_sha256"":""44d84b92b749e2970f94d92cd348a11648e2286b4d851faa0af8b21d08f0da23"",""encoder_source_sha256"":""34d8db6660b2e84708a8fb534f63c194f6f2b964e3693fcffc9dcaf21532ccfd"",""implementation"":""Sionna_5G_LDPC"",""power_protocol"":""fixed_constellation_average_Es2"",""precision"":""float32"",""rate_matching"":""Sionna RV0; filler removal, first2Z and tail puncturing; supported n only"",""scrambling"":""public_PCG64_SHA256_protocol_session_frame_group_counter_after_rate_matching_v1"",""torch"":""2.11.0+cu128"",""version"":""2.2.0""},""interleaver_sha256"":""b7cfac395510daf88cb9b886b7a753c825bae6c312aaaba31e33c3eb7d88d514"",""k"":208,""k_filler"":52,""k_ldpc"":260,""layout_id"":""ed2b006c447088c3af3ef5aac9ec62460022f949c4725ac0af8452a501537b69"",""modulation_padding_bits"":0,""mother_bits"":1352,""n"":688,""n_cb"":1300,""n_cb_comp"":1248,""power_protocol"":""fixed_constellation_average_Es2"",""puncturing_bits"":612,""puncturing_first_2Z"":52,""puncturing_remaining"":560,""repetition_bits"":0,""scrambling"":""public_PCG64_SHA256_protocol_session_frame_group_counter_after_rate_matching_v1"",""shortening_bits"":52,""z"":26}",[1024]
QPSK,1/2,QPSK:r1/2,fca47359e22c8c330cdb9e7a843db42af0b64af53648e1bcbc7273df964d9d8c,1308,16,0,1324,1440,116,7488,3382,1691,0,0.3914843287995269,0.38675340035481964,"{""actual_effective_rate"":0.3914843287995269,""bg"":""bg2"",""bit_mapping"":""component_Gray_00_-3_01_-1_10_3_11_1_over_sqrt5;QPSK_0_plus1_1_minus1"",""code_blocks"":1,""decoder_config"":{""cn_schedule"":""flooding"",""cn_update"":""boxplus-phi"",""early_stop"":false,""hard_out"":true,""harq_mode"":false,""llr_max"":20.0,""num_iter"":20,""precision"":""single"",""prune_pcm"":true,""return_infobits"":true,""vn_update"":""sum""},""implementation"":{""bit_mapping"":""component_Gray_00_-3_01_-1_10_3_11_1_over_sqrt5;QPSK_0_plus1_1_minus1"",""cuda"":""12.8"",""decoder"":{""cn_schedule"":""flooding"",""cn_update"":""boxplus-phi"",""early_stop"":false,""hard_out"":true,""harq_mode"":false,""llr_max"":20.0,""num_iter"":20,""precision"":""single"",""prune_pcm"":true,""return_infobits"":true,""vn_update"":""sum""},""decoder_source_sha256"":""44d84b92b749e2970f94d92cd348a11648e2286b4d851faa0af8b21d08f0da23"",""encoder_source_sha256"":""34d8db6660b2e84708a8fb534f63c194f6f2b964e3693fcffc9dcaf21532ccfd"",""implementation"":""Sionna_5G_LDPC"",""power_protocol"":""fixed_constellation_average_Es2"",""precision"":""float32"",""rate_matching"":""Sionna RV0; filler removal, first2Z and tail puncturing; supported n only"",""scrambling"":""public_PCG64_SHA256_protocol_session_frame_group_counter_after_rate_matching_v1"",""torch"":""2.11.0+cu128"",""version"":""2.2.0""},""interleaver_sha256"":""239cb4a86d160a1b726f715d7ac522ec3122cf820f07fca414aefcf47ba4ac3c"",""k"":1324,""k_filler"":116,""k_ldpc"":1440,""layout_id"":""ebca4e20db3260a5c238b1b86ce28f33a3eeb02810605677956544d24f76a08a"",""modulation_padding_bits"":0,""mother_bits"":7488,""n"":3382,""n_cb"":7200,""n_cb_comp"":7084,""power_protocol"":""fixed_constellation_average_Es2"",""puncturing_bits"":3990,""puncturing_first_2Z"":288,""puncturing_remaining"":3702,""repetition_bits"":0,""scrambling"":""public_PCG64_SHA256_protocol_session_frame_group_counter_after_rate_matching_v1"",""shortening_bits"":116,""z"":144}",[2048]
QPSK,5/6,QPSK:r5/6,fca97f944dbbf7119fb4760ca6dd65b0426bffd05f4307c082ef2f267f2db3f6,732,16,0,748,800,52,4160,1454,727,0,0.5144429160935351,0.5034387895460798,"{""actual_effective_rate"":0.5144429160935351,""bg"":""bg2"",""bit_mapping"":""component_Gray_00_-3_01_-1_10_3_11_1_over_sqrt5;QPSK_0_plus1_1_minus1"",""code_blocks"":1,""decoder_config"":{""cn_schedule"":""flooding"",""cn_update"":""boxplus-phi"",""early_stop"":false,""hard_out"":true,""harq_mode"":false,""llr_max"":20.0,""num_iter"":20,""precision"":""single"",""prune_pcm"":true,""return_infobits"":true,""vn_update"":""sum""},""implementation"":{""bit_mapping"":""component_Gray_00_-3_01_-1_10_3_11_1_over_sqrt5;QPSK_0_plus1_1_minus1"",""cuda"":""12.8"",""decoder"":{""cn_schedule"":""flooding"",""cn_update"":""boxplus-phi"",""early_stop"":false,""hard_out"":true,""harq_mode"":false,""llr_max"":20.0,""num_iter"":20,""precision"":""single"",""prune_pcm"":true,""return_infobits"":true,""vn_update"":""sum""},""decoder_source_sha256"":""44d84b92b749e2970f94d92cd348a11648e2286b4d851faa0af8b21d08f0da23"",""encoder_source_sha256"":""34d8db6660b2e84708a8fb534f63c194f6f2b964e3693fcffc9dcaf21532ccfd"",""implementation"":""Sionna_5G_LDPC"",""power_protocol"":""fixed_constellation_average_Es2"",""precision"":""float32"",""rate_matching"":""Sionna RV0; filler removal, first2Z and tail puncturing; supported n only"",""scrambling"":""public_PCG64_SHA256_protocol_session_frame_group_counter_after_rate_matching_v1"",""torch"":""2.11.0+cu128"",""version"":""2.2.0""},""interleaver_sha256"":""f7860737283de96174475822b739df7f8cf6ba6f6e4b224ee8cf2e6e1dafb2db"",""k"":748,""k_filler"":52,""k_ldpc"":800,""layout_id"":""20a45d4566c7298ef78cc231d985d6361a7e00d61fe20c46036eadf9af3d9059"",""modulation_padding_bits"":0,""mother_bits"":4160,""n"":1454,""n_cb"":4000,""n_cb_comp"":3948,""power_protocol"":""fixed_constellation_average_Es2"",""puncturing_bits"":2654,""puncturing_first_2Z"":160,""puncturing_remaining"":2494,""repetition_bits"":0,""scrambling"":""public_PCG64_SHA256_protocol_session_frame_group_counter_after_rate_matching_v1"",""shortening_bits"":52,""z"":80}",[1024]
16QAM,5/6,16QAM:r5/6,fcc213bf0235dfd8d20fda3682c4a4b2b1eef830c61725581ad296f23be1bd0b,1200,16,0,1216,1232,16,3808,1808,452,0,0.672566371681416,0.6637168141592921,"{""actual_effective_rate"":0.672566371681416,""bg"":""bg1"",""bit_mapping"":""component_Gray_00_-3_01_-1_10_3_11_1_over_sqrt5;QPSK_0_plus1_1_minus1"",""code_blocks"":1,""decoder_config"":{""cn_schedule"":""flooding"",""cn_update"":""boxplus-phi"",""early_stop"":false,""hard_out"":true,""harq_mode"":false,""llr_max"":20.0,""num_iter"":20,""precision"":""single"",""prune_pcm"":true,""return_infobits"":true,""vn_update"":""sum""},""implementation"":{""bit_mapping"":""component_Gray_00_-3_01_-1_10_3_11_1_over_sqrt5;QPSK_0_plus1_1_minus1"",""cuda"":""12.8"",""decoder"":{""cn_schedule"":""flooding"",""cn_update"":""boxplus-phi"",""early_stop"":false,""hard_out"":true,""harq_mode"":false,""llr_max"":20.0,""num_iter"":20,""precision"":""single"",""prune_pcm"":true,""return_infobits"":true,""vn_update"":""sum""},""decoder_source_sha256"":""44d84b92b749e2970f94d92cd348a11648e2286b4d851faa0af8b21d08f0da23"",""encoder_source_sha256"":""34d8db6660b2e84708a8fb534f63c194f6f2b964e3693fcffc9dcaf21532ccfd"",""implementation"":""Sionna_5G_LDPC"",""power_protocol"":""fixed_constellation_average_Es2"",""precision"":""float32"",""rate_matching"":""Sionna RV0; filler removal, first2Z and tail puncturing; supported n only"",""scrambling"":""public_PCG64_SHA256_protocol_session_frame_group_counter_after_rate_matching_v1"",""torch"":""2.11.0+cu128"",""version"":""2.2.0""},""interleaver_sha256"":""b77874105cf70f62634d2785f2ed330d9dc92cdfb4f9b01bcc8f559fd7223786"",""k"":1216,""k_filler"":16,""k_ldpc"":1232,""layout_id"":""1757992cc92b15d50ec0ee14baa182c843ff51b9e0ba08bd222c7dace365545e"",""modulation_padding_bits"":0,""mother_bits"":3808,""n"":1808,""n_cb"":3696,""n_cb_comp"":3680,""power_protocol"":""fixed_constellation_average_Es2"",""puncturing_bits"":1984,""puncturing_first_2Z"":112,""puncturing_remaining"":1872,""repetition_bits"":0,""scrambling"":""public_PCG64_SHA256_protocol_session_frame_group_counter_after_rate_matching_v1"",""shortening_bits"":16,""z"":56}",[1024]
16QAM,3/4,16QAM:r3/4,fccc453dd54dabd2a5b0764e786d5517e3af96cf339168d7885a89be4920894c,108,16,0,124,220,96,1144,540,135,0,0.22962962962962963,0.2,"{""actual_effective_rate"":0.22962962962962963,""bg"":""bg2"",""bit_mapping"":""component_Gray_00_-3_01_-1_10_3_11_1_over_sqrt5;QPSK_0_plus1_1_minus1"",""code_blocks"":1,""decoder_config"":{""cn_schedule"":""flooding"",""cn_update"":""boxplus-phi"",""early_stop"":false,""hard_out"":true,""harq_mode"":false,""llr_max"":20.0,""num_iter"":20,""precision"":""single"",""prune_pcm"":true,""return_infobits"":true,""vn_update"":""sum""},""implementation"":{""bit_mapping"":""component_Gray_00_-3_01_-1_10_3_11_1_over_sqrt5;QPSK_0_plus1_1_minus1"",""cuda"":""12.8"",""decoder"":{""cn_schedule"":""flooding"",""cn_update"":""boxplus-phi"",""early_stop"":false,""hard_out"":true,""harq_mode"":false,""llr_max"":20.0,""num_iter"":20,""precision"":""single"",""prune_pcm"":true,""return_infobits"":true,""vn_update"":""sum""},""decoder_source_sha256"":""44d84b92b749e2970f94d92cd348a11648e2286b4d851faa0af8b21d08f0da23"",""encoder_source_sha256"":""34d8db6660b2e84708a8fb534f63c194f6f2b964e3693fcffc9dcaf21532ccfd"",""implementation"":""Sionna_5G_LDPC"",""power_protocol"":""fixed_constellation_average_Es2"",""precision"":""float32"",""rate_matching"":""Sionna RV0; filler removal, first2Z and tail puncturing; supported n only"",""scrambling"":""public_PCG64_SHA256_protocol_session_frame_group_counter_after_rate_matching_v1"",""torch"":""2.11.0+cu128"",""version"":""2.2.0""},""interleaver_sha256"":""1f2e26a94f7a8b384993d0a0dbfc9fefbe6bb042a2acae3cde9b43bc16f1cf52"",""k"":124,""k_filler"":96,""k_ldpc"":220,""layout_id"":""f7bff2a056952fb6b3fdd7e594153fa0f9af591e73890b1521096dadaee3bb87"",""modulation_padding_bits"":0,""mother_bits"":1144,""n"":540,""n_cb"":1100,""n_cb_comp"":1004,""power_protocol"":""fixed_constellation_average_Es2"",""puncturing_bits"":508,""puncturing_first_2Z"":44,""puncturing_remaining"":464,""repetition_bits"":0,""scrambling"":""public_PCG64_SHA256_protocol_session_frame_group_counter_after_rate_matching_v1"",""shortening_bits"":96,""z"":22}",[1024]
QPSK,5/6,QPSK:r5/6,fce7c0188c37816b382f5d756839cb34b97d4a92c66ee0f3361ac6076d146002,360,16,0,376,480,104,2496,682,341,0,0.5513196480938416,0.5278592375366569,"{""actual_effective_rate"":0.5513196480938416,""bg"":""bg2"",""bit_mapping"":""component_Gray_00_-3_01_-1_10_3_11_1_over_sqrt5;QPSK_0_plus1_1_minus1"",""code_blocks"":1,""decoder_config"":{""cn_schedule"":""flooding"",""cn_update"":""boxplus-phi"",""early_stop"":false,""hard_out"":true,""harq_mode"":false,""llr_max"":20.0,""num_iter"":20,""precision"":""single"",""prune_pcm"":true,""return_infobits"":true,""vn_update"":""sum""},""implementation"":{""bit_mapping"":""component_Gray_00_-3_01_-1_10_3_11_1_over_sqrt5;QPSK_0_plus1_1_minus1"",""cuda"":""12.8"",""decoder"":{""cn_schedule"":""flooding"",""cn_update"":""boxplus-phi"",""early_stop"":false,""hard_out"":true,""harq_mode"":false,""llr_max"":20.0,""num_iter"":20,""precision"":""single"",""prune_pcm"":true,""return_infobits"":true,""vn_update"":""sum""},""decoder_source_sha256"":""44d84b92b749e2970f94d92cd348a11648e2286b4d851faa0af8b21d08f0da23"",""encoder_source_sha256"":""34d8db6660b2e84708a8fb534f63c194f6f2b964e3693fcffc9dcaf21532ccfd"",""implementation"":""Sionna_5G_LDPC"",""power_protocol"":""fixed_constellation_average_Es2"",""precision"":""float32"",""rate_matching"":""Sionna RV0; filler removal, first2Z and tail puncturing; supported n only"",""scrambling"":""public_PCG64_SHA256_protocol_session_frame_group_counter_after_rate_matching_v1"",""torch"":""2.11.0+cu128"",""version"":""2.2.0""},""interleaver_sha256"":""bf0c02d2a862d1ca6c75099c8d68a163d8d35e23d472545ea2e85fe9f76ac981"",""k"":376,""k_filler"":104,""k_ldpc"":480,""layout_id"":""9910116e9700ff19a58eb562c7415aceb62e39d1c7eeabd3558858920f12d0b4"",""modulation_padding_bits"":0,""mother_bits"":2496,""n"":682,""n_cb"":2400,""n_cb_comp"":2296,""power_protocol"":""fixed_constellation_average_Es2"",""puncturing_bits"":1710,""puncturing_first_2Z"":96,""puncturing_remaining"":1614,""repetition_bits"":0,""scrambling"":""public_PCG64_SHA256_protocol_session_frame_group_counter_after_rate_matching_v1"",""shortening_bits"":104,""z"":48}",[2048]
16QAM,1/2,16QAM:r1/2,fcf1b59951c080ccafeda81c0cbff70ca0a089d3f075bce87ed381ddc7379b68,2208,16,0,2224,2240,16,11648,5064,1266,0,0.4391785150078989,0.43601895734597157,"{""actual_effective_rate"":0.4391785150078989,""bg"":""bg2"",""bit_mapping"":""component_Gray_00_-3_01_-1_10_3_11_1_over_sqrt5;QPSK_0_plus1_1_minus1"",""code_blocks"":1,""decoder_config"":{""cn_schedule"":""flooding"",""cn_update"":""boxplus-phi"",""early_stop"":false,""hard_out"":true,""harq_mode"":false,""llr_max"":20.0,""num_iter"":20,""precision"":""single"",""prune_pcm"":true,""return_infobits"":true,""vn_update"":""sum""},""implementation"":{""bit_mapping"":""component_Gray_00_-3_01_-1_10_3_11_1_over_sqrt5;QPSK_0_plus1_1_minus1"",""cuda"":""12.8"",""decoder"":{""cn_schedule"":""flooding"",""cn_update"":""boxplus-phi"",""early_stop"":false,""hard_out"":true,""harq_mode"":false,""llr_max"":20.0,""num_iter"":20,""precision"":""single"",""prune_pcm"":true,""return_infobits"":true,""vn_update"":""sum""},""decoder_source_sha256"":""44d84b92b749e2970f94d92cd348a11648e2286b4d851faa0af8b21d08f0da23"",""encoder_source_sha256"":""34d8db6660b2e84708a8fb534f63c194f6f2b964e3693fcffc9dcaf21532ccfd"",""implementation"":""Sionna_5G_LDPC"",""power_protocol"":""fixed_constellation_average_Es2"",""precision"":""float32"",""rate_matching"":""Sionna RV0; filler removal, first2Z and tail puncturing; supported n only"",""scrambling"":""public_PCG64_SHA256_protocol_session_frame_group_counter_after_rate_matching_v1"",""torch"":""2.11.0+cu128"",""version"":""2.2.0""},""interleaver_sha256"":""87730cacc5dbddd83832135c746250ac99ffec5baa5c16f20256619b5000487e"",""k"":2224,""k_filler"":16,""k_ldpc"":2240,""layout_id"":""16c7d937a84e5f9714cc357ef4dfec068295ab1834e583bb75c06b94c3a537cd"",""modulation_padding_bits"":0,""mother_bits"":11648,""n"":5064,""n_cb"":11200,""n_cb_comp"":11184,""power_protocol"":""fixed_constellation_average_Es2"",""puncturing_bits"":6568,""puncturing_first_2Z"":448,""puncturing_remaining"":6120,""repetition_bits"":0,""scrambling"":""public_PCG64_SHA256_protocol_session_frame_group_counter_after_rate_matching_v1"",""shortening_bits"":16,""z"":224}",[2048]
QPSK,1/3,QPSK:r1/3,fcf8d2bd1943a8a82b10c95e5cab3312d8fb77e3ae045566094ef08de5fe6a6f,516,16,0,532,720,188,3744,2320,1160,0,0.2293103448275862,0.22241379310344828,"{""actual_effective_rate"":0.2293103448275862,""bg"":""bg2"",""bit_mapping"":""component_Gray_00_-3_01_-1_10_3_11_1_over_sqrt5;QPSK_0_plus1_1_minus1"",""code_blocks"":1,""decoder_config"":{""cn_schedule"":""flooding"",""cn_update"":""boxplus-phi"",""early_stop"":false,""hard_out"":true,""harq_mode"":false,""llr_max"":20.0,""num_iter"":20,""precision"":""single"",""prune_pcm"":true,""return_infobits"":true,""vn_update"":""sum""},""implementation"":{""bit_mapping"":""component_Gray_00_-3_01_-1_10_3_11_1_over_sqrt5;QPSK_0_plus1_1_minus1"",""cuda"":""12.8"",""decoder"":{""cn_schedule"":""flooding"",""cn_update"":""boxplus-phi"",""early_stop"":false,""hard_out"":true,""harq_mode"":false,""llr_max"":20.0,""num_iter"":20,""precision"":""single"",""prune_pcm"":true,""return_infobits"":true,""vn_update"":""sum""},""decoder_source_sha256"":""44d84b92b749e2970f94d92cd348a11648e2286b4d851faa0af8b21d08f0da23"",""encoder_source_sha256"":""34d8db6660b2e84708a8fb534f63c194f6f2b964e3693fcffc9dcaf21532ccfd"",""implementation"":""Sionna_5G_LDPC"",""power_protocol"":""fixed_constellation_average_Es2"",""precision"":""float32"",""rate_matching"":""Sionna RV0; filler removal, first2Z and tail puncturing; supported n only"",""scrambling"":""public_PCG64_SHA256_protocol_session_frame_group_counter_after_rate_matching_v1"",""torch"":""2.11.0+cu128"",""version"":""2.2.0""},""interleaver_sha256"":""001be996f456c790b17518692320a325be1eb5ba4392abeea5bd7c44ba669071"",""k"":532,""k_filler"":188,""k_ldpc"":720,""layout_id"":""b33d4ef66a85d8ac94c95b78b8b154283de7240004ae857b02c0c7848ff7cff6"",""modulation_padding_bits"":0,""mother_bits"":3744,""n"":2320,""n_cb"":3600,""n_cb_comp"":3412,""power_protocol"":""fixed_constellation_average_Es2"",""puncturing_bits"":1236,""puncturing_first_2Z"":144,""puncturing_remaining"":1092,""repetition_bits"":0,""scrambling"":""public_PCG64_SHA256_protocol_session_frame_group_counter_after_rate_matching_v1"",""shortening_bits"":188,""z"":72}",[2048]
16QAM,3/4,16QAM:r3/4,fd01720cfad2532d28f4b712d2ed04a4c8839f16e884c467acb62a5e6f8de709,1860,16,0,1876,1936,60,5984,2512,628,0,0.7468152866242038,0.7404458598726115,"{""actual_effective_rate"":0.7468152866242038,""bg"":""bg1"",""bit_mapping"":""component_Gray_00_-3_01_-1_10_3_11_1_over_sqrt5;QPSK_0_plus1_1_minus1"",""code_blocks"":1,""decoder_config"":{""cn_schedule"":""flooding"",""cn_update"":""boxplus-phi"",""early_stop"":false,""hard_out"":true,""harq_mode"":false,""llr_max"":20.0,""num_iter"":20,""precision"":""single"",""prune_pcm"":true,""return_infobits"":true,""vn_update"":""sum""},""implementation"":{""bit_mapping"":""component_Gray_00_-3_01_-1_10_3_11_1_over_sqrt5;QPSK_0_plus1_1_minus1"",""cuda"":""12.8"",""decoder"":{""cn_schedule"":""flooding"",""cn_update"":""boxplus-phi"",""early_stop"":false,""hard_out"":true,""harq_mode"":false,""llr_max"":20.0,""num_iter"":20,""precision"":""single"",""prune_pcm"":true,""return_infobits"":true,""vn_update"":""sum""},""decoder_source_sha256"":""44d84b92b749e2970f94d92cd348a11648e2286b4d851faa0af8b21d08f0da23"",""encoder_source_sha256"":""34d8db6660b2e84708a8fb534f63c194f6f2b964e3693fcffc9dcaf21532ccfd"",""implementation"":""Sionna_5G_LDPC"",""power_protocol"":""fixed_constellation_average_Es2"",""precision"":""float32"",""rate_matching"":""Sionna RV0; filler removal, first2Z and tail puncturing; supported n only"",""scrambling"":""public_PCG64_SHA256_protocol_session_frame_group_counter_after_rate_matching_v1"",""torch"":""2.11.0+cu128"",""version"":""2.2.0""},""interleaver_sha256"":""281300f5623f37c409926880bb6bb4175244c75f89907844353949fea2d8c663"",""k"":1876,""k_filler"":60,""k_ldpc"":1936,""layout_id"":""78acd93b4a11559f9da990422668a48926a9e7b1300c45a4bec0e9f3810edda4"",""modulation_padding_bits"":0,""mother_bits"":5984,""n"":2512,""n_cb"":5808,""n_cb_comp"":5748,""power_protocol"":""fixed_constellation_average_Es2"",""puncturing_bits"":3412,""puncturing_first_2Z"":176,""puncturing_remaining"":3236,""repetition_bits"":0,""scrambling"":""public_PCG64_SHA256_protocol_session_frame_group_counter_after_rate_matching_v1"",""shortening_bits"":60,""z"":88}","[1024,2048]"
QPSK,2/3,QPSK:r2/3,fd04750868b2c4e290eb28a4bcfcca91e56ba0adc6802cbfd1a54d91c1a4e980,360,16,0,376,480,104,2496,1730,865,0,0.21734104046242775,0.20809248554913296,"{""actual_effective_rate"":0.21734104046242775,""bg"":""bg2"",""bit_mapping"":""component_Gray_00_-3_01_-1_10_3_11_1_over_sqrt5;QPSK_0_plus1_1_minus1"",""code_blocks"":1,""decoder_config"":{""cn_schedule"":""flooding"",""cn_update"":""boxplus-phi"",""early_stop"":false,""hard_out"":true,""harq_mode"":false,""llr_max"":20.0,""num_iter"":20,""precision"":""single"",""prune_pcm"":true,""return_infobits"":true,""vn_update"":""sum""},""implementation"":{""bit_mapping"":""component_Gray_00_-3_01_-1_10_3_11_1_over_sqrt5;QPSK_0_plus1_1_minus1"",""cuda"":""12.8"",""decoder"":{""cn_schedule"":""flooding"",""cn_update"":""boxplus-phi"",""early_stop"":false,""hard_out"":true,""harq_mode"":false,""llr_max"":20.0,""num_iter"":20,""precision"":""single"",""prune_pcm"":true,""return_infobits"":true,""vn_update"":""sum""},""decoder_source_sha256"":""44d84b92b749e2970f94d92cd348a11648e2286b4d851faa0af8b21d08f0da23"",""encoder_source_sha256"":""34d8db6660b2e84708a8fb534f63c194f6f2b964e3693fcffc9dcaf21532ccfd"",""implementation"":""Sionna_5G_LDPC"",""power_protocol"":""fixed_constellation_average_Es2"",""precision"":""float32"",""rate_matching"":""Sionna RV0; filler removal, first2Z and tail puncturing; supported n only"",""scrambling"":""public_PCG64_SHA256_protocol_session_frame_group_counter_after_rate_matching_v1"",""torch"":""2.11.0+cu128"",""version"":""2.2.0""},""interleaver_sha256"":""95ed284492f8034b15969b3ecdb2bffb3382f6bb1b791952286769848422ba03"",""k"":376,""k_filler"":104,""k_ldpc"":480,""layout_id"":""ce7694433a995f732113460c9ba6481785cfd168decb1b2c27c10b1fe62ba9fd"",""modulation_padding_bits"":0,""mother_bits"":2496,""n"":1730,""n_cb"":2400,""n_cb_comp"":2296,""power_protocol"":""fixed_constellation_average_Es2"",""puncturing_bits"":662,""puncturing_first_2Z"":96,""puncturing_remaining"":566,""repetition_bits"":0,""scrambling"":""public_PCG64_SHA256_protocol_session_frame_group_counter_after_rate_matching_v1"",""shortening_bits"":104,""z"":48}",[1024]
QPSK,1/3,QPSK:r1/3,fd1015c3302f706bc2e72837bd0ef3064f4f64b3cba3eb3ff6ae0fa9f788bb7f,480,16,0,496,640,144,3328,1502,751,0,0.33022636484687085,0.3195739014647137,"{""actual_effective_rate"":0.33022636484687085,""bg"":""bg2"",""bit_mapping"":""component_Gray_00_-3_01_-1_10_3_11_1_over_sqrt5;QPSK_0_plus1_1_minus1"",""code_blocks"":1,""decoder_config"":{""cn_schedule"":""flooding"",""cn_update"":""boxplus-phi"",""early_stop"":false,""hard_out"":true,""harq_mode"":false,""llr_max"":20.0,""num_iter"":20,""precision"":""single"",""prune_pcm"":true,""return_infobits"":true,""vn_update"":""sum""},""implementation"":{""bit_mapping"":""component_Gray_00_-3_01_-1_10_3_11_1_over_sqrt5;QPSK_0_plus1_1_minus1"",""cuda"":""12.8"",""decoder"":{""cn_schedule"":""flooding"",""cn_update"":""boxplus-phi"",""early_stop"":false,""hard_out"":true,""harq_mode"":false,""llr_max"":20.0,""num_iter"":20,""precision"":""single"",""prune_pcm"":true,""return_infobits"":true,""vn_update"":""sum""},""decoder_source_sha256"":""44d84b92b749e2970f94d92cd348a11648e2286b4d851faa0af8b21d08f0da23"",""encoder_source_sha256"":""34d8db6660b2e84708a8fb534f63c194f6f2b964e3693fcffc9dcaf21532ccfd"",""implementation"":""Sionna_5G_LDPC"",""power_protocol"":""fixed_constellation_average_Es2"",""precision"":""float32"",""rate_matching"":""Sionna RV0; filler removal, first2Z and tail puncturing; supported n only"",""scrambling"":""public_PCG64_SHA256_protocol_session_frame_group_counter_after_rate_matching_v1"",""torch"":""2.11.0+cu128"",""version"":""2.2.0""},""interleaver_sha256"":""bb18954183d64dc43802ed77c9b467aac88f35aba7e503b97b88d7b5c3d5fcb6"",""k"":496,""k_filler"":144,""k_ldpc"":640,""layout_id"":""8f939aa8f619e30a72a59a49c8bb935c69334cec66537b34043e25cd68bff573"",""modulation_padding_bits"":0,""mother_bits"":3328,""n"":1502,""n_cb"":3200,""n_cb_comp"":3056,""power_protocol"":""fixed_constellation_average_Es2"",""puncturing_bits"":1682,""puncturing_first_2Z"":128,""puncturing_remaining"":1554,""repetition_bits"":0,""scrambling"":""public_PCG64_SHA256_protocol_session_frame_group_counter_after_rate_matching_v1"",""shortening_bits"":144,""z"":64}",[1024]
QPSK,5/6,QPSK:r5/6,fd107ec465ce43706360824145225534313a59015300635c82dbe8dec3f9c5e0,660,16,0,676,704,28,2176,816,408,0,0.8284313725490197,0.8088235294117647,"{""actual_effective_rate"":0.8284313725490197,""bg"":""bg1"",""bit_mapping"":""component_Gray_00_-3_01_-1_10_3_11_1_over_sqrt5;QPSK_0_plus1_1_minus1"",""code_blocks"":1,""decoder_config"":{""cn_schedule"":""flooding"",""cn_update"":""boxplus-phi"",""early_stop"":false,""hard_out"":true,""harq_mode"":false,""llr_max"":20.0,""num_iter"":20,""precision"":""single"",""prune_pcm"":true,""return_infobits"":true,""vn_update"":""sum""},""implementation"":{""bit_mapping"":""component_Gray_00_-3_01_-1_10_3_11_1_over_sqrt5;QPSK_0_plus1_1_minus1"",""cuda"":""12.8"",""decoder"":{""cn_schedule"":""flooding"",""cn_update"":""boxplus-phi"",""early_stop"":false,""hard_out"":true,""harq_mode"":false,""llr_max"":20.0,""num_iter"":20,""precision"":""single"",""prune_pcm"":true,""return_infobits"":true,""vn_update"":""sum""},""decoder_source_sha256"":""44d84b92b749e2970f94d92cd348a11648e2286b4d851faa0af8b21d08f0da23"",""encoder_source_sha256"":""34d8db6660b2e84708a8fb534f63c194f6f2b964e3693fcffc9dcaf21532ccfd"",""implementation"":""Sionna_5G_LDPC"",""power_protocol"":""fixed_constellation_average_Es2"",""precision"":""float32"",""rate_matching"":""Sionna RV0; filler removal, first2Z and tail puncturing; supported n only"",""scrambling"":""public_PCG64_SHA256_protocol_session_frame_group_counter_after_rate_matching_v1"",""torch"":""2.11.0+cu128"",""version"":""2.2.0""},""interleaver_sha256"":""9831658d73a1a184c79f9f9d1107f7c6b6ffa404be8e3e08335dcbeb1448583d"",""k"":676,""k_filler"":28,""k_ldpc"":704,""layout_id"":""88dbd2fbbb42df0c4a08b4ee79693d08f0a37e03837564a28855687f31a53e33"",""modulation_padding_bits"":0,""mother_bits"":2176,""n"":816,""n_cb"":2112,""n_cb_comp"":2084,""power_protocol"":""fixed_constellation_average_Es2"",""puncturing_bits"":1332,""puncturing_first_2Z"":64,""puncturing_remaining"":1268,""repetition_bits"":0,""scrambling"":""public_PCG64_SHA256_protocol_session_frame_group_counter_after_rate_matching_v1"",""shortening_bits"":28,""z"":32}","[1024,2048]"
16QAM,5/6,16QAM:r5/6,fd12a16410d56ca089577ef760e84246bf52950a2ab891a0cdf321cf47bd40a6,1320,16,0,1336,1408,72,4352,1604,401,0,0.8329177057356608,0.8229426433915212,"{""actual_effective_rate"":0.8329177057356608,""bg"":""bg1"",""bit_mapping"":""component_Gray_00_-3_01_-1_10_3_11_1_over_sqrt5;QPSK_0_plus1_1_minus1"",""code_blocks"":1,""decoder_config"":{""cn_schedule"":""flooding"",""cn_update"":""boxplus-phi"",""early_stop"":false,""hard_out"":true,""harq_mode"":false,""llr_max"":20.0,""num_iter"":20,""precision"":""single"",""prune_pcm"":true,""return_infobits"":true,""vn_update"":""sum""},""implementation"":{""bit_mapping"":""component_Gray_00_-3_01_-1_10_3_11_1_over_sqrt5;QPSK_0_plus1_1_minus1"",""cuda"":""12.8"",""decoder"":{""cn_schedule"":""flooding"",""cn_update"":""boxplus-phi"",""early_stop"":false,""hard_out"":true,""harq_mode"":false,""llr_max"":20.0,""num_iter"":20,""precision"":""single"",""prune_pcm"":true,""return_infobits"":true,""vn_update"":""sum""},""decoder_source_sha256"":""44d84b92b749e2970f94d92cd348a11648e2286b4d851faa0af8b21d08f0da23"",""encoder_source_sha256"":""34d8db6660b2e84708a8fb534f63c194f6f2b964e3693fcffc9dcaf21532ccfd"",""implementation"":""Sionna_5G_LDPC"",""power_protocol"":""fixed_constellation_average_Es2"",""precision"":""float32"",""rate_matching"":""Sionna RV0; filler removal, first2Z and tail puncturing; supported n only"",""scrambling"":""public_PCG64_SHA256_protocol_session_frame_group_counter_after_rate_matching_v1"",""torch"":""2.11.0+cu128"",""version"":""2.2.0""},""interleaver_sha256"":""5f21c10305bef978f3d830f92b4e168a98dd2964db437bed25a309327c5753f5"",""k"":1336,""k_filler"":72,""k_ldpc"":1408,""layout_id"":""e9e7597eda60090894c0ff8075c592b0a59ace224b344071a2ddf724ba6ee0c3"",""modulation_padding_bits"":0,""mother_bits"":4352,""n"":1604,""n_cb"":4224,""n_cb_comp"":4152,""power_protocol"":""fixed_constellation_average_Es2"",""puncturing_bits"":2676,""puncturing_first_2Z"":128,""puncturing_remaining"":2548,""repetition_bits"":0,""scrambling"":""public_PCG64_SHA256_protocol_session_frame_group_counter_after_rate_matching_v1"",""shortening_bits"":72,""z"":64}",[1024]
QPSK,5/6,QPSK:r5/6,fd2b355433a5b95c6f364fa46439ce477c402c043cd7c424bf71aea0b702ff48,1860,16,0,1876,1920,44,9984,3348,1674,0,0.5603345280764636,0.5555555555555556,"{""actual_effective_rate"":0.5603345280764636,""bg"":""bg2"",""bit_mapping"":""component_Gray_00_-3_01_-1_10_3_11_1_over_sqrt5;QPSK_0_plus1_1_minus1"",""code_blocks"":1,""decoder_config"":{""cn_schedule"":""flooding"",""cn_update"":""boxplus-phi"",""early_stop"":false,""hard_out"":true,""harq_mode"":false,""llr_max"":20.0,""num_iter"":20,""precision"":""single"",""prune_pcm"":true,""return_infobits"":true,""vn_update"":""sum""},""implementation"":{""bit_mapping"":""component_Gray_00_-3_01_-1_10_3_11_1_over_sqrt5;QPSK_0_plus1_1_minus1"",""cuda"":""12.8"",""decoder"":{""cn_schedule"":""flooding"",""cn_update"":""boxplus-phi"",""early_stop"":false,""hard_out"":true,""harq_mode"":false,""llr_max"":20.0,""num_iter"":20,""precision"":""single"",""prune_pcm"":true,""return_infobits"":true,""vn_update"":""sum""},""decoder_source_sha256"":""44d84b92b749e2970f94d92cd348a11648e2286b4d851faa0af8b21d08f0da23"",""encoder_source_sha256"":""34d8db6660b2e84708a8fb534f63c194f6f2b964e3693fcffc9dcaf21532ccfd"",""implementation"":""Sionna_5G_LDPC"",""power_protocol"":""fixed_constellation_average_Es2"",""precision"":""float32"",""rate_matching"":""Sionna RV0; filler removal, first2Z and tail puncturing; supported n only"",""scrambling"":""public_PCG64_SHA256_protocol_session_frame_group_counter_after_rate_matching_v1"",""torch"":""2.11.0+cu128"",""version"":""2.2.0""},""interleaver_sha256"":""4d7067cf4e82762e77aca693ffa67a448e1f8b8d22fd2d4ac5cbd7e6c06a2f3e"",""k"":1876,""k_filler"":44,""k_ldpc"":1920,""layout_id"":""ecfa53434f966db7a849337ab2de68dd1686aed217664f6f55699b9402f93ad8"",""modulation_padding_bits"":0,""mother_bits"":9984,""n"":3348,""n_cb"":9600,""n_cb_comp"":9556,""power_protocol"":""fixed_constellation_average_Es2"",""puncturing_bits"":6592,""puncturing_first_2Z"":384,""puncturing_remaining"":6208,""repetition_bits"":0,""scrambling"":""public_PCG64_SHA256_protocol_session_frame_group_counter_after_rate_matching_v1"",""shortening_bits"":44,""z"":192}",[2048]
16QAM,1/3,16QAM:r1/3,fd2debac5f974238f4bad659ee9543a101d6c7b229af43c145216bb2d2d4e48d,660,16,0,676,720,44,3744,3260,815,0,0.20736196319018405,0.20245398773006135,"{""actual_effective_rate"":0.20736196319018405,""bg"":""bg2"",""bit_mapping"":""component_Gray_00_-3_01_-1_10_3_11_1_over_sqrt5;QPSK_0_plus1_1_minus1"",""code_blocks"":1,""decoder_config"":{""cn_schedule"":""flooding"",""cn_update"":""boxplus-phi"",""early_stop"":false,""hard_out"":true,""harq_mode"":false,""llr_max"":20.0,""num_iter"":20,""precision"":""single"",""prune_pcm"":true,""return_infobits"":true,""vn_update"":""sum""},""implementation"":{""bit_mapping"":""component_Gray_00_-3_01_-1_10_3_11_1_over_sqrt5;QPSK_0_plus1_1_minus1"",""cuda"":""12.8"",""decoder"":{""cn_schedule"":""flooding"",""cn_update"":""boxplus-phi"",""early_stop"":false,""hard_out"":true,""harq_mode"":false,""llr_max"":20.0,""num_iter"":20,""precision"":""single"",""prune_pcm"":true,""return_infobits"":true,""vn_update"":""sum""},""decoder_source_sha256"":""44d84b92b749e2970f94d92cd348a11648e2286b4d851faa0af8b21d08f0da23"",""encoder_source_sha256"":""34d8db6660b2e84708a8fb534f63c194f6f2b964e3693fcffc9dcaf21532ccfd"",""implementation"":""Sionna_5G_LDPC"",""power_protocol"":""fixed_constellation_average_Es2"",""precision"":""float32"",""rate_matching"":""Sionna RV0; filler removal, first2Z and tail puncturing; supported n only"",""scrambling"":""public_PCG64_SHA256_protocol_session_frame_group_counter_after_rate_matching_v1"",""torch"":""2.11.0+cu128"",""version"":""2.2.0""},""interleaver_sha256"":""02b6b897c3e03e44185c55b242ea23ba5ddc653034fd85b811921313d28fcf43"",""k"":676,""k_filler"":44,""k_ldpc"":720,""layout_id"":""9a5e15ed7c7287f0115f39bf49ba7ed31617f8153f92301b582bc0c0f09aec4d"",""modulation_padding_bits"":0,""mother_bits"":3744,""n"":3260,""n_cb"":3600,""n_cb_comp"":3556,""power_protocol"":""fixed_constellation_average_Es2"",""puncturing_bits"":440,""puncturing_first_2Z"":144,""puncturing_remaining"":296,""repetition_bits"":0,""scrambling"":""public_PCG64_SHA256_protocol_session_frame_group_counter_after_rate_matching_v1"",""shortening_bits"":44,""z"":72}",[2048]
16QAM,5/6,16QAM:r5/6,fd3557e8bf986b8a5fad078f4c756bdcba1a0dcfd19673b05f741124b4996f21,600,16,0,616,720,104,3744,920,230,0,0.6695652173913044,0.6521739130434783,"{""actual_effective_rate"":0.6695652173913044,""bg"":""bg2"",""bit_mapping"":""component_Gray_00_-3_01_-1_10_3_11_1_over_sqrt5;QPSK_0_plus1_1_minus1"",""code_blocks"":1,""decoder_config"":{""cn_schedule"":""flooding"",""cn_update"":""boxplus-phi"",""early_stop"":false,""hard_out"":true,""harq_mode"":false,""llr_max"":20.0,""num_iter"":20,""precision"":""single"",""prune_pcm"":true,""return_infobits"":true,""vn_update"":""sum""},""implementation"":{""bit_mapping"":""component_Gray_00_-3_01_-1_10_3_11_1_over_sqrt5;QPSK_0_plus1_1_minus1"",""cuda"":""12.8"",""decoder"":{""cn_schedule"":""flooding"",""cn_update"":""boxplus-phi"",""early_stop"":false,""hard_out"":true,""harq_mode"":false,""llr_max"":20.0,""num_iter"":20,""precision"":""single"",""prune_pcm"":true,""return_infobits"":true,""vn_update"":""sum""},""decoder_source_sha256"":""44d84b92b749e2970f94d92cd348a11648e2286b4d851faa0af8b21d08f0da23"",""encoder_source_sha256"":""34d8db6660b2e84708a8fb534f63c194f6f2b964e3693fcffc9dcaf21532ccfd"",""implementation"":""Sionna_5G_LDPC"",""power_protocol"":""fixed_constellation_average_Es2"",""precision"":""float32"",""rate_matching"":""Sionna RV0; filler removal, first2Z and tail puncturing; supported n only"",""scrambling"":""public_PCG64_SHA256_protocol_session_frame_group_counter_after_rate_matching_v1"",""torch"":""2.11.0+cu128"",""version"":""2.2.0""},""interleaver_sha256"":""65a84c8bcfb79ba9f58e3436b766187a9c854d835daf0f3bdc06b4b9f3351ebe"",""k"":616,""k_filler"":104,""k_ldpc"":720,""layout_id"":""94157fe955d1dbdbe6913a3df47f5d4d61a6a7179361d2010e2277c1947eba01"",""modulation_padding_bits"":0,""mother_bits"":3744,""n"":920,""n_cb"":3600,""n_cb_comp"":3496,""power_protocol"":""fixed_constellation_average_Es2"",""puncturing_bits"":2720,""puncturing_first_2Z"":144,""puncturing_remaining"":2576,""repetition_bits"":0,""scrambling"":""public_PCG64_SHA256_protocol_session_frame_group_counter_after_rate_matching_v1"",""shortening_bits"":104,""z"":72}",[2048]
QPSK,5/6,QPSK:r5/6,fd4710bb1137776d2c50cb5983eb776d773fb2c2166fff340254a8fe048589fe,1092,16,0,1108,1120,12,5824,1986,993,0,0.5579053373615307,0.5498489425981873,"{""actual_effective_rate"":0.5579053373615307,""bg"":""bg2"",""bit_mapping"":""component_Gray_00_-3_01_-1_10_3_11_1_over_sqrt5;QPSK_0_plus1_1_minus1"",""code_blocks"":1,""decoder_config"":{""cn_schedule"":""flooding"",""cn_update"":""boxplus-phi"",""early_stop"":false,""hard_out"":true,""harq_mode"":false,""llr_max"":20.0,""num_iter"":20,""precision"":""single"",""prune_pcm"":true,""return_infobits"":true,""vn_update"":""sum""},""implementation"":{""bit_mapping"":""component_Gray_00_-3_01_-1_10_3_11_1_over_sqrt5;QPSK_0_plus1_1_minus1"",""cuda"":""12.8"",""decoder"":{""cn_schedule"":""flooding"",""cn_update"":""boxplus-phi"",""early_stop"":false,""hard_out"":true,""harq_mode"":false,""llr_max"":20.0,""num_iter"":20,""precision"":""single"",""prune_pcm"":true,""return_infobits"":true,""vn_update"":""sum""},""decoder_source_sha256"":""44d84b92b749e2970f94d92cd348a11648e2286b4d851faa0af8b21d08f0da23"",""encoder_source_sha256"":""34d8db6660b2e84708a8fb534f63c194f6f2b964e3693fcffc9dcaf21532ccfd"",""implementation"":""Sionna_5G_LDPC"",""power_protocol"":""fixed_constellation_average_Es2"",""precision"":""float32"",""rate_matching"":""Sionna RV0; filler removal, first2Z and tail puncturing; supported n only"",""scrambling"":""public_PCG64_SHA256_protocol_session_frame_group_counter_after_rate_matching_v1"",""torch"":""2.11.0+cu128"",""version"":""2.2.0""},""interleaver_sha256"":""2617759d6a8c170b0bc96addb8a1ebde733a6045cbfb704aed60afb2bd3f0bd9"",""k"":1108,""k_filler"":12,""k_ldpc"":1120,""layout_id"":""cdc9559a67096c78d416ecb16ad8b44bca73b4c9406028554ac5d57c758a35fe"",""modulation_padding_bits"":0,""mother_bits"":5824,""n"":1986,""n_cb"":5600,""n_cb_comp"":5588,""power_protocol"":""fixed_constellation_average_Es2"",""puncturing_bits"":3826,""puncturing_first_2Z"":224,""puncturing_remaining"":3602,""repetition_bits"":0,""scrambling"":""public_PCG64_SHA256_protocol_session_frame_group_counter_after_rate_matching_v1"",""shortening_bits"":12,""z"":112}",[2048]
16QAM,2/3,16QAM:r2/3,fd49f2bd2b9e231e640dbd35b2be7b045eaadaba7cc3150e844983165bbacc7e,660,16,0,676,720,44,3744,1016,254,0,0.6653543307086615,0.6496062992125984,"{""actual_effective_rate"":0.6653543307086615,""bg"":""bg2"",""bit_mapping"":""component_Gray_00_-3_01_-1_10_3_11_1_over_sqrt5;QPSK_0_plus1_1_minus1"",""code_blocks"":1,""decoder_config"":{""cn_schedule"":""flooding"",""cn_update"":""boxplus-phi"",""early_stop"":false,""hard_out"":true,""harq_mode"":false,""llr_max"":20.0,""num_iter"":20,""precision"":""single"",""prune_pcm"":true,""return_infobits"":true,""vn_update"":""sum""},""implementation"":{""bit_mapping"":""component_Gray_00_-3_01_-1_10_3_11_1_over_sqrt5;QPSK_0_plus1_1_minus1"",""cuda"":""12.8"",""decoder"":{""cn_schedule"":""flooding"",""cn_update"":""boxplus-phi"",""early_stop"":false,""hard_out"":true,""harq_mode"":false,""llr_max"":20.0,""num_iter"":20,""precision"":""single"",""prune_pcm"":true,""return_infobits"":true,""vn_update"":""sum""},""decoder_source_sha256"":""44d84b92b749e2970f94d92cd348a11648e2286b4d851faa0af8b21d08f0da23"",""encoder_source_sha256"":""34d8db6660b2e84708a8fb534f63c194f6f2b964e3693fcffc9dcaf21532ccfd"",""implementation"":""Sionna_5G_LDPC"",""power_protocol"":""fixed_constellation_average_Es2"",""precision"":""float32"",""rate_matching"":""Sionna RV0; filler removal, first2Z and tail puncturing; supported n only"",""scrambling"":""public_PCG64_SHA256_protocol_session_frame_group_counter_after_rate_matching_v1"",""torch"":""2.11.0+cu128"",""version"":""2.2.0""},""interleaver_sha256"":""448279919c61dba0c9f3654ffef5c95aafa8a849f517d3f1755b874f2ff69dd1"",""k"":676,""k_filler"":44,""k_ldpc"":720,""layout_id"":""36f3ed86a3ee3a2ba5eff784c7dd0d9a092f52156c22f97f12e39d324d0920d8"",""modulation_padding_bits"":0,""mother_bits"":3744,""n"":1016,""n_cb"":3600,""n_cb_comp"":3556,""power_protocol"":""fixed_constellation_average_Es2"",""puncturing_bits"":2684,""puncturing_first_2Z"":144,""puncturing_remaining"":2540,""repetition_bits"":0,""scrambling"":""public_PCG64_SHA256_protocol_session_frame_group_counter_after_rate_matching_v1"",""shortening_bits"":44,""z"":72}","[1024,2048]"
16QAM,1/3,16QAM:r1/3,fd4ddd8cbdd7ed026228ceb257a291a5317e50b5c97b4b6d606365d2e8465189,1092,16,0,1108,1120,12,5824,4180,1045,0,0.26507177033492824,0.261244019138756,"{""actual_effective_rate"":0.26507177033492824,""bg"":""bg2"",""bit_mapping"":""component_Gray_00_-3_01_-1_10_3_11_1_over_sqrt5;QPSK_0_plus1_1_minus1"",""code_blocks"":1,""decoder_config"":{""cn_schedule"":""flooding"",""cn_update"":""boxplus-phi"",""early_stop"":false,""hard_out"":true,""harq_mode"":false,""llr_max"":20.0,""num_iter"":20,""precision"":""single"",""prune_pcm"":true,""return_infobits"":true,""vn_update"":""sum""},""implementation"":{""bit_mapping"":""component_Gray_00_-3_01_-1_10_3_11_1_over_sqrt5;QPSK_0_plus1_1_minus1"",""cuda"":""12.8"",""decoder"":{""cn_schedule"":""flooding"",""cn_update"":""boxplus-phi"",""early_stop"":false,""hard_out"":true,""harq_mode"":false,""llr_max"":20.0,""num_iter"":20,""precision"":""single"",""prune_pcm"":true,""return_infobits"":true,""vn_update"":""sum""},""decoder_source_sha256"":""44d84b92b749e2970f94d92cd348a11648e2286b4d851faa0af8b21d08f0da23"",""encoder_source_sha256"":""34d8db6660b2e84708a8fb534f63c194f6f2b964e3693fcffc9dcaf21532ccfd"",""implementation"":""Sionna_5G_LDPC"",""power_protocol"":""fixed_constellation_average_Es2"",""precision"":""float32"",""rate_matching"":""Sionna RV0; filler removal, first2Z and tail puncturing; supported n only"",""scrambling"":""public_PCG64_SHA256_protocol_session_frame_group_counter_after_rate_matching_v1"",""torch"":""2.11.0+cu128"",""version"":""2.2.0""},""interleaver_sha256"":""d930a7728468e1fd06072729fb71c776b124fd26cb71d025f624c0c50a062f66"",""k"":1108,""k_filler"":12,""k_ldpc"":1120,""layout_id"":""f694aa2aac85adce6196a435b176b45981219d7c1a19d690e5b96c3b12842415"",""modulation_padding_bits"":0,""mother_bits"":5824,""n"":4180,""n_cb"":5600,""n_cb_comp"":5588,""power_protocol"":""fixed_constellation_average_Es2"",""puncturing_bits"":1632,""puncturing_first_2Z"":224,""puncturing_remaining"":1408,""repetition_bits"":0,""scrambling"":""public_PCG64_SHA256_protocol_session_frame_group_counter_after_rate_matching_v1"",""shortening_bits"":12,""z"":112}",[2048]
QPSK,1/2,QPSK:r1/2,fd508f62b7a7639e85ef6ed463830d386271ef78319dfb2b3c2006e936c94f90,192,16,0,208,260,52,1352,868,434,0,0.23963133640552994,0.22119815668202766,"{""actual_effective_rate"":0.23963133640552994,""bg"":""bg2"",""bit_mapping"":""component_Gray_00_-3_01_-1_10_3_11_1_over_sqrt5;QPSK_0_plus1_1_minus1"",""code_blocks"":1,""decoder_config"":{""cn_schedule"":""flooding"",""cn_update"":""boxplus-phi"",""early_stop"":false,""hard_out"":true,""harq_mode"":false,""llr_max"":20.0,""num_iter"":20,""precision"":""single"",""prune_pcm"":true,""return_infobits"":true,""vn_update"":""sum""},""implementation"":{""bit_mapping"":""component_Gray_00_-3_01_-1_10_3_11_1_over_sqrt5;QPSK_0_plus1_1_minus1"",""cuda"":""12.8"",""decoder"":{""cn_schedule"":""flooding"",""cn_update"":""boxplus-phi"",""early_stop"":false,""hard_out"":true,""harq_mode"":false,""llr_max"":20.0,""num_iter"":20,""precision"":""single"",""prune_pcm"":true,""return_infobits"":true,""vn_update"":""sum""},""decoder_source_sha256"":""44d84b92b749e2970f94d92cd348a11648e2286b4d851faa0af8b21d08f0da23"",""encoder_source_sha256"":""34d8db6660b2e84708a8fb534f63c194f6f2b964e3693fcffc9dcaf21532ccfd"",""implementation"":""Sionna_5G_LDPC"",""power_protocol"":""fixed_constellation_average_Es2"",""precision"":""float32"",""rate_matching"":""Sionna RV0; filler removal, first2Z and tail puncturing; supported n only"",""scrambling"":""public_PCG64_SHA256_protocol_session_frame_group_counter_after_rate_matching_v1"",""torch"":""2.11.0+cu128"",""version"":""2.2.0""},""interleaver_sha256"":""e8785d63bd64b9114c4e1b70942249e1566d92068d3b3ac55cf4840f41991daf"",""k"":208,""k_filler"":52,""k_ldpc"":260,""layout_id"":""f8ea612d68ad76bbeb6a222f3a317e94b603a4f389c2c6cf07e228f850efa515"",""modulation_padding_bits"":0,""mother_bits"":1352,""n"":868,""n_cb"":1300,""n_cb_comp"":1248,""power_protocol"":""fixed_constellation_average_Es2"",""puncturing_bits"":432,""puncturing_first_2Z"":52,""puncturing_remaining"":380,""repetition_bits"":0,""scrambling"":""public_PCG64_SHA256_protocol_session_frame_group_counter_after_rate_matching_v1"",""shortening_bits"":52,""z"":26}",[2048]
16QAM,5/6,16QAM:r5/6,fd51cc268bb875fba07e372b1783d4ab3919c5721fbd29df4eba8381c0268613,360,16,0,376,480,104,2496,1428,357,0,0.26330532212885155,0.25210084033613445,"{""actual_effective_rate"":0.26330532212885155,""bg"":""bg2"",""bit_mapping"":""component_Gray_00_-3_01_-1_10_3_11_1_over_sqrt5;QPSK_0_plus1_1_minus1"",""code_blocks"":1,""decoder_config"":{""cn_schedule"":""flooding"",""cn_update"":""boxplus-phi"",""early_stop"":false,""hard_out"":true,""harq_mode"":false,""llr_max"":20.0,""num_iter"":20,""precision"":""single"",""prune_pcm"":true,""return_infobits"":true,""vn_update"":""sum""},""implementation"":{""bit_mapping"":""component_Gray_00_-3_01_-1_10_3_11_1_over_sqrt5;QPSK_0_plus1_1_minus1"",""cuda"":""12.8"",""decoder"":{""cn_schedule"":""flooding"",""cn_update"":""boxplus-phi"",""early_stop"":false,""hard_out"":true,""harq_mode"":false,""llr_max"":20.0,""num_iter"":20,""precision"":""single"",""prune_pcm"":true,""return_infobits"":true,""vn_update"":""sum""},""decoder_source_sha256"":""44d84b92b749e2970f94d92cd348a11648e2286b4d851faa0af8b21d08f0da23"",""encoder_source_sha256"":""34d8db6660b2e84708a8fb534f63c194f6f2b964e3693fcffc9dcaf21532ccfd"",""implementation"":""Sionna_5G_LDPC"",""power_protocol"":""fixed_constellation_average_Es2"",""precision"":""float32"",""rate_matching"":""Sionna RV0; filler removal, first2Z and tail puncturing; supported n only"",""scrambling"":""public_PCG64_SHA256_protocol_session_frame_group_counter_after_rate_matching_v1"",""torch"":""2.11.0+cu128"",""version"":""2.2.0""},""interleaver_sha256"":""abffae00b2963998701082957707e5b2a4096c1280c0df09270f8d08005cbd4c"",""k"":376,""k_filler"":104,""k_ldpc"":480,""layout_id"":""64c944f91d55e84cce845ad581151c39bd76f06d8d62c8b79c7615c5282e9323"",""modulation_padding_bits"":0,""mother_bits"":2496,""n"":1428,""n_cb"":2400,""n_cb_comp"":2296,""power_protocol"":""fixed_constellation_average_Es2"",""puncturing_bits"":964,""puncturing_first_2Z"":96,""puncturing_remaining"":868,""repetition_bits"":0,""scrambling"":""public_PCG64_SHA256_protocol_session_frame_group_counter_after_rate_matching_v1"",""shortening_bits"":104,""z"":48}",[1024]
QPSK,5/6,QPSK:r5/6,fd5bb7cf75583762a9c05b177c71e56528eb15b119e65ddaeb8c6b29aaaf4e5c,144,16,0,160,280,120,1456,192,96,0,0.8333333333333334,0.75,"{""actual_effective_rate"":0.8333333333333334,""bg"":""bg2"",""bit_mapping"":""component_Gray_00_-3_01_-1_10_3_11_1_over_sqrt5;QPSK_0_plus1_1_minus1"",""code_blocks"":1,""decoder_config"":{""cn_schedule"":""flooding"",""cn_update"":""boxplus-phi"",""early_stop"":false,""hard_out"":true,""harq_mode"":false,""llr_max"":20.0,""num_iter"":20,""precision"":""single"",""prune_pcm"":true,""return_infobits"":true,""vn_update"":""sum""},""implementation"":{""bit_mapping"":""component_Gray_00_-3_01_-1_10_3_11_1_over_sqrt5;QPSK_0_plus1_1_minus1"",""cuda"":""12.8"",""decoder"":{""cn_schedule"":""flooding"",""cn_update"":""boxplus-phi"",""early_stop"":false,""hard_out"":true,""harq_mode"":false,""llr_max"":20.0,""num_iter"":20,""precision"":""single"",""prune_pcm"":true,""return_infobits"":true,""vn_update"":""sum""},""decoder_source_sha256"":""44d84b92b749e2970f94d92cd348a11648e2286b4d851faa0af8b21d08f0da23"",""encoder_source_sha256"":""34d8db6660b2e84708a8fb534f63c194f6f2b964e3693fcffc9dcaf21532ccfd"",""implementation"":""Sionna_5G_LDPC"",""power_protocol"":""fixed_constellation_average_Es2"",""precision"":""float32"",""rate_matching"":""Sionna RV0; filler removal, first2Z and tail puncturing; supported n only"",""scrambling"":""public_PCG64_SHA256_protocol_session_frame_group_counter_after_rate_matching_v1"",""torch"":""2.11.0+cu128"",""version"":""2.2.0""},""interleaver_sha256"":""aa9b349a0196b74b23fd5c75cafebdf7eaae20987606993c3c0a62152bea0b5d"",""k"":160,""k_filler"":120,""k_ldpc"":280,""layout_id"":""e7b7dcf64d6aa1f93b43b0c9f93f683d257ca4be996ed0bddf1843c1d4fc91ff"",""modulation_padding_bits"":0,""mother_bits"":1456,""n"":192,""n_cb"":1400,""n_cb_comp"":1280,""power_protocol"":""fixed_constellation_average_Es2"",""puncturing_bits"":1144,""puncturing_first_2Z"":56,""puncturing_remaining"":1088,""repetition_bits"":0,""scrambling"":""public_PCG64_SHA256_protocol_session_frame_group_counter_after_rate_matching_v1"",""shortening_bits"":120,""z"":28}","[1024,2048]"
QPSK,1/2,QPSK:r1/2,fd81e34f56f7a44adba763f026736d75886f95be67b840e0c75e2f2588b53d6a,1092,16,0,1108,1120,12,5824,3748,1874,0,0.29562433297758806,0.2913553895410886,"{""actual_effective_rate"":0.29562433297758806,""bg"":""bg2"",""bit_mapping"":""component_Gray_00_-3_01_-1_10_3_11_1_over_sqrt5;QPSK_0_plus1_1_minus1"",""code_blocks"":1,""decoder_config"":{""cn_schedule"":""flooding"",""cn_update"":""boxplus-phi"",""early_stop"":false,""hard_out"":true,""harq_mode"":false,""llr_max"":20.0,""num_iter"":20,""precision"":""single"",""prune_pcm"":true,""return_infobits"":true,""vn_update"":""sum""},""implementation"":{""bit_mapping"":""component_Gray_00_-3_01_-1_10_3_11_1_over_sqrt5;QPSK_0_plus1_1_minus1"",""cuda"":""12.8"",""decoder"":{""cn_schedule"":""flooding"",""cn_update"":""boxplus-phi"",""early_stop"":false,""hard_out"":true,""harq_mode"":false,""llr_max"":20.0,""num_iter"":20,""precision"":""single"",""prune_pcm"":true,""return_infobits"":true,""vn_update"":""sum""},""decoder_source_sha256"":""44d84b92b749e2970f94d92cd348a11648e2286b4d851faa0af8b21d08f0da23"",""encoder_source_sha256"":""34d8db6660b2e84708a8fb534f63c194f6f2b964e3693fcffc9dcaf21532ccfd"",""implementation"":""Sionna_5G_LDPC"",""power_protocol"":""fixed_constellation_average_Es2"",""precision"":""float32"",""rate_matching"":""Sionna RV0; filler removal, first2Z and tail puncturing; supported n only"",""scrambling"":""public_PCG64_SHA256_protocol_session_frame_group_counter_after_rate_matching_v1"",""torch"":""2.11.0+cu128"",""version"":""2.2.0""},""interleaver_sha256"":""eb807c42769bc210b5f10a724415c581ed3916ffdac1de15eb8eaae1cb70722d"",""k"":1108,""k_filler"":12,""k_ldpc"":1120,""layout_id"":""22a54167789229a52fcacc431a19cdbcad9f5a62622768d2723f05141eb18c8b"",""modulation_padding_bits"":0,""mother_bits"":5824,""n"":3748,""n_cb"":5600,""n_cb_comp"":5588,""power_protocol"":""fixed_constellation_average_Es2"",""puncturing_bits"":2064,""puncturing_first_2Z"":224,""puncturing_remaining"":1840,""repetition_bits"":0,""scrambling"":""public_PCG64_SHA256_protocol_session_frame_group_counter_after_rate_matching_v1"",""shortening_bits"":12,""z"":112}",[2048]
QPSK,2/3,QPSK:r2/3,fd8f61e20ad22d057eb842707005346c2aec07386027c27b6e3d4c107215db88,660,16,0,676,720,44,3744,1982,991,0,0.3410696266397578,0.3329969727547931,"{""actual_effective_rate"":0.3410696266397578,""bg"":""bg2"",""bit_mapping"":""component_Gray_00_-3_01_-1_10_3_11_1_over_sqrt5;QPSK_0_plus1_1_minus1"",""code_blocks"":1,""decoder_config"":{""cn_schedule"":""flooding"",""cn_update"":""boxplus-phi"",""early_stop"":false,""hard_out"":true,""harq_mode"":false,""llr_max"":20.0,""num_iter"":20,""precision"":""single"",""prune_pcm"":true,""return_infobits"":true,""vn_update"":""sum""},""implementation"":{""bit_mapping"":""component_Gray_00_-3_01_-1_10_3_11_1_over_sqrt5;QPSK_0_plus1_1_minus1"",""cuda"":""12.8"",""decoder"":{""cn_schedule"":""flooding"",""cn_update"":""boxplus-phi"",""early_stop"":false,""hard_out"":true,""harq_mode"":false,""llr_max"":20.0,""num_iter"":20,""precision"":""single"",""prune_pcm"":true,""return_infobits"":true,""vn_update"":""sum""},""decoder_source_sha256"":""44d84b92b749e2970f94d92cd348a11648e2286b4d851faa0af8b21d08f0da23"",""encoder_source_sha256"":""34d8db6660b2e84708a8fb534f63c194f6f2b964e3693fcffc9dcaf21532ccfd"",""implementation"":""Sionna_5G_LDPC"",""power_protocol"":""fixed_constellation_average_Es2"",""precision"":""float32"",""rate_matching"":""Sionna RV0; filler removal, first2Z and tail puncturing; supported n only"",""scrambling"":""public_PCG64_SHA256_protocol_session_frame_group_counter_after_rate_matching_v1"",""torch"":""2.11.0+cu128"",""version"":""2.2.0""},""interleaver_sha256"":""0d3e2661972eae301512e17cb8c8cb0be255484da382838cc56e0e076673313b"",""k"":676,""k_filler"":44,""k_ldpc"":720,""layout_id"":""639243e0b756f07f78d8cc87a09f3a5f59bc0677db6c97fe915273e08362abbc"",""modulation_padding_bits"":0,""mother_bits"":3744,""n"":1982,""n_cb"":3600,""n_cb_comp"":3556,""power_protocol"":""fixed_constellation_average_Es2"",""puncturing_bits"":1718,""puncturing_first_2Z"":144,""puncturing_remaining"":1574,""repetition_bits"":0,""scrambling"":""public_PCG64_SHA256_protocol_session_frame_group_counter_after_rate_matching_v1"",""shortening_bits"":44,""z"":72}",[2048]
16QAM,3/4,16QAM:r3/4,fd988356312b20d1acb765a802df9720215aa396cac6a449ef5dfbba6a3cfe99,3480,16,0,3496,3520,24,18304,5836,1459,0,0.5990404386566142,0.5962988348183688,"{""actual_effective_rate"":0.5990404386566142,""bg"":""bg2"",""bit_mapping"":""component_Gray_00_-3_01_-1_10_3_11_1_over_sqrt5;QPSK_0_plus1_1_minus1"",""code_blocks"":1,""decoder_config"":{""cn_schedule"":""flooding"",""cn_update"":""boxplus-phi"",""early_stop"":false,""hard_out"":true,""harq_mode"":false,""llr_max"":20.0,""num_iter"":20,""precision"":""single"",""prune_pcm"":true,""return_infobits"":true,""vn_update"":""sum""},""implementation"":{""bit_mapping"":""component_Gray_00_-3_01_-1_10_3_11_1_over_sqrt5;QPSK_0_plus1_1_minus1"",""cuda"":""12.8"",""decoder"":{""cn_schedule"":""flooding"",""cn_update"":""boxplus-phi"",""early_stop"":false,""hard_out"":true,""harq_mode"":false,""llr_max"":20.0,""num_iter"":20,""precision"":""single"",""prune_pcm"":true,""return_infobits"":true,""vn_update"":""sum""},""decoder_source_sha256"":""44d84b92b749e2970f94d92cd348a11648e2286b4d851faa0af8b21d08f0da23"",""encoder_source_sha256"":""34d8db6660b2e84708a8fb534f63c194f6f2b964e3693fcffc9dcaf21532ccfd"",""implementation"":""Sionna_5G_LDPC"",""power_protocol"":""fixed_constellation_average_Es2"",""precision"":""float32"",""rate_matching"":""Sionna RV0; filler removal, first2Z and tail puncturing; supported n only"",""scrambling"":""public_PCG64_SHA256_protocol_session_frame_group_counter_after_rate_matching_v1"",""torch"":""2.11.0+cu128"",""version"":""2.2.0""},""interleaver_sha256"":""5c6c66e34acf39a52c6e6112b6aa2e64a1afa6417c230a96ea0dcd8f91d46ba7"",""k"":3496,""k_filler"":24,""k_ldpc"":3520,""layout_id"":""d22376073c5174e0264a5a4d212b1e12660543129b3daffb034b680d31d39445"",""modulation_padding_bits"":0,""mother_bits"":18304,""n"":5836,""n_cb"":17600,""n_cb_comp"":17576,""power_protocol"":""fixed_constellation_average_Es2"",""puncturing_bits"":12444,""puncturing_first_2Z"":704,""puncturing_remaining"":11740,""repetition_bits"":0,""scrambling"":""public_PCG64_SHA256_protocol_session_frame_group_counter_after_rate_matching_v1"",""shortening_bits"":24,""z"":352}",[2048]
QPSK,1/3,QPSK:r1/3,fda5adee25c260ba31b3a19acb82f5a21298a31fc3a2729588b5b127567fae23,432,16,0,448,560,112,2912,1344,672,0,0.3333333333333333,0.32142857142857145,"{""actual_effective_rate"":0.3333333333333333,""bg"":""bg2"",""bit_mapping"":""component_Gray_00_-3_01_-1_10_3_11_1_over_sqrt5;QPSK_0_plus1_1_minus1"",""code_blocks"":1,""decoder_config"":{""cn_schedule"":""flooding"",""cn_update"":""boxplus-phi"",""early_stop"":false,""hard_out"":true,""harq_mode"":false,""llr_max"":20.0,""num_iter"":20,""precision"":""single"",""prune_pcm"":true,""return_infobits"":true,""vn_update"":""sum""},""implementation"":{""bit_mapping"":""component_Gray_00_-3_01_-1_10_3_11_1_over_sqrt5;QPSK_0_plus1_1_minus1"",""cuda"":""12.8"",""decoder"":{""cn_schedule"":""flooding"",""cn_update"":""boxplus-phi"",""early_stop"":false,""hard_out"":true,""harq_mode"":false,""llr_max"":20.0,""num_iter"":20,""precision"":""single"",""prune_pcm"":true,""return_infobits"":true,""vn_update"":""sum""},""decoder_source_sha256"":""44d84b92b749e2970f94d92cd348a11648e2286b4d851faa0af8b21d08f0da23"",""encoder_source_sha256"":""34d8db6660b2e84708a8fb534f63c194f6f2b964e3693fcffc9dcaf21532ccfd"",""implementation"":""Sionna_5G_LDPC"",""power_protocol"":""fixed_constellation_average_Es2"",""precision"":""float32"",""rate_matching"":""Sionna RV0; filler removal, first2Z and tail puncturing; supported n only"",""scrambling"":""public_PCG64_SHA256_protocol_session_frame_group_counter_after_rate_matching_v1"",""torch"":""2.11.0+cu128"",""version"":""2.2.0""},""interleaver_sha256"":""81ef2b9db1181b1f22ea84d4e254159d6c05cff61e2305af355540726a2a83d8"",""k"":448,""k_filler"":112,""k_ldpc"":560,""layout_id"":""6ab6f13581f6225df1dd8ea3115abc6f909ce30e3ade00728be919fd98af8dcb"",""modulation_padding_bits"":0,""mother_bits"":2912,""n"":1344,""n_cb"":2800,""n_cb_comp"":2688,""power_protocol"":""fixed_constellation_average_Es2"",""puncturing_bits"":1456,""puncturing_first_2Z"":112,""puncturing_remaining"":1344,""repetition_bits"":0,""scrambling"":""public_PCG64_SHA256_protocol_session_frame_group_counter_after_rate_matching_v1"",""shortening_bits"":112,""z"":56}","[1024,2048]"
16QAM,3/4,16QAM:r3/4,fdb565ae9940fa50a727ef49ce9748feeabf4e4cf7e2412376131f0336cdd718,2976,16,0,2992,3200,208,16640,5776,1444,0,0.518005540166205,0.5152354570637119,"{""actual_effective_rate"":0.518005540166205,""bg"":""bg2"",""bit_mapping"":""component_Gray_00_-3_01_-1_10_3_11_1_over_sqrt5;QPSK_0_plus1_1_minus1"",""code_blocks"":1,""decoder_config"":{""cn_schedule"":""flooding"",""cn_update"":""boxplus-phi"",""early_stop"":false,""hard_out"":true,""harq_mode"":false,""llr_max"":20.0,""num_iter"":20,""precision"":""single"",""prune_pcm"":true,""return_infobits"":true,""vn_update"":""sum""},""implementation"":{""bit_mapping"":""component_Gray_00_-3_01_-1_10_3_11_1_over_sqrt5;QPSK_0_plus1_1_minus1"",""cuda"":""12.8"",""decoder"":{""cn_schedule"":""flooding"",""cn_update"":""boxplus-phi"",""early_stop"":false,""hard_out"":true,""harq_mode"":false,""llr_max"":20.0,""num_iter"":20,""precision"":""single"",""prune_pcm"":true,""return_infobits"":true,""vn_update"":""sum""},""decoder_source_sha256"":""44d84b92b749e2970f94d92cd348a11648e2286b4d851faa0af8b21d08f0da23"",""encoder_source_sha256"":""34d8db6660b2e84708a8fb534f63c194f6f2b964e3693fcffc9dcaf21532ccfd"",""implementation"":""Sionna_5G_LDPC"",""power_protocol"":""fixed_constellation_average_Es2"",""precision"":""float32"",""rate_matching"":""Sionna RV0; filler removal, first2Z and tail puncturing; supported n only"",""scrambling"":""public_PCG64_SHA256_protocol_session_frame_group_counter_after_rate_matching_v1"",""torch"":""2.11.0+cu128"",""version"":""2.2.0""},""interleaver_sha256"":""5e085e50cc5298eb49d411c4016badb8d40396a7319575aa4bb8f015d2eaab90"",""k"":2992,""k_filler"":208,""k_ldpc"":3200,""layout_id"":""e0b3217f35e203e7b7e9355a8652f9cf3d92422ff38d19e3ecc2185a65fd7385"",""modulation_padding_bits"":0,""mother_bits"":16640,""n"":5776,""n_cb"":16000,""n_cb_comp"":15792,""power_protocol"":""fixed_constellation_average_Es2"",""puncturing_bits"":10656,""puncturing_first_2Z"":640,""puncturing_remaining"":10016,""repetition_bits"":0,""scrambling"":""public_PCG64_SHA256_protocol_session_frame_group_counter_after_rate_matching_v1"",""shortening_bits"":208,""z"":320}",[2048]
16QAM,1/3,16QAM:r1/3,fdbee4bbd1adf81f8347902e708df33fd28eaee46636ad175ca40e4e121ef3d1,1800,16,0,1816,1920,104,9984,5948,1487,0,0.3053127101546738,0.3026227303295225,"{""actual_effective_rate"":0.3053127101546738,""bg"":""bg2"",""bit_mapping"":""component_Gray_00_-3_01_-1_10_3_11_1_over_sqrt5;QPSK_0_plus1_1_minus1"",""code_blocks"":1,""decoder_config"":{""cn_schedule"":""flooding"",""cn_update"":""boxplus-phi"",""early_stop"":false,""hard_out"":true,""harq_mode"":false,""llr_max"":20.0,""num_iter"":20,""precision"":""single"",""prune_pcm"":true,""return_infobits"":true,""vn_update"":""sum""},""implementation"":{""bit_mapping"":""component_Gray_00_-3_01_-1_10_3_11_1_over_sqrt5;QPSK_0_plus1_1_minus1"",""cuda"":""12.8"",""decoder"":{""cn_schedule"":""flooding"",""cn_update"":""boxplus-phi"",""early_stop"":false,""hard_out"":true,""harq_mode"":false,""llr_max"":20.0,""num_iter"":20,""precision"":""single"",""prune_pcm"":true,""return_infobits"":true,""vn_update"":""sum""},""decoder_source_sha256"":""44d84b92b749e2970f94d92cd348a11648e2286b4d851faa0af8b21d08f0da23"",""encoder_source_sha256"":""34d8db6660b2e84708a8fb534f63c194f6f2b964e3693fcffc9dcaf21532ccfd"",""implementation"":""Sionna_5G_LDPC"",""power_protocol"":""fixed_constellation_average_Es2"",""precision"":""float32"",""rate_matching"":""Sionna RV0; filler removal, first2Z and tail puncturing; supported n only"",""scrambling"":""public_PCG64_SHA256_protocol_session_frame_group_counter_after_rate_matching_v1"",""torch"":""2.11.0+cu128"",""version"":""2.2.0""},""interleaver_sha256"":""8f805501c7a6cf5eb0d3a2e6691ebff326c85824c2a6d7fe109d924b4103341d"",""k"":1816,""k_filler"":104,""k_ldpc"":1920,""layout_id"":""40f256d62c7feaf6f8c1708721d5c8366d8b7ad96946358a844ca0a1ad37c2a9"",""modulation_padding_bits"":0,""mother_bits"":9984,""n"":5948,""n_cb"":9600,""n_cb_comp"":9496,""power_protocol"":""fixed_constellation_average_Es2"",""puncturing_bits"":3932,""puncturing_first_2Z"":384,""puncturing_remaining"":3548,""repetition_bits"":0,""scrambling"":""public_PCG64_SHA256_protocol_session_frame_group_counter_after_rate_matching_v1"",""shortening_bits"":104,""z"":192}",[2048]
16QAM,1/3,16QAM:r1/3,fdc600d63d8c8274497ff0e44b98cf674235f3608264f4eca2cf8a1e67e79327,1092,16,0,1108,1120,12,5824,4172,1043,0,0.26558005752636626,0.26174496644295303,"{""actual_effective_rate"":0.26558005752636626,""bg"":""bg2"",""bit_mapping"":""component_Gray_00_-3_01_-1_10_3_11_1_over_sqrt5;QPSK_0_plus1_1_minus1"",""code_blocks"":1,""decoder_config"":{""cn_schedule"":""flooding"",""cn_update"":""boxplus-phi"",""early_stop"":false,""hard_out"":true,""harq_mode"":false,""llr_max"":20.0,""num_iter"":20,""precision"":""single"",""prune_pcm"":true,""return_infobits"":true,""vn_update"":""sum""},""implementation"":{""bit_mapping"":""component_Gray_00_-3_01_-1_10_3_11_1_over_sqrt5;QPSK_0_plus1_1_minus1"",""cuda"":""12.8"",""decoder"":{""cn_schedule"":""flooding"",""cn_update"":""boxplus-phi"",""early_stop"":false,""hard_out"":true,""harq_mode"":false,""llr_max"":20.0,""num_iter"":20,""precision"":""single"",""prune_pcm"":true,""return_infobits"":true,""vn_update"":""sum""},""decoder_source_sha256"":""44d84b92b749e2970f94d92cd348a11648e2286b4d851faa0af8b21d08f0da23"",""encoder_source_sha256"":""34d8db6660b2e84708a8fb534f63c194f6f2b964e3693fcffc9dcaf21532ccfd"",""implementation"":""Sionna_5G_LDPC"",""power_protocol"":""fixed_constellation_average_Es2"",""precision"":""float32"",""rate_matching"":""Sionna RV0; filler removal, first2Z and tail puncturing; supported n only"",""scrambling"":""public_PCG64_SHA256_protocol_session_frame_group_counter_after_rate_matching_v1"",""torch"":""2.11.0+cu128"",""version"":""2.2.0""},""interleaver_sha256"":""8bf7e03a9961ca8e891d2fa34c009ab387b745d05756202440d92d78768c8ad4"",""k"":1108,""k_filler"":12,""k_ldpc"":1120,""layout_id"":""fff8aafa9d1c2d331e56058659a7ff2d29d5ce984b6827eeacf9af434a5bf65a"",""modulation_padding_bits"":0,""mother_bits"":5824,""n"":4172,""n_cb"":5600,""n_cb_comp"":5588,""power_protocol"":""fixed_constellation_average_Es2"",""puncturing_bits"":1640,""puncturing_first_2Z"":224,""puncturing_remaining"":1416,""repetition_bits"":0,""scrambling"":""public_PCG64_SHA256_protocol_session_frame_group_counter_after_rate_matching_v1"",""shortening_bits"":12,""z"":112}",[2048]
16QAM,2/3,16QAM:r2/3,fdd4afa10c18415bae97d29cd0c667e751dfef450042f2dbdb8714ae60125e9a,432,16,0,448,560,112,2912,760,190,0,0.5894736842105263,0.5684210526315789,"{""actual_effective_rate"":0.5894736842105263,""bg"":""bg2"",""bit_mapping"":""component_Gray_00_-3_01_-1_10_3_11_1_over_sqrt5;QPSK_0_plus1_1_minus1"",""code_blocks"":1,""decoder_config"":{""cn_schedule"":""flooding"",""cn_update"":""boxplus-phi"",""early_stop"":false,""hard_out"":true,""harq_mode"":false,""llr_max"":20.0,""num_iter"":20,""precision"":""single"",""prune_pcm"":true,""return_infobits"":true,""vn_update"":""sum""},""implementation"":{""bit_mapping"":""component_Gray_00_-3_01_-1_10_3_11_1_over_sqrt5;QPSK_0_plus1_1_minus1"",""cuda"":""12.8"",""decoder"":{""cn_schedule"":""flooding"",""cn_update"":""boxplus-phi"",""early_stop"":false,""hard_out"":true,""harq_mode"":false,""llr_max"":20.0,""num_iter"":20,""precision"":""single"",""prune_pcm"":true,""return_infobits"":true,""vn_update"":""sum""},""decoder_source_sha256"":""44d84b92b749e2970f94d92cd348a11648e2286b4d851faa0af8b21d08f0da23"",""encoder_source_sha256"":""34d8db6660b2e84708a8fb534f63c194f6f2b964e3693fcffc9dcaf21532ccfd"",""implementation"":""Sionna_5G_LDPC"",""power_protocol"":""fixed_constellation_average_Es2"",""precision"":""float32"",""rate_matching"":""Sionna RV0; filler removal, first2Z and tail puncturing; supported n only"",""scrambling"":""public_PCG64_SHA256_protocol_session_frame_group_counter_after_rate_matching_v1"",""torch"":""2.11.0+cu128"",""version"":""2.2.0""},""interleaver_sha256"":""680db31dcf503c9aea70473a924723e02a561be4e484c0216ffd0cae9883eda1"",""k"":448,""k_filler"":112,""k_ldpc"":560,""layout_id"":""50df58187a5a6a676b15adb5354246bf9a7ecd384e37340ea8f8269ff3bfd84b"",""modulation_padding_bits"":0,""mother_bits"":2912,""n"":760,""n_cb"":2800,""n_cb_comp"":2688,""power_protocol"":""fixed_constellation_average_Es2"",""puncturing_bits"":2040,""puncturing_first_2Z"":112,""puncturing_remaining"":1928,""repetition_bits"":0,""scrambling"":""public_PCG64_SHA256_protocol_session_frame_group_counter_after_rate_matching_v1"",""shortening_bits"":112,""z"":56}",[1024]
16QAM,1/2,16QAM:r1/2,fdd5096194fd5c123664a4c6676dbb7a27a74067abfabab57af2ce69d80325f1,1092,16,0,1108,1120,12,5824,4524,1131,0,0.24491600353669318,0.2413793103448276,"{""actual_effective_rate"":0.24491600353669318,""bg"":""bg2"",""bit_mapping"":""component_Gray_00_-3_01_-1_10_3_11_1_over_sqrt5;QPSK_0_plus1_1_minus1"",""code_blocks"":1,""decoder_config"":{""cn_schedule"":""flooding"",""cn_update"":""boxplus-phi"",""early_stop"":false,""hard_out"":true,""harq_mode"":false,""llr_max"":20.0,""num_iter"":20,""precision"":""single"",""prune_pcm"":true,""return_infobits"":true,""vn_update"":""sum""},""implementation"":{""bit_mapping"":""component_Gray_00_-3_01_-1_10_3_11_1_over_sqrt5;QPSK_0_plus1_1_minus1"",""cuda"":""12.8"",""decoder"":{""cn_schedule"":""flooding"",""cn_update"":""boxplus-phi"",""early_stop"":false,""hard_out"":true,""harq_mode"":false,""llr_max"":20.0,""num_iter"":20,""precision"":""single"",""prune_pcm"":true,""return_infobits"":true,""vn_update"":""sum""},""decoder_source_sha256"":""44d84b92b749e2970f94d92cd348a11648e2286b4d851faa0af8b21d08f0da23"",""encoder_source_sha256"":""34d8db6660b2e84708a8fb534f63c194f6f2b964e3693fcffc9dcaf21532ccfd"",""implementation"":""Sionna_5G_LDPC"",""power_protocol"":""fixed_constellation_average_Es2"",""precision"":""float32"",""rate_matching"":""Sionna RV0; filler removal, first2Z and tail puncturing; supported n only"",""scrambling"":""public_PCG64_SHA256_protocol_session_frame_group_counter_after_rate_matching_v1"",""torch"":""2.11.0+cu128"",""version"":""2.2.0""},""interleaver_sha256"":""d4eb5bf7e8ae14b84b9c74a18b675a58b1ea3abd5011040ff4c40ac564c878cf"",""k"":1108,""k_filler"":12,""k_ldpc"":1120,""layout_id"":""b379a0fc76eb7586acf51a5aaa733552b94e02b8590f39cb7cb7d9fd84437974"",""modulation_padding_bits"":0,""mother_bits"":5824,""n"":4524,""n_cb"":5600,""n_cb_comp"":5588,""power_protocol"":""fixed_constellation_average_Es2"",""puncturing_bits"":1288,""puncturing_first_2Z"":224,""puncturing_remaining"":1064,""repetition_bits"":0,""scrambling"":""public_PCG64_SHA256_protocol_session_frame_group_counter_after_rate_matching_v1"",""shortening_bits"":12,""z"":112}",[2048]
QPSK,1/3,QPSK:r1/3,fdeb5f79f85a86c2416e5977802679456c40d3a93e2c6101dff976b95a13ab44,924,16,0,940,960,20,4992,3634,1817,0,0.25866813428728674,0.2542652724270776,"{""actual_effective_rate"":0.25866813428728674,""bg"":""bg2"",""bit_mapping"":""component_Gray_00_-3_01_-1_10_3_11_1_over_sqrt5;QPSK_0_plus1_1_minus1"",""code_blocks"":1,""decoder_config"":{""cn_schedule"":""flooding"",""cn_update"":""boxplus-phi"",""early_stop"":false,""hard_out"":true,""harq_mode"":false,""llr_max"":20.0,""num_iter"":20,""precision"":""single"",""prune_pcm"":true,""return_infobits"":true,""vn_update"":""sum""},""implementation"":{""bit_mapping"":""component_Gray_00_-3_01_-1_10_3_11_1_over_sqrt5;QPSK_0_plus1_1_minus1"",""cuda"":""12.8"",""decoder"":{""cn_schedule"":""flooding"",""cn_update"":""boxplus-phi"",""early_stop"":false,""hard_out"":true,""harq_mode"":false,""llr_max"":20.0,""num_iter"":20,""precision"":""single"",""prune_pcm"":true,""return_infobits"":true,""vn_update"":""sum""},""decoder_source_sha256"":""44d84b92b749e2970f94d92cd348a11648e2286b4d851faa0af8b21d08f0da23"",""encoder_source_sha256"":""34d8db6660b2e84708a8fb534f63c194f6f2b964e3693fcffc9dcaf21532ccfd"",""implementation"":""Sionna_5G_LDPC"",""power_protocol"":""fixed_constellation_average_Es2"",""precision"":""float32"",""rate_matching"":""Sionna RV0; filler removal, first2Z and tail puncturing; supported n only"",""scrambling"":""public_PCG64_SHA256_protocol_session_frame_group_counter_after_rate_matching_v1"",""torch"":""2.11.0+cu128"",""version"":""2.2.0""},""interleaver_sha256"":""8c48ae863855de15dac7c8c6913e91a2237edc96511c2eea70a0ff28f99d3584"",""k"":940,""k_filler"":20,""k_ldpc"":960,""layout_id"":""321ee5a5b43e67012e6e590285d6bfb63b883b25698409eb1c37869c514d537c"",""modulation_padding_bits"":0,""mother_bits"":4992,""n"":3634,""n_cb"":4800,""n_cb_comp"":4780,""power_protocol"":""fixed_constellation_average_Es2"",""puncturing_bits"":1338,""puncturing_first_2Z"":192,""puncturing_remaining"":1146,""repetition_bits"":0,""scrambling"":""public_PCG64_SHA256_protocol_session_frame_group_counter_after_rate_matching_v1"",""shortening_bits"":20,""z"":96}",[2048]
QPSK,1/2,QPSK:r1/2,fdee5dc9dd1184abceb97ef8ecb961a570f477ddfa5fcc6a86d4f0f53c185ab6,516,16,0,532,720,188,3744,1064,532,0,0.5,0.4849624060150376,"{""actual_effective_rate"":0.5,""bg"":""bg2"",""bit_mapping"":""component_Gray_00_-3_01_-1_10_3_11_1_over_sqrt5;QPSK_0_plus1_1_minus1"",""code_blocks"":1,""decoder_config"":{""cn_schedule"":""flooding"",""cn_update"":""boxplus-phi"",""early_stop"":false,""hard_out"":true,""harq_mode"":false,""llr_max"":20.0,""num_iter"":20,""precision"":""single"",""prune_pcm"":true,""return_infobits"":true,""vn_update"":""sum""},""implementation"":{""bit_mapping"":""component_Gray_00_-3_01_-1_10_3_11_1_over_sqrt5;QPSK_0_plus1_1_minus1"",""cuda"":""12.8"",""decoder"":{""cn_schedule"":""flooding"",""cn_update"":""boxplus-phi"",""early_stop"":false,""hard_out"":true,""harq_mode"":false,""llr_max"":20.0,""num_iter"":20,""precision"":""single"",""prune_pcm"":true,""return_infobits"":true,""vn_update"":""sum""},""decoder_source_sha256"":""44d84b92b749e2970f94d92cd348a11648e2286b4d851faa0af8b21d08f0da23"",""encoder_source_sha256"":""34d8db6660b2e84708a8fb534f63c194f6f2b964e3693fcffc9dcaf21532ccfd"",""implementation"":""Sionna_5G_LDPC"",""power_protocol"":""fixed_constellation_average_Es2"",""precision"":""float32"",""rate_matching"":""Sionna RV0; filler removal, first2Z and tail puncturing; supported n only"",""scrambling"":""public_PCG64_SHA256_protocol_session_frame_group_counter_after_rate_matching_v1"",""torch"":""2.11.0+cu128"",""version"":""2.2.0""},""interleaver_sha256"":""35ac0105033a8be333e82d32ddd4fd8ad5b7314e1eca5f9dd0ff44cc6bf374a2"",""k"":532,""k_filler"":188,""k_ldpc"":720,""layout_id"":""ff15e04825862be452799b90317f0b1942e63a83cbd28671e4844d38a73320cd"",""modulation_padding_bits"":0,""mother_bits"":3744,""n"":1064,""n_cb"":3600,""n_cb_comp"":3412,""power_protocol"":""fixed_constellation_average_Es2"",""puncturing_bits"":2492,""puncturing_first_2Z"":144,""puncturing_remaining"":2348,""repetition_bits"":0,""scrambling"":""public_PCG64_SHA256_protocol_session_frame_group_counter_after_rate_matching_v1"",""shortening_bits"":188,""z"":72}","[1024,2048]"
16QAM,5/6,16QAM:r5/6,fdeed3772b9f84c90ad548aff42f8d409352026919de50f173eb3636190004d5,1860,16,0,1876,1936,60,5984,2268,567,0,0.8271604938271605,0.8201058201058201,"{""actual_effective_rate"":0.8271604938271605,""bg"":""bg1"",""bit_mapping"":""component_Gray_00_-3_01_-1_10_3_11_1_over_sqrt5;QPSK_0_plus1_1_minus1"",""code_blocks"":1,""decoder_config"":{""cn_schedule"":""flooding"",""cn_update"":""boxplus-phi"",""early_stop"":false,""hard_out"":true,""harq_mode"":false,""llr_max"":20.0,""num_iter"":20,""precision"":""single"",""prune_pcm"":true,""return_infobits"":true,""vn_update"":""sum""},""implementation"":{""bit_mapping"":""component_Gray_00_-3_01_-1_10_3_11_1_over_sqrt5;QPSK_0_plus1_1_minus1"",""cuda"":""12.8"",""decoder"":{""cn_schedule"":""flooding"",""cn_update"":""boxplus-phi"",""early_stop"":false,""hard_out"":true,""harq_mode"":false,""llr_max"":20.0,""num_iter"":20,""precision"":""single"",""prune_pcm"":true,""return_infobits"":true,""vn_update"":""sum""},""decoder_source_sha256"":""44d84b92b749e2970f94d92cd348a11648e2286b4d851faa0af8b21d08f0da23"",""encoder_source_sha256"":""34d8db6660b2e84708a8fb534f63c194f6f2b964e3693fcffc9dcaf21532ccfd"",""implementation"":""Sionna_5G_LDPC"",""power_protocol"":""fixed_constellation_average_Es2"",""precision"":""float32"",""rate_matching"":""Sionna RV0; filler removal, first2Z and tail puncturing; supported n only"",""scrambling"":""public_PCG64_SHA256_protocol_session_frame_group_counter_after_rate_matching_v1"",""torch"":""2.11.0+cu128"",""version"":""2.2.0""},""interleaver_sha256"":""3a62368f4a1e3ac8007cff1cb179528d9759ae414b18472f32f90eabb23f2874"",""k"":1876,""k_filler"":60,""k_ldpc"":1936,""layout_id"":""ea722d46e69eb4a6c42c8a0207fac12ec9592ebacda15db4aea393bc99caf185"",""modulation_padding_bits"":0,""mother_bits"":5984,""n"":2268,""n_cb"":5808,""n_cb_comp"":5748,""power_protocol"":""fixed_constellation_average_Es2"",""puncturing_bits"":3656,""puncturing_first_2Z"":176,""puncturing_remaining"":3480,""repetition_bits"":0,""scrambling"":""public_PCG64_SHA256_protocol_session_frame_group_counter_after_rate_matching_v1"",""shortening_bits"":60,""z"":88}",[1024]
16QAM,2/3,16QAM:r2/3,fdf496c7bbc7dffdff5402d8e4599f19b27c366cc40896214f6dd1f01d63f379,1020,16,0,1036,1040,4,5408,1556,389,0,0.6658097686375322,0.6555269922879178,"{""actual_effective_rate"":0.6658097686375322,""bg"":""bg2"",""bit_mapping"":""component_Gray_00_-3_01_-1_10_3_11_1_over_sqrt5;QPSK_0_plus1_1_minus1"",""code_blocks"":1,""decoder_config"":{""cn_schedule"":""flooding"",""cn_update"":""boxplus-phi"",""early_stop"":false,""hard_out"":true,""harq_mode"":false,""llr_max"":20.0,""num_iter"":20,""precision"":""single"",""prune_pcm"":true,""return_infobits"":true,""vn_update"":""sum""},""implementation"":{""bit_mapping"":""component_Gray_00_-3_01_-1_10_3_11_1_over_sqrt5;QPSK_0_plus1_1_minus1"",""cuda"":""12.8"",""decoder"":{""cn_schedule"":""flooding"",""cn_update"":""boxplus-phi"",""early_stop"":false,""hard_out"":true,""harq_mode"":false,""llr_max"":20.0,""num_iter"":20,""precision"":""single"",""prune_pcm"":true,""return_infobits"":true,""vn_update"":""sum""},""decoder_source_sha256"":""44d84b92b749e2970f94d92cd348a11648e2286b4d851faa0af8b21d08f0da23"",""encoder_source_sha256"":""34d8db6660b2e84708a8fb534f63c194f6f2b964e3693fcffc9dcaf21532ccfd"",""implementation"":""Sionna_5G_LDPC"",""power_protocol"":""fixed_constellation_average_Es2"",""precision"":""float32"",""rate_matching"":""Sionna RV0; filler removal, first2Z and tail puncturing; supported n only"",""scrambling"":""public_PCG64_SHA256_protocol_session_frame_group_counter_after_rate_matching_v1"",""torch"":""2.11.0+cu128"",""version"":""2.2.0""},""interleaver_sha256"":""7cafe2aa5e063dcbe6a3ef2fc45516788f7db1e324702114637dcb3b7ff3b40a"",""k"":1036,""k_filler"":4,""k_ldpc"":1040,""layout_id"":""ce3635e0dcd78eddd9b53c5524914bd5d0c98941e79420f0551a92c088597ff8"",""modulation_padding_bits"":0,""mother_bits"":5408,""n"":1556,""n_cb"":5200,""n_cb_comp"":5196,""power_protocol"":""fixed_constellation_average_Es2"",""puncturing_bits"":3848,""puncturing_first_2Z"":208,""puncturing_remaining"":3640,""repetition_bits"":0,""scrambling"":""public_PCG64_SHA256_protocol_session_frame_group_counter_after_rate_matching_v1"",""shortening_bits"":4,""z"":104}",[1024]
16QAM,1/3,16QAM:r1/3,fdf7be3ef98e7d433822839d809e9bffe2664d341b45cda45841e01e74ede9f3,1092,16,0,1108,1120,12,5824,3336,834,0,0.33213429256594723,0.3273381294964029,"{""actual_effective_rate"":0.33213429256594723,""bg"":""bg2"",""bit_mapping"":""component_Gray_00_-3_01_-1_10_3_11_1_over_sqrt5;QPSK_0_plus1_1_minus1"",""code_blocks"":1,""decoder_config"":{""cn_schedule"":""flooding"",""cn_update"":""boxplus-phi"",""early_stop"":false,""hard_out"":true,""harq_mode"":false,""llr_max"":20.0,""num_iter"":20,""precision"":""single"",""prune_pcm"":true,""return_infobits"":true,""vn_update"":""sum""},""implementation"":{""bit_mapping"":""component_Gray_00_-3_01_-1_10_3_11_1_over_sqrt5;QPSK_0_plus1_1_minus1"",""cuda"":""12.8"",""decoder"":{""cn_schedule"":""flooding"",""cn_update"":""boxplus-phi"",""early_stop"":false,""hard_out"":true,""harq_mode"":false,""llr_max"":20.0,""num_iter"":20,""precision"":""single"",""prune_pcm"":true,""return_infobits"":true,""vn_update"":""sum""},""decoder_source_sha256"":""44d84b92b749e2970f94d92cd348a11648e2286b4d851faa0af8b21d08f0da23"",""encoder_source_sha256"":""34d8db6660b2e84708a8fb534f63c194f6f2b964e3693fcffc9dcaf21532ccfd"",""implementation"":""Sionna_5G_LDPC"",""power_protocol"":""fixed_constellation_average_Es2"",""precision"":""float32"",""rate_matching"":""Sionna RV0; filler removal, first2Z and tail puncturing; supported n only"",""scrambling"":""public_PCG64_SHA256_protocol_session_frame_group_counter_after_rate_matching_v1"",""torch"":""2.11.0+cu128"",""version"":""2.2.0""},""interleaver_sha256"":""270895d980edafd6f35a0e1d32af73c7534f7de30a6e846a5b8b1f9dec91cb46"",""k"":1108,""k_filler"":12,""k_ldpc"":1120,""layout_id"":""0f01e34e4e7cdf3992dc716c349e49a5b52f2e9cf684c9a403b6c844862e3b9c"",""modulation_padding_bits"":0,""mother_bits"":5824,""n"":3336,""n_cb"":5600,""n_cb_comp"":5588,""power_protocol"":""fixed_constellation_average_Es2"",""puncturing_bits"":2476,""puncturing_first_2Z"":224,""puncturing_remaining"":2252,""repetition_bits"":0,""scrambling"":""public_PCG64_SHA256_protocol_session_frame_group_counter_after_rate_matching_v1"",""shortening_bits"":12,""z"":112}","[1024,2048]"
QPSK,3/4,QPSK:r3/4,fe0c64fd582e66a5f167fcf3e7de3d9b7a4fb6541622c7960fe35870695a05ed,660,16,0,676,720,44,3744,1988,994,0,0.34004024144869216,0.3319919517102616,"{""actual_effective_rate"":0.34004024144869216,""bg"":""bg2"",""bit_mapping"":""component_Gray_00_-3_01_-1_10_3_11_1_over_sqrt5;QPSK_0_plus1_1_minus1"",""code_blocks"":1,""decoder_config"":{""cn_schedule"":""flooding"",""cn_update"":""boxplus-phi"",""early_stop"":false,""hard_out"":true,""harq_mode"":false,""llr_max"":20.0,""num_iter"":20,""precision"":""single"",""prune_pcm"":true,""return_infobits"":true,""vn_update"":""sum""},""implementation"":{""bit_mapping"":""component_Gray_00_-3_01_-1_10_3_11_1_over_sqrt5;QPSK_0_plus1_1_minus1"",""cuda"":""12.8"",""decoder"":{""cn_schedule"":""flooding"",""cn_update"":""boxplus-phi"",""early_stop"":false,""hard_out"":true,""harq_mode"":false,""llr_max"":20.0,""num_iter"":20,""precision"":""single"",""prune_pcm"":true,""return_infobits"":true,""vn_update"":""sum""},""decoder_source_sha256"":""44d84b92b749e2970f94d92cd348a11648e2286b4d851faa0af8b21d08f0da23"",""encoder_source_sha256"":""34d8db6660b2e84708a8fb534f63c194f6f2b964e3693fcffc9dcaf21532ccfd"",""implementation"":""Sionna_5G_LDPC"",""power_protocol"":""fixed_constellation_average_Es2"",""precision"":""float32"",""rate_matching"":""Sionna RV0; filler removal, first2Z and tail puncturing; supported n only"",""scrambling"":""public_PCG64_SHA256_protocol_session_frame_group_counter_after_rate_matching_v1"",""torch"":""2.11.0+cu128"",""version"":""2.2.0""},""interleaver_sha256"":""a42908990ed7064a9d9298b142d9410995e507c353a7fbb4158fb2eceb15befc"",""k"":676,""k_filler"":44,""k_ldpc"":720,""layout_id"":""4070c66f790b39039580661cd6cd557ff51a199af745930c9941b9afaa458103"",""modulation_padding_bits"":0,""mother_bits"":3744,""n"":1988,""n_cb"":3600,""n_cb_comp"":3556,""power_protocol"":""fixed_constellation_average_Es2"",""puncturing_bits"":1712,""puncturing_first_2Z"":144,""puncturing_remaining"":1568,""repetition_bits"":0,""scrambling"":""public_PCG64_SHA256_protocol_session_frame_group_counter_after_rate_matching_v1"",""shortening_bits"":44,""z"":72}",[2048]
16QAM,1/3,16QAM:r1/3,fe32359ec28c8903db042c12c8995191f0b72f59db271a4b63eed83dd95d60a7,732,16,0,748,800,52,4160,2640,660,0,0.2833333333333333,0.2772727272727273,"{""actual_effective_rate"":0.2833333333333333,""bg"":""bg2"",""bit_mapping"":""component_Gray_00_-3_01_-1_10_3_11_1_over_sqrt5;QPSK_0_plus1_1_minus1"",""code_blocks"":1,""decoder_config"":{""cn_schedule"":""flooding"",""cn_update"":""boxplus-phi"",""early_stop"":false,""hard_out"":true,""harq_mode"":false,""llr_max"":20.0,""num_iter"":20,""precision"":""single"",""prune_pcm"":true,""return_infobits"":true,""vn_update"":""sum""},""implementation"":{""bit_mapping"":""component_Gray_00_-3_01_-1_10_3_11_1_over_sqrt5;QPSK_0_plus1_1_minus1"",""cuda"":""12.8"",""decoder"":{""cn_schedule"":""flooding"",""cn_update"":""boxplus-phi"",""early_stop"":false,""hard_out"":true,""harq_mode"":false,""llr_max"":20.0,""num_iter"":20,""precision"":""single"",""prune_pcm"":true,""return_infobits"":true,""vn_update"":""sum""},""decoder_source_sha256"":""44d84b92b749e2970f94d92cd348a11648e2286b4d851faa0af8b21d08f0da23"",""encoder_source_sha256"":""34d8db6660b2e84708a8fb534f63c194f6f2b964e3693fcffc9dcaf21532ccfd"",""implementation"":""Sionna_5G_LDPC"",""power_protocol"":""fixed_constellation_average_Es2"",""precision"":""float32"",""rate_matching"":""Sionna RV0; filler removal, first2Z and tail puncturing; supported n only"",""scrambling"":""public_PCG64_SHA256_protocol_session_frame_group_counter_after_rate_matching_v1"",""torch"":""2.11.0+cu128"",""version"":""2.2.0""},""interleaver_sha256"":""3845077b2c651ba63eb84b0c06473e6d229182cc3b064f24853eafdfcf44373b"",""k"":748,""k_filler"":52,""k_ldpc"":800,""layout_id"":""727ef874de9f46151ef68df724a7f41b2c88632808cb71d94ade1371557f88a3"",""modulation_padding_bits"":0,""mother_bits"":4160,""n"":2640,""n_cb"":4000,""n_cb_comp"":3948,""power_protocol"":""fixed_constellation_average_Es2"",""puncturing_bits"":1468,""puncturing_first_2Z"":160,""puncturing_remaining"":1308,""repetition_bits"":0,""scrambling"":""public_PCG64_SHA256_protocol_session_frame_group_counter_after_rate_matching_v1"",""shortening_bits"":52,""z"":80}",[1024]
16QAM,3/4,16QAM:r3/4,fe3d712e6e8f63da5f2322ad8ee18d0109d29bd5d8a6522526ae6947c24e1638,660,16,0,676,720,44,3744,1348,337,0,0.5014836795252225,0.4896142433234421,"{""actual_effective_rate"":0.5014836795252225,""bg"":""bg2"",""bit_mapping"":""component_Gray_00_-3_01_-1_10_3_11_1_over_sqrt5;QPSK_0_plus1_1_minus1"",""code_blocks"":1,""decoder_config"":{""cn_schedule"":""flooding"",""cn_update"":""boxplus-phi"",""early_stop"":false,""hard_out"":true,""harq_mode"":false,""llr_max"":20.0,""num_iter"":20,""precision"":""single"",""prune_pcm"":true,""return_infobits"":true,""vn_update"":""sum""},""implementation"":{""bit_mapping"":""component_Gray_00_-3_01_-1_10_3_11_1_over_sqrt5;QPSK_0_plus1_1_minus1"",""cuda"":""12.8"",""decoder"":{""cn_schedule"":""flooding"",""cn_update"":""boxplus-phi"",""early_stop"":false,""hard_out"":true,""harq_mode"":false,""llr_max"":20.0,""num_iter"":20,""precision"":""single"",""prune_pcm"":true,""return_infobits"":true,""vn_update"":""sum""},""decoder_source_sha256"":""44d84b92b749e2970f94d92cd348a11648e2286b4d851faa0af8b21d08f0da23"",""encoder_source_sha256"":""34d8db6660b2e84708a8fb534f63c194f6f2b964e3693fcffc9dcaf21532ccfd"",""implementation"":""Sionna_5G_LDPC"",""power_protocol"":""fixed_constellation_average_Es2"",""precision"":""float32"",""rate_matching"":""Sionna RV0; filler removal, first2Z and tail puncturing; supported n only"",""scrambling"":""public_PCG64_SHA256_protocol_session_frame_group_counter_after_rate_matching_v1"",""torch"":""2.11.0+cu128"",""version"":""2.2.0""},""interleaver_sha256"":""a2242d50c8728909636cade5f62c3bf0bee504a527aedc36a741132cd298f287"",""k"":676,""k_filler"":44,""k_ldpc"":720,""layout_id"":""824ae50382b6c56e3d2d8909ee948036e65944c596bddc9ef2a7750b2a7c04a2"",""modulation_padding_bits"":0,""mother_bits"":3744,""n"":1348,""n_cb"":3600,""n_cb_comp"":3556,""power_protocol"":""fixed_constellation_average_Es2"",""puncturing_bits"":2352,""puncturing_first_2Z"":144,""puncturing_remaining"":2208,""repetition_bits"":0,""scrambling"":""public_PCG64_SHA256_protocol_session_frame_group_counter_after_rate_matching_v1"",""shortening_bits"":44,""z"":72}",[1024]
16QAM,1/2,16QAM:r1/2,fe65e641a5dfcc0bb9ff5761c89438c8d5567ee75d9f57d21bb5423032032911,1008,16,0,1024,1040,16,5408,2048,512,0,0.5,0.4921875,"{""actual_effective_rate"":0.5,""bg"":""bg2"",""bit_mapping"":""component_Gray_00_-3_01_-1_10_3_11_1_over_sqrt5;QPSK_0_plus1_1_minus1"",""code_blocks"":1,""decoder_config"":{""cn_schedule"":""flooding"",""cn_update"":""boxplus-phi"",""early_stop"":false,""hard_out"":true,""harq_mode"":false,""llr_max"":20.0,""num_iter"":20,""precision"":""single"",""prune_pcm"":true,""return_infobits"":true,""vn_update"":""sum""},""implementation"":{""bit_mapping"":""component_Gray_00_-3_01_-1_10_3_11_1_over_sqrt5;QPSK_0_plus1_1_minus1"",""cuda"":""12.8"",""decoder"":{""cn_schedule"":""flooding"",""cn_update"":""boxplus-phi"",""early_stop"":false,""hard_out"":true,""harq_mode"":false,""llr_max"":20.0,""num_iter"":20,""precision"":""single"",""prune_pcm"":true,""return_infobits"":true,""vn_update"":""sum""},""decoder_source_sha256"":""44d84b92b749e2970f94d92cd348a11648e2286b4d851faa0af8b21d08f0da23"",""encoder_source_sha256"":""34d8db6660b2e84708a8fb534f63c194f6f2b964e3693fcffc9dcaf21532ccfd"",""implementation"":""Sionna_5G_LDPC"",""power_protocol"":""fixed_constellation_average_Es2"",""precision"":""float32"",""rate_matching"":""Sionna RV0; filler removal, first2Z and tail puncturing; supported n only"",""scrambling"":""public_PCG64_SHA256_protocol_session_frame_group_counter_after_rate_matching_v1"",""torch"":""2.11.0+cu128"",""version"":""2.2.0""},""interleaver_sha256"":""d47040b13428760b5ca1eb60cb37369a0401ddbf8afca1f46560a931d3ea2abe"",""k"":1024,""k_filler"":16,""k_ldpc"":1040,""layout_id"":""b52dd92a9468ee9a5e24cca59afdf057e3f65093baf4d909e278c262f2fec981"",""modulation_padding_bits"":0,""mother_bits"":5408,""n"":2048,""n_cb"":5200,""n_cb_comp"":5184,""power_protocol"":""fixed_constellation_average_Es2"",""puncturing_bits"":3344,""puncturing_first_2Z"":208,""puncturing_remaining"":3136,""repetition_bits"":0,""scrambling"":""public_PCG64_SHA256_protocol_session_frame_group_counter_after_rate_matching_v1"",""shortening_bits"":16,""z"":104}","[1024,2048]"
16QAM,2/3,16QAM:r2/3,fe664fc13f439da8ea4762ea174a936b6465f8bf5ba5962cbfcb6931a4cdf3a0,1800,16,0,1816,1920,104,9984,3168,792,0,0.5732323232323232,0.5681818181818182,"{""actual_effective_rate"":0.5732323232323232,""bg"":""bg2"",""bit_mapping"":""component_Gray_00_-3_01_-1_10_3_11_1_over_sqrt5;QPSK_0_plus1_1_minus1"",""code_blocks"":1,""decoder_config"":{""cn_schedule"":""flooding"",""cn_update"":""boxplus-phi"",""early_stop"":false,""hard_out"":true,""harq_mode"":false,""llr_max"":20.0,""num_iter"":20,""precision"":""single"",""prune_pcm"":true,""return_infobits"":true,""vn_update"":""sum""},""implementation"":{""bit_mapping"":""component_Gray_00_-3_01_-1_10_3_11_1_over_sqrt5;QPSK_0_plus1_1_minus1"",""cuda"":""12.8"",""decoder"":{""cn_schedule"":""flooding"",""cn_update"":""boxplus-phi"",""early_stop"":false,""hard_out"":true,""harq_mode"":false,""llr_max"":20.0,""num_iter"":20,""precision"":""single"",""prune_pcm"":true,""return_infobits"":true,""vn_update"":""sum""},""decoder_source_sha256"":""44d84b92b749e2970f94d92cd348a11648e2286b4d851faa0af8b21d08f0da23"",""encoder_source_sha256"":""34d8db6660b2e84708a8fb534f63c194f6f2b964e3693fcffc9dcaf21532ccfd"",""implementation"":""Sionna_5G_LDPC"",""power_protocol"":""fixed_constellation_average_Es2"",""precision"":""float32"",""rate_matching"":""Sionna RV0; filler removal, first2Z and tail puncturing; supported n only"",""scrambling"":""public_PCG64_SHA256_protocol_session_frame_group_counter_after_rate_matching_v1"",""torch"":""2.11.0+cu128"",""version"":""2.2.0""},""interleaver_sha256"":""182261b7d35f719947b6abbfb4007b159a503c1dc76c283c6360d9c35c4c8116"",""k"":1816,""k_filler"":104,""k_ldpc"":1920,""layout_id"":""67ba591d1b8e6c0145c12e541540dfce83908c378104cbf5da53067d028d6757"",""modulation_padding_bits"":0,""mother_bits"":9984,""n"":3168,""n_cb"":9600,""n_cb_comp"":9496,""power_protocol"":""fixed_constellation_average_Es2"",""puncturing_bits"":6712,""puncturing_first_2Z"":384,""puncturing_remaining"":6328,""repetition_bits"":0,""scrambling"":""public_PCG64_SHA256_protocol_session_frame_group_counter_after_rate_matching_v1"",""shortening_bits"":104,""z"":192}",[1024]
16QAM,3/4,16QAM:r3/4,fe66612bf780e403d35b649e5d6f21ef24de4091a6af426cf8de4f4137132a38,3480,16,0,3496,3520,24,10880,4664,1166,0,0.7495711835334476,0.7461406518010292,"{""actual_effective_rate"":0.7495711835334476,""bg"":""bg1"",""bit_mapping"":""component_Gray_00_-3_01_-1_10_3_11_1_over_sqrt5;QPSK_0_plus1_1_minus1"",""code_blocks"":1,""decoder_config"":{""cn_schedule"":""flooding"",""cn_update"":""boxplus-phi"",""early_stop"":false,""hard_out"":true,""harq_mode"":false,""llr_max"":20.0,""num_iter"":20,""precision"":""single"",""prune_pcm"":true,""return_infobits"":true,""vn_update"":""sum""},""implementation"":{""bit_mapping"":""component_Gray_00_-3_01_-1_10_3_11_1_over_sqrt5;QPSK_0_plus1_1_minus1"",""cuda"":""12.8"",""decoder"":{""cn_schedule"":""flooding"",""cn_update"":""boxplus-phi"",""early_stop"":false,""hard_out"":true,""harq_mode"":false,""llr_max"":20.0,""num_iter"":20,""precision"":""single"",""prune_pcm"":true,""return_infobits"":true,""vn_update"":""sum""},""decoder_source_sha256"":""44d84b92b749e2970f94d92cd348a11648e2286b4d851faa0af8b21d08f0da23"",""encoder_source_sha256"":""34d8db6660b2e84708a8fb534f63c194f6f2b964e3693fcffc9dcaf21532ccfd"",""implementation"":""Sionna_5G_LDPC"",""power_protocol"":""fixed_constellation_average_Es2"",""precision"":""float32"",""rate_matching"":""Sionna RV0; filler removal, first2Z and tail puncturing; supported n only"",""scrambling"":""public_PCG64_SHA256_protocol_session_frame_group_counter_after_rate_matching_v1"",""torch"":""2.11.0+cu128"",""version"":""2.2.0""},""interleaver_sha256"":""556dd4cffee3a6ebef0136354fd41e2be52f1ac91faab2ff731a534cb31a4812"",""k"":3496,""k_filler"":24,""k_ldpc"":3520,""layout_id"":""9a407e008d5473e15065f18e68a75ceaac19d4ab6a57320cadfe4a176e35789d"",""modulation_padding_bits"":0,""mother_bits"":10880,""n"":4664,""n_cb"":10560,""n_cb_comp"":10536,""power_protocol"":""fixed_constellation_average_Es2"",""puncturing_bits"":6192,""puncturing_first_2Z"":320,""puncturing_remaining"":5872,""repetition_bits"":0,""scrambling"":""public_PCG64_SHA256_protocol_session_frame_group_counter_after_rate_matching_v1"",""shortening_bits"":24,""z"":160}",[2048]
16QAM,2/3,16QAM:r2/3,fe716940cc0a8fdb42889b3d25271335ebb9c532b68cff2b599a6ed181b86c52,1092,16,0,1108,1120,12,5824,2648,662,0,0.41842900302114805,0.4123867069486405,"{""actual_effective_rate"":0.41842900302114805,""bg"":""bg2"",""bit_mapping"":""component_Gray_00_-3_01_-1_10_3_11_1_over_sqrt5;QPSK_0_plus1_1_minus1"",""code_blocks"":1,""decoder_config"":{""cn_schedule"":""flooding"",""cn_update"":""boxplus-phi"",""early_stop"":false,""hard_out"":true,""harq_mode"":false,""llr_max"":20.0,""num_iter"":20,""precision"":""single"",""prune_pcm"":true,""return_infobits"":true,""vn_update"":""sum""},""implementation"":{""bit_mapping"":""component_Gray_00_-3_01_-1_10_3_11_1_over_sqrt5;QPSK_0_plus1_1_minus1"",""cuda"":""12.8"",""decoder"":{""cn_schedule"":""flooding"",""cn_update"":""boxplus-phi"",""early_stop"":false,""hard_out"":true,""harq_mode"":false,""llr_max"":20.0,""num_iter"":20,""precision"":""single"",""prune_pcm"":true,""return_infobits"":true,""vn_update"":""sum""},""decoder_source_sha256"":""44d84b92b749e2970f94d92cd348a11648e2286b4d851faa0af8b21d08f0da23"",""encoder_source_sha256"":""34d8db6660b2e84708a8fb534f63c194f6f2b964e3693fcffc9dcaf21532ccfd"",""implementation"":""Sionna_5G_LDPC"",""power_protocol"":""fixed_constellation_average_Es2"",""precision"":""float32"",""rate_matching"":""Sionna RV0; filler removal, first2Z and tail puncturing; supported n only"",""scrambling"":""public_PCG64_SHA256_protocol_session_frame_group_counter_after_rate_matching_v1"",""torch"":""2.11.0+cu128"",""version"":""2.2.0""},""interleaver_sha256"":""e614b56561912b7a559f797e4da87028080250fabe0e4ab22f26e23c3bb2c070"",""k"":1108,""k_filler"":12,""k_ldpc"":1120,""layout_id"":""82067f7c69611a02bba312037bbccc6a6fcfa752c853a2e4cb49152766ae10c1"",""modulation_padding_bits"":0,""mother_bits"":5824,""n"":2648,""n_cb"":5600,""n_cb_comp"":5588,""power_protocol"":""fixed_constellation_average_Es2"",""puncturing_bits"":3164,""puncturing_first_2Z"":224,""puncturing_remaining"":2940,""repetition_bits"":0,""scrambling"":""public_PCG64_SHA256_protocol_session_frame_group_counter_after_rate_matching_v1"",""shortening_bits"":12,""z"":112}",[2048]
QPSK,1/2,QPSK:r1/2,fe7c5b45fed92f5b24b18805dae2238095408e748abfa66c511cd745f9d34c3a,1092,16,0,1108,1120,12,5824,2628,1314,0,0.4216133942161339,0.4155251141552511,"{""actual_effective_rate"":0.4216133942161339,""bg"":""bg2"",""bit_mapping"":""component_Gray_00_-3_01_-1_10_3_11_1_over_sqrt5;QPSK_0_plus1_1_minus1"",""code_blocks"":1,""decoder_config"":{""cn_schedule"":""flooding"",""cn_update"":""boxplus-phi"",""early_stop"":false,""hard_out"":true,""harq_mode"":false,""llr_max"":20.0,""num_iter"":20,""precision"":""single"",""prune_pcm"":true,""return_infobits"":true,""vn_update"":""sum""},""implementation"":{""bit_mapping"":""component_Gray_00_-3_01_-1_10_3_11_1_over_sqrt5;QPSK_0_plus1_1_minus1"",""cuda"":""12.8"",""decoder"":{""cn_schedule"":""flooding"",""cn_update"":""boxplus-phi"",""early_stop"":false,""hard_out"":true,""harq_mode"":false,""llr_max"":20.0,""num_iter"":20,""precision"":""single"",""prune_pcm"":true,""return_infobits"":true,""vn_update"":""sum""},""decoder_source_sha256"":""44d84b92b749e2970f94d92cd348a11648e2286b4d851faa0af8b21d08f0da23"",""encoder_source_sha256"":""34d8db6660b2e84708a8fb534f63c194f6f2b964e3693fcffc9dcaf21532ccfd"",""implementation"":""Sionna_5G_LDPC"",""power_protocol"":""fixed_constellation_average_Es2"",""precision"":""float32"",""rate_matching"":""Sionna RV0; filler removal, first2Z and tail puncturing; supported n only"",""scrambling"":""public_PCG64_SHA256_protocol_session_frame_group_counter_after_rate_matching_v1"",""torch"":""2.11.0+cu128"",""version"":""2.2.0""},""interleaver_sha256"":""8d518bebe66660a2415b1574811dfa808253e0bf72e5cb1f15addab444d2c6c8"",""k"":1108,""k_filler"":12,""k_ldpc"":1120,""layout_id"":""d99a40e50958860b47b5969e13c6311c6b8a53ceae5effc72674b470d3ccc797"",""modulation_padding_bits"":0,""mother_bits"":5824,""n"":2628,""n_cb"":5600,""n_cb_comp"":5588,""power_protocol"":""fixed_constellation_average_Es2"",""puncturing_bits"":3184,""puncturing_first_2Z"":224,""puncturing_remaining"":2960,""repetition_bits"":0,""scrambling"":""public_PCG64_SHA256_protocol_session_frame_group_counter_after_rate_matching_v1"",""shortening_bits"":12,""z"":112}",[2048]
QPSK,2/3,QPSK:r2/3,fe88c2439c8c0ab45ebc34be392f50065b910641842a361758705c2b61b57048,924,16,0,940,960,20,4992,2200,1100,0,0.42727272727272725,0.42,"{""actual_effective_rate"":0.42727272727272725,""bg"":""bg2"",""bit_mapping"":""component_Gray_00_-3_01_-1_10_3_11_1_over_sqrt5;QPSK_0_plus1_1_minus1"",""code_blocks"":1,""decoder_config"":{""cn_schedule"":""flooding"",""cn_update"":""boxplus-phi"",""early_stop"":false,""hard_out"":true,""harq_mode"":false,""llr_max"":20.0,""num_iter"":20,""precision"":""single"",""prune_pcm"":true,""return_infobits"":true,""vn_update"":""sum""},""implementation"":{""bit_mapping"":""component_Gray_00_-3_01_-1_10_3_11_1_over_sqrt5;QPSK_0_plus1_1_minus1"",""cuda"":""12.8"",""decoder"":{""cn_schedule"":""flooding"",""cn_update"":""boxplus-phi"",""early_stop"":false,""hard_out"":true,""harq_mode"":false,""llr_max"":20.0,""num_iter"":20,""precision"":""single"",""prune_pcm"":true,""return_infobits"":true,""vn_update"":""sum""},""decoder_source_sha256"":""44d84b92b749e2970f94d92cd348a11648e2286b4d851faa0af8b21d08f0da23"",""encoder_source_sha256"":""34d8db6660b2e84708a8fb534f63c194f6f2b964e3693fcffc9dcaf21532ccfd"",""implementation"":""Sionna_5G_LDPC"",""power_protocol"":""fixed_constellation_average_Es2"",""precision"":""float32"",""rate_matching"":""Sionna RV0; filler removal, first2Z and tail puncturing; supported n only"",""scrambling"":""public_PCG64_SHA256_protocol_session_frame_group_counter_after_rate_matching_v1"",""torch"":""2.11.0+cu128"",""version"":""2.2.0""},""interleaver_sha256"":""529490e9918d7bde17c2dc922c2e6411feeb8b3ba63d52db4796b9904f0c052e"",""k"":940,""k_filler"":20,""k_ldpc"":960,""layout_id"":""d317e75d723bf263e2044c4786a324959ef8c0d4c18b9371bf23e7d62565dbf2"",""modulation_padding_bits"":0,""mother_bits"":4992,""n"":2200,""n_cb"":4800,""n_cb_comp"":4780,""power_protocol"":""fixed_constellation_average_Es2"",""puncturing_bits"":2772,""puncturing_first_2Z"":192,""puncturing_remaining"":2580,""repetition_bits"":0,""scrambling"":""public_PCG64_SHA256_protocol_session_frame_group_counter_after_rate_matching_v1"",""shortening_bits"":20,""z"":96}",[2048]
16QAM,5/6,16QAM:r5/6,fe8c01a9aeefa7581e8dc728f5f529f9c5e3292a206fddbae4f1484e27aa0896,624,16,0,640,720,80,3744,2172,543,0,0.2946593001841621,0.287292817679558,"{""actual_effective_rate"":0.2946593001841621,""bg"":""bg2"",""bit_mapping"":""component_Gray_00_-3_01_-1_10_3_11_1_over_sqrt5;QPSK_0_plus1_1_minus1"",""code_blocks"":1,""decoder_config"":{""cn_schedule"":""flooding"",""cn_update"":""boxplus-phi"",""early_stop"":false,""hard_out"":true,""harq_mode"":false,""llr_max"":20.0,""num_iter"":20,""precision"":""single"",""prune_pcm"":true,""return_infobits"":true,""vn_update"":""sum""},""implementation"":{""bit_mapping"":""component_Gray_00_-3_01_-1_10_3_11_1_over_sqrt5;QPSK_0_plus1_1_minus1"",""cuda"":""12.8"",""decoder"":{""cn_schedule"":""flooding"",""cn_update"":""boxplus-phi"",""early_stop"":false,""hard_out"":true,""harq_mode"":false,""llr_max"":20.0,""num_iter"":20,""precision"":""single"",""prune_pcm"":true,""return_infobits"":true,""vn_update"":""sum""},""decoder_source_sha256"":""44d84b92b749e2970f94d92cd348a11648e2286b4d851faa0af8b21d08f0da23"",""encoder_source_sha256"":""34d8db6660b2e84708a8fb534f63c194f6f2b964e3693fcffc9dcaf21532ccfd"",""implementation"":""Sionna_5G_LDPC"",""power_protocol"":""fixed_constellation_average_Es2"",""precision"":""float32"",""rate_matching"":""Sionna RV0; filler removal, first2Z and tail puncturing; supported n only"",""scrambling"":""public_PCG64_SHA256_protocol_session_frame_group_counter_after_rate_matching_v1"",""torch"":""2.11.0+cu128"",""version"":""2.2.0""},""interleaver_sha256"":""031ff30c5630a22d7c0903af88fe451dd9177828bd20d124c74ed2ad6b79b36e"",""k"":640,""k_filler"":80,""k_ldpc"":720,""layout_id"":""742752041fa3bac0c7af9bf0548eedb8924b46fabd4f4424d774b04710aef2c1"",""modulation_padding_bits"":0,""mother_bits"":3744,""n"":2172,""n_cb"":3600,""n_cb_comp"":3520,""power_protocol"":""fixed_constellation_average_Es2"",""puncturing_bits"":1492,""puncturing_first_2Z"":144,""puncturing_remaining"":1348,""repetition_bits"":0,""scrambling"":""public_PCG64_SHA256_protocol_session_frame_group_counter_after_rate_matching_v1"",""shortening_bits"":80,""z"":72}",[2048]
16QAM,1/2,16QAM:r1/2,fe8c1ef15645170fcc99ca2a5846b939481c2b8a65fb0e62cf7cb57442bd4e8e,600,16,0,616,720,104,3744,1420,355,0,0.43380281690140843,0.4225352112676056,"{""actual_effective_rate"":0.43380281690140843,""bg"":""bg2"",""bit_mapping"":""component_Gray_00_-3_01_-1_10_3_11_1_over_sqrt5;QPSK_0_plus1_1_minus1"",""code_blocks"":1,""decoder_config"":{""cn_schedule"":""flooding"",""cn_update"":""boxplus-phi"",""early_stop"":false,""hard_out"":true,""harq_mode"":false,""llr_max"":20.0,""num_iter"":20,""precision"":""single"",""prune_pcm"":true,""return_infobits"":true,""vn_update"":""sum""},""implementation"":{""bit_mapping"":""component_Gray_00_-3_01_-1_10_3_11_1_over_sqrt5;QPSK_0_plus1_1_minus1"",""cuda"":""12.8"",""decoder"":{""cn_schedule"":""flooding"",""cn_update"":""boxplus-phi"",""early_stop"":false,""hard_out"":true,""harq_mode"":false,""llr_max"":20.0,""num_iter"":20,""precision"":""single"",""prune_pcm"":true,""return_infobits"":true,""vn_update"":""sum""},""decoder_source_sha256"":""44d84b92b749e2970f94d92cd348a11648e2286b4d851faa0af8b21d08f0da23"",""encoder_source_sha256"":""34d8db6660b2e84708a8fb534f63c194f6f2b964e3693fcffc9dcaf21532ccfd"",""implementation"":""Sionna_5G_LDPC"",""power_protocol"":""fixed_constellation_average_Es2"",""precision"":""float32"",""rate_matching"":""Sionna RV0; filler removal, first2Z and tail puncturing; supported n only"",""scrambling"":""public_PCG64_SHA256_protocol_session_frame_group_counter_after_rate_matching_v1"",""torch"":""2.11.0+cu128"",""version"":""2.2.0""},""interleaver_sha256"":""832ae914f73af2ed8018b63b4151e02d92673042404fdc2177d42ffb627f98ea"",""k"":616,""k_filler"":104,""k_ldpc"":720,""layout_id"":""278c2c9ceb8302daa4cbe6bbe0d696079f0ce9e3441b6f5dd233ab23a136f9d2"",""modulation_padding_bits"":0,""mother_bits"":3744,""n"":1420,""n_cb"":3600,""n_cb_comp"":3496,""power_protocol"":""fixed_constellation_average_Es2"",""puncturing_bits"":2220,""puncturing_first_2Z"":144,""puncturing_remaining"":2076,""repetition_bits"":0,""scrambling"":""public_PCG64_SHA256_protocol_session_frame_group_counter_after_rate_matching_v1"",""shortening_bits"":104,""z"":72}",[2048]
16QAM,3/4,16QAM:r3/4,fea2cd8f5bf0f7abff2c902c0c00bcfaff882fa69f08f8a66f0392acae702d48,2100,16,0,2116,2240,124,11648,5996,1499,0,0.35290193462308206,0.35023348899266177,"{""actual_effective_rate"":0.35290193462308206,""bg"":""bg2"",""bit_mapping"":""component_Gray_00_-3_01_-1_10_3_11_1_over_sqrt5;QPSK_0_plus1_1_minus1"",""code_blocks"":1,""decoder_config"":{""cn_schedule"":""flooding"",""cn_update"":""boxplus-phi"",""early_stop"":false,""hard_out"":true,""harq_mode"":false,""llr_max"":20.0,""num_iter"":20,""precision"":""single"",""prune_pcm"":true,""return_infobits"":true,""vn_update"":""sum""},""implementation"":{""bit_mapping"":""component_Gray_00_-3_01_-1_10_3_11_1_over_sqrt5;QPSK_0_plus1_1_minus1"",""cuda"":""12.8"",""decoder"":{""cn_schedule"":""flooding"",""cn_update"":""boxplus-phi"",""early_stop"":false,""hard_out"":true,""harq_mode"":false,""llr_max"":20.0,""num_iter"":20,""precision"":""single"",""prune_pcm"":true,""return_infobits"":true,""vn_update"":""sum""},""decoder_source_sha256"":""44d84b92b749e2970f94d92cd348a11648e2286b4d851faa0af8b21d08f0da23"",""encoder_source_sha256"":""34d8db6660b2e84708a8fb534f63c194f6f2b964e3693fcffc9dcaf21532ccfd"",""implementation"":""Sionna_5G_LDPC"",""power_protocol"":""fixed_constellation_average_Es2"",""precision"":""float32"",""rate_matching"":""Sionna RV0; filler removal, first2Z and tail puncturing; supported n only"",""scrambling"":""public_PCG64_SHA256_protocol_session_frame_group_counter_after_rate_matching_v1"",""torch"":""2.11.0+cu128"",""version"":""2.2.0""},""interleaver_sha256"":""41713444a069e67d636b2c7eeac5f9d49b17003a6028ebf5b0ad4694948d7cee"",""k"":2116,""k_filler"":124,""k_ldpc"":2240,""layout_id"":""be09c56955d35e6e17f5f817c165b29dedfad82885f447441015252919ce8086"",""modulation_padding_bits"":0,""mother_bits"":11648,""n"":5996,""n_cb"":11200,""n_cb_comp"":11076,""power_protocol"":""fixed_constellation_average_Es2"",""puncturing_bits"":5528,""puncturing_first_2Z"":448,""puncturing_remaining"":5080,""repetition_bits"":0,""scrambling"":""public_PCG64_SHA256_protocol_session_frame_group_counter_after_rate_matching_v1"",""shortening_bits"":124,""z"":224}",[2048]
QPSK,5/6,QPSK:r5/6,fea9c8e264f14e4fc640b5ba2bea43e03e6a1d837e3e0f94c461f022a688d475,3060,16,0,3076,3168,92,9792,3960,1980,0,0.7767676767676768,0.7727272727272727,"{""actual_effective_rate"":0.7767676767676768,""bg"":""bg1"",""bit_mapping"":""component_Gray_00_-3_01_-1_10_3_11_1_over_sqrt5;QPSK_0_plus1_1_minus1"",""code_blocks"":1,""decoder_config"":{""cn_schedule"":""flooding"",""cn_update"":""boxplus-phi"",""early_stop"":false,""hard_out"":true,""harq_mode"":false,""llr_max"":20.0,""num_iter"":20,""precision"":""single"",""prune_pcm"":true,""return_infobits"":true,""vn_update"":""sum""},""implementation"":{""bit_mapping"":""component_Gray_00_-3_01_-1_10_3_11_1_over_sqrt5;QPSK_0_plus1_1_minus1"",""cuda"":""12.8"",""decoder"":{""cn_schedule"":""flooding"",""cn_update"":""boxplus-phi"",""early_stop"":false,""hard_out"":true,""harq_mode"":false,""llr_max"":20.0,""num_iter"":20,""precision"":""single"",""prune_pcm"":true,""return_infobits"":true,""vn_update"":""sum""},""decoder_source_sha256"":""44d84b92b749e2970f94d92cd348a11648e2286b4d851faa0af8b21d08f0da23"",""encoder_source_sha256"":""34d8db6660b2e84708a8fb534f63c194f6f2b964e3693fcffc9dcaf21532ccfd"",""implementation"":""Sionna_5G_LDPC"",""power_protocol"":""fixed_constellation_average_Es2"",""precision"":""float32"",""rate_matching"":""Sionna RV0; filler removal, first2Z and tail puncturing; supported n only"",""scrambling"":""public_PCG64_SHA256_protocol_session_frame_group_counter_after_rate_matching_v1"",""torch"":""2.11.0+cu128"",""version"":""2.2.0""},""interleaver_sha256"":""e945ff01d0dea21cecfeae3f08a5f14826ff52fa3f299c81057d8b54d766f72d"",""k"":3076,""k_filler"":92,""k_ldpc"":3168,""layout_id"":""af9a2c66bda0e7679f718f2b1e9ed012db7c9ba501597387eb1762c2b9a1c657"",""modulation_padding_bits"":0,""mother_bits"":9792,""n"":3960,""n_cb"":9504,""n_cb_comp"":9412,""power_protocol"":""fixed_constellation_average_Es2"",""puncturing_bits"":5740,""puncturing_first_2Z"":288,""puncturing_remaining"":5452,""repetition_bits"":0,""scrambling"":""public_PCG64_SHA256_protocol_session_frame_group_counter_after_rate_matching_v1"",""shortening_bits"":92,""z"":144}",[2048]
16QAM,5/6,16QAM:r5/6,fead3cc63b0711cb38d1a7126fe1f1bbc148bf9d21afba5480d8262b357666ee,5856,16,0,5872,6336,464,19584,7048,1762,0,0.8331441543700341,0.8308740068104427,"{""actual_effective_rate"":0.8331441543700341,""bg"":""bg1"",""bit_mapping"":""component_Gray_00_-3_01_-1_10_3_11_1_over_sqrt5;QPSK_0_plus1_1_minus1"",""code_blocks"":1,""decoder_config"":{""cn_schedule"":""flooding"",""cn_update"":""boxplus-phi"",""early_stop"":false,""hard_out"":true,""harq_mode"":false,""llr_max"":20.0,""num_iter"":20,""precision"":""single"",""prune_pcm"":true,""return_infobits"":true,""vn_update"":""sum""},""implementation"":{""bit_mapping"":""component_Gray_00_-3_01_-1_10_3_11_1_over_sqrt5;QPSK_0_plus1_1_minus1"",""cuda"":""12.8"",""decoder"":{""cn_schedule"":""flooding"",""cn_update"":""boxplus-phi"",""early_stop"":false,""hard_out"":true,""harq_mode"":false,""llr_max"":20.0,""num_iter"":20,""precision"":""single"",""prune_pcm"":true,""return_infobits"":true,""vn_update"":""sum""},""decoder_source_sha256"":""44d84b92b749e2970f94d92cd348a11648e2286b4d851faa0af8b21d08f0da23"",""encoder_source_sha256"":""34d8db6660b2e84708a8fb534f63c194f6f2b964e3693fcffc9dcaf21532ccfd"",""implementation"":""Sionna_5G_LDPC"",""power_protocol"":""fixed_constellation_average_Es2"",""precision"":""float32"",""rate_matching"":""Sionna RV0; filler removal, first2Z and tail puncturing; supported n only"",""scrambling"":""public_PCG64_SHA256_protocol_session_frame_group_counter_after_rate_matching_v1"",""torch"":""2.11.0+cu128"",""version"":""2.2.0""},""interleaver_sha256"":""dd86a67dec126e1a08e1ccb3f2c0dd55691e2c84143a84b26517a5412c8f8bad"",""k"":5872,""k_filler"":464,""k_ldpc"":6336,""layout_id"":""417c60ea0dc6b5c022dd91ccbe6655965d90cfdd2b1bb9cb48775d8f03826e72"",""modulation_padding_bits"":0,""mother_bits"":19584,""n"":7048,""n_cb"":19008,""n_cb_comp"":18544,""power_protocol"":""fixed_constellation_average_Es2"",""puncturing_bits"":12072,""puncturing_first_2Z"":576,""puncturing_remaining"":11496,""repetition_bits"":0,""scrambling"":""public_PCG64_SHA256_protocol_session_frame_group_counter_after_rate_matching_v1"",""shortening_bits"":464,""z"":288}",[2048]
QPSK,2/3,QPSK:r2/3,fec441ab4f487a3147443ab2628f7a2fb5fd92ce95eae7d9172491600060db64,1068,16,0,1084,1120,36,5824,1626,813,0,0.6666666666666666,0.6568265682656826,"{""actual_effective_rate"":0.6666666666666666,""bg"":""bg2"",""bit_mapping"":""component_Gray_00_-3_01_-1_10_3_11_1_over_sqrt5;QPSK_0_plus1_1_minus1"",""code_blocks"":1,""decoder_config"":{""cn_schedule"":""flooding"",""cn_update"":""boxplus-phi"",""early_stop"":false,""hard_out"":true,""harq_mode"":false,""llr_max"":20.0,""num_iter"":20,""precision"":""single"",""prune_pcm"":true,""return_infobits"":true,""vn_update"":""sum""},""implementation"":{""bit_mapping"":""component_Gray_00_-3_01_-1_10_3_11_1_over_sqrt5;QPSK_0_plus1_1_minus1"",""cuda"":""12.8"",""decoder"":{""cn_schedule"":""flooding"",""cn_update"":""boxplus-phi"",""early_stop"":false,""hard_out"":true,""harq_mode"":false,""llr_max"":20.0,""num_iter"":20,""precision"":""single"",""prune_pcm"":true,""return_infobits"":true,""vn_update"":""sum""},""decoder_source_sha256"":""44d84b92b749e2970f94d92cd348a11648e2286b4d851faa0af8b21d08f0da23"",""encoder_source_sha256"":""34d8db6660b2e84708a8fb534f63c194f6f2b964e3693fcffc9dcaf21532ccfd"",""implementation"":""Sionna_5G_LDPC"",""power_protocol"":""fixed_constellation_average_Es2"",""precision"":""float32"",""rate_matching"":""Sionna RV0; filler removal, first2Z and tail puncturing; supported n only"",""scrambling"":""public_PCG64_SHA256_protocol_session_frame_group_counter_after_rate_matching_v1"",""torch"":""2.11.0+cu128"",""version"":""2.2.0""},""interleaver_sha256"":""212877aa657931d2c6afa050b9fe294352aa9f78918627b3ebe4c44844d354e8"",""k"":1084,""k_filler"":36,""k_ldpc"":1120,""layout_id"":""fb1cd89ab096200b45f8e37cd547dc69065d149d69babeebfb690bbdbfd413be"",""modulation_padding_bits"":0,""mother_bits"":5824,""n"":1626,""n_cb"":5600,""n_cb_comp"":5564,""power_protocol"":""fixed_constellation_average_Es2"",""puncturing_bits"":4162,""puncturing_first_2Z"":224,""puncturing_remaining"":3938,""repetition_bits"":0,""scrambling"":""public_PCG64_SHA256_protocol_session_frame_group_counter_after_rate_matching_v1"",""shortening_bits"":36,""z"":112}","[1024,2048]"
16QAM,3/4,16QAM:r3/4,fec6bf080d27c11fdba680061e32f0977d9a47e1fe2b332a4f33208a70b5076c,3228,16,0,3244,3520,276,18304,5208,1302,0,0.6228878648233487,0.619815668202765,"{""actual_effective_rate"":0.6228878648233487,""bg"":""bg2"",""bit_mapping"":""component_Gray_00_-3_01_-1_10_3_11_1_over_sqrt5;QPSK_0_plus1_1_minus1"",""code_blocks"":1,""decoder_config"":{""cn_schedule"":""flooding"",""cn_update"":""boxplus-phi"",""early_stop"":false,""hard_out"":true,""harq_mode"":false,""llr_max"":20.0,""num_iter"":20,""precision"":""single"",""prune_pcm"":true,""return_infobits"":true,""vn_update"":""sum""},""implementation"":{""bit_mapping"":""component_Gray_00_-3_01_-1_10_3_11_1_over_sqrt5;QPSK_0_plus1_1_minus1"",""cuda"":""12.8"",""decoder"":{""cn_schedule"":""flooding"",""cn_update"":""boxplus-phi"",""early_stop"":false,""hard_out"":true,""harq_mode"":false,""llr_max"":20.0,""num_iter"":20,""precision"":""single"",""prune_pcm"":true,""return_infobits"":true,""vn_update"":""sum""},""decoder_source_sha256"":""44d84b92b749e2970f94d92cd348a11648e2286b4d851faa0af8b21d08f0da23"",""encoder_source_sha256"":""34d8db6660b2e84708a8fb534f63c194f6f2b964e3693fcffc9dcaf21532ccfd"",""implementation"":""Sionna_5G_LDPC"",""power_protocol"":""fixed_constellation_average_Es2"",""precision"":""float32"",""rate_matching"":""Sionna RV0; filler removal, first2Z and tail puncturing; supported n only"",""scrambling"":""public_PCG64_SHA256_protocol_session_frame_group_counter_after_rate_matching_v1"",""torch"":""2.11.0+cu128"",""version"":""2.2.0""},""interleaver_sha256"":""5ace2268d0472af20dc5bd747379cc5bb50c6fff8429a5a250a75ce5d0fd2557"",""k"":3244,""k_filler"":276,""k_ldpc"":3520,""layout_id"":""ab02a2deafdd8e2e284fbd1106966f56a580f73e38bdcde4d916585b00e84086"",""modulation_padding_bits"":0,""mother_bits"":18304,""n"":5208,""n_cb"":17600,""n_cb_comp"":17324,""power_protocol"":""fixed_constellation_average_Es2"",""puncturing_bits"":12820,""puncturing_first_2Z"":704,""puncturing_remaining"":12116,""repetition_bits"":0,""scrambling"":""public_PCG64_SHA256_protocol_session_frame_group_counter_after_rate_matching_v1"",""shortening_bits"":276,""z"":352}",[2048]
16QAM,5/6,16QAM:r5/6,fec7a8e1b6eadaf6692a83f0cce43bfe99a1ca7412122ba140ac8b24eb08a896,816,16,0,832,880,48,4576,1456,364,0,0.5714285714285714,0.5604395604395604,"{""actual_effective_rate"":0.5714285714285714,""bg"":""bg2"",""bit_mapping"":""component_Gray_00_-3_01_-1_10_3_11_1_over_sqrt5;QPSK_0_plus1_1_minus1"",""code_blocks"":1,""decoder_config"":{""cn_schedule"":""flooding"",""cn_update"":""boxplus-phi"",""early_stop"":false,""hard_out"":true,""harq_mode"":false,""llr_max"":20.0,""num_iter"":20,""precision"":""single"",""prune_pcm"":true,""return_infobits"":true,""vn_update"":""sum""},""implementation"":{""bit_mapping"":""component_Gray_00_-3_01_-1_10_3_11_1_over_sqrt5;QPSK_0_plus1_1_minus1"",""cuda"":""12.8"",""decoder"":{""cn_schedule"":""flooding"",""cn_update"":""boxplus-phi"",""early_stop"":false,""hard_out"":true,""harq_mode"":false,""llr_max"":20.0,""num_iter"":20,""precision"":""single"",""prune_pcm"":true,""return_infobits"":true,""vn_update"":""sum""},""decoder_source_sha256"":""44d84b92b749e2970f94d92cd348a11648e2286b4d851faa0af8b21d08f0da23"",""encoder_source_sha256"":""34d8db6660b2e84708a8fb534f63c194f6f2b964e3693fcffc9dcaf21532ccfd"",""implementation"":""Sionna_5G_LDPC"",""power_protocol"":""fixed_constellation_average_Es2"",""precision"":""float32"",""rate_matching"":""Sionna RV0; filler removal, first2Z and tail puncturing; supported n only"",""scrambling"":""public_PCG64_SHA256_protocol_session_frame_group_counter_after_rate_matching_v1"",""torch"":""2.11.0+cu128"",""version"":""2.2.0""},""interleaver_sha256"":""a84572471ad87dc28bc6bda241ae2e3a94965a743f81665c0d7949202157a780"",""k"":832,""k_filler"":48,""k_ldpc"":880,""layout_id"":""c5d98efa6def387751014f3b8d30eaf4750be466b6763dc816f465b2ec6df680"",""modulation_padding_bits"":0,""mother_bits"":4576,""n"":1456,""n_cb"":4400,""n_cb_comp"":4352,""power_protocol"":""fixed_constellation_average_Es2"",""puncturing_bits"":3072,""puncturing_first_2Z"":176,""puncturing_remaining"":2896,""repetition_bits"":0,""scrambling"":""public_PCG64_SHA256_protocol_session_frame_group_counter_after_rate_matching_v1"",""shortening_bits"":48,""z"":88}",[1024]
QPSK,1/2,QPSK:r1/2,fedf41882b6ab2091f0959cf0f4c87ec764b814b43fc18f9028fb581bb42e48e,360,16,0,376,480,104,2496,928,464,0,0.4051724137931034,0.3879310344827586,"{""actual_effective_rate"":0.4051724137931034,""bg"":""bg2"",""bit_mapping"":""component_Gray_00_-3_01_-1_10_3_11_1_over_sqrt5;QPSK_0_plus1_1_minus1"",""code_blocks"":1,""decoder_config"":{""cn_schedule"":""flooding"",""cn_update"":""boxplus-phi"",""early_stop"":false,""hard_out"":true,""harq_mode"":false,""llr_max"":20.0,""num_iter"":20,""precision"":""single"",""prune_pcm"":true,""return_infobits"":true,""vn_update"":""sum""},""implementation"":{""bit_mapping"":""component_Gray_00_-3_01_-1_10_3_11_1_over_sqrt5;QPSK_0_plus1_1_minus1"",""cuda"":""12.8"",""decoder"":{""cn_schedule"":""flooding"",""cn_update"":""boxplus-phi"",""early_stop"":false,""hard_out"":true,""harq_mode"":false,""llr_max"":20.0,""num_iter"":20,""precision"":""single"",""prune_pcm"":true,""return_infobits"":true,""vn_update"":""sum""},""decoder_source_sha256"":""44d84b92b749e2970f94d92cd348a11648e2286b4d851faa0af8b21d08f0da23"",""encoder_source_sha256"":""34d8db6660b2e84708a8fb534f63c194f6f2b964e3693fcffc9dcaf21532ccfd"",""implementation"":""Sionna_5G_LDPC"",""power_protocol"":""fixed_constellation_average_Es2"",""precision"":""float32"",""rate_matching"":""Sionna RV0; filler removal, first2Z and tail puncturing; supported n only"",""scrambling"":""public_PCG64_SHA256_protocol_session_frame_group_counter_after_rate_matching_v1"",""torch"":""2.11.0+cu128"",""version"":""2.2.0""},""interleaver_sha256"":""f66f031e695fcf573d7edba5df67ec24ff7150d3e329d93294a45b6d1ea6c5ba"",""k"":376,""k_filler"":104,""k_ldpc"":480,""layout_id"":""270fe0e0604c82d9d86f5b0257dd0a8f23a8287db3bcc4ee02cd814104fa42c3"",""modulation_padding_bits"":0,""mother_bits"":2496,""n"":928,""n_cb"":2400,""n_cb_comp"":2296,""power_protocol"":""fixed_constellation_average_Es2"",""puncturing_bits"":1464,""puncturing_first_2Z"":96,""puncturing_remaining"":1368,""repetition_bits"":0,""scrambling"":""public_PCG64_SHA256_protocol_session_frame_group_counter_after_rate_matching_v1"",""shortening_bits"":104,""z"":48}",[1024]
QPSK,1/2,QPSK:r1/2,fefd88488eaac0135935f929a82ce73a89b8de3e80c9cb9c115cbff52a820d03,660,16,0,676,720,44,3744,1584,792,0,0.42676767676767674,0.4166666666666667,"{""actual_effective_rate"":0.42676767676767674,""bg"":""bg2"",""bit_mapping"":""component_Gray_00_-3_01_-1_10_3_11_1_over_sqrt5;QPSK_0_plus1_1_minus1"",""code_blocks"":1,""decoder_config"":{""cn_schedule"":""flooding"",""cn_update"":""boxplus-phi"",""early_stop"":false,""hard_out"":true,""harq_mode"":false,""llr_max"":20.0,""num_iter"":20,""precision"":""single"",""prune_pcm"":true,""return_infobits"":true,""vn_update"":""sum""},""implementation"":{""bit_mapping"":""component_Gray_00_-3_01_-1_10_3_11_1_over_sqrt5;QPSK_0_plus1_1_minus1"",""cuda"":""12.8"",""decoder"":{""cn_schedule"":""flooding"",""cn_update"":""boxplus-phi"",""early_stop"":false,""hard_out"":true,""harq_mode"":false,""llr_max"":20.0,""num_iter"":20,""precision"":""single"",""prune_pcm"":true,""return_infobits"":true,""vn_update"":""sum""},""decoder_source_sha256"":""44d84b92b749e2970f94d92cd348a11648e2286b4d851faa0af8b21d08f0da23"",""encoder_source_sha256"":""34d8db6660b2e84708a8fb534f63c194f6f2b964e3693fcffc9dcaf21532ccfd"",""implementation"":""Sionna_5G_LDPC"",""power_protocol"":""fixed_constellation_average_Es2"",""precision"":""float32"",""rate_matching"":""Sionna RV0; filler removal, first2Z and tail puncturing; supported n only"",""scrambling"":""public_PCG64_SHA256_protocol_session_frame_group_counter_after_rate_matching_v1"",""torch"":""2.11.0+cu128"",""version"":""2.2.0""},""interleaver_sha256"":""621bb6ce882607a54c51db43796168804e16f2de3b6b778e1d4d1174f2fbc490"",""k"":676,""k_filler"":44,""k_ldpc"":720,""layout_id"":""305789c3574184364296909e813da3112ea1950ae6cd419d406ce52019fcb8ef"",""modulation_padding_bits"":0,""mother_bits"":3744,""n"":1584,""n_cb"":3600,""n_cb_comp"":3556,""power_protocol"":""fixed_constellation_average_Es2"",""puncturing_bits"":2116,""puncturing_first_2Z"":144,""puncturing_remaining"":1972,""repetition_bits"":0,""scrambling"":""public_PCG64_SHA256_protocol_session_frame_group_counter_after_rate_matching_v1"",""shortening_bits"":44,""z"":72}",[1024]
16QAM,3/4,16QAM:r3/4,ff0da302ea145066b9283a9c48bb848c17f9259dfc5edda50b3815bb3a1df181,576,16,0,592,616,24,1904,840,210,0,0.7047619047619048,0.6857142857142857,"{""actual_effective_rate"":0.7047619047619048,""bg"":""bg1"",""bit_mapping"":""component_Gray_00_-3_01_-1_10_3_11_1_over_sqrt5;QPSK_0_plus1_1_minus1"",""code_blocks"":1,""decoder_config"":{""cn_schedule"":""flooding"",""cn_update"":""boxplus-phi"",""early_stop"":false,""hard_out"":true,""harq_mode"":false,""llr_max"":20.0,""num_iter"":20,""precision"":""single"",""prune_pcm"":true,""return_infobits"":true,""vn_update"":""sum""},""implementation"":{""bit_mapping"":""component_Gray_00_-3_01_-1_10_3_11_1_over_sqrt5;QPSK_0_plus1_1_minus1"",""cuda"":""12.8"",""decoder"":{""cn_schedule"":""flooding"",""cn_update"":""boxplus-phi"",""early_stop"":false,""hard_out"":true,""harq_mode"":false,""llr_max"":20.0,""num_iter"":20,""precision"":""single"",""prune_pcm"":true,""return_infobits"":true,""vn_update"":""sum""},""decoder_source_sha256"":""44d84b92b749e2970f94d92cd348a11648e2286b4d851faa0af8b21d08f0da23"",""encoder_source_sha256"":""34d8db6660b2e84708a8fb534f63c194f6f2b964e3693fcffc9dcaf21532ccfd"",""implementation"":""Sionna_5G_LDPC"",""power_protocol"":""fixed_constellation_average_Es2"",""precision"":""float32"",""rate_matching"":""Sionna RV0; filler removal, first2Z and tail puncturing; supported n only"",""scrambling"":""public_PCG64_SHA256_protocol_session_frame_group_counter_after_rate_matching_v1"",""torch"":""2.11.0+cu128"",""version"":""2.2.0""},""interleaver_sha256"":""2a525d270e25fca16eefab069dd82bdee5c25dbc3194110c5503a68100f6bf08"",""k"":592,""k_filler"":24,""k_ldpc"":616,""layout_id"":""4b062bf36791f14d0876230242e8c41eff2b47fd545432cfc80668376736aee2"",""modulation_padding_bits"":0,""mother_bits"":1904,""n"":840,""n_cb"":1848,""n_cb_comp"":1824,""power_protocol"":""fixed_constellation_average_Es2"",""puncturing_bits"":1040,""puncturing_first_2Z"":56,""puncturing_remaining"":984,""repetition_bits"":0,""scrambling"":""public_PCG64_SHA256_protocol_session_frame_group_counter_after_rate_matching_v1"",""shortening_bits"":24,""z"":28}",[2048]
16QAM,5/6,16QAM:r5/6,ff13b6bf391ac06f73dcb823e07711bd2af5061654c93bd14e8c862703d4bcc2,516,16,0,532,720,188,3744,1140,285,0,0.4666666666666667,0.45263157894736844,"{""actual_effective_rate"":0.4666666666666667,""bg"":""bg2"",""bit_mapping"":""component_Gray_00_-3_01_-1_10_3_11_1_over_sqrt5;QPSK_0_plus1_1_minus1"",""code_blocks"":1,""decoder_config"":{""cn_schedule"":""flooding"",""cn_update"":""boxplus-phi"",""early_stop"":false,""hard_out"":true,""harq_mode"":false,""llr_max"":20.0,""num_iter"":20,""precision"":""single"",""prune_pcm"":true,""return_infobits"":true,""vn_update"":""sum""},""implementation"":{""bit_mapping"":""component_Gray_00_-3_01_-1_10_3_11_1_over_sqrt5;QPSK_0_plus1_1_minus1"",""cuda"":""12.8"",""decoder"":{""cn_schedule"":""flooding"",""cn_update"":""boxplus-phi"",""early_stop"":false,""hard_out"":true,""harq_mode"":false,""llr_max"":20.0,""num_iter"":20,""precision"":""single"",""prune_pcm"":true,""return_infobits"":true,""vn_update"":""sum""},""decoder_source_sha256"":""44d84b92b749e2970f94d92cd348a11648e2286b4d851faa0af8b21d08f0da23"",""encoder_source_sha256"":""34d8db6660b2e84708a8fb534f63c194f6f2b964e3693fcffc9dcaf21532ccfd"",""implementation"":""Sionna_5G_LDPC"",""power_protocol"":""fixed_constellation_average_Es2"",""precision"":""float32"",""rate_matching"":""Sionna RV0; filler removal, first2Z and tail puncturing; supported n only"",""scrambling"":""public_PCG64_SHA256_protocol_session_frame_group_counter_after_rate_matching_v1"",""torch"":""2.11.0+cu128"",""version"":""2.2.0""},""interleaver_sha256"":""0e63ed5a4d46ab92fa73930a13a0bdf4e3e2a6e426ec774458fb6ff5d5db4d2e"",""k"":532,""k_filler"":188,""k_ldpc"":720,""layout_id"":""47bde023cb18425d66dd6017e3e46daa9889b852974f4a4caf1295ee324ad211"",""modulation_padding_bits"":0,""mother_bits"":3744,""n"":1140,""n_cb"":3600,""n_cb_comp"":3412,""power_protocol"":""fixed_constellation_average_Es2"",""puncturing_bits"":2416,""puncturing_first_2Z"":144,""puncturing_remaining"":2272,""repetition_bits"":0,""scrambling"":""public_PCG64_SHA256_protocol_session_frame_group_counter_after_rate_matching_v1"",""shortening_bits"":188,""z"":72}",[1024]
QPSK,3/4,QPSK:r3/4,ff2b2c646c72835edd8a100c3807a385396a78a008e24a93bd7198ff76475973,564,16,0,580,616,36,1904,774,387,0,0.7493540051679587,0.7286821705426356,"{""actual_effective_rate"":0.7493540051679587,""bg"":""bg1"",""bit_mapping"":""component_Gray_00_-3_01_-1_10_3_11_1_over_sqrt5;QPSK_0_plus1_1_minus1"",""code_blocks"":1,""decoder_config"":{""cn_schedule"":""flooding"",""cn_update"":""boxplus-phi"",""early_stop"":false,""hard_out"":true,""harq_mode"":false,""llr_max"":20.0,""num_iter"":20,""precision"":""single"",""prune_pcm"":true,""return_infobits"":true,""vn_update"":""sum""},""implementation"":{""bit_mapping"":""component_Gray_00_-3_01_-1_10_3_11_1_over_sqrt5;QPSK_0_plus1_1_minus1"",""cuda"":""12.8"",""decoder"":{""cn_schedule"":""flooding"",""cn_update"":""boxplus-phi"",""early_stop"":false,""hard_out"":true,""harq_mode"":false,""llr_max"":20.0,""num_iter"":20,""precision"":""single"",""prune_pcm"":true,""return_infobits"":true,""vn_update"":""sum""},""decoder_source_sha256"":""44d84b92b749e2970f94d92cd348a11648e2286b4d851faa0af8b21d08f0da23"",""encoder_source_sha256"":""34d8db6660b2e84708a8fb534f63c194f6f2b964e3693fcffc9dcaf21532ccfd"",""implementation"":""Sionna_5G_LDPC"",""power_protocol"":""fixed_constellation_average_Es2"",""precision"":""float32"",""rate_matching"":""Sionna RV0; filler removal, first2Z and tail puncturing; supported n only"",""scrambling"":""public_PCG64_SHA256_protocol_session_frame_group_counter_after_rate_matching_v1"",""torch"":""2.11.0+cu128"",""version"":""2.2.0""},""interleaver_sha256"":""1f71329673332f414b51f1e10442e547b37b84ff1cf9decf9d522832d67f09d9"",""k"":580,""k_filler"":36,""k_ldpc"":616,""layout_id"":""24266c7890128ef43cc353424edc1f47d4647fbf2ca884492addce88b5325891"",""modulation_padding_bits"":0,""mother_bits"":1904,""n"":774,""n_cb"":1848,""n_cb_comp"":1812,""power_protocol"":""fixed_constellation_average_Es2"",""puncturing_bits"":1094,""puncturing_first_2Z"":56,""puncturing_remaining"":1038,""repetition_bits"":0,""scrambling"":""public_PCG64_SHA256_protocol_session_frame_group_counter_after_rate_matching_v1"",""shortening_bits"":36,""z"":28}",[1024]
16QAM,3/4,16QAM:r3/4,ff354515dbef34583ef6f82d4e83640b2913231cfff751263e81c4a363e51fa3,924,16,0,940,960,20,4992,1740,435,0,0.5402298850574713,0.5310344827586206,"{""actual_effective_rate"":0.5402298850574713,""bg"":""bg2"",""bit_mapping"":""component_Gray_00_-3_01_-1_10_3_11_1_over_sqrt5;QPSK_0_plus1_1_minus1"",""code_blocks"":1,""decoder_config"":{""cn_schedule"":""flooding"",""cn_update"":""boxplus-phi"",""early_stop"":false,""hard_out"":true,""harq_mode"":false,""llr_max"":20.0,""num_iter"":20,""precision"":""single"",""prune_pcm"":true,""return_infobits"":true,""vn_update"":""sum""},""implementation"":{""bit_mapping"":""component_Gray_00_-3_01_-1_10_3_11_1_over_sqrt5;QPSK_0_plus1_1_minus1"",""cuda"":""12.8"",""decoder"":{""cn_schedule"":""flooding"",""cn_update"":""boxplus-phi"",""early_stop"":false,""hard_out"":true,""harq_mode"":false,""llr_max"":20.0,""num_iter"":20,""precision"":""single"",""prune_pcm"":true,""return_infobits"":true,""vn_update"":""sum""},""decoder_source_sha256"":""44d84b92b749e2970f94d92cd348a11648e2286b4d851faa0af8b21d08f0da23"",""encoder_source_sha256"":""34d8db6660b2e84708a8fb534f63c194f6f2b964e3693fcffc9dcaf21532ccfd"",""implementation"":""Sionna_5G_LDPC"",""power_protocol"":""fixed_constellation_average_Es2"",""precision"":""float32"",""rate_matching"":""Sionna RV0; filler removal, first2Z and tail puncturing; supported n only"",""scrambling"":""public_PCG64_SHA256_protocol_session_frame_group_counter_after_rate_matching_v1"",""torch"":""2.11.0+cu128"",""version"":""2.2.0""},""interleaver_sha256"":""6269672fdfee486def264c98c98293597e0805f28f04cd5febb9e8430e86b176"",""k"":940,""k_filler"":20,""k_ldpc"":960,""layout_id"":""b940ac133fe7d3caed6c6d2392a41a7975ed1e54e5be6959ff256f2cbb3e62a6"",""modulation_padding_bits"":0,""mother_bits"":4992,""n"":1740,""n_cb"":4800,""n_cb_comp"":4780,""power_protocol"":""fixed_constellation_average_Es2"",""puncturing_bits"":3232,""puncturing_first_2Z"":192,""puncturing_remaining"":3040,""repetition_bits"":0,""scrambling"":""public_PCG64_SHA256_protocol_session_frame_group_counter_after_rate_matching_v1"",""shortening_bits"":20,""z"":96}",[1024]
QPSK,5/6,QPSK:r5/6,ff611e72284b54603ea0b58a877b4cdf69cd4c3e74f7f6d43c21d56d3564e38c,108,16,0,124,220,96,1144,346,173,0,0.3583815028901734,0.31213872832369943,"{""actual_effective_rate"":0.3583815028901734,""bg"":""bg2"",""bit_mapping"":""component_Gray_00_-3_01_-1_10_3_11_1_over_sqrt5;QPSK_0_plus1_1_minus1"",""code_blocks"":1,""decoder_config"":{""cn_schedule"":""flooding"",""cn_update"":""boxplus-phi"",""early_stop"":false,""hard_out"":true,""harq_mode"":false,""llr_max"":20.0,""num_iter"":20,""precision"":""single"",""prune_pcm"":true,""return_infobits"":true,""vn_update"":""sum""},""implementation"":{""bit_mapping"":""component_Gray_00_-3_01_-1_10_3_11_1_over_sqrt5;QPSK_0_plus1_1_minus1"",""cuda"":""12.8"",""decoder"":{""cn_schedule"":""flooding"",""cn_update"":""boxplus-phi"",""early_stop"":false,""hard_out"":true,""harq_mode"":false,""llr_max"":20.0,""num_iter"":20,""precision"":""single"",""prune_pcm"":true,""return_infobits"":true,""vn_update"":""sum""},""decoder_source_sha256"":""44d84b92b749e2970f94d92cd348a11648e2286b4d851faa0af8b21d08f0da23"",""encoder_source_sha256"":""34d8db6660b2e84708a8fb534f63c194f6f2b964e3693fcffc9dcaf21532ccfd"",""implementation"":""Sionna_5G_LDPC"",""power_protocol"":""fixed_constellation_average_Es2"",""precision"":""float32"",""rate_matching"":""Sionna RV0; filler removal, first2Z and tail puncturing; supported n only"",""scrambling"":""public_PCG64_SHA256_protocol_session_frame_group_counter_after_rate_matching_v1"",""torch"":""2.11.0+cu128"",""version"":""2.2.0""},""interleaver_sha256"":""b17131dbf88821f22817e44632059a724af12a7fbfd280e9b25ea2d68244e476"",""k"":124,""k_filler"":96,""k_ldpc"":220,""layout_id"":""28adc767f54e9750d418eb105d9c2b097ea84ffe0e5373225502ee4947b88e46"",""modulation_padding_bits"":0,""mother_bits"":1144,""n"":346,""n_cb"":1100,""n_cb_comp"":1004,""power_protocol"":""fixed_constellation_average_Es2"",""puncturing_bits"":702,""puncturing_first_2Z"":44,""puncturing_remaining"":658,""repetition_bits"":0,""scrambling"":""public_PCG64_SHA256_protocol_session_frame_group_counter_after_rate_matching_v1"",""shortening_bits"":96,""z"":22}",[1024]
16QAM,5/6,16QAM:r5/6,ff62127f8e1d3d5a14164d486782813f3eac6fbd2a1c8b523007f8a1e95c4a45,1860,16,0,1876,1920,44,9984,3248,812,0,0.5775862068965517,0.5726600985221675,"{""actual_effective_rate"":0.5775862068965517,""bg"":""bg2"",""bit_mapping"":""component_Gray_00_-3_01_-1_10_3_11_1_over_sqrt5;QPSK_0_plus1_1_minus1"",""code_blocks"":1,""decoder_config"":{""cn_schedule"":""flooding"",""cn_update"":""boxplus-phi"",""early_stop"":false,""hard_out"":true,""harq_mode"":false,""llr_max"":20.0,""num_iter"":20,""precision"":""single"",""prune_pcm"":true,""return_infobits"":true,""vn_update"":""sum""},""implementation"":{""bit_mapping"":""component_Gray_00_-3_01_-1_10_3_11_1_over_sqrt5;QPSK_0_plus1_1_minus1"",""cuda"":""12.8"",""decoder"":{""cn_schedule"":""flooding"",""cn_update"":""boxplus-phi"",""early_stop"":false,""hard_out"":true,""harq_mode"":false,""llr_max"":20.0,""num_iter"":20,""precision"":""single"",""prune_pcm"":true,""return_infobits"":true,""vn_update"":""sum""},""decoder_source_sha256"":""44d84b92b749e2970f94d92cd348a11648e2286b4d851faa0af8b21d08f0da23"",""encoder_source_sha256"":""34d8db6660b2e84708a8fb534f63c194f6f2b964e3693fcffc9dcaf21532ccfd"",""implementation"":""Sionna_5G_LDPC"",""power_protocol"":""fixed_constellation_average_Es2"",""precision"":""float32"",""rate_matching"":""Sionna RV0; filler removal, first2Z and tail puncturing; supported n only"",""scrambling"":""public_PCG64_SHA256_protocol_session_frame_group_counter_after_rate_matching_v1"",""torch"":""2.11.0+cu128"",""version"":""2.2.0""},""interleaver_sha256"":""58a5952aead7dda796e5f3f5a06ba82d34fb596a65799bcc0b2d0ccdb86b3b4e"",""k"":1876,""k_filler"":44,""k_ldpc"":1920,""layout_id"":""335577ad8c8ab1658a763864e462ec53908104b349a009efae7b58ec77ee0f08"",""modulation_padding_bits"":0,""mother_bits"":9984,""n"":3248,""n_cb"":9600,""n_cb_comp"":9556,""power_protocol"":""fixed_constellation_average_Es2"",""puncturing_bits"":6692,""puncturing_first_2Z"":384,""puncturing_remaining"":6308,""repetition_bits"":0,""scrambling"":""public_PCG64_SHA256_protocol_session_frame_group_counter_after_rate_matching_v1"",""shortening_bits"":44,""z"":192}",[2048]
QPSK,1/3,QPSK:r1/3,ff63f710869e1d54e97a45b45e0e7a3f7427852f9e23cf1a88735b967e24b0bf,660,16,0,676,720,44,3744,2632,1316,0,0.256838905775076,0.2507598784194529,"{""actual_effective_rate"":0.256838905775076,""bg"":""bg2"",""bit_mapping"":""component_Gray_00_-3_01_-1_10_3_11_1_over_sqrt5;QPSK_0_plus1_1_minus1"",""code_blocks"":1,""decoder_config"":{""cn_schedule"":""flooding"",""cn_update"":""boxplus-phi"",""early_stop"":false,""hard_out"":true,""harq_mode"":false,""llr_max"":20.0,""num_iter"":20,""precision"":""single"",""prune_pcm"":true,""return_infobits"":true,""vn_update"":""sum""},""implementation"":{""bit_mapping"":""component_Gray_00_-3_01_-1_10_3_11_1_over_sqrt5;QPSK_0_plus1_1_minus1"",""cuda"":""12.8"",""decoder"":{""cn_schedule"":""flooding"",""cn_update"":""boxplus-phi"",""early_stop"":false,""hard_out"":true,""harq_mode"":false,""llr_max"":20.0,""num_iter"":20,""precision"":""single"",""prune_pcm"":true,""return_infobits"":true,""vn_update"":""sum""},""decoder_source_sha256"":""44d84b92b749e2970f94d92cd348a11648e2286b4d851faa0af8b21d08f0da23"",""encoder_source_sha256"":""34d8db6660b2e84708a8fb534f63c194f6f2b964e3693fcffc9dcaf21532ccfd"",""implementation"":""Sionna_5G_LDPC"",""power_protocol"":""fixed_constellation_average_Es2"",""precision"":""float32"",""rate_matching"":""Sionna RV0; filler removal, first2Z and tail puncturing; supported n only"",""scrambling"":""public_PCG64_SHA256_protocol_session_frame_group_counter_after_rate_matching_v1"",""torch"":""2.11.0+cu128"",""version"":""2.2.0""},""interleaver_sha256"":""d8b65908a9ec3367011faf98d1fa82c00f9f72349d17a51eba723f94a1288a55"",""k"":676,""k_filler"":44,""k_ldpc"":720,""layout_id"":""62ecec6f5172f63f0efb3502aa62d410e93d276015f2f10f5faa43b0dab3fe62"",""modulation_padding_bits"":0,""mother_bits"":3744,""n"":2632,""n_cb"":3600,""n_cb_comp"":3556,""power_protocol"":""fixed_constellation_average_Es2"",""puncturing_bits"":1068,""puncturing_first_2Z"":144,""puncturing_remaining"":924,""repetition_bits"":0,""scrambling"":""public_PCG64_SHA256_protocol_session_frame_group_counter_after_rate_matching_v1"",""shortening_bits"":44,""z"":72}",[2048]
16QAM,2/3,16QAM:r2/3,ff6bf3cb8f61558f3f8884209612876d5a60d14d260adac3cb76960faeacd302,432,16,0,448,560,112,2912,1036,259,0,0.43243243243243246,0.416988416988417,"{""actual_effective_rate"":0.43243243243243246,""bg"":""bg2"",""bit_mapping"":""component_Gray_00_-3_01_-1_10_3_11_1_over_sqrt5;QPSK_0_plus1_1_minus1"",""code_blocks"":1,""decoder_config"":{""cn_schedule"":""flooding"",""cn_update"":""boxplus-phi"",""early_stop"":false,""hard_out"":true,""harq_mode"":false,""llr_max"":20.0,""num_iter"":20,""precision"":""single"",""prune_pcm"":true,""return_infobits"":true,""vn_update"":""sum""},""implementation"":{""bit_mapping"":""component_Gray_00_-3_01_-1_10_3_11_1_over_sqrt5;QPSK_0_plus1_1_minus1"",""cuda"":""12.8"",""decoder"":{""cn_schedule"":""flooding"",""cn_update"":""boxplus-phi"",""early_stop"":false,""hard_out"":true,""harq_mode"":false,""llr_max"":20.0,""num_iter"":20,""precision"":""single"",""prune_pcm"":true,""return_infobits"":true,""vn_update"":""sum""},""decoder_source_sha256"":""44d84b92b749e2970f94d92cd348a11648e2286b4d851faa0af8b21d08f0da23"",""encoder_source_sha256"":""34d8db6660b2e84708a8fb534f63c194f6f2b964e3693fcffc9dcaf21532ccfd"",""implementation"":""Sionna_5G_LDPC"",""power_protocol"":""fixed_constellation_average_Es2"",""precision"":""float32"",""rate_matching"":""Sionna RV0; filler removal, first2Z and tail puncturing; supported n only"",""scrambling"":""public_PCG64_SHA256_protocol_session_frame_group_counter_after_rate_matching_v1"",""torch"":""2.11.0+cu128"",""version"":""2.2.0""},""interleaver_sha256"":""1e1f531bdf039e7e6cba3dc0f5ad6ce05d61f4eb69b0a1e4d897359745d5863f"",""k"":448,""k_filler"":112,""k_ldpc"":560,""layout_id"":""3ef0b5d4d62c6113f738ac02631117e0aca5756855eca1f8928a700c031e29b1"",""modulation_padding_bits"":0,""mother_bits"":2912,""n"":1036,""n_cb"":2800,""n_cb_comp"":2688,""power_protocol"":""fixed_constellation_average_Es2"",""puncturing_bits"":1764,""puncturing_first_2Z"":112,""puncturing_remaining"":1652,""repetition_bits"":0,""scrambling"":""public_PCG64_SHA256_protocol_session_frame_group_counter_after_rate_matching_v1"",""shortening_bits"":112,""z"":56}",[1024]
16QAM,3/4,16QAM:r3/4,ff6cd17eef0c2f343c2bb7eadb5e27676d30eafebbd7e13e4b0499a4d94ef0d8,3408,16,0,3424,3520,96,18304,5840,1460,0,0.5863013698630137,0.5835616438356165,"{""actual_effective_rate"":0.5863013698630137,""bg"":""bg2"",""bit_mapping"":""component_Gray_00_-3_01_-1_10_3_11_1_over_sqrt5;QPSK_0_plus1_1_minus1"",""code_blocks"":1,""decoder_config"":{""cn_schedule"":""flooding"",""cn_update"":""boxplus-phi"",""early_stop"":false,""hard_out"":true,""harq_mode"":false,""llr_max"":20.0,""num_iter"":20,""precision"":""single"",""prune_pcm"":true,""return_infobits"":true,""vn_update"":""sum""},""implementation"":{""bit_mapping"":""component_Gray_00_-3_01_-1_10_3_11_1_over_sqrt5;QPSK_0_plus1_1_minus1"",""cuda"":""12.8"",""decoder"":{""cn_schedule"":""flooding"",""cn_update"":""boxplus-phi"",""early_stop"":false,""hard_out"":true,""harq_mode"":false,""llr_max"":20.0,""num_iter"":20,""precision"":""single"",""prune_pcm"":true,""return_infobits"":true,""vn_update"":""sum""},""decoder_source_sha256"":""44d84b92b749e2970f94d92cd348a11648e2286b4d851faa0af8b21d08f0da23"",""encoder_source_sha256"":""34d8db6660b2e84708a8fb534f63c194f6f2b964e3693fcffc9dcaf21532ccfd"",""implementation"":""Sionna_5G_LDPC"",""power_protocol"":""fixed_constellation_average_Es2"",""precision"":""float32"",""rate_matching"":""Sionna RV0; filler removal, first2Z and tail puncturing; supported n only"",""scrambling"":""public_PCG64_SHA256_protocol_session_frame_group_counter_after_rate_matching_v1"",""torch"":""2.11.0+cu128"",""version"":""2.2.0""},""interleaver_sha256"":""e2bcd3dee0db945d67caeb4ab1abc489b7fb00596e1ff59ccb90505eefc56568"",""k"":3424,""k_filler"":96,""k_ldpc"":3520,""layout_id"":""ffbccdd55dacda55113910322f826e84ab1a365a36d7a35e39589ba46aafe95e"",""modulation_padding_bits"":0,""mother_bits"":18304,""n"":5840,""n_cb"":17600,""n_cb_comp"":17504,""power_protocol"":""fixed_constellation_average_Es2"",""puncturing_bits"":12368,""puncturing_first_2Z"":704,""puncturing_remaining"":11664,""repetition_bits"":0,""scrambling"":""public_PCG64_SHA256_protocol_session_frame_group_counter_after_rate_matching_v1"",""shortening_bits"":96,""z"":352}",[2048]
16QAM,2/3,16QAM:r2/3,ff70449952501e840806ed8915c4f8ccc22048605e3e347e7ab4d72311e53bb1,4272,16,0,4288,4576,288,14144,6432,1608,0,0.6666666666666666,0.664179104477612,"{""actual_effective_rate"":0.6666666666666666,""bg"":""bg1"",""bit_mapping"":""component_Gray_00_-3_01_-1_10_3_11_1_over_sqrt5;QPSK_0_plus1_1_minus1"",""code_blocks"":1,""decoder_config"":{""cn_schedule"":""flooding"",""cn_update"":""boxplus-phi"",""early_stop"":false,""hard_out"":true,""harq_mode"":false,""llr_max"":20.0,""num_iter"":20,""precision"":""single"",""prune_pcm"":true,""return_infobits"":true,""vn_update"":""sum""},""implementation"":{""bit_mapping"":""component_Gray_00_-3_01_-1_10_3_11_1_over_sqrt5;QPSK_0_plus1_1_minus1"",""cuda"":""12.8"",""decoder"":{""cn_schedule"":""flooding"",""cn_update"":""boxplus-phi"",""early_stop"":false,""hard_out"":true,""harq_mode"":false,""llr_max"":20.0,""num_iter"":20,""precision"":""single"",""prune_pcm"":true,""return_infobits"":true,""vn_update"":""sum""},""decoder_source_sha256"":""44d84b92b749e2970f94d92cd348a11648e2286b4d851faa0af8b21d08f0da23"",""encoder_source_sha256"":""34d8db6660b2e84708a8fb534f63c194f6f2b964e3693fcffc9dcaf21532ccfd"",""implementation"":""Sionna_5G_LDPC"",""power_protocol"":""fixed_constellation_average_Es2"",""precision"":""float32"",""rate_matching"":""Sionna RV0; filler removal, first2Z and tail puncturing; supported n only"",""scrambling"":""public_PCG64_SHA256_protocol_session_frame_group_counter_after_rate_matching_v1"",""torch"":""2.11.0+cu128"",""version"":""2.2.0""},""interleaver_sha256"":""3923ec5d087be7f43cdf16ac6d43c9681be32e15ba5f4f0d07db04289bcb3423"",""k"":4288,""k_filler"":288,""k_ldpc"":4576,""layout_id"":""ba5581e3d65f48a2adee790a3a339f9049fe02a77e7d978d5e9e864d1039f9c7"",""modulation_padding_bits"":0,""mother_bits"":14144,""n"":6432,""n_cb"":13728,""n_cb_comp"":13440,""power_protocol"":""fixed_constellation_average_Es2"",""puncturing_bits"":7424,""puncturing_first_2Z"":416,""puncturing_remaining"":7008,""repetition_bits"":0,""scrambling"":""public_PCG64_SHA256_protocol_session_frame_group_counter_after_rate_matching_v1"",""shortening_bits"":288,""z"":208}",[2048]
16QAM,2/3,16QAM:r2/3,ff7595d90653d225383195a1783a491cb2c7db231f4818304e9cc8d0f7623769,660,16,0,676,720,44,3744,1040,260,0,0.65,0.6346153846153846,"{""actual_effective_rate"":0.65,""bg"":""bg2"",""bit_mapping"":""component_Gray_00_-3_01_-1_10_3_11_1_over_sqrt5;QPSK_0_plus1_1_minus1"",""code_blocks"":1,""decoder_config"":{""cn_schedule"":""flooding"",""cn_update"":""boxplus-phi"",""early_stop"":false,""hard_out"":true,""harq_mode"":false,""llr_max"":20.0,""num_iter"":20,""precision"":""single"",""prune_pcm"":true,""return_infobits"":true,""vn_update"":""sum""},""implementation"":{""bit_mapping"":""component_Gray_00_-3_01_-1_10_3_11_1_over_sqrt5;QPSK_0_plus1_1_minus1"",""cuda"":""12.8"",""decoder"":{""cn_schedule"":""flooding"",""cn_update"":""boxplus-phi"",""early_stop"":false,""hard_out"":true,""harq_mode"":false,""llr_max"":20.0,""num_iter"":20,""precision"":""single"",""prune_pcm"":true,""return_infobits"":true,""vn_update"":""sum""},""decoder_source_sha256"":""44d84b92b749e2970f94d92cd348a11648e2286b4d851faa0af8b21d08f0da23"",""encoder_source_sha256"":""34d8db6660b2e84708a8fb534f63c194f6f2b964e3693fcffc9dcaf21532ccfd"",""implementation"":""Sionna_5G_LDPC"",""power_protocol"":""fixed_constellation_average_Es2"",""precision"":""float32"",""rate_matching"":""Sionna RV0; filler removal, first2Z and tail puncturing; supported n only"",""scrambling"":""public_PCG64_SHA256_protocol_session_frame_group_counter_after_rate_matching_v1"",""torch"":""2.11.0+cu128"",""version"":""2.2.0""},""interleaver_sha256"":""84d16d359a814b2c2212abd3669e88f3a5bf218972473b983962be85c03b0d6e"",""k"":676,""k_filler"":44,""k_ldpc"":720,""layout_id"":""2dfbb1d2af5e1a4a56b33bd7efba9fb62076e6cb1539eaf8b2a56f6561bd7e28"",""modulation_padding_bits"":0,""mother_bits"":3744,""n"":1040,""n_cb"":3600,""n_cb_comp"":3556,""power_protocol"":""fixed_constellation_average_Es2"",""puncturing_bits"":2660,""puncturing_first_2Z"":144,""puncturing_remaining"":2516,""repetition_bits"":0,""scrambling"":""public_PCG64_SHA256_protocol_session_frame_group_counter_after_rate_matching_v1"",""shortening_bits"":44,""z"":72}",[1024]
16QAM,2/3,16QAM:r2/3,ff7abd5a136a6e5201ae98a0e5f5a9158589048c9881268e735efe4272d0293f,816,16,0,832,880,48,4576,1660,415,0,0.5012048192771085,0.491566265060241,"{""actual_effective_rate"":0.5012048192771085,""bg"":""bg2"",""bit_mapping"":""component_Gray_00_-3_01_-1_10_3_11_1_over_sqrt5;QPSK_0_plus1_1_minus1"",""code_blocks"":1,""decoder_config"":{""cn_schedule"":""flooding"",""cn_update"":""boxplus-phi"",""early_stop"":false,""hard_out"":true,""harq_mode"":false,""llr_max"":20.0,""num_iter"":20,""precision"":""single"",""prune_pcm"":true,""return_infobits"":true,""vn_update"":""sum""},""implementation"":{""bit_mapping"":""component_Gray_00_-3_01_-1_10_3_11_1_over_sqrt5;QPSK_0_plus1_1_minus1"",""cuda"":""12.8"",""decoder"":{""cn_schedule"":""flooding"",""cn_update"":""boxplus-phi"",""early_stop"":false,""hard_out"":true,""harq_mode"":false,""llr_max"":20.0,""num_iter"":20,""precision"":""single"",""prune_pcm"":true,""return_infobits"":true,""vn_update"":""sum""},""decoder_source_sha256"":""44d84b92b749e2970f94d92cd348a11648e2286b4d851faa0af8b21d08f0da23"",""encoder_source_sha256"":""34d8db6660b2e84708a8fb534f63c194f6f2b964e3693fcffc9dcaf21532ccfd"",""implementation"":""Sionna_5G_LDPC"",""power_protocol"":""fixed_constellation_average_Es2"",""precision"":""float32"",""rate_matching"":""Sionna RV0; filler removal, first2Z and tail puncturing; supported n only"",""scrambling"":""public_PCG64_SHA256_protocol_session_frame_group_counter_after_rate_matching_v1"",""torch"":""2.11.0+cu128"",""version"":""2.2.0""},""interleaver_sha256"":""8ad2c862ce71cc92c06d42e2c26ff1df2b3d0f5597b41fdc24a14e95fec8e2dc"",""k"":832,""k_filler"":48,""k_ldpc"":880,""layout_id"":""257cec8e4c1110ce563fef3a6127293015e6aa25d175658cef41b5610a4ce21b"",""modulation_padding_bits"":0,""mother_bits"":4576,""n"":1660,""n_cb"":4400,""n_cb_comp"":4352,""power_protocol"":""fixed_constellation_average_Es2"",""puncturing_bits"":2868,""puncturing_first_2Z"":176,""puncturing_remaining"":2692,""repetition_bits"":0,""scrambling"":""public_PCG64_SHA256_protocol_session_frame_group_counter_after_rate_matching_v1"",""shortening_bits"":48,""z"":88}",[1024]
QPSK,5/6,QPSK:r5/6,ff911c594f21df4be627da16da956cab02ef6f00b8ea8fe61571eb4e5a605788,216,16,0,232,300,68,1560,684,342,0,0.3391812865497076,0.3157894736842105,"{""actual_effective_rate"":0.3391812865497076,""bg"":""bg2"",""bit_mapping"":""component_Gray_00_-3_01_-1_10_3_11_1_over_sqrt5;QPSK_0_plus1_1_minus1"",""code_blocks"":1,""decoder_config"":{""cn_schedule"":""flooding"",""cn_update"":""boxplus-phi"",""early_stop"":false,""hard_out"":true,""harq_mode"":false,""llr_max"":20.0,""num_iter"":20,""precision"":""single"",""prune_pcm"":true,""return_infobits"":true,""vn_update"":""sum""},""implementation"":{""bit_mapping"":""component_Gray_00_-3_01_-1_10_3_11_1_over_sqrt5;QPSK_0_plus1_1_minus1"",""cuda"":""12.8"",""decoder"":{""cn_schedule"":""flooding"",""cn_update"":""boxplus-phi"",""early_stop"":false,""hard_out"":true,""harq_mode"":false,""llr_max"":20.0,""num_iter"":20,""precision"":""single"",""prune_pcm"":true,""return_infobits"":true,""vn_update"":""sum""},""decoder_source_sha256"":""44d84b92b749e2970f94d92cd348a11648e2286b4d851faa0af8b21d08f0da23"",""encoder_source_sha256"":""34d8db6660b2e84708a8fb534f63c194f6f2b964e3693fcffc9dcaf21532ccfd"",""implementation"":""Sionna_5G_LDPC"",""power_protocol"":""fixed_constellation_average_Es2"",""precision"":""float32"",""rate_matching"":""Sionna RV0; filler removal, first2Z and tail puncturing; supported n only"",""scrambling"":""public_PCG64_SHA256_protocol_session_frame_group_counter_after_rate_matching_v1"",""torch"":""2.11.0+cu128"",""version"":""2.2.0""},""interleaver_sha256"":""dacc0a49c4981255c57c3ab5b44a69e5f122f07ed3b01f86b231c9e20314e712"",""k"":232,""k_filler"":68,""k_ldpc"":300,""layout_id"":""1e42c7280d7d36c73ae9aa201dca211de6da1e6cdf93792560421cd41489c431"",""modulation_padding_bits"":0,""mother_bits"":1560,""n"":684,""n_cb"":1500,""n_cb_comp"":1432,""power_protocol"":""fixed_constellation_average_Es2"",""puncturing_bits"":808,""puncturing_first_2Z"":60,""puncturing_remaining"":748,""repetition_bits"":0,""scrambling"":""public_PCG64_SHA256_protocol_session_frame_group_counter_after_rate_matching_v1"",""shortening_bits"":68,""z"":30}",[1024]
16QAM,5/6,16QAM:r5/6,ff91af58a771e069b9eaf0c769bcbb85948462bc59a2d546c7df9ba98a800ea2,768,16,0,784,800,16,4160,3284,821,0,0.2387332521315469,0.23386114494518878,"{""actual_effective_rate"":0.2387332521315469,""bg"":""bg2"",""bit_mapping"":""component_Gray_00_-3_01_-1_10_3_11_1_over_sqrt5;QPSK_0_plus1_1_minus1"",""code_blocks"":1,""decoder_config"":{""cn_schedule"":""flooding"",""cn_update"":""boxplus-phi"",""early_stop"":false,""hard_out"":true,""harq_mode"":false,""llr_max"":20.0,""num_iter"":20,""precision"":""single"",""prune_pcm"":true,""return_infobits"":true,""vn_update"":""sum""},""implementation"":{""bit_mapping"":""component_Gray_00_-3_01_-1_10_3_11_1_over_sqrt5;QPSK_0_plus1_1_minus1"",""cuda"":""12.8"",""decoder"":{""cn_schedule"":""flooding"",""cn_update"":""boxplus-phi"",""early_stop"":false,""hard_out"":true,""harq_mode"":false,""llr_max"":20.0,""num_iter"":20,""precision"":""single"",""prune_pcm"":true,""return_infobits"":true,""vn_update"":""sum""},""decoder_source_sha256"":""44d84b92b749e2970f94d92cd348a11648e2286b4d851faa0af8b21d08f0da23"",""encoder_source_sha256"":""34d8db6660b2e84708a8fb534f63c194f6f2b964e3693fcffc9dcaf21532ccfd"",""implementation"":""Sionna_5G_LDPC"",""power_protocol"":""fixed_constellation_average_Es2"",""precision"":""float32"",""rate_matching"":""Sionna RV0; filler removal, first2Z and tail puncturing; supported n only"",""scrambling"":""public_PCG64_SHA256_protocol_session_frame_group_counter_after_rate_matching_v1"",""torch"":""2.11.0+cu128"",""version"":""2.2.0""},""interleaver_sha256"":""0a9abb3898c5db97cb0d20c07266685dce8651330d2979e50a5810ad2db05c38"",""k"":784,""k_filler"":16,""k_ldpc"":800,""layout_id"":""9ab647723a2472baaf0190f983c6c4d410cc91245d6fd6b2a23fa2308519e6ad"",""modulation_padding_bits"":0,""mother_bits"":4160,""n"":3284,""n_cb"":4000,""n_cb_comp"":3984,""power_protocol"":""fixed_constellation_average_Es2"",""puncturing_bits"":860,""puncturing_first_2Z"":160,""puncturing_remaining"":700,""repetition_bits"":0,""scrambling"":""public_PCG64_SHA256_protocol_session_frame_group_counter_after_rate_matching_v1"",""shortening_bits"":16,""z"":80}",[2048]
QPSK,5/6,QPSK:r5/6,ff930aee60533410d260410f2ac5816aed76492a8ad8d455bdb7469b5d22f199,1008,16,0,1024,1040,16,5408,2284,1142,0,0.44833625218914186,0.4413309982486865,"{""actual_effective_rate"":0.44833625218914186,""bg"":""bg2"",""bit_mapping"":""component_Gray_00_-3_01_-1_10_3_11_1_over_sqrt5;QPSK_0_plus1_1_minus1"",""code_blocks"":1,""decoder_config"":{""cn_schedule"":""flooding"",""cn_update"":""boxplus-phi"",""early_stop"":false,""hard_out"":true,""harq_mode"":false,""llr_max"":20.0,""num_iter"":20,""precision"":""single"",""prune_pcm"":true,""return_infobits"":true,""vn_update"":""sum""},""implementation"":{""bit_mapping"":""component_Gray_00_-3_01_-1_10_3_11_1_over_sqrt5;QPSK_0_plus1_1_minus1"",""cuda"":""12.8"",""decoder"":{""cn_schedule"":""flooding"",""cn_update"":""boxplus-phi"",""early_stop"":false,""hard_out"":true,""harq_mode"":false,""llr_max"":20.0,""num_iter"":20,""precision"":""single"",""prune_pcm"":true,""return_infobits"":true,""vn_update"":""sum""},""decoder_source_sha256"":""44d84b92b749e2970f94d92cd348a11648e2286b4d851faa0af8b21d08f0da23"",""encoder_source_sha256"":""34d8db6660b2e84708a8fb534f63c194f6f2b964e3693fcffc9dcaf21532ccfd"",""implementation"":""Sionna_5G_LDPC"",""power_protocol"":""fixed_constellation_average_Es2"",""precision"":""float32"",""rate_matching"":""Sionna RV0; filler removal, first2Z and tail puncturing; supported n only"",""scrambling"":""public_PCG64_SHA256_protocol_session_frame_group_counter_after_rate_matching_v1"",""torch"":""2.11.0+cu128"",""version"":""2.2.0""},""interleaver_sha256"":""68a55328c4c1f54be1ea2e19eb8f316737ce762856968fc839481c60875aac9f"",""k"":1024,""k_filler"":16,""k_ldpc"":1040,""layout_id"":""c2f61f21b542e7ed6c38a7143a70703f781351d5deb59a47c6c6b8bcf67f312a"",""modulation_padding_bits"":0,""mother_bits"":5408,""n"":2284,""n_cb"":5200,""n_cb_comp"":5184,""power_protocol"":""fixed_constellation_average_Es2"",""puncturing_bits"":3108,""puncturing_first_2Z"":208,""puncturing_remaining"":2900,""repetition_bits"":0,""scrambling"":""public_PCG64_SHA256_protocol_session_frame_group_counter_after_rate_matching_v1"",""shortening_bits"":16,""z"":104}",[2048]
16QAM,1/3,16QAM:r1/3,ffa306f24e0bd5ad9109f02134afa222eee64b47b0dad2911ede7b12ce24ccb6,516,16,0,532,720,188,3744,2240,560,0,0.2375,0.23035714285714284,"{""actual_effective_rate"":0.2375,""bg"":""bg2"",""bit_mapping"":""component_Gray_00_-3_01_-1_10_3_11_1_over_sqrt5;QPSK_0_plus1_1_minus1"",""code_blocks"":1,""decoder_config"":{""cn_schedule"":""flooding"",""cn_update"":""boxplus-phi"",""early_stop"":false,""hard_out"":true,""harq_mode"":false,""llr_max"":20.0,""num_iter"":20,""precision"":""single"",""prune_pcm"":true,""return_infobits"":true,""vn_update"":""sum""},""implementation"":{""bit_mapping"":""component_Gray_00_-3_01_-1_10_3_11_1_over_sqrt5;QPSK_0_plus1_1_minus1"",""cuda"":""12.8"",""decoder"":{""cn_schedule"":""flooding"",""cn_update"":""boxplus-phi"",""early_stop"":false,""hard_out"":true,""harq_mode"":false,""llr_max"":20.0,""num_iter"":20,""precision"":""single"",""prune_pcm"":true,""return_infobits"":true,""vn_update"":""sum""},""decoder_source_sha256"":""44d84b92b749e2970f94d92cd348a11648e2286b4d851faa0af8b21d08f0da23"",""encoder_source_sha256"":""34d8db6660b2e84708a8fb534f63c194f6f2b964e3693fcffc9dcaf21532ccfd"",""implementation"":""Sionna_5G_LDPC"",""power_protocol"":""fixed_constellation_average_Es2"",""precision"":""float32"",""rate_matching"":""Sionna RV0; filler removal, first2Z and tail puncturing; supported n only"",""scrambling"":""public_PCG64_SHA256_protocol_session_frame_group_counter_after_rate_matching_v1"",""torch"":""2.11.0+cu128"",""version"":""2.2.0""},""interleaver_sha256"":""6c1ed821aae5a9929c94f223362f1a8a31576d412b94ce7e5e7abdf416243fc1"",""k"":532,""k_filler"":188,""k_ldpc"":720,""layout_id"":""fddec9f233cc3a8a4ef5c1febf4c6b0d19a23120f6fe0fc0663588eae8ca34d9"",""modulation_padding_bits"":0,""mother_bits"":3744,""n"":2240,""n_cb"":3600,""n_cb_comp"":3412,""power_protocol"":""fixed_constellation_average_Es2"",""puncturing_bits"":1316,""puncturing_first_2Z"":144,""puncturing_remaining"":1172,""repetition_bits"":0,""scrambling"":""public_PCG64_SHA256_protocol_session_frame_group_counter_after_rate_matching_v1"",""shortening_bits"":188,""z"":72}",[1024]
16QAM,2/3,16QAM:r2/3,ffa6728cbf23a2bb99fe05c7abc8ee64f67a201a5b99057b4fdda56410fcb5be,2100,16,0,2116,2240,124,11648,5844,1461,0,0.3620807665982204,0.3593429158110883,"{""actual_effective_rate"":0.3620807665982204,""bg"":""bg2"",""bit_mapping"":""component_Gray_00_-3_01_-1_10_3_11_1_over_sqrt5;QPSK_0_plus1_1_minus1"",""code_blocks"":1,""decoder_config"":{""cn_schedule"":""flooding"",""cn_update"":""boxplus-phi"",""early_stop"":false,""hard_out"":true,""harq_mode"":false,""llr_max"":20.0,""num_iter"":20,""precision"":""single"",""prune_pcm"":true,""return_infobits"":true,""vn_update"":""sum""},""implementation"":{""bit_mapping"":""component_Gray_00_-3_01_-1_10_3_11_1_over_sqrt5;QPSK_0_plus1_1_minus1"",""cuda"":""12.8"",""decoder"":{""cn_schedule"":""flooding"",""cn_update"":""boxplus-phi"",""early_stop"":false,""hard_out"":true,""harq_mode"":false,""llr_max"":20.0,""num_iter"":20,""precision"":""single"",""prune_pcm"":true,""return_infobits"":true,""vn_update"":""sum""},""decoder_source_sha256"":""44d84b92b749e2970f94d92cd348a11648e2286b4d851faa0af8b21d08f0da23"",""encoder_source_sha256"":""34d8db6660b2e84708a8fb534f63c194f6f2b964e3693fcffc9dcaf21532ccfd"",""implementation"":""Sionna_5G_LDPC"",""power_protocol"":""fixed_constellation_average_Es2"",""precision"":""float32"",""rate_matching"":""Sionna RV0; filler removal, first2Z and tail puncturing; supported n only"",""scrambling"":""public_PCG64_SHA256_protocol_session_frame_group_counter_after_rate_matching_v1"",""torch"":""2.11.0+cu128"",""version"":""2.2.0""},""interleaver_sha256"":""9c194bee188ecc0482da7a8ee960e727b79ca0f809a817a7a148c776d8a6d3b7"",""k"":2116,""k_filler"":124,""k_ldpc"":2240,""layout_id"":""8365721afc27d8af335161e70e9ec9dfd9b43f1d5d383bfc02e271f282087796"",""modulation_padding_bits"":0,""mother_bits"":11648,""n"":5844,""n_cb"":11200,""n_cb_comp"":11076,""power_protocol"":""fixed_constellation_average_Es2"",""puncturing_bits"":5680,""puncturing_first_2Z"":448,""puncturing_remaining"":5232,""repetition_bits"":0,""scrambling"":""public_PCG64_SHA256_protocol_session_frame_group_counter_after_rate_matching_v1"",""shortening_bits"":124,""z"":224}",[2048]
QPSK,3/4,QPSK:r3/4,ffa8ed1ac1ed5651e08aa35b858c09aeaf69626d866ef84da5a71b9d46d571a9,2100,16,0,2116,2240,124,11648,3300,1650,0,0.6412121212121212,0.6363636363636364,"{""actual_effective_rate"":0.6412121212121212,""bg"":""bg2"",""bit_mapping"":""component_Gray_00_-3_01_-1_10_3_11_1_over_sqrt5;QPSK_0_plus1_1_minus1"",""code_blocks"":1,""decoder_config"":{""cn_schedule"":""flooding"",""cn_update"":""boxplus-phi"",""early_stop"":false,""hard_out"":true,""harq_mode"":false,""llr_max"":20.0,""num_iter"":20,""precision"":""single"",""prune_pcm"":true,""return_infobits"":true,""vn_update"":""sum""},""implementation"":{""bit_mapping"":""component_Gray_00_-3_01_-1_10_3_11_1_over_sqrt5;QPSK_0_plus1_1_minus1"",""cuda"":""12.8"",""decoder"":{""cn_schedule"":""flooding"",""cn_update"":""boxplus-phi"",""early_stop"":false,""hard_out"":true,""harq_mode"":false,""llr_max"":20.0,""num_iter"":20,""precision"":""single"",""prune_pcm"":true,""return_infobits"":true,""vn_update"":""sum""},""decoder_source_sha256"":""44d84b92b749e2970f94d92cd348a11648e2286b4d851faa0af8b21d08f0da23"",""encoder_source_sha256"":""34d8db6660b2e84708a8fb534f63c194f6f2b964e3693fcffc9dcaf21532ccfd"",""implementation"":""Sionna_5G_LDPC"",""power_protocol"":""fixed_constellation_average_Es2"",""precision"":""float32"",""rate_matching"":""Sionna RV0; filler removal, first2Z and tail puncturing; supported n only"",""scrambling"":""public_PCG64_SHA256_protocol_session_frame_group_counter_after_rate_matching_v1"",""torch"":""2.11.0+cu128"",""version"":""2.2.0""},""interleaver_sha256"":""ef15e8783d705858836fe41f9c396442495a30cca8e2a15f34cc217a15ea27dc"",""k"":2116,""k_filler"":124,""k_ldpc"":2240,""layout_id"":""73cf585c4be43e13950f0b713199812e41e3553289b4d37e6d07ae151162aa7c"",""modulation_padding_bits"":0,""mother_bits"":11648,""n"":3300,""n_cb"":11200,""n_cb_comp"":11076,""power_protocol"":""fixed_constellation_average_Es2"",""puncturing_bits"":8224,""puncturing_first_2Z"":448,""puncturing_remaining"":7776,""repetition_bits"":0,""scrambling"":""public_PCG64_SHA256_protocol_session_frame_group_counter_after_rate_matching_v1"",""shortening_bits"":124,""z"":224}",[2048]
16QAM,5/6,16QAM:r5/6,ffacf971fcfd4a43bad8227050c916f36e2a3a83ab734fd00d715f28f4672886,660,16,0,676,720,44,3744,1432,358,0,0.4720670391061452,0.46089385474860334,"{""actual_effective_rate"":0.4720670391061452,""bg"":""bg2"",""bit_mapping"":""component_Gray_00_-3_01_-1_10_3_11_1_over_sqrt5;QPSK_0_plus1_1_minus1"",""code_blocks"":1,""decoder_config"":{""cn_schedule"":""flooding"",""cn_update"":""boxplus-phi"",""early_stop"":false,""hard_out"":true,""harq_mode"":false,""llr_max"":20.0,""num_iter"":20,""precision"":""single"",""prune_pcm"":true,""return_infobits"":true,""vn_update"":""sum""},""implementation"":{""bit_mapping"":""component_Gray_00_-3_01_-1_10_3_11_1_over_sqrt5;QPSK_0_plus1_1_minus1"",""cuda"":""12.8"",""decoder"":{""cn_schedule"":""flooding"",""cn_update"":""boxplus-phi"",""early_stop"":false,""hard_out"":true,""harq_mode"":false,""llr_max"":20.0,""num_iter"":20,""precision"":""single"",""prune_pcm"":true,""return_infobits"":true,""vn_update"":""sum""},""decoder_source_sha256"":""44d84b92b749e2970f94d92cd348a11648e2286b4d851faa0af8b21d08f0da23"",""encoder_source_sha256"":""34d8db6660b2e84708a8fb534f63c194f6f2b964e3693fcffc9dcaf21532ccfd"",""implementation"":""Sionna_5G_LDPC"",""power_protocol"":""fixed_constellation_average_Es2"",""precision"":""float32"",""rate_matching"":""Sionna RV0; filler removal, first2Z and tail puncturing; supported n only"",""scrambling"":""public_PCG64_SHA256_protocol_session_frame_group_counter_after_rate_matching_v1"",""torch"":""2.11.0+cu128"",""version"":""2.2.0""},""interleaver_sha256"":""e237c0ed5d4761d7ed87707af18f989b913c2c04dadc7e8be715e53e3f1e08b4"",""k"":676,""k_filler"":44,""k_ldpc"":720,""layout_id"":""73f1c9dba6218432efd19e8a9ea325ee76f1574fd5c00544567abde631cbe9af"",""modulation_padding_bits"":0,""mother_bits"":3744,""n"":1432,""n_cb"":3600,""n_cb_comp"":3556,""power_protocol"":""fixed_constellation_average_Es2"",""puncturing_bits"":2268,""puncturing_first_2Z"":144,""puncturing_remaining"":2124,""repetition_bits"":0,""scrambling"":""public_PCG64_SHA256_protocol_session_frame_group_counter_after_rate_matching_v1"",""shortening_bits"":44,""z"":72}","[1024,2048]"
16QAM,2/3,16QAM:r2/3,ffb8461ffc96c07360fd8b3c2fb80b2769ca63323e96b6979c165b6b2e0263da,3708,16,0,3724,3840,116,19968,5588,1397,0,0.6664280601288475,0.6635647816750179,"{""actual_effective_rate"":0.6664280601288475,""bg"":""bg2"",""bit_mapping"":""component_Gray_00_-3_01_-1_10_3_11_1_over_sqrt5;QPSK_0_plus1_1_minus1"",""code_blocks"":1,""decoder_config"":{""cn_schedule"":""flooding"",""cn_update"":""boxplus-phi"",""early_stop"":false,""hard_out"":true,""harq_mode"":false,""llr_max"":20.0,""num_iter"":20,""precision"":""single"",""prune_pcm"":true,""return_infobits"":true,""vn_update"":""sum""},""implementation"":{""bit_mapping"":""component_Gray_00_-3_01_-1_10_3_11_1_over_sqrt5;QPSK_0_plus1_1_minus1"",""cuda"":""12.8"",""decoder"":{""cn_schedule"":""flooding"",""cn_update"":""boxplus-phi"",""early_stop"":false,""hard_out"":true,""harq_mode"":false,""llr_max"":20.0,""num_iter"":20,""precision"":""single"",""prune_pcm"":true,""return_infobits"":true,""vn_update"":""sum""},""decoder_source_sha256"":""44d84b92b749e2970f94d92cd348a11648e2286b4d851faa0af8b21d08f0da23"",""encoder_source_sha256"":""34d8db6660b2e84708a8fb534f63c194f6f2b964e3693fcffc9dcaf21532ccfd"",""implementation"":""Sionna_5G_LDPC"",""power_protocol"":""fixed_constellation_average_Es2"",""precision"":""float32"",""rate_matching"":""Sionna RV0; filler removal, first2Z and tail puncturing; supported n only"",""scrambling"":""public_PCG64_SHA256_protocol_session_frame_group_counter_after_rate_matching_v1"",""torch"":""2.11.0+cu128"",""version"":""2.2.0""},""interleaver_sha256"":""b6763ff6c3fdd747c50a807f1de5b23dad0e1d9439b754f286c96e64497ab998"",""k"":3724,""k_filler"":116,""k_ldpc"":3840,""layout_id"":""a61a82ba3cd25b161a60a7b457c0ab5e15ac6820d11b6522c6cff3daa9bc9a5c"",""modulation_padding_bits"":0,""mother_bits"":19968,""n"":5588,""n_cb"":19200,""n_cb_comp"":19084,""power_protocol"":""fixed_constellation_average_Es2"",""puncturing_bits"":14264,""puncturing_first_2Z"":768,""puncturing_remaining"":13496,""repetition_bits"":0,""scrambling"":""public_PCG64_SHA256_protocol_session_frame_group_counter_after_rate_matching_v1"",""shortening_bits"":116,""z"":384}",[2048]
16QAM,5/6,16QAM:r5/6,ffc03a49cd17d3773417a579431d7f76abb2b78d1ac40d7f120129ee635ea13b,360,16,0,376,480,104,2496,1200,300,0,0.31333333333333335,0.3,"{""actual_effective_rate"":0.31333333333333335,""bg"":""bg2"",""bit_mapping"":""component_Gray_00_-3_01_-1_10_3_11_1_over_sqrt5;QPSK_0_plus1_1_minus1"",""code_blocks"":1,""decoder_config"":{""cn_schedule"":""flooding"",""cn_update"":""boxplus-phi"",""early_stop"":false,""hard_out"":true,""harq_mode"":false,""llr_max"":20.0,""num_iter"":20,""precision"":""single"",""prune_pcm"":true,""return_infobits"":true,""vn_update"":""sum""},""implementation"":{""bit_mapping"":""component_Gray_00_-3_01_-1_10_3_11_1_over_sqrt5;QPSK_0_plus1_1_minus1"",""cuda"":""12.8"",""decoder"":{""cn_schedule"":""flooding"",""cn_update"":""boxplus-phi"",""early_stop"":false,""hard_out"":true,""harq_mode"":false,""llr_max"":20.0,""num_iter"":20,""precision"":""single"",""prune_pcm"":true,""return_infobits"":true,""vn_update"":""sum""},""decoder_source_sha256"":""44d84b92b749e2970f94d92cd348a11648e2286b4d851faa0af8b21d08f0da23"",""encoder_source_sha256"":""34d8db6660b2e84708a8fb534f63c194f6f2b964e3693fcffc9dcaf21532ccfd"",""implementation"":""Sionna_5G_LDPC"",""power_protocol"":""fixed_constellation_average_Es2"",""precision"":""float32"",""rate_matching"":""Sionna RV0; filler removal, first2Z and tail puncturing; supported n only"",""scrambling"":""public_PCG64_SHA256_protocol_session_frame_group_counter_after_rate_matching_v1"",""torch"":""2.11.0+cu128"",""version"":""2.2.0""},""interleaver_sha256"":""5a6a378eee1c0c5c8dd360b967c5f49828e8f5052a1440d490c204db9a284905"",""k"":376,""k_filler"":104,""k_ldpc"":480,""layout_id"":""41ebe73374160f3a0b9aeb047963133b9efffbc6107b6d0e1282fe6cc89caf3e"",""modulation_padding_bits"":0,""mother_bits"":2496,""n"":1200,""n_cb"":2400,""n_cb_comp"":2296,""power_protocol"":""fixed_constellation_average_Es2"",""puncturing_bits"":1192,""puncturing_first_2Z"":96,""puncturing_remaining"":1096,""repetition_bits"":0,""scrambling"":""public_PCG64_SHA256_protocol_session_frame_group_counter_after_rate_matching_v1"",""shortening_bits"":104,""z"":48}",[2048]
QPSK,1/2,QPSK:r1/2,ffc393c907422761743da297b9eaba0acfcdacf7de072b29747c0cc7635a4151,360,16,0,376,480,104,2496,986,493,0,0.3813387423935091,0.36511156186612576,"{""actual_effective_rate"":0.3813387423935091,""bg"":""bg2"",""bit_mapping"":""component_Gray_00_-3_01_-1_10_3_11_1_over_sqrt5;QPSK_0_plus1_1_minus1"",""code_blocks"":1,""decoder_config"":{""cn_schedule"":""flooding"",""cn_update"":""boxplus-phi"",""early_stop"":false,""hard_out"":true,""harq_mode"":false,""llr_max"":20.0,""num_iter"":20,""precision"":""single"",""prune_pcm"":true,""return_infobits"":true,""vn_update"":""sum""},""implementation"":{""bit_mapping"":""component_Gray_00_-3_01_-1_10_3_11_1_over_sqrt5;QPSK_0_plus1_1_minus1"",""cuda"":""12.8"",""decoder"":{""cn_schedule"":""flooding"",""cn_update"":""boxplus-phi"",""early_stop"":false,""hard_out"":true,""harq_mode"":false,""llr_max"":20.0,""num_iter"":20,""precision"":""single"",""prune_pcm"":true,""return_infobits"":true,""vn_update"":""sum""},""decoder_source_sha256"":""44d84b92b749e2970f94d92cd348a11648e2286b4d851faa0af8b21d08f0da23"",""encoder_source_sha256"":""34d8db6660b2e84708a8fb534f63c194f6f2b964e3693fcffc9dcaf21532ccfd"",""implementation"":""Sionna_5G_LDPC"",""power_protocol"":""fixed_constellation_average_Es2"",""precision"":""float32"",""rate_matching"":""Sionna RV0; filler removal, first2Z and tail puncturing; supported n only"",""scrambling"":""public_PCG64_SHA256_protocol_session_frame_group_counter_after_rate_matching_v1"",""torch"":""2.11.0+cu128"",""version"":""2.2.0""},""interleaver_sha256"":""a2fbfb1b3a18804161d541ba22cbc6ebbb07819b32cad886f5794ffb29066a23"",""k"":376,""k_filler"":104,""k_ldpc"":480,""layout_id"":""0e65d134687bf974548b24d2ed849cceebfd83eab254fc43d1ec80cf108ac534"",""modulation_padding_bits"":0,""mother_bits"":2496,""n"":986,""n_cb"":2400,""n_cb_comp"":2296,""power_protocol"":""fixed_constellation_average_Es2"",""puncturing_bits"":1406,""puncturing_first_2Z"":96,""puncturing_remaining"":1310,""repetition_bits"":0,""scrambling"":""public_PCG64_SHA256_protocol_session_frame_group_counter_after_rate_matching_v1"",""shortening_bits"":104,""z"":48}",[2048]
16QAM,2/3,16QAM:r2/3,ffde3b17f6670bdcc1f69b792cca60a563c565a359c86afc66fca4d4e9df2dc0,3708,16,0,3724,3840,116,19968,7324,1831,0,0.5084653194975424,0.5062807209175314,"{""actual_effective_rate"":0.5084653194975424,""bg"":""bg2"",""bit_mapping"":""component_Gray_00_-3_01_-1_10_3_11_1_over_sqrt5;QPSK_0_plus1_1_minus1"",""code_blocks"":1,""decoder_config"":{""cn_schedule"":""flooding"",""cn_update"":""boxplus-phi"",""early_stop"":false,""hard_out"":true,""harq_mode"":false,""llr_max"":20.0,""num_iter"":20,""precision"":""single"",""prune_pcm"":true,""return_infobits"":true,""vn_update"":""sum""},""implementation"":{""bit_mapping"":""component_Gray_00_-3_01_-1_10_3_11_1_over_sqrt5;QPSK_0_plus1_1_minus1"",""cuda"":""12.8"",""decoder"":{""cn_schedule"":""flooding"",""cn_update"":""boxplus-phi"",""early_stop"":false,""hard_out"":true,""harq_mode"":false,""llr_max"":20.0,""num_iter"":20,""precision"":""single"",""prune_pcm"":true,""return_infobits"":true,""vn_update"":""sum""},""decoder_source_sha256"":""44d84b92b749e2970f94d92cd348a11648e2286b4d851faa0af8b21d08f0da23"",""encoder_source_sha256"":""34d8db6660b2e84708a8fb534f63c194f6f2b964e3693fcffc9dcaf21532ccfd"",""implementation"":""Sionna_5G_LDPC"",""power_protocol"":""fixed_constellation_average_Es2"",""precision"":""float32"",""rate_matching"":""Sionna RV0; filler removal, first2Z and tail puncturing; supported n only"",""scrambling"":""public_PCG64_SHA256_protocol_session_frame_group_counter_after_rate_matching_v1"",""torch"":""2.11.0+cu128"",""version"":""2.2.0""},""interleaver_sha256"":""6eabbfecc71ccaf888c5176c511278d62ad107089d6998f689be938196e2fb27"",""k"":3724,""k_filler"":116,""k_ldpc"":3840,""layout_id"":""32f438ef0d47d4ce71758d9ffcacb914c9787b6fc3de71de1462d2787d13f0f6"",""modulation_padding_bits"":0,""mother_bits"":19968,""n"":7324,""n_cb"":19200,""n_cb_comp"":19084,""power_protocol"":""fixed_constellation_average_Es2"",""puncturing_bits"":12528,""puncturing_first_2Z"":768,""puncturing_remaining"":11760,""repetition_bits"":0,""scrambling"":""public_PCG64_SHA256_protocol_session_frame_group_counter_after_rate_matching_v1"",""shortening_bits"":116,""z"":384}",[2048]
16QAM,1/2,16QAM:r1/2,ffe0bb07a6495b69424f8196bb0eb79ed2f8a6c076c0802abd945ea44ddd4bc2,3684,16,0,3700,3840,140,19968,7400,1850,0,0.5,0.49783783783783786,"{""actual_effective_rate"":0.5,""bg"":""bg2"",""bit_mapping"":""component_Gray_00_-3_01_-1_10_3_11_1_over_sqrt5;QPSK_0_plus1_1_minus1"",""code_blocks"":1,""decoder_config"":{""cn_schedule"":""flooding"",""cn_update"":""boxplus-phi"",""early_stop"":false,""hard_out"":true,""harq_mode"":false,""llr_max"":20.0,""num_iter"":20,""precision"":""single"",""prune_pcm"":true,""return_infobits"":true,""vn_update"":""sum""},""implementation"":{""bit_mapping"":""component_Gray_00_-3_01_-1_10_3_11_1_over_sqrt5;QPSK_0_plus1_1_minus1"",""cuda"":""12.8"",""decoder"":{""cn_schedule"":""flooding"",""cn_update"":""boxplus-phi"",""early_stop"":false,""hard_out"":true,""harq_mode"":false,""llr_max"":20.0,""num_iter"":20,""precision"":""single"",""prune_pcm"":true,""return_infobits"":true,""vn_update"":""sum""},""decoder_source_sha256"":""44d84b92b749e2970f94d92cd348a11648e2286b4d851faa0af8b21d08f0da23"",""encoder_source_sha256"":""34d8db6660b2e84708a8fb534f63c194f6f2b964e3693fcffc9dcaf21532ccfd"",""implementation"":""Sionna_5G_LDPC"",""power_protocol"":""fixed_constellation_average_Es2"",""precision"":""float32"",""rate_matching"":""Sionna RV0; filler removal, first2Z and tail puncturing; supported n only"",""scrambling"":""public_PCG64_SHA256_protocol_session_frame_group_counter_after_rate_matching_v1"",""torch"":""2.11.0+cu128"",""version"":""2.2.0""},""interleaver_sha256"":""748a3f2d70b054293c47553cb6671862732c152bc5035c1058277bf869c1c7fb"",""k"":3700,""k_filler"":140,""k_ldpc"":3840,""layout_id"":""71c5f9ab3e868fd6bca7c37c0af93b5583f854f978c7eeb5823320521f3b4450"",""modulation_padding_bits"":0,""mother_bits"":19968,""n"":7400,""n_cb"":19200,""n_cb_comp"":19060,""power_protocol"":""fixed_constellation_average_Es2"",""puncturing_bits"":12428,""puncturing_first_2Z"":768,""puncturing_remaining"":11660,""repetition_bits"":0,""scrambling"":""public_PCG64_SHA256_protocol_session_frame_group_counter_after_rate_matching_v1"",""shortening_bits"":140,""z"":384}",[2048]
16QAM,1/2,16QAM:r1/2,ffe19b8d9f4671a9cf3fb1d95a8206c1f27dee04b1fbaf7fd60b263740762522,2904,16,0,2920,3200,280,16640,6744,1686,0,0.43297746144721233,0.4306049822064057,"{""actual_effective_rate"":0.43297746144721233,""bg"":""bg2"",""bit_mapping"":""component_Gray_00_-3_01_-1_10_3_11_1_over_sqrt5;QPSK_0_plus1_1_minus1"",""code_blocks"":1,""decoder_config"":{""cn_schedule"":""flooding"",""cn_update"":""boxplus-phi"",""early_stop"":false,""hard_out"":true,""harq_mode"":false,""llr_max"":20.0,""num_iter"":20,""precision"":""single"",""prune_pcm"":true,""return_infobits"":true,""vn_update"":""sum""},""implementation"":{""bit_mapping"":""component_Gray_00_-3_01_-1_10_3_11_1_over_sqrt5;QPSK_0_plus1_1_minus1"",""cuda"":""12.8"",""decoder"":{""cn_schedule"":""flooding"",""cn_update"":""boxplus-phi"",""early_stop"":false,""hard_out"":true,""harq_mode"":false,""llr_max"":20.0,""num_iter"":20,""precision"":""single"",""prune_pcm"":true,""return_infobits"":true,""vn_update"":""sum""},""decoder_source_sha256"":""44d84b92b749e2970f94d92cd348a11648e2286b4d851faa0af8b21d08f0da23"",""encoder_source_sha256"":""34d8db6660b2e84708a8fb534f63c194f6f2b964e3693fcffc9dcaf21532ccfd"",""implementation"":""Sionna_5G_LDPC"",""power_protocol"":""fixed_constellation_average_Es2"",""precision"":""float32"",""rate_matching"":""Sionna RV0; filler removal, first2Z and tail puncturing; supported n only"",""scrambling"":""public_PCG64_SHA256_protocol_session_frame_group_counter_after_rate_matching_v1"",""torch"":""2.11.0+cu128"",""version"":""2.2.0""},""interleaver_sha256"":""fb43c06c2b563c7d04b574921c20e11cfe60451cd6bcd39d3c1d2144a502f2fc"",""k"":2920,""k_filler"":280,""k_ldpc"":3200,""layout_id"":""e1d1eb7a91e75ec45bc159700839764a0fceef266b87cad96ba64faf8f8a9927"",""modulation_padding_bits"":0,""mother_bits"":16640,""n"":6744,""n_cb"":16000,""n_cb_comp"":15720,""power_protocol"":""fixed_constellation_average_Es2"",""puncturing_bits"":9616,""puncturing_first_2Z"":640,""puncturing_remaining"":8976,""repetition_bits"":0,""scrambling"":""public_PCG64_SHA256_protocol_session_frame_group_counter_after_rate_matching_v1"",""shortening_bits"":280,""z"":320}",[2048]
16QAM,1/3,16QAM:r1/3,ffe43c4404ce6545fdf754fd76ac000d59f5dbac81436f06df32af8cb6f64fa2,1860,16,0,1876,1920,44,9984,7124,1781,0,0.26333520494104434,0.2610892756878158,"{""actual_effective_rate"":0.26333520494104434,""bg"":""bg2"",""bit_mapping"":""component_Gray_00_-3_01_-1_10_3_11_1_over_sqrt5;QPSK_0_plus1_1_minus1"",""code_blocks"":1,""decoder_config"":{""cn_schedule"":""flooding"",""cn_update"":""boxplus-phi"",""early_stop"":false,""hard_out"":true,""harq_mode"":false,""llr_max"":20.0,""num_iter"":20,""precision"":""single"",""prune_pcm"":true,""return_infobits"":true,""vn_update"":""sum""},""implementation"":{""bit_mapping"":""component_Gray_00_-3_01_-1_10_3_11_1_over_sqrt5;QPSK_0_plus1_1_minus1"",""cuda"":""12.8"",""decoder"":{""cn_schedule"":""flooding"",""cn_update"":""boxplus-phi"",""early_stop"":false,""hard_out"":true,""harq_mode"":false,""llr_max"":20.0,""num_iter"":20,""precision"":""single"",""prune_pcm"":true,""return_infobits"":true,""vn_update"":""sum""},""decoder_source_sha256"":""44d84b92b749e2970f94d92cd348a11648e2286b4d851faa0af8b21d08f0da23"",""encoder_source_sha256"":""34d8db6660b2e84708a8fb534f63c194f6f2b964e3693fcffc9dcaf21532ccfd"",""implementation"":""Sionna_5G_LDPC"",""power_protocol"":""fixed_constellation_average_Es2"",""precision"":""float32"",""rate_matching"":""Sionna RV0; filler removal, first2Z and tail puncturing; supported n only"",""scrambling"":""public_PCG64_SHA256_protocol_session_frame_group_counter_after_rate_matching_v1"",""torch"":""2.11.0+cu128"",""version"":""2.2.0""},""interleaver_sha256"":""1f7d365834422101e41c0d1d63ab76b5543ed7ca0989e95dce59cb6aaf07b5c2"",""k"":1876,""k_filler"":44,""k_ldpc"":1920,""layout_id"":""2f96951bf7ff8e9c57c361a16975b0736ef85909b3d1537b6aedcb7738dd952e"",""modulation_padding_bits"":0,""mother_bits"":9984,""n"":7124,""n_cb"":9600,""n_cb_comp"":9556,""power_protocol"":""fixed_constellation_average_Es2"",""puncturing_bits"":2816,""puncturing_first_2Z"":384,""puncturing_remaining"":2432,""repetition_bits"":0,""scrambling"":""public_PCG64_SHA256_protocol_session_frame_group_counter_after_rate_matching_v1"",""shortening_bits"":44,""z"":192}",[2048]
QPSK,5/6,QPSK:r5/6,ffe6f27d09013189c347730cfbc07fa9dbe08b632acb865f4dc76f43212bd7ca,1860,16,0,1876,1936,60,5984,2294,1147,0,0.8177855274629469,0.8108108108108109,"{""actual_effective_rate"":0.8177855274629469,""bg"":""bg1"",""bit_mapping"":""component_Gray_00_-3_01_-1_10_3_11_1_over_sqrt5;QPSK_0_plus1_1_minus1"",""code_blocks"":1,""decoder_config"":{""cn_schedule"":""flooding"",""cn_update"":""boxplus-phi"",""early_stop"":false,""hard_out"":true,""harq_mode"":false,""llr_max"":20.0,""num_iter"":20,""precision"":""single"",""prune_pcm"":true,""return_infobits"":true,""vn_update"":""sum""},""implementation"":{""bit_mapping"":""component_Gray_00_-3_01_-1_10_3_11_1_over_sqrt5;QPSK_0_plus1_1_minus1"",""cuda"":""12.8"",""decoder"":{""cn_schedule"":""flooding"",""cn_update"":""boxplus-phi"",""early_stop"":false,""hard_out"":true,""harq_mode"":false,""llr_max"":20.0,""num_iter"":20,""precision"":""single"",""prune_pcm"":true,""return_infobits"":true,""vn_update"":""sum""},""decoder_source_sha256"":""44d84b92b749e2970f94d92cd348a11648e2286b4d851faa0af8b21d08f0da23"",""encoder_source_sha256"":""34d8db6660b2e84708a8fb534f63c194f6f2b964e3693fcffc9dcaf21532ccfd"",""implementation"":""Sionna_5G_LDPC"",""power_protocol"":""fixed_constellation_average_Es2"",""precision"":""float32"",""rate_matching"":""Sionna RV0; filler removal, first2Z and tail puncturing; supported n only"",""scrambling"":""public_PCG64_SHA256_protocol_session_frame_group_counter_after_rate_matching_v1"",""torch"":""2.11.0+cu128"",""version"":""2.2.0""},""interleaver_sha256"":""9abf0784e87ce43ffeb6922766cdc68adc375996128e184dd34309d578bb9560"",""k"":1876,""k_filler"":60,""k_ldpc"":1936,""layout_id"":""44ab771b2971f869de8b1b0923661a2321ee5f00c51a5a40e2216fa83d6b611b"",""modulation_padding_bits"":0,""mother_bits"":5984,""n"":2294,""n_cb"":5808,""n_cb_comp"":5748,""power_protocol"":""fixed_constellation_average_Es2"",""puncturing_bits"":3630,""puncturing_first_2Z"":176,""puncturing_remaining"":3454,""repetition_bits"":0,""scrambling"":""public_PCG64_SHA256_protocol_session_frame_group_counter_after_rate_matching_v1"",""shortening_bits"":60,""z"":88}",[2048]
QPSK,5/6,QPSK:r5/6,fffc912f5b2fe181ff7b4f5b04f91fc0419baa189c6e84d6f98c89ac3d9c4dab,2400,16,0,2416,2464,48,7616,3210,1605,0,0.7526479750778816,0.7476635514018691,"{""actual_effective_rate"":0.7526479750778816,""bg"":""bg1"",""bit_mapping"":""component_Gray_00_-3_01_-1_10_3_11_1_over_sqrt5;QPSK_0_plus1_1_minus1"",""code_blocks"":1,""decoder_config"":{""cn_schedule"":""flooding"",""cn_update"":""boxplus-phi"",""early_stop"":false,""hard_out"":true,""harq_mode"":false,""llr_max"":20.0,""num_iter"":20,""precision"":""single"",""prune_pcm"":true,""return_infobits"":true,""vn_update"":""sum""},""implementation"":{""bit_mapping"":""component_Gray_00_-3_01_-1_10_3_11_1_over_sqrt5;QPSK_0_plus1_1_minus1"",""cuda"":""12.8"",""decoder"":{""cn_schedule"":""flooding"",""cn_update"":""boxplus-phi"",""early_stop"":false,""hard_out"":true,""harq_mode"":false,""llr_max"":20.0,""num_iter"":20,""precision"":""single"",""prune_pcm"":true,""return_infobits"":true,""vn_update"":""sum""},""decoder_source_sha256"":""44d84b92b749e2970f94d92cd348a11648e2286b4d851faa0af8b21d08f0da23"",""encoder_source_sha256"":""34d8db6660b2e84708a8fb534f63c194f6f2b964e3693fcffc9dcaf21532ccfd"",""implementation"":""Sionna_5G_LDPC"",""power_protocol"":""fixed_constellation_average_Es2"",""precision"":""float32"",""rate_matching"":""Sionna RV0; filler removal, first2Z and tail puncturing; supported n only"",""scrambling"":""public_PCG64_SHA256_protocol_session_frame_group_counter_after_rate_matching_v1"",""torch"":""2.11.0+cu128"",""version"":""2.2.0""},""interleaver_sha256"":""f7cbeebbc543830436d2291435eef7dc574c3f6e8d1744ad7414dc5922a6bce1"",""k"":2416,""k_filler"":48,""k_ldpc"":2464,""layout_id"":""75f77d5ed57346ad77b47e3884b2c3792bd11c40bc42dee14aecbf3fad6be117"",""modulation_padding_bits"":0,""mother_bits"":7616,""n"":3210,""n_cb"":7392,""n_cb_comp"":7344,""power_protocol"":""fixed_constellation_average_Es2"",""puncturing_bits"":4358,""puncturing_first_2Z"":224,""puncturing_remaining"":4134,""repetition_bits"":0,""scrambling"":""public_PCG64_SHA256_protocol_session_frame_group_counter_after_rate_matching_v1"",""shortening_bits"":48,""z"":112}",[2048]
